LocalTime,LastPrice,TradeVolume,TradeValue,BidPrice1,BidPrice2,BidPrice3,BidPrice4,BidPrice5,BidPrice6,BidPrice7,BidPrice8,BidPrice9,BidPriceA,AskPrice1,AskPrice2,AskPrice3,AskPrice4,AskPrice5,AskPrice6,AskPrice7,AskPrice8,AskPrice9,AskPriceA,BidVolume1,BidVolume2,BidVolume3,BidVolume4,BidVolume5,BidVolume6,BidVolume7,BidVolume8,BidVolume9,BidVolumeA,AskVolume1,AskVolume2,AskVolume3,AskVolume4,AskVolume5,AskVolume6,AskVolume7,AskVolume8,AskVolume9,AskVolumeA
0.0,13.17,41700,549189.0,13.15,13.14,13.12,13.11,13.1,13.06,13.05,13.03,13.02,13.01,13.17,13.19,13.2,13.21,13.22,13.23,13.24,13.3,13.33,13.34,400,500,48200,4700,1100,1400,500,1000,300,26100,20900,500,2700,1300,10800,900,2200,10000,1000,7500
1.0,13.17,65200,858684.0,13.17,13.15,13.14,13.12,13.11,13.1,13.08,13.06,13.05,13.03,13.19,13.2,13.21,13.22,13.23,13.24,13.3,13.33,13.34,13.35,400,400,500,48400,4700,1100,200,1400,500,1000,500,3200,1300,10700,900,2200,10000,1000,8800,1000
2.0,13.2,74700,983927.0,13.2,13.14,13.13,13.12,13.11,13.1,13.08,13.06,13.05,13.03,13.21,13.22,13.23,13.24,13.3,13.33,13.34,13.35,13.36,13.37,100,500,800,49000,5000,1100,200,1400,1500,1000,1300,10700,900,2200,10000,1000,8800,1000,1000,1500
3.0,13.17,76400,1006331.0,13.16,13.14,13.13,13.12,13.11,13.1,13.08,13.06,13.05,13.03,13.17,13.21,13.22,13.23,13.24,13.28,13.3,13.33,13.34,13.35,1600,500,9200,49000,5500,2500,200,1400,1500,1000,1900,1300,10300,900,2200,5600,10500,1000,8800,1000
4.0,13.16,80500,1060292.0,13.14,13.13,13.12,13.11,13.1,13.08,13.06,13.05,13.03,13.02,13.17,13.2,13.21,13.22,13.23,13.24,13.28,13.29,13.3,13.33,4700,10300,49400,5500,3100,200,1400,1500,1000,4000,1400,300,1300,10300,900,2200,6100,800,13700,1000
5.0,13.15,82000,1080007.0,13.14,13.13,13.12,13.11,13.1,13.08,13.06,13.05,13.03,13.02,13.15,13.17,13.2,13.21,13.22,13.23,13.24,13.25,13.28,13.29,3700,10600,49400,5500,3600,200,1400,2500,1000,5000,1500,1400,300,1300,10300,900,2200,10000,6100,800
6.0,13.16,90300,1189164.0,13.15,13.14,13.13,13.12,13.11,13.1,13.08,13.06,13.05,13.03,13.16,13.17,13.2,13.21,13.22,13.23,13.24,13.25,13.28,13.29,1900,4200,10600,49400,5500,4200,500,1400,3100,1000,5000,1400,300,1300,10300,900,2200,10000,6100,1800
7.0,13.14,111100,1462595.0,13.13,13.12,13.11,13.1,13.08,13.06,13.05,13.03,13.02,13.01,13.14,13.15,13.17,13.2,13.21,13.22,13.23,13.24,13.25,13.28,6700,49400,6500,5100,500,1400,3100,1000,12600,48200,900,3100,100,300,1300,10300,900,2200,10500,6100
8.0,13.2,116000,1527043.0,13.2,13.17,13.13,13.12,13.11,13.1,13.08,13.06,13.05,13.03,13.21,13.22,13.23,13.24,13.25,13.28,13.29,13.3,13.33,13.34,1800,200,7700,49400,6600,10100,500,1400,3100,1000,1300,10300,900,2200,11500,6100,1800,14900,1000,8800
9.0,13.17,119500,1573202.0,13.13,13.12,13.11,13.1,13.08,13.06,13.05,13.03,13.02,13.01,13.17,13.18,13.21,13.22,13.23,13.24,13.25,13.28,13.29,13.3,7700,51500,6600,10100,500,1400,3100,1000,12600,49800,1400,700,1300,10300,1200,2200,11500,6100,1800,14900
10.0,13.17,120700,1589004.0,13.13,13.12,13.11,13.1,13.08,13.06,13.05,13.03,13.02,13.01,13.14,13.17,13.18,13.21,13.22,13.23,13.24,13.25,13.28,13.29,7700,51500,6600,10100,500,1400,3100,1000,12600,49800,100,300,700,1300,10300,1200,2200,11500,6100,1800
11.0,13.15,123100,1620584.0,13.14,13.13,13.12,13.11,13.1,13.08,13.06,13.05,13.03,13.02,13.15,13.16,13.17,13.18,13.21,13.22,13.23,13.24,13.25,13.28,2800,7700,51500,6600,10100,500,1400,3100,1000,12600,4300,400,1900,700,1300,10300,1200,2800,11500,6100
12.0,13.15,124000,1632419.0,13.14,13.13,13.12,13.11,13.1,13.09,13.08,13.06,13.05,13.03,13.15,13.16,13.17,13.18,13.21,13.22,13.23,13.24,13.25,13.28,2800,9300,51500,6600,10100,200,500,1400,3100,1000,3400,400,1900,700,1300,10300,1200,2800,11500,6100
13.0,13.13,131300,1728362.0,13.14,13.13,13.12,13.11,13.1,13.09,13.08,13.06,13.05,13.03,13.15,13.16,13.17,13.18,13.21,13.22,13.23,13.24,13.25,13.28,5300,8100,49400,6600,10100,200,500,1400,3100,1000,100,400,2100,700,1300,10300,1200,2800,11500,6100
14.0,13.13,131300,1728362.0,13.14,13.13,13.12,13.11,13.1,13.09,13.08,13.06,13.05,13.03,13.15,13.16,13.17,13.18,13.21,13.22,13.23,13.24,13.25,13.28,5300,8100,49400,6600,10100,200,500,1400,3100,1000,100,400,2100,700,1300,10300,1200,2800,11500,6100
15.0,13.22,150300,1979365.0,13.15,13.14,13.13,13.12,13.11,13.1,13.09,13.08,13.06,13.05,13.22,13.23,13.24,13.25,13.28,13.29,13.3,13.31,13.33,13.34,300,5300,8100,49400,6600,10100,200,500,1400,3100,1100,1200,2800,11500,6100,1800,15000,500,1000,8800
16.0,13.15,151600,1996459.0,13.15,13.14,13.13,13.12,13.11,13.1,13.09,13.08,13.06,13.05,13.23,13.24,13.25,13.28,13.29,13.3,13.31,13.33,13.34,13.35,200,4800,8100,49400,6600,10100,200,500,1400,3100,1200,2800,11500,6100,1800,15000,500,1000,8800,12200
17.0,13.16,152700,2010927.0,13.16,13.15,13.14,13.13,13.12,13.11,13.1,13.09,13.08,13.06,13.23,13.24,13.25,13.28,13.29,13.3,13.31,13.33,13.34,13.35,300,4000,4800,6500,49400,6600,10100,200,500,1400,1200,2800,11500,6100,1800,15000,500,1000,8800,12200
18.0,13.16,152700,2010927.0,13.16,13.15,13.14,13.13,13.12,13.11,13.1,13.09,13.08,13.06,13.23,13.24,13.25,13.28,13.29,13.3,13.31,13.33,13.34,13.35,300,5800,4800,6500,49400,6600,10100,200,500,1400,1200,2800,11500,6100,1800,15000,500,1000,8800,12200
19.0,13.16,152700,2010927.0,13.18,13.17,13.16,13.15,13.14,13.13,13.12,13.11,13.1,13.09,13.23,13.24,13.25,13.28,13.29,13.3,13.31,13.33,13.34,13.35,1000,200,300,6700,4800,6500,49400,6600,10100,200,1200,2800,11500,6100,1800,15000,500,1000,8800,12200
20.0,13.16,152700,2010927.0,13.18,13.17,13.16,13.15,13.14,13.13,13.12,13.11,13.1,13.09,13.23,13.24,13.25,13.28,13.29,13.3,13.31,13.33,13.34,13.35,1000,2300,300,4600,4800,7000,49400,6600,10100,200,1200,2800,11500,6100,6800,15000,500,1000,8800,12200
21.0,13.16,152700,2010927.0,13.18,13.17,13.16,13.15,13.14,13.13,13.12,13.11,13.1,13.09,13.23,13.24,13.25,13.28,13.29,13.3,13.31,13.33,13.34,13.35,1000,2300,300,4600,4800,7000,49400,6600,10100,200,1200,2800,11500,6100,6800,15000,500,1000,8800,12200
22.0,13.16,152700,2010927.0,13.18,13.17,13.16,13.15,13.14,13.13,13.12,13.11,13.1,13.09,13.23,13.24,13.25,13.28,13.29,13.3,13.31,13.33,13.34,13.35,1000,2300,300,4600,4800,7000,49400,6600,10100,200,1200,2800,11500,6100,6800,15000,500,1000,8800,12200
23.0,13.16,152700,2010927.0,13.19,13.18,13.17,13.16,13.15,13.14,13.13,13.12,13.11,13.1,13.23,13.24,13.25,13.28,13.29,13.3,13.31,13.33,13.34,13.35,2100,1000,200,300,4600,4800,11400,49400,6600,10100,1200,2800,11500,6100,6800,15000,500,9000,8800,12200
24.0,13.2,152900,2013567.0,13.2,13.19,13.18,13.17,13.16,13.15,13.14,13.13,13.12,13.11,13.23,13.24,13.25,13.28,13.29,13.3,13.31,13.33,13.34,13.35,800,2100,3100,200,300,4600,4800,11400,49400,6600,1200,2800,11500,6100,6800,15000,500,9000,8800,12200
25.0,13.2,152900,2013567.0,13.2,13.19,13.18,13.17,13.16,13.15,13.14,13.13,13.12,13.11,13.23,13.24,13.25,13.28,13.29,13.3,13.31,13.33,13.34,13.35,800,2100,3100,200,300,4600,4800,11400,49400,6600,1200,2800,11500,6100,6800,15000,500,9000,8800,12200
26.0,13.21,154100,2029419.0,13.21,13.2,13.18,13.17,13.16,13.15,13.14,13.13,13.12,13.11,13.23,13.24,13.25,13.28,13.29,13.3,13.31,13.33,13.34,13.35,900,800,3100,200,500,4600,4800,11400,49400,6600,1200,2800,11500,6100,6800,15000,500,9000,8800,12200
27.0,13.25,159400,2099592.0,13.22,13.21,13.2,13.18,13.17,13.16,13.15,13.14,13.13,13.12,13.24,13.25,13.28,13.29,13.3,13.31,13.33,13.34,13.35,13.36,1000,900,800,3100,200,500,4600,4800,11400,49400,2700,10200,6100,6800,15000,500,9000,8800,12200,1000
28.0,13.25,159400,2099592.0,13.22,13.21,13.2,13.18,13.17,13.16,13.15,13.14,13.13,13.12,13.24,13.25,13.28,13.29,13.3,13.31,13.33,13.34,13.35,13.36,1000,900,800,3100,200,500,4600,4800,11400,49400,2700,10200,6100,6800,15000,500,9000,8800,12200,1000
29.0,13.25,159400,2099592.0,13.23,13.22,13.2,13.18,13.17,13.16,13.15,13.14,13.13,13.12,13.25,13.28,13.29,13.3,13.31,13.33,13.34,13.35,13.36,13.37,900,2600,800,3100,200,500,2200,4800,11400,49400,10200,6100,6800,15000,500,9000,8800,12200,1000,1500
30.0,13.25,159400,2099592.0,13.23,13.22,13.2,13.18,13.17,13.16,13.15,13.14,13.13,13.12,13.25,13.28,13.29,13.3,13.31,13.33,13.34,13.35,13.36,13.37,10700,2600,800,3100,200,4100,2200,4800,11400,49400,10200,6100,6800,15000,500,9000,8800,12200,1000,1500
31.0,13.25,159400,2099592.0,13.24,13.23,13.22,13.2,13.18,13.17,13.16,13.15,13.14,13.13,13.25,13.28,13.29,13.3,13.31,13.33,13.34,13.35,13.36,13.37,900,10700,2600,800,3100,200,4100,2200,4800,11400,10200,6100,6800,15000,500,9000,8800,12200,1000,1500
32.0,13.25,160300,2111517.0,13.24,13.23,13.22,13.2,13.18,13.17,13.16,13.15,13.14,13.13,13.25,13.28,13.29,13.3,13.31,13.33,13.34,13.35,13.36,13.37,2400,9800,2600,800,3100,200,4100,2700,4800,11400,9300,6100,6800,15000,500,9000,8800,12200,1000,1500
33.0,13.24,161500,2127414.0,13.24,13.23,13.22,13.2,13.18,13.17,13.16,13.15,13.14,13.13,13.25,13.28,13.29,13.3,13.31,13.33,13.34,13.35,13.36,13.37,2100,9800,2600,800,3100,200,4100,2700,4800,11400,8400,6100,6800,15000,500,9000,8800,12200,1000,1500
34.0,13.25,170300,2244010.0,13.25,13.24,13.23,13.22,13.2,13.18,13.17,13.16,13.15,13.14,13.28,13.29,13.3,13.31,13.33,13.34,13.35,13.36,13.37,13.38,2700,11900,9800,2600,800,3100,200,4100,2700,4800,6100,6800,15000,500,9000,8800,12200,1000,1500,28700
35.0,13.25,170300,2244010.0,13.25,13.24,13.23,13.22,13.2,13.18,13.17,13.16,13.15,13.14,13.28,13.29,13.3,13.31,13.33,13.34,13.35,13.36,13.37,13.38,4300,11900,9800,1000,800,3100,200,4100,2700,4800,6100,6800,15000,500,9000,8800,12200,1000,1500,28700
36.0,13.25,177900,2344728.0,13.25,13.24,13.23,13.22,13.2,13.18,13.17,13.16,13.15,13.14,13.28,13.29,13.3,13.31,13.33,13.34,13.35,13.36,13.37,13.38,700,11900,9800,1000,800,3100,200,4100,2700,4800,5500,6800,15000,500,9000,8800,12200,1000,1500,28700
37.0,13.25,177900,2344728.0,13.25,13.24,13.23,13.22,13.2,13.18,13.17,13.16,13.15,13.14,13.27,13.28,13.29,13.3,13.31,13.33,13.34,13.35,13.36,13.37,700,11900,9800,1000,800,1000,200,4100,2700,4800,2700,5500,6800,15000,500,9000,8800,12200,1000,1500
38.0,13.25,177900,2344728.0,13.25,13.24,13.23,13.22,13.2,13.18,13.17,13.16,13.15,13.14,13.27,13.28,13.29,13.3,13.31,13.33,13.34,13.35,13.36,13.37,2700,11900,9800,1000,800,1000,200,4100,2700,4800,2700,5800,6800,15000,500,9000,8800,12200,1000,1500
39.0,13.27,178100,2347382.0,13.25,13.24,13.23,13.22,13.2,13.18,13.17,13.16,13.15,13.14,13.28,13.29,13.3,13.31,13.33,13.34,13.35,13.36,13.37,13.38,3900,11900,9800,1000,800,1000,200,3900,2500,4800,5800,6800,15000,500,9000,8800,12200,1000,1500,28700
40.0,13.25,178400,2351357.0,13.25,13.24,13.22,13.2,13.18,13.17,13.16,13.15,13.14,13.13,13.28,13.29,13.3,13.31,13.33,13.34,13.35,13.36,13.37,13.38,3700,11900,1000,800,1000,200,3900,2500,4800,7000,5800,6800,14900,500,9000,8800,12200,1000,1500,28700
41.0,13.25,178400,2351357.0,13.25,13.24,13.22,13.2,13.18,13.17,13.16,13.15,13.14,13.13,13.28,13.29,13.3,13.31,13.33,13.34,13.35,13.36,13.37,13.38,3700,11900,1000,800,1000,200,3900,2500,4800,7000,5800,6800,14900,500,9000,8800,12200,1000,1500,28700
42.0,13.25,179200,2361972.0,13.25,13.24,13.22,13.2,13.18,13.17,13.16,13.15,13.14,13.13,13.28,13.29,13.3,13.31,13.33,13.34,13.35,13.36,13.37,13.38,3400,11900,1000,800,1000,200,3900,2500,4800,7000,5300,6800,14900,500,9000,8800,12200,1000,1500,28700
43.0,13.28,180200,2375252.0,13.25,13.24,13.22,13.2,13.18,13.17,13.16,13.15,13.14,13.13,13.28,13.29,13.3,13.31,13.33,13.34,13.35,13.36,13.37,13.38,1400,11900,1000,800,1000,300,3900,2500,4800,7000,4300,6800,14900,500,9000,8800,12200,1000,1500,28700
44.0,13.28,180200,2375252.0,13.26,13.25,13.24,13.22,13.2,13.18,13.17,13.16,13.15,13.14,13.28,13.29,13.3,13.31,13.33,13.34,13.35,13.36,13.37,13.38,1000,1400,11900,1000,800,1000,300,3900,2500,4800,5300,6800,14900,500,9000,8800,12200,1000,1500,28700
45.0,13.28,180900,2384544.0,13.26,13.25,13.24,13.22,13.2,13.18,13.17,13.16,13.15,13.14,13.28,13.29,13.3,13.31,13.33,13.34,13.35,13.36,13.37,13.38,800,1600,1200,1000,800,1000,300,3900,2500,4800,4800,6800,14900,500,9000,8800,12200,1000,1500,28700
46.0,13.28,180900,2384544.0,13.26,13.25,13.24,13.22,13.2,13.18,13.17,13.16,13.15,13.14,13.28,13.29,13.3,13.31,13.33,13.34,13.35,13.36,13.37,13.38,800,1600,1200,1000,800,1000,300,3900,2500,4800,4800,6800,14900,500,9000,8800,12200,1000,1500,28700
47.0,13.28,184100,2427040.0,13.27,13.26,13.25,13.24,13.22,13.2,13.18,13.17,13.16,13.15,13.28,13.29,13.3,13.31,13.33,13.34,13.35,13.36,13.37,13.38,1000,500,2400,1200,1000,800,1000,300,3900,2500,1600,6800,14900,500,9000,8800,12200,1000,1500,28700
48.0,13.25,186400,2457549.0,13.25,13.24,13.22,13.2,13.18,13.17,13.16,13.15,13.14,13.13,13.28,13.29,13.3,13.31,13.33,13.34,13.35,13.36,13.37,13.38,1900,1200,1000,800,1000,300,3900,2500,4800,7000,3300,7900,14900,500,9000,8800,12200,1000,1500,28700
49.0,13.25,190600,2513226.0,13.24,13.22,13.2,13.18,13.17,13.16,13.15,13.14,13.13,13.12,13.25,13.28,13.29,13.3,13.31,13.33,13.34,13.35,13.36,13.37,1200,1000,800,1000,300,3900,2500,4800,7200,49400,500,3000,7900,14900,500,9000,8800,12200,1000,1500
50.0,13.28,192300,2535787.0,13.26,13.24,13.22,13.2,13.18,13.17,13.16,13.15,13.14,13.13,13.27,13.28,13.29,13.3,13.31,13.33,13.34,13.35,13.36,13.37,3000,1200,1000,800,1000,300,3900,2500,4800,7200,1600,1800,7900,14900,500,9000,8800,12200,1000,1500
51.0,13.28,195400,2576939.0,13.26,13.24,13.22,13.2,13.18,13.17,13.16,13.15,13.14,13.13,13.28,13.29,13.3,13.31,13.33,13.34,13.35,13.36,13.37,13.38,3000,1200,1000,800,1000,300,3900,2500,4800,7200,300,7900,14900,500,9000,8800,12200,1000,1500,28700
52.0,13.27,195900,2583574.0,13.26,13.24,13.22,13.2,13.18,13.17,13.16,13.15,13.14,13.13,13.27,13.28,13.29,13.3,13.31,13.33,13.34,13.35,13.36,13.37,3000,1200,1000,800,1000,300,3900,2500,4800,7200,100,1000,7900,14900,500,9000,8800,12200,1000,1500
53.0,13.28,197200,2600837.0,13.28,13.26,13.24,13.22,13.2,13.18,13.17,13.16,13.15,13.14,13.29,13.3,13.31,13.33,13.34,13.35,13.36,13.37,13.38,13.39,2300,3000,1200,1000,800,1000,300,3900,2500,4800,7900,14900,500,9000,8800,12200,1000,1500,28700,2400
54.0,13.29,198200,2614127.0,13.28,13.26,13.24,13.22,13.2,13.18,13.17,13.16,13.15,13.14,13.29,13.3,13.31,13.33,13.34,13.35,13.36,13.37,13.38,13.39,3300,3000,1200,1000,800,1000,300,3900,2500,4800,6900,14900,500,9000,8800,13200,1000,1500,28700,2400
55.0,13.28,198700,2620767.0,13.28,13.26,13.24,13.22,13.2,13.18,13.17,13.16,13.15,13.14,13.29,13.3,13.31,13.33,13.34,13.35,13.36,13.37,13.38,13.39,2800,4200,1200,1000,800,1000,300,3900,2500,4800,6900,14900,500,9000,8800,13200,1000,1500,28700,2400
56.0,13.29,200000,2638044.0,13.28,13.26,13.24,13.22,13.2,13.18,13.17,13.16,13.15,13.14,13.29,13.3,13.31,13.33,13.34,13.35,13.36,13.37,13.38,13.39,22300,4200,1200,1000,800,1000,300,3900,2500,4800,5600,14900,500,9000,8800,13200,1000,1500,28700,2400
57.0,13.29,200500,2644689.0,13.28,13.26,13.24,13.22,13.2,13.18,13.17,13.16,13.15,13.14,13.29,13.3,13.31,13.33,13.34,13.35,13.36,13.37,13.38,13.39,22300,4200,1200,1000,800,1000,300,3900,2500,4800,5100,14900,500,9000,8800,13200,1000,1500,28700,2400
58.0,13.29,201000,2651334.0,13.28,13.26,13.24,13.22,13.2,13.18,13.17,13.16,13.15,13.14,13.29,13.3,13.31,13.33,13.34,13.35,13.36,13.37,13.38,13.39,22300,4200,1200,1000,800,1000,300,3900,2500,4800,4600,14900,500,9000,8800,13200,1000,1500,28700,2400
59.0,13.31,220600,2911967.0,13.29,13.28,13.27,13.26,13.24,13.22,13.2,13.18,13.17,13.16,13.31,13.33,13.34,13.35,13.36,13.37,13.38,13.39,13.4,13.44,6100,25500,13800,4200,1200,1000,800,1000,300,3900,400,9000,8800,13200,1000,1500,28700,2400,4900,2400
60.0,13.31,220600,2911967.0,13.29,13.28,13.27,13.26,13.24,13.22,13.2,13.18,13.17,13.16,13.31,13.33,13.34,13.35,13.36,13.37,13.38,13.39,13.4,13.44,8100,25500,13800,4200,1200,1000,800,1000,300,3900,400,9000,8800,13200,1000,1500,28700,2400,4900,2400
61.0,13.3,221300,2921281.0,13.3,13.29,13.28,13.27,13.26,13.24,13.22,13.2,13.18,13.17,13.33,13.34,13.35,13.36,13.37,13.38,13.39,13.4,13.44,13.45,3300,8900,25500,14300,4200,1200,1000,800,1000,300,9000,8800,13200,1000,1500,28700,2400,4900,2400,4000
62.0,13.33,224600,2965261.0,13.31,13.3,13.29,13.28,13.27,13.26,13.24,13.22,13.2,13.18,13.33,13.34,13.35,13.36,13.37,13.38,13.39,13.4,13.44,13.45,800,3000,8900,25500,14300,1200,1200,1000,800,1000,6000,8800,13200,1000,2300,28700,2400,4900,2400,4000
63.0,13.31,227800,3007907.0,13.31,13.3,13.29,13.28,13.27,13.26,13.24,13.22,13.2,13.18,13.33,13.34,13.35,13.36,13.37,13.38,13.39,13.4,13.44,13.45,1400,3000,14200,25500,14600,1200,1200,1000,800,1000,3300,8800,13200,1000,2300,28700,2400,4900,2400,4000
64.0,13.31,227800,3007907.0,13.31,13.3,13.29,13.28,13.27,13.26,13.24,13.22,13.2,13.18,13.33,13.34,13.35,13.36,13.37,13.38,13.39,13.4,13.44,13.45,1400,3000,14200,25500,14600,1200,1200,1000,800,1000,3300,8800,12200,1000,2300,28700,2400,4900,2400,4000
65.0,13.33,228100,3011902.0,13.31,13.3,13.29,13.28,13.27,13.26,13.24,13.22,13.2,13.18,13.33,13.34,13.35,13.36,13.37,13.38,13.39,13.4,13.44,13.45,1200,3000,14200,25500,15400,1200,1200,1000,800,1000,3200,8800,12200,1000,2300,28700,2400,4900,2400,4000
66.0,13.33,228800,3021233.0,13.31,13.3,13.29,13.28,13.27,13.26,13.24,13.22,13.2,13.18,13.33,13.34,13.35,13.36,13.37,13.38,13.39,13.4,13.44,13.45,1200,3000,14200,25500,15400,1200,1200,1000,800,1000,2500,7500,12200,1000,2300,28700,2400,4900,2400,4000
67.0,13.33,231400,3055889.0,13.33,13.31,13.3,13.29,13.28,13.27,13.26,13.24,13.22,13.2,13.34,13.35,13.36,13.37,13.38,13.39,13.4,13.44,13.45,13.47,500,1100,3000,14900,25500,15400,1200,1200,1000,800,7500,12200,1000,2300,28700,2400,4900,2400,4000,3100
68.0,13.34,231800,3061225.0,13.33,13.32,13.31,13.3,13.29,13.28,13.27,13.26,13.24,13.22,13.34,13.35,13.36,13.37,13.38,13.39,13.4,13.44,13.45,13.47,1500,1800,1100,3000,15300,25500,15400,1200,1200,1000,7100,12200,1000,2300,28700,2400,4900,2400,14000,3100
69.0,13.34,238100,3145234.0,13.32,13.31,13.3,13.29,13.28,13.27,13.26,13.24,13.22,13.2,13.34,13.35,13.36,13.37,13.38,13.39,13.4,13.44,13.45,13.47,6200,1100,3000,15300,23800,15400,1200,1200,1000,800,3200,12200,1000,2300,28700,2400,4900,2400,14000,3100
70.0,13.34,239600,3165231.0,13.33,13.32,13.31,13.3,13.29,13.28,13.27,13.26,13.24,13.22,13.34,13.35,13.36,13.37,13.38,13.39,13.4,13.44,13.45,13.47,5000,5600,1100,3000,15300,24000,15400,1200,1200,1000,2400,12200,1000,2300,28700,2400,4900,2400,14000,3100
71.0,13.34,239600,3165231.0,13.33,13.32,13.31,13.3,13.29,13.28,13.27,13.26,13.24,13.22,13.34,13.35,13.36,13.37,13.38,13.39,13.4,13.44,13.45,13.47,5000,5600,1300,3000,15300,24000,15400,1200,1200,1000,2400,12200,1000,2300,28700,2400,4900,2400,14000,3100
72.0,13.34,241400,3189242.0,13.33,13.32,13.31,13.3,13.29,13.28,13.27,13.26,13.24,13.22,13.34,13.35,13.36,13.37,13.38,13.39,13.4,13.44,13.45,13.47,5200,5600,1300,3000,15300,24000,15100,1200,1200,1000,1500,12200,1000,2300,28700,2400,4900,2400,14000,3100
73.0,13.34,242000,3197246.0,13.33,13.32,13.31,13.3,13.29,13.28,13.27,13.26,13.24,13.22,13.34,13.35,13.36,13.37,13.38,13.39,13.4,13.44,13.45,13.47,5200,5600,1300,3000,15300,24000,14300,1200,1200,1000,900,12200,1000,2300,28700,2400,4900,2400,14000,3100
74.0,13.34,243300,3214579.0,13.33,13.32,13.31,13.3,13.29,13.28,13.27,13.26,13.24,13.22,13.34,13.35,13.36,13.37,13.38,13.39,13.4,13.44,13.45,13.47,4300,5600,1300,3000,15300,24000,14300,1200,1200,1000,500,12200,1000,2300,28700,2400,4900,2400,14000,3100
75.0,13.33,244600,3231908.0,13.33,13.32,13.31,13.3,13.29,13.28,13.27,13.26,13.24,13.22,13.34,13.35,13.36,13.37,13.38,13.39,13.4,13.44,13.45,13.47,3000,5600,1300,3000,15300,24000,14300,1200,1200,1000,1400,12200,1000,2300,28700,2400,4900,2400,14000,3100
76.0,13.34,245700,3246582.0,13.33,13.32,13.31,13.3,13.29,13.28,13.27,13.26,13.24,13.22,13.34,13.35,13.36,13.37,13.38,13.39,13.4,13.44,13.45,13.47,3000,5300,1300,3000,15300,24000,14300,1200,1200,1000,300,12200,1000,2300,28700,2400,4900,2400,14000,3100
77.0,13.33,247400,3269245.0,13.33,13.32,13.31,13.3,13.29,13.28,13.27,13.26,13.24,13.22,13.34,13.35,13.36,13.37,13.38,13.39,13.4,13.44,13.45,13.47,1200,5300,1300,3000,15300,24000,14300,1200,1200,1000,5100,12200,1000,2300,28500,2400,4900,2400,14000,3100
78.0,13.34,247800,3274581.0,13.33,13.32,13.31,13.3,13.29,13.28,13.27,13.26,13.24,13.22,13.34,13.35,13.36,13.37,13.38,13.39,13.4,13.44,13.45,13.47,1200,5300,1300,3000,15300,23100,14300,1200,1200,1000,4900,12200,1000,2300,28500,2400,4900,2400,14000,3100
79.0,13.34,248700,3286587.0,13.33,13.32,13.31,13.3,13.29,13.28,13.27,13.26,13.24,13.22,13.34,13.35,13.36,13.37,13.38,13.39,13.4,13.44,13.45,13.47,3200,5300,1300,3000,15300,23100,14300,1200,1200,1000,5000,12200,1000,2300,28500,2400,4900,2400,14000,3100
80.0,13.33,249500,3297251.0,13.33,13.32,13.31,13.3,13.29,13.28,13.27,13.26,13.24,13.22,13.34,13.35,13.36,13.37,13.38,13.39,13.4,13.44,13.45,13.47,2400,5300,1300,3000,15300,23100,14300,1200,1200,1000,5000,12200,1000,2300,28500,2400,4900,2400,14000,3100
81.0,13.33,252800,3341249.0,13.32,13.31,13.3,13.29,13.28,13.27,13.26,13.24,13.22,13.2,13.33,13.34,13.35,13.36,13.37,13.38,13.39,13.4,13.44,13.45,5300,1300,3000,15300,23100,14300,1200,1200,1000,800,600,4100,12200,1000,2300,28500,2400,4900,2400,14000
82.0,13.33,253000,3343915.0,13.32,13.31,13.3,13.29,13.28,13.27,13.26,13.24,13.22,13.2,13.33,13.34,13.35,13.36,13.37,13.38,13.39,13.4,13.44,13.45,5300,1300,3000,14200,23100,14300,1200,1200,1000,800,7300,4100,12500,1000,6200,28500,2400,4900,2400,14000
83.0,13.32,266700,3526536.0,13.32,13.31,13.3,13.29,13.28,13.27,13.26,13.24,13.22,13.2,13.33,13.34,13.35,13.36,13.37,13.38,13.39,13.4,13.44,13.45,2100,1100,3000,14200,23100,14300,1200,1200,1000,800,6600,4300,12500,1000,6200,28500,2400,4900,2400,14000
84.0,13.32,268900,3555840.0,13.31,13.3,13.29,13.28,13.27,13.26,13.24,13.22,13.2,13.18,13.32,13.33,13.34,13.35,13.36,13.37,13.38,13.39,13.4,13.44,1100,3000,14200,23100,14300,1200,1200,1000,800,1000,1800,7200,4300,12500,1000,6200,28500,2400,4900,2400
85.0,13.32,269900,3569160.0,13.31,13.3,13.29,13.28,13.27,13.26,13.24,13.22,13.2,13.18,13.32,13.33,13.34,13.35,13.36,13.37,13.38,13.39,13.4,13.44,1100,3000,14200,23100,14300,1200,1200,1000,800,1000,800,7200,4300,12500,1000,6200,28500,2400,4900,2400
86.0,13.31,270000,3570491.0,13.31,13.3,13.29,13.28,13.27,13.26,13.24,13.22,13.2,13.18,13.32,13.33,13.34,13.35,13.36,13.37,13.38,13.39,13.4,13.44,1000,3000,14200,23100,14300,1200,1200,1000,800,1000,800,7200,4300,12500,1000,6200,28500,2400,4900,2400
87.0,13.32,270500,3577151.0,13.31,13.3,13.29,13.28,13.27,13.26,13.24,13.22,13.2,13.18,13.32,13.33,13.34,13.35,13.36,13.37,13.38,13.39,13.4,13.44,1100,3000,13400,23100,14300,1200,1200,1000,800,1000,300,7200,4900,12500,1000,6200,28500,2400,4900,2400
88.0,13.32,271000,3583808.0,13.31,13.3,13.29,13.28,13.27,13.26,13.24,13.22,13.2,13.18,13.32,13.33,13.34,13.35,13.36,13.37,13.38,13.39,13.4,13.44,800,3000,13400,23100,14300,1200,1200,1000,800,1000,100,7800,4900,12500,1000,6200,28500,2400,5400,2400
89.0,13.32,271000,3583808.0,13.31,13.3,13.29,13.28,13.27,13.26,13.24,13.22,13.2,13.18,13.32,13.33,13.34,13.35,13.36,13.37,13.38,13.39,13.4,13.44,800,3000,13400,23100,14300,1200,1200,1000,800,1000,2900,7800,4900,12500,1000,6200,28500,2400,5400,2400
90.0,13.33,276500,3657094.0,13.32,13.31,13.3,13.29,13.28,13.27,13.26,13.24,13.22,13.2,13.33,13.34,13.35,13.36,13.37,13.38,13.39,13.4,13.44,13.45,2000,800,3000,13400,23100,14300,1200,1200,1000,800,5200,4900,12500,1000,6200,28500,2400,5400,2400,14100
91.0,13.33,276500,3657094.0,13.32,13.31,13.3,13.29,13.28,13.27,13.26,13.24,13.22,13.2,13.33,13.34,13.35,13.36,13.37,13.38,13.39,13.4,13.44,13.45,2000,800,3000,13400,23100,14300,1200,1200,1000,800,5200,4900,12500,1000,6200,28500,2400,5400,2400,14100
92.0,13.32,278900,3689069.0,13.32,13.31,13.3,13.29,13.28,13.27,13.26,13.24,13.22,13.2,13.33,13.34,13.35,13.36,13.37,13.38,13.39,13.4,13.44,13.45,300,800,3000,13400,23100,14300,1200,1200,1000,800,4500,4900,12500,1000,6200,28500,2400,5400,2400,14100
93.0,13.32,279700,3699728.0,13.31,13.3,13.29,13.28,13.27,13.26,13.24,13.22,13.2,13.18,13.32,13.33,13.34,13.35,13.36,13.37,13.38,13.39,13.4,13.44,800,3000,13400,23100,14300,1200,1200,1000,800,1000,1500,14200,4900,11300,1000,6200,28500,2400,5400,2400
94.0,13.32,281400,3722362.0,13.3,13.29,13.28,13.27,13.26,13.24,13.22,13.2,13.18,13.17,13.32,13.33,13.34,13.35,13.36,13.37,13.38,13.39,13.4,13.44,3000,13700,23100,14300,1200,1200,1000,800,1000,3800,800,14200,4900,11300,1000,6200,28500,2400,5400,2400
95.0,13.32,282200,3733018.0,13.3,13.29,13.28,13.27,13.26,13.24,13.22,13.2,13.18,13.17,13.33,13.34,13.35,13.36,13.37,13.38,13.39,13.4,13.44,13.45,3000,13700,23100,14300,1200,1200,1000,800,1000,3800,14200,4900,11300,1000,6200,28500,2400,5400,2400,14100
96.0,13.33,283500,3750332.0,13.3,13.29,13.28,13.27,13.26,13.24,13.22,13.2,13.18,13.17,13.33,13.34,13.35,13.36,13.37,13.38,13.39,13.4,13.44,13.45,2700,13700,23100,14300,1200,1200,1000,800,1000,3800,13700,4900,11300,1000,6700,28500,2400,5400,2400,14100
97.0,13.33,283500,3750332.0,13.3,13.29,13.28,13.27,13.26,13.24,13.22,13.2,13.18,13.17,13.33,13.34,13.35,13.36,13.37,13.38,13.39,13.4,13.44,13.45,2800,13700,23100,14300,1200,1200,1000,800,1000,3800,14200,4900,11300,1000,6700,28500,2400,5400,2400,14100
98.0,13.33,283800,3754331.0,13.3,13.29,13.28,13.27,13.26,13.24,13.17,13.15,13.13,13.12,13.32,13.33,13.34,13.35,13.36,13.37,13.38,13.39,13.4,13.44,2800,10400,19800,14300,1200,1000,3800,500,7500,49200,500,14500,4900,15300,1000,6700,28500,2400,5400,2400
99.0,13.33,286000,3783634.0,13.3,13.29,13.28,13.27,13.26,13.24,13.17,13.15,13.13,13.12,13.33,13.34,13.35,13.36,13.37,13.38,13.39,13.4,13.44,13.45,2600,10400,19800,14300,1200,1000,3800,500,7500,49200,13600,4900,15300,1000,6700,28500,2400,5400,2400,14100
100.0,13.32,287200,3799614.0,13.3,13.29,13.28,13.27,13.26,13.24,13.17,13.15,13.13,13.12,13.32,13.33,13.34,13.35,13.36,13.37,13.38,13.39,13.4,13.44,2400,10400,19800,14300,1200,1000,3800,500,7500,49200,200,14100,4900,15300,1000,6700,29500,2400,5400,2400
101.0,13.33,292400,3868928.0,13.3,13.29,13.28,13.27,13.26,13.24,13.17,13.15,13.13,13.12,13.33,13.34,13.35,13.36,13.37,13.38,13.39,13.4,13.43,13.44,2400,5600,19800,13800,1200,1000,3800,500,7500,49200,9100,4900,15300,1000,6700,29500,2400,5400,700,2400
102.0,13.3,292800,3874248.0,13.3,13.29,13.28,13.27,13.26,13.24,13.17,13.15,13.13,13.12,13.32,13.33,13.34,13.35,13.36,13.37,13.38,13.39,13.4,13.43,2000,5600,19800,13800,1200,1000,3800,500,7500,49200,5300,9100,4900,15300,1000,6700,29500,2400,5400,700
103.0,13.3,293000,3876908.0,13.3,13.29,13.28,13.27,13.26,13.24,13.17,13.15,13.13,13.12,13.32,13.33,13.34,13.35,13.36,13.37,13.38,13.39,13.4,13.43,1800,5600,19800,13800,1200,1000,3800,500,7500,49200,5300,9100,4900,15300,1000,6700,29500,2400,5400,700
104.0,13.32,297000,3930186.0,13.3,13.29,13.28,13.27,13.26,13.24,13.17,13.15,13.13,13.12,13.32,13.33,13.34,13.35,13.36,13.37,13.38,13.39,13.4,13.43,1800,5600,19800,13800,1200,1000,3800,500,7500,49200,1500,9100,4900,15300,1000,21600,29500,2400,5400,700
105.0,13.32,297000,3930186.0,13.3,13.29,13.28,13.27,13.26,13.24,13.17,13.15,13.13,13.12,13.32,13.33,13.34,13.35,13.36,13.37,13.38,13.39,13.4,13.43,1800,3600,19800,13800,1200,1000,3800,500,7500,49200,1500,9100,4900,15300,1000,21600,29500,2400,5400,700
106.0,13.3,297100,3931516.0,13.3,13.29,13.28,13.27,13.26,13.24,13.17,13.15,13.13,13.12,13.32,13.33,13.34,13.35,13.36,13.37,13.38,13.39,13.4,13.43,1700,3600,19800,13800,1200,1000,3800,500,6700,49200,2500,9100,4900,15300,1000,21600,29500,2400,5400,700
107.0,13.32,297500,3936842.0,13.3,13.29,13.28,13.27,13.26,13.24,13.17,13.15,13.13,13.12,13.32,13.33,13.34,13.35,13.36,13.37,13.38,13.39,13.4,13.43,1600,3600,19800,13800,1200,1000,3800,500,6700,49200,2200,9100,5200,15300,1000,21600,29500,2400,5400,700
108.0,13.32,297500,3936842.0,13.3,13.29,13.28,13.27,13.26,13.24,13.17,13.15,13.13,13.12,13.32,13.33,13.34,13.35,13.36,13.37,13.38,13.39,13.4,13.43,1600,3600,19800,13800,1200,1000,3800,500,6700,49200,3500,11200,5000,15300,1000,21600,29500,2400,5400,700
109.0,13.32,297500,3936842.0,13.3,13.29,13.28,13.27,13.26,13.24,13.17,13.15,13.13,13.12,13.32,13.33,13.34,13.35,13.36,13.37,13.38,13.39,13.4,13.43,1600,3600,19800,13800,1200,1000,3800,500,6700,49200,3500,11200,5000,15300,1000,21600,33900,2400,7000,700
110.0,13.3,297800,3940832.0,13.3,13.29,13.28,13.27,13.26,13.24,13.17,13.15,13.13,13.12,13.32,13.33,13.34,13.35,13.36,13.37,13.38,13.39,13.4,13.43,1300,3600,19800,13800,1200,1000,3800,500,6700,49200,5300,17200,9000,15300,1000,21600,33900,2400,7000,700
111.0,13.32,298800,3954152.0,13.3,13.29,13.28,13.27,13.26,13.24,13.17,13.15,13.13,13.12,13.32,13.33,13.34,13.35,13.36,13.37,13.38,13.39,13.4,13.43,1300,3600,19800,13800,1200,1000,3800,500,6700,49200,4300,17200,9000,15300,1000,21600,33900,2400,7000,700
112.0,13.3,298900,3955482.0,13.3,13.29,13.28,13.27,13.26,13.24,13.17,13.15,13.13,13.12,13.32,13.33,13.34,13.35,13.36,13.37,13.38,13.39,13.4,13.43,1500,3600,19800,13800,1200,1000,3800,500,6700,49200,5000,17200,9000,15300,1000,21600,33900,2400,7000,700
113.0,13.3,301400,3988732.0,13.3,13.29,13.28,13.27,13.26,13.24,13.17,13.15,13.13,13.12,13.32,13.33,13.34,13.35,13.36,13.37,13.38,13.39,13.4,13.43,2500,3600,19800,13800,1200,1000,3800,500,6700,49200,5000,17200,11000,15300,1000,21600,33900,2400,7000,700
114.0,13.3,301400,3988732.0,13.3,13.29,13.28,13.27,13.26,13.24,13.17,13.15,13.13,13.12,13.32,13.33,13.34,13.35,13.36,13.37,13.38,13.39,13.4,13.43,2500,3600,19800,13800,1200,1000,3800,500,6700,49200,5000,17200,11000,15300,1000,21600,33900,2400,7000,700
115.0,13.32,304000,4023364.0,13.3,13.29,13.28,13.27,13.26,13.24,13.17,13.15,13.13,13.12,13.32,13.33,13.34,13.35,13.36,13.37,13.38,13.39,13.4,13.43,9300,3600,19800,13800,1200,1000,3800,500,6700,49200,3200,17200,11000,15300,1000,21600,33900,2400,7000,700
116.0,13.3,305100,4037994.0,13.3,13.29,13.28,13.27,13.26,13.24,13.17,13.15,13.13,13.12,13.32,13.33,13.34,13.35,13.36,13.37,13.38,13.39,13.4,13.43,9700,3600,19800,13800,1200,1000,3800,500,6700,49200,3200,17200,11000,15300,1000,21600,33900,2400,7000,700
117.0,13.32,308300,4080618.0,13.32,13.3,13.29,13.28,13.27,13.26,13.24,13.17,13.15,13.13,13.33,13.34,13.35,13.36,13.37,13.38,13.39,13.4,13.43,13.44,500,9700,3600,19800,13800,1200,1000,3800,500,6700,17200,11000,15300,1000,21600,33900,2400,7000,700,2400
118.0,13.32,308300,4080618.0,13.32,13.3,13.29,13.28,13.27,13.26,13.24,13.17,13.15,13.13,13.33,13.34,13.35,13.36,13.37,13.38,13.39,13.4,13.43,13.44,500,9700,3600,300,13800,1200,1000,3800,500,6700,17200,11000,15300,1000,21600,33900,2400,7000,700,2400
119.0,13.33,308500,4083284.0,13.32,13.3,13.29,13.28,13.27,13.26,13.24,13.17,13.15,13.13,13.33,13.34,13.35,13.36,13.37,13.38,13.39,13.4,13.43,13.44,500,9700,3600,300,13800,1200,1000,3800,500,6700,22000,11000,15300,1000,21600,34500,2400,7200,700,2400
120.0,13.32,309000,4089944.0,13.3,13.29,13.28,13.27,13.26,13.24,13.17,13.15,13.13,13.12,13.32,13.33,13.34,13.35,13.36,13.37,13.38,13.39,13.4,13.43,9700,3600,300,13800,1200,1000,3800,500,6700,49200,1000,22000,11000,15300,1000,21600,34500,2400,7200,700
121.0,13.32,311200,4119234.0,13.3,13.29,13.28,13.27,13.26,13.24,13.17,13.15,13.13,13.12,13.32,13.33,13.34,13.35,13.36,13.37,13.38,13.39,13.4,13.43,9000,3600,300,13800,1200,1000,3800,500,6700,49200,4400,22000,11000,15300,1000,6700,34500,2400,7200,700
122.0,13.32,311200,4119234.0,13.3,13.29,13.28,13.27,13.26,13.24,13.17,13.15,13.13,13.12,13.31,13.32,13.33,13.34,13.35,13.36,13.37,13.38,13.39,13.4,9000,4900,300,13800,1200,1000,3800,500,6700,49200,900,4400,22000,11000,15300,1000,6700,34500,2400,7200
123.0,13.32,313500,4149847.0,13.3,13.29,13.28,13.27,13.26,13.24,13.17,13.15,13.13,13.12,13.32,13.33,13.34,13.35,13.36,13.37,13.38,13.39,13.4,13.43,8300,5500,300,13800,1200,1000,3800,500,6700,49200,4000,23000,11000,15300,1000,6700,34500,2400,7200,700
124.0,13.32,314300,4160503.0,13.3,13.29,13.28,13.27,13.26,13.24,13.17,13.15,13.13,13.12,13.32,13.33,13.34,13.35,13.36,13.37,13.38,13.39,13.4,13.43,8300,5500,300,13800,1200,1000,3800,500,6700,49200,3200,23000,11000,15300,1000,8700,34500,2400,7200,700
125.0,13.31,320400,4241680.0,13.3,13.29,13.28,13.27,13.26,13.24,13.17,13.15,13.13,13.12,13.32,13.33,13.34,13.35,13.36,13.37,13.38,13.39,13.4,13.43,6800,5500,300,13800,1200,1000,3800,500,6700,49200,3100,23000,11000,15300,1000,8700,34500,2400,7200,700
126.0,13.32,321000,4249672.0,13.3,13.29,13.28,13.27,13.26,13.24,13.17,13.15,13.13,13.12,13.32,13.33,13.34,13.35,13.36,13.37,13.38,13.39,13.4,13.43,6800,5500,300,13800,1200,1000,3800,500,6700,49200,5900,23800,11000,15300,1000,8700,34500,2400,7200,700
127.0,13.32,324100,4290944.0,13.3,13.29,13.28,13.27,13.26,13.24,13.17,13.15,13.13,13.12,13.32,13.33,13.34,13.35,13.36,13.37,13.38,13.39,13.4,13.43,5800,5500,300,13800,1200,1000,3800,500,6700,49200,4800,23800,11000,15300,1000,8700,34500,2500,7200,700
128.0,13.32,330400,4374840.0,13.32,13.3,13.29,13.28,13.27,13.26,13.25,13.24,13.17,13.15,13.33,13.34,13.35,13.36,13.37,13.38,13.39,13.4,13.43,13.44,3900,5300,5500,300,13800,1200,300,1000,3800,500,23800,11000,15300,1000,8700,34500,2500,8600,700,2400
129.0,13.31,334600,4430781.0,13.3,13.29,13.28,13.27,13.26,13.25,13.24,13.17,13.15,13.13,13.31,13.32,13.33,13.34,13.35,13.36,13.37,13.38,13.39,13.4,5300,5500,300,13800,1200,300,1000,3800,1600,6700,10700,1000,23800,11000,15300,1000,8700,34500,2500,8600
130.0,13.31,339800,4499988.0,13.3,13.29,13.28,13.27,13.26,13.25,13.24,13.17,13.15,13.13,13.31,13.32,13.33,13.34,13.35,13.36,13.37,13.38,13.39,13.4,4800,5500,2200,13800,1200,300,1000,3800,1600,6700,6000,5000,23800,11000,15300,1000,8700,34500,2500,8600
131.0,13.31,345600,4577186.0,13.3,13.29,13.28,13.27,13.26,13.25,13.24,13.17,13.15,13.13,13.31,13.32,13.33,13.34,13.35,13.36,13.37,13.38,13.39,13.4,4800,5500,2200,13800,1200,300,1000,3800,1600,6700,200,6300,23800,11000,15300,1000,8700,34500,2500,8600
132.0,13.31,345600,4577186.0,13.3,13.29,13.28,13.27,13.26,13.25,13.24,13.17,13.15,13.13,13.31,13.32,13.33,13.34,13.35,13.36,13.37,13.38,13.39,13.4,4800,5500,2200,13800,1200,300,1000,3800,1600,6700,200,6300,23800,11000,15300,1000,8700,34500,2500,7000
133.0,13.3,346600,4590486.0,13.3,13.29,13.28,13.27,13.26,13.25,13.24,13.17,13.15,13.13,13.31,13.32,13.33,13.34,13.35,13.36,13.37,13.38,13.39,13.4,3800,5500,2200,13800,1200,300,1000,3800,1600,6700,200,6800,23800,11000,15800,1000,8700,34500,2500,7000
134.0,13.3,347300,4599796.0,13.3,13.29,13.28,13.27,13.26,13.25,13.24,13.17,13.15,13.13,13.31,13.32,13.33,13.34,13.35,13.36,13.37,13.38,13.39,13.4,3100,5500,2200,13800,1200,300,1000,3800,1600,6700,200,9800,23800,11000,15800,1000,8700,34500,2500,7000
135.0,13.3,350900,4647676.0,13.29,13.28,13.27,13.26,13.25,13.24,13.17,13.15,13.13,13.12,13.3,13.31,13.32,13.33,13.34,13.35,13.36,13.37,13.38,13.39,5500,2200,13800,1200,300,1000,3800,1600,6700,49200,1700,700,9800,23800,11000,15800,1000,8700,34500,2500
136.0,13.3,352300,4666296.0,13.29,13.28,13.27,13.26,13.25,13.24,13.17,13.15,13.13,13.12,13.3,13.31,13.32,13.33,13.34,13.35,13.36,13.37,13.38,13.39,5200,2200,13800,1200,300,1000,3800,1600,6700,49200,4400,5700,10700,23800,11700,15800,1000,8700,34500,2500
137.0,13.29,353800,4686231.0,13.29,13.28,13.27,13.25,13.24,13.17,13.15,13.13,13.12,13.11,13.3,13.31,13.32,13.33,13.34,13.35,13.36,13.37,13.38,13.39,3700,2200,13800,300,1000,3800,1600,6700,49200,7000,4400,5700,10700,23300,11700,15800,1000,8700,34500,2500
138.0,13.3,354100,4690221.0,13.29,13.28,13.27,13.25,13.24,13.2,13.17,13.15,13.13,13.12,13.3,13.31,13.32,13.33,13.34,13.35,13.36,13.37,13.38,13.39,3700,2200,13800,300,1000,200,3800,1600,6700,49200,5700,5800,10700,23300,11700,15800,1000,8700,34500,2500
139.0,13.3,354100,4690221.0,13.29,13.28,13.27,13.25,13.24,13.2,13.17,13.15,13.13,13.12,13.3,13.31,13.32,13.33,13.34,13.35,13.36,13.37,13.38,13.39,3700,2200,13800,300,1000,200,3800,1600,6700,49200,6800,5800,11000,23300,11800,15800,1000,8700,34500,2500
140.0,13.3,354900,4700861.0,13.29,13.28,13.27,13.25,13.24,13.2,13.17,13.15,13.13,13.12,13.3,13.31,13.32,13.33,13.34,13.35,13.36,13.37,13.38,13.39,3700,2200,13800,300,1000,200,3800,1600,6700,49200,8500,5800,11000,23300,11800,15800,1000,8700,34500,2500
141.0,13.3,355600,4710168.0,13.29,13.28,13.27,13.25,13.24,13.2,13.17,13.15,13.13,13.12,13.3,13.31,13.32,13.33,13.34,13.35,13.36,13.37,13.38,13.39,3400,2200,13800,300,1000,200,3800,1600,6700,49200,9100,6600,11000,23300,11800,15800,1000,8700,34500,2500
142.0,13.29,355900,4714155.0,13.29,13.28,13.27,13.25,13.24,13.2,13.17,13.15,13.13,13.12,13.3,13.31,13.32,13.33,13.34,13.35,13.36,13.37,13.38,13.39,3100,2200,13300,300,1000,200,3800,1600,6700,49200,9100,6600,11000,23300,11800,15800,1000,8700,6300,2500
143.0,13.29,355900,4714155.0,13.29,13.28,13.27,13.25,13.24,13.2,13.17,13.15,13.13,13.12,13.3,13.31,13.32,13.33,13.34,13.35,13.36,13.37,13.38,13.39,3100,2200,13300,300,1000,200,3800,1600,6700,49200,9100,6600,11000,23300,11800,15800,1000,8700,6300,2500
144.0,13.29,357400,4734090.0,13.29,13.28,13.27,13.25,13.24,13.2,13.17,13.15,13.13,13.12,13.3,13.31,13.32,13.33,13.34,13.35,13.36,13.37,13.38,13.39,1600,2200,13300,300,1000,200,3600,1600,6700,49200,10300,7100,11000,22800,11800,15800,1000,8700,6300,2500
145.0,13.3,357600,4736750.0,13.29,13.28,13.27,13.25,13.24,13.2,13.17,13.15,13.13,13.12,13.3,13.31,13.32,13.33,13.34,13.35,13.36,13.37,13.38,13.39,1600,2200,13300,300,1000,200,4000,1600,6700,49200,12100,7100,11000,22800,11800,15800,1000,8700,6300,2500
146.0,13.3,358000,4742070.0,13.29,13.28,13.27,13.25,13.24,13.2,13.17,13.15,13.13,13.12,13.3,13.31,13.32,13.33,13.34,13.35,13.36,13.37,13.38,13.39,1600,2200,13300,300,1000,1400,4000,1600,6700,49200,11700,7100,11000,22800,11800,15800,1000,8700,6300,2500
147.0,13.29,359000,4755360.0,13.29,13.28,13.27,13.25,13.24,13.2,13.17,13.15,13.13,13.12,13.3,13.31,13.32,13.33,13.34,13.35,13.36,13.37,13.38,13.39,600,2200,13300,300,1000,1400,4000,1600,6700,49200,12500,7300,11000,22800,11800,16900,1000,8700,6300,2500
148.0,13.29,359500,4762008.0,13.29,13.28,13.27,13.25,13.24,13.2,13.17,13.15,13.13,13.12,13.3,13.31,13.32,13.33,13.34,13.35,13.36,13.37,13.38,13.39,400,2200,13300,300,1000,1400,4000,1600,6700,49200,40400,7300,11000,22800,11800,16900,1000,8700,6300,2500
149.0,13.29,359500,4762008.0,13.29,13.28,13.27,13.25,13.24,13.2,13.17,13.15,13.13,13.12,13.3,13.31,13.32,13.33,13.34,13.35,13.36,13.37,13.38,13.39,400,2200,13300,300,1000,1400,4000,1600,6700,49200,40400,7300,11000,22800,11800,16900,1000,8700,6300,2500
150.0,13.29,359500,4762008.0,13.29,13.28,13.27,13.25,13.24,13.2,13.17,13.15,13.14,13.13,13.3,13.31,13.32,13.33,13.34,13.35,13.36,13.37,13.38,13.39,400,2200,13300,300,1000,1400,4000,1600,300,6700,40400,7300,11000,22800,11800,16900,1000,8700,6300,2500
151.0,13.29,359700,4764666.0,13.29,13.28,13.27,13.25,13.24,13.2,13.17,13.15,13.14,13.13,13.3,13.31,13.32,13.33,13.34,13.35,13.36,13.37,13.38,13.39,200,2200,13300,300,1000,1400,4000,1600,300,6700,40400,7300,11000,22800,11800,16900,1000,8700,6300,2500
152.0,13.3,359800,4765996.0,13.29,13.28,13.27,13.25,13.24,13.2,13.17,13.15,13.14,13.13,13.3,13.31,13.32,13.33,13.34,13.35,13.36,13.37,13.38,13.39,200,2700,13300,300,1000,1400,4000,1600,300,6700,40300,7300,11000,22800,11800,16900,1000,8700,6300,2500
153.0,13.29,359900,4767325.0,13.29,13.28,13.27,13.25,13.24,13.2,13.17,13.15,13.14,13.13,13.3,13.31,13.32,13.33,13.34,13.35,13.36,13.37,13.38,13.39,200,2700,13300,300,1000,1400,4000,1600,300,6700,40300,7300,11000,22800,11800,16900,1000,8700,6300,2500
154.0,13.29,359900,4767325.0,13.29,13.28,13.27,13.25,13.24,13.2,13.17,13.15,13.14,13.13,13.3,13.31,13.32,13.33,13.34,13.35,13.36,13.37,13.38,13.39,200,2700,13300,300,1000,1400,4000,1600,300,6700,40800,7300,11000,22800,11800,16900,1000,8700,6300,2500
155.0,13.28,368100,4876223.0,13.27,13.25,13.24,13.2,13.17,13.15,13.14,13.13,13.12,13.11,13.28,13.29,13.3,13.31,13.32,13.33,13.34,13.35,13.36,13.37,13300,300,1000,1400,4000,1600,300,6700,49200,7000,8000,300,40800,7300,10100,22800,11800,16900,1000,8700
156.0,13.28,377800,5005016.0,13.27,13.24,13.2,13.17,13.15,13.14,13.13,13.12,13.11,13.1,13.28,13.29,13.3,13.31,13.32,13.33,13.34,13.35,13.36,13.37,11000,1000,1400,4000,1600,300,6700,49200,7000,11600,600,600,40800,7300,9600,22800,11800,16900,1000,8700
157.0,13.28,378400,5012984.0,13.28,13.27,13.25,13.24,13.21,13.2,13.17,13.15,13.14,13.13,13.29,13.3,13.31,13.32,13.33,13.34,13.35,13.36,13.37,13.38,500,11000,100,1000,1100,1400,4000,1600,300,6700,600,40800,7300,9600,22800,11800,16900,1000,8700,6300
158.0,13.28,378400,5012984.0,13.28,13.27,13.25,13.24,13.21,13.2,13.17,13.15,13.14,13.13,13.29,13.3,13.31,13.32,13.33,13.34,13.35,13.36,13.37,13.38,500,11000,100,1000,1100,1400,4000,1600,300,6700,600,40800,7300,9600,21800,11800,16900,1000,8700,6300
159.0,13.28,378900,5019624.0,13.27,13.25,13.24,13.21,13.2,13.17,13.15,13.14,13.13,13.12,13.29,13.3,13.31,13.32,13.33,13.34,13.35,13.36,13.37,13.38,11000,100,1000,1100,1400,4000,1600,300,6700,49200,600,40800,7300,9600,21800,11800,16900,1000,8700,6300
160.0,13.27,380800,5044838.0,13.27,13.25,13.24,13.21,13.2,13.17,13.15,13.14,13.13,13.12,13.29,13.3,13.31,13.32,13.33,13.34,13.35,13.36,13.37,13.38,9200,100,1000,1100,1400,4000,1600,300,6700,49200,600,40800,7100,9600,21800,11800,16900,1000,8700,6300
161.0,13.27,381500,5054127.0,13.27,13.25,13.24,13.21,13.2,13.17,13.15,13.14,13.13,13.12,13.29,13.3,13.31,13.32,13.33,13.34,13.35,13.36,13.37,13.38,8500,100,1000,1100,1200,4000,1600,300,6700,49200,1100,40800,7100,9600,21800,11800,16900,1000,8700,6300
162.0,13.29,381700,5056785.0,13.27,13.25,13.24,13.21,13.2,13.17,13.15,13.14,13.13,13.12,13.29,13.3,13.31,13.32,13.33,13.34,13.35,13.36,13.37,13.38,8500,100,1000,1100,1200,4000,1600,300,6700,49200,900,41000,7100,9600,21800,11800,16900,1000,8700,6300
163.0,13.29,381700,5056785.0,13.27,13.25,13.24,13.21,13.2,13.17,13.15,13.14,13.13,13.12,13.29,13.3,13.31,13.32,13.33,13.34,13.35,13.36,13.37,13.38,8500,100,1000,1100,1200,4000,1600,300,6700,49200,900,41000,7100,9600,21800,11800,16900,1000,8700,6300
164.0,13.28,382700,5070056.0,13.27,13.25,13.24,13.21,13.2,13.17,13.15,13.14,13.13,13.12,13.29,13.3,13.31,13.32,13.33,13.34,13.35,13.36,13.37,13.38,7600,100,1000,1100,1200,4000,1600,300,6700,49200,900,43800,7000,9600,21800,11800,16900,1000,8700,6300
165.0,13.27,388100,5141714.0,13.28,13.27,13.25,13.24,13.21,13.2,13.17,13.15,13.14,13.13,13.29,13.3,13.31,13.32,13.33,13.34,13.35,13.36,13.37,13.38,2200,2200,100,1000,1100,1200,4000,1600,300,6700,900,43800,7000,9600,21800,11800,16900,1000,8700,6300
166.0,13.27,388100,5141714.0,13.28,13.27,13.25,13.24,13.21,13.2,13.17,13.15,13.14,13.13,13.29,13.3,13.31,13.32,13.33,13.34,13.35,13.36,13.37,13.38,2200,2200,100,1000,1100,1200,4000,1600,300,6700,900,43800,7000,9600,21800,11800,16900,1000,8700,6300
167.0,13.27,388100,5141714.0,13.28,13.27,13.25,13.24,13.21,13.2,13.17,13.15,13.14,13.13,13.29,13.3,13.31,13.32,13.33,13.34,13.35,13.36,13.37,13.38,2200,2200,100,1000,1100,1200,4000,1600,300,6700,900,43800,7000,9600,21800,11800,16900,1000,8700,6300
168.0,13.28,388700,5149682.0,13.28,13.27,13.25,13.24,13.21,13.2,13.17,13.15,13.14,13.13,13.29,13.3,13.31,13.32,13.33,13.34,13.35,13.36,13.37,13.38,1600,2200,100,1000,1100,1200,4000,1600,300,6700,900,43800,7000,9600,21800,11800,16900,1000,8700,6300
169.0,13.28,388700,5149682.0,13.28,13.27,13.25,13.24,13.21,13.2,13.17,13.15,13.14,13.13,13.29,13.3,13.31,13.32,13.33,13.34,13.35,13.36,13.37,13.38,1600,2200,100,1000,1100,1200,4000,1600,300,6700,900,47100,7000,9600,21800,11800,16900,1000,8700,6300
170.0,13.28,388700,5149682.0,13.28,13.27,13.25,13.24,13.21,13.2,13.17,13.15,13.14,13.13,13.29,13.3,13.31,13.32,13.33,13.34,13.35,13.36,13.37,13.38,4100,2200,100,1000,1100,1200,4000,1600,300,6700,1500,47100,7000,9600,21800,11800,16900,1000,8700,6300
171.0,13.28,395000,5233352.0,13.27,13.25,13.24,13.23,13.21,13.2,13.17,13.15,13.14,13.13,13.28,13.29,13.3,13.31,13.32,13.33,13.34,13.35,13.36,13.37,2200,100,1000,300,1100,1200,4000,1600,300,6700,100,900,47100,7000,9600,21800,11800,16900,1000,8700
172.0,13.27,395600,5241314.0,13.27,13.25,13.24,13.23,13.21,13.2,13.17,13.15,13.14,13.13,13.28,13.29,13.3,13.31,13.32,13.33,13.34,13.35,13.36,13.37,1600,100,1000,300,1100,1200,4000,1600,300,6700,3400,900,47100,7300,9600,21800,11800,16900,1000,8700
173.0,13.28,396200,5249282.0,13.27,13.25,13.24,13.23,13.21,13.2,13.17,13.15,13.14,13.13,13.28,13.29,13.3,13.31,13.32,13.33,13.34,13.35,13.36,13.37,1600,100,1000,300,1100,1200,4000,1600,300,6700,3800,1900,47100,7300,9600,21800,11800,16900,1000,8700
174.0,13.28,396200,5249282.0,13.27,13.25,13.24,13.23,13.21,13.2,13.17,13.15,13.14,13.13,13.28,13.29,13.3,13.31,13.32,13.33,13.34,13.35,13.36,13.37,1600,100,1000,300,1100,1200,4000,1600,300,6700,3800,1900,44600,7300,10600,21800,11800,16900,1000,8700
175.0,13.27,396300,5250609.0,13.27,13.25,13.24,13.23,13.21,13.2,13.17,13.15,13.14,13.13,13.28,13.29,13.3,13.31,13.32,13.33,13.34,13.35,13.36,13.37,1500,100,1000,300,1100,2000,4000,1600,300,6700,4100,1900,44600,7300,10600,21800,11800,16900,1000,8700
176.0,13.27,396300,5250609.0,13.27,13.25,13.24,13.23,13.21,13.2,13.17,13.15,13.14,13.13,13.28,13.29,13.3,13.31,13.32,13.33,13.34,13.35,13.36,13.37,1500,100,1000,300,1100,2000,4000,1600,300,6700,4100,1900,44600,7300,10600,21800,11800,16900,1000,8700
177.0,13.29,401900,5324992.0,13.27,13.25,13.24,13.23,13.21,13.2,13.17,13.15,13.14,13.13,13.29,13.3,13.31,13.32,13.33,13.34,13.35,13.36,13.37,13.38,1500,100,1000,300,1100,2000,4000,1600,300,6700,400,44600,7300,10600,21800,11800,16900,1000,8700,6300
178.0,13.27,402000,5326319.0,13.27,13.25,13.24,13.23,13.21,13.2,13.17,13.16,13.15,13.14,13.29,13.3,13.31,13.32,13.33,13.34,13.35,13.36,13.37,13.38,1400,200,1000,300,1100,800,4000,1600,1600,300,400,44600,7300,10600,21800,11800,16900,1000,8700,6300
179.0,13.27,402100,5327646.0,13.28,13.27,13.25,13.24,13.23,13.21,13.2,13.17,13.16,13.15,13.29,13.3,13.31,13.32,13.33,13.34,13.35,13.36,13.37,13.38,1500,1300,200,1000,300,1100,800,4000,1600,1600,400,44600,7300,10600,21800,11800,16900,1000,8700,6300
180.0,13.29,402300,5330304.0,13.28,13.27,13.25,13.24,13.23,13.21,13.2,13.17,13.16,13.15,13.29,13.3,13.31,13.32,13.33,13.34,13.35,13.36,13.37,13.38,1500,1300,200,1000,300,1100,800,4000,1600,1600,200,44600,7300,10600,21200,11800,16900,1000,8700,6300
181.0,13.28,402600,5334288.0,13.28,13.27,13.25,13.24,13.23,13.21,13.2,13.17,13.16,13.15,13.29,13.3,13.31,13.32,13.33,13.34,13.35,13.36,13.37,13.38,1400,1300,200,1000,300,1100,800,4000,1600,1600,200,44600,7300,10600,21200,11800,16900,1000,8700,6300
182.0,13.29,402800,5336945.0,13.28,13.27,13.25,13.24,13.23,13.21,13.2,13.17,13.16,13.15,13.29,13.3,13.31,13.32,13.33,13.34,13.35,13.36,13.37,13.38,1300,1300,200,1000,300,1100,800,4000,1600,1600,100,44600,7000,10600,21200,11800,16900,1000,8700,6300
183.0,13.28,403000,5339601.0,13.28,13.27,13.25,13.24,13.23,13.21,13.2,13.17,13.16,13.15,13.29,13.3,13.31,13.32,13.33,13.34,13.35,13.36,13.37,13.38,1100,1300,200,1000,300,1100,800,4000,1600,1600,100,44600,7000,10600,21200,11800,16900,1000,8700,6300
184.0,13.28,404000,5352888.0,13.28,13.27,13.25,13.24,13.23,13.21,13.2,13.17,13.16,13.15,13.3,13.31,13.32,13.33,13.34,13.35,13.36,13.37,13.38,13.39,800,1300,200,1000,300,1100,800,4000,1600,1600,44600,7000,10600,21200,11800,16900,1000,8700,6300,2500
185.0,13.3,410800,5443294.0,13.27,13.25,13.24,13.23,13.21,13.2,13.18,13.17,13.16,13.15,13.3,13.31,13.32,13.33,13.34,13.35,13.36,13.37,13.38,13.39,1300,200,1000,300,1100,800,1200,4000,1600,1600,40000,7000,10600,21200,11800,16900,1000,8700,6300,2500
186.0,13.27,410900,5444621.0,13.29,13.27,13.25,13.24,13.23,13.21,13.2,13.18,13.17,13.16,13.3,13.31,13.32,13.33,13.34,13.35,13.36,13.37,13.38,13.39,1000,1200,200,1000,300,1100,800,1200,4000,1600,40000,7000,10100,21200,11800,16900,1000,8700,6300,2500
187.0,13.27,410900,5444621.0,13.29,13.27,13.25,13.24,13.23,13.21,13.2,13.18,13.17,13.16,13.3,13.31,13.32,13.33,13.34,13.35,13.36,13.37,13.38,13.39,1000,1200,200,1000,300,1100,800,1200,4000,1600,40000,7000,10100,21200,11800,16900,1000,8700,6300,2500
188.0,13.29,411400,5451266.0,13.29,13.27,13.25,13.24,13.23,13.21,13.2,13.18,13.17,13.16,13.3,13.31,13.32,13.33,13.34,13.35,13.36,13.37,13.38,13.39,500,1200,200,1000,300,1100,800,1200,4000,1600,40000,7000,10100,21200,11800,16900,1000,8700,6300,2500
189.0,13.29,411400,5451266.0,13.29,13.27,13.25,13.24,13.23,13.21,13.2,13.18,13.17,13.16,13.3,13.31,13.32,13.33,13.34,13.35,13.36,13.37,13.38,13.39,500,1200,200,1000,1300,1100,800,1200,4000,1600,40000,7000,10100,21200,11800,16900,1000,8700,6300,2500
190.0,13.3,413100,5473876.0,13.29,13.27,13.25,13.24,13.23,13.21,13.2,13.18,13.17,13.16,13.3,13.31,13.32,13.33,13.34,13.35,13.36,13.37,13.38,13.39,500,1200,200,1000,1300,1100,800,1200,4000,1600,38300,7000,10100,21200,11800,16900,1000,8700,6300,2500
191.0,13.3,413100,5473876.0,13.29,13.27,13.25,13.24,13.23,13.21,13.2,13.18,13.17,13.16,13.3,13.31,13.32,13.33,13.34,13.35,13.36,13.37,13.38,13.39,500,1200,200,1000,1300,1100,800,1200,4000,1600,38300,7000,10100,21200,11800,16900,1000,8700,6300,2500
192.0,13.3,413100,5473876.0,13.29,13.27,13.26,13.25,13.24,13.23,13.21,13.2,13.18,13.17,13.3,13.31,13.32,13.33,13.34,13.35,13.36,13.37,13.38,13.39,500,1200,700,200,1000,1300,1100,800,1200,4000,38300,7000,10100,21200,11800,16900,1000,8700,6300,2500
193.0,13.3,414200,5488506.0,13.29,13.27,13.26,13.25,13.24,13.23,13.21,13.2,13.18,13.17,13.3,13.31,13.32,13.33,13.34,13.35,13.36,13.37,13.38,13.39,3500,1200,700,200,1000,1300,1100,1800,1200,4000,37700,7000,10100,21200,11800,16900,1000,8700,6300,2500
194.0,13.29,414500,5492493.0,13.29,13.27,13.26,13.25,13.24,13.23,13.21,13.2,13.18,13.17,13.3,13.31,13.32,13.33,13.34,13.35,13.36,13.37,13.38,13.39,3200,2200,700,200,1000,1300,1100,1800,1200,4000,37700,7000,10100,21200,11800,16900,1000,8700,6300,2500
195.0,13.29,415400,5504454.0,13.29,13.27,13.26,13.25,13.24,13.23,13.21,13.2,13.18,13.17,13.3,13.31,13.32,13.33,13.34,13.35,13.36,13.37,13.38,13.39,2300,2200,700,200,1000,1300,1100,1800,1200,4000,37900,7000,8600,21200,11800,16900,1000,8700,7800,2500
196.0,13.29,416700,5521731.0,13.29,13.27,13.26,13.25,13.24,13.23,13.21,13.2,13.18,13.17,13.3,13.31,13.32,13.33,13.34,13.35,13.36,13.37,13.38,13.39,1000,2200,700,200,1000,1300,1100,1800,1200,4000,37900,7000,8600,21200,11800,16900,1000,8700,7800,2500
197.0,13.29,416700,5521731.0,13.29,13.27,13.26,13.25,13.24,13.23,13.21,13.2,13.18,13.17,13.3,13.31,13.32,13.33,13.34,13.35,13.36,13.37,13.38,13.39,1100,2200,700,200,1000,1300,1100,1800,1200,4000,38900,7000,8600,21200,11800,16900,1000,8700,7800,2500
198.0,13.3,418800,5549660.0,13.29,13.27,13.26,13.25,13.24,13.23,13.21,13.2,13.18,13.17,13.3,13.31,13.32,13.33,13.34,13.35,13.36,13.37,13.38,13.39,1000,2200,700,200,1000,1300,1100,1800,1200,4000,41900,7000,8600,21200,11800,16900,1000,8700,7800,2500
199.0,13.3,418800,5549660.0,13.29,13.27,13.26,13.25,13.24,13.23,13.21,13.2,13.18,13.17,13.3,13.31,13.32,13.33,13.34,13.35,13.36,13.37,13.38,13.39,1000,1200,700,200,1000,1300,1100,1800,1200,4000,41900,7000,8600,21200,11800,16900,1000,8700,7800,2500
200.0,13.29,420000,5565608.0,13.28,13.27,13.26,13.25,13.24,13.23,13.21,13.2,13.18,13.17,13.29,13.3,13.31,13.32,13.33,13.34,13.35,13.36,13.37,13.38,2200,1200,700,200,1000,1300,1100,1800,1200,4000,100,41900,7000,8600,21200,11800,16900,1000,8700,7800
201.0,13.3,421300,5582893.0,13.28,13.27,13.26,13.25,13.24,13.23,13.21,13.2,13.18,13.17,13.3,13.31,13.32,13.33,13.34,13.35,13.36,13.37,13.38,13.39,2000,1200,700,500,1000,1300,1100,1800,1200,4000,40900,7000,8600,21200,11800,16900,1000,8700,7800,2500
202.0,13.3,421300,5582893.0,13.28,13.27,13.26,13.25,13.24,13.23,13.21,13.2,13.18,13.17,13.29,13.3,13.31,13.32,13.33,13.34,13.35,13.36,13.37,13.38,2400,1200,700,500,1000,1300,1100,1800,1200,4000,200,41900,7000,8600,21200,11800,16900,1000,8700,7800
203.0,13.3,431300,5715891.0,13.28,13.27,13.26,13.25,13.24,13.23,13.21,13.2,13.18,13.17,13.3,13.31,13.32,13.33,13.34,13.35,13.36,13.37,13.38,13.39,2400,1200,700,500,1000,1300,1100,1800,1200,4000,32100,7000,8600,21200,11800,16900,1000,8700,7800,2500
204.0,13.3,431300,5715891.0,13.28,13.27,13.26,13.25,13.24,13.23,13.21,13.2,13.18,13.17,13.3,13.31,13.32,13.33,13.34,13.35,13.36,13.37,13.38,13.39,2800,1200,700,500,1000,1300,1100,1800,1200,4000,32500,7000,8600,21200,11800,16900,1000,8700,7800,2500
205.0,13.3,431700,5721207.0,13.28,13.27,13.26,13.25,13.24,13.23,13.21,13.2,13.18,13.17,13.3,13.31,13.32,13.33,13.34,13.35,13.36,13.37,13.38,13.39,2600,1200,700,500,1000,1300,1100,1800,1200,4000,32300,7000,8600,21200,11800,16900,1000,8700,7800,2500
206.0,13.29,432600,5733168.0,13.29,13.28,13.27,13.26,13.25,13.24,13.23,13.21,13.2,13.18,13.3,13.31,13.32,13.33,13.34,13.35,13.36,13.37,13.38,13.39,2100,2600,1200,700,500,1000,1300,1100,1800,1200,32600,7000,8600,21200,11800,16900,1000,8700,7800,2500
207.0,13.29,433000,5738484.0,13.29,13.28,13.27,13.26,13.25,13.24,13.23,13.21,13.2,13.18,13.3,13.31,13.32,13.33,13.34,13.35,13.36,13.37,13.38,13.39,3700,2600,1200,700,500,1000,1300,1100,1800,1200,32600,7000,8600,21200,11800,16900,1000,8700,7800,2500
208.0,13.29,436700,5787657.0,13.28,13.27,13.26,13.25,13.24,13.23,13.21,13.2,13.18,13.17,13.29,13.3,13.31,13.32,13.33,13.34,13.35,13.36,13.37,13.38,2600,1200,700,500,1000,1300,1100,1800,1200,4000,2400,32600,7000,8600,21200,11800,16900,1000,8700,7800
209.0,13.29,436700,5787657.0,13.28,13.27,13.26,13.25,13.24,13.23,13.21,13.2,13.18,13.17,13.29,13.3,13.31,13.32,13.33,13.34,13.35,13.36,13.37,13.38,2600,1200,700,500,1000,1300,1100,1800,1200,4000,3100,32600,7000,8600,21200,11800,16900,1000,8700,7800
210.0,13.29,436700,5787657.0,13.28,13.27,13.26,13.25,13.24,13.23,13.21,13.2,13.18,13.17,13.29,13.3,13.31,13.32,13.33,13.34,13.35,13.37,13.38,13.39,2600,1200,700,500,1000,1300,1100,1800,1200,4000,3800,32600,7000,8600,21200,11800,16900,8700,7800,2500
211.0,13.3,441500,5851459.0,13.29,13.28,13.27,13.26,13.25,13.24,13.23,13.21,13.2,13.18,13.3,13.31,13.32,13.33,13.34,13.35,13.37,13.38,13.39,13.4,4200,2600,1200,700,500,1000,1300,1100,1800,1200,31600,7000,8600,21200,11800,16900,8700,7800,2500,7400
212.0,13.29,444500,5891349.0,13.29,13.28,13.27,13.26,13.25,13.24,13.23,13.21,13.2,13.18,13.3,13.31,13.32,13.33,13.34,13.35,13.37,13.38,13.39,13.4,3200,3100,1200,700,500,1000,1300,1100,1800,1200,29600,7000,8600,21200,11800,16900,8700,7800,2500,7400
213.0,13.29,444500,5891349.0,13.29,13.28,13.27,13.26,13.25,13.24,13.23,13.21,13.2,13.18,13.3,13.31,13.32,13.33,13.34,13.35,13.37,13.38,13.39,13.4,3200,3100,1200,700,500,1000,1300,1100,1800,1200,32600,7000,8600,21200,11800,16900,8700,7800,2500,7400
214.0,13.3,445300,5901989.0,13.29,13.28,13.27,13.26,13.25,13.24,13.23,13.21,13.2,13.18,13.3,13.31,13.32,13.33,13.34,13.35,13.37,13.38,13.39,13.4,3300,4700,1200,700,500,1000,1300,1100,1800,1200,31800,7000,8600,22100,11800,16900,8700,7800,2500,7400
215.0,13.29,445600,5905976.0,13.29,13.28,13.27,13.26,13.25,13.24,13.23,13.21,13.2,13.18,13.3,13.31,13.32,13.33,13.34,13.35,13.37,13.38,13.39,13.4,3000,4700,1200,700,500,1000,2300,1100,1800,1200,31800,7000,8600,22100,11800,16900,8700,7800,2500,7400
216.0,13.29,445900,5909963.0,13.29,13.28,13.27,13.25,13.24,13.23,13.21,13.2,13.18,13.17,13.3,13.31,13.32,13.33,13.34,13.35,13.37,13.38,13.39,13.4,2700,4700,1200,500,1000,6000,1100,1800,1200,4000,31800,7000,8600,22100,11800,16900,8700,7800,2500,7400
217.0,13.29,445900,5909963.0,13.29,13.28,13.27,13.25,13.24,13.23,13.21,13.2,13.18,13.17,13.3,13.31,13.32,13.33,13.34,13.35,13.37,13.38,13.39,13.4,3400,4700,1200,500,1000,6000,1100,1800,1200,4000,29000,7000,8600,22100,11800,16900,8700,7800,2500,7400
218.0,13.29,446500,5917937.0,13.29,13.28,13.27,13.25,13.24,13.23,13.21,13.2,13.18,13.17,13.3,13.31,13.32,13.33,13.34,13.35,13.37,13.38,13.39,13.4,2800,4700,1200,500,1000,6000,1100,1800,1200,4000,29000,7000,8600,22100,11800,16900,8700,7800,2500,7400
219.0,13.3,446900,5923255.0,13.29,13.28,13.27,13.25,13.24,13.23,13.21,13.2,13.18,13.17,13.3,13.31,13.32,13.33,13.34,13.35,13.37,13.38,13.39,13.4,2600,4700,1200,500,1000,6000,1100,1800,1200,4000,28800,7000,8600,22100,11800,16900,8200,7800,2500,7400
220.0,13.3,447500,5931235.0,13.29,13.28,13.27,13.25,13.24,13.23,13.21,13.2,13.18,13.17,13.3,13.31,13.32,13.33,13.34,13.35,13.37,13.38,13.39,13.4,7600,4700,1200,500,1000,6000,1100,1800,1200,4000,28200,7000,8600,22100,11800,16900,8200,7800,2500,7400
221.0,13.3,460900,6109455.0,13.29,13.28,13.27,13.25,13.24,13.23,13.21,13.2,13.18,13.17,13.3,13.31,13.32,13.33,13.34,13.35,13.37,13.38,13.39,13.4,7600,4700,1200,500,1000,6000,1100,1800,1200,4000,14800,7000,8600,22100,11800,16900,8200,7800,2500,7400
222.0,13.3,465200,6166629.0,13.29,13.28,13.27,13.25,13.24,13.23,13.21,13.2,13.18,13.17,13.3,13.31,13.32,13.33,13.34,13.35,13.37,13.38,13.39,13.4,6000,4700,1200,500,1000,6000,1100,1800,1200,4000,12700,7000,8600,22100,11800,16900,8200,7800,2500,7400
223.0,13.29,466400,6182577.0,13.29,13.28,13.27,13.25,13.24,13.23,13.21,13.2,13.18,13.17,13.3,13.31,13.32,13.33,13.34,13.35,13.37,13.38,13.39,13.4,4800,4700,1200,500,1000,6000,1100,1800,1200,4000,12700,7000,9400,22100,11800,16900,8200,7800,2500,7400
224.0,13.3,466600,6185237.0,13.29,13.28,13.27,13.25,13.24,13.23,13.21,13.2,13.18,13.17,13.3,13.31,13.32,13.33,13.34,13.35,13.37,13.38,13.39,13.4,4800,4700,1200,500,1000,6000,1100,1800,1200,4000,12500,7000,9400,22100,11800,16900,8200,7800,2500,7400
225.0,13.29,471500,6250368.0,13.29,13.28,13.27,13.25,13.24,13.23,13.21,13.2,13.18,13.17,13.3,13.31,13.32,13.33,13.34,13.35,13.37,13.38,13.39,13.4,900,3100,1200,500,1000,6000,1100,1800,1200,4000,11500,7000,9400,22100,11800,16900,8200,7800,2500,7400
226.0,13.3,472500,6263668.0,13.29,13.28,13.27,13.25,13.24,13.23,13.21,13.2,13.18,13.17,13.3,13.31,13.32,13.33,13.34,13.35,13.37,13.38,13.39,13.4,900,3100,1200,500,1000,6000,1100,1800,1200,4000,10500,7000,8100,22100,11800,16900,8200,7800,2500,7400
227.0,13.29,474100,6284939.0,13.28,13.27,13.26,13.25,13.24,13.23,13.21,13.2,13.18,13.17,13.29,13.3,13.31,13.32,13.33,13.34,13.35,13.37,13.38,13.39,3100,1200,100,500,1000,6000,1100,1800,1200,4000,5200,9800,7000,8100,22900,11800,16900,8200,7800,2500
228.0,13.29,474100,6284939.0,13.28,13.27,13.26,13.25,13.24,13.23,13.21,13.2,13.18,13.17,13.29,13.3,13.31,13.32,13.33,13.34,13.35,13.37,13.38,13.39,3100,1200,100,500,1000,6000,1100,1800,1200,4000,5200,9800,7000,11100,22000,11800,16900,8200,7800,2500
229.0,13.29,476400,6315506.0,13.28,13.27,13.26,13.25,13.24,13.23,13.21,13.2,13.18,13.17,13.29,13.3,13.31,13.32,13.33,13.34,13.35,13.37,13.38,13.39,3100,1200,100,500,1000,6000,1100,1800,1200,4000,2900,9800,7000,11100,22000,11800,16900,8200,7800,2500
230.0,13.28,477600,6331442.0,13.28,13.27,13.26,13.25,13.24,13.23,13.21,13.2,13.18,13.17,13.29,13.3,13.31,13.32,13.33,13.34,13.35,13.37,13.38,13.39,1900,1200,100,500,1000,6000,1100,1800,1200,4000,2900,10800,7000,11100,22000,11800,16900,8200,7800,2500
231.0,13.28,477600,6331442.0,13.28,13.27,13.26,13.25,13.24,13.23,13.21,13.2,13.18,13.17,13.29,13.3,13.31,13.32,13.33,13.34,13.35,13.37,13.38,13.39,1900,1200,100,500,1000,6000,1100,1800,2200,4000,2900,10800,7000,11100,22000,11800,16900,8200,7800,2500
232.0,13.29,478600,6344732.0,13.28,13.27,13.26,13.25,13.24,13.23,13.21,13.2,13.18,13.17,13.29,13.3,13.31,13.32,13.33,13.34,13.35,13.37,13.38,13.39,1900,1200,100,500,1000,6000,1100,1800,2200,4000,1900,10800,7000,11100,22000,11800,16900,8200,7800,2500
233.0,13.28,478700,6346060.0,13.28,13.27,13.26,13.25,13.24,13.23,13.21,13.2,13.18,13.17,13.29,13.3,13.31,13.32,13.33,13.34,13.35,13.37,13.38,13.39,1800,1200,100,500,1000,6000,1100,1800,2200,4000,14800,10800,11400,11100,22000,11800,16900,8200,7800,2500
234.0,13.29,481800,6387259.0,13.28,13.27,13.26,13.25,13.24,13.23,13.21,13.2,13.18,13.17,13.29,13.3,13.31,13.32,13.33,13.34,13.35,13.37,13.38,13.39,1800,1200,100,500,1000,6000,1100,1800,2200,4000,11700,10800,11400,11100,22000,11800,16900,8200,7800,2500
235.0,13.29,481800,6387259.0,13.28,13.27,13.26,13.25,13.24,13.23,13.21,13.2,13.18,13.17,13.29,13.3,13.31,13.32,13.33,13.34,13.35,13.37,13.38,13.39,1800,1200,100,500,1000,6000,1100,1800,2200,4000,11700,10800,11400,11100,22000,11800,16400,8200,7800,2500
236.0,13.28,481900,6388587.0,13.28,13.27,13.26,13.25,13.24,13.23,13.21,13.2,13.18,13.17,13.29,13.3,13.31,13.32,13.33,13.34,13.35,13.37,13.38,13.39,1700,1200,100,500,1000,5000,1100,1800,2200,4000,11700,10800,11400,11100,22000,11800,16400,8200,7800,2500
237.0,13.29,483300,6407193.0,13.28,13.27,13.26,13.25,13.24,13.23,13.21,13.2,13.18,13.17,13.29,13.3,13.31,13.32,13.33,13.34,13.35,13.37,13.38,13.39,5200,1200,100,500,1000,5000,1100,1800,2200,4000,10300,10800,11400,11100,22000,11800,16400,8200,7800,2500
238.0,13.28,483800,6413833.0,13.28,13.27,13.26,13.25,13.24,13.23,13.21,13.2,13.18,13.17,13.29,13.3,13.31,13.32,13.33,13.34,13.35,13.37,13.38,13.39,5200,1200,100,500,1000,5000,1100,1800,2200,4000,10300,10800,11400,11100,22000,11800,16400,8200,7800,2500
239.0,13.29,485000,6429776.0,13.28,13.27,13.26,13.25,13.24,13.23,13.21,13.2,13.18,13.17,13.29,13.3,13.31,13.32,13.33,13.34,13.35,13.37,13.38,13.39,4700,1200,100,500,1000,5200,1100,1800,2200,4000,9600,10800,11400,11100,22000,11800,16400,8200,7800,2500
240.0,13.29,485000,6429776.0,13.28,13.27,13.26,13.25,13.24,13.23,13.21,13.2,13.18,13.17,13.29,13.3,13.31,13.32,13.33,13.34,13.35,13.37,13.38,13.39,4700,1200,100,500,1000,5200,1100,1800,2200,4000,13100,10800,11400,11100,22000,11800,16400,8200,7800,2500
241.0,13.29,498800,6613148.0,13.28,13.27,13.26,13.25,13.24,13.23,13.21,13.2,13.18,13.17,13.29,13.3,13.31,13.32,13.33,13.34,13.35,13.37,13.38,13.39,1800,1200,100,500,1000,5200,1100,1800,2200,4000,2300,10800,11400,11100,22000,11800,16400,8200,7800,2500
242.0,13.29,501100,6643712.0,13.28,13.27,13.26,13.25,13.24,13.23,13.21,13.2,13.18,13.17,13.29,13.3,13.31,13.32,13.33,13.34,13.35,13.37,13.38,13.39,1500,1200,100,500,1000,5200,1100,2800,2200,4000,300,10800,11400,11600,21200,11800,16400,8200,7800,2500
243.0,13.28,501200,6645040.0,13.28,13.27,13.26,13.25,13.24,13.23,13.21,13.2,13.18,13.17,13.29,13.3,13.31,13.32,13.33,13.34,13.35,13.37,13.38,13.39,1400,1200,100,500,1000,5200,1100,2800,2200,4000,300,10800,11400,11600,21200,11800,16400,8200,7800,2500
244.0,13.28,501200,6645040.0,13.28,13.27,13.26,13.25,13.24,13.23,13.21,13.2,13.18,13.17,13.29,13.3,13.31,13.32,13.33,13.34,13.35,13.37,13.38,13.39,1400,1200,100,500,1000,5200,1100,2800,2200,4000,300,10800,11400,11600,21200,11800,16400,8200,7800,2500
245.0,13.3,508600,6743379.0,13.27,13.26,13.25,13.24,13.23,13.21,13.2,13.18,13.17,13.16,13.3,13.31,13.32,13.33,13.34,13.35,13.37,13.38,13.39,13.4,1200,100,500,1000,5200,1100,2800,2200,4000,1600,7600,11400,13600,21200,11800,16400,8200,7800,2500,7000
246.0,13.28,510100,6763298.0,13.27,13.26,13.25,13.24,13.23,13.21,13.2,13.18,13.17,13.16,13.28,13.3,13.31,13.32,13.33,13.34,13.35,13.37,13.38,13.39,3800,100,500,1000,5200,1100,2800,2200,4000,1600,1600,11200,11400,13600,21200,11800,16400,8200,7800,2500
247.0,13.28,516500,6848290.0,13.29,13.27,13.26,13.25,13.24,13.23,13.21,13.2,13.18,13.17,13.3,13.31,13.32,13.33,13.34,13.35,13.37,13.38,13.39,13.4,700,3800,100,500,1000,5200,1100,2800,2200,4300,11200,11400,13600,21200,11800,16400,8200,7800,2500,7000
248.0,13.3,516900,6853610.0,13.29,13.27,13.26,13.25,13.24,13.23,13.21,13.2,13.18,13.17,13.3,13.31,13.32,13.33,13.34,13.35,13.37,13.38,13.39,13.4,700,3800,100,500,1000,5200,1100,2800,2200,4300,10800,11400,13700,21200,11800,16400,8200,7800,2500,7000
249.0,13.3,516900,6853610.0,13.29,13.27,13.26,13.25,13.24,13.23,13.21,13.2,13.18,13.17,13.3,13.31,13.32,13.33,13.34,13.35,13.37,13.38,13.39,13.4,700,3800,100,500,1000,5200,1100,2800,2200,4300,10800,11500,13700,21200,11800,16400,8200,7800,2500,7000
250.0,13.3,516900,6853610.0,13.29,13.27,13.26,13.25,13.24,13.23,13.21,13.2,13.18,13.17,13.3,13.31,13.32,13.33,13.34,13.35,13.37,13.38,13.39,13.4,700,3800,100,500,1000,5200,1100,2800,2200,4300,21100,17500,13700,21200,11800,16400,8200,7800,2500,7000
251.0,13.29,517300,6858926.0,13.29,13.28,13.27,13.26,13.25,13.24,13.23,13.21,13.2,13.18,13.3,13.31,13.32,13.33,13.34,13.35,13.37,13.38,13.39,13.4,300,1600,3800,100,500,1000,5200,1100,2800,2200,22100,18000,12900,21200,11800,16400,8200,7800,2500,7000
252.0,13.29,517500,6861584.0,13.29,13.28,13.27,13.26,13.25,13.24,13.23,13.21,13.2,13.18,13.3,13.31,13.32,13.33,13.34,13.35,13.37,13.38,13.39,13.4,2300,1600,3800,100,500,1000,5200,1100,2800,2200,22100,18000,12900,21200,11800,16400,8200,7800,2500,7000
253.0,13.3,521400,6913448.0,13.29,13.28,13.27,13.26,13.25,13.24,13.23,13.21,13.2,13.18,13.3,13.31,13.32,13.33,13.34,13.35,13.37,13.38,13.39,13.4,1700,1600,3800,100,500,1000,5200,1100,2800,2200,18800,18000,12900,19100,11800,16700,8200,7800,2500,7000
254.0,13.3,521400,6913448.0,13.29,13.28,13.27,13.26,13.25,13.24,13.23,13.21,13.2,13.18,13.3,13.31,13.32,13.33,13.34,13.35,13.37,13.38,13.39,13.4,1700,1600,3800,100,500,1000,5200,1100,2800,2200,18800,18000,12900,19100,11800,16700,8200,7800,2500,7000
255.0,13.3,521400,6913448.0,13.29,13.28,13.27,13.26,13.25,13.24,13.23,13.21,13.2,13.18,13.3,13.31,13.32,13.33,13.34,13.35,13.37,13.38,13.39,13.4,1700,1600,3800,100,500,1000,5200,1100,2800,2200,18800,18000,12900,19100,11800,16700,8200,7800,2500,7000
256.0,13.29,525300,6965314.0,13.29,13.28,13.27,13.26,13.25,13.24,13.23,13.21,13.2,13.18,13.3,13.31,13.32,13.33,13.34,13.35,13.37,13.38,13.39,13.4,1300,7700,3800,100,500,1000,5200,1100,2800,2200,15300,18000,12900,19100,11800,16700,8200,7800,2500,7000
257.0,13.29,525300,6965314.0,13.29,13.28,13.27,13.26,13.25,13.24,13.23,13.21,13.2,13.18,13.3,13.31,13.32,13.33,13.34,13.35,13.37,13.38,13.39,13.4,1300,7700,3800,100,500,1000,5200,1100,2800,2200,15300,18000,12900,19100,11800,16700,8200,7800,2500,7000
258.0,13.29,525300,6965314.0,13.29,13.28,13.27,13.26,13.25,13.24,13.23,13.21,13.2,13.18,13.3,13.31,13.32,13.33,13.34,13.35,13.37,13.38,13.39,13.4,1300,7700,3800,100,500,1000,5200,1100,2800,2200,16900,18700,12900,19100,11800,16700,8200,7800,2500,7000
259.0,13.29,525400,6966643.0,13.29,13.28,13.27,13.26,13.25,13.24,13.23,13.21,13.2,13.18,13.3,13.31,13.32,13.33,13.34,13.35,13.37,13.38,13.39,13.4,2200,7700,3800,100,500,1000,5200,1100,2800,2200,16900,18700,12900,19100,11800,16700,8200,7800,2500,7000
260.0,13.3,528300,7005211.0,13.29,13.28,13.27,13.26,13.25,13.24,13.23,13.21,13.2,13.18,13.3,13.31,13.32,13.33,13.34,13.35,13.37,13.38,13.39,13.4,2000,7700,3800,100,500,1000,6100,1100,2800,2200,14200,18700,12900,19100,11800,16700,8200,7800,2500,7000
261.0,13.29,533600,7075648.0,13.28,13.27,13.26,13.25,13.24,13.23,13.21,13.2,13.18,13.17,13.29,13.3,13.31,13.32,13.33,13.34,13.35,13.37,13.38,13.39,7700,3800,100,500,1000,6100,1100,2800,2200,4300,1200,14200,18700,12900,19100,11800,16700,8200,7800,2500
262.0,13.29,533600,7075648.0,13.28,13.27,13.26,13.25,13.24,13.23,13.21,13.2,13.18,13.17,13.29,13.3,13.31,13.32,13.33,13.34,13.35,13.37,13.38,13.39,7700,3800,100,500,1000,6100,1100,2800,2200,4300,1300,17000,19000,12900,19100,11800,16700,8200,7800,2500
263.0,13.29,533700,7076977.0,13.28,13.27,13.26,13.25,13.24,13.23,13.21,13.2,13.18,13.17,13.29,13.3,13.31,13.32,13.33,13.34,13.35,13.37,13.38,13.39,7700,3800,100,500,1000,6100,1100,2800,2200,4300,5400,17000,19000,12900,19100,11800,16700,8200,7800,2500
264.0,13.29,533800,7078306.0,13.28,13.27,13.26,13.25,13.24,13.23,13.21,13.2,13.18,13.17,13.29,13.3,13.31,13.32,13.33,13.34,13.35,13.37,13.38,13.39,7700,3800,100,500,1000,6100,1100,3800,2200,4300,5600,17000,19000,12900,19100,11800,16700,8200,7800,2500
265.0,13.28,535300,7098226.0,13.28,13.27,13.26,13.25,13.24,13.23,13.21,13.2,13.18,13.17,13.29,13.3,13.31,13.32,13.33,13.34,13.35,13.37,13.38,13.39,6200,3800,100,500,1000,6100,1100,3800,2200,4300,5600,18500,19000,12900,19100,11800,16700,8200,7800,2500
266.0,13.29,535800,7104871.0,13.28,13.27,13.26,13.25,13.24,13.23,13.21,13.2,13.18,13.17,13.29,13.3,13.31,13.32,13.33,13.34,13.35,13.37,13.38,13.39,6200,3800,100,500,1000,6100,1100,3800,2200,4300,5100,18500,19000,12900,19100,11800,16700,8200,7800,2500
267.0,13.29,537800,7131445.0,13.28,13.27,13.26,13.25,13.24,13.23,13.21,13.2,13.18,13.17,13.29,13.3,13.31,13.32,13.33,13.34,13.35,13.37,13.38,13.39,5600,3800,100,500,1000,6100,1100,3800,2200,4300,3700,18500,19000,12900,19100,11800,16700,8200,7800,2500
268.0,13.29,537800,7131445.0,13.28,13.27,13.26,13.25,13.24,13.23,13.21,13.2,13.18,13.17,13.29,13.3,13.31,13.32,13.33,13.34,13.35,13.37,13.38,13.39,5800,3800,100,500,1000,6100,1100,3800,2200,4300,4000,18900,19000,12900,19100,11800,16700,8200,7800,2500
269.0,13.28,538000,7134101.0,13.28,13.27,13.26,13.25,13.24,13.23,13.21,13.2,13.18,13.17,13.29,13.3,13.31,13.32,13.33,13.34,13.35,13.37,13.38,13.39,5600,3800,100,500,1000,6100,1100,3800,2200,4300,6200,18900,19000,12900,13100,11800,16700,8200,7800,2500
270.0,13.29,538800,7144733.0,13.28,13.27,13.26,13.25,13.24,13.23,13.21,13.2,13.18,13.17,13.29,13.3,13.31,13.32,13.33,13.34,13.35,13.37,13.38,13.39,5900,3800,100,500,1000,6100,1100,3800,2200,4300,5400,18900,19000,12900,13100,11800,16700,8200,7800,2500
271.0,13.29,538800,7144733.0,13.28,13.27,13.26,13.25,13.24,13.23,13.21,13.2,13.18,13.17,13.29,13.3,13.31,13.32,13.33,13.34,13.35,13.37,13.38,13.39,5900,3800,100,1000,1000,6100,1100,3800,2200,4300,5400,17400,19000,12900,13100,11800,16700,8200,7800,2500
272.0,13.29,538800,7144733.0,13.28,13.27,13.26,13.25,13.24,13.23,13.21,13.2,13.18,13.17,13.29,13.3,13.31,13.32,13.33,13.34,13.35,13.37,13.38,13.39,6600,3800,100,1000,1000,6100,1100,3800,2200,4300,5400,17400,19000,12900,13100,11800,16700,8200,7800,2500
273.0,13.29,539300,7151378.0,13.28,13.27,13.26,13.25,13.23,13.21,13.2,13.18,13.17,13.16,13.29,13.3,13.31,13.32,13.33,13.34,13.35,13.37,13.38,13.39,6600,3800,100,1000,6100,1100,3800,3200,4300,1600,4900,17400,19000,12900,13100,11800,16700,8200,7800,2500
274.0,13.29,539300,7151378.0,13.28,13.27,13.26,13.25,13.23,13.21,13.2,13.18,13.17,13.16,13.29,13.3,13.31,13.32,13.33,13.34,13.35,13.37,13.38,13.39,6600,3800,100,1000,6100,1100,3800,3200,4300,1600,4900,17400,19000,12900,13100,11800,16700,8200,7800,2500
275.0,13.28,545100,7228402.0,13.28,13.27,13.26,13.25,13.23,13.21,13.2,13.18,13.17,13.16,13.29,13.3,13.31,13.32,13.33,13.34,13.35,13.37,13.38,13.39,800,3800,100,1000,6100,1100,3800,3200,4300,1600,4900,17400,18900,12900,13100,11800,16700,8200,7800,2500
276.0,13.29,546000,7240363.0,13.28,13.27,13.26,13.25,13.23,13.21,13.2,13.18,13.17,13.16,13.29,13.3,13.31,13.32,13.33,13.34,13.35,13.37,13.38,13.39,800,3800,100,1000,6100,1100,3800,3200,4300,1600,4000,17400,14500,13400,13100,11800,16700,8200,7800,2500
277.0,13.28,546100,7241691.0,13.28,13.27,13.26,13.25,13.23,13.21,13.2,13.18,13.17,13.16,13.29,13.3,13.31,13.32,13.33,13.34,13.35,13.37,13.38,13.39,700,3800,100,1000,6100,1100,3800,3200,4300,1600,4100,21200,14500,13400,13100,11800,16700,8200,7800,2500
278.0,13.28,546200,7243019.0,13.28,13.27,13.26,13.25,13.23,13.21,13.2,13.18,13.17,13.16,13.29,13.3,13.31,13.32,13.33,13.34,13.35,13.37,13.38,13.39,1200,3800,100,1000,6100,1100,3800,3200,4300,1600,4100,21200,14500,13400,13100,11800,16700,8200,7800,2500
279.0,13.29,548900,7278887.0,13.27,13.26,13.25,13.23,13.21,13.2,13.18,13.17,13.16,13.15,13.29,13.3,13.31,13.32,13.33,13.34,13.35,13.37,13.38,13.39,3800,1600,1000,6100,1100,3800,3200,4300,1600,9600,2900,21200,14500,13400,13100,11800,16700,8200,7800,2500
280.0,13.29,549100,7281545.0,13.27,13.26,13.25,13.23,13.21,13.2,13.18,13.17,13.16,13.15,13.28,13.29,13.3,13.31,13.32,13.33,13.34,13.35,13.37,13.38,5600,1600,1000,6100,1100,3800,3200,4300,1600,9600,10800,5500,21300,14500,13400,13100,11800,16700,8200,7800
281.0,13.28,549900,7292169.0,13.27,13.26,13.25,13.23,13.21,13.2,13.18,13.17,13.16,13.15,13.28,13.29,13.3,13.31,13.32,13.33,13.34,13.35,13.37,13.38,5600,1600,1000,6100,1100,3800,3200,4300,1600,9600,11500,5500,21300,14500,13400,13100,11800,16700,8200,7800
282.0,13.27,551400,7312084.0,13.27,13.26,13.25,13.23,13.21,13.2,13.18,13.17,13.16,13.15,13.28,13.29,13.3,13.31,13.32,13.33,13.34,13.35,13.37,13.38,5100,1600,1000,6100,1100,3800,3200,4300,1600,9600,10500,6300,21300,14500,13400,13100,11800,16700,8200,7800
283.0,13.28,552100,7321380.0,13.27,13.26,13.25,13.23,13.21,13.2,13.18,13.17,13.16,13.15,13.28,13.29,13.3,13.31,13.32,13.33,13.34,13.35,13.37,13.38,5100,1600,1000,7200,1100,3800,3200,4300,1600,9600,9800,6300,19700,14500,13400,13100,11800,17200,8200,7800
284.0,13.28,552100,7321380.0,13.27,13.26,13.25,13.23,13.21,13.2,13.18,13.17,13.16,13.15,13.28,13.29,13.3,13.31,13.32,13.33,13.34,13.35,13.37,13.38,5100,1600,1000,7200,1100,3800,3200,4300,1600,9600,11200,6300,19700,14500,13400,13100,11800,17200,8200,7800
285.0,13.28,552100,7321380.0,13.27,13.26,13.25,13.23,13.21,13.2,13.18,13.17,13.16,13.15,13.28,13.29,13.3,13.31,13.32,13.33,13.34,13.35,13.37,13.38,5100,1600,1000,7200,1100,3800,3200,4300,1600,9600,11200,6300,19700,14500,13400,13100,11800,17200,8200,7800
286.0,13.28,552800,7330676.0,13.27,13.26,13.25,13.23,13.21,13.2,13.18,13.17,13.16,13.15,13.28,13.29,13.3,13.31,13.32,13.33,13.34,13.35,13.37,13.38,5100,1600,1000,7200,1100,3800,3200,4300,1600,9600,10500,6300,19700,14500,13400,13100,11800,17200,8200,7800
287.0,13.28,554800,7357236.0,13.27,13.26,13.25,13.23,13.21,13.2,13.18,13.17,13.16,13.15,13.28,13.29,13.3,13.31,13.32,13.33,13.34,13.35,13.37,13.38,5100,1600,1000,7200,1100,3800,3200,4300,1600,9600,8500,6300,19700,14500,13400,13100,11800,17200,8200,7800
288.0,13.28,554800,7357236.0,13.27,13.26,13.25,13.23,13.21,13.2,13.18,13.17,13.16,13.15,13.28,13.29,13.3,13.31,13.32,13.33,13.34,13.35,13.37,13.38,5100,1600,1000,7200,1100,3800,3200,4300,1600,9600,8500,6300,19700,14500,13400,13100,11800,17200,8200,7800
289.0,13.27,555800,7370506.0,13.27,13.26,13.25,13.23,13.21,13.2,13.18,13.17,13.16,13.15,13.28,13.29,13.3,13.31,13.32,13.33,13.34,13.35,13.37,13.38,4100,1600,1000,7200,1100,3800,3200,4300,1600,9600,8500,6300,19700,14500,13400,13100,11800,17200,8200,7800
290.0,13.27,556900,7385110.0,13.27,13.26,13.25,13.23,13.21,13.2,13.18,13.17,13.16,13.15,13.28,13.29,13.3,13.31,13.32,13.33,13.34,13.35,13.37,13.38,3700,1600,1000,7200,1100,3800,3200,4300,1600,9600,7800,6300,20900,14500,13400,13100,11800,17200,8200,7800
291.0,13.28,557000,7386438.0,13.27,13.26,13.25,13.23,13.21,13.2,13.18,13.17,13.16,13.15,13.28,13.29,13.3,13.31,13.32,13.33,13.34,13.35,13.37,13.38,3700,1600,1000,7200,1100,3800,3200,4300,1600,9600,6200,6200,20900,14500,13400,13100,11800,17200,8200,7800
292.0,13.27,561500,7446153.0,13.26,13.25,13.23,13.21,13.2,13.18,13.17,13.16,13.15,13.13,13.27,13.28,13.29,13.3,13.31,13.32,13.33,13.34,13.35,13.37,1600,1000,7200,1100,3800,2200,4300,1600,9600,2600,2800,6300,9200,20900,14500,13400,13100,11800,17200,8200
293.0,13.27,561700,7448807.0,13.26,13.25,13.23,13.21,13.2,13.18,13.17,13.16,13.15,13.13,13.27,13.28,13.29,13.3,13.31,13.32,13.33,13.34,13.35,13.37,1600,1000,7200,1100,3800,2200,4300,1600,9600,2600,3600,6300,9800,20900,14500,13400,13100,11800,17200,8200
294.0,13.27,561700,7448807.0,13.26,13.25,13.23,13.21,13.2,13.18,13.17,13.16,13.15,13.13,13.27,13.28,13.29,13.3,13.31,13.32,13.33,13.34,13.35,13.37,1600,1000,7200,1100,3800,2200,4300,1600,9600,2600,3900,6300,9800,20900,14500,13400,13100,11800,17200,8200
295.0,13.27,561700,7448807.0,13.26,13.25,13.23,13.21,13.2,13.18,13.17,13.16,13.15,13.13,13.27,13.28,13.29,13.3,13.31,13.32,13.33,13.34,13.35,13.37,1600,1000,7200,1100,3800,2200,4300,1600,9600,2600,4800,6300,9800,20900,14500,13400,13100,11800,17200,8200
296.0,13.27,562100,7454115.0,13.26,13.25,13.23,13.21,13.2,13.18,13.17,13.16,13.15,13.13,13.27,13.28,13.29,13.3,13.31,13.32,13.33,13.34,13.35,13.37,1600,1000,7200,1100,3800,2200,4300,1600,9600,2600,4400,5900,9800,20900,14500,16400,13100,11800,17200,8200
297.0,13.26,563700,7475331.0,13.25,13.23,13.21,13.2,13.18,13.17,13.16,13.15,13.13,13.12,13.27,13.28,13.29,13.3,13.31,13.32,13.33,13.34,13.35,13.37,1000,7200,1100,3800,2200,4300,1600,9600,2600,49100,4900,5900,9800,20900,14500,16400,13100,11800,17200,8200
298.0,13.27,564700,7488601.0,13.25,13.23,13.21,13.2,13.18,13.17,13.16,13.15,13.13,13.12,13.27,13.28,13.29,13.3,13.31,13.32,13.33,13.34,13.35,13.37,1400,7200,1100,3800,2200,4300,1600,9600,2600,49100,4300,5900,9800,20900,14500,16400,13100,11800,17200,8200
299.0,13.27,566300,7509833.0,13.25,13.23,13.21,13.2,13.18,13.17,13.16,13.15,13.13,13.12,13.27,13.28,13.29,13.3,13.31,13.32,13.33,13.34,13.35,13.37,3000,7200,1100,3800,2200,4300,1600,9600,2600,49100,4300,6900,9800,20900,14500,16400,13100,11800,17200,8200
300.0,13.27,569000,7545620.0,13.25,13.23,13.21,13.2,13.18,13.17,13.16,13.15,13.13,13.12,13.27,13.28,13.29,13.3,13.31,13.32,13.33,13.34,13.35,13.37,900,7200,1100,3800,2200,4300,1600,9600,2600,49100,3700,6900,9800,20900,14500,16400,13100,11800,17200,8200
301.0,13.27,569000,7545620.0,13.25,13.23,13.21,13.2,13.18,13.17,13.16,13.15,13.13,13.12,13.27,13.28,13.29,13.3,13.31,13.32,13.33,13.34,13.35,13.37,2300,7200,1100,3800,2200,5500,1600,9600,2600,49100,5700,6900,9800,20900,14500,16400,13100,11800,17200,8200
302.0,13.27,569000,7545620.0,13.25,13.23,13.21,13.2,13.18,13.17,13.16,13.15,13.13,13.12,13.27,13.28,13.29,13.3,13.31,13.32,13.33,13.34,13.35,13.37,2900,7200,1100,3800,2200,5500,1600,9600,2600,49100,5700,6900,9800,20900,14500,16400,13100,11800,17200,8200
303.0,13.27,569500,7552255.0,13.25,13.23,13.21,13.2,13.18,13.17,13.16,13.15,13.13,13.12,13.27,13.28,13.29,13.3,13.31,13.32,13.33,13.34,13.35,13.37,4300,7200,2900,5800,2200,5500,1600,9600,2600,49100,8100,6900,9800,20900,14500,16400,13100,11800,17200,8200
304.0,13.28,580700,7700872.0,13.27,13.25,13.24,13.23,13.21,13.2,13.18,13.17,13.16,13.15,13.28,13.29,13.3,13.31,13.32,13.33,13.34,13.35,13.37,13.38,3400,11400,3000,7200,2900,5800,2200,5500,1600,9600,6800,9800,20900,14500,16400,13100,11800,17200,8200,7800
305.0,13.28,580700,7700872.0,13.27,13.25,13.24,13.23,13.21,13.2,13.18,13.17,13.16,13.15,13.28,13.29,13.3,13.31,13.32,13.33,13.34,13.35,13.37,13.38,3400,11400,3000,7200,2900,5800,2200,5500,2600,9600,6800,9800,20900,14500,16400,13100,11800,17200,8200,7800
306.0,13.28,581300,7708840.0,13.27,13.25,13.24,13.23,13.21,13.2,13.18,13.17,13.16,13.15,13.28,13.29,13.3,13.31,13.32,13.33,13.34,13.35,13.37,13.38,3400,11400,3100,7200,2900,5800,2200,5500,2600,9600,6200,9800,20900,14500,16400,13100,11800,17200,8200,7800
307.0,13.27,588300,7801776.0,13.27,13.25,13.24,13.23,13.21,13.2,13.18,13.17,13.16,13.15,13.28,13.29,13.3,13.31,13.32,13.33,13.34,13.35,13.37,13.38,1000,11400,3100,7200,2900,5800,2200,5500,2600,9600,1600,9800,20900,14500,16400,13100,11800,17200,8200,7800
308.0,13.27,589300,7815046.0,13.25,13.24,13.23,13.21,13.2,13.18,13.17,13.16,13.15,13.13,13.28,13.29,13.3,13.31,13.32,13.33,13.34,13.35,13.37,13.38,11400,3100,7200,2900,5800,2200,5500,2600,9600,2600,1600,9800,20900,14500,16400,13100,12100,17200,8200,7800
309.0,13.28,603500,8003220.0,13.25,13.24,13.23,13.21,13.2,13.18,13.17,13.16,13.15,13.13,13.27,13.28,13.29,13.3,13.31,13.32,13.33,13.34,13.35,13.37,8100,3100,7200,2900,5800,2200,5500,2600,9600,2600,700,2200,9800,20900,14500,16400,13100,12100,17200,8200
310.0,13.27,606200,8039015.0,13.25,13.24,13.23,13.21,13.2,13.18,13.17,13.16,13.15,13.13,13.27,13.28,13.29,13.3,13.31,13.32,13.33,13.34,13.35,13.37,7100,3100,7200,2900,5800,2200,5500,2600,9600,2600,600,3200,9800,20900,14500,16400,13100,12100,17200,8200
311.0,13.27,606200,8039015.0,13.25,13.24,13.23,13.21,13.2,13.18,13.17,13.16,13.15,13.13,13.27,13.28,13.29,13.3,13.31,13.32,13.33,13.34,13.35,13.37,7100,3100,7200,2900,5800,2200,5500,2600,9600,2600,600,3200,9800,20900,14500,16400,13100,12100,17200,8200
312.0,13.25,608300,8066840.0,13.25,13.24,13.23,13.21,13.2,13.18,13.17,13.16,13.15,13.13,13.27,13.28,13.29,13.3,13.31,13.32,13.33,13.34,13.35,13.37,5500,3100,7200,2900,5800,2200,5500,2600,9600,2700,1100,3400,9800,20900,14500,16400,13100,12400,17200,8200
313.0,13.27,609300,8080110.0,13.26,13.25,13.24,13.23,13.21,13.2,13.18,13.17,13.16,13.15,13.27,13.28,13.29,13.3,13.31,13.32,13.33,13.34,13.35,13.37,900,6200,3100,7200,2900,5800,2200,5500,2600,9600,4500,3400,9800,20900,14500,16400,13100,12400,17200,8200
314.0,13.27,609300,8080110.0,13.26,13.25,13.24,13.23,13.21,13.2,13.18,13.17,13.16,13.15,13.27,13.28,13.29,13.3,13.31,13.32,13.33,13.34,13.35,13.37,900,6200,3100,7200,2900,5800,2200,5500,2600,9600,6500,3500,9800,20900,14500,16400,13100,12400,17200,8200
315.0,13.27,609900,8088072.0,13.26,13.25,13.24,13.23,13.21,13.2,13.18,13.17,13.16,13.15,13.27,13.28,13.29,13.3,13.31,13.32,13.33,13.34,13.35,13.37,900,6200,3100,7200,2900,5800,2200,5500,2600,9600,5900,3500,9800,20900,14500,16400,13100,12400,17200,8200
316.0,13.27,609900,8088072.0,13.26,13.25,13.24,13.23,13.21,13.2,13.18,13.17,13.16,13.15,13.27,13.28,13.29,13.3,13.31,13.32,13.33,13.34,13.35,13.37,900,6200,6800,7200,2900,5800,2200,5500,2600,9600,5900,3500,9800,20900,14500,16400,13100,12400,17200,8200
317.0,13.27,610900,8101342.0,13.25,13.24,13.23,13.21,13.2,13.18,13.17,13.16,13.15,13.13,13.27,13.28,13.29,13.3,13.31,13.32,13.33,13.34,13.35,13.37,1900,6800,7200,2900,5800,2200,5500,2600,9600,3200,4900,3500,9800,20900,14500,16400,13100,12400,17200,8200
318.0,13.27,610900,8101342.0,13.25,13.24,13.23,13.21,13.2,13.18,13.17,13.16,13.15,13.13,13.27,13.28,13.29,13.3,13.31,13.32,13.33,13.34,13.35,13.37,1900,6800,7200,2900,5800,2200,5500,2600,9600,3200,4900,3500,9800,20900,14500,16400,13100,12400,17200,8200
319.0,13.27,611300,8106650.0,13.25,13.24,13.23,13.21,13.2,13.18,13.17,13.16,13.15,13.13,13.27,13.28,13.29,13.3,13.31,13.32,13.33,13.34,13.35,13.37,3000,6800,7200,2900,5800,2200,5500,2600,9600,3200,4500,3500,9800,29300,14500,16400,13100,12400,17200,8200
320.0,13.25,611600,8110625.0,13.25,13.24,13.23,13.21,13.2,13.18,13.17,13.16,13.15,13.13,13.26,13.27,13.28,13.29,13.3,13.31,13.32,13.33,13.34,13.35,2900,6800,7200,2900,5800,2200,5500,2600,9600,3200,100,4500,3500,9800,29300,14500,16400,13100,12400,17200
321.0,13.27,613400,8134510.0,13.25,13.24,13.23,13.21,13.2,13.18,13.17,13.16,13.15,13.13,13.27,13.28,13.29,13.3,13.31,13.32,13.33,13.34,13.35,13.37,2900,6800,7200,2900,5800,2200,5500,2600,9600,3200,4800,3500,9800,30700,14500,16400,13100,12400,17200,8200
322.0,13.27,613800,8139818.0,13.25,13.24,13.23,13.21,13.2,13.18,13.17,13.16,13.15,13.13,13.26,13.27,13.28,13.29,13.3,13.31,13.32,13.33,13.34,13.35,2900,6800,7200,2900,5800,2200,5500,2600,9600,3200,700,4700,3500,9800,30700,14500,16400,13100,12400,17200
323.0,13.25,614700,8151743.0,13.25,13.24,13.23,13.21,13.2,13.18,13.17,13.16,13.15,13.13,13.26,13.27,13.28,13.29,13.3,13.31,13.32,13.33,13.34,13.35,2000,6800,7200,2900,5800,2200,5500,2600,9600,3200,700,4700,3500,9800,30700,14500,16400,13100,12400,17200
324.0,13.25,614700,8151743.0,13.25,13.24,13.23,13.21,13.2,13.18,13.17,13.16,13.15,13.13,13.26,13.27,13.28,13.29,13.3,13.31,13.32,13.33,13.34,13.35,2000,6800,7200,2900,5800,2200,5500,2600,9600,3200,700,4700,3500,9800,30700,14500,16400,13100,12400,17200
325.0,13.25,614700,8151743.0,13.25,13.24,13.23,13.21,13.2,13.18,13.17,13.16,13.15,13.13,13.26,13.27,13.28,13.29,13.3,13.31,13.32,13.33,13.34,13.35,2200,6800,7200,2900,5800,2200,5500,2600,9600,3200,700,4700,3500,9800,30700,14900,16400,13100,12400,17200
326.0,13.25,614700,8151743.0,13.25,13.24,13.23,13.21,13.2,13.18,13.17,13.16,13.15,13.13,13.26,13.27,13.28,13.29,13.3,13.31,13.32,13.33,13.34,13.35,2200,6800,7000,2900,5800,2200,5500,2600,9600,3200,1100,4700,3500,9800,30700,14900,16400,13100,12400,17200
327.0,13.26,615200,8158371.0,13.25,13.24,13.23,13.21,13.2,13.18,13.17,13.16,13.15,13.13,13.26,13.27,13.28,13.29,13.3,13.31,13.32,13.33,13.34,13.35,2000,6800,7000,2900,5800,2200,5500,2600,9600,3200,800,4700,3500,9800,30700,14900,16400,13100,12400,17200
328.0,13.26,615200,8158371.0,13.25,13.24,13.23,13.21,13.2,13.18,13.17,13.16,13.15,13.13,13.26,13.27,13.28,13.29,13.3,13.31,13.32,13.33,13.34,13.35,2000,6800,7000,2900,5800,2200,5500,2600,9600,3200,800,4700,3500,9800,30700,14900,16400,13100,12400,17200
329.0,13.26,615200,8158371.0,13.25,13.24,13.23,13.21,13.2,13.18,13.17,13.16,13.15,13.13,13.26,13.27,13.28,13.29,13.3,13.31,13.32,13.33,13.34,13.35,2000,6800,7000,2900,5800,2200,5500,2600,9600,3200,800,4700,4700,9800,30700,14900,16400,13100,12400,17200
330.0,13.25,617200,8184871.0,13.24,13.23,13.21,13.2,13.18,13.17,13.16,13.15,13.13,13.12,13.26,13.27,13.28,13.29,13.3,13.31,13.32,13.33,13.34,13.35,6800,7000,2900,5800,2200,5500,2600,9600,3200,49100,800,4800,4700,9800,30700,14900,16400,13100,12400,17200
331.0,13.25,617200,8184871.0,13.24,13.23,13.21,13.2,13.18,13.17,13.16,13.15,13.13,13.12,13.26,13.27,13.28,13.29,13.3,13.31,13.32,13.33,13.34,13.35,7200,7000,2900,5800,2200,5500,2600,9600,3200,49100,1200,4800,4700,9800,31200,14900,16400,13100,12400,17200
332.0,13.26,617300,8186197.0,13.24,13.23,13.21,13.2,13.18,13.17,13.16,13.15,13.13,13.12,13.26,13.27,13.28,13.29,13.3,13.31,13.32,13.33,13.34,13.35,7800,7000,2900,5800,2200,5500,2600,9600,3200,49100,1700,5600,4700,9800,31200,14900,16400,13100,12400,17200
333.0,13.26,617300,8186197.0,13.25,13.24,13.23,13.21,13.2,13.18,13.17,13.16,13.15,13.13,13.26,13.27,13.28,13.29,13.3,13.31,13.32,13.33,13.34,13.35,5100,8200,7000,2900,5800,2200,5500,2600,9600,3200,2100,5600,4700,9800,31200,14900,18400,13100,12400,17200
334.0,13.25,618400,8200774.0,13.25,13.24,13.23,13.21,13.2,13.18,13.17,13.16,13.15,13.13,13.26,13.27,13.28,13.29,13.3,13.31,13.32,13.33,13.34,13.35,4200,8500,7000,2900,5800,2200,5500,2600,9600,3200,1900,5600,4700,9800,31200,14900,15400,13100,12400,17200
335.0,13.26,620100,8223316.0,13.25,13.24,13.23,13.21,13.2,13.18,13.17,13.16,13.15,13.13,13.26,13.27,13.28,13.29,13.3,13.31,13.32,13.33,13.34,13.35,4200,8500,7000,2900,5800,2200,5500,2600,9600,3200,200,5600,4700,9800,31200,14900,15400,13100,12400,16100
336.0,13.26,620100,8223316.0,13.25,13.24,13.23,13.21,13.2,13.18,13.17,13.16,13.15,13.13,13.26,13.27,13.28,13.29,13.3,13.31,13.32,13.33,13.34,13.35,4200,8500,7000,2900,5800,2200,5500,2600,9600,3200,200,5500,4700,9800,31200,14900,15400,13100,12400,16100
337.0,13.26,620100,8223316.0,13.25,13.24,13.23,13.21,13.2,13.18,13.17,13.16,13.15,13.13,13.26,13.27,13.28,13.29,13.3,13.31,13.32,13.33,13.34,13.35,4200,8500,7000,2900,5800,2200,5500,2600,9600,3200,700,5500,4700,9800,31200,14900,15400,13100,12400,16100
338.0,13.26,620100,8223316.0,13.25,13.24,13.23,13.21,13.2,13.18,13.17,13.16,13.15,13.13,13.26,13.27,13.28,13.29,13.3,13.31,13.32,13.33,13.34,13.35,4200,8500,7000,2900,5800,2200,5500,2600,9600,3200,700,5500,4700,9800,31200,14900,15400,13100,12400,16100
339.0,13.26,620300,8225968.0,13.25,13.24,13.23,13.21,13.2,13.18,13.17,13.16,13.15,13.13,13.26,13.27,13.28,13.29,13.3,13.31,13.32,13.33,13.34,13.35,4200,8500,7000,2900,5800,2200,5500,2600,9600,3200,500,5500,4700,9800,31200,14900,15400,13100,12400,16100
340.0,13.26,620300,8225968.0,13.25,13.24,13.23,13.21,13.2,13.18,13.17,13.16,13.15,13.13,13.26,13.27,13.28,13.29,13.3,13.31,13.32,13.33,13.34,13.35,4200,8800,7000,2900,5800,2200,5500,2600,9600,3200,1500,5500,4700,9800,31200,14900,15400,13100,12400,16100
341.0,13.25,620700,8231268.0,13.25,13.24,13.23,13.21,13.2,13.18,13.17,13.16,13.15,13.13,13.26,13.27,13.28,13.29,13.3,13.31,13.32,13.33,13.34,13.35,3800,8800,7000,2900,5800,2200,5500,2600,9600,3200,1500,5500,4700,9800,31200,14900,15400,13100,12400,16100
342.0,13.26,622200,8251158.0,13.25,13.24,13.23,13.21,13.2,13.18,13.17,13.16,13.15,13.13,13.27,13.28,13.29,13.3,13.31,13.32,13.33,13.34,13.35,13.37,3800,8800,7000,2900,5800,2200,5500,2600,9600,3200,5500,4700,9800,31200,14900,15400,13100,12400,16100,8200
343.0,13.27,622700,8257793.0,13.26,13.25,13.24,13.23,13.21,13.2,13.18,13.17,13.16,13.15,13.27,13.28,13.29,13.3,13.31,13.32,13.33,13.34,13.35,13.37,200,4300,8800,7000,2900,5800,2200,5500,2600,9600,5500,4700,9800,27400,14900,15400,13100,12400,16100,8200
344.0,13.27,623400,8267082.0,13.26,13.25,13.24,13.23,13.21,13.2,13.18,13.17,13.16,13.15,13.27,13.28,13.29,13.3,13.31,13.32,13.33,13.34,13.35,13.37,200,4300,8800,7000,2900,5800,2200,5500,2600,9600,4800,4700,9800,26400,14900,15400,13100,12400,16100,8200
345.0,13.27,642200,8516543.0,13.27,13.25,13.24,13.23,13.21,13.2,13.18,13.17,13.16,13.15,13.28,13.29,13.3,13.31,13.32,13.33,13.34,13.35,13.37,13.38,900,4300,8800,7000,2900,5800,2200,5500,2600,9600,4700,9800,26400,14900,15400,13100,12400,16100,8200,7900
346.0,13.27,644400,8545750.0,13.25,13.24,13.23,13.21,13.2,13.18,13.17,13.16,13.15,13.13,13.26,13.27,13.28,13.29,13.3,13.31,13.32,13.33,13.34,13.35,4300,8800,7000,2900,5800,2200,5500,2600,9600,3200,3800,1000,3400,10200,26400,14900,15400,13100,12400,16100
347.0,13.27,644400,8545750.0,13.25,13.24,13.23,13.21,13.2,13.18,13.17,13.16,13.15,13.13,13.26,13.27,13.28,13.29,13.3,13.31,13.32,13.33,13.34,13.35,4300,8800,7000,2900,5800,2200,5500,2600,9600,3200,3800,1000,3400,10200,26400,14900,15400,13100,12400,16100
348.0,13.27,644400,8545750.0,13.25,13.24,13.23,13.21,13.2,13.18,13.17,13.16,13.15,13.13,13.26,13.27,13.28,13.29,13.3,13.31,13.32,13.33,13.34,13.35,4300,8800,7000,2900,5800,2200,5500,2600,9600,3200,3800,1000,3400,10200,26400,14900,15400,13100,12400,16100
349.0,13.26,645200,8556354.0,13.25,13.24,13.23,13.21,13.2,13.18,13.17,13.16,13.15,13.13,13.26,13.27,13.28,13.29,13.3,13.31,13.32,13.33,13.34,13.35,3900,9000,8000,2900,5800,2200,5500,2600,9600,3200,3400,1100,4300,10200,26400,14900,15400,13100,12400,16100
350.0,13.25,646800,8577554.0,13.25,13.24,13.23,13.21,13.2,13.18,13.17,13.16,13.15,13.13,13.26,13.27,13.28,13.29,13.3,13.31,13.32,13.33,13.34,13.35,2300,9000,8000,2900,5800,2200,5500,2600,9600,3200,3400,1100,4300,10200,26400,14900,15400,13100,12400,16100
351.0,13.25,646800,8577554.0,13.25,13.24,13.23,13.21,13.2,13.18,13.17,13.16,13.15,13.13,13.26,13.27,13.28,13.29,13.3,13.31,13.32,13.33,13.34,13.35,2300,9000,8000,2900,5800,2200,5500,2600,9600,3200,3400,1100,4300,10200,26400,14900,15400,13100,12400,16100
352.0,13.26,647100,8581532.0,13.25,13.24,13.23,13.21,13.2,13.18,13.17,13.16,13.15,13.13,13.26,13.27,13.28,13.29,13.3,13.31,13.32,13.33,13.34,13.35,2300,9000,8000,2900,5800,2200,5500,2600,9600,3200,3100,1100,4300,10200,28400,14900,15400,13100,12400,16100
353.0,13.26,647100,8581532.0,13.25,13.24,13.23,13.21,13.2,13.18,13.17,13.16,13.15,13.13,13.26,13.27,13.28,13.29,13.3,13.31,13.32,13.33,13.34,13.35,2300,9000,8000,2900,5800,2200,5500,2600,9600,3200,3100,1100,4300,10900,28400,14900,15400,13100,12400,16100
354.0,13.26,647100,8581532.0,13.25,13.24,13.23,13.21,13.2,13.18,13.17,13.16,13.15,13.13,13.26,13.27,13.28,13.29,13.3,13.31,13.32,13.33,13.34,13.35,2300,9000,8000,2900,5800,2200,5500,2600,9600,3200,3100,5400,4300,10900,28400,14900,15400,13100,12400,16100
355.0,13.26,647600,8588162.0,13.25,13.24,13.23,13.21,13.2,13.18,13.17,13.16,13.15,13.13,13.26,13.27,13.28,13.29,13.3,13.31,13.32,13.33,13.34,13.35,2300,9000,8000,2900,5800,2200,5500,2600,9600,3200,2600,6900,4300,10900,28400,14900,15400,13100,12400,16100
356.0,13.26,648500,8600094.0,13.25,13.24,13.23,13.21,13.2,13.18,13.17,13.16,13.15,13.13,13.26,13.27,13.28,13.29,13.3,13.31,13.32,13.33,13.34,13.35,2100,9000,8000,2900,5800,2200,5500,2600,9600,4200,1900,6900,4300,10900,28400,14900,15400,13100,12400,16100
357.0,13.26,648500,8600094.0,13.25,13.24,13.23,13.21,13.2,13.18,13.17,13.16,13.15,13.13,13.26,13.27,13.28,13.29,13.3,13.31,13.32,13.33,13.34,13.35,2100,10200,8000,2900,5800,2200,4300,2600,9600,4200,1900,6900,4300,10900,28400,14900,15400,13100,12400,16100
358.0,13.26,648800,8604072.0,13.25,13.24,13.23,13.21,13.2,13.18,13.17,13.16,13.15,13.13,13.26,13.27,13.28,13.29,13.3,13.31,13.32,13.33,13.34,13.35,2100,10200,8000,2900,5800,2200,4300,2600,9600,4200,1600,6900,4300,10900,28400,14900,15400,13100,12400,16100
359.0,13.26,648900,8605398.0,13.25,13.24,13.23,13.21,13.2,13.18,13.17,13.16,13.15,13.13,13.26,13.27,13.28,13.29,13.3,13.31,13.32,13.33,13.34,13.35,2100,10200,8000,2900,5800,2200,4300,2600,9600,4200,1500,6900,4300,10900,28400,14900,15400,13100,12400,16100
360.0,13.26,648900,8605398.0,13.25,13.24,13.23,13.21,13.2,13.18,13.17,13.16,13.15,13.13,13.26,13.27,13.28,13.29,13.3,13.31,13.32,13.33,13.34,13.35,2100,10900,8000,2900,5800,2200,4300,2600,9600,4200,1500,6900,4300,10900,28400,14900,15400,13100,12400,16100
361.0,13.26,649000,8606724.0,13.25,13.24,13.23,13.21,13.2,13.18,13.17,13.16,13.15,13.13,13.26,13.27,13.28,13.29,13.3,13.31,13.32,13.33,13.34,13.35,2100,10900,8000,2900,5800,2200,4300,2600,10200,4200,1400,6900,4300,10900,28400,14900,15400,13100,12400,16100
362.0,13.26,649400,8612028.0,13.25,13.24,13.23,13.21,13.2,13.18,13.17,13.16,13.15,13.13,13.26,13.27,13.28,13.29,13.3,13.31,13.32,13.33,13.34,13.35,2100,10900,8000,2900,5800,2200,4300,2600,10200,4200,1000,6900,4300,10900,28400,14900,15400,13100,12400,16100
363.0,13.25,649700,8616003.0,13.25,13.24,13.23,13.21,13.2,13.18,13.17,13.16,13.15,13.13,13.26,13.27,13.28,13.29,13.3,13.31,13.32,13.33,13.34,13.35,1800,10900,8000,2900,5800,2200,4300,2600,10200,4200,5900,6900,4300,10900,28400,14900,15400,13100,12400,16100
364.0,13.25,649700,8616003.0,13.25,13.24,13.23,13.21,13.2,13.18,13.17,13.16,13.15,13.13,13.26,13.27,13.28,13.29,13.3,13.31,13.32,13.33,13.34,13.35,1800,10900,8000,2900,5800,2200,4300,2600,10200,4200,5900,6900,4300,10900,28400,14900,15400,13100,12600,16100
365.0,13.26,650200,8622633.0,13.25,13.24,13.23,13.21,13.2,13.18,13.17,13.16,13.15,13.13,13.26,13.27,13.28,13.29,13.3,13.31,13.32,13.33,13.34,13.35,1800,10900,8000,2900,5800,2200,4300,2600,10200,4200,5400,8900,4300,10900,28400,14900,15400,13100,12600,16100
366.0,13.26,651900,8645175.0,13.25,13.24,13.23,13.21,13.2,13.18,13.17,13.16,13.15,13.13,13.26,13.27,13.28,13.29,13.3,13.31,13.32,13.33,13.34,13.35,1800,10900,8000,2900,5800,2200,4300,2600,10200,4200,6000,13900,4300,10900,28400,14900,15400,13100,12600,16100
367.0,13.26,652400,8651805.0,13.25,13.24,13.23,13.21,13.2,13.18,13.17,13.16,13.15,13.13,13.26,13.27,13.28,13.29,13.3,13.31,13.32,13.33,13.34,13.35,1800,10900,8000,3900,5800,2200,4300,2600,10200,4200,5500,13900,4300,10900,28400,14900,15400,13100,12600,16100
368.0,13.26,653100,8661087.0,13.25,13.24,13.23,13.21,13.2,13.18,13.17,13.16,13.15,13.13,13.26,13.27,13.28,13.29,13.3,13.31,13.32,13.33,13.34,13.35,1800,10900,8000,3900,5800,2200,4300,2600,10200,4200,4800,13800,4300,10900,28400,14900,15400,13100,12600,16100
369.0,13.25,653600,8667712.0,13.25,13.24,13.23,13.21,13.2,13.18,13.17,13.16,13.15,13.13,13.26,13.27,13.28,13.29,13.3,13.31,13.32,13.33,13.34,13.35,1300,10900,8300,3900,5800,2200,4300,2600,10200,4200,8600,13800,4300,10900,28400,14900,15400,13100,12600,16100
370.0,13.26,656600,8707491.0,13.25,13.24,13.23,13.21,13.2,13.18,13.17,13.16,13.15,13.13,13.26,13.27,13.28,13.29,13.3,13.31,13.32,13.33,13.34,13.35,1200,10900,8300,3900,5800,2200,4300,2600,10200,4200,5700,13800,4300,10900,28400,14900,15400,13100,12600,16100
371.0,13.26,657100,8714121.0,13.25,13.24,13.23,13.21,13.2,13.18,13.17,13.16,13.15,13.13,13.26,13.27,13.28,13.29,13.3,13.31,13.32,13.33,13.34,13.35,1200,10900,8300,3900,5800,2200,4300,2600,10200,4400,5200,13800,4300,10200,28400,14900,15400,13100,12600,16100
372.0,13.26,659800,8749917.0,13.25,13.24,13.23,13.21,13.2,13.18,13.17,13.16,13.15,13.13,13.26,13.27,13.28,13.29,13.3,13.31,13.32,13.33,13.34,13.35,600,10900,8300,3900,5800,2200,4300,2600,10200,4400,3100,13800,4300,10200,28400,14900,15400,13100,12600,16100
373.0,13.26,660200,8755220.0,13.25,13.24,13.23,13.21,13.2,13.18,13.17,13.16,13.15,13.13,13.26,13.27,13.28,13.29,13.3,13.31,13.32,13.33,13.34,13.35,500,10900,8300,3900,5800,2200,4300,2600,10200,4400,2800,13300,4300,10200,28400,14900,15400,13100,12600,16100
374.0,13.25,664700,8814875.0,13.24,13.23,13.21,13.2,13.18,13.17,13.16,13.15,13.13,13.12,13.25,13.27,13.28,13.29,13.3,13.31,13.32,13.33,13.34,13.35,10900,8300,3900,5800,2200,4300,2600,10200,4400,50200,4500,13300,4300,10200,28400,14900,15400,13100,12600,16100
375.0,13.25,665100,8820175.0,13.24,13.23,13.21,13.2,13.18,13.17,13.16,13.15,13.13,13.12,13.25,13.27,13.28,13.29,13.3,13.31,13.32,13.33,13.34,13.35,10900,8300,3900,5800,2200,4300,2600,10200,4400,50200,4100,13300,4500,10200,28400,14900,15400,13100,12600,16100
376.0,13.25,665600,8826800.0,13.24,13.23,13.21,13.2,13.18,13.17,13.16,13.15,13.13,13.12,13.25,13.26,13.27,13.28,13.29,13.3,13.31,13.32,13.33,13.34,10900,7300,3900,5800,2200,4300,2600,10200,4400,50200,3600,700,13300,4500,10200,28400,14900,15400,13100,12600
377.0,13.25,666300,8836075.0,13.24,13.23,13.21,13.2,13.18,13.17,13.16,13.15,13.13,13.12,13.25,13.26,13.27,13.28,13.29,13.3,13.31,13.32,13.33,13.34,11300,7300,3900,5800,2200,4300,2600,10200,4400,50200,2900,900,13300,4500,10200,31400,14900,15400,13100,12600
378.0,13.25,668700,8867868.0,13.24,13.23,13.21,13.2,13.18,13.17,13.16,13.15,13.13,13.12,13.25,13.26,13.27,13.28,13.29,13.3,13.31,13.32,13.33,13.34,10600,7300,3900,5800,2200,4300,2600,10200,4400,50200,1200,900,13300,4500,10200,31400,14900,15400,13100,12600
379.0,13.25,668700,8867868.0,13.24,13.23,13.21,13.2,13.18,13.17,13.16,13.15,13.13,13.12,13.25,13.26,13.27,13.28,13.29,13.3,13.31,13.32,13.33,13.34,10600,7300,3900,5800,2200,4300,2600,10200,4400,50200,2200,900,13300,4500,10200,31400,14900,15400,13100,12600
380.0,13.25,668700,8867868.0,13.24,13.23,13.21,13.2,13.18,13.17,13.16,13.15,13.13,13.12,13.25,13.26,13.27,13.28,13.29,13.3,13.31,13.32,13.33,13.34,10600,7300,3900,5800,2200,4300,2600,10200,4400,50200,2200,900,13300,4500,10200,31400,14900,15400,13100,13600
381.0,13.24,671300,8902316.0,13.24,13.23,13.21,13.2,13.18,13.17,13.16,13.15,13.13,13.12,13.26,13.27,13.28,13.29,13.3,13.31,13.32,13.33,13.34,13.35,10400,7300,3900,5800,2200,4300,2600,10200,4400,50200,900,13300,4500,10200,31400,14900,15400,13100,13600,16100
382.0,13.24,671300,8902316.0,13.24,13.23,13.21,13.2,13.18,13.17,13.16,13.15,13.13,13.12,13.26,13.27,13.28,13.29,13.3,13.31,13.32,13.33,13.34,13.35,10400,7300,3900,5800,2200,4300,2600,10200,4400,50200,900,13300,4500,10200,31400,14900,15400,13100,13600,16100
383.0,13.24,671300,8902316.0,13.24,13.23,13.21,13.2,13.18,13.17,13.16,13.15,13.13,13.12,13.26,13.27,13.28,13.29,13.3,13.31,13.32,13.33,13.34,13.35,11100,7300,3900,5800,2200,4300,2600,10200,4400,50200,1600,13300,4500,10200,31400,14900,15400,13100,13600,16100
384.0,13.24,674800,8948656.0,13.24,13.23,13.21,13.2,13.18,13.17,13.16,13.15,13.13,13.12,13.26,13.27,13.28,13.29,13.3,13.31,13.32,13.33,13.34,13.35,7600,7300,3900,5800,2200,4300,2600,10200,4400,50200,1600,11800,4500,10200,31400,14900,15400,13100,13600,16100
385.0,13.24,675600,8959250.0,13.24,13.23,13.21,13.2,13.18,13.17,13.16,13.15,13.13,13.12,13.26,13.27,13.28,13.29,13.3,13.31,13.32,13.33,13.34,13.35,7300,7300,3900,5800,2200,4300,2600,10200,4400,50200,1900,11800,4500,10500,31400,14900,15400,13100,13600,16100
386.0,13.24,677800,8988404.0,13.24,13.23,13.21,13.2,13.18,13.17,13.16,13.15,13.13,13.12,13.26,13.27,13.28,13.29,13.3,13.31,13.32,13.33,13.34,13.35,6700,7300,3900,5800,2200,4300,2600,10200,4400,50200,900,11800,4500,10500,31400,14900,15400,13100,13600,16100
387.0,13.24,677800,8988404.0,13.24,13.23,13.21,13.2,13.18,13.17,13.16,13.15,13.13,13.12,13.26,13.27,13.28,13.29,13.3,13.31,13.32,13.33,13.34,13.35,7100,7300,3900,5800,2200,4300,2600,10200,4400,50200,1300,11800,4500,10500,31400,14900,15400,13100,13600,16100
388.0,13.26,678500,8997686.0,13.24,13.23,13.21,13.2,13.18,13.17,13.16,13.15,13.13,13.12,13.26,13.27,13.28,13.29,13.3,13.31,13.32,13.33,13.34,13.35,8100,7300,3900,5800,2200,4300,2600,10200,4400,50200,900,11800,4500,10500,31400,14900,15400,13100,13600,16100
389.0,13.26,678500,8997686.0,13.24,13.23,13.21,13.2,13.18,13.17,13.16,13.15,13.13,13.12,13.26,13.27,13.28,13.29,13.3,13.31,13.32,13.33,13.34,13.35,8100,7300,3900,5800,2200,4300,2600,10200,4400,50200,900,11800,4500,10500,31400,14900,15400,13100,13600,16100
390.0,13.26,678500,8997686.0,13.24,13.23,13.21,13.2,13.18,13.17,13.16,13.15,13.13,13.12,13.26,13.27,13.28,13.29,13.3,13.31,13.32,13.33,13.34,13.35,8500,6400,3900,5800,2200,4300,2600,10200,4100,50200,1300,11800,4500,10500,23000,14900,15400,13100,13600,15800
391.0,13.24,684700,9079774.0,13.24,13.23,13.21,13.2,13.18,13.17,13.16,13.15,13.13,13.12,13.26,13.27,13.28,13.29,13.3,13.31,13.32,13.33,13.34,13.35,6300,6400,3900,5800,2200,4300,2600,10200,4100,50200,2300,11800,4500,10500,23000,14900,15400,13100,13600,15800
392.0,13.26,684900,9082426.0,13.24,13.23,13.21,13.2,13.18,13.17,13.16,13.15,13.13,13.12,13.26,13.27,13.28,13.29,13.3,13.31,13.32,13.33,13.34,13.35,6800,6400,3900,5800,2200,4300,2600,10200,4100,50200,2600,11800,4500,10500,23000,14900,15400,13100,13600,16400
393.0,13.24,686400,9102296.0,13.24,13.23,13.21,13.2,13.18,13.17,13.16,13.15,13.13,13.12,13.26,13.27,13.28,13.29,13.3,13.31,13.32,13.33,13.34,13.35,6100,6400,3900,5800,2200,5200,2600,10200,4100,50200,2400,11800,4500,10500,23000,14900,15400,13100,13600,16400
394.0,13.24,687400,9115536.0,13.24,13.23,13.21,13.2,13.18,13.17,13.16,13.15,13.13,13.12,13.26,13.27,13.28,13.29,13.3,13.31,13.32,13.33,13.34,13.35,10100,6400,3900,5800,2200,5200,2600,10200,4100,50200,2900,11800,4500,10500,23000,14900,15400,13100,13600,16400
395.0,13.26,687600,9118188.0,13.24,13.23,13.21,13.2,13.18,13.17,13.16,13.15,13.13,13.12,13.26,13.27,13.28,13.29,13.3,13.31,13.32,13.33,13.34,13.35,10100,6400,3900,5800,2200,5200,2600,10200,4100,50200,2700,11800,4500,10500,23000,14900,15400,13100,13600,16400
396.0,13.26,687600,9118188.0,13.24,13.23,13.21,13.2,13.18,13.17,13.16,13.15,13.13,13.12,13.26,13.27,13.28,13.29,13.3,13.31,13.32,13.33,13.34,13.35,10900,6400,3900,5800,2200,5200,2600,10200,4000,50200,3500,11800,4500,10500,23000,14900,15400,13100,13600,16400
397.0,13.26,687600,9118188.0,13.24,13.23,13.21,13.2,13.18,13.17,13.16,13.15,13.13,13.12,13.26,13.27,13.28,13.29,13.3,13.31,13.32,13.33,13.34,13.35,10900,6400,4500,5800,2200,5200,2600,10200,4000,50200,3500,11800,4500,10500,23000,14900,15400,13100,13600,16400
398.0,13.24,689100,9138058.0,13.24,13.23,13.21,13.2,13.18,13.17,13.16,13.15,13.13,13.12,13.26,13.27,13.28,13.29,13.3,13.31,13.32,13.33,13.34,13.35,10200,6400,4500,5800,2200,6200,2600,10200,4000,50200,3300,11800,4500,10500,23000,14900,15400,13100,13600,16400
399.0,13.24,690100,9151305.0,13.24,13.23,13.21,13.2,13.18,13.17,13.16,13.15,13.13,13.12,13.26,13.27,13.28,13.29,13.3,13.31,13.32,13.33,13.34,13.35,10400,6400,5300,5800,2200,6200,2600,10200,4000,50200,3800,11800,4500,10500,23000,14900,15400,13100,13600,16400
400.0,13.24,690700,9159249.0,13.24,13.23,13.21,13.2,13.18,13.17,13.16,13.15,13.13,13.12,13.26,13.27,13.28,13.29,13.3,13.31,13.32,13.33,13.34,13.35,13900,6400,5300,5800,2200,6200,2600,10200,4000,50200,3800,11800,4500,10500,23000,14900,15400,13100,13600,16400
401.0,13.24,692800,9187053.0,13.24,13.23,13.21,13.2,13.18,13.17,13.16,13.15,13.13,13.12,13.25,13.26,13.27,13.28,13.29,13.3,13.31,13.32,13.33,13.34,12600,6400,5300,5800,2200,6200,2600,10200,4000,50200,200,4600,11800,4500,10500,23000,14900,15400,13100,13600
402.0,13.24,693800,9200293.0,13.24,13.23,13.21,13.2,13.18,13.17,13.16,13.15,13.13,13.12,13.25,13.26,13.27,13.28,13.29,13.3,13.31,13.32,13.33,13.34,11600,6400,5300,5800,2200,6200,2600,10200,4000,50200,200,4600,11800,4500,10500,23000,14900,15400,13100,13600
403.0,13.24,693800,9200293.0,13.24,13.23,13.21,13.2,13.18,13.17,13.16,13.15,13.13,13.12,13.25,13.26,13.27,13.28,13.29,13.3,13.31,13.32,13.33,13.34,11600,6400,5300,5800,2200,6200,2600,10200,4000,50200,200,4600,11800,4500,10500,23000,14900,15400,13100,13600
404.0,13.24,693800,9200293.0,13.24,13.23,13.21,13.2,13.18,13.17,13.16,13.15,13.13,13.12,13.25,13.26,13.27,13.28,13.29,13.3,13.31,13.32,13.33,13.34,11600,6400,5300,5800,2200,6200,2600,10200,4000,50200,200,4600,11800,4500,10500,23000,14900,15400,13100,13600
405.0,13.24,693800,9200293.0,13.24,13.23,13.21,13.2,13.18,13.17,13.16,13.15,13.13,13.12,13.25,13.26,13.27,13.28,13.29,13.3,13.31,13.32,13.33,13.34,11600,6400,5300,5800,2200,6200,2600,10200,4000,50200,200,4600,11800,4500,10500,23000,14900,15400,13100,13600
406.0,13.24,700200,9285030.0,13.24,13.23,13.21,13.2,13.18,13.17,13.16,13.15,13.13,13.12,13.25,13.26,13.27,13.28,13.29,13.3,13.31,13.32,13.33,13.34,5300,6400,5300,5800,2200,6200,2600,10200,4000,50200,100,4600,11800,4500,10500,23000,14900,15400,13100,13600
407.0,13.24,700900,9294298.0,13.24,13.23,13.21,13.2,13.18,13.17,13.16,13.15,13.13,13.12,13.25,13.26,13.27,13.28,13.29,13.3,13.31,13.32,13.33,13.34,4600,6400,4300,5800,2200,6200,2600,10400,4000,50200,100,4600,11800,4500,10500,23000,14900,15400,13100,13600
408.0,13.24,701300,9299594.0,13.24,13.23,13.21,13.2,13.18,13.17,13.16,13.15,13.13,13.12,13.25,13.26,13.27,13.28,13.29,13.3,13.31,13.32,13.33,13.34,4200,6400,4300,5800,2200,6200,2600,10400,4000,50200,100,4600,11800,4500,10500,23000,14900,15400,13100,13600
409.0,13.24,701300,9299594.0,13.24,13.23,13.21,13.2,13.18,13.17,13.16,13.15,13.13,13.12,13.25,13.26,13.27,13.28,13.29,13.3,13.31,13.32,13.33,13.34,4200,7400,4300,5800,2200,6200,2600,10400,4200,50200,100,4600,11800,4500,10500,23000,14900,15400,13100,13600
410.0,13.24,701300,9299594.0,13.24,13.23,13.21,13.2,13.18,13.17,13.16,13.15,13.13,13.12,13.25,13.26,13.27,13.28,13.29,13.3,13.31,13.32,13.33,13.34,4200,7400,4300,5800,2200,6200,2600,10400,4200,50200,100,4600,11800,4500,10500,23000,14900,15400,13100,13600
411.0,13.24,701300,9299594.0,13.24,13.23,13.21,13.2,13.18,13.17,13.16,13.15,13.13,13.12,13.25,13.26,13.27,13.28,13.29,13.3,13.31,13.32,13.33,13.34,4200,7400,4300,5800,2200,6200,2600,10400,4200,50200,100,4600,11800,4500,10500,23000,14900,15400,13100,13600
412.0,13.24,701300,9299594.0,13.24,13.23,13.21,13.2,13.18,13.17,13.16,13.15,13.13,13.12,13.25,13.26,13.27,13.28,13.29,13.3,13.31,13.32,13.33,13.34,4200,7400,4300,5800,2200,6200,2600,10400,4200,50200,100,4600,11800,4500,10500,23000,14900,15400,13100,13600
413.0,13.24,701300,9299594.0,13.24,13.23,13.21,13.2,13.18,13.17,13.16,13.15,13.13,13.12,13.25,13.26,13.27,13.28,13.29,13.3,13.31,13.32,13.33,13.34,4200,7400,4300,5800,2200,6200,2600,10400,4200,50200,100,4600,11800,4500,10500,23000,14900,15400,13100,13600
414.0,13.24,701300,9299594.0,13.24,13.23,13.21,13.2,13.18,13.17,13.16,13.15,13.13,13.12,13.25,13.26,13.27,13.28,13.29,13.3,13.31,13.32,13.33,13.34,5400,7400,4300,5800,3200,6200,1000,10400,4200,50200,100,13500,11800,4500,10500,25100,14900,15400,13100,13600
415.0,13.24,706700,9371090.0,13.23,13.21,13.2,13.18,13.17,13.16,13.15,13.13,13.12,13.11,13.24,13.25,13.26,13.27,13.28,13.29,13.3,13.31,13.32,13.33,7400,4300,5800,3200,6200,1000,10400,4200,50200,6200,600,100,13500,11800,4500,10500,25100,14900,15400,13100
416.0,13.24,707800,9385647.0,13.23,13.21,13.2,13.18,13.17,13.16,13.15,13.13,13.12,13.11,13.24,13.25,13.26,13.27,13.28,13.29,13.3,13.31,13.32,13.33,6700,4300,5800,3200,6200,1000,10400,4200,50200,6200,200,100,13500,11800,4500,10500,25100,14900,15400,13100
417.0,13.24,707800,9385647.0,13.23,13.21,13.2,13.18,13.17,13.16,13.15,13.13,13.12,13.11,13.24,13.25,13.26,13.27,13.28,13.29,13.3,13.31,13.32,13.33,6700,4300,5800,3200,6200,1000,10400,4200,50200,6200,200,100,13500,11800,4500,10500,25100,14900,15400,13100
418.0,13.24,708000,9388295.0,13.24,13.23,13.21,13.2,13.18,13.17,13.16,13.15,13.13,13.12,13.25,13.26,13.27,13.28,13.29,13.3,13.31,13.32,13.33,13.34,1500,6700,4300,5800,3200,6200,1000,10400,4200,50200,100,13500,11800,4500,10500,25100,14900,15400,13100,13600
419.0,13.23,712600,9449168.0,13.23,13.21,13.2,13.18,13.17,13.16,13.15,13.13,13.12,13.11,13.25,13.26,13.27,13.28,13.29,13.3,13.31,13.32,13.33,13.34,3600,4300,5800,3200,6200,1000,10400,4200,50200,6200,100,13500,11800,4500,10500,25100,14900,15400,13100,13600
420.0,13.23,715600,9488858.0,13.23,13.21,13.2,13.18,13.17,13.16,13.15,13.13,13.12,13.11,13.25,13.26,13.27,13.28,13.29,13.3,13.31,13.32,13.33,13.34,600,4500,5800,3200,6200,1000,10400,4200,50200,6200,100,13500,11800,3300,10500,25100,14900,15400,13100,13600
421.0,13.23,715600,9488858.0,13.23,13.22,13.21,13.2,13.18,13.17,13.16,13.15,13.13,13.12,13.25,13.26,13.27,13.28,13.29,13.3,13.31,13.32,13.33,13.34,1400,200,4500,5800,3200,6200,1000,10400,4200,50200,5900,13500,9800,3300,10500,25100,14900,15400,13100,13600
422.0,13.23,715800,9491504.0,13.23,13.22,13.21,13.2,13.18,13.17,13.16,13.15,13.13,13.12,13.24,13.25,13.26,13.27,13.28,13.29,13.3,13.31,13.32,13.33,1200,200,4500,5800,3200,6200,1000,10400,4200,50200,200,6900,13500,9800,3300,10500,25100,14900,15400,13100
423.0,13.23,715900,9492827.0,13.23,13.22,13.21,13.2,13.18,13.17,13.16,13.15,13.13,13.12,13.24,13.25,13.26,13.27,13.28,13.29,13.3,13.31,13.32,13.33,1100,200,4500,5800,3200,6200,1000,10400,4200,50200,200,6900,13500,9800,3300,10500,25100,8900,15400,13100
424.0,13.23,715900,9492827.0,13.23,13.22,13.21,13.2,13.18,13.17,13.16,13.15,13.13,13.12,13.24,13.25,13.26,13.27,13.28,13.29,13.3,13.31,13.32,13.33,1200,200,4500,5800,3200,6200,1000,10400,4200,50200,200,6900,13500,9800,3300,10500,25100,8900,15400,13100
425.0,13.23,715900,9492827.0,13.23,13.22,13.21,13.2,13.18,13.17,13.16,13.15,13.13,13.12,13.24,13.25,13.26,13.27,13.28,13.29,13.3,13.31,13.32,13.33,1200,200,4500,5800,3200,6200,1000,10400,4200,50200,200,6900,13500,9800,3300,10500,25100,8900,15400,13100
426.0,13.23,715900,9492827.0,13.23,13.22,13.21,13.2,13.18,13.17,13.16,13.15,13.13,13.12,13.24,13.25,13.26,13.27,13.28,13.29,13.3,13.31,13.32,13.33,1200,200,4500,5800,3200,6200,1000,10400,4200,50200,200,8900,13500,9800,3300,10500,25100,8900,15400,13100
427.0,13.23,717100,9508703.0,13.22,13.21,13.2,13.18,13.17,13.16,13.15,13.13,13.12,13.11,13.23,13.24,13.25,13.26,13.27,13.28,13.29,13.3,13.31,13.32,200,4500,5800,3200,6200,1000,10400,4200,50200,6200,500,200,8900,13500,9800,3300,10500,25100,8900,15400
428.0,13.23,717100,9508703.0,13.22,13.21,13.2,13.18,13.17,13.16,13.15,13.13,13.12,13.11,13.23,13.24,13.25,13.26,13.27,13.28,13.29,13.3,13.31,13.32,200,4500,5800,3200,6200,1000,10400,4200,50200,6200,500,200,8900,13500,9800,3300,10500,25100,8900,15400
429.0,13.22,717300,9511347.0,13.21,13.2,13.18,13.17,13.16,13.15,13.13,13.12,13.11,13.1,13.22,13.23,13.24,13.25,13.26,13.27,13.28,13.29,13.3,13.31,4500,5800,3200,6200,1000,10400,4200,50200,6200,12600,800,500,1400,8900,13500,9800,3300,10500,25100,8900
430.0,13.22,717300,9511347.0,13.21,13.2,13.18,13.17,13.16,13.15,13.13,13.12,13.11,13.1,13.22,13.23,13.24,13.25,13.26,13.27,13.28,13.29,13.3,13.31,4500,5800,3200,6200,1000,10400,4200,50200,6200,12600,1100,500,1400,8900,13500,9800,3300,10500,25100,8900
431.0,13.22,717800,9517953.0,13.21,13.2,13.18,13.17,13.16,13.15,13.13,13.12,13.11,13.1,13.22,13.23,13.24,13.25,13.26,13.27,13.28,13.29,13.3,13.31,4100,5800,3200,6200,1000,10400,4200,50200,6200,12600,1800,800,1400,8900,13500,9800,3100,10500,25100,8900
432.0,13.22,718600,9528529.0,13.21,13.2,13.18,13.17,13.16,13.15,13.13,13.12,13.11,13.1,13.22,13.23,13.24,13.25,13.26,13.27,13.28,13.29,13.3,13.31,4100,5800,3200,6200,1000,10400,4200,50200,6200,12600,1000,3500,1400,8900,13500,9800,3100,10500,25100,8900
433.0,13.22,718600,9528529.0,13.21,13.2,13.18,13.17,13.16,13.15,13.13,13.12,13.11,13.1,13.22,13.23,13.24,13.25,13.26,13.27,13.28,13.29,13.3,13.31,4100,5800,3200,6200,1000,10400,4200,50200,6200,12600,1500,3500,1400,8900,13500,9800,3100,10500,25100,8900
434.0,13.21,719600,9541740.0,13.21,13.2,13.18,13.17,13.16,13.15,13.13,13.12,13.11,13.1,13.22,13.23,13.24,13.25,13.26,13.27,13.28,13.29,13.3,13.31,3200,5800,3200,6200,1000,10400,4200,50200,6200,12600,1400,3500,1400,8900,13500,9800,3100,10500,25100,8900
435.0,13.21,719900,9545703.0,13.21,13.2,13.18,13.17,13.16,13.15,13.13,13.12,13.11,13.1,13.22,13.23,13.24,13.25,13.26,13.27,13.28,13.29,13.3,13.31,2900,5800,3200,6200,1000,10400,4200,50200,6200,12600,2300,3000,1400,8900,13500,9800,3100,10500,25100,8900
436.0,13.21,720400,9552308.0,13.21,13.2,13.18,13.17,13.16,13.15,13.13,13.12,13.11,13.1,13.22,13.23,13.24,13.25,13.26,13.27,13.28,13.29,13.3,13.31,2400,5800,3200,6200,1000,10400,4200,50200,6200,12600,2300,3000,1400,8900,13500,9800,3100,10500,25100,8900
437.0,13.21,720400,9552308.0,13.21,13.2,13.18,13.17,13.16,13.15,13.13,13.12,13.11,13.1,13.22,13.23,13.24,13.25,13.26,13.27,13.28,13.29,13.3,13.31,2400,5800,3200,6200,1000,10400,4200,50200,6200,12600,2300,1800,1400,8900,13500,9800,3100,10500,25100,8900
438.0,13.21,723000,9586656.0,13.2,13.18,13.17,13.16,13.15,13.13,13.12,13.11,13.1,13.09,13.21,13.22,13.23,13.24,13.25,13.26,13.27,13.28,13.29,13.3,5800,3200,6200,1000,10400,4200,50200,6200,12600,300,800,2100,1800,1400,8900,13500,9800,3100,10500,25100
439.0,13.21,723100,9587977.0,13.2,13.18,13.17,13.16,13.15,13.13,13.12,13.11,13.1,13.09,13.21,13.22,13.23,13.24,13.25,13.26,13.27,13.28,13.29,13.3,5800,3200,6200,1000,10400,4200,50200,6200,12600,300,800,3400,1800,1400,8900,13500,9800,3100,10500,25100
440.0,13.21,723400,9591938.0,13.2,13.18,13.17,13.16,13.15,13.13,13.12,13.11,13.1,13.09,13.21,13.22,13.23,13.24,13.25,13.26,13.27,13.28,13.29,13.3,5600,3200,6200,1000,10400,4200,50200,6200,12600,300,700,3400,1800,1400,8900,13500,9800,3100,10500,25100
441.0,13.21,723400,9591938.0,13.2,13.18,13.17,13.16,13.15,13.13,13.12,13.11,13.1,13.09,13.21,13.22,13.23,13.24,13.25,13.26,13.27,13.28,13.29,13.3,5600,3200,6200,1000,10400,4200,50200,6200,12600,300,2300,3400,1800,1400,8900,13500,9800,3100,10500,25100
442.0,13.2,723700,9595899.0,13.2,13.18,13.17,13.16,13.15,13.13,13.12,13.11,13.1,13.09,13.21,13.22,13.23,13.24,13.25,13.26,13.27,13.28,13.29,13.3,5400,3200,6200,1000,10400,4200,50200,6200,12600,300,7200,3500,1800,1400,8900,13500,9800,3100,10500,25100
443.0,13.2,723700,9595899.0,13.2,13.18,13.17,13.16,13.15,13.13,13.12,13.11,13.1,13.09,13.21,13.22,13.23,13.24,13.25,13.26,13.27,13.28,13.29,13.3,5400,3200,6200,1000,10400,4200,50200,6200,12600,300,7200,4700,1800,1400,8900,13500,9800,3100,10500,25100
444.0,13.21,724400,9605146.0,13.2,13.18,13.17,13.16,13.15,13.13,13.12,13.11,13.1,13.09,13.21,13.22,13.23,13.24,13.25,13.26,13.27,13.28,13.29,13.3,5400,3200,6200,1000,10400,4200,50200,6200,12600,300,6500,4700,1800,1400,8900,13500,9800,3100,10500,25100
445.0,13.21,724400,9605146.0,13.2,13.18,13.17,13.16,13.15,13.13,13.12,13.11,13.1,13.09,13.21,13.22,13.23,13.24,13.25,13.26,13.27,13.28,13.29,13.3,5400,3200,6200,1000,10400,4200,50200,6200,12600,300,6500,3400,1800,1400,8900,13500,9800,3100,10500,25100
446.0,13.2,726800,9636826.0,13.2,13.18,13.17,13.16,13.15,13.13,13.12,13.11,13.1,13.09,13.21,13.22,13.23,13.24,13.25,13.26,13.27,13.28,13.29,13.3,3000,4800,6200,1000,10400,4200,50200,6200,12600,300,6500,3400,1800,1200,8900,13500,4800,3100,10500,25100
447.0,13.2,729400,9671152.0,13.2,13.18,13.17,13.16,13.15,13.13,13.12,13.11,13.1,13.09,13.21,13.22,13.23,13.24,13.25,13.26,13.27,13.28,13.29,13.3,1000,4800,6200,1000,10400,4200,50200,6200,12600,300,5900,3400,1800,1200,8900,13500,4800,3100,10500,25100
448.0,13.2,730400,9684352.0,13.18,13.17,13.16,13.15,13.13,13.12,13.11,13.1,13.09,13.08,13.2,13.21,13.22,13.23,13.24,13.25,13.26,13.27,13.28,13.29,4800,2600,1000,10400,4200,50200,6200,12600,300,1500,17300,5900,3400,1800,1200,8900,13500,4800,3100,10500
449.0,13.2,730400,9684352.0,13.18,13.17,13.16,13.15,13.13,13.12,13.11,13.1,13.09,13.08,13.2,13.21,13.22,13.23,13.24,13.25,13.26,13.27,13.28,13.29,4800,2600,2000,10400,4200,50200,6200,12600,300,1500,17300,5900,3400,1800,1200,8900,13500,4800,3100,10500
450.0,13.2,732600,9713392.0,13.18,13.17,13.16,13.15,13.13,13.12,13.11,13.1,13.09,13.08,13.2,13.21,13.22,13.23,13.24,13.25,13.26,13.27,13.28,13.29,4800,2600,2000,10400,4200,50200,6200,12600,300,1500,15800,5900,3400,1800,1200,8900,13500,4800,3100,10500
451.0,13.2,732600,9713392.0,13.18,13.17,13.16,13.15,13.13,13.12,13.11,13.1,13.09,13.08,13.2,13.21,13.22,13.23,13.24,13.25,13.26,13.27,13.28,13.29,6000,2600,2000,10400,4200,50200,6200,12600,300,1500,16700,5900,3400,1800,1200,8900,13500,4800,3100,10500
452.0,13.2,732600,9713392.0,13.18,13.17,13.16,13.15,13.13,13.12,13.11,13.1,13.09,13.08,13.2,13.21,13.22,13.23,13.24,13.25,13.26,13.27,13.28,13.29,6000,2600,2000,10400,4200,50200,6200,12600,300,1500,16700,6500,2700,1800,1200,8900,13500,4800,3100,10500
453.0,13.18,733200,9721300.0,13.18,13.17,13.16,13.15,13.13,13.12,13.11,13.1,13.09,13.08,13.2,13.21,13.22,13.23,13.24,13.25,13.26,13.27,13.28,13.29,5800,2300,2000,10400,4200,50200,6200,12600,300,1500,16700,6500,2700,1800,1200,8900,13500,4800,3100,10500
454.0,13.2,733900,9730540.0,13.18,13.17,13.16,13.15,13.13,13.12,13.11,13.1,13.09,13.08,13.2,13.21,13.22,13.23,13.24,13.25,13.26,13.27,13.28,13.29,6100,2300,2000,10400,3900,50200,6200,12600,300,1500,16300,6500,2700,1800,1200,8900,13500,4800,3100,10500
455.0,13.2,733900,9730540.0,13.18,13.17,13.16,13.15,13.13,13.12,13.11,13.1,13.09,13.08,13.19,13.2,13.21,13.22,13.23,13.24,13.25,13.26,13.27,13.28,6100,2300,2000,9800,3900,50200,6200,12600,300,1500,700,1900,6500,2700,1800,1200,8900,13500,4800,3100
456.0,13.19,734600,9739773.0,13.18,13.17,13.16,13.15,13.13,13.12,13.11,13.1,13.09,13.08,13.2,13.21,13.22,13.23,13.24,13.25,13.26,13.27,13.28,13.29,6100,2300,2000,9800,3900,50200,6200,12600,300,1500,1900,6500,2200,1800,1200,9900,13500,4800,3100,10500
457.0,13.18,741700,9833371.0,13.17,13.16,13.15,13.13,13.12,13.11,13.1,13.09,13.08,13.06,13.18,13.2,13.21,13.22,13.23,13.24,13.25,13.26,13.27,13.28,2300,2000,9800,3900,50200,6200,12600,300,1500,4300,10700,900,1500,2200,1800,1200,9900,13500,4800,3100
458.0,13.18,753400,9987577.0,13.19,13.18,13.17,13.16,13.15,13.13,13.12,13.11,13.1,13.09,13.2,13.21,13.22,13.23,13.24,13.25,13.26,13.27,13.28,13.29,5900,2600,2300,2000,9800,3900,50200,6200,12600,300,900,1500,2200,1800,1200,9900,13500,4800,3100,10500
459.0,13.18,753400,9987577.0,13.19,13.18,13.17,13.16,13.15,13.13,13.12,13.11,13.1,13.09,13.2,13.21,13.22,13.23,13.24,13.25,13.26,13.27,13.28,13.29,5900,2600,2300,2000,9800,3900,50200,6200,12600,300,3300,1500,2200,1800,1200,9900,13500,4800,3100,10500
460.0,13.2,753700,9991537.0,13.19,13.18,13.17,13.16,13.15,13.13,13.12,13.11,13.1,13.09,13.2,13.21,13.22,13.23,13.24,13.25,13.26,13.27,13.28,13.29,5900,2600,2300,2000,9800,3900,49800,6200,12600,300,3300,1500,2200,1800,1200,9900,13500,4800,3100,10500
461.0,13.19,754700,10004727.0,13.19,13.18,13.17,13.16,13.15,13.13,13.12,13.11,13.1,13.09,13.2,13.21,13.22,13.23,13.24,13.25,13.26,13.27,13.28,13.29,4900,2600,2300,2000,9800,3900,49800,6200,12600,300,3300,1500,2200,1800,1200,9900,13500,4800,3100,10500
462.0,13.19,755900,10020561.0,13.19,13.18,13.17,13.16,13.15,13.13,13.12,13.11,13.1,13.09,13.2,13.21,13.22,13.23,13.24,13.25,13.26,13.27,13.28,13.29,4300,2600,2300,2000,9800,4200,49800,6200,12600,300,2700,7300,2200,1800,1200,9900,13500,4800,3100,10500
463.0,13.2,756400,10027161.0,13.19,13.18,13.17,13.16,13.15,13.13,13.12,13.11,13.1,13.09,13.2,13.21,13.22,13.23,13.24,13.25,13.26,13.27,13.28,13.29,4300,2600,2300,2000,9800,4200,49800,6200,12600,300,2200,7300,2200,1800,1200,9900,13500,4800,3100,10500
464.0,13.2,756400,10027161.0,13.19,13.18,13.17,13.16,13.15,13.13,13.12,13.11,13.1,13.09,13.2,13.21,13.22,13.23,13.24,13.25,13.26,13.27,13.28,13.29,4300,2600,2300,2000,9800,4200,49800,6200,12600,300,2200,7300,2200,1800,1200,9900,13500,4800,3100,10500
465.0,13.19,756800,10032437.0,13.19,13.18,13.17,13.16,13.15,13.13,13.12,13.11,13.1,13.09,13.2,13.21,13.22,13.23,13.24,13.25,13.26,13.27,13.28,13.29,3900,2800,2300,2000,9800,4200,49800,7200,12600,900,2200,7300,2200,1800,1200,9900,13500,4800,3100,10500
466.0,13.19,757100,10036396.0,13.19,13.18,13.17,13.16,13.15,13.13,13.12,13.11,13.1,13.09,13.2,13.21,13.22,13.23,13.24,13.25,13.26,13.27,13.28,13.29,3800,2800,2300,2000,9800,4200,49800,7200,12600,900,2000,7300,2200,1800,1200,9900,13500,4800,3100,10500
467.0,13.19,757100,10036396.0,13.19,13.18,13.17,13.16,13.15,13.13,13.12,13.11,13.1,13.09,13.2,13.21,13.22,13.23,13.24,13.25,13.26,13.27,13.28,13.29,3800,2800,2300,3700,9800,4200,49800,7200,12600,900,2000,7300,2200,1800,1200,9900,13500,4800,3100,10500
468.0,13.2,757900,10046956.0,13.19,13.18,13.17,13.16,13.15,13.13,13.12,13.11,13.1,13.09,13.2,13.21,13.22,13.23,13.24,13.25,13.26,13.27,13.28,13.29,3800,6800,2300,3700,9800,4200,49800,7200,12600,900,200,7300,2200,1800,1200,9900,13500,4800,3100,10500
469.0,13.19,759800,10072017.0,13.19,13.18,13.17,13.16,13.15,13.13,13.12,13.11,13.1,13.09,13.2,13.21,13.22,13.23,13.24,13.25,13.26,13.27,13.28,13.29,1900,6800,2300,3700,9800,4200,49800,7200,12600,900,200,8600,2200,1800,1200,9900,13500,4800,3100,10500
470.0,13.19,760300,10078612.0,13.19,13.18,13.17,13.16,13.15,13.13,13.12,13.11,13.1,13.09,13.2,13.21,13.22,13.23,13.24,13.25,13.26,13.27,13.28,13.29,1400,6800,2300,3700,9800,4200,49800,7200,12600,900,200,8600,2200,1800,1200,9900,13500,4800,3100,10500
471.0,13.18,762600,10108940.0,13.18,13.17,13.16,13.15,13.13,13.12,13.11,13.1,13.09,13.08,13.2,13.21,13.22,13.23,13.24,13.25,13.26,13.27,13.28,13.29,5900,2300,3700,9800,4200,49800,7200,12600,900,1500,200,8600,2200,300,1200,9900,13500,4800,3100,10500
472.0,13.2,763900,10126089.0,13.2,13.19,13.18,13.17,13.16,13.15,13.13,13.12,13.11,13.1,13.21,13.22,13.23,13.24,13.25,13.26,13.27,13.28,13.29,13.3,1700,1300,6300,2300,2000,9800,5000,49800,7200,12600,8600,2200,300,1200,9900,13500,4800,3100,10500,25000
473.0,13.21,772500,10239695.0,13.21,13.2,13.19,13.18,13.17,13.16,13.15,13.13,13.12,13.11,13.22,13.23,13.24,13.25,13.26,13.27,13.28,13.29,13.3,13.31,200,2600,1300,4600,2300,2000,9800,5000,49800,7200,2200,300,1200,9900,13500,4800,3100,10500,25000,8900
474.0,13.2,775400,10278002.0,13.2,13.19,13.18,13.17,13.16,13.15,13.13,13.12,13.11,13.1,13.22,13.23,13.24,13.25,13.26,13.27,13.28,13.29,13.3,13.31,2000,1300,4600,2300,2000,9800,5000,49800,7200,12600,1800,300,1200,9900,13500,4800,3100,10500,25000,8900
475.0,13.2,776100,10287244.0,13.2,13.19,13.18,13.17,13.16,13.15,13.13,13.12,13.11,13.1,13.22,13.23,13.24,13.25,13.26,13.27,13.28,13.29,13.3,13.31,2000,1400,4600,2300,2000,9800,5000,49800,7200,12600,2300,300,1200,9900,13500,4800,3100,10500,25000,8900
476.0,13.2,776300,10289884.0,13.2,13.19,13.18,13.17,13.16,13.15,13.13,13.12,13.11,13.1,13.22,13.23,13.24,13.25,13.26,13.27,13.28,13.29,13.3,13.31,4000,1400,5200,2300,2000,9800,5000,49800,7200,12600,2700,300,1200,9900,13500,4800,3100,10500,25000,8900
477.0,13.2,777800,10309684.0,13.2,13.19,13.18,13.17,13.16,13.15,13.13,13.12,13.11,13.1,13.22,13.23,13.24,13.25,13.26,13.27,13.28,13.29,13.3,13.31,3100,1400,5200,2300,2000,9800,5000,49800,7200,12600,3300,300,1200,9900,13500,4800,3100,10500,25000,8900
478.0,13.2,778000,10312324.0,13.2,13.19,13.18,13.17,13.16,13.15,13.13,13.12,13.11,13.1,13.22,13.23,13.24,13.25,13.26,13.27,13.28,13.29,13.3,13.31,2900,1400,5200,2300,2000,9800,5100,49800,7200,12600,3300,300,1200,9900,13500,4800,3100,10500,25000,8900
479.0,13.2,779700,10334770.0,13.2,13.19,13.18,13.17,13.16,13.15,13.13,13.12,13.11,13.1,13.22,13.23,13.24,13.25,13.26,13.27,13.28,13.29,13.3,13.31,2500,1400,5200,2300,2000,9800,5100,49800,7200,12600,4000,300,1200,9900,13500,4800,3100,10500,25000,8900
480.0,13.2,779700,10334770.0,13.2,13.19,13.18,13.17,13.16,13.15,13.13,13.12,13.11,13.1,13.22,13.23,13.24,13.25,13.26,13.27,13.28,13.29,13.3,13.31,2500,1400,5200,2300,2000,9800,5100,49800,7200,12600,4000,300,1200,9900,13500,4800,3100,10500,25000,8900
481.0,13.2,779700,10334770.0,13.2,13.19,13.18,13.17,13.16,13.15,13.13,13.12,13.11,13.1,13.22,13.23,13.24,13.25,13.26,13.27,13.28,13.29,13.3,13.31,2500,1400,5200,2300,2000,9800,5100,49800,7200,12600,4000,300,1200,9900,13500,4800,3100,10500,25000,8900
482.0,13.22,780100,10340058.0,13.2,13.19,13.18,13.17,13.16,13.15,13.13,13.12,13.11,13.1,13.22,13.23,13.24,13.25,13.26,13.27,13.28,13.29,13.3,13.31,3400,1400,6700,2300,2000,9800,5100,49800,7200,12600,4500,300,1200,9900,13500,4800,3100,10500,25000,8900
483.0,13.2,781800,10362498.0,13.2,13.19,13.18,13.17,13.16,13.15,13.13,13.12,13.11,13.1,13.22,13.23,13.24,13.25,13.26,13.27,13.28,13.29,13.3,13.31,3300,1400,6700,2300,2000,9800,5100,49800,7200,12600,4500,300,1200,9900,13500,4800,3100,10500,25000,8900
484.0,13.22,784400,10396864.0,13.2,13.19,13.18,13.17,13.16,13.15,13.13,13.12,13.11,13.1,13.22,13.23,13.24,13.25,13.26,13.27,13.28,13.29,13.3,13.31,3600,300,6700,2300,2000,9800,5100,49800,7200,12600,2800,300,1200,9900,13500,4800,3100,10500,25000,8900
485.0,13.2,787800,10441762.0,13.2,13.19,13.18,13.17,13.16,13.15,13.13,13.12,13.11,13.1,13.22,13.23,13.24,13.25,13.26,13.27,13.28,13.29,13.3,13.31,1500,300,6700,2300,2000,9800,5100,49800,7200,12600,3700,300,1200,9900,13500,4800,3100,10500,25000,8900
486.0,13.22,789200,10460270.0,13.2,13.19,13.18,13.17,13.16,13.15,13.13,13.12,13.11,13.1,13.22,13.23,13.24,13.25,13.26,13.27,13.28,13.29,13.3,13.31,1500,4800,6700,2300,2000,9800,5100,49800,7200,12600,2300,2300,1200,9900,13500,4800,3100,10500,23600,8900
487.0,13.22,792200,10499930.0,13.22,13.21,13.2,13.19,13.18,13.17,13.16,13.15,13.13,13.12,13.23,13.24,13.25,13.26,13.27,13.28,13.29,13.3,13.31,13.32,8700,5200,2100,5300,6700,2300,2000,9800,5100,49800,2300,1200,9900,13500,4800,3100,10500,23600,8900,15400
488.0,13.23,792400,10502576.0,13.22,13.21,13.2,13.19,13.18,13.17,13.16,13.15,13.13,13.12,13.23,13.24,13.25,13.26,13.27,13.28,13.29,13.3,13.31,13.32,8700,5200,2100,6300,6700,2300,2000,9800,5100,49800,2100,1200,9900,13500,4800,3100,10500,23600,8900,15400
489.0,13.22,794800,10534327.0,13.22,13.21,13.2,13.19,13.18,13.17,13.16,13.15,13.13,13.12,13.24,13.25,13.26,13.27,13.28,13.29,13.3,13.31,13.32,13.33,12500,5200,2100,6600,6700,2300,2000,9800,5100,49800,1200,9900,13500,4800,3100,10500,23600,8900,15400,13100
490.0,13.24,796000,10550215.0,13.24,13.23,13.22,13.21,13.2,13.19,13.18,13.17,13.16,13.15,13.25,13.26,13.27,13.28,13.29,13.3,13.31,13.32,13.33,13.34,900,3700,3900,5200,2100,6600,6700,2300,2000,9800,9900,13500,4800,3100,10500,23600,8900,15400,13100,13700
491.0,13.23,797100,10564777.0,13.23,13.22,13.21,13.2,13.19,13.18,13.17,13.16,13.15,13.13,13.25,13.26,13.27,13.28,13.29,13.3,13.31,13.32,13.33,13.34,3500,3900,5200,2100,6600,6700,2300,2000,9800,5100,9900,13500,4800,3100,10500,23600,8900,15400,13100,13700
492.0,13.23,798300,10580667.0,13.24,13.23,13.22,13.21,13.2,13.19,13.18,13.17,13.16,13.15,13.25,13.26,13.27,13.28,13.29,13.3,13.31,13.32,13.33,13.34,100,3000,3900,5200,2100,6600,6700,2300,2000,9800,9200,13500,4800,3100,10500,23600,8900,15400,13100,13700
493.0,13.25,801800,10627042.0,13.24,13.23,13.22,13.21,13.2,13.19,13.18,13.17,13.16,13.15,13.25,13.26,13.27,13.28,13.29,13.3,13.31,13.32,13.33,13.34,800,1500,3900,5200,2100,6600,8700,2300,2000,9800,5700,13500,4800,3100,10500,23600,8900,15400,13100,13700
494.0,13.25,801800,10627042.0,13.24,13.23,13.22,13.21,13.2,13.19,13.18,13.17,13.16,13.15,13.25,13.26,13.27,13.28,13.29,13.3,13.31,13.32,13.33,13.34,800,1500,3900,5200,2100,6600,8700,2300,2000,9800,5700,13500,4800,3100,10500,23600,8900,15400,13100,13700
495.0,13.26,809000,10722457.0,13.25,13.24,13.22,13.21,13.2,13.19,13.18,13.17,13.16,13.15,13.26,13.27,13.28,13.29,13.3,13.31,13.32,13.33,13.34,13.35,500,4800,3900,5200,2100,6600,8700,2300,2000,9800,12000,4800,3100,10500,23600,8900,15400,13100,13700,16400
496.0,13.26,810500,10742347.0,13.25,13.24,13.22,13.21,13.2,13.19,13.18,13.17,13.16,13.15,13.26,13.27,13.28,13.29,13.3,13.31,13.32,13.33,13.34,13.35,500,4800,3900,5200,2100,6600,8700,2300,2000,9800,10500,4800,3100,10500,23600,8900,15400,13100,13700,16400
497.0,13.26,810500,10742347.0,13.25,13.24,13.22,13.21,13.2,13.19,13.18,13.17,13.16,13.15,13.26,13.27,13.28,13.29,13.3,13.31,13.32,13.33,13.34,13.35,500,5000,3900,5200,2100,6600,8700,2300,2000,10200,10500,4800,3100,10500,23600,8900,15400,13100,13700,16400
498.0,13.26,810500,10742347.0,13.25,13.24,13.22,13.21,13.2,13.19,13.18,13.17,13.16,13.15,13.26,13.27,13.28,13.29,13.3,13.31,13.32,13.33,13.34,13.35,500,5000,3900,5200,2100,6600,8700,2300,2000,10200,10500,4800,3100,10500,23600,8900,15400,13100,13700,16400
499.0,13.26,811200,10751629.0,13.25,13.24,13.22,13.21,13.2,13.19,13.18,13.17,13.16,13.15,13.26,13.27,13.28,13.29,13.3,13.31,13.32,13.33,13.34,13.35,500,5000,3900,5200,2100,6600,8700,2300,2000,10200,9800,4800,3100,10500,23600,8900,15400,13100,13700,16400
500.0,13.24,812600,10770170.0,13.24,13.22,13.21,13.2,13.19,13.18,13.17,13.16,13.15,13.13,13.26,13.27,13.28,13.29,13.3,13.31,13.32,13.33,13.34,13.35,4100,3900,5200,2100,6600,8700,2300,2000,10200,5100,9800,4800,3100,10500,23600,8900,15400,13100,13700,16400
501.0,13.24,812800,10772818.0,13.24,13.22,13.21,13.2,13.19,13.18,13.17,13.16,13.15,13.13,13.26,13.27,13.28,13.29,13.3,13.31,13.32,13.33,13.34,13.35,6400,3900,5200,2100,6600,8700,2300,2000,10200,5100,10300,4800,3100,10500,23600,8900,15400,13100,13700,16400
502.0,13.26,815100,10803316.0,13.24,13.22,13.21,13.2,13.19,13.18,13.17,13.16,13.15,13.13,13.26,13.27,13.28,13.29,13.3,13.31,13.32,13.33,13.34,13.35,6400,3900,5700,2100,6600,8700,2300,2000,10200,6100,8000,4800,3100,10500,23600,8900,15400,13100,13700,16400
503.0,13.26,815100,10803316.0,13.24,13.22,13.21,13.2,13.19,13.18,13.17,13.16,13.15,13.13,13.26,13.27,13.28,13.29,13.3,13.31,13.32,13.33,13.34,13.35,6400,3900,5700,2100,6600,8700,2300,2000,10200,6100,10600,4800,3100,10500,23600,8900,15400,13100,13700,16400
504.0,13.26,815100,10803316.0,13.24,13.22,13.21,13.2,13.19,13.18,13.17,13.16,13.15,13.13,13.26,13.27,13.28,13.29,13.3,13.31,13.32,13.33,13.34,13.35,6900,3900,5700,2100,6600,9000,2300,2000,10200,6100,11100,4800,3100,10500,23600,8900,15400,8100,13700,16400
505.0,13.26,815800,10812598.0,13.25,13.24,13.21,13.2,13.19,13.18,13.17,13.16,13.15,13.13,13.26,13.27,13.28,13.29,13.3,13.31,13.32,13.33,13.34,13.35,200,6700,5700,2100,6600,9000,2300,2000,10200,6100,10400,4800,3100,16500,23600,8900,15400,8100,13700,16400
506.0,13.25,816200,10817901.0,13.25,13.24,13.21,13.2,13.19,13.18,13.17,13.16,13.15,13.13,13.26,13.27,13.28,13.29,13.3,13.31,13.32,13.33,13.34,13.35,100,6700,5700,2100,6600,9000,2300,2000,10200,6000,10100,4800,3100,16500,23600,8900,15400,8100,13700,16400
507.0,13.26,817600,10836465.0,13.25,13.24,13.21,13.2,13.19,13.18,13.17,13.16,13.15,13.13,13.26,13.27,13.28,13.29,13.3,13.31,13.32,13.33,13.34,13.35,100,6700,5700,2100,6600,9000,2300,2000,10200,6000,8700,4800,3100,16500,23600,8900,15400,8100,13700,16400
508.0,13.24,822600,10902696.0,13.24,13.21,13.2,13.19,13.18,13.17,13.16,13.15,13.13,13.12,13.26,13.27,13.28,13.29,13.3,13.31,13.32,13.33,13.34,13.35,3300,5700,2100,6600,9000,2300,2000,10200,6000,49800,7200,4800,3100,16500,23600,8900,15400,8100,13700,16400
509.0,13.26,823300,10911978.0,13.24,13.21,13.2,13.19,13.18,13.17,13.16,13.15,13.13,13.12,13.26,13.27,13.28,13.29,13.3,13.31,13.32,13.33,13.34,13.35,3300,5700,2100,6600,9000,2300,2000,10200,6000,49800,6500,4800,3100,16500,23600,8900,15400,8100,13700,16400
510.0,13.26,823300,10911978.0,13.24,13.21,13.2,13.19,13.18,13.17,13.16,13.15,13.13,13.12,13.26,13.27,13.28,13.29,13.3,13.31,13.32,13.33,13.34,13.35,3300,5700,2100,6100,9000,2300,2000,10200,6000,49800,6500,4800,3100,16500,23600,8900,15400,8100,13700,16400
511.0,13.26,825200,10937172.0,13.24,13.21,13.2,13.19,13.18,13.17,13.16,13.15,13.13,13.12,13.26,13.27,13.28,13.29,13.3,13.31,13.32,13.33,13.34,13.35,3800,5700,2100,6100,9000,2300,2000,10200,6000,48700,5100,4800,3100,16500,23600,8900,15400,8100,13700,16400
512.0,13.26,826600,10955734.0,13.24,13.21,13.2,13.19,13.18,13.17,13.16,13.15,13.13,13.12,13.26,13.27,13.28,13.29,13.3,13.31,13.32,13.33,13.34,13.35,3700,5700,2100,6100,9000,2300,2000,10200,9600,48700,3800,4800,3100,16500,23600,8900,15400,8100,13700,16400
513.0,13.26,826600,10955734.0,13.24,13.21,13.2,13.19,13.18,13.17,13.16,13.15,13.13,13.12,13.26,13.27,13.28,13.29,13.3,13.31,13.32,13.33,13.34,13.35,3700,5700,2100,6100,9000,2300,2000,10200,9600,48700,3800,4800,3100,16500,23600,8900,15400,8100,13700,16400
514.0,13.24,826900,10959706.0,13.24,13.21,13.2,13.19,13.18,13.17,13.16,13.15,13.13,13.12,13.26,13.27,13.28,13.29,13.3,13.31,13.32,13.33,13.34,13.35,3400,5700,2100,5800,9000,2300,2000,10200,9600,48700,3800,4800,3100,16500,23600,8900,15400,8100,13700,16400
515.0,13.26,827200,10963684.0,13.24,13.21,13.2,13.19,13.18,13.17,13.16,13.15,13.13,13.12,13.26,13.27,13.28,13.29,13.3,13.31,13.32,13.33,13.34,13.35,3900,5700,2100,5800,10000,2300,2000,10200,9600,48700,4000,4800,3100,16500,23600,8900,15400,8100,13700,16400
516.0,13.26,827700,10970314.0,13.24,13.21,13.2,13.19,13.18,13.17,13.16,13.15,13.13,13.12,13.26,13.27,13.28,13.29,13.3,13.31,13.32,13.33,13.34,13.35,3900,6700,2100,5800,10000,2300,2000,10200,9600,48700,3500,4800,3100,16500,23600,8900,15400,8100,13700,16400
517.0,13.26,827700,10970314.0,13.24,13.21,13.2,13.19,13.18,13.17,13.16,13.15,13.13,13.12,13.26,13.27,13.28,13.29,13.3,13.31,13.32,13.33,13.34,13.35,3900,6700,2100,5800,10000,2300,2000,10200,9600,48700,3500,4800,3100,16500,23600,8900,15400,8100,13700,16400
518.0,13.26,828000,10974292.0,13.24,13.21,13.2,13.19,13.18,13.17,13.16,13.15,13.13,13.12,13.26,13.27,13.28,13.29,13.3,13.31,13.32,13.33,13.34,13.35,5100,6700,2100,5800,10000,2300,2000,10200,9600,48700,3700,4800,3100,16500,25200,8900,15400,8100,13700,16400
519.0,13.26,828700,10983574.0,13.24,13.21,13.2,13.19,13.18,13.17,13.16,13.15,13.13,13.12,13.26,13.27,13.28,13.29,13.3,13.31,13.32,13.33,13.34,13.35,5100,6700,2100,5800,10000,2300,2000,10200,9600,48700,3000,4800,3100,16500,22400,8900,15400,8100,13700,16400
520.0,13.26,828700,10983574.0,13.24,13.22,13.21,13.2,13.19,13.18,13.17,13.16,13.15,13.13,13.26,13.27,13.28,13.29,13.3,13.31,13.32,13.33,13.34,13.35,5600,27700,6700,2100,5800,24400,2300,2000,10200,9600,3500,4800,3100,16500,22400,8900,15400,8100,13700,16400
521.0,13.26,829500,10994172.0,13.24,13.22,13.21,13.2,13.19,13.18,13.17,13.16,13.15,13.13,13.26,13.27,13.28,13.29,13.3,13.31,13.32,13.33,13.34,13.35,5100,27700,6700,4200,5800,24400,2300,2000,10200,9600,5400,4800,3100,16500,22400,8900,15400,8100,13700,16400
522.0,13.24,834600,11061696.0,13.22,13.21,13.2,13.19,13.18,13.17,13.16,13.15,13.13,13.12,13.24,13.26,13.27,13.28,13.29,13.3,13.31,13.32,13.33,13.34,27700,6700,4200,5800,24400,2300,2000,10200,9600,48700,3800,5400,4800,3100,16500,22400,8900,15400,8100,13700
523.0,13.24,835200,11069640.0,13.22,13.21,13.2,13.19,13.18,13.17,13.16,13.15,13.13,13.12,13.24,13.26,13.27,13.28,13.29,13.3,13.31,13.32,13.33,13.34,28200,6700,8600,5800,24400,2300,2000,10200,9600,48700,3700,7700,4800,3100,16500,22400,8900,15400,8100,13700
524.0,13.22,836600,11088148.0,13.22,13.21,13.2,13.19,13.18,13.17,13.16,13.15,13.13,13.12,13.24,13.26,13.27,13.28,13.29,13.3,13.31,13.32,13.33,13.34,26800,6700,8600,5800,24400,2300,2000,10200,9600,48700,3900,7700,4800,3100,16500,22400,8900,15400,8100,13700
525.0,13.24,836900,11092120.0,13.22,13.21,13.2,13.19,13.18,13.17,13.16,13.15,13.13,13.12,13.24,13.26,13.27,13.28,13.29,13.3,13.31,13.32,13.33,13.34,26800,6700,8600,5800,24400,2300,2000,10200,9600,48700,3600,7700,4800,3100,16500,22400,8900,15400,8100,13700
526.0,13.24,836900,11092120.0,13.22,13.21,13.2,13.19,13.18,13.17,13.16,13.15,13.13,13.12,13.24,13.26,13.27,13.28,13.29,13.3,13.31,13.32,13.33,13.34,27300,7700,8600,5800,24400,2300,2000,10200,9600,48700,4100,7700,4800,3100,16500,22400,8900,15400,8100,13700
527.0,13.24,841000,11146404.0,13.24,13.23,13.22,13.21,13.2,13.19,13.18,13.17,13.16,13.15,13.26,13.27,13.28,13.29,13.3,13.31,13.32,13.33,13.34,13.35,2100,2700,27300,7700,8600,5800,24400,2300,2000,10200,7700,4800,3100,16500,22400,8900,15400,8100,13700,16400
528.0,13.24,842200,11162310.0,13.24,13.23,13.22,13.21,13.2,13.19,13.18,13.17,13.16,13.15,13.26,13.27,13.28,13.29,13.3,13.31,13.32,13.33,13.34,13.35,1800,2700,27300,7700,8600,5800,24400,2300,2000,10200,6800,4800,3100,16500,22000,8900,15400,8100,13700,16400
529.0,13.24,842300,11163634.0,13.24,13.23,13.22,13.21,13.2,13.19,13.18,13.17,13.16,13.15,13.26,13.27,13.28,13.29,13.3,13.31,13.32,13.33,13.34,13.35,2300,2700,27300,7700,8600,6800,24400,2300,2000,10200,7400,4800,3100,16500,22000,8900,15400,8100,13700,16400
530.0,13.26,843100,11174242.0,13.24,13.23,13.22,13.21,13.2,13.19,13.18,13.17,13.16,13.15,13.26,13.27,13.28,13.29,13.3,13.31,13.32,13.33,13.34,13.35,2600,2700,27300,7700,8600,6800,20400,2300,2000,10200,6600,4800,3100,16500,22000,8900,15400,8100,13700,16400
531.0,13.26,844400,11191480.0,13.24,13.23,13.22,13.21,13.2,13.19,13.18,13.17,13.16,13.15,13.26,13.27,13.28,13.29,13.3,13.31,13.32,13.33,13.34,13.35,2600,2700,27300,7700,8600,6800,21100,2300,2000,10200,5300,4800,3100,16500,22000,8900,15400,8100,13700,16400
532.0,13.26,844400,11191480.0,13.24,13.23,13.22,13.21,13.2,13.19,13.18,13.17,13.16,13.15,13.26,13.27,13.28,13.29,13.3,13.31,13.32,13.33,13.34,13.35,3200,2700,27300,7700,8600,6800,21100,2300,3100,10200,5900,4800,3100,16500,22000,8900,15400,8100,12700,16400
533.0,13.26,844400,11191480.0,13.24,13.23,13.22,13.21,13.2,13.19,13.18,13.17,13.16,13.15,13.26,13.27,13.28,13.29,13.3,13.31,13.32,13.33,13.34,13.35,3200,2700,27300,7700,8600,6800,21100,2300,3100,10200,5900,4800,3100,16500,22000,8900,15400,8100,12700,16400
534.0,13.26,845200,11202088.0,13.24,13.23,13.22,13.21,13.2,13.19,13.18,13.17,13.16,13.15,13.26,13.27,13.28,13.29,13.3,13.31,13.32,13.33,13.34,13.35,3200,2700,27300,7700,8600,6800,20100,2300,3100,10200,5200,4800,3100,16500,22000,8900,15400,8100,12700,16400
535.0,13.26,845700,11208718.0,13.24,13.23,13.22,13.21,13.2,13.19,13.18,13.17,13.16,13.15,13.26,13.27,13.28,13.29,13.3,13.31,13.32,13.33,13.34,13.35,3800,2700,27300,7700,6500,6800,20100,2300,3100,10200,3000,4800,3100,16500,22000,8900,15400,8100,12700,16400
536.0,13.24,846000,11212690.0,13.24,13.23,13.22,13.21,13.2,13.19,13.18,13.17,13.16,13.15,13.26,13.27,13.28,13.29,13.3,13.31,13.32,13.33,13.34,13.35,5500,2700,27300,7700,6500,6800,20100,2300,3100,10200,5000,4800,3100,16500,22000,8900,15400,8100,12700,16400
537.0,13.24,846000,11212690.0,13.24,13.23,13.22,13.21,13.2,13.19,13.18,13.17,13.16,13.15,13.26,13.27,13.28,13.29,13.3,13.31,13.32,13.33,13.34,13.35,5500,2700,27300,7700,6500,6800,20100,2300,3100,10200,5000,4800,3100,16500,22000,8900,15400,8100,12700,16400
538.0,13.26,846500,11219320.0,13.24,13.23,13.22,13.21,13.2,13.19,13.18,13.17,13.16,13.15,13.26,13.27,13.28,13.29,13.3,13.31,13.32,13.33,13.34,13.35,6100,2900,27300,7700,6500,5800,20100,2300,3100,10200,5100,4800,3100,16500,22000,8900,15400,8100,12700,16400
539.0,13.26,846500,11219320.0,13.24,13.23,13.22,13.21,13.2,13.19,13.18,13.17,13.16,13.15,13.26,13.27,13.28,13.29,13.3,13.31,13.32,13.33,13.34,13.35,6600,2900,27300,7700,6500,5800,20100,3300,3300,10200,6300,4800,3100,16500,22000,8900,15400,8100,12700,16400
540.0,13.26,846600,11220646.0,13.24,13.23,13.22,13.21,13.2,13.19,13.18,13.17,13.16,13.15,13.26,13.27,13.28,13.29,13.3,13.31,13.32,13.33,13.34,13.35,6600,2900,27300,7700,6500,5800,20100,3300,3300,10200,6200,4800,3100,16500,22000,8900,15400,8100,12700,16400
541.0,13.26,847200,11228602.0,13.24,13.23,13.22,13.21,13.2,13.19,13.18,13.17,13.16,13.15,13.26,13.27,13.28,13.29,13.3,13.31,13.32,13.33,13.34,13.35,7100,3200,27300,7700,6500,5800,20100,3300,3300,10200,6100,4800,3100,16500,22000,8900,15400,8100,12700,16400
542.0,13.26,851500,11285580.0,13.25,13.24,13.23,13.22,13.21,13.2,13.19,13.18,13.17,13.16,13.26,13.27,13.28,13.29,13.3,13.31,13.32,13.33,13.34,13.35,3400,5100,3200,27300,7700,6500,5800,20100,3300,3300,3800,4800,3100,16500,22000,8900,15400,8100,12700,16400
543.0,13.25,851800,11289555.0,13.25,13.24,13.23,13.22,13.21,13.2,13.19,13.18,13.17,13.16,13.26,13.27,13.28,13.29,13.3,13.31,13.32,13.33,13.34,13.35,3100,5100,3200,27300,7700,6500,5800,20100,3300,3300,3800,4800,3100,16500,22000,8900,15400,8100,12700,16400
544.0,13.25,856400,11350521.0,13.25,13.24,13.23,13.22,13.21,13.2,13.19,13.18,13.17,13.16,13.26,13.27,13.28,13.29,13.3,13.31,13.32,13.33,13.34,13.35,9000,5100,3200,27300,7700,6500,5800,20100,3300,3300,2200,4800,3100,16500,22000,8900,15400,8100,12700,16400
545.0,13.26,857200,11361129.0,13.25,13.24,13.23,13.22,13.21,13.2,13.19,13.18,13.17,13.16,13.26,13.27,13.28,13.29,13.3,13.31,13.32,13.33,13.34,13.35,9000,5100,3200,27300,7700,6500,5800,20100,3300,3300,1400,4800,3100,16500,22000,8900,15400,8100,12700,16400
546.0,13.26,857200,11361129.0,13.25,13.24,13.23,13.22,13.21,13.2,13.19,13.18,13.17,13.16,13.26,13.27,13.28,13.29,13.3,13.31,13.32,13.33,13.34,13.35,9000,5200,3200,27300,7700,6500,5800,20100,3300,2200,2400,4800,3100,16500,22000,8900,15400,8100,12700,16400
547.0,13.26,857200,11361129.0,13.25,13.24,13.23,13.22,13.21,13.2,13.19,13.18,13.17,13.16,13.26,13.27,13.28,13.29,13.3,13.31,13.32,13.33,13.34,13.35,11000,5200,3200,27300,7700,6500,5800,20100,3300,2200,2400,4800,3100,16500,22000,8900,15400,8100,12700,16400
548.0,13.26,857400,11363781.0,13.25,13.24,13.23,13.22,13.21,13.2,13.19,13.18,13.17,13.16,13.26,13.27,13.28,13.29,13.3,13.31,13.32,13.33,13.34,13.35,11000,5200,3200,27400,7700,6500,5800,20100,3300,2200,2200,4800,3100,16500,22000,8900,15400,8100,13100,16400
549.0,13.26,857500,11365107.0,13.25,13.24,13.23,13.22,13.21,13.2,13.19,13.18,13.17,13.16,13.26,13.27,13.28,13.29,13.3,13.31,13.32,13.33,13.34,13.35,11000,5200,2700,27400,7700,6500,5800,20100,3300,2200,2100,5800,8100,16500,22000,8900,15400,8100,13100,16400
550.0,13.26,857500,11365107.0,13.25,13.24,13.23,13.22,13.21,13.2,13.19,13.18,13.17,13.16,13.26,13.27,13.28,13.29,13.3,13.31,13.32,13.33,13.34,13.35,12000,5200,2700,27400,7700,6500,5800,20100,3300,2200,2100,5800,8100,16500,22000,8900,15400,8100,13100,16400
551.0,13.25,858200,11374382.0,13.25,13.24,13.23,13.22,13.21,13.2,13.19,13.18,13.17,13.16,13.26,13.27,13.28,13.29,13.3,13.31,13.32,13.33,13.34,13.35,11300,5200,2700,27400,7700,6500,5800,20100,3300,2200,2100,5800,8100,16500,22000,8900,15400,8100,13100,16400
552.0,13.26,858400,11377034.0,13.25,13.24,13.23,13.22,13.21,13.2,13.19,13.18,13.17,13.16,13.26,13.27,13.28,13.29,13.3,13.31,13.32,13.33,13.34,13.35,11300,5200,2700,27400,7700,6500,5800,20100,3300,2200,1900,5800,8100,16500,22500,8900,15400,8100,13100,16400
553.0,13.25,859900,11396914.0,13.25,13.24,13.23,13.22,13.21,13.2,13.19,13.18,13.17,13.16,13.26,13.27,13.28,13.29,13.3,13.31,13.32,13.33,13.34,13.35,10300,5200,2700,27400,7700,7000,5800,20100,3300,2200,1400,5800,8100,16500,22500,8900,15400,8100,13100,18400
554.0,13.25,863600,11445944.0,13.25,13.24,13.23,13.22,13.21,13.2,13.19,13.18,13.17,13.16,13.26,13.27,13.28,13.29,13.3,13.31,13.32,13.33,13.34,13.35,7100,6200,2700,27400,7700,7000,5800,20100,3300,2200,900,5800,8100,16500,22500,8900,15400,8100,13100,18400
555.0,13.26,864900,11463173.0,13.25,13.24,13.23,13.22,13.21,13.2,13.19,13.18,13.17,13.16,13.26,13.27,13.28,13.29,13.3,13.31,13.32,13.33,13.34,13.35,6200,6200,2700,27400,7700,8100,5800,20100,3300,2200,600,5800,8100,16500,22500,8900,15400,8100,13100,18400
556.0,13.25,865400,11469798.0,13.25,13.24,13.23,13.22,13.21,13.2,13.19,13.18,13.17,13.16,13.26,13.27,13.28,13.29,13.3,13.31,13.32,13.33,13.34,13.35,5700,6200,2700,1100,7700,8100,5800,20100,3300,2200,600,2000,8100,16500,22500,8900,15400,8100,13100,18400
557.0,13.25,866200,11480402.0,13.25,13.24,13.23,13.22,13.21,13.2,13.19,13.18,13.17,13.16,13.26,13.27,13.28,13.29,13.3,13.31,13.32,13.33,13.34,13.35,6800,6200,2700,1100,7700,8100,5800,20100,3300,2200,200,2000,8100,16500,22500,8900,15400,8100,13100,18400
558.0,13.25,866800,11488352.0,13.25,13.24,13.23,13.22,13.21,13.2,13.19,13.18,13.17,13.16,13.26,13.27,13.28,13.29,13.3,13.31,13.32,13.33,13.34,13.35,6200,6200,2700,1100,7700,8100,5800,20100,3300,2200,200,2000,8100,16500,22500,8900,15400,8100,13100,18400
559.0,13.25,866800,11488352.0,13.25,13.24,13.23,13.22,13.21,13.2,13.19,13.18,13.17,13.16,13.26,13.27,13.28,13.29,13.3,13.31,13.32,13.33,13.34,13.35,6200,6200,2700,1100,7700,8100,5800,20100,3300,2200,200,2000,8100,16500,22500,8900,15400,8100,13100,18400
560.0,13.25,866800,11488352.0,13.25,13.24,13.23,13.22,13.21,13.2,13.19,13.18,13.17,13.16,13.26,13.27,13.28,13.29,13.3,13.31,13.32,13.33,13.34,13.35,6200,6200,2700,1100,7700,8100,5800,20100,3300,2200,200,2000,8100,16500,22500,8900,15400,8100,13100,18400
561.0,13.26,867000,11491004.0,13.26,13.25,13.24,13.23,13.22,13.21,13.2,13.19,13.18,13.17,13.27,13.28,13.29,13.3,13.31,13.32,13.33,13.34,13.35,13.36,3800,6200,6200,2700,1100,7700,8100,5800,20100,3300,2000,8100,16500,22500,8900,15400,8100,13100,18400,10000
562.0,13.27,867200,11493658.0,13.26,13.25,13.24,13.23,13.22,13.21,13.2,13.19,13.18,13.17,13.27,13.28,13.29,13.3,13.31,13.32,13.33,13.34,13.35,13.36,3800,6200,6200,2700,1100,7700,8100,5800,20100,3300,1800,8100,16500,22500,8900,15400,8100,13100,18400,10000
563.0,13.27,867200,11493658.0,13.26,13.25,13.24,13.23,13.22,13.21,13.2,13.19,13.18,13.17,13.27,13.28,13.29,13.3,13.31,13.32,13.33,13.34,13.35,13.36,3800,6200,6200,2700,1100,7700,8100,5800,20100,3300,1800,8100,16500,22500,8900,15400,8100,13100,18400,10000
564.0,13.26,869000,11517529.0,13.26,13.25,13.24,13.23,13.22,13.21,13.2,13.19,13.18,13.17,13.27,13.28,13.29,13.3,13.31,13.32,13.33,13.34,13.35,13.36,2300,6200,6200,2900,1100,7700,8100,5800,20100,3300,1500,8100,16500,22500,8900,15400,8100,13100,18400,10000
565.0,13.26,869000,11517529.0,13.26,13.25,13.24,13.23,13.22,13.21,13.2,13.19,13.18,13.17,13.27,13.28,13.29,13.3,13.31,13.32,13.33,13.34,13.35,13.36,2300,6200,6200,2900,1100,7700,8100,5800,20100,3300,1500,8100,16500,22500,8900,15400,8100,13100,18400,10000
566.0,13.27,869100,11518856.0,13.26,13.25,13.24,13.23,13.22,13.21,13.2,13.19,13.18,13.17,13.27,13.28,13.29,13.3,13.31,13.32,13.33,13.34,13.35,13.36,2300,6200,6200,2900,1100,7700,8100,5800,20100,3300,1400,8100,16500,22500,8900,15400,8100,13100,18400,10000
567.0,13.27,869100,11518856.0,13.26,13.25,13.24,13.23,13.22,13.21,13.2,13.19,13.18,13.17,13.27,13.28,13.29,13.3,13.31,13.32,13.33,13.34,13.35,13.36,3800,6200,6200,2900,1400,7700,8100,5800,20100,3300,1400,8100,16500,22500,8900,15400,8100,13100,18400,10000
568.0,13.27,869100,11518856.0,13.26,13.25,13.24,13.23,13.22,13.21,13.2,13.19,13.18,13.17,13.27,13.28,13.29,13.3,13.31,13.32,13.33,13.34,13.35,13.36,3800,6200,6200,2900,1400,7700,8100,5800,20100,3300,1400,8100,16500,22500,8900,15400,8100,13100,18400,10000
569.0,13.27,869200,11520183.0,13.26,13.25,13.24,13.23,13.22,13.21,13.2,13.19,13.18,13.17,13.27,13.28,13.29,13.3,13.31,13.32,13.33,13.34,13.35,13.36,3800,6200,6200,2900,1400,7700,8100,5800,20100,3300,1300,8100,16500,22500,8900,15400,8100,13100,18400,10000
570.0,13.26,869500,11524162.0,13.26,13.25,13.24,13.23,13.22,13.21,13.2,13.19,13.18,13.17,13.27,13.28,13.29,13.3,13.31,13.32,13.33,13.34,13.35,13.36,3600,6200,6200,2900,1400,7700,8100,5800,20100,3300,1200,8100,16500,22800,8900,15400,8100,13100,18400,10000
571.0,13.26,869500,11524162.0,13.26,13.25,13.24,13.23,13.22,13.21,13.2,13.19,13.18,13.17,13.27,13.28,13.29,13.3,13.31,13.32,13.33,13.34,13.35,13.36,3600,6200,6200,2700,1400,7700,8100,5800,20100,3300,1200,8100,16500,22800,8900,15400,8100,13100,18400,10000
572.0,13.26,873100,11571898.0,13.25,13.24,13.23,13.22,13.21,13.2,13.19,13.18,13.17,13.16,13.26,13.27,13.28,13.29,13.3,13.31,13.32,13.33,13.34,13.35,6200,6200,2400,1400,7700,8100,5800,20100,3300,2200,400,1200,8100,16500,22800,8900,15400,8100,13100,18400
573.0,13.25,873700,11579848.0,13.25,13.24,13.23,13.22,13.21,13.2,13.19,13.18,13.17,13.16,13.26,13.27,13.28,13.29,13.3,13.31,13.32,13.33,13.34,13.35,6200,6200,2400,1400,7700,8100,5800,20100,3300,2200,400,1200,8100,16500,22800,8900,15400,8100,13100,18400
574.0,13.25,873700,11579848.0,13.25,13.24,13.23,13.22,13.21,13.2,13.19,13.18,13.17,13.16,13.26,13.27,13.28,13.29,13.3,13.31,13.32,13.33,13.34,13.35,6200,6200,2400,1400,7700,8100,5800,20100,3300,2200,400,1200,8100,16500,22800,8900,15400,8100,13100,18400
575.0,13.25,873700,11579848.0,13.25,13.24,13.23,13.22,13.21,13.2,13.19,13.18,13.17,13.16,13.26,13.27,13.28,13.29,13.3,13.31,13.32,13.33,13.34,13.35,6200,6200,2400,1400,7700,8100,5800,20400,3300,2200,400,1200,8100,16500,22800,8900,15400,8100,13100,18400
576.0,13.25,874300,11587798.0,13.25,13.24,13.23,13.22,13.21,13.2,13.19,13.18,13.17,13.16,13.26,13.27,13.28,13.29,13.3,13.31,13.32,13.33,13.34,13.35,5600,6200,2400,1400,7700,8100,5800,20400,3300,2200,400,1200,8100,16500,22800,8900,15400,8100,13100,18400
577.0,13.25,874300,11587798.0,13.25,13.24,13.23,13.22,13.21,13.2,13.19,13.18,13.17,13.16,13.26,13.27,13.28,13.29,13.3,13.31,13.32,13.33,13.34,13.35,5600,6500,2400,1400,7700,8100,5800,20400,3300,2200,400,1200,8100,16500,22800,8900,15400,8100,13100,18400
578.0,13.25,874300,11587798.0,13.25,13.24,13.23,13.22,13.21,13.2,13.19,13.18,13.17,13.16,13.26,13.27,13.28,13.29,13.3,13.31,13.32,13.33,13.34,13.35,5600,6500,2400,1400,7700,8100,5800,20400,3300,2200,400,2100,8100,16500,22800,8900,15400,8100,13100,18400
579.0,13.25,874300,11587798.0,13.25,13.24,13.23,13.22,13.21,13.2,13.19,13.18,13.17,13.16,13.26,13.27,13.28,13.29,13.3,13.31,13.32,13.33,13.34,13.35,5600,6500,2400,1400,2500,8100,1300,20400,3300,2200,400,2100,8100,16500,22800,8900,15400,8100,13100,18400
580.0,13.25,875800,11607673.0,13.25,13.24,13.23,13.22,13.21,13.2,13.19,13.18,13.17,13.16,13.26,13.27,13.28,13.29,13.3,13.31,13.32,13.33,13.34,13.35,4100,6500,2400,1400,2500,7000,1300,20400,3300,2200,400,2100,8100,16500,22800,8900,15400,8100,13100,18400
581.0,13.25,880300,11667298.0,13.25,13.24,13.23,13.22,13.21,13.2,13.19,13.18,13.17,13.16,13.26,13.27,13.28,13.29,13.3,13.31,13.32,13.33,13.34,13.35,1100,6500,2400,1400,2500,7000,1300,20400,3300,2200,400,2700,8100,16500,22800,8900,15400,8100,13100,18400
582.0,13.25,880300,11667298.0,13.25,13.24,13.23,13.22,13.21,13.2,13.19,13.18,13.17,13.16,13.27,13.28,13.29,13.3,13.31,13.32,13.33,13.34,13.35,13.36,1100,6500,2400,1400,2500,7000,1300,20400,3300,2200,2700,8100,16500,22800,8900,15400,8100,13100,18400,10000
583.0,13.25,880400,11668623.0,13.25,13.24,13.23,13.22,13.21,13.2,13.19,13.18,13.17,13.16,13.27,13.28,13.29,13.3,13.31,13.32,13.33,13.34,13.35,13.36,3200,6500,2400,1400,2500,7000,1300,20400,3300,2200,3000,8100,16500,22800,8900,15400,8100,13100,18400,10000
584.0,13.25,880400,11668623.0,13.25,13.24,13.23,13.22,13.21,13.2,13.19,13.18,13.17,13.16,13.27,13.28,13.29,13.3,13.31,13.32,13.33,13.34,13.35,13.36,3200,6500,2400,1400,2500,7000,1300,20400,3300,2200,3000,8100,16500,22800,8900,15400,8100,13100,18400,10000
585.0,13.25,880400,11668623.0,13.25,13.24,13.23,13.22,13.21,13.2,13.19,13.18,13.17,13.16,13.26,13.27,13.28,13.29,13.3,13.31,13.32,13.33,13.34,13.35,3200,6500,2400,1400,2500,7000,1300,20400,3300,2200,900,3000,8100,16500,22800,8900,15400,8100,13100,18400
586.0,13.25,880400,11668623.0,13.25,13.24,13.23,13.22,13.21,13.2,13.19,13.18,13.17,13.16,13.26,13.27,13.28,13.29,13.3,13.31,13.32,13.33,13.34,13.35,3200,6500,2400,1400,2500,7000,1300,20400,3300,2200,900,3000,8100,16500,22800,8900,15400,8100,13100,18400
587.0,13.25,880700,11672598.0,13.25,13.24,13.23,13.22,13.21,13.2,13.19,13.18,13.17,13.16,13.26,13.27,13.28,13.29,13.3,13.31,13.32,13.33,13.34,13.35,2900,6500,2400,1400,2500,7000,1300,20400,3300,2200,900,3000,8100,16500,22800,8900,15400,8100,13100,18400
588.0,13.26,880800,11673924.0,13.25,13.24,13.23,13.22,13.21,13.2,13.19,13.18,13.17,13.16,13.26,13.27,13.28,13.29,13.3,13.31,13.32,13.33,13.34,13.35,2900,6500,2400,1400,2500,7000,1300,20400,3300,2200,800,3000,8100,16500,22800,8900,15400,8100,13100,18400
589.0,13.26,880800,11673924.0,13.25,13.24,13.23,13.22,13.21,13.2,13.19,13.18,13.17,13.16,13.26,13.27,13.28,13.29,13.3,13.31,13.32,13.33,13.34,13.35,2900,6500,2400,1400,2500,2600,1300,20400,3300,2200,800,3000,8100,16500,22800,8900,15400,8100,13100,18400
590.0,13.26,880800,11673924.0,13.25,13.24,13.23,13.22,13.21,13.2,13.19,13.18,13.17,13.16,13.26,13.27,13.28,13.29,13.3,13.31,13.32,13.33,13.34,13.35,2900,6500,2400,1400,2500,2700,1300,20400,3300,2200,800,3000,8100,16500,22800,8900,15500,8100,13100,18400
591.0,13.25,881600,11684524.0,13.25,13.24,13.23,13.22,13.21,13.2,13.19,13.18,13.17,13.16,13.26,13.27,13.28,13.29,13.3,13.31,13.32,13.33,13.34,13.35,2100,6500,2400,1400,2500,2700,1300,20400,3300,2200,800,3000,8100,16500,22800,8900,15500,8100,13100,18400
592.0,13.26,882000,11689828.0,13.25,13.24,13.23,13.22,13.21,13.2,13.19,13.18,13.17,13.16,13.26,13.27,13.28,13.29,13.3,13.31,13.32,13.33,13.34,13.35,2100,6500,2400,1400,2500,2700,1300,20400,3300,2200,400,5100,8100,16500,22800,8900,15500,8100,13100,18400
593.0,13.26,882000,11689828.0,13.25,13.24,13.23,13.22,13.21,13.2,13.19,13.18,13.17,13.16,13.26,13.27,13.28,13.29,13.3,13.31,13.32,13.33,13.34,13.35,2100,6500,2400,1400,2500,2700,1300,20400,3300,2200,400,5100,8100,16500,22800,8900,15500,8100,13100,18400
594.0,13.26,882600,11697782.0,13.26,13.25,13.24,13.23,13.22,13.21,13.2,13.19,13.18,13.17,13.27,13.28,13.29,13.3,13.31,13.32,13.33,13.34,13.35,13.36,3000,1900,6500,2400,1400,2500,2700,1300,20400,3300,5100,8100,16500,22800,8900,15500,8100,13100,18400,10000
595.0,13.27,883100,11704417.0,13.26,13.25,13.24,13.23,13.22,13.21,13.2,13.19,13.18,13.17,13.27,13.28,13.29,13.3,13.31,13.32,13.33,13.34,13.35,13.36,3600,4500,6500,2400,1400,2500,2700,1300,20400,3300,4600,8100,16500,22800,8900,15500,8100,13100,18400,10000
596.0,13.27,883100,11704417.0,13.26,13.25,13.24,13.23,13.22,13.21,13.2,13.19,13.18,13.17,13.27,13.28,13.29,13.3,13.31,13.32,13.33,13.34,13.35,13.36,3600,4500,6200,2400,1400,2500,2700,1300,20400,3300,4600,8100,16500,22800,8900,15500,8100,13100,18400,10000
597.0,13.26,884100,11717677.0,13.26,13.25,13.24,13.23,13.22,13.21,13.2,13.19,13.18,13.17,13.27,13.28,13.29,13.3,13.31,13.32,13.33,13.34,13.35,13.36,2600,4500,6200,2400,3400,2500,2700,1300,20400,3300,4600,8100,16500,22800,8900,15500,8100,13100,18400,10000
598.0,13.26,884400,11721655.0,13.26,13.25,13.24,13.23,13.22,13.21,13.2,13.19,13.18,13.17,13.27,13.28,13.29,13.3,13.31,13.32,13.33,13.34,13.35,13.36,2300,4500,6200,2400,3400,2500,2700,1300,20400,3300,4600,8100,16500,22800,8900,15500,8100,13100,18400,10000
599.0,13.26,884400,11721655.0,13.26,13.25,13.24,13.23,13.22,13.21,13.2,13.19,13.18,13.17,13.27,13.28,13.29,13.3,13.31,13.32,13.33,13.34,13.35,13.36,2300,4500,6200,2400,3400,2500,2700,1300,20400,3300,2500,8100,16500,22800,8900,15500,8100,13100,18400,10000
600.0,13.27,884900,11728290.0,13.26,13.25,13.24,13.23,13.22,13.21,13.2,13.19,13.18,13.17,13.27,13.28,13.29,13.3,13.31,13.32,13.33,13.34,13.35,13.36,2300,4500,6200,2400,3400,2500,2700,1300,20400,3300,2000,8100,16500,22800,8900,15500,8100,13100,18400,10000
601.0,13.27,884900,11728290.0,13.26,13.25,13.24,13.23,13.22,13.21,13.2,13.19,13.18,13.17,13.27,13.28,13.29,13.3,13.31,13.32,13.33,13.34,13.35,13.36,2300,4500,6200,2400,3400,2500,2700,1300,20400,3300,2000,8100,16500,22800,8900,15500,8100,13100,18400,10000
602.0,13.27,885300,11733596.0,13.26,13.25,13.24,13.23,13.22,13.21,13.2,13.19,13.18,13.17,13.27,13.28,13.29,13.3,13.31,13.32,13.33,13.34,13.35,13.36,2100,5500,6300,2400,3400,2500,2700,1300,20400,3300,1800,8100,16500,22800,8900,15500,8100,13100,18400,10000
603.0,13.27,885300,11733596.0,13.26,13.25,13.24,13.23,13.22,13.21,13.2,13.19,13.18,13.17,13.27,13.28,13.29,13.3,13.31,13.32,13.33,13.34,13.35,13.36,2100,5500,6300,2400,3400,2500,2700,1300,20400,3300,1800,8100,16500,22800,8900,15500,8100,13100,18400,10000
604.0,13.26,887600,11764096.0,13.25,13.24,13.23,13.22,13.21,13.2,13.19,13.18,13.17,13.16,13.26,13.27,13.28,13.29,13.3,13.31,13.32,13.33,13.34,13.35,5500,6300,2700,3400,2500,2700,1300,20400,3300,2200,4900,1600,8100,16500,22800,8900,15500,8100,13100,18400
605.0,13.26,889000,11782655.0,13.25,13.24,13.23,13.22,13.21,13.2,13.19,13.18,13.17,13.16,13.26,13.27,13.28,13.29,13.3,13.31,13.32,13.33,13.34,13.35,5000,6300,2700,3400,2500,2700,1300,20400,3300,2200,4000,1600,8100,16500,22800,8900,13800,8100,13100,18400
606.0,13.26,889000,11782655.0,13.25,13.24,13.23,13.22,13.21,13.2,13.19,13.18,13.17,13.16,13.26,13.27,13.28,13.29,13.3,13.31,13.32,13.33,13.34,13.35,5500,6300,2700,3400,2500,2700,1300,20400,3300,2200,4000,1600,8100,16500,22800,8900,13800,8100,13100,18400
607.0,13.26,889000,11782655.0,13.25,13.24,13.23,13.22,13.21,13.2,13.19,13.18,13.17,13.16,13.26,13.27,13.28,13.29,13.3,13.31,13.32,13.33,13.34,13.35,5500,6300,2700,3400,2500,2700,1300,20400,3300,2200,4000,1600,8100,16500,22800,8900,13800,8100,13100,18400
608.0,13.26,890500,11802545.0,13.25,13.24,13.23,13.22,13.21,13.2,13.19,13.18,13.17,13.16,13.26,13.27,13.28,13.29,13.3,13.31,13.32,13.33,13.34,13.35,5500,6300,2700,3400,2500,2700,1300,20400,3300,2200,2500,1600,8100,16500,22800,8900,13800,8100,13100,18400
609.0,13.25,893100,11837006.0,13.25,13.24,13.23,13.22,13.21,13.2,13.19,13.18,13.17,13.16,13.26,13.27,13.28,13.29,13.3,13.31,13.32,13.33,13.34,13.35,4000,6300,2700,3400,2500,2700,1300,20400,3300,2200,1400,1700,8100,16500,22800,8900,13800,8100,13100,18400
610.0,13.26,894500,11855570.0,13.26,13.25,13.24,13.23,13.22,13.21,13.2,13.19,13.18,13.17,13.27,13.28,13.29,13.3,13.31,13.32,13.33,13.34,13.35,13.36,700,4000,6300,2700,3600,2500,2700,1300,20400,3300,1700,8100,16500,22800,8900,13800,8100,13100,18400,10000
611.0,13.27,894800,11859551.0,13.26,13.25,13.24,13.23,13.22,13.21,13.2,13.19,13.18,13.17,13.27,13.28,13.29,13.3,13.31,13.32,13.33,13.34,13.35,13.36,2700,4000,6300,2700,3600,2500,2700,1300,20400,3300,1400,8100,16500,22800,8900,13800,8100,13100,18400,10000
612.0,13.27,895300,11866184.0,13.26,13.25,13.24,13.23,13.22,13.21,13.2,13.19,13.18,13.17,13.27,13.28,13.29,13.3,13.31,13.32,13.33,13.34,13.35,13.36,3300,4000,6300,2700,3600,2500,2700,1300,20400,3300,1100,8100,16500,22800,8900,13800,8100,13100,18400,10000
613.0,13.3,922900,12232904.0,13.27,13.26,13.25,13.24,13.23,13.22,13.21,13.2,13.19,13.18,13.28,13.29,13.3,13.31,13.32,13.33,13.34,13.35,13.36,13.37,5500,3300,4000,6300,2700,3600,2500,2700,1300,20400,800,1400,20900,8900,13800,8100,13100,18400,10000,8500
614.0,13.28,923700,12243528.0,13.28,13.27,13.26,13.25,13.24,13.23,13.22,13.21,13.2,13.19,13.29,13.3,13.31,13.32,13.33,13.34,13.35,13.36,13.37,13.38,100,5500,3600,4000,6300,2700,3600,2500,2700,1300,1400,20900,8900,13800,8100,13100,18400,10000,8500,10600
615.0,13.29,924800,12258147.0,13.28,13.27,13.26,13.25,13.24,13.23,13.22,13.21,13.2,13.19,13.29,13.3,13.31,13.32,13.33,13.34,13.35,13.36,13.37,13.38,3400,5500,3600,4000,6300,2700,3600,2500,2700,1300,300,20900,8900,13800,8100,13100,18400,10000,8500,10600
616.0,13.3,929000,12313967.0,13.28,13.27,13.26,13.25,13.24,13.23,13.22,13.21,13.2,13.19,13.3,13.31,13.32,13.33,13.34,13.35,13.36,13.37,13.38,13.39,400,5500,3900,4000,6300,2500,3600,2500,2700,1300,18700,8900,13800,8100,13100,18400,10000,8500,10600,6700
617.0,13.3,929700,12323277.0,13.28,13.27,13.26,13.25,13.24,13.23,13.22,13.21,13.2,13.19,13.3,13.31,13.32,13.33,13.34,13.35,13.36,13.37,13.38,13.39,700,5500,3900,4000,6300,2500,3600,2500,2700,1300,18300,8900,13800,8100,13100,18400,10000,8500,10600,6700
618.0,13.3,929700,12323277.0,13.28,13.27,13.26,13.25,13.24,13.23,13.22,13.21,13.2,13.19,13.3,13.31,13.32,13.33,13.34,13.35,13.36,13.37,13.38,13.39,700,5500,3900,4000,6300,2500,3600,2500,2700,1300,18300,8900,13800,8100,13100,18400,10000,8500,10600,6700
619.0,13.3,929700,12323277.0,13.28,13.27,13.26,13.25,13.24,13.23,13.22,13.21,13.2,13.19,13.3,13.31,13.32,13.33,13.34,13.35,13.36,13.37,13.38,13.39,600,5500,3900,4000,6300,2500,3600,2500,2700,1300,18600,8900,13800,8100,13100,18400,10000,8500,10600,6700
620.0,13.3,930800,12337907.0,13.28,13.27,13.26,13.25,13.24,13.23,13.22,13.21,13.2,13.19,13.3,13.31,13.32,13.33,13.34,13.35,13.36,13.37,13.38,13.39,700,5500,3900,4200,6300,2500,3600,2500,2700,1300,17000,8900,13800,8100,13100,18400,10000,8500,10600,6700
621.0,13.3,932100,12355197.0,13.28,13.27,13.26,13.25,13.24,13.23,13.22,13.21,13.2,13.19,13.3,13.31,13.32,13.33,13.34,13.35,13.36,13.37,13.38,13.39,1000,5500,3900,4200,6300,4000,3600,2500,2700,1300,16000,8900,13800,8100,13100,18400,10000,8500,10600,6700
622.0,13.28,932200,12356525.0,13.28,13.27,13.26,13.25,13.24,13.23,13.22,13.21,13.2,13.19,13.3,13.31,13.32,13.33,13.34,13.35,13.36,13.37,13.38,13.39,800,5500,3900,4200,5300,4000,3600,2500,2700,1300,16000,8900,13800,8100,13100,18400,10000,8500,10600,6700
623.0,13.3,933700,12376475.0,13.28,13.27,13.26,13.25,13.24,13.23,13.22,13.21,13.2,13.19,13.3,13.31,13.32,13.33,13.34,13.35,13.36,13.37,13.38,13.39,800,5500,3900,4200,5300,4000,3600,2500,2700,1300,14500,8900,13800,8100,13100,18400,10000,8500,10600,6700
624.0,13.3,934500,12387115.0,13.28,13.27,13.26,13.25,13.24,13.23,13.22,13.21,13.2,13.19,13.3,13.31,13.32,13.33,13.34,13.35,13.36,13.37,13.38,13.39,2600,5500,3900,4200,5300,4000,3600,2500,2700,1300,14000,8900,13800,8100,13100,18400,10000,8500,10600,6700
625.0,13.3,935700,12403075.0,13.28,13.27,13.26,13.25,13.24,13.23,13.22,13.21,13.2,13.19,13.3,13.31,13.32,13.33,13.34,13.35,13.36,13.37,13.38,13.39,2600,5800,3900,4200,5300,4000,3600,2500,2700,1300,12800,8900,13800,8100,13100,18400,10000,8500,10600,6700
626.0,13.3,936600,12415041.0,13.28,13.27,13.26,13.25,13.24,13.23,13.22,13.21,13.2,13.19,13.3,13.31,13.32,13.33,13.34,13.35,13.36,13.37,13.38,13.39,2700,5800,3900,4200,5300,4000,3600,2500,2700,1300,12500,8900,13800,8100,13100,18400,10000,8500,10600,6700
627.0,13.3,942100,12488191.0,13.28,13.27,13.26,13.25,13.24,13.23,13.22,13.21,13.2,13.19,13.3,13.31,13.32,13.33,13.34,13.35,13.36,13.37,13.38,13.39,2700,5800,3900,4200,5300,4000,3600,2500,2700,1300,7000,9900,13800,8100,13100,18400,10000,8500,10600,6700
628.0,13.3,942100,12488191.0,13.28,13.27,13.26,13.25,13.24,13.23,13.22,13.21,13.2,13.19,13.3,13.31,13.32,13.33,13.34,13.35,13.36,13.37,13.38,13.39,3000,5800,3900,4200,5300,4000,3600,2500,2700,1300,7300,9900,13800,8100,13100,18400,10000,8500,10600,6700
629.0,13.28,942400,12492175.0,13.28,13.27,13.26,13.25,13.24,13.23,13.22,13.21,13.2,13.19,13.3,13.31,13.32,13.33,13.34,13.35,13.36,13.37,13.38,13.39,2700,5800,3900,4200,5300,4000,3600,2500,2700,1300,8100,9900,13800,8100,13100,18400,10000,8500,10600,6700
630.0,13.3,944800,12524095.0,13.28,13.27,13.26,13.25,13.24,13.23,13.22,13.21,13.2,13.19,13.3,13.31,13.32,13.33,13.34,13.35,13.36,13.37,13.38,13.39,2700,5800,4100,4200,5300,4000,3600,2500,2700,1300,5700,9900,13800,8100,13100,18400,10000,8500,10600,6700
631.0,13.3,944800,12524095.0,13.28,13.27,13.26,13.25,13.24,13.23,13.22,13.21,13.2,13.19,13.3,13.31,13.32,13.33,13.34,13.35,13.36,13.37,13.38,13.39,3000,5500,3800,4200,5300,4000,3300,2500,2700,1300,6000,12000,13800,8100,13100,18400,10000,8500,10600,6700
632.0,13.3,946200,12542709.0,13.28,13.27,13.26,13.25,13.24,13.23,13.22,13.21,13.2,13.19,13.3,13.31,13.32,13.33,13.34,13.35,13.36,13.37,13.38,13.39,2700,5500,3800,4200,5300,4000,3300,2500,2700,1300,4900,12000,13800,8100,13100,18400,10000,8500,10600,6700
633.0,13.3,948100,12567979.0,13.28,13.27,13.26,13.25,13.24,13.23,13.22,13.21,13.2,13.19,13.3,13.31,13.32,13.33,13.34,13.35,13.36,13.37,13.38,13.39,3000,5500,3800,4200,5300,4000,3300,2500,2700,1300,3300,14000,13800,8100,13100,18400,10000,8500,8300,6700
634.0,13.28,950000,12593229.0,13.28,13.27,13.26,13.25,13.24,13.23,13.22,13.21,13.2,13.19,13.3,13.31,13.32,13.33,13.34,13.35,13.36,13.37,13.38,13.39,2000,5500,3800,4200,5300,4000,3300,2500,2700,1300,3400,14000,13800,8100,13100,18400,10000,8500,8300,6700
635.0,13.28,950900,12605191.0,13.28,13.27,13.26,13.25,13.24,13.23,13.22,13.21,13.2,13.19,13.3,13.31,13.32,13.33,13.34,13.35,13.36,13.37,13.38,13.39,1600,5500,3800,44200,5300,4000,3300,2500,2700,1300,2900,14000,13800,8100,9100,18400,10000,8500,8300,9700
636.0,13.28,951000,12606519.0,13.28,13.27,13.26,13.25,13.24,13.23,13.22,13.21,13.2,13.19,13.3,13.31,13.32,13.33,13.34,13.35,13.36,13.37,13.38,13.39,2900,5500,3800,45300,5300,4000,3300,2500,2700,1300,3300,14000,13800,8100,9100,18400,10000,8500,11100,9700
637.0,13.28,951000,12606519.0,13.28,13.27,13.26,13.25,13.24,13.23,13.22,13.21,13.2,13.19,13.3,13.31,13.32,13.33,13.34,13.35,13.36,13.37,13.38,13.39,2900,5500,3800,45300,5300,4000,3300,2500,2700,1300,3300,14000,13800,8100,9100,18400,10000,8500,11100,9700
638.0,13.28,951000,12606519.0,13.28,13.27,13.26,13.25,13.24,13.23,13.22,13.21,13.2,13.19,13.3,13.31,13.32,13.33,13.34,13.35,13.36,13.37,13.38,13.39,3300,5500,3800,45300,5300,4000,3300,2500,2700,1300,3700,14000,13800,8100,9100,18400,10000,8500,11100,9700
639.0,13.28,951300,12610503.0,13.28,13.27,13.26,13.25,13.24,13.23,13.22,13.21,13.2,13.19,13.3,13.31,13.32,13.33,13.34,13.35,13.36,13.37,13.38,13.39,3000,5500,3800,45300,5300,4000,3300,2500,2700,1300,3700,14000,13800,8100,9100,18400,10000,8500,11100,9700
640.0,13.28,951300,12610503.0,13.28,13.27,13.26,13.25,13.24,13.23,13.22,13.21,13.2,13.19,13.3,13.31,13.32,13.33,13.34,13.35,13.36,13.37,13.38,13.39,3000,5500,3800,45300,5300,4000,3300,2500,2700,1300,3700,14000,13800,8100,9100,18400,10000,8500,11100,9700
641.0,13.3,951600,12614493.0,13.28,13.27,13.26,13.25,13.24,13.23,13.22,13.21,13.2,13.19,13.3,13.31,13.32,13.33,13.34,13.35,13.36,13.37,13.38,13.39,3400,5500,3800,45300,5300,4000,3100,2500,2700,1300,3800,14000,13800,8100,9100,18400,10000,8500,11100,9700
642.0,13.28,951900,12618477.0,13.28,13.27,13.26,13.25,13.24,13.23,13.22,13.21,13.2,13.19,13.3,13.31,13.32,13.33,13.34,13.35,13.36,13.37,13.38,13.39,3100,5500,4100,45300,5300,4000,3100,2500,2700,1300,3800,14000,13800,8100,9100,18400,10000,8500,11100,9700
643.0,13.3,952900,12631777.0,13.28,13.27,13.26,13.25,13.24,13.23,13.22,13.21,13.2,13.19,13.3,13.31,13.32,13.33,13.34,13.35,13.36,13.37,13.38,13.39,3400,5500,4100,45300,5300,4000,3100,2500,2700,1300,3100,14000,13800,8100,9100,18400,10000,8500,11100,9700
644.0,13.3,952900,12631777.0,13.29,13.28,13.27,13.26,13.25,13.24,13.23,13.22,13.21,13.2,13.3,13.31,13.32,13.33,13.34,13.35,13.36,13.37,13.38,13.39,100,3400,5500,4100,45300,5300,4000,3100,2500,2700,3100,14000,13800,8100,9100,18400,10000,8500,11100,9700
645.0,13.3,952900,12631777.0,13.29,13.28,13.27,13.26,13.25,13.24,13.23,13.22,13.21,13.2,13.3,13.31,13.32,13.33,13.34,13.35,13.36,13.37,13.38,13.39,100,3400,5500,4100,45300,5300,4000,3100,2500,2700,3100,14000,13800,8100,9100,18400,10000,8500,11100,9700
646.0,13.3,953200,12635766.0,13.28,13.27,13.26,13.25,13.24,13.23,13.22,13.21,13.2,13.19,13.3,13.31,13.32,13.33,13.34,13.35,13.36,13.37,13.38,13.39,3400,5500,4100,45300,5300,4000,3100,2500,2700,1300,2900,14000,13800,8100,9100,18400,10000,8500,11100,9700
647.0,13.3,953200,12635766.0,13.28,13.27,13.26,13.25,13.24,13.23,13.22,13.21,13.2,13.19,13.3,13.31,13.32,13.33,13.34,13.35,13.36,13.37,13.38,13.39,3400,5500,4100,45300,5300,4000,3100,2500,2700,1300,4700,14000,13800,8100,9100,18400,10000,8500,11100,9700
648.0,13.3,954800,12657040.0,13.28,13.27,13.26,13.25,13.24,13.23,13.22,13.21,13.2,13.19,13.3,13.31,13.32,13.33,13.34,13.35,13.36,13.37,13.38,13.39,3400,5500,4100,45300,5300,4000,3100,2500,2700,1300,4100,17000,13800,8100,9100,18400,10000,8500,11100,9700
649.0,13.28,955100,12661024.0,13.28,13.27,13.26,13.25,13.24,13.23,13.22,13.21,13.2,13.19,13.3,13.31,13.32,13.33,13.34,13.35,13.36,13.37,13.38,13.39,3100,5500,4100,45300,5300,4000,3100,2500,2700,1300,4100,17000,13800,8100,9100,18400,10000,8500,11100,9700
650.0,13.3,956000,12672994.0,13.28,13.27,13.26,13.25,13.24,13.23,13.22,13.21,13.2,13.19,13.3,13.31,13.32,13.33,13.34,13.35,13.36,13.37,13.38,13.39,3400,5500,4400,45300,5300,4000,3100,2500,2700,1300,5500,18000,13800,8100,9100,18400,10000,8500,11100,9700
651.0,13.3,959900,12724864.0,13.28,13.27,13.26,13.25,13.24,13.23,13.22,13.21,13.2,13.19,13.3,13.31,13.32,13.33,13.34,13.35,13.36,13.37,13.38,13.39,3400,5500,4400,45300,5300,4000,3100,2500,2700,1300,1600,18000,13800,8100,9100,18400,10000,8500,11100,9700
652.0,13.31,969900,12857948.0,13.28,13.27,13.26,13.25,13.24,13.23,13.22,13.21,13.2,13.19,13.31,13.32,13.33,13.34,13.35,13.36,13.37,13.38,13.39,13.4,3400,5500,4400,45300,5300,4000,3100,2500,2700,1300,9600,13800,8100,9100,18400,10000,8500,11100,9700,9300
653.0,13.31,971600,12880556.0,13.28,13.27,13.26,13.25,13.24,13.23,13.22,13.21,13.2,13.19,13.31,13.32,13.33,13.34,13.35,13.36,13.37,13.38,13.39,13.4,4100,5500,4400,45300,5300,4000,3100,2500,2700,1300,10200,13800,8100,9100,18400,10000,8500,11100,9700,9300
654.0,13.3,972900,12897855.0,13.28,13.27,13.26,13.25,13.24,13.23,13.22,13.21,13.2,13.19,13.3,13.31,13.32,13.33,13.34,13.35,13.36,13.37,13.38,13.39,5200,5500,4400,45300,5300,4000,3100,2500,2700,1300,100,10400,13800,8100,9000,18400,10000,8500,11100,9700
655.0,13.31,973900,12911164.0,13.28,13.27,13.26,13.25,13.24,13.23,13.22,13.21,13.2,13.19,13.31,13.32,13.33,13.34,13.35,13.36,13.37,13.38,13.39,13.4,5200,5500,4400,45300,5300,4000,3100,2500,2700,1300,9500,13800,8100,9000,18400,10000,8500,11100,9700,9300
656.0,13.31,982300,13022938.0,13.3,13.28,13.27,13.26,13.25,13.24,13.23,13.22,13.21,13.2,13.31,13.32,13.33,13.34,13.35,13.36,13.37,13.38,13.39,13.4,300,5900,5500,4400,45300,5300,4000,3100,2500,2700,3800,13800,8100,9000,18400,10000,8500,11100,9700,9300
657.0,13.31,984100,13046896.0,13.3,13.28,13.27,13.26,13.25,13.24,13.23,13.22,13.21,13.2,13.31,13.32,13.33,13.34,13.35,13.36,13.37,13.38,13.39,13.4,300,5900,5500,4400,45300,5300,4000,3100,2500,2700,2000,13800,8100,9000,18400,10000,8500,11100,9700,9300
658.0,13.32,986200,13074848.0,13.3,13.28,13.27,13.26,13.25,13.24,13.23,13.22,13.21,13.2,13.32,13.33,13.34,13.35,13.36,13.37,13.38,13.39,13.4,13.41,300,5900,5500,4400,45300,5300,4000,3100,2500,2700,13700,8100,9000,18400,10000,8500,11100,9700,9300,2300
659.0,13.32,987300,13089500.0,13.28,13.27,13.26,13.25,13.24,13.23,13.22,13.21,13.2,13.19,13.32,13.33,13.34,13.35,13.36,13.37,13.38,13.39,13.4,13.41,5900,5500,4400,45300,5300,4000,3100,2500,2700,1300,12600,8100,9000,18400,10000,8500,11100,9700,9300,2300
660.0,13.32,987300,13089500.0,13.28,13.27,13.26,13.25,13.24,13.23,13.22,13.21,13.2,13.19,13.32,13.33,13.34,13.35,13.36,13.37,13.38,13.39,13.4,13.41,6400,5500,4400,45300,5300,4000,3100,2500,2700,1300,13100,8100,9000,18400,10000,8500,11100,9700,9300,2300
661.0,13.32,989700,13121468.0,13.28,13.27,13.26,13.25,13.24,13.23,13.22,13.21,13.2,13.19,13.32,13.33,13.34,13.35,13.36,13.37,13.38,13.39,13.4,13.41,7700,5500,4400,45300,5300,4000,3100,2500,2700,1300,12000,8100,9000,18400,10000,8500,11100,9700,9300,2300
662.0,13.32,989700,13121468.0,13.28,13.27,13.26,13.25,13.24,13.23,13.22,13.21,13.2,13.19,13.31,13.32,13.33,13.34,13.35,13.36,13.37,13.38,13.39,13.4,8200,5500,4400,45300,5300,4000,3100,2500,2700,1300,200,12500,8100,9000,18400,10000,8500,11100,9700,9300
663.0,13.28,990400,13130764.0,13.28,13.27,13.26,13.25,13.24,13.23,13.22,13.21,13.2,13.19,13.31,13.32,13.33,13.34,13.35,13.36,13.37,13.38,13.39,13.4,9500,5500,4400,45300,5300,4000,3100,2500,2700,1300,2200,12600,8100,9000,18400,10000,8500,11100,9700,9300
664.0,13.32,993700,13174698.0,13.28,13.27,13.26,13.25,13.24,13.23,13.22,13.21,13.2,13.19,13.31,13.32,13.33,13.34,13.35,13.36,13.37,13.38,13.39,13.4,9500,5500,4400,45300,5300,4000,3100,2500,2700,1300,600,11500,8100,9000,18400,10000,8500,11100,9700,9300
665.0,13.31,993900,13177360.0,13.28,13.27,13.26,13.25,13.24,13.23,13.22,13.21,13.2,13.19,13.31,13.32,13.33,13.34,13.35,13.36,13.37,13.38,13.39,13.4,10800,5500,4400,45300,5300,4000,3100,2500,2700,1300,1700,11500,8100,9000,18400,10000,8500,11100,9700,9300
666.0,13.31,995200,13194642.0,13.28,13.27,13.26,13.25,13.24,13.23,13.22,13.21,13.2,13.19,13.31,13.32,13.33,13.34,13.35,13.36,13.37,13.38,13.39,13.4,11400,5500,4400,45300,5300,4000,3100,2500,2700,1300,2400,11500,8100,9000,18400,10000,8500,11100,9700,9300
667.0,13.31,997000,13218600.0,13.28,13.27,13.26,13.25,13.24,13.23,13.22,13.21,13.2,13.19,13.31,13.32,13.33,13.34,13.35,13.36,13.37,13.38,13.39,13.4,12700,5500,4400,45300,5300,4000,3100,2500,2700,1300,1900,12500,8100,9500,18400,10000,8500,11100,9700,9300
668.0,13.31,997000,13218600.0,13.28,13.27,13.26,13.25,13.24,13.23,13.22,13.21,13.2,13.19,13.31,13.32,13.33,13.34,13.35,13.36,13.37,13.38,13.39,13.4,14100,5500,4400,45300,5200,4000,3100,2500,2700,1300,3300,12500,8100,9500,18400,10000,8500,11100,9700,9300
669.0,13.28,997700,13227896.0,13.28,13.27,13.26,13.25,13.24,13.23,13.22,13.21,13.2,13.19,13.31,13.32,13.33,13.34,13.35,13.36,13.37,13.38,13.39,13.4,13400,5500,4400,45300,5200,4000,3100,2500,2700,1300,3800,12500,8100,9500,18400,10000,8500,11100,9700,9300
670.0,13.31,1000200,13261126.0,13.28,13.27,13.26,13.25,13.24,13.23,13.22,13.21,13.2,13.19,13.31,13.32,13.33,13.34,13.35,13.36,13.37,13.38,13.39,13.4,13200,5500,4400,45300,5200,4000,3100,2500,2700,1300,3600,12500,8100,9500,18400,10000,8500,11100,9700,9300
671.0,13.31,1003000,13298394.0,13.28,13.27,13.26,13.25,13.24,13.23,13.22,13.21,13.2,13.19,13.31,13.32,13.33,13.34,13.35,13.36,13.37,13.38,13.39,13.4,13400,5500,4400,45300,5200,4000,3100,2500,2700,1300,800,12500,8100,9500,18400,10000,8500,6700,9700,9300
672.0,13.31,1003000,13298394.0,13.28,13.27,13.26,13.25,13.24,13.23,13.22,13.21,13.2,13.19,13.31,13.32,13.33,13.34,13.35,13.36,13.37,13.38,13.39,13.4,14700,5500,4400,45300,5200,4000,3100,2500,2700,1300,2100,12500,8100,9500,18400,10000,8500,6700,9700,9300
673.0,13.31,1004500,13318338.0,13.28,13.27,13.26,13.25,13.24,13.23,13.22,13.21,13.2,13.19,13.31,13.32,13.33,13.34,13.35,13.36,13.37,13.38,13.39,13.4,14000,5500,4400,45300,5200,4000,3100,2500,2700,1300,1300,12500,8100,9500,18500,10000,8500,6700,9700,9300
674.0,13.31,1004500,13318338.0,13.28,13.27,13.26,13.25,13.24,13.23,13.22,13.21,13.2,13.19,13.31,13.32,13.33,13.34,13.35,13.36,13.37,13.38,13.39,13.4,14000,5500,4400,45300,5200,4000,3100,2500,2700,1300,1300,12500,8100,9500,18500,10000,8500,6700,9700,9300
675.0,13.31,1004500,13318338.0,13.28,13.27,13.26,13.25,13.24,13.23,13.22,13.21,13.2,13.19,13.31,13.32,13.33,13.34,13.35,13.36,13.37,13.38,13.39,13.4,15300,5500,4400,45300,5200,4000,3100,2500,2700,1300,2600,12500,8100,9500,18500,10000,8500,6700,9700,9300
676.0,13.28,1005200,13327634.0,13.28,13.27,13.26,13.25,13.24,13.23,13.22,13.21,13.2,13.19,13.31,13.32,13.33,13.34,13.35,13.36,13.37,13.38,13.39,13.4,14600,5500,4400,45300,5200,4000,3100,2500,2700,1300,2600,12500,8100,9500,18500,10000,8500,6700,9700,9300
677.0,13.28,1005200,13327634.0,13.28,13.27,13.26,13.25,13.24,13.23,13.22,13.21,13.2,13.19,13.31,13.32,13.33,13.34,13.35,13.36,13.37,13.38,13.39,13.4,15900,5500,4400,45300,5200,4000,3100,2500,2700,1300,3900,12500,8100,9500,18500,10000,8500,6700,9700,9300
678.0,13.31,1005800,13335620.0,13.28,13.27,13.26,13.25,13.24,13.23,13.22,13.21,13.2,13.19,13.31,13.32,13.33,13.34,13.35,13.36,13.37,13.38,13.39,13.4,15900,5500,4400,45300,5200,4000,3100,2500,2700,1300,3500,12500,8100,9500,18500,10000,8500,6700,9900,9300
679.0,13.31,1007400,13356895.0,13.28,13.27,13.26,13.25,13.24,13.23,13.22,13.21,13.2,13.19,13.31,13.32,13.33,13.34,13.35,13.36,13.37,13.38,13.39,13.4,16000,5500,4400,45300,5200,4000,3100,2500,2700,1300,3400,12500,8100,9500,18500,10000,8500,6700,9900,9300
680.0,13.32,1023000,13564620.0,13.28,13.27,13.26,13.25,13.24,13.23,13.22,13.21,13.2,13.19,13.32,13.33,13.34,13.35,13.36,13.37,13.38,13.39,13.4,13.41,15800,5500,4400,45300,5200,4000,3100,2500,2700,1300,9200,8100,9500,18500,10000,8500,6700,9900,9300,2300
681.0,13.32,1027200,13620504.0,13.28,13.27,13.26,13.25,13.24,13.23,13.22,13.21,13.2,13.19,13.32,13.33,13.34,13.35,13.36,13.37,13.38,13.39,13.4,13.41,14300,5500,4400,45300,5200,4000,3100,2500,2700,1300,6500,8100,9500,19500,10000,8500,6700,9900,9300,2300
682.0,13.32,1027200,13620504.0,13.28,13.27,13.26,13.25,13.24,13.23,13.22,13.21,13.2,13.19,13.32,13.33,13.34,13.35,13.36,13.37,13.38,13.39,13.4,13.41,15600,5500,4400,45300,5200,4000,3100,2500,2700,1300,8400,8100,9500,19500,10000,8500,6700,9900,9300,2300
683.0,13.32,1030300,13661768.0,13.28,13.27,13.26,13.25,13.24,13.23,13.22,13.21,13.2,13.19,13.32,13.33,13.34,13.35,13.36,13.37,13.38,13.39,13.4,13.41,15500,5500,4400,45300,5200,4000,3100,2500,2700,1300,6000,8100,9500,19500,10000,8500,6700,9900,9300,2300
684.0,13.32,1030300,13661768.0,13.28,13.27,13.26,13.25,13.24,13.23,13.22,13.21,13.2,13.19,13.32,13.33,13.34,13.35,13.36,13.37,13.38,13.39,13.4,13.41,16800,5500,4400,45300,5200,4000,3100,2500,2700,1300,7300,8100,9500,19500,10000,8500,6700,9900,9300,2300
685.0,13.32,1030900,13669760.0,13.28,13.27,13.26,13.25,13.24,13.23,13.22,13.21,13.2,13.19,13.32,13.33,13.34,13.35,13.36,13.37,13.38,13.39,13.4,13.41,17400,5500,4400,45300,5200,4000,3100,2500,2700,1300,7300,8100,9500,19500,10000,8500,6700,9900,9300,2300
686.0,13.32,1032500,13691044.0,13.28,13.27,13.26,13.25,13.24,13.23,13.22,13.21,13.2,13.19,13.32,13.33,13.34,13.35,13.36,13.37,13.38,13.39,13.4,13.41,16700,5500,4400,45300,5200,4000,3100,2500,2700,1300,6400,8100,9500,19500,10000,8500,6700,9900,9300,2300
687.0,13.32,1032900,13696372.0,13.28,13.27,13.26,13.25,13.24,13.23,13.22,13.21,13.2,13.19,13.32,13.33,13.34,13.35,13.36,13.37,13.38,13.39,13.4,13.41,17900,5500,4400,45300,5200,4000,3100,2500,2700,1300,7200,8400,9500,19500,10000,8500,6700,9900,9300,2300
688.0,13.32,1032900,13696372.0,13.28,13.27,13.26,13.25,13.24,13.23,13.22,13.21,13.2,13.19,13.32,13.33,13.34,13.35,13.36,13.37,13.38,13.39,13.4,13.41,17900,5500,4400,45300,5200,4000,3100,2500,2700,1300,7700,8400,9800,19500,10000,8500,6700,9900,9300,2300
689.0,13.32,1033800,13708332.0,13.28,13.27,13.26,13.25,13.24,13.23,13.22,13.21,13.2,13.19,13.32,13.33,13.34,13.35,13.36,13.37,13.38,13.39,13.4,13.41,17700,5500,4400,45300,5200,4000,3100,2500,2700,1300,7500,8400,9800,19500,12800,8500,6700,9900,9300,2300
690.0,13.33,1045900,13869537.0,13.3,13.28,13.27,13.26,13.25,13.24,13.23,13.22,13.21,13.2,13.33,13.34,13.35,13.36,13.37,13.38,13.39,13.4,13.41,13.42,500,19000,5500,4400,45300,5200,4000,3100,2500,2700,5100,9800,19500,12800,8500,6700,9900,9300,2300,4800
691.0,13.33,1045900,13869537.0,13.32,13.3,13.28,13.27,13.26,13.25,13.24,13.23,13.22,13.21,13.33,13.34,13.35,13.36,13.37,13.38,13.39,13.4,13.41,13.42,1500,1000,19000,5500,4400,45300,5200,4000,3100,2500,5600,9800,19500,12800,8500,6700,9900,9300,2300,4800
692.0,13.33,1046500,13877535.0,13.32,13.3,13.28,13.27,13.26,13.25,13.24,13.23,13.22,13.21,13.33,13.34,13.35,13.36,13.37,13.38,13.39,13.4,13.41,13.42,1500,1000,19000,5500,4400,45300,5200,4000,3100,2500,29100,9800,19500,12800,8500,6700,9900,9300,2300,4800
693.0,13.33,1048000,13897526.0,13.32,13.3,13.28,13.27,13.26,13.25,13.24,13.23,13.22,13.21,13.33,13.34,13.35,13.36,13.37,13.38,13.39,13.4,13.41,13.42,1100,1000,19000,5500,4400,45300,5200,4000,3100,2500,28000,9800,19500,12800,8500,6700,9900,9300,2300,4800
694.0,13.32,1048100,13898858.0,13.32,13.3,13.28,13.27,13.26,13.25,13.24,13.23,13.22,13.21,13.33,13.34,13.35,13.36,13.37,13.38,13.39,13.4,13.41,13.42,1000,1000,19000,5500,4400,45300,5200,4000,3100,2500,28000,9800,19500,12800,8500,6700,9900,9300,2300,4800
695.0,13.33,1049300,13914854.0,13.32,13.31,13.3,13.28,13.27,13.26,13.25,13.24,13.23,13.22,13.33,13.34,13.35,13.36,13.37,13.38,13.39,13.4,13.41,13.42,2000,400,1000,19000,5500,4400,45300,5200,4000,3100,26800,9800,19500,12800,8500,6700,9900,9300,2300,4800
696.0,13.32,1049500,13917518.0,13.32,13.31,13.3,13.28,13.27,13.26,13.25,13.24,13.23,13.22,13.33,13.34,13.35,13.36,13.37,13.38,13.39,13.4,13.41,13.42,1800,400,1000,19000,5500,4400,45300,5200,4000,3100,26800,10000,19500,12800,8500,6700,9900,9300,2300,4800
697.0,13.33,1051500,13944178.0,13.32,13.31,13.3,13.28,13.27,13.26,13.25,13.24,13.23,13.22,13.33,13.34,13.35,13.36,13.37,13.38,13.39,13.4,13.41,13.42,1800,400,1000,19000,5500,4400,45300,5200,4000,3100,24800,10000,19500,12800,8500,6700,9900,9300,2300,4800
698.0,13.33,1051500,13944178.0,13.32,13.31,13.3,13.28,13.27,13.26,13.25,13.24,13.23,13.22,13.33,13.34,13.35,13.36,13.37,13.38,13.39,13.4,13.41,13.42,1800,400,1000,19000,5500,4400,45300,5200,4000,3100,24800,10000,19500,12800,8500,6700,9900,13100,2300,4800
699.0,13.33,1052000,13950842.0,13.32,13.31,13.3,13.28,13.27,13.26,13.25,13.24,13.23,13.22,13.33,13.34,13.35,13.36,13.37,13.38,13.39,13.4,13.41,13.42,1700,400,1000,19000,5500,4400,45300,5200,4000,3100,24400,10000,21400,17200,8500,6700,9900,13100,2300,4800
700.0,13.33,1054000,13977502.0,13.32,13.31,13.3,13.28,13.27,13.26,13.25,13.24,13.23,13.22,13.33,13.34,13.35,13.36,13.37,13.38,13.39,13.4,13.41,13.42,1700,400,1000,19000,5500,4400,45300,5200,4000,3100,22400,10000,21400,17200,8500,6700,9900,13100,2300,4800
701.0,13.33,1055900,14002828.0,13.32,13.31,13.3,13.28,13.27,13.26,13.25,13.24,13.23,13.22,13.33,13.34,13.35,13.36,13.37,13.38,13.39,13.4,13.41,13.42,1600,400,1000,19000,5500,4400,45300,5200,4000,3100,21600,10000,21400,17200,8500,6700,13900,13100,2300,4800
702.0,13.32,1056000,14004160.0,13.32,13.31,13.3,13.28,13.27,13.26,13.25,13.24,13.23,13.22,13.33,13.34,13.35,13.36,13.37,13.38,13.39,13.4,13.41,13.42,1500,400,1000,19000,5500,4400,45300,5200,4000,3100,21600,10000,21400,17200,8500,6700,13900,13100,2300,4800
703.0,13.33,1059000,14044150.0,13.32,13.31,13.3,13.28,13.27,13.26,13.25,13.24,13.23,13.22,13.33,13.34,13.35,13.36,13.37,13.38,13.39,13.4,13.41,13.42,1500,400,1000,19000,5500,4400,45300,5200,4000,3100,18600,10000,22400,17200,8500,6800,13900,13100,2300,4800
704.0,13.32,1059300,14048146.0,13.32,13.31,13.3,13.28,13.27,13.26,13.25,13.24,13.23,13.22,13.33,13.34,13.35,13.36,13.37,13.38,13.39,13.4,13.41,13.42,1200,400,1000,19000,5500,4400,45300,5200,4000,3100,18600,13800,22400,17200,8500,6800,13900,13100,2300,4800
705.0,13.33,1060300,14061476.0,13.32,13.31,13.3,13.28,13.27,13.26,13.25,13.24,13.23,13.22,13.33,13.34,13.35,13.36,13.37,13.38,13.39,13.4,13.41,13.42,1200,400,1000,19000,5500,4400,45300,5200,4000,3100,17700,14800,22400,17200,8500,6800,13900,13100,2300,4800
706.0,13.32,1063600,14105453.0,13.31,13.3,13.28,13.27,13.26,13.25,13.24,13.23,13.22,13.21,13.32,13.33,13.34,13.35,13.36,13.37,13.38,13.39,13.4,13.41,400,1000,19000,5500,4400,45300,5200,4000,3100,2500,1900,17400,14800,22400,17200,8500,6800,13900,13100,2300
707.0,13.32,1063600,14105453.0,13.31,13.3,13.28,13.27,13.26,13.25,13.24,13.23,13.22,13.21,13.32,13.33,13.34,13.35,13.36,13.37,13.38,13.39,13.4,13.41,400,1000,19000,5500,4400,45300,5200,4000,3100,2500,1900,17400,14800,22400,17200,8500,6800,13900,13100,2300
708.0,13.32,1063600,14105453.0,13.31,13.3,13.28,13.27,13.26,13.25,13.24,13.23,13.22,13.21,13.32,13.33,13.34,13.35,13.36,13.37,13.38,13.39,13.4,13.41,400,1000,19000,5500,4400,45300,5200,4000,3100,2500,1900,17700,14800,22400,17200,8500,6800,13900,13100,2300
709.0,13.33,1067800,14161420.0,13.31,13.3,13.28,13.27,13.26,13.25,13.24,13.23,13.22,13.21,13.33,13.34,13.35,13.36,13.37,13.38,13.39,13.4,13.41,13.42,400,1000,19000,5500,4400,45300,5200,4000,3100,2500,15400,15800,22400,17200,8500,6800,13900,13100,2300,4800
710.0,13.32,1068800,14174740.0,13.31,13.3,13.28,13.27,13.26,13.25,13.24,13.23,13.22,13.21,13.32,13.33,13.34,13.35,13.36,13.37,13.38,13.39,13.4,13.41,400,1000,19000,5500,4400,45300,5200,4000,3100,2500,5900,16500,15800,22400,17200,8500,6800,13900,13100,2300
711.0,13.32,1069800,14188060.0,13.31,13.3,13.28,13.27,13.26,13.25,13.24,13.23,13.22,13.21,13.32,13.33,13.34,13.35,13.36,13.37,13.38,13.39,13.4,13.41,400,1000,19000,5500,4400,45300,5200,4000,3100,2500,5400,16500,15800,22400,14400,8500,6800,13900,13100,2300
712.0,13.33,1081100,14338630.0,13.31,13.3,13.28,13.27,13.26,13.25,13.24,13.23,13.22,13.21,13.33,13.34,13.35,13.36,13.37,13.38,13.39,13.4,13.41,13.42,400,1700,19000,5500,4400,45300,5200,4000,3600,2500,11100,15800,22400,14400,8500,6800,13900,13100,2300,4800
713.0,13.33,1081100,14338630.0,13.32,13.31,13.3,13.28,13.27,13.26,13.25,13.24,13.23,13.22,13.33,13.34,13.35,13.36,13.37,13.38,13.39,13.4,13.41,13.42,1100,400,1700,19000,5500,4400,45300,5200,4000,3600,14300,16800,22400,14400,8500,6800,14400,13100,2300,4800
714.0,13.32,1081300,14341294.0,13.32,13.31,13.3,13.28,13.27,13.26,13.25,13.24,13.23,13.22,13.33,13.34,13.35,13.36,13.37,13.38,13.39,13.4,13.41,13.42,900,400,1700,19000,5500,2400,45300,5900,4000,3600,14700,16900,22400,14400,8500,6800,14400,13100,2300,4800
715.0,13.33,1086900,14415942.0,13.32,13.31,13.3,13.28,13.27,13.26,13.25,13.24,13.23,13.22,13.33,13.34,13.35,13.36,13.37,13.38,13.39,13.4,13.41,13.42,1100,400,1700,19000,5500,2400,45300,5900,4000,3600,10100,16900,22400,14400,8500,6800,14400,13100,2300,4800
716.0,13.32,1089100,14445257.0,13.31,13.3,13.28,13.27,13.26,13.25,13.24,13.23,13.22,13.21,13.32,13.33,13.34,13.35,13.36,13.37,13.38,13.39,13.4,13.41,400,1700,19000,5500,2400,45300,5900,4000,3600,1500,4600,24100,16900,22400,14400,8500,6800,14400,13100,2300
717.0,13.32,1089100,14445257.0,13.31,13.3,13.28,13.27,13.26,13.25,13.24,13.23,13.22,13.21,13.32,13.33,13.34,13.35,13.36,13.37,13.38,13.39,13.4,13.41,400,1700,19000,5500,2400,45300,5900,4000,3600,1500,4600,24100,16900,22400,14400,8500,6800,14400,13100,2300
718.0,13.32,1089100,14445257.0,13.31,13.3,13.28,13.27,13.26,13.25,13.24,13.23,13.22,13.21,13.32,13.33,13.34,13.35,13.36,13.37,13.38,13.39,13.4,13.41,400,1700,19000,5500,2400,45300,5900,4000,3600,1500,5300,24100,16900,22400,14400,8500,7500,14400,13100,2300
719.0,13.33,1094900,14522518.0,13.32,13.31,13.3,13.28,13.27,13.26,13.25,13.24,13.23,13.22,13.33,13.34,13.35,13.36,13.37,13.38,13.39,13.4,13.41,13.42,1200,400,1700,19000,5500,2400,45300,5900,4000,3600,23600,17000,22400,14400,8500,7500,14400,13100,2300,4800
720.0,13.32,1095000,14523850.0,13.32,13.31,13.3,13.28,13.27,13.26,13.25,13.24,13.23,13.22,13.33,13.34,13.35,13.36,13.37,13.38,13.39,13.4,13.41,13.42,1100,400,1700,19000,5500,2400,45300,5900,4000,3600,23600,17000,22400,14400,8500,7500,14400,13100,2300,4800
721.0,13.33,1096100,14538513.0,13.32,13.31,13.3,13.28,13.27,13.26,13.25,13.24,13.23,13.22,13.33,13.34,13.35,13.36,13.37,13.38,13.39,13.4,13.41,13.42,2500,400,1700,19000,5500,2400,45300,5900,4000,3600,22500,18000,22400,14400,8500,7500,14400,14100,2300,4800
722.0,13.33,1099100,14578499.0,13.32,13.31,13.3,13.28,13.27,13.26,13.25,13.24,13.23,13.22,13.33,13.34,13.35,13.36,13.37,13.38,13.39,13.4,13.41,13.42,2100,900,1700,19000,5500,2400,45300,5900,4000,3600,19900,18000,22400,14400,8500,7500,14400,14100,2300,4800
723.0,13.32,1099300,14581163.0,13.32,13.31,13.3,13.28,13.27,13.26,13.25,13.24,13.23,13.22,13.33,13.34,13.35,13.36,13.37,13.38,13.39,13.4,13.41,13.42,1900,900,1700,19000,5500,2400,45300,5900,4000,3600,19900,18000,22400,14400,8500,7500,14400,14100,2300,4800
724.0,13.32,1099400,14582495.0,13.32,13.31,13.3,13.28,13.27,13.26,13.25,13.24,13.23,13.22,13.33,13.34,13.35,13.36,13.37,13.38,13.39,13.4,13.41,13.42,1800,900,1700,19000,5500,2400,45300,5900,4000,3600,21500,18000,22400,14400,8500,7500,14400,14100,2300,4800
725.0,13.33,1109900,14722460.0,13.32,13.31,13.3,13.28,13.27,13.26,13.25,13.24,13.23,13.22,13.33,13.34,13.35,13.36,13.37,13.38,13.39,13.4,13.41,13.42,1800,900,1700,19000,5500,2400,45300,5900,4000,3600,11000,18000,22400,14400,8500,7500,14400,14100,2300,4800
726.0,13.32,1111900,14749100.0,13.32,13.31,13.3,13.28,13.27,13.26,13.25,13.24,13.23,13.22,13.33,13.34,13.35,13.36,13.37,13.38,13.39,13.4,13.41,13.42,100,900,2900,19000,5500,2400,45300,5900,4000,3600,11000,18000,22400,14400,8500,7500,14400,14100,2300,4800
727.0,13.32,1114300,14781068.0,13.31,13.3,13.28,13.27,13.26,13.25,13.24,13.23,13.22,13.21,13.32,13.33,13.34,13.35,13.36,13.37,13.38,13.39,13.4,13.41,900,2900,19000,5500,2400,45300,5900,4000,3600,1500,1300,11000,18000,22400,14400,8500,7500,14400,14100,2300
728.0,13.32,1115200,14793055.0,13.31,13.3,13.28,13.27,13.26,13.25,13.24,13.23,13.22,13.21,13.32,13.33,13.34,13.35,13.36,13.37,13.38,13.39,13.4,13.41,800,2200,19000,5500,2400,45300,5900,4000,3600,1500,500,11000,18000,22400,14400,8500,7500,14400,14100,2300
729.0,13.32,1115400,14795719.0,13.31,13.3,13.28,13.27,13.26,13.25,13.24,13.23,13.22,13.21,13.32,13.33,13.34,13.35,13.36,13.37,13.38,13.39,13.4,13.41,800,2200,19000,5500,2400,45300,5900,4000,3600,1500,300,11000,18100,20500,14400,8500,7500,14400,14100,2300
730.0,13.32,1119600,14851663.0,13.31,13.3,13.28,13.27,13.26,13.25,13.24,13.23,13.22,13.21,13.32,13.33,13.34,13.35,13.36,13.37,13.38,13.39,13.4,13.41,800,2200,19000,5500,2400,45300,5900,4000,3600,1500,100,11000,18100,20500,14400,8500,7500,14400,14100,2300
731.0,13.32,1119600,14851663.0,13.31,13.3,13.28,13.27,13.26,13.25,13.24,13.23,13.22,13.21,13.32,13.33,13.34,13.35,13.36,13.37,13.38,13.39,13.4,13.41,800,2200,19000,5500,2400,45300,5900,4000,3600,1500,100,11000,18100,20500,14400,8500,7500,14400,14100,2300
732.0,13.32,1119700,14852995.0,13.32,13.31,13.3,13.28,13.27,13.26,13.25,13.24,13.23,13.22,13.33,13.34,13.35,13.36,13.37,13.38,13.39,13.4,13.41,13.42,1700,800,2200,19000,5500,2400,45300,5900,4000,3600,13000,18100,20500,14400,8500,7500,14400,14100,2300,4800
733.0,13.32,1119800,14854327.0,13.32,13.31,13.3,13.28,13.27,13.26,13.25,13.24,13.23,13.22,13.33,13.34,13.35,13.36,13.37,13.38,13.39,13.4,13.41,13.42,1600,800,2200,19000,5500,2100,45300,5900,4000,3600,13000,18100,20500,14400,8500,7500,14400,14100,2300,4800
734.0,13.31,1122200,14886287.0,13.3,13.28,13.27,13.26,13.25,13.24,13.23,13.22,13.21,13.2,13.31,13.33,13.34,13.35,13.36,13.37,13.38,13.39,13.4,13.41,2200,19000,5500,2100,45300,5900,4000,3600,1500,3200,2600,13000,18100,20500,14400,8500,7500,14400,14100,2300
735.0,13.31,1122600,14891611.0,13.3,13.28,13.27,13.26,13.25,13.24,13.23,13.22,13.21,13.2,13.31,13.32,13.33,13.34,13.35,13.36,13.37,13.38,13.39,13.4,2200,19000,5500,2100,45300,5900,4000,3600,1500,3200,2200,500,13000,18100,20500,14400,8500,7500,14400,14100
736.0,13.31,1122600,14891611.0,13.3,13.28,13.27,13.26,13.25,13.24,13.23,13.22,13.21,13.2,13.31,13.32,13.33,13.34,13.35,13.36,13.37,13.38,13.39,13.4,2200,19000,5500,2100,45300,5900,4000,3600,1500,3200,2500,500,13000,18100,20500,14400,8500,7500,14400,14100
737.0,13.3,1122800,14894271.0,13.3,13.28,13.27,13.26,13.25,13.24,13.23,13.22,13.21,13.2,13.31,13.32,13.33,13.34,13.35,13.36,13.37,13.38,13.39,13.4,2000,19000,5500,2100,42800,5900,4000,3600,1500,3200,2500,500,13000,18100,20500,14400,8500,7500,14400,14100
738.0,13.31,1122900,14895602.0,13.3,13.28,13.27,13.26,13.25,13.24,13.23,13.22,13.21,13.2,13.31,13.32,13.33,13.34,13.35,13.36,13.37,13.38,13.39,13.4,2000,19000,5500,2100,42800,5900,4000,3600,1500,3200,2400,500,13000,18100,20500,14400,8500,7500,14400,13100
739.0,13.31,1124200,14912899.0,13.3,13.28,13.27,13.26,13.25,13.24,13.23,13.22,13.21,13.2,13.31,13.32,13.33,13.34,13.35,13.36,13.37,13.38,13.39,13.4,1400,19000,5500,2100,42800,5900,4000,3600,1500,3200,1700,500,13000,18100,20500,14400,8500,7500,14400,13100
740.0,13.31,1124200,14912899.0,13.3,13.28,13.27,13.26,13.25,13.24,13.23,13.22,13.21,13.2,13.31,13.32,13.33,13.34,13.35,13.36,13.37,13.38,13.39,13.4,1400,19000,5500,2100,42800,5900,4000,3600,1500,2700,1700,500,13000,18100,20500,14400,8500,7500,14400,13100
741.0,13.31,1125400,14928870.0,13.3,13.28,13.27,13.26,13.25,13.24,13.23,13.22,13.21,13.2,13.31,13.32,13.33,13.34,13.35,13.36,13.37,13.38,13.39,13.4,1300,19000,5500,2100,42800,5900,4000,3600,1500,2900,600,500,17300,30000,20500,14400,8500,7500,14400,13100
742.0,13.32,1126500,14943516.0,13.3,13.28,13.27,13.26,13.25,13.24,13.23,13.22,13.21,13.2,13.33,13.34,13.35,13.36,13.37,13.38,13.39,13.4,13.41,13.42,1300,19000,5500,2100,42800,5900,4000,3600,1500,2900,17300,30000,20500,14400,8500,7500,14400,13100,2300,7600
743.0,13.32,1126500,14943516.0,13.3,13.28,13.27,13.26,13.25,13.24,13.23,13.22,13.21,13.2,13.33,13.34,13.35,13.36,13.37,13.38,13.39,13.4,13.41,13.42,1300,19000,5500,2100,42800,5900,4000,3600,1500,2900,17300,30000,20500,14400,8500,7500,14400,13100,2300,7600
744.0,13.33,1127600,14958176.0,13.3,13.28,13.27,13.26,13.25,13.24,13.23,13.22,13.21,13.2,13.33,13.34,13.35,13.36,13.37,13.38,13.39,13.4,13.41,13.42,1800,19000,5500,2100,42800,5900,4000,3600,1500,2900,16900,30000,20500,14400,8500,7500,14400,13100,2300,7600
745.0,13.33,1127600,14958176.0,13.3,13.28,13.27,13.26,13.25,13.24,13.23,13.22,13.21,13.2,13.33,13.34,13.35,13.36,13.37,13.38,13.39,13.4,13.41,13.42,1800,19000,5500,2100,42800,5900,4000,3600,1500,2900,16900,30000,20500,14400,8500,7500,14400,13100,2300,7600
746.0,13.33,1128800,14974172.0,13.3,13.28,13.27,13.26,13.25,13.24,13.23,13.22,13.21,13.2,13.33,13.34,13.35,13.36,13.37,13.38,13.39,13.4,13.41,13.42,1800,19000,5500,2100,42800,5900,4000,3600,1500,2900,16700,30000,20500,14400,8500,7500,14400,13100,2300,7600
747.0,13.33,1130000,14990165.0,13.3,13.28,13.27,13.26,13.25,13.24,13.23,13.22,13.21,13.2,13.33,13.34,13.35,13.36,13.37,13.38,13.39,13.4,13.41,13.42,2300,19000,5500,2100,42800,5900,4000,3600,1500,2900,16200,30000,20500,14400,8500,7500,14400,13100,2300,7600
748.0,13.3,1130200,14992825.0,13.32,13.3,13.28,13.27,13.26,13.25,13.24,13.23,13.22,13.21,13.33,13.34,13.35,13.36,13.37,13.38,13.39,13.4,13.41,13.42,900,2100,19000,5500,2100,42800,5900,4000,3600,1500,16200,30000,20500,14400,8500,7500,14400,13100,2300,7600
749.0,13.33,1130500,14996824.0,13.32,13.3,13.28,13.27,13.26,13.25,13.24,13.23,13.22,13.21,13.33,13.34,13.35,13.36,13.37,13.38,13.39,13.4,13.41,13.42,900,2100,19000,5500,2100,43400,5900,4000,3600,1500,15900,31000,20500,14400,8500,7500,14400,13100,2300,7600
750.0,13.33,1130500,14996824.0,13.32,13.3,13.28,13.27,13.26,13.25,13.24,13.23,13.22,13.21,13.33,13.34,13.35,13.36,13.37,13.38,13.39,13.4,13.41,13.42,900,2100,19000,5500,2100,43400,5900,4000,3600,1500,16200,31000,20500,14400,8500,7500,14400,13100,2300,7600
751.0,13.32,1130600,14998156.0,13.32,13.3,13.28,13.27,13.26,13.25,13.24,13.23,13.22,13.21,13.33,13.34,13.35,13.36,13.37,13.38,13.39,13.4,13.41,13.42,800,2100,19000,5500,2100,43400,5900,4000,3600,1500,16200,31000,20500,14400,8500,7500,14400,13100,2300,7600
752.0,13.32,1131000,15003484.0,13.32,13.3,13.28,13.27,13.26,13.25,13.24,13.23,13.22,13.21,13.33,13.34,13.35,13.36,13.37,13.38,13.39,13.4,13.41,13.42,400,2100,19000,5500,2100,43400,5900,4000,3600,1500,16200,31000,20500,14400,8500,7500,14400,13100,2300,7600
753.0,13.33,1132000,15016814.0,13.32,13.3,13.28,13.27,13.26,13.25,13.24,13.23,13.22,13.21,13.33,13.34,13.35,13.36,13.37,13.38,13.39,13.4,13.41,13.42,1100,2100,19000,5500,2100,43400,5900,4000,3600,1500,15200,32000,20500,14400,8500,7500,14400,13100,2300,7600
754.0,13.32,1132100,15018146.0,13.32,13.3,13.28,13.27,13.26,13.25,13.24,13.23,13.22,13.21,13.33,13.34,13.35,13.36,13.37,13.38,13.39,13.4,13.41,13.42,1000,2100,19000,5500,2100,43900,5900,4000,3600,1500,15200,32000,20500,14400,8500,7500,14400,13100,2300,7600
755.0,13.33,1134200,15046138.0,13.32,13.3,13.28,13.27,13.26,13.25,13.24,13.23,13.22,13.21,13.33,13.34,13.35,13.36,13.37,13.38,13.39,13.4,13.41,13.42,900,2100,19000,5500,2100,43900,5900,4000,3600,1500,17200,32000,20500,14400,9000,7500,14400,13100,2300,7600
756.0,13.33,1134200,15046138.0,13.32,13.3,13.28,13.27,13.26,13.25,13.24,13.23,13.22,13.21,13.33,13.34,13.35,13.36,13.37,13.38,13.39,13.4,13.41,13.42,900,2100,19000,5500,2100,43900,5900,4000,3600,1500,17200,32000,20500,14400,9000,7500,14400,13100,2300,7600
757.0,13.33,1134200,15046138.0,13.32,13.3,13.28,13.27,13.26,13.25,13.24,13.23,13.22,13.21,13.33,13.34,13.35,13.36,13.37,13.38,13.39,13.4,13.41,13.42,900,2100,19000,5500,2100,43900,5900,4000,3600,1500,19500,32000,20500,14400,9000,7500,14400,13100,2300,7600
758.0,13.33,1135200,15059468.0,13.32,13.3,13.28,13.27,13.26,13.25,13.24,13.23,13.22,13.21,13.33,13.34,13.35,13.36,13.37,13.38,13.39,13.4,13.41,13.42,900,2100,19000,5500,2100,43900,5900,4000,3600,1500,18500,31500,20500,14400,9000,7500,14400,13100,2300,7600
759.0,13.33,1135200,15059468.0,13.32,13.3,13.28,13.27,13.26,13.25,13.24,13.23,13.22,13.21,13.33,13.34,13.35,13.36,13.37,13.38,13.39,13.4,13.41,13.42,900,2100,19000,5500,2100,43900,5900,4000,3600,1500,18500,31500,20500,14400,9000,7500,14400,13100,2300,7600
760.0,13.32,1135300,15060800.0,13.32,13.3,13.28,13.27,13.26,13.25,13.24,13.23,13.22,13.21,13.33,13.34,13.35,13.36,13.37,13.38,13.39,13.4,13.41,13.42,800,2100,19000,5500,2100,43900,5900,4000,3600,1500,18500,31500,20500,14400,9000,7500,14400,13100,2300,7600
761.0,13.33,1135700,15066132.0,13.32,13.3,13.28,13.27,13.26,13.25,13.24,13.23,13.22,13.21,13.33,13.34,13.35,13.36,13.37,13.38,13.39,13.4,13.41,13.42,1300,2100,19000,5500,2100,43900,5900,4000,3600,1500,18100,31500,20500,14400,9000,8400,14400,13100,2300,7600
762.0,13.32,1135800,15067464.0,13.32,13.3,13.28,13.27,13.26,13.25,13.24,13.23,13.22,13.21,13.33,13.34,13.35,13.36,13.37,13.38,13.39,13.4,13.41,13.42,1200,2100,19000,5500,2100,43900,5900,4000,3600,1500,20100,31500,20500,14400,9000,8400,14400,13100,2300,7600
763.0,13.33,1136500,15076793.0,13.32,13.3,13.28,13.27,13.26,13.25,13.24,13.23,13.22,13.21,13.33,13.34,13.35,13.36,13.37,13.38,13.39,13.4,13.41,13.42,1000,2100,19000,5500,2100,43900,5900,4000,3600,1500,19600,21500,20500,14400,9000,8400,14400,13100,2300,7600
764.0,13.32,1136700,15079458.0,13.32,13.3,13.28,13.27,13.26,13.25,13.24,13.23,13.22,13.21,13.33,13.34,13.35,13.36,13.37,13.38,13.39,13.4,13.41,13.42,900,2100,19000,5500,2100,43900,5900,4000,3600,1500,19500,21500,20500,14400,9000,8400,14400,13100,2300,7600
765.0,13.33,1141100,15138110.0,13.32,13.3,13.28,13.27,13.26,13.25,13.24,13.23,13.22,13.21,13.33,13.34,13.35,13.36,13.37,13.38,13.39,13.4,13.41,13.42,900,2100,19000,5500,2100,43900,5900,4000,3600,1500,15100,21500,20500,14400,9000,8400,14400,13100,2300,7600
766.0,13.33,1141100,15138110.0,13.32,13.3,13.28,13.27,13.26,13.25,13.24,13.23,13.22,13.21,13.33,13.34,13.35,13.36,13.37,13.38,13.39,13.4,13.41,13.42,900,2100,19000,5500,2100,43900,5900,4000,3600,1500,16100,21500,20500,14400,9000,8400,14400,13100,2300,7600
767.0,13.33,1141500,15143442.0,13.32,13.3,13.28,13.27,13.26,13.25,13.24,13.23,13.22,13.21,13.33,13.34,13.35,13.36,13.37,13.38,13.39,13.4,13.41,13.42,900,2100,19000,5500,2100,43900,5900,4000,3600,1500,15700,21500,20500,14400,9000,8400,14400,13100,2300,7600
768.0,13.33,1142800,15160771.0,13.32,13.3,13.28,13.27,13.26,13.25,13.24,13.23,13.22,13.21,13.33,13.34,13.35,13.36,13.37,13.38,13.39,13.4,13.41,13.42,900,2100,19000,5500,2100,43900,5900,4000,3600,1500,15600,21500,20500,14400,9000,8400,14400,13100,2300,7600
769.0,13.32,1143700,15172759.0,13.3,13.28,13.27,13.26,13.25,13.24,13.23,13.22,13.21,13.2,13.32,13.33,13.34,13.35,13.36,13.37,13.38,13.39,13.4,13.41,2100,19000,5500,2100,43900,5900,4000,3600,1500,2900,1300,15600,21500,20500,14400,9000,8400,14400,13100,2300
770.0,13.3,1143900,15175419.0,13.3,13.28,13.27,13.26,13.25,13.24,13.23,13.22,13.21,13.2,13.32,13.33,13.34,13.35,13.36,13.37,13.38,13.39,13.4,13.41,1900,19000,5500,2100,43900,5900,4000,3600,1500,2900,1300,15900,21500,20500,14400,9000,8400,14400,13100,2300
771.0,13.33,1149100,15244722.0,13.3,13.28,13.27,13.26,13.25,13.24,13.23,13.22,13.21,13.2,13.33,13.34,13.35,13.36,13.37,13.38,13.39,13.4,13.41,13.42,1900,19000,5500,2100,43900,5900,4000,3600,1500,2900,12000,21500,20500,14400,9000,8400,14400,13100,2300,7600
772.0,13.33,1149100,15244722.0,13.3,13.28,13.27,13.26,13.25,13.24,13.23,13.22,13.21,13.2,13.32,13.33,13.34,13.35,13.36,13.37,13.38,13.39,13.4,13.41,1900,19000,5500,2100,43900,5900,4000,3600,1500,2900,400,12400,21500,20500,14400,9000,8400,14400,13100,2300
773.0,13.33,1158300,15367351.0,13.3,13.28,13.27,13.26,13.25,13.24,13.23,13.22,13.21,13.2,13.33,13.34,13.35,13.36,13.37,13.38,13.39,13.4,13.41,13.42,2200,19000,5500,2100,43900,5900,4000,3600,1500,2900,3700,21600,20500,14400,9000,8400,14400,13100,2300,7600
774.0,13.3,1158700,15372671.0,13.3,13.28,13.27,13.26,13.25,13.24,13.23,13.22,13.21,13.2,13.33,13.34,13.35,13.36,13.37,13.38,13.39,13.4,13.41,13.42,1800,19000,5500,2100,43900,5900,4000,3600,1500,2900,18400,21600,20500,14400,9000,8400,14400,13100,2300,7600
775.0,13.33,1159300,15380669.0,13.3,13.28,13.27,13.26,13.25,13.24,13.23,13.22,13.21,13.2,13.33,13.34,13.35,13.36,13.37,13.38,13.39,13.4,13.41,13.42,2300,19000,5500,2100,43900,5900,4000,3600,1500,2900,18300,21600,20500,14400,9000,8400,14400,13100,2300,7600
776.0,13.33,1159400,15382002.0,13.3,13.28,13.27,13.26,13.25,13.24,13.23,13.22,13.21,13.2,13.33,13.34,13.35,13.36,13.37,13.38,13.39,13.4,13.41,13.42,2300,19000,5500,2100,43900,5900,4000,3600,1500,2900,18200,21600,20500,14400,9000,8400,14400,13100,2300,7600
777.0,13.33,1160500,15396653.0,13.3,13.28,13.27,13.26,13.25,13.24,13.23,13.22,13.21,13.2,13.33,13.34,13.35,13.36,13.37,13.38,13.39,13.4,13.41,13.42,1900,19000,5500,2100,43900,5900,4000,3600,1500,2900,18500,21600,20500,14400,9000,8400,14400,13100,2300,7600
778.0,13.33,1162000,15416648.0,13.32,13.3,13.28,13.27,13.26,13.25,13.24,13.23,13.22,13.21,13.33,13.34,13.35,13.36,13.37,13.38,13.39,13.4,13.41,13.42,3800,2400,19000,5500,2100,43900,5900,4000,3600,1500,17800,22800,20500,14400,9000,8400,14500,13100,2300,7600
779.0,13.33,1164000,15443308.0,13.32,13.3,13.28,13.27,13.26,13.25,13.24,13.23,13.22,13.21,13.33,13.34,13.35,13.36,13.37,13.38,13.39,13.4,13.41,13.42,4400,2400,19000,5500,2100,43900,5900,4000,3600,1500,15800,22800,20500,14400,9000,8400,14500,13100,2300,7600
780.0,13.32,1164500,15449968.0,13.32,13.3,13.28,13.27,13.26,13.25,13.24,13.23,13.22,13.21,13.33,13.34,13.35,13.36,13.37,13.38,13.39,13.4,13.41,13.42,3900,7400,19000,5500,2100,43900,5900,4000,3600,1500,16000,22800,20500,14400,9000,8400,14500,13100,2300,7600
781.0,13.32,1164500,15449968.0,13.32,13.3,13.28,13.27,13.26,13.25,13.24,13.23,13.22,13.21,13.33,13.34,13.35,13.36,13.37,13.38,13.39,13.4,13.41,13.42,12700,8000,19000,5500,2100,43900,5900,4000,3600,1500,16000,22800,20500,14400,9000,8400,14500,13100,2300,7600
782.0,13.32,1166600,15477940.0,13.32,13.3,13.28,13.27,13.26,13.25,13.24,13.23,13.22,13.21,13.33,13.34,13.35,13.36,13.37,13.38,13.39,13.4,13.41,13.42,10600,8000,19000,5500,2100,43900,5900,4000,3600,1500,16000,22700,20500,14400,9000,8400,14500,13100,2300,7600
783.0,13.32,1167300,15487264.0,13.32,13.3,13.28,13.27,13.26,13.25,13.24,13.23,13.22,13.21,13.33,13.34,13.35,13.36,13.37,13.38,13.39,13.4,13.41,13.42,9900,8000,19000,5500,2100,43900,5900,4000,3600,1500,16000,22700,20500,14400,9000,8400,14500,13100,2300,7600
784.0,13.33,1168500,15503253.0,13.32,13.3,13.28,13.27,13.26,13.25,13.24,13.23,13.22,13.21,13.33,13.34,13.35,13.36,13.37,13.38,13.39,13.4,13.41,13.42,9200,8000,19000,5500,2100,43900,5900,4000,3600,1500,15500,22700,20500,14400,9000,8700,14500,13100,2300,7600
785.0,13.32,1180800,15667192.0,13.32,13.3,13.28,13.27,13.26,13.25,13.24,13.23,13.22,13.21,13.33,13.34,13.35,13.36,13.37,13.38,13.39,13.4,13.41,13.42,7200,8000,19000,5500,2100,43900,5900,4000,3600,1500,5200,23200,20500,14400,9000,8700,14500,13100,2300,7600
786.0,13.32,1181500,15676516.0,13.32,13.3,13.28,13.27,13.26,13.25,13.24,13.23,13.22,13.21,13.33,13.34,13.35,13.36,13.37,13.38,13.39,13.4,13.41,13.42,6500,8000,19000,5500,2100,43900,5900,4000,3600,1500,6200,23200,20500,14400,9000,8700,14500,13100,2300,7600
787.0,13.33,1186200,15739162.0,13.32,13.3,13.28,13.27,13.26,13.25,13.24,13.23,13.22,13.21,13.33,13.34,13.35,13.36,13.37,13.38,13.39,13.4,13.41,13.42,6000,8000,19000,5500,2100,43900,5900,4000,3600,1500,2000,23200,20500,14400,9000,8700,14500,13300,2300,7600
788.0,13.33,1186200,15739162.0,13.32,13.3,13.28,13.27,13.26,13.25,13.24,13.23,13.22,13.21,13.33,13.34,13.35,13.36,13.37,13.38,13.39,13.4,13.41,13.42,6100,8000,19000,5500,2100,43900,5900,4000,3600,1500,2000,23200,20500,14400,9000,8700,14500,13300,2300,7600
789.0,13.33,1186200,15739162.0,13.32,13.3,13.28,13.27,13.26,13.25,13.24,13.23,13.22,13.21,13.33,13.34,13.35,13.36,13.37,13.38,13.39,13.4,13.41,13.42,6100,8000,19000,5500,2100,43900,5900,4000,3600,1500,2000,23200,20500,14400,9000,8700,14500,13300,2300,7600
790.0,13.32,1186800,15747154.0,13.32,13.3,13.28,13.27,13.26,13.25,13.24,13.23,13.22,13.21,13.33,13.34,13.35,13.36,13.37,13.38,13.39,13.4,13.41,13.42,6500,8000,19000,5500,2100,43900,5900,4000,3600,1500,2000,23200,18500,14400,9000,8700,14500,13300,2300,7600
791.0,13.33,1189400,15781806.0,13.33,13.32,13.3,13.28,13.27,13.26,13.25,13.24,13.23,13.22,13.34,13.35,13.36,13.37,13.38,13.39,13.4,13.41,13.42,13.43,500,5900,8000,19000,5500,2100,43900,5900,4000,3600,23200,18500,14400,9000,8700,14500,13300,2300,7600,25300
792.0,13.32,1190400,15795131.0,13.32,13.3,13.28,13.27,13.26,13.25,13.24,13.23,13.22,13.21,13.34,13.35,13.36,13.37,13.38,13.39,13.4,13.41,13.42,13.43,5400,8000,19000,5500,2100,43900,5900,4000,3600,1500,23700,18500,14400,9000,8700,14500,13300,2300,7600,25300
793.0,13.33,1192900,15828451.0,13.32,13.3,13.28,13.27,13.26,13.25,13.24,13.23,13.22,13.21,13.33,13.34,13.35,13.36,13.37,13.38,13.39,13.4,13.41,13.42,4900,8000,19000,5500,2100,43900,5900,4000,3600,1500,500,23700,18500,14400,9100,8700,14500,13300,2300,7600
794.0,13.33,1192900,15828451.0,13.32,13.3,13.28,13.27,13.26,13.25,13.24,13.23,13.22,13.21,13.33,13.34,13.35,13.36,13.37,13.38,13.39,13.4,13.41,13.42,4900,8000,19000,5500,2100,43900,5900,4000,3600,1500,500,23700,18500,14400,9100,8700,14500,13300,2300,7600
795.0,13.33,1192900,15828451.0,13.32,13.3,13.28,13.27,13.26,13.25,13.24,13.23,13.22,13.21,13.33,13.34,13.35,13.36,13.37,13.38,13.39,13.4,13.41,13.42,4900,8000,19000,5500,2100,43900,5900,4000,3600,1500,500,23700,18500,14400,9100,8700,14500,13300,2300,7600
796.0,13.32,1193300,15833779.0,13.32,13.3,13.28,13.27,13.26,13.25,13.24,13.23,13.22,13.21,13.33,13.34,13.35,13.36,13.37,13.38,13.39,13.4,13.41,13.42,4500,8000,19000,5500,2100,43900,5900,4000,3600,1500,500,27600,18500,14400,9100,8700,14500,13300,2300,7600
797.0,13.32,1195500,15863083.0,13.32,13.3,13.28,13.27,13.26,13.25,13.24,13.23,13.22,13.21,13.33,13.34,13.35,13.36,13.37,13.38,13.39,13.4,13.41,13.42,2300,8000,19000,5500,2100,43900,5900,4000,3600,1500,500,28100,18500,14400,9100,8700,14500,13300,2300,7600
798.0,13.33,1195800,15867082.0,13.32,13.3,13.28,13.27,13.26,13.25,13.24,13.23,13.22,13.21,13.33,13.34,13.35,13.36,13.37,13.38,13.39,13.4,13.41,13.42,2300,8000,19000,5500,2100,43900,5900,4000,3600,1500,200,27100,18500,14400,9100,8700,14500,13300,2300,7600
799.0,13.34,1199000,15909764.0,13.32,13.3,13.28,13.27,13.26,13.25,13.24,13.23,13.22,13.21,13.34,13.35,13.36,13.37,13.38,13.39,13.4,13.41,13.42,13.43,2100,8000,19000,5500,2100,43900,5900,4000,3600,1500,24300,18500,14400,9100,8700,14500,13300,2300,7600,25300
800.0,13.32,1199200,15912428.0,13.32,13.3,13.28,13.27,13.26,13.25,13.24,13.23,13.22,13.21,13.34,13.35,13.36,13.37,13.38,13.39,13.4,13.41,13.42,13.43,1900,8000,19000,5500,2100,43900,5900,4000,3600,1500,24300,18600,14400,9100,8700,14500,13300,2300,7600,25300
801.0,13.32,1199200,15912428.0,13.32,13.3,13.28,13.27,13.26,13.25,13.24,13.23,13.22,13.21,13.34,13.35,13.36,13.37,13.38,13.39,13.4,13.41,13.42,13.43,1900,8000,19000,5500,2100,43900,5900,4000,3600,1500,24300,18600,14400,9100,8700,14500,13300,2300,7600,25300
802.0,13.34,1201200,15939108.0,13.32,13.3,13.28,13.27,13.26,13.25,13.24,13.23,13.22,13.21,13.34,13.35,13.36,13.37,13.38,13.39,13.4,13.41,13.42,13.43,1900,8000,19000,5500,2100,43900,5900,4000,3600,1500,22300,18600,14400,9100,8700,14500,13300,2300,7600,25300
803.0,13.32,1201300,15940440.0,13.32,13.3,13.28,13.27,13.26,13.25,13.24,13.23,13.22,13.21,13.34,13.35,13.36,13.37,13.38,13.39,13.4,13.41,13.42,13.43,1800,8000,19000,5500,2100,43900,5900,4000,3600,1500,22300,18600,14400,9100,8700,14500,13300,2300,7600,25300
804.0,13.32,1201300,15940440.0,13.32,13.3,13.28,13.27,13.26,13.25,13.24,13.23,13.22,13.21,13.34,13.35,13.36,13.37,13.38,13.39,13.4,13.41,13.42,13.43,1800,8000,19000,5500,2100,43900,5900,4000,3600,1500,22300,18600,14400,9100,8700,14500,13300,2300,7600,25300
805.0,13.32,1201300,15940440.0,13.32,13.3,13.28,13.27,13.26,13.25,13.24,13.23,13.22,13.21,13.34,13.35,13.36,13.37,13.38,13.39,13.4,13.41,13.42,13.43,1800,8000,19000,5500,2100,43900,5900,4000,3600,1500,18400,18600,14400,9100,8700,14500,13300,2300,7600,25300
806.0,13.34,1203100,15964450.0,13.32,13.3,13.28,13.27,13.26,13.25,13.24,13.23,13.22,13.21,13.34,13.35,13.36,13.37,13.38,13.39,13.4,13.41,13.42,13.43,1700,8000,19000,5500,2100,43900,5900,4000,3600,1500,16700,18600,14400,9100,8700,14500,13300,2300,7600,25300
807.0,13.34,1204400,15981792.0,13.32,13.3,13.28,13.27,13.26,13.25,13.24,13.23,13.22,13.21,13.34,13.35,13.36,13.37,13.38,13.39,13.4,13.41,13.42,13.43,1700,8000,19000,5500,2100,43900,5900,4000,3600,1500,15400,18600,14400,9100,8700,14500,13300,2300,7600,25300
808.0,13.34,1209600,16051154.0,13.32,13.3,13.28,13.27,13.26,13.25,13.24,13.23,13.22,13.21,13.33,13.34,13.35,13.36,13.37,13.38,13.39,13.4,13.41,13.42,1400,8000,19000,5500,2100,43900,5900,4000,3600,1500,2000,10500,18600,14400,9100,8700,14500,13300,2300,7600
809.0,13.33,1211200,16072481.0,13.32,13.3,13.28,13.27,13.26,13.25,13.24,13.23,13.22,13.21,13.33,13.34,13.35,13.36,13.37,13.38,13.39,13.4,13.41,13.42,1300,8000,19000,5500,2100,43900,5900,4000,3600,1500,500,10500,18600,14400,9100,10100,14500,13300,2300,7600
810.0,13.34,1214700,16119166.0,13.32,13.3,13.28,13.27,13.26,13.25,13.24,13.23,13.22,13.21,13.34,13.35,13.36,13.37,13.38,13.39,13.4,13.41,13.42,13.43,1300,8000,19000,5500,2100,43900,5900,4000,3600,1500,7500,18600,14400,9100,10100,14500,13300,2300,7600,25300
811.0,13.34,1217600,16157852.0,13.32,13.3,13.28,13.27,13.26,13.25,13.24,13.23,13.22,13.21,13.34,13.35,13.36,13.37,13.38,13.39,13.4,13.41,13.42,13.43,1300,8000,19000,5500,2100,42800,5900,4000,3600,1500,4600,18600,14400,9100,10100,14500,13300,2300,7600,25300
812.0,13.35,1222800,16227223.0,13.32,13.3,13.28,13.27,13.26,13.25,13.24,13.23,13.22,13.21,13.35,13.36,13.37,13.38,13.39,13.4,13.41,13.42,13.43,13.44,1200,7400,19000,5500,2100,42800,5900,4000,3600,1500,18100,14400,9100,10100,14500,13300,2300,7600,25300,3400
813.0,13.35,1223000,16229893.0,13.34,13.32,13.3,13.28,13.27,13.26,13.25,13.24,13.23,13.22,13.35,13.36,13.37,13.38,13.39,13.4,13.41,13.42,13.43,13.44,7500,1200,7400,19000,5500,2100,42800,5900,4000,3600,17900,10000,9100,10100,14500,13300,2300,7600,25300,3400
814.0,13.36,1242500,16490234.0,13.34,13.32,13.3,13.28,13.27,13.26,13.25,13.24,13.23,13.22,13.36,13.37,13.38,13.39,13.4,13.41,13.42,13.43,13.44,13.45,7500,1200,7400,19000,5500,2100,42800,5900,4000,3600,8400,9100,10100,14500,13300,2300,7600,25300,3400,19600
815.0,13.36,1246900,16549004.0,13.34,13.32,13.3,13.28,13.27,13.26,13.25,13.24,13.23,13.22,13.36,13.37,13.38,13.39,13.4,13.41,13.42,13.43,13.44,13.45,6800,1200,7400,19000,5500,2100,42800,5900,4000,3600,4700,9100,10100,14500,13300,2300,7600,25300,3400,19600
816.0,13.36,1246900,16549004.0,13.35,13.34,13.32,13.3,13.28,13.27,13.26,13.25,13.24,13.23,13.36,13.37,13.38,13.39,13.4,13.41,13.42,13.43,13.44,13.45,1700,6800,1200,7400,19000,5500,2100,42800,5900,4000,4700,9100,10100,14500,13300,2300,7600,25300,3400,19600
817.0,13.36,1246900,16549004.0,13.35,13.34,13.32,13.3,13.28,13.27,13.26,13.25,13.24,13.23,13.36,13.37,13.38,13.39,13.4,13.41,13.42,13.43,13.44,13.45,1700,6800,1200,7400,19000,5500,2100,42800,5900,4000,4700,9100,10100,14500,13300,2300,7600,25300,3400,19600
818.0,13.36,1246900,16549004.0,13.35,13.34,13.32,13.3,13.28,13.27,13.26,13.25,13.24,13.23,13.36,13.37,13.38,13.39,13.4,13.41,13.42,13.43,13.44,13.45,1800,6800,1200,7400,19000,5500,2100,42800,5900,4000,4700,9100,10100,14500,13300,2300,7600,25300,3400,19600
819.0,13.37,1252000,16617142.0,13.35,13.34,13.32,13.3,13.28,13.27,13.26,13.25,13.24,13.23,13.37,13.38,13.39,13.4,13.41,13.42,13.43,13.44,13.45,13.46,2000,6800,1200,7400,19000,5500,2100,42800,5900,4000,8800,10100,14500,13300,2300,7600,25300,3400,19600,3700
820.0,13.35,1256400,16675942.0,13.35,13.34,13.32,13.3,13.28,13.27,13.26,13.25,13.24,13.23,13.37,13.38,13.39,13.4,13.41,13.42,13.43,13.44,13.45,13.46,600,6800,1200,7400,19000,5500,2100,42800,5900,4000,5800,10100,14500,13200,2300,7600,25300,3400,19600,3700
821.0,13.37,1262600,16758828.0,13.37,13.35,13.34,13.32,13.3,13.28,13.27,13.26,13.25,13.24,13.38,13.39,13.4,13.41,13.42,13.43,13.44,13.45,13.46,13.47,200,200,6800,1200,7400,19000,5500,2100,42800,5900,7300,14500,13200,2300,7600,25300,3400,19600,3700,2000
822.0,13.37,1262600,16758828.0,13.37,13.35,13.34,13.32,13.3,13.28,13.27,13.26,13.25,13.24,13.38,13.39,13.4,13.41,13.42,13.43,13.44,13.45,13.46,13.47,200,200,6800,1200,7400,19000,5500,2100,42800,5900,7300,14500,13200,2300,7600,25300,3400,19600,3700,2000
823.0,13.38,1264200,16780236.0,13.37,13.36,13.35,13.34,13.32,13.3,13.28,13.27,13.26,13.25,13.38,13.39,13.4,13.41,13.42,13.43,13.44,13.45,13.46,13.47,3600,1000,200,6800,1200,7400,19000,5500,2100,42800,5700,14500,13200,2300,7600,25300,3400,19600,3700,2000
824.0,13.38,1264200,16780236.0,13.37,13.36,13.35,13.34,13.33,13.32,13.3,13.28,13.27,13.26,13.38,13.39,13.4,13.41,13.42,13.43,13.44,13.45,13.46,13.47,3900,1000,200,6800,300,1200,7400,19000,5500,2100,5700,14500,13200,2300,7600,25300,3400,19600,3700,2000
825.0,13.37,1264500,16784247.0,13.37,13.36,13.35,13.34,13.33,13.32,13.3,13.28,13.27,13.26,13.38,13.39,13.4,13.41,13.42,13.43,13.44,13.45,13.46,13.47,6400,1000,200,6800,300,1200,7400,19000,5500,2100,6500,14500,13200,2300,7600,25300,3400,19600,3700,2000
826.0,13.38,1269100,16845795.0,13.37,13.36,13.35,13.34,13.33,13.32,13.3,13.28,13.27,13.26,13.38,13.39,13.4,13.42,13.43,13.44,13.45,13.46,13.47,13.48,6400,1000,200,6800,300,1200,7400,19000,5500,2100,1900,14500,13200,7600,25300,3400,19600,3700,2000,15800
827.0,13.38,1269500,16851147.0,13.37,13.36,13.35,13.34,13.33,13.32,13.3,13.28,13.27,13.26,13.38,13.39,13.4,13.42,13.43,13.44,13.45,13.46,13.47,13.48,7800,1000,200,6800,300,1200,7400,19000,5500,2100,1500,14500,13200,7600,25300,3400,19600,3700,2000,15800
828.0,13.38,1270800,16868534.0,13.37,13.36,13.35,13.34,13.33,13.32,13.3,13.28,13.27,13.26,13.38,13.39,13.4,13.42,13.43,13.44,13.45,13.46,13.47,13.48,10000,1000,200,3300,300,1200,7400,19000,5500,2100,900,14500,13200,7600,25300,3400,19600,3700,2000,15800
829.0,13.38,1270800,16868534.0,13.37,13.36,13.35,13.34,13.33,13.32,13.3,13.28,13.27,13.26,13.38,13.39,13.4,13.42,13.43,13.44,13.45,13.46,13.47,13.48,10700,1000,200,3300,300,1200,7400,19000,5500,2100,900,14500,13200,7600,25300,3400,19600,3700,2000,15800
830.0,13.37,1271500,16877893.0,13.37,13.36,13.35,13.34,13.33,13.32,13.3,13.28,13.27,13.26,13.38,13.39,13.4,13.42,13.43,13.44,13.45,13.46,13.47,13.48,11700,1000,200,3300,300,1200,7400,19000,5500,2100,900,14500,13200,7600,25300,3400,19600,3700,2000,15800
831.0,13.38,1274500,16918012.0,13.38,13.37,13.36,13.35,13.34,13.33,13.32,13.3,13.28,13.27,13.39,13.4,13.42,13.43,13.44,13.45,13.46,13.47,13.48,13.49,1100,9600,1000,200,3300,300,1200,7400,19000,5500,14500,13200,7600,25300,3400,19600,3700,2000,15800,10300
832.0,13.37,1276200,16940752.0,13.38,13.37,13.36,13.35,13.34,13.33,13.32,13.3,13.28,13.27,13.39,13.4,13.42,13.43,13.44,13.45,13.46,13.47,13.48,13.49,300,7600,1000,200,3300,300,1200,7400,19000,5500,14500,13200,4500,25300,3400,19600,3700,2000,15800,10300
833.0,13.38,1276500,16944766.0,13.37,13.36,13.35,13.34,13.33,13.32,13.3,13.28,13.27,13.26,13.38,13.39,13.4,13.42,13.43,13.44,13.45,13.46,13.47,13.48,6500,1000,700,3300,300,1200,7400,19000,5500,2100,1700,14500,13200,4500,25300,3400,19600,3700,2000,15800
834.0,13.38,1278800,16975534.0,13.38,13.37,13.36,13.35,13.34,13.33,13.32,13.3,13.28,13.27,13.39,13.4,13.42,13.43,13.44,13.45,13.46,13.47,13.48,13.49,4200,5900,1000,700,3300,300,1200,7400,19000,5500,14500,13200,4500,25300,3400,19600,3700,2000,15800,10300
835.0,13.38,1278800,16975534.0,13.38,13.37,13.36,13.35,13.34,13.33,13.32,13.3,13.28,13.27,13.39,13.4,13.42,13.43,13.44,13.45,13.46,13.47,13.48,13.49,6500,5900,1000,700,3300,300,1200,7400,19000,5500,14500,13200,4500,25300,3400,19600,3700,2000,15800,10300
836.0,13.39,1279500,16984907.0,13.38,13.37,13.36,13.35,13.34,13.33,13.32,13.3,13.28,13.27,13.39,13.4,13.42,13.43,13.44,13.45,13.46,13.47,13.48,13.49,10200,5900,1000,700,3300,300,1200,7400,19000,5500,14300,13200,1700,25300,3400,19600,3700,2000,15800,10300
837.0,13.38,1280200,16994273.0,13.38,13.37,13.36,13.35,13.33,13.32,13.3,13.28,13.27,13.26,13.39,13.4,13.42,13.43,13.44,13.45,13.46,13.47,13.48,13.49,9500,5900,1000,200,300,1200,7400,19000,5500,2100,14300,13200,1700,25300,3400,19600,3700,2000,15800,10300
838.0,13.39,1282700,17027724.0,13.38,13.37,13.36,13.35,13.33,13.32,13.3,13.28,13.27,13.26,13.39,13.4,13.42,13.43,13.44,13.45,13.46,13.47,13.48,13.49,7100,8200,1000,200,300,1200,7400,19000,5500,2100,10200,13200,1700,25300,3400,19600,3700,2000,15800,10300
839.0,13.38,1292500,17158863.0,13.37,13.36,13.35,13.33,13.32,13.3,13.28,13.27,13.26,13.25,13.38,13.39,13.4,13.42,13.43,13.44,13.45,13.46,13.47,13.48,5300,1000,200,300,1200,7400,19000,5500,2100,42800,700,8700,13200,1700,25300,3400,19600,3700,2000,15800
840.0,13.39,1294700,17188314.0,13.38,13.37,13.36,13.35,13.33,13.32,13.3,13.28,13.27,13.26,13.39,13.4,13.42,13.43,13.44,13.45,13.46,13.47,13.48,13.49,700,5300,1000,200,300,1200,7800,19000,5500,1800,7200,13200,1700,25300,3400,19600,3700,2000,15800,10300
841.0,13.39,1299500,17252586.0,13.38,13.37,13.36,13.35,13.33,13.32,13.3,13.28,13.27,13.26,13.39,13.4,13.41,13.42,13.43,13.44,13.45,13.46,13.47,13.48,1100,5300,1000,200,300,1200,7800,19000,5500,1800,2400,13200,25000,1700,25300,3400,19600,3700,2000,15800
842.0,13.38,1315800,17470897.0,13.38,13.37,13.36,13.35,13.33,13.32,13.3,13.28,13.27,13.26,13.4,13.41,13.42,13.43,13.44,13.45,13.46,13.47,13.48,13.49,800,5300,1000,200,300,1200,7800,19000,5500,1800,7500,25000,1700,25300,3400,19600,3700,2000,15800,10300
843.0,13.38,1315900,17472235.0,13.39,13.38,13.37,13.36,13.35,13.33,13.32,13.3,13.28,13.27,13.4,13.41,13.42,13.43,13.44,13.45,13.46,13.47,13.48,13.49,1000,1500,5300,1000,200,300,1200,7800,19000,5500,8300,25000,1700,25300,3400,19600,3700,2000,15800,10300
844.0,13.38,1318400,17505695.0,13.37,13.36,13.35,13.33,13.32,13.3,13.28,13.27,13.26,13.25,13.38,13.39,13.4,13.41,13.42,13.43,13.44,13.45,13.46,13.47,5300,1000,200,300,1200,7800,19000,5500,1800,42800,4000,3300,9500,25000,1700,25300,3400,19600,3700,2000
845.0,13.37,1326300,17611357.0,13.37,13.36,13.35,13.33,13.32,13.3,13.28,13.27,13.26,13.25,13.38,13.39,13.4,13.41,13.42,13.43,13.44,13.45,13.46,13.47,1300,1000,200,300,1200,7800,19000,5500,1800,42800,2200,3300,9500,25000,6100,25300,3400,19600,3700,2000
846.0,13.38,1327500,17627413.0,13.37,13.36,13.35,13.33,13.32,13.3,13.28,13.27,13.26,13.25,13.38,13.39,13.4,13.41,13.42,13.43,13.44,13.45,13.46,13.47,1300,1500,200,300,1200,7800,19000,5500,1800,42800,1000,4800,9500,25000,6100,25300,3400,19600,3700,2000
847.0,13.39,1333400,17706402.0,13.39,13.37,13.36,13.35,13.33,13.32,13.3,13.28,13.27,13.26,13.4,13.41,13.42,13.43,13.44,13.45,13.46,13.47,13.48,13.49,1000,1200,1500,200,300,1200,7800,19000,5500,1800,9500,25000,6100,25300,3400,19600,3700,2000,15800,9900
848.0,13.39,1333400,17706402.0,13.39,13.38,13.37,13.36,13.35,13.33,13.32,13.3,13.28,13.27,13.4,13.41,13.42,13.43,13.44,13.45,13.46,13.47,13.48,13.49,1700,700,1200,6100,200,300,1200,7800,19000,5500,9500,25000,6100,26200,3400,19600,3700,2000,15800,9900
849.0,13.39,1333400,17706402.0,13.39,13.38,13.37,13.36,13.35,13.33,13.32,13.3,13.28,13.27,13.4,13.41,13.42,13.43,13.44,13.45,13.46,13.47,13.48,13.49,3200,700,1200,6100,200,300,1500,8000,19000,5500,9500,25000,6100,26200,3400,19600,3700,2000,15800,9900
850.0,13.4,1339000,17781399.0,13.38,13.37,13.36,13.35,13.33,13.32,13.3,13.28,13.27,13.26,13.4,13.41,13.42,13.43,13.44,13.45,13.46,13.47,13.48,13.49,700,1200,6100,200,300,1500,8000,19000,5500,1800,8400,25000,6200,26200,3400,19600,3700,2000,15800,9900
851.0,13.4,1344200,17851079.0,13.39,13.38,13.37,13.36,13.35,13.33,13.32,13.3,13.28,13.27,13.4,13.41,13.42,13.43,13.44,13.45,13.46,13.47,13.48,13.49,4200,700,1200,6100,200,300,1500,8000,19000,5500,3200,25000,6200,26200,3400,19600,3700,2000,15800,9900
852.0,13.4,1344700,17857779.0,13.39,13.38,13.37,13.36,13.35,13.33,13.32,13.3,13.28,13.27,13.4,13.41,13.42,13.43,13.44,13.45,13.46,13.47,13.48,13.49,4200,700,1200,6100,200,300,1500,8000,19000,5500,2700,25000,6200,26200,3400,19600,3700,2000,15800,9900
853.0,13.39,1345600,17869830.0,13.39,13.38,13.37,13.36,13.35,13.33,13.32,13.3,13.28,13.27,13.4,13.41,13.42,13.43,13.44,13.45,13.46,13.47,13.48,13.49,3300,700,1200,6100,200,300,1500,8000,19000,5500,2700,25000,6200,26200,3400,19600,3700,2000,15800,9900
854.0,13.4,1347300,17892594.0,13.39,13.38,13.37,13.36,13.35,13.33,13.32,13.3,13.28,13.27,13.4,13.41,13.42,13.43,13.44,13.45,13.46,13.47,13.48,13.49,3100,1000,1200,6100,200,300,1500,8000,19000,5500,2600,25000,6200,26200,3400,19600,3700,2000,15800,9900
855.0,13.4,1347300,17892594.0,13.39,13.38,13.37,13.36,13.35,13.33,13.32,13.3,13.28,13.27,13.4,13.41,13.42,13.43,13.44,13.45,13.46,13.47,13.48,13.49,4600,2000,1200,6100,800,300,1500,8000,19000,5500,2600,25000,6200,26200,3400,19600,3700,2000,5800,9900
856.0,13.39,1349000,17915360.0,13.39,13.38,13.37,13.36,13.35,13.34,13.33,13.32,13.3,13.28,13.4,13.41,13.42,13.43,13.44,13.45,13.46,13.47,13.48,13.49,3200,2000,1200,6100,800,1000,300,1500,8000,19000,2300,25000,6200,26200,3400,19600,3700,2000,5800,9900
857.0,13.38,1354200,17984968.0,13.37,13.36,13.35,13.34,13.33,13.32,13.3,13.28,13.27,13.26,13.38,13.39,13.4,13.41,13.42,13.43,13.44,13.45,13.46,13.47,1200,6100,800,1000,300,1500,8000,19000,5500,1800,900,10800,2600,25000,6200,26200,3400,19600,3700,2000
858.0,13.39,1355600,18003703.0,13.37,13.36,13.35,13.34,13.33,13.32,13.3,13.28,13.27,13.26,13.39,13.4,13.41,13.42,13.43,13.44,13.45,13.46,13.47,13.48,1100,6100,800,4000,300,1500,8000,19000,5500,1800,10400,4300,25000,6200,26200,3400,19600,3700,2000,5800
859.0,13.39,1358900,18047888.0,13.37,13.36,13.35,13.34,13.33,13.32,13.3,13.28,13.27,13.26,13.39,13.4,13.41,13.42,13.43,13.44,13.45,13.46,13.47,13.48,1000,6100,800,4000,300,1500,8000,19000,5500,1800,7200,4300,25000,6200,26200,3400,19600,3700,2000,7000
860.0,13.39,1358900,18047888.0,13.38,13.37,13.36,13.35,13.34,13.33,13.32,13.3,13.28,13.27,13.39,13.4,13.41,13.42,13.43,13.44,13.45,13.46,13.47,13.48,4000,1800,6100,800,4000,300,1500,8000,19000,5500,13000,4300,25000,6200,26200,3400,19600,3700,2000,7000
861.0,13.39,1366200,18145635.0,13.38,13.37,13.36,13.35,13.34,13.33,13.32,13.3,13.28,13.27,13.39,13.4,13.41,13.42,13.43,13.44,13.45,13.46,13.47,13.48,4000,1800,6100,800,4000,300,1500,8000,19000,5500,5700,4300,25000,10900,26200,3400,19600,3700,2000,7000
862.0,13.39,1371600,18217937.0,13.38,13.37,13.36,13.35,13.34,13.33,13.32,13.3,13.28,13.27,13.39,13.4,13.41,13.42,13.43,13.44,13.45,13.46,13.47,13.48,3600,1800,6100,800,4000,300,1500,8000,19000,5500,1200,5600,25000,10900,26200,3400,19600,3700,2000,7000
863.0,13.39,1372600,18231327.0,13.38,13.37,13.36,13.35,13.34,13.33,13.32,13.3,13.28,13.27,13.39,13.4,13.41,13.42,13.43,13.44,13.45,13.46,13.47,13.48,3600,1800,6100,800,4000,300,1500,8000,19000,5500,700,5600,25000,10900,26500,3400,19600,3700,2000,7000
864.0,13.39,1373300,18240700.0,13.38,13.37,13.36,13.35,13.34,13.33,13.32,13.3,13.28,13.27,13.4,13.41,13.42,13.43,13.44,13.45,13.46,13.47,13.48,13.49,3600,1800,6100,800,4000,300,1500,8500,19000,5500,8700,25000,10900,26500,3400,19600,3700,2000,7000,9900
865.0,13.39,1374500,18256765.0,13.39,13.38,13.37,13.36,13.35,13.34,13.33,13.32,13.3,13.28,13.4,13.41,13.42,13.43,13.44,13.45,13.46,13.47,13.48,13.49,100,4200,2500,6100,800,4000,300,1500,8500,19000,21200,25000,10900,26500,3400,19600,3700,2000,7300,9900
866.0,13.39,1375500,18270155.0,13.38,13.37,13.36,13.35,13.34,13.33,13.32,13.3,13.28,13.27,13.4,13.41,13.42,13.43,13.44,13.45,13.46,13.47,13.48,13.49,900,2500,6100,800,4000,300,1500,8500,19000,5500,21200,25000,10900,26500,3400,19600,3700,2000,7300,9900
867.0,13.4,1377400,18295615.0,13.39,13.38,13.37,13.36,13.35,13.34,13.33,13.32,13.3,13.28,13.4,13.41,13.42,13.43,13.44,13.45,13.46,13.47,13.48,13.49,900,900,2500,6100,800,4000,300,1500,8500,19000,22600,25000,10900,26500,3400,19600,3700,2000,7300,9900
868.0,13.4,1377400,18295615.0,13.39,13.38,13.37,13.36,13.35,13.34,13.33,13.32,13.3,13.28,13.4,13.41,13.42,13.43,13.44,13.45,13.46,13.47,13.48,13.49,900,1300,2500,6100,800,4000,300,1500,8500,19000,22700,25000,11900,26500,3400,19600,3700,2000,7300,9900
869.0,13.39,1378900,18315706.0,13.38,13.37,13.36,13.35,13.34,13.33,13.32,13.3,13.28,13.27,13.39,13.4,13.41,13.42,13.43,13.44,13.45,13.46,13.47,13.48,1800,2500,6100,800,4000,300,1500,8500,19000,5500,900,26700,25000,11900,26500,3400,19600,4000,2000,7300
870.0,13.39,1378900,18315706.0,13.38,13.37,13.36,13.35,13.34,13.33,13.32,13.3,13.28,13.27,13.39,13.4,13.41,13.42,13.43,13.44,13.45,13.46,13.47,13.48,1800,2500,4600,800,4000,300,1500,8500,19000,5500,1000,30700,25000,11900,26500,3400,20100,4000,2000,7300
871.0,13.4,1381200,18346514.0,13.38,13.37,13.36,13.35,13.34,13.33,13.32,13.3,13.28,13.27,13.4,13.41,13.42,13.43,13.44,13.45,13.46,13.47,13.48,13.49,1700,2500,4600,800,4000,300,1500,8500,19000,5500,32500,25000,11900,26500,3400,20100,4000,2000,7300,9900
872.0,13.39,1382400,18362582.0,13.38,13.37,13.36,13.35,13.34,13.33,13.32,13.3,13.28,13.27,13.39,13.4,13.41,13.42,13.43,13.44,13.45,13.46,13.47,13.48,1700,2500,4600,800,4000,300,1500,8500,19000,5500,5000,32500,25000,11900,26500,3400,20100,4000,2000,7300
873.0,13.4,1393600,18512609.0,13.38,13.37,13.36,13.35,13.34,13.33,13.32,13.3,13.28,13.27,13.39,13.4,13.41,13.42,13.43,13.44,13.45,13.46,13.47,13.48,1600,2500,4600,800,4000,300,1500,8500,19000,5500,2800,28500,25000,11900,26500,3400,20100,4000,2000,7300
874.0,13.39,1396500,18551439.0,13.39,13.38,13.37,13.36,13.35,13.34,13.33,13.32,13.3,13.28,13.4,13.41,13.42,13.43,13.44,13.45,13.46,13.47,13.48,13.49,600,1500,2500,4700,800,4000,300,1500,8500,19000,28500,25000,11900,26500,3400,20100,4000,2000,7300,9900
875.0,13.4,1396900,18556799.0,13.39,13.38,13.37,13.36,13.35,13.34,13.33,13.32,13.3,13.28,13.4,13.41,13.42,13.43,13.44,13.45,13.46,13.47,13.48,13.49,600,2600,2500,4700,800,4000,300,1500,8500,19000,28400,25300,11900,26500,3400,20300,4000,2000,7300,10300
876.0,13.4,1396900,18556799.0,13.39,13.38,13.37,13.36,13.35,13.34,13.33,13.32,13.3,13.28,13.4,13.41,13.42,13.43,13.44,13.45,13.46,13.47,13.48,13.49,6800,2600,2500,4700,800,4000,300,1500,8500,19000,28600,25300,11900,26500,3400,21300,4000,2000,7300,10300
877.0,13.39,1399000,18584918.0,13.39,13.38,13.37,13.36,13.35,13.34,13.33,13.32,13.3,13.28,13.4,13.41,13.42,13.43,13.44,13.45,13.46,13.47,13.48,13.49,6200,2600,2500,4700,800,4000,300,1500,8500,19000,29200,25300,11900,26500,3400,21300,4000,2000,7300,10300
878.0,13.39,1399500,18591613.0,13.39,13.38,13.37,13.36,13.35,13.34,13.33,13.32,13.3,13.28,13.4,13.41,13.42,13.43,13.44,13.45,13.46,13.47,13.48,13.49,5700,2600,2500,4700,800,4000,300,1500,8500,19000,30200,25300,11900,26500,3400,21300,4000,2000,7300,10300
879.0,13.4,1400100,18599653.0,13.39,13.38,13.37,13.36,13.35,13.34,13.33,13.32,13.3,13.28,13.4,13.41,13.42,13.43,13.44,13.45,13.46,13.47,13.48,13.49,5700,2600,2500,4700,800,4000,300,1500,8500,19000,32100,25300,11900,26500,3400,21300,4000,2000,7300,10300
880.0,13.39,1404600,18659941.0,13.39,13.38,13.37,13.36,13.35,13.34,13.33,13.32,13.3,13.28,13.4,13.41,13.42,13.43,13.44,13.45,13.46,13.47,13.48,13.49,5000,2600,2500,4700,800,4000,300,1500,8500,19000,28800,25300,11900,26500,3400,21300,3500,2000,7300,10300
881.0,13.39,1405700,18674670.0,13.39,13.38,13.37,13.36,13.35,13.34,13.33,13.32,13.3,13.28,13.4,13.41,13.42,13.43,13.44,13.45,13.46,13.47,13.48,13.49,3900,2600,2500,4700,800,4000,300,1500,8500,19000,30800,25300,11900,26500,3400,21300,3500,2000,7300,10300
882.0,13.39,1405700,18674670.0,13.39,13.38,13.37,13.36,13.35,13.34,13.33,13.32,13.3,13.28,13.4,13.41,13.42,13.43,13.44,13.45,13.46,13.47,13.48,13.49,3900,2600,2500,4700,800,4000,300,1500,8500,19000,73000,25300,11900,26500,3400,21300,3500,2000,7300,10300
883.0,13.39,1407000,18692077.0,13.39,13.38,13.37,13.36,13.35,13.34,13.33,13.32,13.31,13.3,13.4,13.41,13.42,13.43,13.44,13.45,13.46,13.47,13.48,13.49,2600,2600,2500,4700,800,4000,300,1500,2000,8500,73000,25300,11900,26500,3400,21300,3500,2000,7300,10300
884.0,13.39,1413700,18781791.0,13.38,13.37,13.36,13.35,13.34,13.33,13.32,13.31,13.3,13.28,13.39,13.4,13.41,13.42,13.43,13.44,13.45,13.46,13.47,13.48,2600,2500,4700,800,4000,300,1500,2000,8500,19000,2300,73100,25300,11900,26500,3400,21300,3500,2000,7300
885.0,13.39,1424100,18921115.0,13.38,13.37,13.36,13.35,13.34,13.33,13.32,13.31,13.3,13.28,13.39,13.4,13.41,13.42,13.43,13.44,13.45,13.46,13.47,13.48,2600,2500,4700,600,4000,300,1500,2000,8500,19000,4000,66300,25300,12000,26500,3400,21300,3500,2000,7300
886.0,13.39,1425600,18941198.0,13.38,13.37,13.36,13.35,13.34,13.33,13.32,13.31,13.3,13.28,13.39,13.4,13.41,13.42,13.43,13.44,13.45,13.46,13.47,13.48,2400,2500,4700,600,4000,300,1500,2000,8500,19000,4500,66900,25300,12000,26500,3400,21300,3500,2000,7300
887.0,13.39,1425600,18941198.0,13.38,13.37,13.36,13.35,13.34,13.33,13.32,13.31,13.3,13.28,13.39,13.4,13.41,13.42,13.43,13.44,13.45,13.46,13.47,13.48,3900,2500,4700,600,4000,300,1500,2000,8500,19000,9500,66900,25300,12000,26500,5400,11300,3500,2000,7300
888.0,13.39,1426200,18949229.0,13.38,13.37,13.36,13.35,13.34,13.33,13.32,13.31,13.3,13.28,13.39,13.4,13.41,13.42,13.43,13.44,13.45,13.46,13.47,13.48,3600,2500,4700,600,4000,300,1500,2000,8500,19000,9300,66900,25300,12000,26500,5400,11300,3500,2000,7300
889.0,13.38,1427700,18969299.0,13.38,13.37,13.36,13.35,13.34,13.33,13.32,13.31,13.3,13.28,13.39,13.4,13.41,13.42,13.43,13.44,13.45,13.46,13.47,13.48,2100,2500,4700,600,4000,300,1500,2000,8500,19000,9300,66900,25300,12000,26500,5400,11300,3500,2000,7300
890.0,13.38,1427700,18969299.0,13.38,13.37,13.36,13.35,13.34,13.33,13.32,13.31,13.3,13.28,13.39,13.4,13.41,13.42,13.43,13.44,13.45,13.46,13.47,13.48,2100,2500,4700,600,4000,300,1500,2000,8500,19000,12300,66600,28100,12000,26500,5400,11300,3500,2000,7300
891.0,13.39,1427800,18970638.0,13.38,13.37,13.36,13.35,13.34,13.33,13.32,13.31,13.3,13.28,13.39,13.4,13.41,13.42,13.43,13.44,13.45,13.46,13.47,13.48,2100,2500,4700,600,4000,300,1500,2000,8500,25600,12200,66600,28100,7600,26500,5400,11300,3500,2000,7300
892.0,13.39,1430400,19005429.0,13.37,13.36,13.35,13.34,13.33,13.32,13.31,13.3,13.28,13.27,13.39,13.4,13.41,13.42,13.43,13.44,13.45,13.46,13.47,13.48,2500,4700,600,4000,300,1500,2000,8500,25600,5500,11900,67900,28100,7600,26500,5400,11300,3500,2000,7300
893.0,13.39,1430400,19005429.0,13.37,13.36,13.35,13.34,13.33,13.32,13.31,13.3,13.28,13.27,13.39,13.4,13.41,13.42,13.43,13.44,13.45,13.46,13.47,13.48,2500,4700,600,4000,300,1500,2000,8500,25600,5500,12400,69900,28100,7600,26500,5400,11300,3500,2000,7300
894.0,13.39,1432400,19032207.0,13.37,13.36,13.35,13.34,13.33,13.32,13.31,13.3,13.28,13.27,13.38,13.39,13.4,13.41,13.42,13.43,13.44,13.45,13.46,13.47,3300,4700,600,4000,300,1500,2000,8500,25600,5500,2700,11400,69900,28100,7600,26500,5400,11300,6300,2000
895.0,13.37,1432700,19036218.0,13.37,13.36,13.35,13.34,13.33,13.32,13.31,13.3,13.28,13.27,13.38,13.39,13.4,13.41,13.42,13.43,13.44,13.45,13.46,13.47,3000,4700,600,4000,300,1500,2000,8500,25600,5500,3000,21700,69900,28100,7600,26500,5400,11300,6300,2000
896.0,13.37,1433000,19040229.0,13.37,13.36,13.35,13.34,13.33,13.32,13.31,13.3,13.28,13.27,13.38,13.39,13.4,13.41,13.42,13.43,13.44,13.45,13.46,13.47,2700,4700,600,4000,300,1500,2000,8500,25600,5500,3000,21700,69900,28100,7600,26500,5400,11300,6300,2000
897.0,13.38,1433300,19044243.0,13.37,13.36,13.35,13.34,13.33,13.32,13.31,13.3,13.28,13.27,13.38,13.39,13.4,13.41,13.42,13.43,13.44,13.45,13.46,13.47,2700,4700,600,4000,300,3500,2000,8500,25600,5500,2700,23700,69900,28100,7600,26500,5400,11300,6300,2000
898.0,13.38,1434200,19056283.0,13.37,13.36,13.35,13.34,13.33,13.32,13.31,13.3,13.28,13.27,13.38,13.39,13.4,13.41,13.42,13.43,13.44,13.45,13.46,13.48,2600,4700,600,4000,300,3500,2000,8500,25600,5500,2500,26300,69900,28100,7600,26500,5400,11300,6300,7300
899.0,13.37,1437600,19101765.0,13.37,13.36,13.35,13.34,13.33,13.32,13.31,13.3,13.28,13.27,13.38,13.39,13.4,13.41,13.42,13.43,13.44,13.45,13.46,13.48,1600,4700,600,4000,300,3500,2000,8500,25600,5500,2100,26300,69900,28100,7600,26500,5400,11300,6300,7300
900.0,13.37,1437900,19105776.0,13.37,13.36,13.35,13.34,13.33,13.32,13.31,13.3,13.28,13.27,13.38,13.39,13.4,13.41,13.42,13.43,13.44,13.45,13.46,13.48,1300,5200,600,4000,300,3500,2000,8500,25600,5500,2100,16300,70600,28100,7600,26500,5400,11300,6300,7300
901.0,13.37,1438000,19107113.0,13.37,13.36,13.35,13.34,13.33,13.32,13.31,13.3,13.28,13.27,13.38,13.39,13.4,13.41,13.42,13.43,13.44,13.45,13.46,13.48,1200,5200,600,4000,300,3500,2000,8500,25600,5500,8500,16600,70100,28100,7600,26500,5400,11300,6300,7300
902.0,13.38,1439400,19125845.0,13.37,13.36,13.35,13.34,13.33,13.32,13.31,13.3,13.28,13.27,13.38,13.39,13.4,13.41,13.42,13.43,13.44,13.45,13.46,13.48,1200,5200,600,4000,300,3500,2000,8500,25600,5500,7100,16600,70100,28100,7600,6500,5400,11300,6300,7300
903.0,13.38,1440000,19133872.0,13.37,13.36,13.35,13.34,13.33,13.32,13.31,13.3,13.28,13.27,13.38,13.39,13.4,13.41,13.42,13.43,13.44,13.45,13.46,13.48,1100,5200,600,4000,300,3500,2000,8500,25600,5500,7200,16600,68100,28100,7600,6500,5400,11300,6300,7300
904.0,13.38,1442000,19160631.0,13.37,13.36,13.35,13.34,13.33,13.32,13.31,13.3,13.28,13.27,13.38,13.39,13.4,13.41,13.42,13.43,13.44,13.45,13.46,13.48,1000,5200,600,4000,300,3500,2000,8500,25600,5500,5300,19600,68100,28100,7600,6500,5400,11300,6300,7300
905.0,13.38,1442000,19160631.0,13.37,13.36,13.35,13.34,13.33,13.32,13.31,13.3,13.28,13.27,13.38,13.39,13.4,13.41,13.42,13.43,13.44,13.45,13.46,13.48,1000,5200,600,4000,300,3500,2000,8500,25600,5500,5300,19600,67800,28100,7600,6500,5400,11300,6300,7300
906.0,13.38,1442400,19165983.0,13.37,13.36,13.35,13.34,13.33,13.32,13.31,13.3,13.28,13.27,13.38,13.39,13.4,13.41,13.42,13.43,13.44,13.45,13.46,13.47,1000,5200,600,4000,300,3500,2000,8500,25600,5500,4900,20600,67800,28100,7600,6500,5400,11300,6300,200
907.0,13.37,1443400,19179353.0,13.36,13.35,13.34,13.33,13.32,13.31,13.3,13.28,13.27,13.26,13.37,13.38,13.39,13.4,13.41,13.42,13.43,13.44,13.45,13.46,5200,600,4000,300,3500,2000,8500,25600,5500,1800,7300,5100,25600,87800,27800,7600,8300,5400,11300,6300
908.0,13.37,1445800,19211441.0,13.36,13.35,13.34,13.33,13.32,13.31,13.3,13.28,13.27,13.26,13.37,13.38,13.39,13.4,13.41,13.42,13.43,13.44,13.45,13.46,5200,600,4000,300,3500,2000,8500,25600,5500,1800,4900,5100,25600,87800,27800,7600,8300,3400,11300,6300
909.0,13.37,1445800,19211441.0,13.36,13.35,13.34,13.33,13.32,13.31,13.3,13.28,13.27,13.26,13.37,13.38,13.39,13.4,13.41,13.42,13.43,13.44,13.45,13.46,5200,600,4000,300,3500,2000,8500,25600,5500,1800,4900,6900,25600,88800,27800,7600,8300,3400,11300,6300
910.0,13.36,1446300,19218121.0,13.36,13.35,13.34,13.33,13.32,13.31,13.3,13.28,13.27,13.26,13.37,13.38,13.39,13.4,13.41,13.42,13.43,13.44,13.45,13.46,4700,600,4000,300,3400,2000,8500,25600,5500,1800,4900,6900,25600,88800,27800,7600,8300,3400,11300,6300
911.0,13.36,1447600,19235489.0,13.36,13.35,13.34,13.33,13.32,13.31,13.3,13.28,13.27,13.26,13.37,13.38,13.39,13.4,13.41,13.42,13.43,13.44,13.45,13.46,3400,600,4000,300,3400,2000,8500,25600,5500,1800,6900,16900,25600,88800,27800,7600,8300,3400,11300,6300
912.0,13.36,1451900,19292938.0,13.35,13.34,13.33,13.32,13.31,13.3,13.28,13.27,13.26,13.25,13.36,13.37,13.38,13.39,13.4,13.41,13.42,13.43,13.44,13.45,600,4000,300,3400,3000,8500,25600,5500,1800,42300,500,6800,17100,25700,88800,27800,8600,8300,3400,11300
913.0,13.36,1451900,19292938.0,13.35,13.34,13.33,13.32,13.31,13.3,13.28,13.27,13.26,13.25,13.36,13.37,13.38,13.39,13.4,13.41,13.42,13.43,13.44,13.45,600,4000,300,3400,3000,8500,25600,5500,1800,42300,500,7000,17700,26500,88800,27800,8600,8300,3400,11300
914.0,13.37,1453500,19314325.0,13.35,13.34,13.33,13.32,13.31,13.3,13.28,13.27,13.26,13.25,13.37,13.38,13.39,13.4,13.41,13.42,13.43,13.44,13.45,13.46,600,4000,300,3400,3000,8500,25600,5500,1800,43600,5900,17700,26500,88800,27800,8600,8300,3400,11300,6300
915.0,13.37,1453500,19314325.0,13.35,13.34,13.33,13.32,13.31,13.3,13.28,13.27,13.26,13.25,13.37,13.38,13.39,13.4,13.41,13.42,13.43,13.44,13.45,13.46,1400,4500,300,3400,3000,8500,25600,5500,1800,43600,6700,18900,26500,88800,27800,9300,8300,3400,11300,6300
916.0,13.37,1454500,19327693.0,13.36,13.35,13.34,13.33,13.32,13.31,13.3,13.28,13.27,13.26,13.37,13.38,13.39,13.4,13.41,13.42,13.43,13.44,13.45,13.46,1500,1300,4500,300,3400,3000,8500,25600,5500,1800,5800,18900,26500,89000,27800,9300,8700,3400,11300,6300
917.0,13.38,1461600,19422629.0,13.36,13.35,13.34,13.33,13.32,13.31,13.3,13.28,13.27,13.26,13.38,13.39,13.4,13.41,13.42,13.43,13.44,13.45,13.46,13.47,1500,1300,4500,300,3400,3000,8500,25600,5500,1800,13700,26500,89000,27800,9300,8700,3400,11300,6300,200
918.0,13.36,1461800,19425301.0,13.36,13.35,13.34,13.33,13.32,13.31,13.3,13.28,13.27,13.26,13.37,13.38,13.39,13.4,13.41,13.42,13.43,13.44,13.45,13.46,2000,1300,4500,300,3400,3000,8500,25600,5500,1800,4500,14400,26200,89000,27800,9300,8700,3400,11300,6300
919.0,13.37,1462300,19431982.0,13.36,13.35,13.34,13.33,13.32,13.31,13.3,13.28,13.27,13.26,13.37,13.38,13.39,13.4,13.41,13.42,13.43,13.44,13.45,13.46,1600,1300,4500,900,3400,3000,8500,25600,5500,1800,4400,14400,26200,89000,27800,9300,8700,3400,11300,6400
920.0,13.37,1462900,19440004.0,13.36,13.35,13.34,13.33,13.32,13.31,13.3,13.28,13.27,13.26,13.37,13.38,13.39,13.4,13.41,13.42,13.43,13.44,13.45,13.46,1600,6300,4500,900,3400,4000,8500,25600,5500,1800,3800,14400,26200,89000,27800,9300,8700,3400,11300,6400
921.0,13.37,1465000,19468081.0,13.36,13.35,13.34,13.33,13.32,13.31,13.3,13.28,13.27,13.26,13.37,13.38,13.39,13.4,13.41,13.42,13.43,13.44,13.45,13.46,2400,6800,4500,900,3400,4000,8500,25600,5500,1800,1700,14400,26200,47000,27800,9500,8700,3400,11300,6400
922.0,13.36,1465200,19470753.0,13.36,13.35,13.34,13.33,13.32,13.31,13.3,13.28,13.27,13.26,13.37,13.38,13.39,13.4,13.41,13.42,13.43,13.44,13.45,13.46,2200,6800,4500,900,3400,4000,8500,25600,5500,1800,2700,14400,26200,47000,27800,9500,8700,3400,11300,6400
923.0,13.37,1469100,19522862.0,13.35,13.34,13.33,13.32,13.31,13.3,13.28,13.27,13.26,13.25,13.36,13.37,13.38,13.39,13.4,13.41,13.42,13.43,13.44,13.45,6800,4500,900,3400,4000,8500,25600,5500,1800,43600,1400,2200,14400,26200,47000,27800,9500,8800,3400,11400
924.0,13.36,1469600,19529542.0,13.35,13.34,13.33,13.32,13.31,13.3,13.28,13.27,13.26,13.25,13.36,13.37,13.38,13.39,13.4,13.41,13.42,13.43,13.44,13.45,6800,4500,900,3400,5600,8500,25600,5500,1800,43600,900,2200,14400,26200,47000,27800,9500,8800,3400,11400
925.0,13.37,1471200,19550913.0,13.35,13.34,13.33,13.32,13.31,13.3,13.28,13.27,13.26,13.25,13.37,13.38,13.39,13.4,13.41,13.42,13.43,13.44,13.45,13.46,6200,4500,900,3400,5600,8500,25600,5500,1800,43600,2100,14600,26200,47000,27800,9500,8800,3400,11400,6400
926.0,13.35,1471800,19558923.0,13.35,13.34,13.33,13.32,13.31,13.3,13.28,13.27,13.26,13.25,13.36,13.37,13.38,13.39,13.4,13.41,13.42,13.43,13.44,13.45,6100,4500,900,3400,5600,8500,25600,5500,1800,43600,300,2100,14600,26200,47000,27800,9500,8600,3400,11400
927.0,13.36,1472300,19565603.0,13.36,13.35,13.34,13.33,13.32,13.31,13.3,13.28,13.27,13.26,13.37,13.38,13.39,13.4,13.41,13.42,13.43,13.44,13.45,13.46,3800,6100,4500,900,3400,5600,8500,25600,5500,1800,2100,14600,26200,47000,27800,9500,8600,3400,11400,6400
928.0,13.36,1472600,19569611.0,13.36,13.35,13.34,13.33,13.32,13.31,13.3,13.28,13.27,13.26,13.37,13.38,13.39,13.4,13.41,13.42,13.43,13.44,13.45,13.46,3500,6100,4500,900,3400,5600,8500,25600,5500,1800,2100,14600,26200,47000,27800,9500,8600,3400,11400,6400
929.0,13.36,1473100,19576291.0,13.36,13.35,13.34,13.33,13.32,13.31,13.3,13.28,13.27,13.26,13.37,13.38,13.39,13.4,13.41,13.42,13.43,13.44,13.45,13.46,3000,6100,4500,900,3400,5600,8500,25600,5500,1800,2100,16600,26200,47000,27800,9500,8600,3400,11400,6400
930.0,13.36,1473600,19582971.0,13.36,13.35,13.34,13.33,13.32,13.31,13.3,13.28,13.27,13.26,13.37,13.38,13.39,13.4,13.41,13.42,13.43,13.44,13.45,13.46,2500,6100,4500,900,3400,5600,8500,25600,5500,1800,2100,22600,26200,48000,27800,9500,8600,3400,11400,6400
931.0,13.36,1473800,19585643.0,13.36,13.35,13.34,13.33,13.32,13.31,13.3,13.28,13.27,13.26,13.37,13.38,13.39,13.4,13.41,13.42,13.43,13.44,13.45,13.46,2300,6100,4500,900,3400,5600,8500,25600,5500,1800,2100,22600,26200,48000,27800,9500,9500,3400,11400,6400
932.0,13.37,1474500,19595002.0,13.36,13.35,13.34,13.33,13.32,13.31,13.3,13.28,13.27,13.26,13.37,13.38,13.39,13.4,13.41,13.42,13.43,13.44,13.45,13.46,2300,6100,4500,900,3400,5600,8500,25600,5500,1800,1400,24600,26200,48000,27800,9500,9500,3400,11400,6400
933.0,13.36,1474700,19597674.0,13.36,13.35,13.34,13.33,13.32,13.31,13.3,13.29,13.28,13.27,13.37,13.38,13.39,13.4,13.41,13.42,13.43,13.44,13.45,13.46,2500,6100,4500,900,3400,5600,8500,1000,25600,5500,1400,24600,26200,48200,27800,9500,9500,3400,11400,6400
934.0,13.36,1476100,19616378.0,13.36,13.35,13.34,13.33,13.32,13.31,13.3,13.29,13.28,13.27,13.37,13.38,13.39,13.4,13.41,13.42,13.43,13.44,13.45,13.46,1100,6100,4500,900,3400,5600,8500,1000,25600,5500,1700,24600,24200,48300,27800,9500,9500,3400,11400,6400
935.0,13.37,1476300,19619052.0,13.36,13.35,13.34,13.33,13.32,13.31,13.3,13.29,13.28,13.27,13.37,13.38,13.39,13.4,13.41,13.42,13.43,13.44,13.45,13.46,1100,5600,4500,900,3600,5600,8500,1000,25600,5500,1500,24600,24200,48300,27800,9500,9500,3400,11400,6400
936.0,13.36,1477400,19633748.0,13.35,13.34,13.33,13.32,13.31,13.3,13.29,13.28,13.27,13.26,13.36,13.37,13.38,13.39,13.4,13.41,13.42,13.43,13.44,13.45,5600,4500,900,3600,5600,8500,1000,25600,5500,1800,600,1500,24600,24200,48300,27800,9500,9500,3400,11400
937.0,13.36,1478600,19649775.0,13.36,13.35,13.34,13.33,13.32,13.31,13.3,13.29,13.28,13.27,13.37,13.38,13.39,13.4,13.41,13.42,13.43,13.44,13.45,13.46,5300,5100,4500,900,3600,5600,8500,1000,25600,5500,1500,24600,24200,48000,27800,9500,9500,3400,11400,6400
938.0,13.36,1479600,19663140.0,13.36,13.35,13.34,13.33,13.32,13.31,13.3,13.29,13.28,13.27,13.37,13.38,13.39,13.4,13.41,13.42,13.43,13.44,13.45,13.46,4800,5100,4500,900,3600,5600,8500,1000,25600,5500,3300,24600,24200,49000,27800,9500,9500,3400,11400,6400
939.0,13.37,1479700,19664477.0,13.36,13.35,13.34,13.33,13.32,13.31,13.3,13.29,13.28,13.27,13.37,13.38,13.39,13.4,13.41,13.42,13.43,13.44,13.45,13.46,4800,5100,4500,900,3600,5600,8500,1000,25600,5500,4200,24400,24200,49900,27800,9500,9500,3400,11400,6400
940.0,13.36,1485800,19745986.0,13.35,13.34,13.33,13.32,13.31,13.3,13.29,13.28,13.27,13.26,13.36,13.37,13.38,13.39,13.4,13.41,13.42,13.43,13.44,13.45,5100,4500,900,3600,5600,10500,1000,25600,5500,1800,500,2900,24400,24200,49900,27800,9500,9500,3400,11400
941.0,13.35,1486800,19759336.0,13.35,13.34,13.33,13.32,13.31,13.3,13.29,13.28,13.27,13.26,13.36,13.37,13.38,13.39,13.4,13.41,13.42,13.43,13.44,13.45,4100,4500,900,3600,5600,10500,1000,25600,5500,1800,500,2900,26200,24200,49900,27800,9500,9500,3400,11400
942.0,13.35,1486800,19759336.0,13.35,13.34,13.33,13.32,13.31,13.3,13.29,13.28,13.27,13.26,13.36,13.37,13.38,13.39,13.4,13.41,13.42,13.43,13.44,13.45,4100,4500,900,3600,5600,10500,1000,25600,5500,1800,1200,2900,29200,24200,49900,27800,9500,9500,3400,11400
943.0,13.37,1488400,19780714.0,13.35,13.34,13.33,13.32,13.31,13.3,13.29,13.28,13.27,13.26,13.36,13.37,13.38,13.39,13.4,13.41,13.42,13.43,13.44,13.45,4000,4500,900,3600,5600,10500,1000,25600,5500,1800,4500,2600,29200,24200,49900,27800,9500,9500,3400,11400
944.0,13.35,1488800,19786054.0,13.35,13.34,13.33,13.32,13.31,13.3,13.29,13.28,13.27,13.26,13.36,13.37,13.38,13.39,13.4,13.41,13.42,13.43,13.44,13.45,3600,4500,900,3600,5600,10500,1000,25600,5500,1800,14400,2600,29200,24200,49900,27800,9500,9500,3400,11400
945.0,13.35,1489500,19795399.0,13.35,13.34,13.33,13.32,13.31,13.3,13.29,13.28,13.27,13.26,13.36,13.37,13.38,13.39,13.4,13.41,13.42,13.43,13.44,13.45,2900,4500,900,3600,5600,10500,1000,25600,5500,1800,20400,2600,31600,24200,49900,27800,9500,9500,3400,11600
946.0,13.36,1490500,19808759.0,13.35,13.34,13.33,13.32,13.31,13.3,13.29,13.28,13.27,13.26,13.36,13.37,13.38,13.39,13.4,13.41,13.42,13.43,13.44,13.45,2900,4500,900,3600,5600,10500,1000,25600,5500,1800,19400,5300,31600,24200,49900,27800,9500,9500,3400,11600
947.0,13.36,1490800,19812765.0,13.35,13.34,13.33,13.32,13.31,13.3,13.29,13.28,13.27,13.26,13.36,13.37,13.38,13.39,13.4,13.41,13.42,13.43,13.44,13.45,2700,4500,900,3600,5600,10500,1000,25600,5500,1800,20800,5300,31400,24200,49900,27800,9500,9500,3400,11600
948.0,13.36,1492100,19830133.0,13.35,13.34,13.33,13.32,13.31,13.3,13.29,13.28,13.27,13.26,13.36,13.37,13.38,13.39,13.4,13.41,13.42,13.43,13.44,13.45,2700,4500,900,3600,5600,10500,1000,25600,5500,1800,19500,5300,31400,26200,49900,27800,9500,9500,3400,11600
949.0,13.35,1492300,19832803.0,13.35,13.34,13.33,13.32,13.31,13.3,13.29,13.28,13.27,13.26,13.36,13.37,13.38,13.39,13.4,13.41,13.42,13.43,13.44,13.45,2500,4500,900,3600,5600,10500,1000,25600,5500,1800,19500,5300,31400,26200,49900,27800,9500,9500,3400,11600
950.0,13.36,1494100,19856849.0,13.35,13.34,13.33,13.32,13.31,13.3,13.29,13.28,13.27,13.26,13.36,13.37,13.38,13.39,13.4,13.41,13.42,13.43,13.44,13.45,2300,4500,900,3600,5600,10500,1000,25600,5500,1800,17900,5300,31400,26200,49900,27800,9500,9500,3400,11600
951.0,13.36,1494100,19856849.0,13.35,13.34,13.33,13.32,13.31,13.3,13.29,13.28,13.27,13.26,13.36,13.37,13.38,13.39,13.4,13.41,13.42,13.43,13.44,13.45,2300,4500,900,4100,5600,10500,1000,25600,5500,1800,18600,5300,31400,26200,49900,27800,9500,9500,3400,11600
952.0,13.36,1495100,19870209.0,13.35,13.34,13.33,13.32,13.31,13.3,13.29,13.28,13.27,13.26,13.36,13.37,13.38,13.39,13.4,13.41,13.42,13.43,13.44,13.45,2300,4500,900,4100,5600,10500,1000,25600,5500,1800,17600,5300,31400,26200,56100,27800,9500,9500,3400,11600
953.0,13.35,1497500,19902250.0,13.34,13.33,13.32,13.31,13.3,13.29,13.28,13.27,13.26,13.25,13.35,13.36,13.37,13.38,13.39,13.4,13.41,13.42,13.43,13.44,4500,900,4100,5600,10500,1000,25600,5500,1800,43600,1300,17500,5300,31400,26200,56100,27800,9500,9500,3400
954.0,13.34,1497900,19907586.0,13.34,13.33,13.32,13.31,13.3,13.29,13.28,13.27,13.26,13.25,13.35,13.36,13.37,13.38,13.39,13.4,13.41,13.42,13.43,13.44,4100,900,4100,5600,10500,1000,25600,5500,1800,43600,6000,17500,6300,31400,26200,56100,27800,9500,9500,3400
955.0,13.34,1497900,19907586.0,13.34,13.33,13.32,13.31,13.3,13.29,13.28,13.27,13.26,13.25,13.35,13.36,13.37,13.38,13.39,13.4,13.41,13.42,13.43,13.44,4100,900,4100,5600,10500,1000,25600,5500,1800,43600,6000,17800,6300,31400,26200,56100,27800,9500,9500,3600
956.0,13.35,1500900,19947632.0,13.34,13.33,13.32,13.31,13.3,13.29,13.28,13.27,13.26,13.25,13.35,13.36,13.37,13.38,13.39,13.4,13.41,13.42,13.43,13.44,3700,900,4100,5600,10500,1000,25600,5500,1800,43600,3400,18600,6300,31400,26200,56100,27800,9500,9500,3600
957.0,13.34,1502400,19967644.0,13.34,13.33,13.32,13.31,13.3,13.29,13.28,13.27,13.26,13.25,13.35,13.36,13.37,13.38,13.39,13.4,13.41,13.42,13.43,13.44,2400,900,4100,5600,10500,1000,25600,5500,1800,43600,3200,18600,6300,31400,26200,56100,27800,9500,9500,3600
958.0,13.34,1502400,19967644.0,13.34,13.33,13.32,13.31,13.3,13.29,13.28,13.27,13.26,13.25,13.35,13.36,13.37,13.38,13.39,13.4,13.41,13.42,13.43,13.44,2500,900,4100,5600,10500,1000,25600,5500,1800,43600,3200,19600,6300,31400,26200,56100,27800,9500,9500,3600
959.0,13.35,1503100,19976989.0,13.34,13.33,13.32,13.31,13.3,13.29,13.28,13.27,13.26,13.25,13.35,13.36,13.37,13.38,13.39,13.4,13.41,13.42,13.43,13.44,2500,900,4100,5600,10500,1000,25600,5500,1800,43600,2800,13800,6300,31400,26200,56100,27800,9500,9500,3600
960.0,13.35,1505200,20005022.0,13.34,13.33,13.32,13.31,13.3,13.29,13.28,13.27,13.26,13.25,13.35,13.36,13.37,13.38,13.39,13.4,13.41,13.42,13.43,13.44,2300,900,4100,5600,10500,1000,25600,5500,1800,43600,900,13800,6300,32700,26200,56100,27800,9500,9500,3600
961.0,13.34,1507500,20035704.0,13.33,13.32,13.31,13.3,13.29,13.28,13.27,13.26,13.25,13.24,13.34,13.35,13.36,13.37,13.38,13.39,13.4,13.41,13.42,13.43,900,4100,5600,10500,1000,25600,5500,1800,43600,5200,400,900,13800,6300,32800,26200,56100,27800,9500,9500
962.0,13.34,1507500,20035704.0,13.33,13.32,13.31,13.3,13.29,13.28,13.27,13.26,13.25,13.24,13.34,13.35,13.36,13.37,13.38,13.39,13.4,13.41,13.42,13.43,900,4100,5600,11500,1000,25600,5500,1800,43600,5200,400,1300,13800,6300,32800,26200,56100,27800,9500,9500
963.0,13.35,1510500,20075726.0,13.33,13.32,13.31,13.3,13.29,13.28,13.27,13.26,13.25,13.24,13.35,13.36,13.37,13.38,13.39,13.4,13.41,13.42,13.43,13.44,900,5300,5600,11500,1000,25600,5500,1800,43600,5200,4300,13800,6300,32800,26200,56100,27800,9500,9500,3600
964.0,13.35,1511200,20085071.0,13.33,13.32,13.31,13.3,13.29,13.28,13.27,13.26,13.25,13.24,13.35,13.36,13.37,13.38,13.39,13.4,13.41,13.42,13.43,13.44,1300,5300,5600,11500,1000,25600,5500,1800,43600,5200,4000,13800,6300,32200,26200,56100,27800,9500,9500,3600
965.0,13.35,1512400,20101087.0,13.33,13.32,13.31,13.3,13.29,13.28,13.27,13.26,13.25,13.24,13.35,13.36,13.37,13.38,13.39,13.4,13.41,13.42,13.43,13.44,2900,5300,5600,11500,1000,25600,5500,1800,43600,5200,4600,13600,6300,32200,26200,55900,27800,9500,9500,3600
966.0,13.33,1512600,20103753.0,13.33,13.32,13.31,13.3,13.29,13.28,13.27,13.26,13.25,13.24,13.34,13.35,13.36,13.37,13.38,13.39,13.4,13.41,13.42,13.43,2700,5300,5600,11500,1000,25600,5500,1800,43600,5200,2300,4600,13600,6300,32200,26200,55900,27800,9500,9500
967.0,13.34,1512800,20106421.0,13.33,13.32,13.31,13.3,13.29,13.28,13.27,13.26,13.25,13.24,13.34,13.35,13.36,13.37,13.38,13.39,13.4,13.41,13.42,13.43,2700,5300,5600,11500,1000,25600,5500,1800,43600,5200,2100,4600,13600,6300,32200,23200,55900,27800,9500,9500
968.0,13.33,1513300,20113086.0,13.33,13.32,13.31,13.3,13.29,13.28,13.27,13.26,13.25,13.24,13.34,13.35,13.36,13.37,13.38,13.39,13.4,13.41,13.42,13.43,2200,6300,5600,11500,1000,25600,5500,1800,43600,5200,2100,4600,13600,6300,32200,23200,55900,27800,9500,9500
969.0,13.33,1513500,20115752.0,13.33,13.32,13.31,13.3,13.29,13.28,13.27,13.26,13.25,13.24,13.34,13.35,13.36,13.37,13.38,13.39,13.4,13.41,13.42,13.43,2000,6300,5600,11500,1000,25600,5500,1800,43600,5200,2100,4600,13600,6300,32200,23200,55900,27800,9500,9500
970.0,13.35,1518900,20187821.0,13.33,13.32,13.31,13.3,13.29,13.28,13.27,13.26,13.25,13.24,13.35,13.36,13.37,13.38,13.39,13.4,13.41,13.42,13.43,13.44,2000,6300,5600,11500,1000,25600,5500,1800,43600,5200,10000,14800,6300,32200,23200,55900,27800,9500,9500,8600
971.0,13.33,1519100,20190487.0,13.33,13.32,13.31,13.3,13.29,13.28,13.27,13.26,13.25,13.24,13.35,13.36,13.37,13.38,13.39,13.4,13.41,13.42,13.43,13.44,1800,6500,5600,11500,1000,25600,5500,1800,43600,5200,10700,14800,6300,32200,23200,55900,27800,9500,9500,8600
972.0,13.33,1519100,20190487.0,13.33,13.32,13.31,13.3,13.29,13.28,13.27,13.26,13.25,13.24,13.35,13.36,13.37,13.38,13.39,13.4,13.41,13.42,13.43,13.44,3700,6500,5600,11500,1000,25600,5500,1800,43600,5200,12000,14800,6300,32200,23200,55800,27800,9500,9500,8600
973.0,13.33,1519400,20194486.0,13.33,13.32,13.31,13.3,13.29,13.28,13.27,13.26,13.25,13.24,13.35,13.36,13.37,13.38,13.39,13.4,13.41,13.42,13.43,13.44,3400,6500,5600,11500,1000,25600,5500,1800,43600,5200,12000,14800,6300,32200,23200,55800,27800,9500,9500,8600
974.0,13.33,1520400,20207816.0,13.33,13.32,13.31,13.3,13.29,13.28,13.27,13.26,13.25,13.24,13.35,13.36,13.37,13.38,13.39,13.4,13.41,13.42,13.43,13.44,3800,6500,5600,11500,1000,25600,5500,1800,43600,5200,13400,14800,6300,32200,23200,55800,27800,9500,9500,8600
975.0,13.33,1520400,20207816.0,13.33,13.32,13.31,13.3,13.29,13.28,13.27,13.26,13.25,13.24,13.35,13.36,13.37,13.38,13.39,13.4,13.41,13.42,13.43,13.44,4200,6500,5600,11500,1000,25600,5500,1800,43600,5200,14500,15000,6300,32200,23200,55800,27800,9500,9500,8600
976.0,13.35,1522600,20237178.0,13.33,13.32,13.31,13.3,13.29,13.28,13.27,13.26,13.25,13.24,13.35,13.36,13.37,13.38,13.39,13.4,13.41,13.42,13.43,13.44,4700,6500,5600,11500,1000,25600,5500,1800,43600,5200,13600,15000,6300,32200,23200,55800,27800,9500,9500,8600
977.0,13.35,1522600,20237178.0,13.33,13.32,13.31,13.3,13.29,13.28,13.27,13.26,13.25,13.24,13.35,13.36,13.37,13.38,13.39,13.4,13.41,13.42,13.43,13.44,5700,6500,5600,12500,1000,25600,5500,1800,43600,5200,14600,15000,6300,32200,23200,55800,27800,8800,9500,8600
978.0,13.35,1524800,20266548.0,13.33,13.32,13.31,13.3,13.29,13.28,13.27,13.26,13.25,13.24,13.34,13.35,13.36,13.37,13.38,13.39,13.4,13.41,13.42,13.43,5700,6500,5600,12000,1000,25600,5500,1800,43600,5200,1000,12400,15000,6300,32200,23200,55800,27800,8800,9500
979.0,13.34,1527400,20301211.0,13.33,13.32,13.31,13.3,13.29,13.28,13.27,13.26,13.25,13.24,13.34,13.35,13.36,13.37,13.38,13.39,13.4,13.41,13.42,13.43,3600,6500,5600,12000,1000,25600,5500,1800,43600,5200,500,12400,15000,6300,32200,23200,55800,27800,8800,9500
980.0,13.34,1527400,20301211.0,13.33,13.32,13.31,13.3,13.29,13.28,13.27,13.26,13.25,13.24,13.34,13.35,13.36,13.37,13.38,13.39,13.4,13.41,13.42,13.43,3600,6500,5600,12000,1000,25600,5500,1800,43600,5200,4200,14400,15000,6300,32200,23200,55800,27800,8800,9500
981.0,13.34,1527400,20301211.0,13.33,13.32,13.31,13.3,13.29,13.28,13.27,13.26,13.25,13.24,13.34,13.35,13.36,13.37,13.38,13.39,13.4,13.41,13.42,13.43,4700,6500,5600,12000,1000,25600,5500,1800,43600,5200,4200,14400,15000,6300,26200,23200,55800,27800,8800,9500
982.0,13.33,1527800,20306543.0,13.33,13.32,13.31,13.3,13.29,13.28,13.27,13.26,13.25,13.24,13.34,13.35,13.36,13.37,13.38,13.39,13.4,13.41,13.42,13.43,4300,6500,5600,12000,1000,25600,5500,1800,43600,5200,4200,14500,15000,6300,26200,23200,55800,27800,8800,9500
983.0,13.36,1550000,20602906.0,13.33,13.32,13.31,13.3,13.29,13.28,13.27,13.26,13.25,13.24,13.36,13.37,13.38,13.39,13.4,13.41,13.42,13.43,13.44,13.45,4300,6500,5600,12000,1000,25600,5500,1800,43600,5200,11500,6300,26200,23200,55800,27800,8800,9500,8600,11800
984.0,13.36,1550100,20604242.0,13.33,13.32,13.31,13.3,13.29,13.28,13.27,13.26,13.25,13.24,13.36,13.37,13.38,13.39,13.4,13.41,13.42,13.43,13.44,13.45,6200,6500,5600,12000,1000,25600,5500,1800,43600,5200,13300,6300,28100,23200,55800,27800,8800,9500,8600,11800
985.0,13.35,1551700,20625590.0,13.35,13.33,13.32,13.31,13.3,13.29,13.28,13.27,13.26,13.25,13.36,13.37,13.38,13.39,13.4,13.41,13.42,13.43,13.44,13.45,700,6100,6500,5600,12000,1000,25600,5500,1800,43600,13800,6300,28100,23200,55800,27800,8800,9500,8600,11800
986.0,13.36,1561400,20755166.0,13.33,13.32,13.31,13.3,13.29,13.28,13.27,13.26,13.25,13.24,13.36,13.37,13.38,13.39,13.4,13.41,13.42,13.43,13.44,13.45,5800,6500,5600,12000,1000,25600,5500,1800,43600,5200,5100,6300,28100,23200,55800,27800,8800,9500,8600,11800
987.0,13.36,1561400,20755166.0,13.34,13.33,13.32,13.31,13.3,13.29,13.28,13.27,13.26,13.25,13.36,13.37,13.38,13.39,13.4,13.41,13.42,13.43,13.44,13.45,2000,15600,6500,5600,12000,1000,25600,5500,1800,43600,5900,6300,28100,23200,55800,27800,8800,9500,8600,11800
988.0,13.34,1561600,20757834.0,13.34,13.33,13.32,13.31,13.3,13.29,13.28,13.27,13.26,13.25,13.36,13.37,13.38,13.39,13.4,13.41,13.42,13.43,13.44,13.45,4800,15600,6500,5600,12000,1000,25600,5500,1800,43600,6400,3600,28100,23200,55800,27800,8800,9500,8600,11800
989.0,13.34,1561600,20757834.0,13.34,13.33,13.32,13.31,13.3,13.29,13.28,13.27,13.26,13.25,13.36,13.37,13.38,13.39,13.4,13.41,13.42,13.43,13.44,13.45,4800,15600,6500,5600,12000,1000,25600,5500,1800,43600,6400,3600,28100,23200,55800,27800,8800,9500,8600,11800
990.0,13.34,1561600,20757834.0,13.34,13.33,13.32,13.31,13.3,13.29,13.28,13.27,13.26,13.25,13.36,13.37,13.38,13.39,13.4,13.41,13.42,13.43,13.44,13.45,5300,15600,6500,5600,12000,1000,25600,5500,1800,43600,6900,3600,28100,23200,55800,27800,8800,9500,8600,11800
991.0,13.34,1562600,20771174.0,13.34,13.33,13.32,13.31,13.3,13.29,13.28,13.27,13.26,13.25,13.36,13.37,13.38,13.39,13.4,13.41,13.42,13.43,13.44,13.45,4800,15600,6500,5600,12000,1000,25600,5500,1800,43600,6900,3600,28100,23200,55800,27800,8800,9500,8600,11800
992.0,13.34,1563000,20776510.0,13.35,13.34,13.33,13.32,13.31,13.3,13.29,13.28,13.27,13.26,13.36,13.37,13.38,13.39,13.4,13.41,13.42,13.43,13.44,13.45,1000,4400,15600,6500,5600,12000,1000,25600,5500,1800,6900,3600,26800,23200,55800,27800,8800,9500,8600,11800
993.0,13.34,1563000,20776510.0,13.35,13.34,13.33,13.32,13.31,13.3,13.29,13.28,13.27,13.26,13.36,13.37,13.38,13.39,13.4,13.41,13.42,13.43,13.44,13.45,1000,4400,15600,6500,5600,12000,1000,25600,5500,1800,6900,3600,26800,23200,55600,27800,8800,9500,8600,11800
994.0,13.35,1564000,20789860.0,13.34,13.33,13.32,13.31,13.3,13.29,13.28,13.27,13.26,13.25,13.35,13.36,13.37,13.38,13.39,13.4,13.41,13.42,13.43,13.44,4400,14500,6500,5600,12000,1000,25600,5500,1800,43600,2100,6900,3600,26800,18200,55600,27800,8800,9500,8600
995.0,13.34,1564400,20795196.0,13.34,13.33,13.32,13.31,13.3,13.29,13.28,13.27,13.26,13.25,13.35,13.36,13.37,13.38,13.39,13.4,13.41,13.42,13.43,13.44,4000,14500,6500,5600,12000,1000,25600,5500,1800,43600,2100,6900,3600,26800,18200,55600,27800,8800,9500,8600
996.0,13.35,1564500,20796531.0,13.34,13.33,13.32,13.31,13.3,13.29,13.28,13.27,13.26,13.25,13.35,13.36,13.37,13.38,13.39,13.4,13.41,13.42,13.43,13.44,7000,14500,6500,5600,12000,1000,25600,5500,1800,43600,2000,6900,6600,26800,18200,55600,27800,8800,9500,8600
997.0,13.35,1564500,20796531.0,13.34,13.33,13.32,13.31,13.3,13.29,13.28,13.27,13.26,13.25,13.35,13.36,13.37,13.38,13.39,13.4,13.41,13.42,13.43,13.44,7500,14500,6500,5600,12000,1000,25600,5500,1500,43600,2000,6900,6600,26800,18200,55600,27800,8800,9500,8600
998.0,13.35,1565500,20809874.0,13.34,13.33,13.32,13.31,13.3,13.29,13.28,13.27,13.26,13.25,13.35,13.36,13.37,13.38,13.39,13.4,13.41,13.42,13.43,13.44,6300,14500,6500,5600,12000,1000,25600,5500,1500,43600,1700,6900,6600,26800,18200,55600,27800,8800,9500,8600
999.0,13.36,1567800,20840585.0,13.34,13.33,13.32,13.31,13.3,13.29,13.28,13.27,13.26,13.25,13.36,13.37,13.38,13.39,13.4,13.41,13.42,13.43,13.44,13.45,6300,14500,6500,5600,12000,1000,25600,5500,1500,43600,6500,6600,26800,18200,55600,27800,8800,9500,8600,11800
1000.0,13.36,1567900,20841921.0,13.34,13.33,13.32,13.31,13.3,13.29,13.28,13.27,13.26,13.25,13.36,13.37,13.38,13.39,13.4,13.41,13.42,13.43,13.44,13.45,6300,14500,6500,5600,12000,1000,25600,5500,1500,43600,6400,6600,26800,18200,55600,27800,8800,9500,8600,11800
1001.0,13.36,1568500,20849937.0,13.34,13.33,13.32,13.31,13.3,13.29,13.28,13.27,13.26,13.25,13.36,13.37,13.38,13.39,13.4,13.41,13.42,13.43,13.44,13.45,6700,15300,6500,5600,12000,1000,25600,5500,1500,43600,6200,6600,26800,18200,55600,27800,8800,9500,8600,11800
1002.0,13.34,1569100,20857941.0,13.34,13.33,13.32,13.31,13.3,13.29,13.28,13.27,13.26,13.25,13.36,13.37,13.38,13.39,13.4,13.41,13.42,13.43,13.44,13.45,6100,15300,6500,5600,12000,1000,25600,5500,1500,43600,6200,6600,26800,18200,55600,27800,8800,9500,8600,11800
1003.0,13.34,1570300,20873949.0,13.34,13.33,13.32,13.31,13.3,13.29,13.28,13.27,13.26,13.25,13.36,13.37,13.38,13.39,13.4,13.41,13.42,13.43,13.44,13.45,4900,15300,6500,5600,12000,1000,25600,5500,1500,43600,6200,6600,23800,15200,54900,27800,8800,9500,8600,11800
1004.0,13.36,1570900,20881965.0,13.34,13.33,13.32,13.31,13.3,13.29,13.28,13.27,13.26,13.25,13.36,13.37,13.38,13.39,13.4,13.41,13.42,13.43,13.44,13.45,5300,15500,7500,5600,12000,1000,25600,5500,1500,43600,6000,6600,23800,15200,54900,27800,8800,9500,8600,11800
1005.0,13.36,1574600,20931397.0,13.34,13.33,13.32,13.31,13.3,13.29,13.28,13.27,13.26,13.25,13.36,13.37,13.38,13.39,13.4,13.41,13.42,13.43,13.44,13.45,5300,15500,7500,5600,12000,1000,25600,5500,1500,43600,2300,6600,23800,15200,54900,27800,8800,9500,8600,11800
1006.0,13.36,1574600,20931397.0,13.34,13.33,13.32,13.31,13.3,13.29,13.28,13.27,13.26,13.25,13.36,13.37,13.38,13.39,13.4,13.41,13.42,13.43,13.44,13.45,5300,15500,7500,5600,12000,1000,25600,5500,1500,43600,2300,8600,23800,15200,54900,27800,8800,9500,8600,11800
1007.0,13.36,1575400,20942085.0,13.35,13.34,13.33,13.32,13.31,13.3,13.29,13.28,13.27,13.26,13.36,13.37,13.38,13.39,13.4,13.41,13.42,13.43,13.44,13.45,500,5800,15500,7500,5600,12000,2000,25600,5500,1500,2000,8600,23800,15200,54900,27800,8800,9500,8600,11800
1008.0,13.36,1575400,20942085.0,13.35,13.34,13.33,13.32,13.31,13.3,13.29,13.28,13.27,13.26,13.36,13.37,13.38,13.39,13.4,13.41,13.42,13.43,13.44,13.45,500,5800,15500,7500,5600,12000,2000,25600,5500,1500,2000,8600,23800,15200,54900,27800,8800,9500,8600,11800
1009.0,13.38,1589800,21134631.0,13.37,13.35,13.34,13.33,13.32,13.31,13.3,13.29,13.28,13.27,13.38,13.39,13.4,13.41,13.42,13.43,13.44,13.45,13.46,13.47,14200,500,5800,15500,7500,5600,12000,2000,25600,5500,20000,14200,54900,27800,8800,9500,8600,11800,6400,200
1010.0,13.38,1595200,21206883.0,13.37,13.36,13.35,13.34,13.33,13.32,13.31,13.3,13.29,13.28,13.38,13.39,13.4,13.41,13.42,13.43,13.44,13.45,13.46,13.47,14500,500,500,5800,15500,7500,5600,12000,2000,25600,14600,14200,54900,27800,8800,9500,8600,11800,6400,200
1011.0,13.38,1595900,21216249.0,13.37,13.36,13.35,13.34,13.33,13.32,13.31,13.3,13.29,13.28,13.38,13.39,13.4,13.41,13.42,13.43,13.44,13.45,13.46,13.47,17300,500,500,5800,15500,7500,5600,12000,2000,25600,13900,14200,54900,27800,8800,9500,8600,11800,6400,200
1012.0,13.37,1596100,21218923.0,13.37,13.36,13.35,13.34,13.33,13.32,13.31,13.3,13.29,13.28,13.38,13.39,13.4,13.41,13.42,13.43,13.44,13.45,13.46,13.47,17100,500,500,7800,15500,9500,5600,12000,2000,25600,13900,9200,54900,27800,8800,9500,8600,11800,6400,200
1013.0,13.38,1601700,21293851.0,13.37,13.36,13.35,13.34,13.33,13.32,13.31,13.3,13.29,13.28,13.38,13.39,13.4,13.41,13.42,13.43,13.44,13.45,13.46,13.47,17100,500,500,7800,15500,9500,5600,12000,2000,25600,8300,9200,54900,27800,8800,9500,8600,11800,6400,200
1014.0,13.38,1613100,21446352.0,13.38,13.37,13.36,13.35,13.34,13.33,13.32,13.31,13.3,13.29,13.39,13.4,13.41,13.42,13.43,13.44,13.45,13.46,13.47,13.48,3900,13700,500,500,7800,15500,9500,5600,12000,2000,9200,54900,27800,8800,9500,8600,11800,6400,200,10000
1015.0,13.38,1615100,21473112.0,13.38,13.37,13.35,13.34,13.33,13.32,13.31,13.3,13.29,13.28,13.39,13.4,13.41,13.42,13.43,13.44,13.45,13.46,13.47,13.48,1900,13700,500,7800,15500,9500,5600,12000,2000,25600,8400,54900,27800,8800,9500,8600,11800,6400,200,10000
1016.0,13.38,1615100,21473112.0,13.38,13.37,13.35,13.34,13.33,13.32,13.31,13.3,13.29,13.28,13.39,13.4,13.41,13.42,13.43,13.44,13.45,13.46,13.47,13.48,2600,13700,500,7800,15500,9500,5600,12000,2000,25600,8400,54900,27800,8800,9500,8600,11800,6400,200,10000
1017.0,13.38,1615300,21475788.0,13.38,13.37,13.35,13.34,13.33,13.32,13.31,13.3,13.29,13.28,13.39,13.4,13.41,13.42,13.43,13.44,13.45,13.46,13.47,13.48,2900,13700,500,7800,15500,9500,5600,12000,2000,25600,8400,54900,27800,8800,9500,8600,11800,6400,200,10000
1018.0,13.39,1616000,21485161.0,13.38,13.37,13.35,13.34,13.33,13.32,13.31,13.3,13.29,13.28,13.39,13.4,13.41,13.42,13.43,13.44,13.45,13.46,13.47,13.48,4800,13700,500,7800,15500,9500,5600,12000,2000,25600,7700,54900,27800,8800,9500,8600,11800,6400,200,10000
1019.0,13.39,1616300,21489178.0,13.38,13.37,13.35,13.34,13.33,13.32,13.31,13.3,13.29,13.28,13.39,13.4,13.41,13.42,13.43,13.44,13.45,13.46,13.47,13.48,5600,13700,500,7800,15500,9500,5600,12000,2000,25600,7400,50900,27800,8800,9500,8600,11800,6400,200,10000
1020.0,13.39,1618800,21522653.0,13.38,13.37,13.35,13.34,13.33,13.32,13.31,13.3,13.29,13.28,13.39,13.4,13.41,13.42,13.43,13.44,13.45,13.46,13.47,13.48,7000,13700,500,7800,15500,9500,5600,12000,2000,25600,4900,50900,27800,8800,9500,8600,11800,6400,200,10000
1021.0,13.39,1621600,21560145.0,13.38,13.37,13.35,13.34,13.33,13.32,13.31,13.3,13.29,13.28,13.39,13.4,13.41,13.42,13.43,13.44,13.45,13.46,13.47,13.48,7500,13700,1500,7800,15500,9500,5600,12000,2000,25600,2100,50900,27800,8800,9500,8600,11800,6400,200,10000
1022.0,13.39,1623700,21588264.0,13.39,13.38,13.37,13.35,13.34,13.33,13.32,13.31,13.3,13.29,13.4,13.41,13.42,13.43,13.44,13.45,13.46,13.47,13.48,13.49,10600,7500,9300,1500,7800,15500,9500,5600,12000,2000,50900,27800,8800,9500,8600,11800,6400,200,10000,5300
1023.0,13.4,1646700,21896463.0,13.39,13.38,13.37,13.35,13.34,13.33,13.32,13.31,13.3,13.29,13.4,13.41,13.42,13.43,13.44,13.45,13.46,13.47,13.48,13.49,10900,7200,9300,1500,7800,15500,9500,5600,12000,2000,28000,27800,8800,9500,8600,11800,6400,200,10000,5300
1024.0,13.39,1648800,21924590.0,13.39,13.38,13.37,13.35,13.34,13.33,13.32,13.31,13.3,13.29,13.4,13.41,13.42,13.43,13.44,13.45,13.46,13.47,13.48,13.49,10000,7000,9300,1500,7800,15500,9500,5600,12300,2000,27200,28100,8800,9500,8600,11800,6400,200,10000,5300
1025.0,13.4,1653200,21983516.0,13.39,13.38,13.37,13.35,13.34,13.33,13.32,13.31,13.3,13.29,13.4,13.41,13.42,13.43,13.44,13.45,13.46,13.47,13.48,13.49,8600,7000,9300,1500,8700,15500,9500,5600,12300,2000,26200,28100,8800,9500,8600,11800,6400,200,10000,5300
1026.0,13.4,1654600,22002276.0,13.39,13.38,13.37,13.35,13.34,13.33,13.32,13.31,13.3,13.29,13.4,13.41,13.42,13.43,13.44,13.45,13.46,13.47,13.48,13.49,8600,7000,9300,1500,8700,15500,9500,5600,12300,2000,24800,28100,8800,9500,8600,11800,6400,200,10000,5300
1027.0,13.39,1656300,22025046.0,13.39,13.38,13.37,13.35,13.34,13.33,13.32,13.31,13.3,13.29,13.4,13.41,13.42,13.43,13.44,13.45,13.46,13.47,13.48,13.49,7600,7200,9300,1500,8700,15500,9500,5600,12300,2000,24200,28100,8800,9500,8600,11800,6400,200,10000,5300
1028.0,13.4,1660700,22084006.0,13.39,13.38,13.37,13.35,13.34,13.33,13.32,13.31,13.3,13.29,13.4,13.41,13.42,13.43,13.44,13.45,13.46,13.47,13.48,13.49,7800,7200,9300,1500,8700,15500,9500,5600,12300,2000,19800,28100,8800,9500,8600,11800,6400,200,10000,5300
1029.0,13.4,1662300,22105444.0,13.39,13.38,13.37,13.35,13.34,13.33,13.32,13.31,13.3,13.29,13.4,13.41,13.42,13.43,13.44,13.45,13.46,13.47,13.48,13.49,7600,7200,9300,1500,8700,15500,8500,5600,12300,2000,18400,28100,8800,9500,8600,11800,6400,200,10000,5300
1030.0,13.4,1663500,22121524.0,13.39,13.38,13.37,13.35,13.34,13.33,13.32,13.31,13.3,13.29,13.4,13.41,13.42,13.43,13.44,13.45,13.46,13.47,13.48,13.49,7600,6400,9300,1500,8700,15500,8500,5600,12300,2000,16300,28100,8800,9500,8600,11800,6400,200,10000,5300
1031.0,13.4,1663500,22121524.0,13.39,13.38,13.37,13.35,13.34,13.33,13.32,13.31,13.3,13.29,13.4,13.41,13.42,13.43,13.44,13.45,13.46,13.47,13.48,13.49,7600,6400,9300,1500,8700,15500,8500,5600,12300,2000,16300,28100,8800,9500,8600,11800,6400,200,10000,5300
1032.0,13.4,1666000,22155017.0,13.39,13.38,13.37,13.35,13.34,13.33,13.32,13.31,13.3,13.29,13.4,13.41,13.42,13.43,13.44,13.45,13.46,13.47,13.48,13.49,10100,6400,9300,1500,8700,15500,8500,5600,12300,2000,56500,28100,8800,9500,8600,11800,6400,200,10000,5300
1033.0,13.4,1669300,22199237.0,13.39,13.38,13.37,13.35,13.34,13.33,13.32,13.31,13.3,13.29,13.4,13.41,13.42,13.43,13.44,13.45,13.46,13.47,13.48,13.49,10100,6400,9300,1500,8700,15500,8500,5600,12300,2000,53200,28100,8800,9500,8600,11800,6400,200,10000,5300
1034.0,13.39,1673500,22255499.0,13.39,13.38,13.37,13.35,13.34,13.33,13.32,13.31,13.3,13.29,13.4,13.41,13.42,13.43,13.44,13.45,13.46,13.47,13.48,13.49,8300,6400,9300,1500,8700,15500,8500,5600,12300,2000,50800,28100,8800,9500,8500,11800,6400,200,10000,5300
1035.0,13.4,1690000,22476594.0,13.39,13.38,13.37,13.35,13.34,13.33,13.32,13.31,13.3,13.29,13.4,13.41,13.42,13.43,13.44,13.45,13.46,13.47,13.48,13.49,7800,6400,9300,1500,8700,15500,8500,5600,12300,2000,34800,28100,8800,9500,8500,11800,6400,200,10000,5300
1036.0,13.4,1690000,22476594.0,13.39,13.38,13.37,13.35,13.34,13.33,13.32,13.31,13.3,13.29,13.4,13.41,13.42,13.43,13.44,13.45,13.46,13.47,13.48,13.49,7800,4700,9300,1500,8700,15500,8500,5600,12300,2000,35800,28100,8800,9500,8500,11800,6400,200,10000,5300
1037.0,13.39,1692800,22514099.0,13.39,13.38,13.37,13.35,13.34,13.33,13.32,13.31,13.3,13.29,13.4,13.41,13.42,13.43,13.44,13.45,13.46,13.47,13.48,13.49,6300,5500,6500,1500,8700,15500,8500,5600,12300,2000,34500,28100,8800,9500,8500,11800,6400,200,10000,5300
1038.0,13.4,1704100,22665476.0,13.39,13.38,13.37,13.35,13.34,13.33,13.32,13.31,13.3,13.29,13.4,13.41,13.42,13.43,13.44,13.45,13.46,13.47,13.48,13.49,2000,5500,6500,1500,8700,15500,8500,5600,12300,2000,27500,28100,8800,9500,8500,11800,6400,200,10000,5300
1039.0,13.4,1704900,22676194.0,13.39,13.38,13.37,13.35,13.34,13.33,13.32,13.31,13.3,13.29,13.4,13.41,13.42,13.43,13.44,13.45,13.46,13.47,13.48,13.49,1800,5500,6500,1500,8700,15500,8500,5600,12300,2000,26900,28100,8800,9500,8500,11800,6400,200,10000,5300
1040.0,13.4,1705600,22685574.0,13.39,13.38,13.37,13.35,13.34,13.33,13.32,13.31,13.3,13.29,13.4,13.41,13.42,13.43,13.44,13.45,13.46,13.47,13.48,13.49,1800,5500,6500,1500,8700,15500,8500,5600,12300,2000,26200,28100,8800,9500,8500,11800,6400,200,10000,5300
1041.0,13.4,1714900,22810194.0,13.39,13.38,13.37,13.35,13.34,13.33,13.32,13.31,13.3,13.29,13.4,13.41,13.42,13.43,13.44,13.45,13.46,13.47,13.48,13.49,3700,5500,6500,1500,8700,15500,8500,5600,12300,2000,16900,28100,8800,9500,8500,11800,6400,200,10000,5300
1042.0,13.4,1725000,22945534.0,13.39,13.38,13.37,13.35,13.34,13.33,13.32,13.31,13.3,13.29,13.4,13.41,13.42,13.43,13.44,13.45,13.46,13.47,13.48,13.49,4700,5500,6500,1500,8700,15500,8500,5600,12300,2000,6800,25300,8800,9500,8500,11800,6400,200,10000,5300
1043.0,13.4,1731800,23036654.0,13.4,13.39,13.38,13.37,13.35,13.34,13.33,13.32,13.31,13.3,13.41,13.42,13.43,13.44,13.45,13.46,13.47,13.48,13.49,13.5,60300,4700,5500,6500,1500,8700,15500,8500,5600,12300,25300,8800,9500,8500,11800,6400,200,10000,5300,16900
1044.0,13.4,1731800,23036654.0,13.4,13.39,13.38,13.37,13.35,13.34,13.33,13.32,13.31,13.3,13.41,13.42,13.43,13.44,13.45,13.46,13.47,13.48,13.49,13.5,63700,4700,5500,6500,1500,8700,15500,8500,5600,12300,25300,8800,9500,8500,11800,6400,200,10000,5300,16900
1045.0,13.4,1737700,23115763.0,13.4,13.39,13.38,13.37,13.35,13.34,13.33,13.32,13.31,13.3,13.41,13.42,13.43,13.44,13.45,13.46,13.47,13.48,13.49,13.5,62700,4700,5500,6500,1500,8700,15500,8500,5600,12300,20400,8800,9500,8500,11800,6400,200,10000,5300,16900
1046.0,13.43,1777600,23651088.0,13.42,13.41,13.4,13.39,13.38,13.37,13.36,13.35,13.34,13.33,13.43,13.44,13.45,13.46,13.47,13.48,13.49,13.5,13.52,13.53,2700,1000,78000,4700,5500,6500,1000,1500,8700,15500,1800,8500,11800,6400,200,10000,5300,16900,3500,2300
1047.0,13.43,1777800,23653774.0,13.42,13.41,13.4,13.39,13.38,13.37,13.36,13.35,13.34,13.33,13.43,13.44,13.45,13.46,13.47,13.48,13.49,13.5,13.52,13.53,2700,1100,79400,4700,5500,6500,1000,1500,8700,15500,1600,8500,11800,6400,200,10000,5300,16900,3500,2300
1048.0,13.42,1779500,23676588.0,13.42,13.41,13.4,13.39,13.38,13.37,13.36,13.35,13.34,13.33,13.43,13.44,13.45,13.46,13.47,13.48,13.49,13.5,13.52,13.53,1000,1100,79400,4700,5500,6500,1000,1500,8700,15500,1600,8500,11800,6400,200,10000,5300,16900,3500,2300
1049.0,13.43,1789800,23814974.0,13.43,13.42,13.41,13.4,13.39,13.38,13.37,13.36,13.35,13.34,13.44,13.45,13.46,13.47,13.48,13.49,13.5,13.52,13.53,13.54,7900,2000,44600,79700,4700,5500,6500,1000,1500,8700,2800,11800,6400,200,10000,5300,16900,3500,2300,3400
1050.0,13.44,1790000,23817662.0,13.43,13.42,13.41,13.4,13.39,13.38,13.37,13.36,13.35,13.34,13.44,13.45,13.46,13.47,13.48,13.49,13.5,13.52,13.53,13.54,7900,2000,44600,89400,4700,5500,6500,1000,1500,8700,2600,11800,6400,200,10000,5300,16900,3500,2300,4200
1051.0,13.43,1790400,23823034.0,13.43,13.42,13.41,13.4,13.39,13.38,13.37,13.36,13.35,13.34,13.44,13.45,13.46,13.47,13.48,13.49,13.5,13.52,13.53,13.54,7700,1000,44600,89400,4700,5500,6500,1000,1500,8200,2600,11800,6400,200,10000,5300,16900,3500,2300,4200
1052.0,13.44,1793000,23857978.0,13.44,13.43,13.42,13.41,13.4,13.39,13.38,13.37,13.36,13.35,13.45,13.46,13.47,13.48,13.49,13.5,13.52,13.53,13.54,13.55,200,9000,1000,48700,89400,2800,5500,6500,1000,1500,11800,6400,200,10000,5300,16900,3500,2300,4200,11500
1053.0,13.44,1793100,23859322.0,13.44,13.43,13.42,13.41,13.4,13.39,13.38,13.37,13.36,13.35,13.45,13.46,13.47,13.48,13.49,13.5,13.52,13.53,13.54,13.55,100,9400,1000,48700,89700,2800,5500,6500,1000,1500,11800,6400,200,10000,5300,16900,3500,2300,4200,11500
1054.0,13.45,1794100,23872772.0,13.44,13.43,13.42,13.41,13.4,13.39,13.38,13.37,13.36,13.35,13.45,13.46,13.47,13.48,13.49,13.5,13.52,13.53,13.54,13.55,100,12200,1000,48700,68100,2800,5500,6500,1000,1500,10800,6400,200,10000,5300,16900,3500,2300,4200,11500
1055.0,13.43,1794600,23879488.0,13.43,13.42,13.41,13.4,13.39,13.38,13.37,13.36,13.35,13.34,13.45,13.46,13.47,13.48,13.49,13.5,13.52,13.53,13.54,13.55,11800,1000,49000,68100,2800,5500,6500,1000,1500,5700,10800,6400,200,10000,5300,16900,3500,2300,4200,11500
1056.0,13.43,1794600,23879488.0,13.43,13.42,13.41,13.4,13.39,13.38,13.37,13.36,13.35,13.34,13.45,13.46,13.47,13.48,13.49,13.5,13.52,13.53,13.54,13.55,11800,1000,4500,68100,2800,4500,6500,1000,1500,5700,10800,6400,200,10000,5300,16900,3500,2300,4200,11500
1057.0,13.45,1802300,23983039.0,13.44,13.43,13.42,13.41,13.4,13.39,13.38,13.37,13.36,13.35,13.45,13.46,13.47,13.48,13.49,13.5,13.52,13.53,13.54,13.55,400,4400,1000,4500,67100,2800,4500,6500,1000,1500,3800,6400,200,10000,5300,18900,3500,2300,4200,11500
1058.0,13.45,1806100,24034149.0,13.45,13.44,13.43,13.41,13.4,13.39,13.38,13.37,13.36,13.35,13.46,13.47,13.48,13.49,13.5,13.52,13.53,13.54,13.55,13.56,5300,30100,4600,4500,67100,2800,5100,6500,1000,1500,6400,200,10000,5300,18900,3500,2300,4200,11500,3300
1059.0,13.45,1806100,24034149.0,13.45,13.44,13.43,13.42,13.41,13.4,13.39,13.38,13.37,13.36,13.46,13.47,13.48,13.49,13.5,13.52,13.53,13.54,13.55,13.56,6600,31100,1800,3200,4400,65300,2800,5100,6500,1000,6400,200,10000,5300,18900,3500,2300,4200,11500,3300
1060.0,13.46,1814400,24145848.0,13.45,13.44,13.43,13.42,13.41,13.4,13.39,13.38,13.37,13.36,13.47,13.48,13.49,13.5,13.52,13.53,13.54,13.55,13.56,13.57,33100,33900,13000,4100,4400,62600,1200,5100,6500,1000,200,10000,5300,18900,3500,2300,4200,11500,3300,1400
1061.0,13.45,1818100,24195613.0,13.46,13.45,13.44,13.43,13.42,13.41,13.4,13.39,13.38,13.37,13.47,13.48,13.49,13.5,13.52,13.53,13.54,13.55,13.56,13.57,5100,29500,35600,13000,4100,4400,62600,1200,5100,6500,200,10000,5300,18900,3500,2300,4200,11500,3300,1400
1062.0,13.47,1819300,24211767.0,13.46,13.45,13.44,13.43,13.42,13.41,13.4,13.39,13.38,13.37,13.48,13.49,13.5,13.52,13.53,13.54,13.55,13.56,13.57,13.58,4100,29500,35600,12800,4100,4400,62600,1200,5100,6500,10000,5300,18900,3500,2300,4200,11500,3300,1400,7200
1063.0,13.48,1824400,24280515.0,13.46,13.45,13.44,13.43,13.42,13.41,13.4,13.39,13.38,13.37,13.47,13.48,13.49,13.5,13.52,13.53,13.54,13.55,13.56,13.57,5500,33100,35600,12800,4600,4400,27900,1200,5100,6500,4500,6300,5300,18900,3500,2300,4200,11500,3300,1400
1064.0,13.47,1827300,24319578.0,13.46,13.45,13.44,13.43,13.42,13.41,13.4,13.39,13.38,13.37,13.47,13.48,13.49,13.5,13.52,13.53,13.54,13.55,13.56,13.57,5900,33100,35200,12800,4600,4400,27900,1200,4300,6500,1600,6300,5300,19900,3500,2300,4200,11500,3300,1400
1065.0,13.47,1827600,24323619.0,13.46,13.45,13.44,13.43,13.42,13.41,13.4,13.39,13.38,13.37,13.47,13.48,13.49,13.5,13.52,13.53,13.54,13.55,13.56,13.57,6900,29700,35200,12800,4600,4400,27900,1200,3200,6500,1300,6300,5300,19900,3500,2300,4200,11500,3300,1400
1066.0,13.47,1827600,24323619.0,13.46,13.45,13.44,13.43,13.42,13.41,13.4,13.39,13.38,13.37,13.47,13.48,13.49,13.5,13.52,13.53,13.54,13.55,13.56,13.57,8200,29200,35200,8400,4600,4400,27900,1200,3200,3500,1300,6300,5300,19900,3500,2300,4200,11500,3300,1400
1067.0,13.48,1831300,24373460.0,13.46,13.45,13.44,13.43,13.42,13.41,13.4,13.39,13.38,13.37,13.48,13.49,13.5,13.52,13.53,13.54,13.55,13.56,13.57,13.58,8200,28200,35200,8400,4600,4400,27900,1200,3200,3500,6100,5300,19900,3500,2300,4200,11500,3300,1400,7200
1068.0,13.47,1839000,24477172.0,13.47,13.46,13.45,13.44,13.43,13.42,13.41,13.4,13.39,13.38,13.48,13.49,13.5,13.52,13.53,13.54,13.55,13.56,13.57,13.58,4200,6900,26800,35200,8400,4600,4400,27900,1200,3200,10500,5300,19900,3500,2300,4200,11500,3300,1400,7200
1069.0,13.47,1853600,24673758.0,13.45,13.44,13.43,13.42,13.41,13.4,13.39,13.38,13.37,13.35,13.47,13.48,13.49,13.5,13.52,13.53,13.54,13.55,13.56,13.57,24900,35200,8400,4600,4400,27900,1200,3200,3500,4100,10800,10400,9700,20200,3500,2300,4200,11500,3300,1400
1070.0,13.46,1886800,25120397.0,13.44,13.43,13.42,13.41,13.4,13.39,13.38,13.37,13.35,13.34,13.46,13.47,13.48,13.49,13.5,13.52,13.53,13.54,13.55,13.56,35200,8400,4600,4400,27900,1200,3200,3500,4100,5700,5200,17200,10400,9700,20200,3500,2300,4200,11800,3300
1071.0,13.44,1888200,25139213.0,13.44,13.43,13.42,13.41,13.4,13.39,13.38,13.37,13.35,13.34,13.46,13.47,13.48,13.49,13.5,13.52,13.53,13.54,13.55,13.56,35400,8400,4600,300,27900,1200,3200,3500,4100,5700,11300,1000,10400,9700,20200,3500,2300,4200,11800,3300
1072.0,13.46,1892400,25195731.0,13.44,13.43,13.42,13.41,13.4,13.39,13.38,13.35,13.34,13.33,13.46,13.47,13.48,13.49,13.5,13.52,13.53,13.54,13.55,13.56,31900,8400,4600,300,27900,1200,3200,4100,5700,15500,16800,1000,10400,9700,20200,3500,2300,4200,11800,3300
1073.0,13.47,1915100,25501302.0,13.44,13.43,13.42,13.41,13.4,13.39,13.38,13.35,13.34,13.33,13.46,13.48,13.49,13.5,13.52,13.53,13.54,13.55,13.56,13.57,31900,8400,3700,300,26500,1200,3200,4100,5700,6500,300,9500,14400,20200,3500,2300,4200,11800,3300,1400
1074.0,13.47,1930000,25701751.0,13.44,13.43,13.42,13.41,13.4,13.39,13.38,13.35,13.34,13.33,13.47,13.48,13.49,13.5,13.52,13.53,13.54,13.55,13.56,13.57,27500,1600,3200,300,26500,1200,3200,4100,5700,6500,4300,9500,14400,20200,3500,2300,4200,11800,3300,1400
1075.0,13.47,1932800,25739467.0,13.45,13.44,13.43,13.42,13.41,13.4,13.39,13.38,13.35,13.34,13.47,13.48,13.49,13.5,13.52,13.53,13.54,13.55,13.56,13.57,100,31700,1600,3200,300,26500,1200,3200,4100,5700,5700,10500,14400,20200,3500,2300,4200,11800,3300,1400
1076.0,13.46,1934600,25763712.0,13.46,13.45,13.44,13.43,13.42,13.41,13.4,13.39,13.38,13.35,13.47,13.48,13.49,13.5,13.52,13.53,13.54,13.55,13.56,13.57,1900,100,30700,1600,3200,300,26500,1200,3200,4100,4000,10600,14400,20200,3500,2300,4200,11800,3300,1400
1077.0,13.46,1939200,25825616.0,13.44,13.43,13.42,13.41,13.4,13.39,13.38,13.35,13.34,13.33,13.45,13.46,13.47,13.48,13.49,13.5,13.52,13.53,13.54,13.55,30700,1600,3200,300,26500,1200,3200,4100,5700,6500,13200,2400,6200,10500,14400,22200,3500,2300,4200,11800
1078.0,13.45,1945000,25903626.0,13.44,13.43,13.42,13.41,13.4,13.39,13.38,13.35,13.34,13.33,13.45,13.46,13.47,13.48,13.49,13.5,13.52,13.53,13.54,13.55,30700,1600,3200,300,11700,1200,3200,6700,5700,6500,10400,2400,6200,10500,14400,19200,3500,2300,4200,11800
1079.0,13.44,1952000,25997738.0,13.44,13.43,13.42,13.41,13.4,13.39,13.38,13.35,13.34,13.33,13.45,13.46,13.47,13.48,13.49,13.5,13.52,13.53,13.54,13.55,26900,1600,3200,300,11700,1200,3200,6700,5700,6500,7200,2400,6600,10500,14400,19200,3500,2300,4200,11800
1080.0,13.47,1965100,26174006.0,13.46,13.44,13.43,13.42,13.41,13.4,13.39,13.38,13.35,13.34,13.47,13.48,13.49,13.5,13.52,13.53,13.54,13.55,13.56,13.57,100,26200,1600,3200,300,11700,1200,3200,6700,5700,5500,10500,14400,18400,3500,2300,4200,11800,3800,1400
1081.0,13.45,1966500,26192853.0,13.44,13.43,13.42,13.41,13.4,13.39,13.38,13.35,13.34,13.33,13.45,13.47,13.48,13.49,13.5,13.52,13.53,13.54,13.55,13.56,26200,600,3200,300,11700,1200,3200,6700,5700,6500,700,5600,17200,14400,18400,3500,2300,4200,11800,3800
1082.0,13.47,1971300,26257417.0,13.46,13.45,13.44,13.43,13.42,13.41,13.4,13.39,13.38,13.35,13.47,13.48,13.49,13.5,13.52,13.53,13.54,13.55,13.56,13.57,700,100,23600,600,3200,300,11700,1200,3200,6700,5100,16000,14400,18400,3500,2300,4200,11800,3800,1400
1083.0,13.47,1971300,26257417.0,13.46,13.45,13.44,13.43,13.42,13.41,13.4,13.39,13.38,13.35,13.47,13.48,13.49,13.5,13.52,13.53,13.54,13.55,13.56,13.57,700,27800,23600,600,3200,300,11700,1200,3200,6700,14900,16000,14400,18400,3500,2300,4200,11800,3800,1400
1084.0,13.45,2007800,26748429.0,13.45,13.44,13.43,13.42,13.41,13.4,13.39,13.38,13.35,13.34,13.46,13.47,13.48,13.49,13.5,13.52,13.53,13.54,13.55,13.56,1700,22100,600,3200,300,11700,1200,3200,6700,5700,17300,18100,16000,14400,18400,3500,2300,4200,11800,3800
1085.0,13.45,2010500,26784744.0,13.44,13.43,13.42,13.41,13.4,13.39,13.38,13.35,13.34,13.33,13.45,13.46,13.47,13.48,13.49,13.5,13.52,13.53,13.54,13.55,22100,600,3200,300,11700,1200,2600,6700,5700,6500,4900,17300,21500,18100,14400,18400,3500,2300,4200,11800
1086.0,13.44,2037400,27146276.0,13.43,13.42,13.41,13.4,13.39,13.38,13.35,13.34,13.33,13.32,13.44,13.45,13.46,13.47,13.48,13.49,13.5,13.52,13.53,13.54,200,3200,300,11700,1200,2600,6700,5700,6500,8200,4100,5100,17300,21500,18100,14400,18400,3500,2300,4200
1087.0,13.45,2043000,27221555.0,13.43,13.42,13.41,13.4,13.39,13.38,13.35,13.34,13.33,13.32,13.45,13.46,13.47,13.48,13.49,13.5,13.52,13.53,13.54,13.55,200,3200,300,11700,1200,2600,6700,5700,6500,8200,3600,17300,22600,18100,14400,18400,3500,2300,4200,11800
1088.0,13.45,2046000,27261905.0,13.43,13.42,13.41,13.4,13.39,13.38,13.35,13.34,13.33,13.32,13.45,13.46,13.47,13.48,13.49,13.5,13.52,13.53,13.54,13.55,200,3200,300,11700,1200,2600,6700,5700,6500,8200,1800,17300,28100,18100,14400,18000,3500,2300,4200,11800
1089.0,13.45,2060200,27452994.0,13.43,13.42,13.41,13.4,13.39,13.38,13.35,13.34,13.33,13.32,13.45,13.46,13.47,13.48,13.49,13.5,13.52,13.53,13.54,13.55,2500,3200,300,11700,1200,2600,6700,5700,6500,8200,10500,6200,20500,12600,14400,18000,3500,2300,4200,11900
1090.0,13.46,2073600,27633248.0,13.43,13.42,13.41,13.4,13.39,13.38,13.35,13.34,13.33,13.32,13.45,13.46,13.47,13.48,13.49,13.5,13.52,13.53,13.54,13.55,2500,3200,300,11700,1200,2600,6700,5700,6500,8200,2300,4100,20500,12600,14400,18000,3500,2300,4200,11900
1091.0,13.44,2075800,27662810.0,13.43,13.42,13.41,13.4,13.39,13.38,13.35,13.34,13.33,13.32,13.44,13.45,13.46,13.47,13.48,13.49,13.5,13.52,13.53,13.54,4300,3200,300,11700,1200,2600,6700,5700,6500,8200,6600,4700,4100,23000,11300,14400,18100,3500,2300,4200
1092.0,13.44,2076400,27670870.0,13.43,13.42,13.41,13.4,13.39,13.38,13.35,13.34,13.33,13.32,13.44,13.45,13.46,13.47,13.48,13.49,13.5,13.52,13.53,13.54,3900,3200,300,11700,1200,2600,6700,5700,6500,8200,6400,4900,4100,23000,11300,14400,17800,3500,2600,4200
1093.0,13.44,2080800,27730006.0,13.43,13.42,13.41,13.4,13.39,13.38,13.35,13.34,13.33,13.32,13.44,13.45,13.46,13.47,13.48,13.49,13.5,13.52,13.53,13.54,4000,3200,300,11700,1200,2600,6700,5700,6500,8200,2000,5900,4100,23000,11300,14400,17800,3500,2600,4200
1094.0,13.45,2085500,27793184.0,13.44,13.43,13.42,13.41,13.4,13.39,13.38,13.35,13.34,13.33,13.45,13.46,13.47,13.48,13.49,13.5,13.52,13.53,13.54,13.55,300,3200,3200,300,11700,1200,2600,6700,5700,6500,4100,4100,23400,11300,14600,17800,3600,2600,4200,11900
1095.0,13.43,2087200,27816018.0,13.43,13.41,13.4,13.39,13.38,13.35,13.34,13.33,13.32,13.31,13.45,13.46,13.47,13.48,13.49,13.5,13.52,13.53,13.54,13.55,1800,2300,11700,1200,2600,6700,5700,6500,8200,4000,4100,4100,23400,11300,14600,17800,3600,2600,4200,11900
1096.0,13.45,2110900,28134781.0,13.45,13.44,13.43,13.41,13.4,13.39,13.38,13.35,13.34,13.33,13.46,13.47,13.48,13.49,13.5,13.52,13.53,13.54,13.55,13.56,6400,1200,1700,2300,11700,1200,2600,6700,5700,6500,4100,23400,11300,14600,17800,3600,2600,4200,12000,3800
1097.0,13.45,2110900,28134781.0,13.45,13.44,13.43,13.41,13.4,13.39,13.38,13.36,13.35,13.34,13.46,13.47,13.48,13.49,13.5,13.52,13.53,13.54,13.55,13.56,6400,5100,1700,2300,11700,1200,2300,300,6700,5700,4100,23400,11300,14600,17800,3600,2600,4200,12000,3800
1098.0,13.45,2111500,28142851.0,13.45,13.44,13.43,13.41,13.4,13.39,13.38,13.36,13.35,13.34,13.46,13.47,13.48,13.49,13.5,13.52,13.53,13.54,13.55,13.56,5800,7100,1700,2300,11700,1200,2300,300,6700,5700,4100,23400,11300,14600,17800,3600,2600,4200,12000,3800
1099.0,13.45,2116200,28206066.0,13.45,13.44,13.43,13.41,13.4,13.39,13.38,13.36,13.35,13.34,13.46,13.47,13.48,13.49,13.5,13.52,13.53,13.54,13.55,13.56,1100,9600,1700,2300,11700,1200,2300,300,6700,5700,4100,23700,11300,14600,17800,3600,2600,4200,12000,3800
1100.0,13.45,2141100,28540244.0,13.4,13.39,13.38,13.36,13.35,13.34,13.33,13.32,13.31,13.3,13.45,13.46,13.47,13.48,13.49,13.5,13.52,13.53,13.54,13.55,1600,1200,2300,300,12900,5700,6500,8200,4000,13800,4600,8100,23700,11300,14900,17800,3600,2600,4200,12000
1101.0,13.45,2141100,28540244.0,13.4,13.39,13.38,13.36,13.35,13.34,13.33,13.32,13.31,13.3,13.44,13.45,13.46,13.47,13.48,13.49,13.5,13.52,13.53,13.54,7600,1200,4200,300,12900,5700,6500,8200,4000,13800,3000,10400,9400,23700,11300,14900,17800,3600,2600,4200
1102.0,13.44,2144800,28589944.0,13.4,13.39,13.38,13.36,13.35,13.34,13.33,13.32,13.31,13.3,13.44,13.45,13.46,13.47,13.48,13.49,13.5,13.52,13.53,13.54,13100,1200,4200,300,12900,5700,6500,8200,4000,13800,6000,11400,9400,23700,11300,14900,17800,3600,2600,4200
1103.0,13.44,2144800,28589944.0,13.4,13.39,13.38,13.36,13.35,13.34,13.33,13.32,13.31,13.3,13.44,13.45,13.46,13.47,13.48,13.49,13.5,13.52,13.53,13.54,18600,1200,4200,300,12900,5700,6500,8200,4000,13800,11500,11400,10300,23700,11300,14900,17800,3600,2600,4200
1104.0,13.44,2147600,28627576.0,13.4,13.39,13.38,13.36,13.35,13.34,13.33,13.32,13.31,13.3,13.44,13.45,13.46,13.47,13.48,13.49,13.5,13.52,13.53,13.54,21000,1200,4200,300,12900,5700,6500,8200,4000,13800,11100,12700,6500,23700,11300,14900,17800,3700,2600,4200
1105.0,13.44,2166300,28878792.0,13.4,13.39,13.38,13.36,13.35,13.34,13.33,13.32,13.31,13.3,13.44,13.45,13.46,13.47,13.48,13.49,13.5,13.52,13.53,13.54,21700,1200,4200,300,12900,5700,6500,8200,4000,13800,4200,12700,6500,23700,11300,14900,17800,3700,2600,4200
1106.0,13.44,2168300,28905672.0,13.4,13.39,13.38,13.36,13.35,13.34,13.33,13.32,13.31,13.3,13.44,13.45,13.46,13.47,13.48,13.49,13.5,13.52,13.53,13.54,27200,1200,4200,300,12900,5700,6500,8200,4000,13800,2200,12700,7500,23700,11300,14900,17800,3700,2600,4400
1107.0,13.44,2168300,28905672.0,13.4,13.39,13.38,13.36,13.35,13.34,13.33,13.32,13.31,13.3,13.44,13.45,13.46,13.47,13.48,13.49,13.5,13.52,13.53,13.54,33200,1200,4200,300,12900,5700,6500,8200,4000,13800,8800,12700,7500,23700,11300,14900,17800,3700,2600,4400
1108.0,13.44,2174200,28984968.0,13.4,13.39,13.38,13.36,13.35,13.34,13.33,13.32,13.31,13.3,13.44,13.45,13.46,13.47,13.48,13.49,13.5,13.52,13.53,13.54,38700,1200,4200,300,12900,5700,6500,8200,4000,13800,8400,12700,12200,23700,11300,14900,17800,3700,2600,4400
1109.0,13.44,2178600,29044076.0,13.4,13.39,13.38,13.36,13.35,13.34,13.33,13.32,13.31,13.3,13.44,13.45,13.46,13.47,13.48,13.49,13.5,13.52,13.53,13.54,40500,1200,4200,300,12900,5700,6500,8200,4000,13800,7200,12700,12200,23700,13300,14900,17800,3700,2600,4400
1110.0,13.44,2180400,29068268.0,13.42,13.4,13.39,13.38,13.36,13.35,13.34,13.33,13.32,13.31,13.44,13.45,13.46,13.47,13.48,13.49,13.5,13.52,13.53,13.54,200,49500,1200,4200,300,12900,5700,6500,8200,4000,14400,12700,12200,24200,26400,14900,17800,3700,2600,4400
1111.0,13.44,2180800,29073644.0,13.42,13.4,13.39,13.38,13.36,13.35,13.34,13.33,13.32,13.31,13.44,13.45,13.46,13.47,13.48,13.49,13.5,13.52,13.53,13.54,200,50400,1200,4200,300,12900,5700,6500,8200,4000,20000,21000,12400,24200,26400,14900,17800,3700,2600,4400
1112.0,13.44,2181500,29083052.0,13.42,13.4,13.39,13.38,13.36,13.35,13.34,13.33,13.32,13.31,13.44,13.45,13.46,13.47,13.48,13.49,13.5,13.52,13.53,13.54,200,50400,1200,4200,300,12900,5700,6500,8200,4000,24200,21000,14400,24200,26400,14900,17800,3700,2600,4400
1113.0,13.44,2185700,29139500.0,13.42,13.4,13.39,13.38,13.36,13.35,13.34,13.33,13.32,13.31,13.44,13.45,13.46,13.47,13.48,13.49,13.5,13.52,13.53,13.54,200,50400,1200,4200,300,12900,5700,6500,8200,4000,20000,21000,14400,24200,26400,14900,17800,3700,2600,4400
1114.0,13.44,2192700,29233580.0,13.42,13.4,13.39,13.38,13.36,13.35,13.34,13.33,13.32,13.31,13.44,13.45,13.46,13.47,13.48,13.49,13.5,13.52,13.53,13.54,200,50400,1200,4200,300,12900,5700,6500,7200,4000,13000,25900,15400,24200,27000,14900,17800,3700,2600,4400
1115.0,13.43,2195800,29275213.0,13.42,13.4,13.39,13.38,13.36,13.35,13.34,13.33,13.32,13.31,13.43,13.44,13.45,13.46,13.47,13.48,13.49,13.5,13.52,13.53,200,50400,1200,4200,300,12900,5700,6500,7200,4000,1600,13800,27900,15400,20800,27000,14900,17800,3700,2600
1116.0,13.43,2196800,29288643.0,13.42,13.4,13.39,13.38,13.36,13.35,13.34,13.33,13.32,13.31,13.43,13.44,13.45,13.46,13.47,13.48,13.49,13.5,13.52,13.53,200,50400,1200,4200,300,12900,5700,6500,7200,4000,600,17200,28900,17000,20800,27000,14900,18000,3700,2600
1117.0,13.43,2197000,29291329.0,13.42,13.4,13.39,13.38,13.36,13.35,13.34,13.33,13.32,13.31,13.43,13.44,13.45,13.46,13.47,13.48,13.49,13.5,13.52,13.53,200,50400,1200,4200,300,12900,5700,6500,7200,4000,400,17500,31100,18700,20800,26500,14900,18000,3700,2600
1118.0,13.43,2197000,29291329.0,13.42,13.4,13.39,13.38,13.36,13.35,13.34,13.33,13.32,13.31,13.43,13.44,13.45,13.46,13.47,13.48,13.49,13.5,13.52,13.53,200,50400,1200,4200,300,12900,5700,6500,7200,4000,400,17500,31100,18700,20800,26500,14900,18000,3700,2600
1119.0,13.44,2199100,29319549.0,13.42,13.4,13.39,13.38,13.36,13.35,13.34,13.33,13.32,13.31,13.44,13.45,13.46,13.47,13.48,13.49,13.5,13.52,13.53,13.54,200,60400,1200,4200,300,12900,5700,6500,7200,4000,17100,31100,18900,20800,26500,14900,18000,4300,2600,4400
1120.0,13.42,2199300,29322233.0,13.4,13.39,13.38,13.36,13.35,13.34,13.33,13.32,13.31,13.3,13.42,13.44,13.45,13.46,13.47,13.48,13.49,13.5,13.52,13.53,60400,1200,4200,300,12900,5700,6500,7200,4000,13800,300,18200,31100,20000,20800,26500,14900,18000,4300,2600
1121.0,13.4,2200000,29331613.0,13.4,13.39,13.38,13.36,13.35,13.34,13.33,13.32,13.31,13.3,13.42,13.44,13.45,13.46,13.47,13.48,13.49,13.5,13.52,13.53,59700,1200,4200,300,12900,5700,6500,7200,4000,13800,300,18200,31100,20000,20800,26500,14900,18000,4300,2600
1122.0,13.44,2200400,29336983.0,13.4,13.39,13.38,13.36,13.35,13.34,13.33,13.32,13.31,13.3,13.44,13.45,13.46,13.47,13.48,13.49,13.5,13.52,13.53,13.54,60100,1200,4200,300,12900,5700,6500,7200,4000,13800,18100,31100,21000,20800,26500,14900,18500,4300,2600,4400
1123.0,13.44,2200400,29336983.0,13.4,13.39,13.38,13.36,13.35,13.34,13.33,13.32,13.31,13.3,13.44,13.45,13.46,13.47,13.48,13.49,13.5,13.52,13.53,13.54,65100,1200,4200,300,12900,5700,6500,7200,4000,13800,23100,39100,21000,20800,26500,14900,18500,4300,2600,4400
1124.0,13.44,2200400,29336983.0,13.4,13.39,13.38,13.36,13.35,13.34,13.33,13.32,13.31,13.3,13.44,13.45,13.46,13.47,13.48,13.49,13.5,13.52,13.53,13.54,69700,1200,4200,300,12900,5700,6500,7200,4000,13800,28200,39100,21000,16300,29400,14900,18500,4300,2600,4400
1125.0,13.44,2203900,29383995.0,13.4,13.39,13.38,13.36,13.35,13.34,13.33,13.32,13.31,13.3,13.44,13.45,13.46,13.47,13.48,13.49,13.5,13.52,13.53,13.54,73000,1200,4200,300,12900,5700,6500,7200,4000,13800,33300,39100,22700,16300,29400,14900,18500,4300,2600,4400
1126.0,13.44,2203900,29383995.0,13.42,13.41,13.4,13.39,13.38,13.36,13.35,13.34,13.33,13.32,13.44,13.45,13.46,13.47,13.48,13.49,13.5,13.52,13.53,13.54,200,6300,73000,1200,4200,300,12900,5700,6500,7200,33300,39100,22700,16300,30400,14900,18500,4300,2600,4400
1127.0,13.44,2206300,29416251.0,13.42,13.41,13.4,13.39,13.38,13.36,13.35,13.34,13.33,13.32,13.44,13.45,13.46,13.47,13.48,13.49,13.5,13.52,13.53,13.54,200,6300,73000,1200,4200,300,12900,5700,6500,7200,32100,39100,22700,16300,30400,14900,18500,4300,2600,4400
1128.0,13.44,2206300,29416251.0,13.42,13.41,13.4,13.39,13.38,13.36,13.35,13.34,13.33,13.32,13.44,13.45,13.46,13.47,13.48,13.49,13.5,13.52,13.53,13.54,200,6300,73000,1200,4200,300,12900,5700,6500,7200,32100,39100,25500,16300,30400,14900,18000,4300,2600,4400
1129.0,13.44,2206300,29416251.0,13.42,13.41,13.4,13.39,13.38,13.36,13.35,13.34,13.33,13.32,13.44,13.45,13.46,13.47,13.48,13.49,13.5,13.52,13.53,13.54,200,6300,73000,1200,4200,300,12900,5700,6500,7200,41000,39100,24600,16300,30400,14900,18000,4300,2600,4400
1130.0,13.44,2207300,29429691.0,13.42,13.41,13.4,13.39,13.38,13.36,13.35,13.34,13.33,13.32,13.44,13.45,13.46,13.47,13.48,13.49,13.5,13.52,13.53,13.54,400,7400,73000,1200,4200,300,12900,5700,6500,7200,40000,40100,24600,16300,30400,14900,18000,4300,2600,4400
1131.0,13.44,2207300,29429691.0,13.42,13.41,13.4,13.39,13.38,13.36,13.35,13.34,13.33,13.32,13.44,13.45,13.46,13.47,13.48,13.49,13.5,13.52,13.53,13.54,500,7400,73000,1200,4200,300,12900,5700,6500,7200,40300,40100,24800,16300,30400,14900,18000,4300,2600,4400
1132.0,13.42,2210500,29472693.0,13.42,13.41,13.4,13.39,13.38,13.36,13.35,13.34,13.33,13.32,13.44,13.45,13.46,13.47,13.48,13.49,13.5,13.52,13.53,13.54,200,8100,73000,1200,4200,300,13100,5700,6500,7200,46300,40100,24800,16300,30400,14900,18000,4300,2600,4400
1133.0,13.42,2210700,29475377.0,13.41,13.4,13.39,13.38,13.36,13.35,13.34,13.33,13.32,13.31,13.42,13.44,13.45,13.46,13.47,13.48,13.49,13.5,13.52,13.53,8100,73000,1200,4200,300,13100,5700,6500,7200,4000,1800,46300,40800,24800,16300,29900,14900,16000,4300,2600
1134.0,13.41,2212100,29494151.0,13.41,13.4,13.39,13.38,13.36,13.35,13.34,13.33,13.32,13.31,13.42,13.44,13.45,13.46,13.47,13.48,13.49,13.5,13.52,13.53,6700,73000,1200,4200,300,13100,5700,6500,7200,4000,1800,46700,40800,24800,16300,29900,14900,16000,4300,2600
1135.0,13.42,2214700,29529043.0,13.41,13.4,13.39,13.38,13.36,13.35,13.34,13.33,13.32,13.31,13.42,13.43,13.44,13.45,13.46,13.47,13.48,13.49,13.5,13.52,6700,73000,1200,5100,300,13100,5700,6500,7200,4000,2100,500,47600,40800,24800,16300,29900,14900,16000,4300
1136.0,13.41,2220800,29610844.0,13.41,13.4,13.39,13.38,13.36,13.35,13.34,13.33,13.32,13.31,13.42,13.43,13.44,13.45,13.46,13.47,13.48,13.49,13.5,13.52,600,73000,1200,5100,300,13100,5700,6500,6200,4000,2300,500,47600,40800,24800,16300,29900,14900,16000,4300
1137.0,13.41,2220800,29610844.0,13.41,13.4,13.39,13.38,13.36,13.35,13.34,13.33,13.32,13.31,13.42,13.43,13.44,13.45,13.46,13.47,13.48,13.49,13.5,13.52,600,73000,1200,5100,300,13100,5700,6500,6200,4000,5200,500,52000,40800,24800,16300,29900,14900,16000,4300
1138.0,13.42,2224800,29664524.0,13.41,13.4,13.39,13.38,13.37,13.36,13.35,13.34,13.33,13.32,13.42,13.43,13.44,13.45,13.46,13.47,13.48,13.49,13.5,13.52,600,73000,1200,5100,4800,300,13100,5700,6500,6200,1400,2000,53000,42200,24800,16300,29900,14900,18800,4300
1139.0,13.41,2224900,29665865.0,13.41,13.4,13.39,13.38,13.37,13.36,13.35,13.34,13.33,13.32,13.42,13.43,13.44,13.45,13.46,13.47,13.48,13.49,13.5,13.52,500,74400,1200,5100,4800,300,13100,5700,6500,6200,1400,2000,45000,42200,24800,16300,29900,14900,18800,4300
1140.0,13.42,2225000,29667207.0,13.41,13.4,13.39,13.38,13.37,13.36,13.35,13.34,13.33,13.32,13.42,13.43,13.44,13.45,13.46,13.47,13.48,13.49,13.5,13.52,500,74400,1200,5100,4800,300,13100,5700,6500,6200,2300,2000,44600,42200,24800,16300,29900,14900,18800,4300
1141.0,13.42,2225000,29667207.0,13.41,13.4,13.39,13.38,13.37,13.36,13.35,13.34,13.33,13.32,13.42,13.43,13.44,13.45,13.46,13.47,13.48,13.49,13.5,13.52,500,74400,1200,5100,4800,300,13100,5700,6500,6200,3400,2000,44600,42200,24800,16300,29900,14900,18800,4300
1142.0,13.42,2225500,29673917.0,13.41,13.4,13.39,13.38,13.37,13.36,13.35,13.34,13.33,13.32,13.42,13.43,13.44,13.45,13.46,13.47,13.48,13.49,13.5,13.52,500,74400,1700,5100,4800,300,14100,5700,6500,6200,5700,2000,44600,42200,24800,16300,29900,14900,18800,4300
1143.0,13.42,2225500,29673917.0,13.41,13.4,13.39,13.38,13.37,13.36,13.35,13.34,13.33,13.32,13.42,13.43,13.44,13.45,13.46,13.47,13.48,13.49,13.5,13.52,500,74400,1700,5100,4800,300,14100,5700,6500,6200,5700,3000,44600,42200,24800,16300,30500,15600,18800,4300
1144.0,13.42,2225600,29675259.0,13.41,13.4,13.39,13.38,13.37,13.36,13.35,13.34,13.33,13.32,13.42,13.43,13.44,13.45,13.46,13.47,13.48,13.49,13.5,13.52,500,74400,1700,5100,4800,300,14100,5700,6500,6200,10300,3000,44600,42200,21800,16300,33000,15600,18800,4300
1145.0,13.42,2227200,29696726.0,13.4,13.39,13.38,13.37,13.36,13.35,13.34,13.33,13.32,13.31,13.42,13.43,13.44,13.45,13.46,13.47,13.48,13.49,13.5,13.52,74400,1700,5100,4800,300,14100,5700,6500,6200,4000,9200,3000,44600,42200,23800,16300,33000,15600,18800,4300
1146.0,13.42,2228900,29719526.0,13.4,13.39,13.38,13.37,13.36,13.35,13.34,13.33,13.32,13.31,13.42,13.43,13.44,13.45,13.46,13.47,13.48,13.49,13.5,13.52,73700,1700,5100,4800,300,14100,5700,6500,6200,4000,8200,3000,44600,42200,23800,16300,33000,15600,18800,4300
1147.0,13.42,2228900,29719526.0,13.4,13.39,13.38,13.37,13.36,13.35,13.34,13.33,13.32,13.31,13.41,13.42,13.43,13.44,13.45,13.46,13.47,13.48,13.49,13.5,73700,1700,5100,4800,300,14100,5700,6500,6200,4000,4000,7900,3000,44600,42000,23800,16300,33000,15600,18800
1148.0,13.41,2229100,29722208.0,13.4,13.39,13.38,13.37,13.36,13.35,13.34,13.33,13.32,13.31,13.41,13.42,13.43,13.44,13.45,13.46,13.47,13.48,13.49,13.5,73700,1700,5100,4800,300,14100,5700,6500,6200,4000,4200,7800,3000,44600,42000,23800,16300,33000,15600,18800
1149.0,13.41,2231000,29747673.0,13.4,13.39,13.38,13.37,13.36,13.35,13.34,13.33,13.32,13.31,13.41,13.42,13.43,13.44,13.45,13.46,13.47,13.48,13.49,13.5,72300,1700,5100,4800,300,14100,5700,6500,6200,4000,3700,7800,3000,40200,42000,21000,16600,33000,15600,18800
1150.0,13.41,2232800,29771811.0,13.4,13.39,13.38,13.37,13.36,13.35,13.34,13.33,13.32,13.31,13.41,13.42,13.43,13.44,13.45,13.46,13.47,13.48,13.49,13.5,72300,1700,5100,4800,300,14100,5700,6500,6200,4000,1900,7800,3000,40200,42400,21000,16600,33000,15600,18800
1151.0,13.4,2234200,29790571.0,13.4,13.39,13.38,13.37,13.36,13.35,13.34,13.33,13.32,13.31,13.41,13.42,13.43,13.44,13.45,13.46,13.47,13.48,13.49,13.5,70900,1700,5100,4800,300,14100,5700,6500,6200,4000,1900,7800,6000,40200,42400,21000,16600,33000,15600,18800
1152.0,13.41,2234300,29791912.0,13.4,13.39,13.38,13.37,13.36,13.35,13.34,13.33,13.32,13.31,13.41,13.42,13.43,13.44,13.45,13.46,13.47,13.48,13.49,13.5,70900,1700,5100,4800,300,14100,5700,6500,6200,4000,1800,7800,6000,40200,42400,21000,16600,33000,15600,18800
1153.0,13.41,2235100,29802633.0,13.4,13.39,13.38,13.37,13.36,13.35,13.34,13.33,13.32,13.31,13.41,13.42,13.43,13.44,13.45,13.46,13.47,13.48,13.49,13.5,70200,1700,5100,4800,300,14100,5700,6500,6200,4000,4800,4000,6000,40200,46400,21000,16600,33000,15600,18800
1154.0,13.4,2235400,29806653.0,13.4,13.39,13.38,13.37,13.36,13.35,13.34,13.33,13.32,13.31,13.41,13.42,13.43,13.44,13.45,13.46,13.47,13.48,13.49,13.5,70700,1700,5100,4800,300,14100,5700,6500,6200,4000,4800,4000,6000,40200,46400,21000,16600,33000,15600,18800
1155.0,13.4,2235400,29806653.0,13.4,13.39,13.38,13.37,13.36,13.35,13.34,13.33,13.32,13.31,13.41,13.42,13.43,13.44,13.45,13.46,13.47,13.48,13.49,13.5,70700,1700,5100,4800,300,14100,5700,6500,6200,4000,5200,6500,6000,40200,46400,21000,16600,33000,15600,18800
1156.0,13.4,2245300,29939441.0,13.4,13.39,13.38,13.37,13.36,13.35,13.34,13.33,13.32,13.31,13.42,13.43,13.44,13.45,13.46,13.47,13.48,13.49,13.5,13.52,69900,1700,5100,4800,300,14600,5700,6500,6200,4000,2800,6000,40200,46400,21000,16600,33000,15600,18800,4300
1157.0,13.42,2248800,29986397.0,13.42,13.4,13.39,13.38,13.37,13.36,13.35,13.34,13.33,13.32,13.43,13.44,13.45,13.46,13.47,13.48,13.49,13.5,13.52,13.53,3700,69200,1700,5100,4800,300,14600,5700,6500,6200,6000,40200,46400,21000,16600,33000,15600,18800,4300,3600
1158.0,13.42,2248800,29986397.0,13.42,13.4,13.39,13.38,13.37,13.36,13.35,13.34,13.33,13.32,13.43,13.44,13.45,13.46,13.47,13.48,13.49,13.5,13.52,13.53,5000,69200,1700,5100,4800,300,14600,5700,6500,6200,6000,42500,46400,21000,16600,33000,15600,18800,4300,3600
1159.0,13.42,2254400,30061545.0,13.42,13.41,13.4,13.39,13.38,13.37,13.36,13.35,13.34,13.33,13.43,13.44,13.45,13.46,13.47,13.48,13.49,13.5,13.52,13.53,2700,2100,69200,1700,5100,4800,300,14600,5700,6500,6000,42500,46400,21000,16600,33000,15600,18800,4300,3600
1160.0,13.41,2259200,30125940.0,13.4,13.39,13.38,13.37,13.36,13.35,13.34,13.33,13.32,13.31,13.41,13.42,13.43,13.44,13.45,13.46,13.47,13.48,13.49,13.5,72200,1700,5100,4800,300,14600,5700,6500,6200,4000,1000,100,6000,41600,46400,21000,16600,33000,15600,18800
1161.0,13.41,2259200,30125940.0,13.4,13.39,13.38,13.37,13.36,13.35,13.34,13.33,13.32,13.31,13.41,13.42,13.43,13.44,13.45,13.46,13.47,13.48,13.49,13.5,72200,1700,5100,4800,300,14600,5700,6500,6200,4000,1000,100,6000,41600,45400,21000,16600,33000,15600,18800
1162.0,13.41,2262300,30167490.0,13.41,13.4,13.39,13.38,13.37,13.36,13.35,13.34,13.33,13.32,13.42,13.43,13.44,13.45,13.46,13.47,13.48,13.49,13.5,13.52,6000,70100,1700,5100,4800,300,14600,5700,6500,6200,100,6000,41600,45400,21000,16600,33000,15600,18800,4300
1163.0,13.4,2338300,31185976.0,13.4,13.39,13.38,13.37,13.36,13.35,13.34,13.33,13.32,13.31,13.41,13.42,13.43,13.44,13.45,13.46,13.47,13.48,13.49,13.5,1700,1700,5100,4800,300,14600,5700,6500,6200,4000,100,4100,6000,41600,45400,21000,16600,33000,15600,18800
1164.0,13.41,2338500,31188657.0,13.41,13.4,13.39,13.38,13.37,13.36,13.35,13.34,13.33,13.32,13.42,13.43,13.44,13.45,13.46,13.47,13.48,13.49,13.5,13.52,200,1600,1700,5100,4800,300,14600,5700,6500,6200,5400,6000,41600,45400,21000,16600,33000,15600,18800,4300
1165.0,13.41,2338700,31191339.0,13.4,13.39,13.38,13.37,13.36,13.35,13.34,13.33,13.32,13.31,13.41,13.42,13.43,13.44,13.45,13.46,13.47,13.48,13.49,13.5,1600,1700,5100,4800,300,14600,5700,6500,6200,4000,2800,7300,6000,41600,45400,21000,16200,33000,15600,18900
1166.0,13.41,2339900,31207431.0,13.4,13.39,13.38,13.37,13.36,13.35,13.34,13.33,13.32,13.31,13.41,13.42,13.43,13.44,13.45,13.46,13.47,13.48,13.49,13.5,1600,1700,5100,4800,300,14600,5700,6500,6200,4000,1600,17300,6900,41600,45400,21000,16200,33000,15600,18900
1167.0,13.41,2339900,31207431.0,13.4,13.39,13.38,13.37,13.36,13.35,13.34,13.33,13.32,13.31,13.41,13.42,13.43,13.44,13.45,13.46,13.47,13.48,13.49,13.5,1600,1700,5100,4800,300,15800,5700,6500,6200,4000,1600,17300,6900,40200,45400,21000,16200,33000,15600,18900
1168.0,13.4,2340500,31215471.0,13.4,13.39,13.38,13.37,13.36,13.35,13.34,13.33,13.32,13.31,13.41,13.42,13.43,13.44,13.45,13.46,13.47,13.48,13.49,13.5,1000,1700,5100,4800,300,15800,5700,6500,6200,4000,1600,17300,7600,40200,45400,21000,18200,33000,15600,18900
1169.0,13.41,2340800,31219494.0,13.4,13.39,13.38,13.37,13.36,13.35,13.34,13.33,13.32,13.31,13.41,13.42,13.43,13.44,13.45,13.46,13.47,13.48,13.49,13.5,1000,1700,5100,4800,300,15800,5700,6500,6200,4000,1900,16700,7600,40200,45400,21000,18200,33000,15600,18900
1170.0,13.41,2340800,31219494.0,13.4,13.39,13.38,13.37,13.36,13.35,13.34,13.33,13.32,13.31,13.41,13.42,13.43,13.44,13.45,13.46,13.47,13.48,13.49,13.5,1000,1700,5100,4800,300,15800,5700,6500,6200,4000,1900,16700,7600,40200,45400,21000,18200,33000,15600,18900
1171.0,13.4,2341000,31222174.0,13.4,13.39,13.38,13.37,13.36,13.35,13.34,13.33,13.32,13.31,13.41,13.42,13.43,13.44,13.45,13.46,13.47,13.48,13.49,13.5,1000,1700,5100,4800,300,15800,5700,6500,6200,4000,1900,17300,7600,40200,45400,21000,18200,33000,15600,18900
1172.0,13.4,2341100,31223514.0,13.4,13.39,13.38,13.37,13.36,13.35,13.34,13.33,13.32,13.31,13.41,13.42,13.43,13.44,13.45,13.46,13.47,13.48,13.49,13.5,5900,1700,5100,4800,300,15800,5700,6500,6200,4000,1900,17300,6700,40200,45400,21000,18200,33000,15600,18900
1173.0,13.4,2342700,31244954.0,13.4,13.39,13.38,13.37,13.36,13.35,13.34,13.33,13.32,13.31,13.41,13.42,13.43,13.44,13.45,13.46,13.47,13.48,13.49,13.5,4300,2000,5100,4800,300,14800,5700,6500,6200,4000,1900,16600,6700,40200,45400,20000,18200,33000,15600,18900
1174.0,13.4,2343200,31251654.0,13.4,13.39,13.38,13.37,13.36,13.35,13.34,13.33,13.32,13.31,13.41,13.42,13.43,13.44,13.45,13.46,13.47,13.48,13.49,13.5,3900,2200,5100,4800,300,14800,5700,6500,6200,4000,1900,16800,6700,40200,45400,20000,18200,33000,15600,18900
1175.0,13.4,2343200,31251654.0,13.4,13.39,13.38,13.37,13.36,13.35,13.34,13.33,13.32,13.31,13.41,13.42,13.43,13.44,13.45,13.46,13.47,13.48,13.49,13.5,3900,3200,3200,4800,300,14800,5700,6500,6200,4000,2900,16800,5700,40200,45400,20000,18200,33000,15600,18900
1176.0,13.4,2343900,31261034.0,13.4,13.39,13.38,13.37,13.36,13.35,13.34,13.33,13.32,13.31,13.41,13.42,13.43,13.44,13.45,13.46,13.47,13.48,13.49,13.5,3200,2700,3200,4800,300,14800,5700,6500,6200,4000,2900,16800,5700,40200,45400,20000,18200,33000,15600,18900
1177.0,13.4,2345300,31279794.0,13.4,13.39,13.38,13.37,13.36,13.35,13.34,13.33,13.32,13.31,13.41,13.42,13.43,13.44,13.45,13.46,13.47,13.48,13.49,13.5,1800,2700,3200,4800,300,14800,5700,6500,6200,4000,2900,16800,5700,39200,45400,20000,18200,33000,15600,18900
1178.0,13.39,2349800,31340071.0,13.38,13.37,13.36,13.35,13.34,13.33,13.32,13.31,13.3,13.29,13.39,13.41,13.42,13.43,13.44,13.45,13.46,13.47,13.48,13.49,3200,4800,300,14800,5700,6500,6200,4000,13300,2000,1700,2700,16800,5700,39200,45400,20000,18200,33000,15600
1179.0,13.39,2350700,31352116.0,13.38,13.37,13.36,13.35,13.34,13.33,13.32,13.31,13.3,13.29,13.39,13.41,13.42,13.43,13.44,13.45,13.46,13.47,13.48,13.49,2600,4800,300,14800,5700,6500,6200,4000,13300,2000,2500,2700,16800,5700,39200,45400,20000,18200,33000,15600
1180.0,13.38,2350800,31353454.0,13.38,13.37,13.36,13.35,13.34,13.33,13.32,13.31,13.3,13.29,13.39,13.41,13.42,13.43,13.44,13.45,13.46,13.47,13.48,13.49,2500,4800,300,14800,5700,6500,6200,4000,13100,2000,2500,2700,16800,5700,39200,45400,20000,18200,33000,15600
1181.0,13.38,2350800,31353454.0,13.38,13.37,13.36,13.35,13.34,13.33,13.32,13.31,13.3,13.29,13.39,13.41,13.42,13.43,13.44,13.45,13.46,13.47,13.48,13.49,2500,4800,500,14800,5700,6500,6200,4000,13100,2000,2500,2700,16800,5700,39200,44000,20000,18200,33000,15600
1182.0,13.38,2351000,31356130.0,13.38,13.37,13.36,13.35,13.34,13.33,13.32,13.31,13.3,13.29,13.39,13.41,13.42,13.43,13.44,13.45,13.46,13.47,13.48,13.49,2300,4800,500,14800,5700,6500,6200,4000,13100,2000,2500,2700,16800,5700,39200,44000,20000,18200,33000,15600
1183.0,13.39,2353000,31382910.0,13.38,13.37,13.36,13.35,13.34,13.33,13.32,13.31,13.3,13.29,13.39,13.41,13.42,13.43,13.44,13.45,13.46,13.47,13.48,13.49,2300,4800,500,14800,5700,6500,6200,4000,13100,2000,900,2700,16800,5700,39200,44000,20000,18200,33000,15600
1184.0,13.38,2355300,31413684.0,13.37,13.36,13.35,13.34,13.33,13.32,13.31,13.3,13.29,13.28,13.38,13.39,13.41,13.42,13.43,13.44,13.45,13.46,13.47,13.48,4800,500,14800,5700,6500,6200,4000,13100,2000,25800,700,1000,2100,16800,5700,39200,44000,18300,18200,33000
1185.0,13.38,2358500,31456487.0,13.37,13.36,13.35,13.34,13.33,13.32,13.31,13.3,13.29,13.28,13.38,13.39,13.41,13.42,13.43,13.44,13.45,13.46,13.47,13.48,3500,500,14800,5700,6500,6200,4000,13100,2000,25800,2600,1000,2100,16800,5700,39200,44000,18300,18200,33000
1186.0,13.38,2359300,31467188.0,13.37,13.36,13.35,13.34,13.33,13.32,13.31,13.3,13.29,13.28,13.38,13.39,13.4,13.41,13.42,13.43,13.44,13.45,13.46,13.47,3200,500,14800,5700,6500,6200,4000,13100,2000,25800,2100,1900,300,2100,16800,5700,39200,44000,18300,20700
1187.0,13.39,2362600,31511354.0,13.37,13.36,13.35,13.34,13.33,13.32,13.31,13.3,13.29,13.28,13.39,13.4,13.41,13.42,13.43,13.44,13.45,13.46,13.47,13.48,3200,500,14800,5700,6500,4200,4000,13100,2000,25800,700,300,2100,16800,5700,39200,44300,18300,20700,33000
1188.0,13.39,2364100,31531433.0,13.37,13.36,13.35,13.34,13.33,13.32,13.31,13.3,13.29,13.28,13.39,13.4,13.41,13.42,13.43,13.44,13.45,13.46,13.47,13.48,2900,500,14800,5700,6500,4200,4000,13100,2000,25800,200,300,2200,16800,5700,39200,44300,18300,20700,33000
1189.0,13.39,2364100,31531433.0,13.37,13.36,13.35,13.34,13.33,13.32,13.31,13.3,13.29,13.28,13.39,13.4,13.41,13.42,13.43,13.44,13.45,13.46,13.47,13.48,2900,500,14800,5700,6500,4200,4000,13100,2000,25800,200,300,2200,16800,5700,39200,44300,18300,20700,33000
1190.0,13.39,2364100,31531433.0,13.37,13.36,13.35,13.34,13.33,13.32,13.31,13.3,13.29,13.28,13.38,13.39,13.4,13.41,13.42,13.43,13.44,13.45,13.46,13.47,2900,500,18700,5700,6500,4200,4000,13100,2000,25800,8100,200,300,2200,36600,5700,39200,44300,18300,20700
1191.0,13.38,2365300,31547487.0,13.37,13.36,13.35,13.34,13.33,13.32,13.31,13.3,13.29,13.28,13.38,13.39,13.4,13.41,13.42,13.43,13.44,13.45,13.46,13.47,2700,500,18700,5700,6500,4200,4000,13100,2000,25800,7100,200,300,2200,36600,5700,39200,44300,16700,20700
1192.0,13.38,2365300,31547487.0,13.37,13.36,13.35,13.34,13.33,13.32,13.31,13.3,13.29,13.28,13.38,13.39,13.4,13.41,13.42,13.43,13.44,13.45,13.46,13.47,2700,2200,18700,8900,6500,4200,4000,13100,2000,25800,7100,200,300,2200,36600,5700,39200,44300,16700,20700
1193.0,13.37,2365500,31550161.0,13.37,13.36,13.35,13.34,13.33,13.32,13.31,13.3,13.29,13.28,13.38,13.39,13.4,13.41,13.42,13.43,13.44,13.45,13.46,13.47,2500,2200,18200,8900,6500,4200,4000,13600,2000,25800,7100,200,300,2200,36600,5700,38600,44300,16700,20700
1194.0,13.37,2366700,31566205.0,13.37,13.36,13.35,13.34,13.33,13.32,13.31,13.3,13.29,13.28,13.38,13.39,13.4,13.41,13.42,13.43,13.44,13.45,13.46,13.47,1300,2200,19200,8900,6500,4200,4000,13600,2000,25800,7300,2800,300,2200,36600,5700,38600,44300,16700,20700
1195.0,13.37,2366700,31566205.0,13.37,13.36,13.35,13.34,13.33,13.32,13.31,13.3,13.29,13.28,13.38,13.39,13.4,13.41,13.42,13.43,13.44,13.45,13.46,13.47,1300,2200,21400,8900,6500,4200,4000,13600,2000,25800,7300,2800,300,2200,36600,5700,38600,46700,16700,20700
1196.0,13.38,2367400,31575569.0,13.37,13.36,13.35,13.34,13.33,13.32,13.31,13.3,13.29,13.28,13.38,13.39,13.4,13.41,13.42,13.43,13.44,13.45,13.46,13.47,1100,2200,21400,8900,6500,4200,4000,13600,2000,25800,6800,6200,300,2200,36600,5700,38600,46700,16700,20700
1197.0,13.38,2367800,31580920.0,13.37,13.36,13.35,13.34,13.33,13.32,13.31,13.3,13.29,13.28,13.38,13.39,13.4,13.41,13.42,13.43,13.44,13.45,13.46,13.47,2100,2200,21100,8900,6500,4200,4400,13600,2000,25800,6500,6200,300,2200,36600,5700,38600,46700,16700,20700
1198.0,13.37,2369100,31598301.0,13.37,13.36,13.35,13.34,13.33,13.32,13.31,13.3,13.29,13.28,13.38,13.39,13.4,13.41,13.42,13.43,13.44,13.45,13.46,13.47,800,2200,21100,8900,6500,4200,4400,13600,2000,25800,6500,6200,300,2200,36600,5700,38600,46700,16700,20700
1199.0,13.37,2369100,31598301.0,13.37,13.36,13.35,13.34,13.33,13.32,13.31,13.3,13.29,13.28,13.38,13.39,13.4,13.41,13.42,13.43,13.44,13.45,13.46,13.47,800,2200,21100,8900,6500,4200,4400,13600,2000,25800,6500,6200,300,2200,36600,5700,38600,46700,16700,20700
1200.0,13.37,2369100,31598301.0,13.37,13.36,13.35,13.34,13.33,13.32,13.31,13.3,13.29,13.28,13.38,13.39,13.4,13.41,13.42,13.43,13.44,13.45,13.46,13.47,800,2200,21100,8900,7000,4200,4400,13600,2000,25800,6500,6200,300,2200,36600,5700,38600,46700,16700,20700
1201.0,13.38,2369800,31607667.0,13.37,13.36,13.35,13.34,13.33,13.32,13.31,13.3,13.29,13.28,13.38,13.39,13.4,13.41,13.42,13.43,13.44,13.45,13.46,13.47,800,2200,21100,8900,7000,4200,4400,13600,2000,25800,5800,6200,300,2200,36600,5700,38600,46700,16700,20700
1202.0,13.37,2370400,31615689.0,13.37,13.36,13.35,13.34,13.33,13.32,13.31,13.3,13.29,13.28,13.38,13.39,13.4,13.41,13.42,13.43,13.44,13.45,13.46,13.47,200,5700,21100,8900,7000,4200,4400,13600,2000,25800,5800,6200,300,2200,36600,5700,38600,46700,16700,20700
1203.0,13.37,2393400,31923853.0,13.38,13.36,13.35,13.34,13.33,13.32,13.31,13.3,13.29,13.28,13.39,13.42,13.43,13.44,13.45,13.46,13.47,13.48,13.49,13.5,3000,16200,21100,8900,7000,4200,4400,13600,2000,25800,300,29100,5700,38600,46700,16700,20400,34900,15600,20900
1204.0,13.38,2393900,31930543.0,13.38,13.36,13.35,13.34,13.33,13.32,13.31,13.3,13.29,13.28,13.39,13.42,13.43,13.44,13.45,13.46,13.47,13.48,13.49,13.5,2500,16200,21100,8900,7000,4200,4400,13600,2000,25800,300,29100,5700,38600,46700,16700,20400,34900,15600,20900
1205.0,13.38,2393900,31930543.0,13.38,13.36,13.35,13.34,13.33,13.32,13.31,13.3,13.29,13.28,13.39,13.42,13.43,13.44,13.45,13.46,13.47,13.48,13.49,13.5,2500,16200,21100,8900,7000,4200,4400,13600,2000,25800,300,29100,5700,38600,44300,16700,20400,34900,15600,18100
1206.0,13.38,2394100,31933219.0,13.38,13.36,13.35,13.34,13.33,13.32,13.31,13.3,13.29,13.28,13.39,13.42,13.43,13.44,13.45,13.46,13.47,13.48,13.49,13.5,4000,16200,21100,8900,7000,4200,4400,13600,2000,25800,300,28100,5700,38600,44300,16700,20400,34900,15600,18100
1207.0,13.38,2394900,31943923.0,13.38,13.37,13.36,13.35,13.34,13.33,13.32,13.31,13.3,13.29,13.39,13.42,13.43,13.44,13.45,13.46,13.47,13.48,13.49,13.5,3200,4700,16200,21100,8900,7000,4200,4400,13600,2000,300,28100,5700,38600,46300,16700,20400,34900,15600,18800
1208.0,13.39,2395500,31951954.0,13.4,13.38,13.37,13.36,13.35,13.34,13.33,13.32,13.31,13.3,13.42,13.43,13.44,13.45,13.46,13.47,13.48,13.49,13.5,13.52,1200,2900,5500,16200,21100,8900,7000,4200,4400,13600,28100,5700,38600,46300,16700,20400,34900,15600,18800,4300
1209.0,13.42,2396200,31961348.0,13.4,13.38,13.37,13.36,13.35,13.34,13.33,13.32,13.31,13.3,13.42,13.43,13.44,13.45,13.46,13.47,13.48,13.49,13.5,13.52,1200,3800,5500,16200,21100,8900,7000,4200,4400,13600,27400,5700,38600,46300,16700,20400,34900,15600,18800,4300
1210.0,13.42,2396200,31961348.0,13.4,13.38,13.37,13.36,13.35,13.34,13.33,13.32,13.31,13.3,13.42,13.43,13.44,13.45,13.46,13.47,13.48,13.49,13.5,13.52,1200,4400,6000,16200,21400,8900,7000,4200,4400,13600,27400,5700,38600,48700,16700,20400,34900,15600,18800,4300
1211.0,13.4,2396400,31964028.0,13.4,13.38,13.37,13.36,13.35,13.34,13.33,13.32,13.31,13.3,13.42,13.43,13.44,13.45,13.46,13.47,13.48,13.49,13.5,13.52,1000,5300,6000,16200,21400,8900,7000,4200,4400,13600,27400,5700,38600,48700,16700,20400,34900,15600,18800,4300
1212.0,13.42,2398300,31989526.0,13.4,13.38,13.37,13.36,13.35,13.34,13.33,13.32,13.31,13.3,13.42,13.43,13.44,13.45,13.46,13.47,13.48,13.49,13.5,13.52,1000,5600,6000,16200,21400,8900,7000,4200,4400,13600,25500,5700,38600,48700,16700,20400,34900,15600,18800,4300
1213.0,13.42,2399000,31998920.0,13.4,13.38,13.37,13.36,13.35,13.34,13.33,13.32,13.31,13.3,13.42,13.43,13.44,13.45,13.46,13.47,13.48,13.49,13.5,13.52,1000,5600,6400,16200,21400,8900,7000,4200,4400,13600,24800,5700,38600,48700,16700,20600,34900,15600,18800,4300
1214.0,13.42,2399000,31998920.0,13.4,13.38,13.37,13.36,13.35,13.34,13.33,13.32,13.31,13.3,13.42,13.43,13.44,13.45,13.46,13.47,13.48,13.49,13.5,13.52,1000,5600,6400,16200,21400,8900,7000,4200,4400,13600,24800,5700,38600,48700,16700,20600,34900,15600,18800,4300
1215.0,13.4,2399600,32006960.0,13.4,13.39,13.38,13.37,13.36,13.35,13.34,13.33,13.32,13.31,13.42,13.43,13.44,13.45,13.46,13.47,13.48,13.49,13.5,13.52,400,200,5600,6400,16200,21400,8900,7000,4200,4400,24800,5700,38600,48700,16700,20600,34900,15600,18800,4300
1216.0,13.42,2400300,32016354.0,13.4,13.39,13.38,13.37,13.36,13.35,13.34,13.33,13.32,13.31,13.42,13.43,13.44,13.45,13.46,13.47,13.48,13.49,13.5,13.52,600,600,5600,6400,16200,21400,8900,7000,4200,4400,24100,5700,38600,48700,16700,20600,34900,15600,18800,4300
1217.0,13.42,2400300,32016354.0,13.4,13.39,13.38,13.37,13.36,13.35,13.34,13.33,13.32,13.31,13.42,13.43,13.44,13.45,13.46,13.47,13.48,13.49,13.5,13.52,600,600,5700,6400,16200,21400,8900,7000,4200,4400,24100,5700,38600,48700,16700,20600,34900,15600,18800,4300
1218.0,13.42,2400300,32016354.0,13.4,13.39,13.38,13.37,13.36,13.35,13.34,13.33,13.32,13.31,13.42,13.43,13.44,13.45,13.46,13.47,13.48,13.49,13.5,13.52,600,3000,5700,6400,16200,21400,11300,7000,4200,4400,24100,5700,38600,48700,16700,20600,35900,15600,18800,4300
1219.0,13.4,2401100,32027088.0,13.41,13.4,13.39,13.38,13.37,13.36,13.35,13.34,13.33,13.32,13.42,13.43,13.44,13.45,13.46,13.47,13.48,13.49,13.5,13.52,5000,10300,3000,5700,6400,16200,21400,11300,7000,4200,23400,5700,38600,48700,16700,20600,35900,15600,18800,4300
1220.0,13.4,2408300,32123618.0,13.4,13.39,13.38,13.37,13.36,13.35,13.34,13.33,13.32,13.31,13.42,13.43,13.44,13.45,13.46,13.47,13.48,13.49,13.5,13.52,8100,3000,5700,6400,14900,21400,11300,7000,4200,4400,23400,5700,38600,48700,16700,20600,35900,15600,18800,4300
1221.0,13.4,2408300,32123618.0,13.4,13.39,13.38,13.37,13.36,13.35,13.34,13.33,13.32,13.31,13.42,13.43,13.44,13.45,13.46,13.47,13.48,13.49,13.5,13.52,8100,4400,5700,6300,14900,21400,11300,7000,4200,4400,23400,5700,38600,48700,16700,20600,35900,15600,18800,4300
1222.0,13.4,2411300,32163832.0,13.4,13.39,13.38,13.37,13.36,13.35,13.34,13.33,13.32,13.31,13.42,13.43,13.44,13.45,13.46,13.47,13.48,13.49,13.5,13.52,5800,5200,6000,6300,14900,21500,11300,7000,4200,4400,22700,5700,38600,48700,16700,20600,35900,15600,18800,4300
1223.0,13.4,2411300,32163832.0,13.4,13.39,13.38,13.37,13.36,13.35,13.34,13.33,13.32,13.31,13.42,13.43,13.44,13.45,13.46,13.47,13.48,13.49,13.5,13.52,8600,5200,6000,6300,14900,21500,11300,7000,4200,4400,22700,5700,37700,48700,16700,20600,35900,15600,18800,4300
1224.0,13.4,2411300,32163832.0,13.4,13.39,13.38,13.37,13.36,13.35,13.34,13.33,13.32,13.31,13.42,13.43,13.44,13.45,13.46,13.47,13.48,13.49,13.5,13.52,11400,5200,6400,7300,14900,21500,11300,7000,4200,4400,22700,5700,37700,48700,16700,20600,35900,15600,18800,4300
1225.0,13.42,2412000,32173226.0,13.4,13.39,13.38,13.37,13.36,13.35,13.34,13.33,13.32,13.31,13.42,13.43,13.44,13.45,13.46,13.47,13.48,13.49,13.5,13.52,11400,7200,6400,7300,14900,21500,11300,7000,4200,4400,22000,5700,37700,48700,16700,20600,35900,15600,18800,4300
1226.0,13.42,2412000,32173226.0,13.4,13.39,13.38,13.37,13.36,13.35,13.34,13.33,13.32,13.31,13.42,13.43,13.44,13.45,13.46,13.47,13.48,13.49,13.5,13.52,11400,7200,4700,7300,14900,21500,11300,7000,4200,4400,22000,5700,37700,48700,16700,20600,35900,15600,18800,4300
1227.0,13.42,2412000,32173226.0,13.4,13.39,13.38,13.37,13.36,13.35,13.34,13.33,13.32,13.31,13.42,13.43,13.44,13.45,13.46,13.47,13.48,13.49,13.5,13.52,11800,13100,4700,9300,14900,21500,11300,7000,4200,4400,22000,5700,37700,48700,16700,20600,35900,15600,18800,4300
1228.0,13.42,2412700,32182620.0,13.4,13.39,13.38,13.37,13.36,13.35,13.34,13.33,13.32,13.31,13.42,13.43,13.44,13.45,13.46,13.47,13.48,13.49,13.5,13.52,11800,13100,4700,9300,14900,21500,11300,7000,4200,4400,21300,5700,37700,48700,16700,20600,35900,15600,18800,4300
1229.0,13.42,2412700,32182620.0,13.4,13.39,13.38,13.37,13.36,13.35,13.34,13.33,13.32,13.31,13.42,13.43,13.44,13.45,13.46,13.47,13.48,13.49,13.5,13.52,13900,14400,4700,9400,14900,21500,11300,7000,4200,4400,21300,5700,37700,48700,16700,20600,35900,15600,19000,4300
1230.0,13.4,2414800,32210760.0,13.4,13.39,13.38,13.37,13.36,13.35,13.34,13.33,13.32,13.31,13.42,13.43,13.44,13.45,13.46,13.47,13.48,13.49,13.5,13.51,12100,14400,5300,9400,14900,21500,11300,7000,4200,4400,21300,5700,37700,48700,16700,20600,35900,15600,19000,1000
1231.0,13.41,2418700,32263064.0,13.41,13.4,13.39,13.38,13.37,13.36,13.35,13.34,13.33,13.32,13.42,13.43,13.44,13.45,13.46,13.47,13.48,13.49,13.5,13.51,300,11900,14400,5300,9400,14900,21500,11300,7000,4200,20600,5700,37700,48700,16700,20600,35900,15600,19000,1000
1232.0,13.41,2418700,32263064.0,13.41,13.4,13.39,13.38,13.37,13.36,13.35,13.34,13.33,13.32,13.42,13.43,13.44,13.45,13.46,13.47,13.48,13.49,13.5,13.51,300,19000,14400,5300,9400,14900,21500,11300,7000,4200,20600,5700,37700,48700,16700,20600,35900,15600,19000,1000
1233.0,13.42,2418900,32265748.0,13.41,13.4,13.39,13.38,13.37,13.36,13.35,13.34,13.33,13.32,13.42,13.43,13.44,13.45,13.46,13.47,13.48,13.49,13.5,13.51,4200,28200,14400,5300,9400,14900,21500,11300,7000,4200,20400,5700,37700,48700,16700,20600,35900,15600,19000,1000
1234.0,13.42,2418900,32265748.0,13.41,13.4,13.39,13.38,13.37,13.36,13.35,13.34,13.33,13.32,13.42,13.43,13.44,13.45,13.46,13.47,13.48,13.49,13.5,13.51,4200,29700,9800,5300,9400,14900,21500,11300,7000,4200,20400,5700,38600,48700,16700,21400,35900,15600,19000,1000
1235.0,13.42,2419600,32275142.0,13.41,13.4,13.39,13.38,13.37,13.36,13.35,13.34,13.33,13.32,13.42,13.43,13.44,13.45,13.46,13.47,13.48,13.49,13.5,13.51,4300,33100,9800,5300,9400,14900,22000,11300,7000,4200,19700,5700,38600,48700,16700,21400,35900,15600,19000,1000
1236.0,13.42,2419600,32275142.0,13.41,13.4,13.39,13.38,13.37,13.36,13.35,13.34,13.33,13.32,13.42,13.43,13.44,13.45,13.46,13.47,13.48,13.49,13.5,13.51,4300,33100,25600,5300,9400,14900,22000,11300,7000,4200,19700,5700,38600,48700,16700,21400,36900,15600,19000,1000
1237.0,13.41,2420000,32280506.0,13.41,13.4,13.39,13.38,13.37,13.36,13.35,13.34,13.33,13.32,13.42,13.43,13.44,13.45,13.46,13.47,13.48,13.49,13.5,13.51,4200,33100,26000,5300,9400,14900,22000,11300,7000,4200,19700,5700,38600,48700,16700,21400,36900,15600,19000,1000
1238.0,13.42,2420700,32289900.0,13.41,13.4,13.39,13.38,13.37,13.36,13.35,13.34,13.33,13.32,13.42,13.43,13.44,13.45,13.46,13.47,13.48,13.49,13.5,13.51,4900,33100,26000,5300,9400,14900,22100,11300,7000,4200,19000,5700,38600,48700,16700,21400,36900,15600,19000,1000
1239.0,13.41,2421900,32305992.0,13.41,13.4,13.39,13.38,13.37,13.36,13.35,13.34,13.33,13.32,13.42,13.43,13.44,13.45,13.46,13.47,13.48,13.49,13.5,13.51,3700,33100,26000,5300,9400,14900,22100,11300,7000,4200,19000,5700,38600,48700,16700,20100,36900,15600,19000,1000
1240.0,13.41,2421900,32305992.0,13.41,13.4,13.39,13.38,13.37,13.36,13.35,13.34,13.33,13.32,13.42,13.43,13.44,13.45,13.46,13.47,13.48,13.49,13.5,13.51,4200,33400,26600,4400,9400,14900,22100,11300,7000,4200,19000,5700,38600,48700,16700,20100,36900,15600,19000,1000
1241.0,13.41,2429000,32401213.0,13.41,13.4,13.39,13.38,13.37,13.36,13.35,13.34,13.33,13.32,13.42,13.43,13.44,13.45,13.46,13.47,13.48,13.49,13.5,13.51,3400,33400,26600,4400,9400,14900,22100,11300,7000,4200,18000,5700,38600,49500,16700,20100,38900,15600,19000,1000
1242.0,13.41,2429400,32406577.0,13.41,13.4,13.39,13.38,13.37,13.36,13.35,13.34,13.33,13.32,13.42,13.43,13.44,13.45,13.46,13.47,13.48,13.49,13.5,13.51,3000,33400,26600,4400,9400,14900,22100,11300,7000,4200,18000,5700,38600,49500,16700,20100,38900,15600,19000,1000
1243.0,13.41,2430400,32419987.0,13.41,13.4,13.39,13.38,13.37,13.36,13.35,13.34,13.33,13.32,13.42,13.43,13.44,13.45,13.46,13.47,13.48,13.49,13.5,13.51,2400,33400,26600,4400,9400,14900,22100,11300,7000,4200,18000,5700,38600,49500,16700,17700,38900,15600,21000,1000
1244.0,13.41,2437300,32512523.0,13.41,13.4,13.39,13.38,13.37,13.36,13.35,13.34,13.33,13.32,13.42,13.43,13.44,13.45,13.46,13.47,13.48,13.49,13.5,13.51,4700,33400,26600,4400,9400,14900,22100,11300,7000,4200,17300,5700,38600,49500,16700,17700,38900,15600,21000,1000
1245.0,13.41,2437300,32512523.0,13.41,13.4,13.39,13.38,13.37,13.36,13.35,13.34,13.33,13.32,13.42,13.43,13.44,13.45,13.46,13.47,13.48,13.49,13.5,13.51,4700,24700,26600,4400,9400,17400,22100,11300,7000,4200,17300,5700,38600,49500,16700,17700,38900,15600,21000,1000
1246.0,13.41,2437800,32519228.0,13.41,13.4,13.39,13.38,13.37,13.36,13.35,13.34,13.33,13.32,13.42,13.43,13.44,13.45,13.46,13.47,13.48,13.49,13.5,13.51,8300,24700,26600,4400,8900,17400,22100,11300,7000,4200,17300,5700,38600,49500,15700,17700,38900,15600,21000,1000
1247.0,13.41,2437800,32519228.0,13.41,13.4,13.39,13.38,13.37,13.36,13.35,13.34,13.33,13.32,13.42,13.43,13.44,13.45,13.46,13.47,13.48,13.49,13.5,13.51,8300,24700,26600,4400,8900,17400,22100,11300,7000,4200,17300,5700,38600,49500,15700,17700,38900,15600,21000,1000
1248.0,13.42,2438500,32528622.0,13.41,13.4,13.39,13.38,13.37,13.36,13.35,13.34,13.33,13.32,13.42,13.43,13.44,13.45,13.46,13.47,13.48,13.49,13.5,13.51,8300,24800,26600,4400,8900,18700,22100,11300,7000,4200,16600,5700,38600,49500,15700,17700,38900,15600,21000,1000
1249.0,13.41,2451700,32705634.0,13.41,13.4,13.39,13.38,13.37,13.36,13.35,13.34,13.33,13.32,13.42,13.43,13.44,13.45,13.46,13.47,13.48,13.49,13.5,13.51,4100,26500,26600,4400,9300,18700,22100,11300,7000,4200,16600,5700,38600,49500,15700,17700,38900,15600,21000,1000
1250.0,13.41,2451800,32706975.0,13.41,13.4,13.39,13.38,13.37,13.36,13.35,13.34,13.33,13.32,13.42,13.43,13.44,13.45,13.46,13.47,13.48,13.49,13.5,13.51,4500,26500,26600,4400,9300,18700,22100,11300,7000,4200,16600,5700,33800,49500,15700,17700,38900,15600,21000,1000
1251.0,13.41,2461400,32835802.0,13.41,13.4,13.39,13.38,13.37,13.36,13.35,13.34,13.33,13.32,13.42,13.43,13.44,13.45,13.46,13.47,13.48,13.49,13.5,13.51,4000,31800,26600,4500,7300,18700,22100,11300,7000,4200,7500,5700,33800,49500,15700,17700,38900,15600,21000,1000
1252.0,13.41,2468400,32929672.0,13.41,13.4,13.39,13.38,13.37,13.36,13.35,13.34,13.33,13.32,13.42,13.43,13.44,13.45,13.46,13.47,13.48,13.49,13.5,13.51,1000,31800,26600,6400,7300,18700,22100,11300,7000,4200,7500,5700,33800,49500,15700,17700,38900,15600,21000,1000
1253.0,13.42,2471400,32969904.0,13.4,13.39,13.38,13.37,13.36,13.35,13.34,13.33,13.32,13.31,13.41,13.42,13.43,13.44,13.45,13.46,13.47,13.48,13.49,13.5,31200,26600,6400,7300,18700,22100,11300,7000,4200,4400,800,6700,5700,33800,49500,15700,17700,38900,15600,21000
1254.0,13.41,2472200,32980632.0,13.41,13.4,13.39,13.38,13.37,13.36,13.35,13.34,13.33,13.32,13.42,13.43,13.44,13.45,13.46,13.47,13.48,13.49,13.5,13.51,1100,31200,26600,6400,7300,18700,22100,11300,7000,4200,6700,5700,41400,49500,15700,17700,38900,15600,21000,1000
1255.0,13.42,2475700,33027551.0,13.4,13.39,13.38,13.37,13.36,13.35,13.34,13.33,13.32,13.31,13.41,13.42,13.43,13.44,13.45,13.46,13.47,13.48,13.49,13.5,28700,11800,6400,7300,18700,22100,11400,7000,4200,4400,500,8700,5700,41400,49500,15700,17700,38900,15600,21000
1256.0,13.41,2476100,33032915.0,13.4,13.39,13.38,13.37,13.36,13.35,13.34,13.33,13.32,13.31,13.41,13.42,13.43,13.44,13.45,13.46,13.47,13.48,13.49,13.5,28700,11800,6400,7300,18700,22100,11400,7000,4200,4400,100,8700,5700,41400,49500,15700,17700,38900,15600,21000
1257.0,13.42,2477400,33050360.0,13.4,13.39,13.38,13.37,13.36,13.35,13.34,13.33,13.32,13.31,13.41,13.42,13.43,13.44,13.45,13.46,13.47,13.48,13.49,13.5,23700,11800,6400,7300,18700,22100,11400,7000,4200,4400,6500,7500,5700,41400,49500,15700,17700,38900,15600,21000
1258.0,13.41,2482700,33121400.0,13.4,13.39,13.38,13.37,13.36,13.35,13.34,13.33,13.32,13.31,13.41,13.42,13.43,13.44,13.45,13.46,13.47,13.48,13.49,13.5,20400,11900,6400,7300,18700,22100,11400,7000,4200,4400,4500,7400,5700,41400,49500,15700,17700,38900,15500,21000
1259.0,13.4,2493800,33270140.0,13.4,13.39,13.38,13.37,13.36,13.35,13.34,13.33,13.32,13.31,13.41,13.42,13.43,13.44,13.45,13.46,13.47,13.48,13.49,13.5,9300,11900,6400,7300,18700,22100,11400,7000,4200,4400,4500,7400,5700,41400,49500,15700,17700,38900,15500,21000
1260.0,13.41,2496700,33309005.0,13.4,13.39,13.38,13.37,13.36,13.35,13.34,13.33,13.32,13.31,13.41,13.42,13.43,13.44,13.45,13.46,13.47,13.48,13.49,13.5,6900,11900,6400,7300,18700,22100,11400,7000,4200,4400,4000,7400,5700,41400,49500,15700,17700,38900,15500,21000
1261.0,13.41,2504300,33410854.0,13.4,13.39,13.38,13.37,13.36,13.35,13.34,13.33,13.32,13.31,13.41,13.42,13.43,13.44,13.45,13.46,13.47,13.48,13.49,13.5,200,11900,6400,7300,18700,22100,11400,7000,4200,4400,3100,7400,5700,41400,49500,15700,17700,38900,15500,21000
1262.0,13.41,2505700,33429628.0,13.4,13.39,13.38,13.37,13.36,13.35,13.34,13.33,13.32,13.31,13.41,13.42,13.43,13.44,13.45,13.46,13.47,13.48,13.49,13.5,200,11900,6400,7300,18700,22100,11400,7000,4200,4400,1700,7400,5700,41400,49500,15700,17700,38900,15500,21000
1263.0,13.41,2507600,33455107.0,13.41,13.4,13.39,13.38,13.37,13.36,13.35,13.34,13.33,13.32,13.42,13.43,13.44,13.45,13.46,13.47,13.48,13.49,13.5,13.51,1100,200,11900,6400,7300,18700,22100,11400,7000,4200,7400,5700,41400,49500,15700,17700,38900,15500,21000,1000
1264.0,13.41,2508500,33467183.0,13.41,13.4,13.39,13.38,13.37,13.36,13.35,13.34,13.33,13.32,13.42,13.43,13.44,13.45,13.46,13.47,13.48,13.49,13.5,13.51,900,800,11900,6400,7300,18700,22100,11400,7000,4200,6800,5700,41400,49500,15700,17700,38900,15500,21000,1000
1265.0,13.41,2509400,33479252.0,13.4,13.39,13.38,13.37,13.36,13.35,13.34,13.33,13.32,13.31,13.41,13.42,13.43,13.44,13.45,13.46,13.47,13.48,13.49,13.5,2500,11900,6400,7300,18700,22100,11400,7000,4200,4400,400,6800,5700,41400,49500,15700,17700,38900,15500,21000
1266.0,13.41,2511000,33500706.0,13.41,13.4,13.39,13.38,13.37,13.36,13.35,13.34,13.33,13.32,13.42,13.43,13.44,13.45,13.46,13.47,13.48,13.49,13.5,13.51,4800,2300,11900,6400,7300,18700,22100,11400,7000,4200,6800,5700,41400,49500,15700,17700,39900,15500,21000,1000
1267.0,13.42,2511600,33508758.0,13.41,13.4,13.39,13.38,13.37,13.36,13.35,13.34,13.33,13.32,13.42,13.43,13.44,13.45,13.46,13.47,13.48,13.49,13.5,13.51,4800,2300,11900,6400,7300,18700,22100,11400,7000,4200,6200,5700,41400,52300,15700,17700,39900,15500,21000,1000
1268.0,13.41,2517100,33582513.0,13.41,13.4,13.39,13.38,13.37,13.36,13.35,13.34,13.33,13.32,13.42,13.43,13.44,13.45,13.46,13.47,13.48,13.49,13.5,13.51,10400,2300,11900,6400,7300,18700,22100,11400,7000,4200,13500,5700,41400,52300,15700,17700,39900,15500,21000,1000
1269.0,13.41,2520900,33633471.0,13.41,13.4,13.39,13.38,13.37,13.36,13.35,13.34,13.33,13.32,13.42,13.43,13.44,13.45,13.46,13.47,13.48,13.49,13.5,13.51,14000,6700,11900,6400,7300,18700,22100,11400,7000,4200,9700,5700,41400,52300,15700,17700,39900,15500,20800,1000
1270.0,13.41,2527100,33716613.0,13.41,13.4,13.39,13.38,13.37,13.36,13.35,13.34,13.33,13.32,13.42,13.43,13.44,13.45,13.46,13.47,13.48,13.49,13.5,13.51,7800,7500,11900,6400,8500,18700,22100,11400,7000,4200,9100,5700,41400,52300,15700,17700,39900,15500,20800,1000
1271.0,13.41,2528600,33736735.0,13.41,13.4,13.39,13.38,13.37,13.36,13.35,13.34,13.33,13.32,13.42,13.43,13.44,13.45,13.46,13.47,13.48,13.49,13.5,13.51,7000,7500,11900,6400,8500,18700,22100,11400,7000,4200,8400,5700,41400,52300,15700,17700,39900,15500,20800,1000
1272.0,13.41,2528600,33736735.0,13.41,13.4,13.39,13.38,13.37,13.36,13.35,13.34,13.33,13.32,13.42,13.43,13.44,13.45,13.46,13.47,13.48,13.49,13.5,13.51,7000,7500,11900,6400,8500,18700,22100,11400,7000,4200,8600,5700,41400,52300,15700,17700,39900,15500,20800,1000
1273.0,13.41,2530400,33760873.0,13.41,13.4,13.39,13.38,13.37,13.36,13.35,13.34,13.33,13.32,13.42,13.43,13.44,13.45,13.46,13.47,13.48,13.49,13.5,13.51,5200,7500,11900,6400,10500,18700,22100,11400,7000,4200,8600,5700,41400,52300,15700,17700,39900,15500,20800,1000
1274.0,13.4,2546800,33980805.0,13.4,13.39,13.38,13.37,13.36,13.35,13.34,13.33,13.32,13.31,13.41,13.42,13.43,13.44,13.45,13.46,13.47,13.48,13.49,13.5,2300,11900,6400,10500,18700,22100,11400,7000,4200,4400,25500,2600,5700,41400,52300,15700,17700,45200,15500,20800
1275.0,13.4,2547000,33983485.0,13.4,13.39,13.38,13.37,13.36,13.35,13.34,13.33,13.32,13.31,13.41,13.42,13.43,13.44,13.45,13.46,13.47,13.48,13.49,13.5,2100,11900,6400,10500,18700,22100,11400,7000,4200,4400,25500,2600,5700,41400,52300,15700,17700,45200,15500,20800
1276.0,13.41,2548100,33998232.0,13.4,13.39,13.38,13.37,13.36,13.35,13.34,13.33,13.32,13.31,13.41,13.42,13.43,13.44,13.45,13.46,13.47,13.48,13.49,13.5,3800,11900,6400,10500,18700,22100,11400,7000,4200,4400,24800,2600,5800,41400,52300,15700,17700,45200,15500,20800
1277.0,13.4,2552600,34058539.0,13.39,13.38,13.37,13.36,13.35,13.34,13.33,13.32,13.31,13.3,13.4,13.41,13.42,13.43,13.44,13.45,13.46,13.47,13.48,13.49,11900,6400,10500,18700,22100,11400,7000,4200,4400,15200,100,200,200,5800,41400,52600,15700,17700,45200,15500
1278.0,13.41,2553200,34066576.0,13.39,13.38,13.37,13.36,13.35,13.34,13.33,13.32,13.31,13.3,13.41,13.42,13.43,13.44,13.45,13.46,13.47,13.48,13.49,13.5,11500,6400,10500,18700,22100,11400,7000,4200,4400,15200,100,200,5800,41400,52600,15700,17700,45200,15500,20800
1279.0,13.41,2553400,34069258.0,13.39,13.38,13.37,13.36,13.35,13.34,13.33,13.32,13.31,13.3,13.41,13.42,13.43,13.44,13.45,13.46,13.47,13.48,13.49,13.5,14500,6400,10500,18700,22100,11400,7000,4200,4400,15200,2900,200,6100,41400,52600,15700,17700,45200,15800,20800
1280.0,13.41,2553900,34075963.0,13.39,13.38,13.37,13.36,13.35,13.34,13.33,13.32,13.31,13.3,13.41,13.42,13.43,13.44,13.45,13.46,13.47,13.48,13.49,13.5,15400,5600,10500,18700,22100,11400,7000,4200,4400,15200,3300,200,6100,41400,50200,15700,17700,45200,15800,20800
1281.0,13.41,2558100,34132271.0,13.39,13.38,13.37,13.36,13.35,13.34,13.33,13.32,13.31,13.3,13.41,13.42,13.43,13.44,13.45,13.46,13.47,13.48,13.49,13.5,14700,9000,10500,20300,22100,11400,7000,4200,4400,15200,1500,14200,6100,41400,50200,15700,17700,47300,15800,20800
1282.0,13.42,2562800,34195318.0,13.39,13.38,13.37,13.36,13.35,13.34,13.33,13.32,13.31,13.3,13.42,13.43,13.44,13.45,13.46,13.47,13.48,13.49,13.5,13.51,15900,9000,10500,20300,22100,11400,7000,4200,4400,15200,12200,6100,41400,50200,15700,17700,47300,15800,20800,1000
1283.0,13.4,2563300,34202018.0,13.39,13.38,13.37,13.36,13.35,13.34,13.33,13.32,13.31,13.3,13.41,13.42,13.43,13.44,13.45,13.46,13.47,13.48,13.49,13.5,16700,9000,10500,20300,22100,11400,7000,4200,4400,15200,400,13000,6100,40400,50200,15700,17700,47300,15800,20800
1284.0,13.4,2563300,34202018.0,13.39,13.38,13.37,13.36,13.35,13.34,13.33,13.32,13.31,13.3,13.41,13.42,13.43,13.44,13.45,13.46,13.47,13.48,13.49,13.5,17900,18700,10500,20300,22100,11400,7000,4200,4400,15200,1600,13000,6100,40400,50200,15700,17700,47300,15800,20800
1285.0,13.4,2563300,34202018.0,13.39,13.38,13.37,13.36,13.35,13.34,13.33,13.32,13.31,13.3,13.41,13.42,13.43,13.44,13.45,13.46,13.47,13.48,13.49,13.5,17900,18700,10500,20300,22100,11400,7000,4200,4400,15200,1600,13000,6100,40400,50200,15700,17700,47300,15800,20800
1286.0,13.4,2563400,34203358.0,13.39,13.38,13.37,13.36,13.35,13.34,13.33,13.32,13.31,13.3,13.4,13.41,13.42,13.43,13.44,13.45,13.46,13.47,13.48,13.49,19900,18700,10500,20300,22100,11400,7000,4200,4400,15200,200,3600,13000,6100,40400,50200,15700,17700,47300,15800
1287.0,13.39,2564800,34222104.0,13.39,13.38,13.37,13.36,13.35,13.34,13.33,13.32,13.31,13.3,13.4,13.41,13.42,13.43,13.44,13.45,13.46,13.47,13.48,13.49,19000,18900,10500,20100,22100,11400,7000,4200,4400,15200,200,3600,13000,6100,40400,50200,15700,17700,47300,15800
1288.0,13.41,2565200,34227466.0,13.39,13.38,13.37,13.36,13.35,13.34,13.33,13.32,13.31,13.3,13.41,13.42,13.43,13.44,13.45,13.46,13.47,13.48,13.49,13.5,19000,18900,10500,20100,22100,11400,7000,4200,4400,15200,3400,13000,6100,40400,50200,15700,17700,47300,15800,20800
1289.0,13.39,2565900,34236839.0,13.39,13.38,13.37,13.36,13.35,13.34,13.33,13.32,13.31,13.3,13.41,13.42,13.43,13.44,13.45,13.46,13.47,13.48,13.49,13.5,20300,18900,10500,20100,22100,11400,7000,4200,4400,15200,5400,13000,6100,40400,50200,15700,17700,47300,15800,20800
1290.0,13.39,2565900,34236839.0,13.4,13.39,13.38,13.37,13.36,13.35,13.34,13.33,13.32,13.31,13.41,13.42,13.43,13.44,13.45,13.46,13.47,13.48,13.49,13.5,2300,20300,18900,10500,20100,22100,11400,7000,4200,4600,6000,13000,6100,40400,50200,15700,17700,47300,15800,20800
1291.0,13.41,2566500,34244885.0,13.4,13.39,13.38,13.37,13.36,13.35,13.34,13.33,13.32,13.31,13.41,13.42,13.43,13.44,13.45,13.46,13.47,13.48,13.49,13.5,2300,21900,19900,10500,20100,22100,11400,7000,4200,4600,5400,13000,6100,40400,50200,15700,17700,47300,15800,20800
1292.0,13.41,2566500,34244885.0,13.4,13.39,13.38,13.37,13.36,13.35,13.34,13.33,13.32,13.31,13.41,13.42,13.43,13.44,13.45,13.46,13.47,13.48,13.49,13.5,2300,21900,20500,10500,20100,22100,11400,7000,4200,4600,5400,13000,6100,40400,50200,15700,17700,47300,15800,20800
1293.0,13.4,2567100,34252925.0,13.4,13.39,13.38,13.37,13.36,13.35,13.34,13.33,13.32,13.31,13.41,13.42,13.43,13.44,13.45,13.46,13.47,13.48,13.49,13.5,1700,50800,20500,10500,20100,22100,11400,7000,4200,4600,5400,13000,6100,40400,50200,15700,17700,47300,15800,20800
1294.0,13.41,2567600,34259630.0,13.4,13.39,13.38,13.37,13.36,13.35,13.34,13.33,13.32,13.31,13.41,13.42,13.43,13.44,13.45,13.46,13.47,13.48,13.49,13.5,1700,50800,20500,10500,20100,22100,11400,7000,4200,6300,5100,13000,6100,40400,50200,15700,17700,47300,15800,20800
1295.0,13.41,2567600,34259630.0,13.4,13.39,13.38,13.37,13.36,13.35,13.34,13.33,13.32,13.31,13.41,13.42,13.43,13.44,13.45,13.46,13.47,13.48,13.49,13.5,1700,53800,20500,10500,20100,22100,11400,7000,4200,6300,5100,13000,6100,40400,50200,15700,17700,47300,15800,20800
1296.0,13.41,2568000,34264993.0,13.4,13.39,13.38,13.37,13.36,13.35,13.34,13.33,13.32,13.31,13.41,13.42,13.43,13.44,13.45,13.46,13.47,13.48,13.49,13.5,1600,53800,20500,10500,20100,22100,11400,7000,4200,6300,4800,13000,6100,40400,50200,15700,17700,47300,15800,20800
1297.0,13.41,2569000,34278403.0,13.4,13.39,13.38,13.37,13.36,13.35,13.34,13.33,13.32,13.31,13.41,13.42,13.43,13.44,13.45,13.46,13.47,13.48,13.49,13.5,1600,53800,20500,10500,20100,22100,11400,7000,4200,6300,3800,13000,6100,40400,50200,15700,17700,47300,15800,20800
1298.0,13.41,2571300,34309243.0,13.4,13.39,13.38,13.37,13.36,13.35,13.34,13.33,13.32,13.31,13.41,13.42,13.43,13.44,13.45,13.46,13.47,13.48,13.49,13.5,1300,54800,20500,10200,20100,22100,11400,7000,4200,6300,4100,13000,6100,40400,50200,15700,17700,47300,15800,20800
1299.0,13.41,2572400,34323993.0,13.4,13.39,13.38,13.37,13.36,13.35,13.34,13.33,13.32,13.31,13.41,13.42,13.43,13.44,13.45,13.46,13.47,13.48,13.49,13.5,2600,54800,17500,10200,20100,22100,11400,7000,4200,6300,4100,17200,6100,40400,50200,15700,17700,47300,15800,20800
1300.0,13.41,2572400,34323993.0,13.4,13.39,13.38,13.37,13.36,13.35,13.34,13.33,13.32,13.31,13.41,13.42,13.43,13.44,13.45,13.46,13.47,13.48,13.49,13.5,2600,54800,17500,10200,20100,22100,11400,7000,4200,6300,4100,19200,6100,40400,50200,15700,17700,47300,16400,20800
1301.0,13.41,2576200,34374951.0,13.4,13.39,13.38,13.37,13.36,13.35,13.34,13.33,13.32,13.31,13.41,13.42,13.43,13.44,13.45,13.46,13.47,13.48,13.49,13.5,3500,54800,17500,10200,20100,22100,11400,7000,4200,6300,300,19200,6100,40400,52200,15700,17700,47300,16400,20800
1302.0,13.41,2576200,34374951.0,13.4,13.39,13.38,13.37,13.36,13.35,13.34,13.33,13.32,13.31,13.41,13.42,13.43,13.44,13.45,13.46,13.47,13.48,13.49,13.5,3500,54800,17500,10200,20100,22100,11400,7000,4200,6300,300,19200,6100,40400,52200,15700,17700,47300,16400,20800
1303.0,13.41,2576200,34374951.0,13.4,13.39,13.38,13.37,13.36,13.35,13.34,13.33,13.32,13.31,13.41,13.42,13.43,13.44,13.45,13.46,13.47,13.48,13.49,13.5,3500,54800,17500,10200,20100,20500,11400,7000,4200,6300,1400,19200,6100,40400,52200,15700,17700,47300,16400,20800
1304.0,13.41,2576600,34380312.0,13.4,13.39,13.38,13.37,13.36,13.35,13.34,13.33,13.32,13.31,13.41,13.42,13.43,13.44,13.45,13.46,13.47,13.48,13.49,13.5,5100,54800,17500,10200,20100,20500,11400,7000,4200,6300,1300,19200,6100,40400,52200,15700,17700,47300,16400,20800
1305.0,13.4,2577200,34388352.0,13.4,13.39,13.38,13.37,13.36,13.35,13.34,13.33,13.32,13.31,13.41,13.42,13.43,13.44,13.45,13.46,13.47,13.48,13.49,13.5,5300,54800,17500,10200,20100,20500,11400,7000,4200,6300,3900,19200,6100,40400,52200,15400,17700,47300,16400,20800
1306.0,13.4,2577200,34388352.0,13.4,13.39,13.38,13.37,13.36,13.35,13.34,13.33,13.32,13.31,13.41,13.42,13.43,13.44,13.45,13.46,13.47,13.48,13.49,13.5,5300,54800,17500,10200,20100,20500,11400,7000,4200,6300,10500,19200,6100,40400,52200,15400,17700,47300,16400,20800
1307.0,13.41,2579100,34413831.0,13.4,13.39,13.38,13.37,13.36,13.35,13.34,13.33,13.32,13.31,13.41,13.42,13.43,13.44,13.45,13.46,13.47,13.48,13.49,13.5,5300,54800,17500,10200,20100,14600,11400,7000,4200,6300,8600,19200,6100,40400,52200,15400,17700,47300,16400,20800
1308.0,13.41,2579100,34413831.0,13.4,13.39,13.38,13.37,13.36,13.35,13.34,13.33,13.32,13.31,13.41,13.42,13.43,13.44,13.45,13.46,13.47,13.48,13.49,13.5,5300,54800,17500,10200,20100,14600,11400,7000,4200,6300,8600,19200,6100,40400,52200,15400,17700,47300,16400,20800
1309.0,13.41,2580600,34433946.0,13.4,13.39,13.38,13.37,13.36,13.35,13.34,13.33,13.32,13.31,13.41,13.42,13.43,13.44,13.45,13.46,13.47,13.48,13.49,13.5,10300,54800,17500,10200,20100,14600,11400,7000,4200,6300,7100,19200,6100,40400,49400,15400,17700,47300,16400,20800
1310.0,13.41,2583700,34475503.0,13.4,13.39,13.38,13.37,13.36,13.35,13.34,13.33,13.32,13.31,13.41,13.42,13.43,13.44,13.45,13.46,13.47,13.48,13.49,13.5,8900,54800,17800,10200,20100,14600,11400,7000,4200,6300,5400,19200,9700,40400,49400,15400,17700,47300,16400,20800
1311.0,13.4,2584400,34484883.0,13.4,13.39,13.38,13.37,13.36,13.35,13.34,13.33,13.32,13.31,13.41,13.42,13.43,13.44,13.45,13.46,13.47,13.48,13.49,13.5,8200,54800,17800,10200,20100,14600,11400,7000,4200,6300,5400,19200,9700,40400,49400,15400,18700,47300,16400,20800
1312.0,13.4,2599300,34684635.0,13.4,13.39,13.38,13.37,13.36,13.35,13.34,13.33,13.32,13.31,13.41,13.42,13.43,13.44,13.45,13.46,13.47,13.48,13.49,13.5,600,54800,17800,10200,20100,14600,11400,7000,4200,6300,800,17300,9700,38100,49400,15400,18700,47300,16400,20800
1313.0,13.4,2599300,34684635.0,13.4,13.39,13.38,13.37,13.36,13.35,13.34,13.33,13.32,13.31,13.41,13.42,13.43,13.44,13.45,13.46,13.47,13.48,13.49,13.5,600,54800,17800,10200,20100,14600,11400,7000,4200,6300,800,17300,9700,38100,49400,15400,18700,47300,16400,20800
1314.0,13.41,2601000,34707432.0,13.4,13.39,13.38,13.37,13.36,13.35,13.34,13.33,13.32,13.31,13.41,13.42,13.43,13.44,13.45,13.46,13.47,13.48,13.49,13.5,600,54800,17800,10200,20100,14600,11400,7000,4200,6300,1500,17300,9700,38100,49400,15400,18700,47300,16400,20800
1315.0,13.41,2601000,34707432.0,13.4,13.39,13.38,13.37,13.36,13.35,13.34,13.33,13.32,13.31,13.41,13.42,13.43,13.44,13.45,13.46,13.47,13.48,13.49,13.5,800,54800,17800,10200,20100,14600,11400,7000,4200,6300,1500,17700,9700,38100,49400,15400,18700,47300,16400,20800
1316.0,13.41,2601200,34710113.0,13.4,13.39,13.38,13.37,13.36,13.35,13.34,13.33,13.32,13.31,13.41,13.42,13.43,13.44,13.45,13.46,13.47,13.48,13.49,13.5,700,54800,17800,10200,20100,14600,11400,7000,4200,6300,1700,13500,9700,38100,49400,15400,18700,47300,16400,20800
1317.0,13.4,2602600,34728883.0,13.4,13.39,13.38,13.37,13.36,13.35,13.34,13.33,13.32,13.31,13.41,13.42,13.43,13.44,13.45,13.46,13.47,13.48,13.49,13.5,300,54800,17800,10200,20100,14600,11400,7000,4200,6300,4500,13500,9700,38100,49400,15400,18700,49300,16400,21300
1318.0,13.4,2602900,34732903.0,13.39,13.38,13.37,13.36,13.35,13.34,13.33,13.32,13.31,13.3,13.4,13.41,13.42,13.43,13.44,13.45,13.46,13.47,13.48,13.49,54800,17800,10200,20100,14600,11400,7000,4200,6300,14200,2700,19200,3200,9700,38100,49400,15400,18700,49300,16400
1319.0,13.4,2605300,34765057.0,13.39,13.38,13.37,13.36,13.35,13.34,13.33,13.32,13.31,13.3,13.4,13.41,13.42,13.43,13.44,13.45,13.46,13.47,13.48,13.49,54200,17800,10200,20100,14600,11400,7000,4200,6300,14200,27200,4500,3200,9700,38100,49400,15400,18700,49300,16400
1320.0,13.4,2606400,34779797.0,13.39,13.38,13.37,13.36,13.35,13.34,13.33,13.32,13.31,13.3,13.4,13.41,13.42,13.43,13.44,13.45,13.46,13.47,13.48,13.49,54200,17800,10200,19800,14600,11400,7000,4200,6300,14200,26100,4500,3200,9700,38100,49600,15400,18700,49300,16400
1321.0,13.4,2624300,35019494.0,13.39,13.38,13.37,13.36,13.35,13.34,13.33,13.32,13.31,13.3,13.4,13.41,13.42,13.43,13.44,13.45,13.46,13.47,13.48,13.49,37900,17400,10200,19800,14600,11400,7000,4200,6300,14200,25500,4500,3200,9700,38100,49600,15400,18700,49300,16400
1322.0,13.39,2637000,35189547.0,13.39,13.38,13.37,13.36,13.35,13.34,13.33,13.32,13.31,13.3,13.4,13.41,13.42,13.43,13.44,13.45,13.46,13.47,13.48,13.49,25200,7700,10200,19800,14600,11400,7000,4200,6300,14200,25500,4500,3200,9700,38100,49600,15400,18700,49300,16400
1323.0,13.4,2637700,35198927.0,13.39,13.38,13.37,13.36,13.35,13.34,13.33,13.32,13.31,13.3,13.4,13.41,13.42,13.43,13.44,13.45,13.46,13.47,13.48,13.49,25200,7700,13100,19800,14600,11400,7000,4200,6300,14200,29000,4200,3200,9700,38100,49600,15400,18700,49300,16400
1324.0,13.39,2645600,35304731.0,13.39,13.38,13.37,13.36,13.35,13.34,13.33,13.32,13.31,13.3,13.4,13.41,13.42,13.43,13.44,13.45,13.46,13.47,13.48,13.49,19600,8100,13100,19800,14600,11400,7000,4200,6300,14200,26700,4200,3200,9700,38100,49600,15400,18700,49300,16400
1325.0,13.4,2647000,35323484.0,13.39,13.38,13.37,13.36,13.35,13.34,13.33,13.32,13.31,13.3,13.4,13.41,13.42,13.43,13.44,13.45,13.46,13.47,13.48,13.49,18900,8100,13100,19800,14600,11400,7000,4200,6300,14200,26000,3400,3200,9700,38100,49600,15400,18700,49300,16400
1326.0,13.4,2647800,35334204.0,13.39,13.38,13.37,13.36,13.35,13.34,13.33,13.32,13.31,13.3,13.4,13.41,13.42,13.43,13.44,13.45,13.46,13.47,13.48,13.49,18900,8100,13100,19800,14600,11400,7000,4200,6300,14200,25200,3400,3200,9700,38100,49600,15400,18700,49300,16400
1327.0,13.4,2647800,35334204.0,13.39,13.38,13.37,13.36,13.35,13.34,13.33,13.32,13.31,13.3,13.4,13.41,13.42,13.43,13.44,13.45,13.46,13.47,13.48,13.49,18900,8100,13100,19800,14600,11400,7000,4200,6300,14200,25200,3400,3200,9700,38100,49600,15400,18700,49300,16400
1328.0,13.4,2650100,35365024.0,13.39,13.38,13.37,13.36,13.35,13.34,13.33,13.32,13.31,13.3,13.4,13.41,13.42,13.43,13.44,13.45,13.46,13.47,13.48,13.49,18900,8100,13100,19800,14600,11400,7000,4200,6300,14200,22900,4000,3200,9700,38100,49600,15400,18700,49300,16400
1329.0,13.39,2651000,35377082.0,13.39,13.38,13.37,13.36,13.35,13.34,13.33,13.32,13.31,13.3,13.4,13.41,13.42,13.43,13.44,13.45,13.46,13.47,13.48,13.49,18700,8100,13100,19800,14600,11400,7000,4200,6300,14200,22200,4000,3200,9700,38100,49600,15400,18700,49300,16400
1330.0,13.39,2651000,35377082.0,13.39,13.38,13.37,13.36,13.35,13.34,13.33,13.32,13.31,13.3,13.4,13.41,13.42,13.43,13.44,13.45,13.46,13.47,13.48,13.49,18700,7600,13100,19800,14600,11400,7000,4200,6300,14200,22200,4000,3200,9700,38100,49600,15400,18700,49300,16400
1331.0,13.4,2655700,35440062.0,13.39,13.38,13.37,13.36,13.35,13.34,13.33,13.32,13.31,13.3,13.4,13.41,13.42,13.43,13.44,13.45,13.46,13.47,13.48,13.49,20400,7600,13100,19800,14600,11400,7000,4200,6300,14200,17500,4000,3200,9700,38100,49600,15400,18700,49300,16400
1332.0,13.39,2657100,35458815.0,13.39,13.38,13.37,13.36,13.35,13.34,13.33,13.32,13.31,13.3,13.4,13.41,13.42,13.43,13.44,13.45,13.46,13.47,13.48,13.49,19700,7600,13100,19800,17500,11400,7000,4200,6300,14200,16800,4000,3200,9700,38100,49600,15400,18700,49300,16400
1333.0,13.4,2658500,35477575.0,13.39,13.38,13.37,13.36,13.35,13.34,13.33,13.32,13.31,13.3,13.4,13.41,13.42,13.43,13.44,13.45,13.46,13.47,13.48,13.49,19700,7600,13100,19800,17500,11400,7000,4200,6300,14200,15400,4000,4200,9700,38100,49600,15400,18700,49300,16400
1334.0,13.4,2658500,35477575.0,13.39,13.38,13.37,13.36,13.35,13.34,13.33,13.32,13.31,13.3,13.4,13.41,13.42,13.43,13.44,13.45,13.46,13.47,13.48,13.49,19700,7600,13100,19800,17500,11400,7000,4200,6300,14200,15400,4000,4200,9700,38100,49600,15400,18700,49300,16400
1335.0,13.4,2659200,35486955.0,13.39,13.38,13.37,13.36,13.35,13.34,13.33,13.32,13.31,13.3,13.4,13.41,13.42,13.43,13.44,13.45,13.46,13.47,13.48,13.49,19700,7600,13100,19800,17500,11400,7000,4200,6300,14200,14700,4000,4400,9700,44000,49600,15400,18700,49300,16400
1336.0,13.4,2661100,35512413.0,13.39,13.38,13.37,13.36,13.35,13.34,13.33,13.32,13.31,13.3,13.4,13.41,13.42,13.43,13.44,13.45,13.46,13.47,13.48,13.49,19500,17300,13100,19800,17500,11400,7000,4200,6300,14200,13000,4000,4400,9700,44000,49600,15400,18700,49300,16400
1337.0,13.4,2661700,35520453.0,13.39,13.38,13.37,13.36,13.35,13.34,13.33,13.32,13.31,13.3,13.4,13.41,13.42,13.43,13.44,13.45,13.46,13.47,13.48,13.49,19500,17600,13400,19800,17500,11400,7000,4200,6300,14200,12400,4000,4400,9700,44000,49600,15400,18700,49300,16400
1338.0,13.4,2661700,35520453.0,13.39,13.38,13.37,13.36,13.35,13.34,13.33,13.32,13.31,13.3,13.4,13.41,13.42,13.43,13.44,13.45,13.46,13.47,13.48,13.49,19500,17600,13400,19800,17500,11400,7000,4200,6300,14200,12400,4000,4400,9700,44000,49800,15400,18700,49300,16400
1339.0,13.4,2661700,35520453.0,13.39,13.38,13.37,13.36,13.35,13.34,13.33,13.32,13.31,13.3,13.4,13.41,13.42,13.43,13.44,13.45,13.46,13.47,13.48,13.49,19500,17600,13400,19800,17500,11400,7000,4200,6300,14200,12400,4000,4400,9700,44000,49800,15400,18700,49300,16400
1340.0,13.4,2663300,35541886.0,13.39,13.38,13.37,13.36,13.35,13.34,13.33,13.32,13.31,13.3,13.4,13.41,13.42,13.43,13.44,13.45,13.46,13.47,13.48,13.49,18800,17600,13400,19800,17500,11400,7000,4200,6300,14200,11900,4000,4400,9700,44000,54800,15400,18700,49300,16400
1341.0,13.39,2666300,35582058.0,13.39,13.38,13.37,13.36,13.35,13.34,13.33,13.32,13.31,13.3,13.4,13.41,13.42,13.43,13.44,13.45,13.46,13.47,13.48,13.49,16000,18600,13400,19800,17500,11400,7000,4200,6300,14200,11700,4000,4400,9700,44000,55500,15400,18700,49300,16400
1342.0,13.39,2666300,35582058.0,13.39,13.38,13.37,13.36,13.35,13.34,13.33,13.32,13.31,13.3,13.4,13.41,13.42,13.43,13.44,13.45,13.46,13.47,13.48,13.49,16000,18600,13400,19800,17500,11400,7000,4200,6300,14200,12100,4000,4400,9700,44000,55500,15400,18700,49300,16400
1343.0,13.39,2666300,35582058.0,13.39,13.38,13.37,13.36,13.35,13.34,13.33,13.32,13.31,13.3,13.4,13.41,13.42,13.43,13.44,13.45,13.46,13.47,13.48,13.49,16000,18600,13400,19800,17500,11400,7000,4200,6300,14200,12100,4000,4400,9700,44000,55500,15400,18700,49300,16400
1344.0,13.4,2667900,35603497.0,13.39,13.38,13.37,13.36,13.35,13.34,13.33,13.32,13.31,13.3,13.4,13.41,13.42,13.43,13.44,13.45,13.46,13.47,13.48,13.49,16900,18600,13400,19800,17500,11400,7000,4200,6300,14200,10600,4000,4400,9700,44000,55500,15400,18700,49300,16400
1345.0,13.4,2667900,35603497.0,13.39,13.38,13.37,13.36,13.35,13.34,13.33,13.32,13.31,13.3,13.4,13.41,13.42,13.43,13.44,13.45,13.46,13.47,13.48,13.49,16900,18600,13400,19800,17500,11400,7000,4200,6300,14200,10600,4200,4400,9700,44000,55500,15400,18700,50300,16400
1346.0,13.39,2673100,35673126.0,13.39,13.38,13.37,13.36,13.35,13.34,13.33,13.32,13.31,13.3,13.4,13.41,13.42,13.43,13.44,13.45,13.46,13.47,13.48,13.49,17200,18600,13400,19800,17500,11400,7000,4200,6300,14200,10500,4200,4400,9700,44000,55500,15400,18700,50300,16400
1347.0,13.4,2674500,35691879.0,13.39,13.38,13.37,13.36,13.35,13.34,13.33,13.32,13.31,13.3,13.4,13.41,13.42,13.43,13.44,13.45,13.46,13.47,13.48,13.49,16500,18600,13400,19800,17500,11400,7000,4200,6300,14200,10800,4200,4400,9700,44000,55500,15400,18700,50300,16400
1348.0,13.4,2674500,35691879.0,13.39,13.38,13.37,13.36,13.35,13.34,13.33,13.32,13.31,13.3,13.4,13.41,13.42,13.43,13.44,13.45,13.46,13.47,13.48,13.49,16500,18600,13400,19800,17500,11400,7000,4200,6300,14200,10800,4200,4200,9700,44000,55500,15400,18700,50300,16400
1349.0,13.4,2674500,35691879.0,13.39,13.38,13.37,13.36,13.35,13.34,13.33,13.32,13.31,13.3,13.4,13.41,13.42,13.43,13.44,13.45,13.46,13.47,13.48,13.49,16500,18600,13400,19800,22500,11400,7000,4200,6300,14200,10800,4200,4200,9700,44000,55000,14400,18700,50300,16400
1350.0,13.4,2675200,35701259.0,13.39,13.38,13.37,13.36,13.35,13.34,13.33,13.32,13.31,13.3,13.4,13.41,13.42,13.43,13.44,13.45,13.46,13.47,13.48,13.49,16500,18600,13400,19800,22500,11400,7000,4200,6300,14200,10100,4200,4200,9900,44000,55000,14400,18700,50300,16400
1351.0,13.39,2675700,35707954.0,13.39,13.38,13.37,13.36,13.35,13.34,13.33,13.32,13.31,13.3,13.4,13.41,13.42,13.43,13.44,13.45,13.46,13.47,13.48,13.49,16000,18600,13400,19800,22500,11400,7000,4200,6300,14200,10100,4200,4200,9900,44000,55000,14400,18700,50300,16400
1352.0,13.39,2675700,35707954.0,13.39,13.38,13.37,13.36,13.35,13.34,13.33,13.32,13.31,13.3,13.4,13.41,13.42,13.43,13.44,13.45,13.46,13.47,13.48,13.49,16000,18600,13400,19800,22500,11400,7000,4200,6300,14200,10100,4200,4200,9900,44000,55000,14400,18700,50300,16400
1353.0,13.4,2676400,35717334.0,13.39,13.38,13.37,13.36,13.35,13.34,13.33,13.32,13.31,13.3,13.4,13.41,13.42,13.43,13.44,13.45,13.46,13.47,13.48,13.49,16000,18600,13400,19800,22500,11400,7000,4200,6300,14200,9900,4200,4200,10400,44000,55500,14400,18700,50300,16400
1354.0,13.39,2677100,35726707.0,13.39,13.38,13.37,13.36,13.35,13.34,13.33,13.32,13.31,13.3,13.4,13.41,13.42,13.43,13.44,13.45,13.46,13.47,13.48,13.49,15300,19300,13400,19800,22500,11400,7000,4200,6300,14200,10100,4200,4200,10400,44000,55500,14400,18700,50300,16400
1355.0,13.39,2677100,35726707.0,13.39,13.38,13.37,13.36,13.35,13.34,13.33,13.32,13.31,13.3,13.4,13.41,13.42,13.43,13.44,13.45,13.46,13.47,13.48,13.49,15300,19300,13400,18500,22500,11400,7000,4200,6300,14200,10900,4200,4200,10400,44000,55500,14400,18700,50300,16400
1356.0,13.39,2682400,35797688.0,13.39,13.38,13.37,13.36,13.35,13.34,13.33,13.32,13.31,13.3,13.4,13.41,13.42,13.43,13.44,13.45,13.46,13.47,13.48,13.49,11400,19000,13400,18500,22500,11400,7000,4200,6300,14200,9500,4200,4200,10400,44000,55900,14400,18700,50300,16400
1357.0,13.39,2686400,35851255.0,13.39,13.38,13.37,13.36,13.35,13.34,13.33,13.32,13.31,13.3,13.4,13.41,13.42,13.43,13.44,13.45,13.46,13.47,13.48,13.49,8100,19000,13400,18500,22500,11400,7000,4200,6300,14200,8400,4200,4200,10400,44000,55900,14400,19300,50300,16400
1358.0,13.39,2686400,35851255.0,13.39,13.38,13.37,13.36,13.35,13.34,13.33,13.32,13.31,13.3,13.4,13.41,13.42,13.43,13.44,13.45,13.46,13.47,13.48,13.49,8100,19000,13400,18500,22500,11400,7000,4200,6300,14200,8400,4200,2200,10400,44000,55900,14400,19300,50300,16400
1359.0,13.4,2686900,35857955.0,13.39,13.38,13.37,13.36,13.35,13.34,13.33,13.32,13.31,13.3,13.4,13.41,13.42,13.43,13.44,13.45,13.46,13.47,13.48,13.49,11600,19000,13400,18500,22500,11400,7000,4200,6300,14200,7900,4200,2200,10400,44000,56200,14400,19300,50300,16400
1360.0,13.39,2688200,35875369.0,13.39,13.38,13.37,13.36,13.35,13.34,13.33,13.32,13.31,13.3,13.4,13.41,13.42,13.43,13.44,13.45,13.46,13.47,13.48,13.49,11800,19000,13400,18500,22500,11400,7000,4200,6300,14200,7000,4200,2200,10400,44000,56200,14400,19300,50300,16400
1361.0,13.39,2693800,35950355.0,13.39,13.38,13.37,13.36,13.35,13.34,13.33,13.32,13.31,13.3,13.4,13.41,13.42,13.43,13.44,13.45,13.46,13.47,13.48,13.49,6400,19000,13400,18500,22400,11400,7000,4200,6300,14200,6800,4200,2200,10400,44000,57200,14400,19300,50300,16400
1362.0,13.39,2694200,35955711.0,13.39,13.38,13.37,13.36,13.35,13.34,13.33,13.32,13.31,13.3,13.4,13.41,13.42,13.43,13.44,13.45,13.46,13.47,13.48,13.49,8600,19000,13400,18500,22400,11400,7000,4200,6300,14200,6800,4200,2200,10400,44000,57200,14400,19300,50300,16400
1363.0,13.39,2696700,35989192.0,13.39,13.38,13.37,13.36,13.35,13.34,13.33,13.32,13.31,13.3,13.4,13.41,13.42,13.43,13.44,13.45,13.46,13.47,13.48,13.49,6700,20000,13400,18500,22400,11400,7000,4200,6300,14200,6700,4200,2200,10400,44000,57200,14400,19300,50300,16400
1364.0,13.39,2696700,35989192.0,13.39,13.38,13.37,13.36,13.35,13.34,13.33,13.32,13.31,13.3,13.4,13.41,13.42,13.43,13.44,13.45,13.46,13.47,13.48,13.49,8700,20000,13400,18500,23400,11400,7000,4200,6300,14200,7200,4200,2200,10400,44000,57200,14400,19300,50300,16400
1365.0,13.39,2701200,36049447.0,13.39,13.38,13.37,13.36,13.35,13.34,13.33,13.32,13.31,13.3,13.4,13.41,13.42,13.43,13.44,13.45,13.46,13.47,13.48,13.49,4200,20000,13400,18500,23400,11400,7000,4200,6300,14200,7200,4200,2200,10400,44000,57200,14400,19300,50300,16400
1366.0,13.4,2701900,36058827.0,13.39,13.38,13.37,13.36,13.35,13.34,13.33,13.32,13.31,13.3,13.4,13.41,13.42,13.43,13.44,13.45,13.46,13.47,13.48,13.49,4200,20000,13400,18500,23400,11400,7000,4200,6300,14200,6500,4200,2200,10400,44000,57200,14400,16300,50300,16400
1367.0,13.4,2703200,36076247.0,13.39,13.38,13.37,13.36,13.35,13.34,13.33,13.32,13.31,13.3,13.4,13.41,13.42,13.43,13.44,13.45,13.46,13.47,13.48,13.49,4300,20000,13400,18500,23400,11400,7000,4200,6300,14200,5200,4200,1800,10400,44000,57200,14400,16300,50300,16400
1368.0,13.39,2705500,36107044.0,13.39,13.38,13.37,13.36,13.35,13.34,13.33,13.32,13.31,13.3,13.4,13.41,13.42,13.43,13.44,13.45,13.46,13.47,13.48,13.49,5600,20000,13400,18500,23400,11400,7000,4200,6300,14200,5200,4200,1800,10400,44000,57200,14400,16300,50300,16400
1369.0,13.39,2707000,36127129.0,13.39,13.38,13.37,13.36,13.35,13.34,13.33,13.32,13.31,13.3,13.4,13.41,13.42,13.43,13.44,13.45,13.46,13.47,13.48,13.49,4100,20000,13400,18500,23400,11400,7000,4200,6300,14200,5400,4200,1800,10400,44000,57200,14400,16300,50300,16400
1370.0,13.39,2707000,36127129.0,13.39,13.38,13.37,13.36,13.35,13.34,13.33,13.32,13.31,13.3,13.4,13.41,13.42,13.43,13.44,13.45,13.46,13.47,13.48,13.49,4100,20000,13400,18500,23400,11400,7000,4200,6300,14200,5400,4200,1800,10400,44000,57200,14400,16300,50300,16400
1371.0,13.39,2710600,36175333.0,13.39,13.38,13.37,13.36,13.35,13.34,13.33,13.32,13.31,13.3,13.4,13.41,13.42,13.43,13.44,13.45,13.46,13.47,13.48,13.49,500,20000,13400,18500,23400,11400,7000,4200,6300,14200,5400,4200,1800,10400,44000,57200,14400,16300,50300,16400
1372.0,13.39,2710600,36175333.0,13.39,13.38,13.37,13.36,13.35,13.34,13.33,13.32,13.31,13.3,13.4,13.41,13.42,13.43,13.44,13.45,13.46,13.47,13.48,13.49,800,20000,13400,18500,23400,11400,7000,4200,6300,14200,5400,4200,1800,10400,44800,57200,14400,16300,50300,16400
1373.0,13.39,2710600,36175333.0,13.39,13.38,13.37,13.36,13.35,13.34,13.33,13.32,13.31,13.3,13.4,13.41,13.42,13.43,13.44,13.45,13.46,13.47,13.48,13.49,1100,20000,13400,20500,23400,11400,7000,4200,6300,14200,5400,4200,1800,10400,44800,57200,14400,16300,50300,16400
1374.0,13.39,2710600,36175333.0,13.39,13.38,13.37,13.36,13.35,13.34,13.33,13.32,13.31,13.3,13.4,13.41,13.42,13.43,13.44,13.45,13.46,13.47,13.48,13.49,1100,20200,13400,20500,23400,11400,7000,4200,6300,14200,5400,4200,1800,10400,44800,57200,14700,16300,50300,16400
1375.0,13.39,2710700,36176672.0,13.39,13.38,13.37,13.36,13.35,13.34,13.33,13.32,13.31,13.3,13.4,13.41,13.42,13.43,13.44,13.45,13.46,13.47,13.48,13.49,1000,20200,13400,20500,23400,11400,7000,4200,6300,14200,5400,4200,1800,10400,44800,57200,14700,16300,50300,16400
1376.0,13.39,2713000,36207469.0,13.39,13.38,13.37,13.36,13.35,13.34,13.33,13.32,13.31,13.3,13.4,13.41,13.42,13.43,13.44,13.45,13.46,13.47,13.48,13.49,500,20200,13400,20500,23400,11400,7000,4200,6300,14200,5400,4200,1800,10400,44800,57200,14700,16300,50300,16400
1377.0,13.39,2713100,36208808.0,13.39,13.38,13.37,13.36,13.35,13.34,13.33,13.32,13.31,13.3,13.4,13.41,13.42,13.43,13.44,13.45,13.46,13.47,13.48,13.49,400,20200,13400,20500,23400,11400,7000,4200,6300,14200,5400,4200,1800,10400,44800,57200,14700,16300,52300,16400
1378.0,13.4,2714100,36222208.0,13.39,13.38,13.37,13.36,13.35,13.34,13.33,13.32,13.31,13.3,13.4,13.41,13.42,13.43,13.44,13.45,13.46,13.47,13.48,13.49,400,20200,13400,20500,23400,11400,7000,4200,6300,14200,4400,4200,1800,10400,44500,57200,14700,16300,52300,16400
1379.0,13.39,2714500,36227564.0,13.38,13.37,13.36,13.35,13.34,13.33,13.32,13.31,13.3,13.29,13.39,13.4,13.41,13.42,13.43,13.44,13.45,13.46,13.47,13.48,20200,13400,20500,23400,11400,7000,4200,6300,14200,2300,4200,4400,4200,1800,10400,44500,57200,14700,16300,52300
1380.0,13.39,2716500,36254344.0,13.38,13.37,13.36,13.35,13.34,13.33,13.32,13.31,13.3,13.29,13.39,13.4,13.41,13.42,13.43,13.44,13.45,13.46,13.47,13.48,20200,13400,20500,23400,11400,7000,4200,6300,14200,2300,2200,4800,4200,1800,10400,44500,57200,14700,16300,52300
1381.0,13.38,2718800,36285118.0,13.38,13.37,13.36,13.35,13.34,13.33,13.32,13.31,13.3,13.29,13.39,13.4,13.41,13.42,13.43,13.44,13.45,13.46,13.47,13.48,18100,13400,20500,23400,11400,7000,4200,6300,14200,2300,2200,4800,4200,1800,10400,44500,57200,14700,16300,52300
1382.0,13.39,2719800,36298501.0,13.38,13.37,13.36,13.35,13.34,13.33,13.32,13.31,13.3,13.29,13.39,13.4,13.41,13.42,13.43,13.44,13.45,13.46,13.47,13.48,17400,13400,20500,23800,11400,7000,4200,6300,14200,2300,1900,4800,4200,1800,10400,44500,57200,14700,16300,52300
1383.0,13.38,2720800,36311881.0,13.38,13.37,13.36,13.35,13.34,13.33,13.32,13.31,13.3,13.29,13.39,13.4,13.41,13.42,13.43,13.44,13.45,13.46,13.47,13.48,16400,13400,20500,23800,11400,7000,4200,6300,14200,2300,1900,4800,4200,1800,10400,44500,57200,14700,16300,49200
1384.0,13.39,2722300,36331966.0,13.38,13.37,13.36,13.35,13.34,13.33,13.32,13.31,13.3,13.29,13.39,13.4,13.41,13.42,13.43,13.44,13.45,13.46,13.47,13.48,16400,13400,20500,23800,11400,7000,4200,6300,14200,2300,400,5300,4200,1800,10400,44500,57200,14700,16300,49200
1385.0,13.39,2723400,36346688.0,13.39,13.38,13.37,13.36,13.35,13.34,13.33,13.32,13.31,13.3,13.4,13.41,13.42,13.43,13.44,13.45,13.46,13.47,13.48,13.49,3100,15700,13400,20500,23800,11400,7000,4200,6300,14200,5300,4200,1800,10400,44500,57200,14700,16300,49200,16400
1386.0,13.39,2723400,36346688.0,13.39,13.38,13.37,13.36,13.35,13.34,13.33,13.32,13.31,13.3,13.4,13.41,13.42,13.43,13.44,13.45,13.46,13.47,13.48,13.49,3100,15700,13400,20500,23800,11400,7000,4200,6300,14200,5300,4200,1800,10400,44500,57200,14700,16300,49200,16400
1387.0,13.39,2723400,36346688.0,13.39,13.38,13.37,13.36,13.35,13.34,13.33,13.32,13.31,13.3,13.4,13.41,13.42,13.43,13.44,13.45,13.46,13.47,13.48,13.49,3100,15700,13400,20500,23800,11400,7000,4200,6300,14200,5300,4200,1800,10400,44500,57200,14700,16300,49200,16400
1388.0,13.39,2726500,36388197.0,13.38,13.37,13.36,13.35,13.34,13.33,13.32,13.31,13.3,13.29,13.39,13.4,13.41,13.42,13.43,13.44,13.45,13.46,13.47,13.48,15700,13400,20500,23800,11400,7000,4200,6300,14200,2300,500,5500,4200,1800,10400,44500,57400,14700,16300,49200
1389.0,13.39,2726500,36388197.0,13.38,13.37,13.36,13.35,13.34,13.33,13.32,13.31,13.3,13.29,13.39,13.4,13.41,13.42,13.43,13.44,13.45,13.46,13.47,13.48,15700,13400,20500,23800,11400,7000,4200,6300,14200,2300,500,5300,4200,1800,10400,44500,57400,14700,16300,49200
1390.0,13.38,2730300,36439042.0,13.38,13.37,13.36,13.35,13.34,13.33,13.32,13.31,13.3,13.29,13.39,13.4,13.41,13.42,13.43,13.44,13.45,13.46,13.47,13.48,12000,13400,20500,23800,11400,7000,4200,6300,14200,2300,500,5300,4200,1800,10400,44500,57400,14700,16300,49200
1391.0,13.38,2731000,36448408.0,13.38,13.37,13.36,13.35,13.34,13.33,13.32,13.31,13.3,13.29,13.39,13.4,13.41,13.42,13.43,13.44,13.45,13.46,13.47,13.48,11300,13400,20500,23800,11400,7000,4200,6300,14200,2300,500,5300,4200,1800,10400,44500,57400,14700,16300,49200
1392.0,13.38,2731000,36448408.0,13.38,13.37,13.36,13.35,13.34,13.33,13.32,13.31,13.3,13.29,13.39,13.4,13.41,13.42,13.43,13.44,13.45,13.46,13.47,13.48,11300,13400,20500,23800,11400,7000,4200,6300,14200,2300,700,5300,4200,1800,10400,44500,57400,14700,16300,49200
1393.0,13.38,2731000,36448408.0,13.38,13.37,13.36,13.35,13.34,13.33,13.32,13.31,13.3,13.29,13.39,13.4,13.41,13.42,13.43,13.44,13.45,13.46,13.47,13.48,11300,13400,20500,23800,11400,7000,4200,6300,14200,2300,700,5300,4200,1800,10400,44500,57400,14700,16300,49200
1394.0,13.38,2731700,36457774.0,13.38,13.37,13.36,13.35,13.34,13.33,13.32,13.31,13.3,13.29,13.39,13.4,13.41,13.42,13.43,13.44,13.45,13.46,13.47,13.48,10600,13400,20500,23800,11400,7000,4200,6300,14200,2300,700,5300,4200,1800,10400,44500,57400,14700,16300,49200
1395.0,13.38,2731700,36457774.0,13.38,13.37,13.36,13.35,13.34,13.33,13.32,13.31,13.3,13.29,13.39,13.4,13.41,13.42,13.43,13.44,13.45,13.46,13.47,13.48,10600,13400,20500,23800,11400,7000,4200,6300,14200,2300,700,5300,4200,1800,10400,44500,55400,14700,16300,49200
1396.0,13.38,2735700,36511295.0,13.38,13.37,13.36,13.35,13.34,13.33,13.32,13.31,13.3,13.29,13.39,13.4,13.41,13.42,13.43,13.44,13.45,13.46,13.47,13.48,6700,13400,20500,23800,11400,7000,4200,6300,14200,2300,600,5300,4200,1800,10400,44500,55400,14700,16300,49200
1397.0,13.38,2736900,36527351.0,13.38,13.37,13.36,13.35,13.34,13.33,13.32,13.31,13.3,13.29,13.39,13.4,13.41,13.42,13.43,13.44,13.45,13.46,13.47,13.48,5500,13400,20500,23800,11400,7000,4200,6300,14200,2300,600,5300,4200,1800,10400,44500,55400,14700,16300,49200
1398.0,13.38,2737700,36538058.0,13.38,13.37,13.36,13.35,13.34,13.33,13.32,13.31,13.3,13.29,13.39,13.4,13.41,13.42,13.43,13.44,13.45,13.46,13.47,13.48,13300,13400,20500,23800,11400,7000,4200,6300,14200,2300,300,5300,4200,1800,9400,44500,55400,14700,16300,49200
1399.0,13.38,2742000,36595592.0,13.38,13.37,13.36,13.35,13.34,13.33,13.32,13.31,13.3,13.29,13.39,13.4,13.41,13.42,13.43,13.44,13.45,13.46,13.47,13.48,9000,13400,20500,23800,11400,7000,4200,6300,14200,2300,300,5300,4200,1800,9400,44500,55400,14700,16300,49200
1400.0,13.38,2742000,36595592.0,13.38,13.37,13.36,13.35,13.34,13.33,13.32,13.31,13.3,13.29,13.39,13.4,13.41,13.42,13.43,13.44,13.45,13.46,13.47,13.48,9000,13400,20500,23800,11400,7000,4200,6300,14200,2300,100,5300,4200,1800,9400,44500,55400,14700,16300,49200
1401.0,13.38,2743100,36610310.0,13.38,13.37,13.36,13.35,13.34,13.33,13.32,13.31,13.3,13.29,13.39,13.4,13.41,13.42,13.43,13.44,13.45,13.46,13.47,13.48,7900,13400,18500,23800,11400,7000,4200,6300,14200,2300,100,5300,4200,1800,9400,44500,55400,14700,16300,49200
1402.0,13.39,2743200,36611649.0,13.39,13.38,13.37,13.36,13.35,13.34,13.33,13.32,13.31,13.3,13.4,13.41,13.42,13.43,13.44,13.45,13.46,13.47,13.48,13.49,1200,7900,13400,18500,23800,11400,7000,4200,6300,14200,5300,4200,1800,9400,44500,55400,14700,16300,49200,16400
1403.0,13.39,2744500,36629061.0,13.39,13.38,13.37,13.36,13.35,13.34,13.33,13.32,13.31,13.3,13.4,13.41,13.42,13.43,13.44,13.45,13.46,13.47,13.48,13.49,26700,8800,13400,18500,23800,11400,7000,4200,6300,14200,4800,4200,1800,9400,44500,55400,14700,16300,49200,16400
1404.0,13.39,2746600,36657182.0,13.39,13.38,13.37,13.36,13.35,13.34,13.33,13.32,13.31,13.3,13.4,13.41,13.42,13.43,13.44,13.45,13.46,13.47,13.48,13.49,28000,8800,13400,18500,23800,11400,7000,4200,6300,14200,4600,4200,1800,9400,44500,55400,14700,16300,49200,16400
1405.0,13.4,2746700,36658522.0,13.39,13.38,13.37,13.36,13.35,13.34,13.33,13.32,13.31,13.3,13.4,13.41,13.42,13.43,13.44,13.45,13.46,13.47,13.48,13.49,28000,8800,13400,18500,23800,11400,7000,4200,6300,14200,4500,4200,1800,9400,44500,55400,14700,16300,49200,16400
1406.0,13.4,2747100,36663882.0,13.39,13.38,13.37,13.36,13.35,13.34,13.33,13.32,13.31,13.3,13.4,13.41,13.42,13.43,13.44,13.45,13.46,13.47,13.48,13.49,28000,8800,13400,18500,23800,11400,7000,4200,6300,14200,4100,4200,1800,9400,44500,55400,14700,16300,49200,16400
1407.0,13.4,2747100,36663882.0,13.39,13.38,13.37,13.36,13.35,13.34,13.33,13.32,13.31,13.3,13.4,13.41,13.42,13.43,13.44,13.45,13.46,13.47,13.48,13.49,28000,8800,13400,18500,23800,11400,7000,4200,6300,14200,4100,4200,1800,9400,44500,55400,14700,16300,49200,16400
1408.0,13.4,2747100,36663882.0,13.39,13.38,13.37,13.36,13.35,13.34,13.33,13.32,13.31,13.3,13.4,13.41,13.42,13.43,13.44,13.45,13.46,13.47,13.48,13.49,28000,8800,13400,18500,23800,11400,7000,4200,6300,14200,4100,4200,1800,9400,44500,55400,14700,16300,49200,16400
1409.0,13.4,2747100,36663882.0,13.39,13.38,13.37,13.36,13.35,13.34,13.33,13.32,13.31,13.3,13.4,13.41,13.42,13.43,13.44,13.45,13.46,13.47,13.48,13.49,28000,8800,13400,18500,23800,11400,7000,4200,6300,14200,4100,4200,1800,9400,44500,55400,14700,16600,49200,16400
1410.0,13.4,2747500,36669242.0,13.39,13.38,13.37,13.36,13.35,13.34,13.33,13.32,13.31,13.3,13.4,13.41,13.42,13.43,13.44,13.45,13.46,13.47,13.48,13.49,28000,8800,13400,18500,23800,11400,7000,4200,6300,14200,3700,4200,1800,9400,44500,55400,14700,16600,49200,16400
1411.0,13.39,2748200,36678615.0,13.39,13.38,13.37,13.36,13.35,13.34,13.33,13.32,13.31,13.3,13.4,13.41,13.42,13.43,13.44,13.45,13.46,13.47,13.48,13.49,24100,8800,13400,18500,23800,11400,7000,4200,6300,14200,3700,4200,1800,9400,44500,55400,14700,16600,49200,16400
1412.0,13.39,2750700,36712090.0,13.39,13.38,13.37,13.36,13.35,13.34,13.33,13.32,13.31,13.3,13.4,13.41,13.42,13.43,13.44,13.45,13.46,13.47,13.48,13.49,21600,8800,13400,18500,23800,11400,7000,4200,6300,14200,3700,4200,1800,9400,44500,55400,14700,16600,49200,16400
1413.0,13.39,2754700,36765660.0,13.39,13.38,13.37,13.36,13.35,13.34,13.33,13.32,13.31,13.3,13.4,13.41,13.42,13.43,13.44,13.45,13.46,13.47,13.48,13.49,18600,16100,13400,18500,23800,11400,7000,4200,6300,14200,2700,4200,1800,9400,44500,55400,14700,16600,49200,16400
1414.0,13.4,2757900,36808540.0,13.39,13.38,13.37,13.36,13.35,13.34,13.33,13.32,13.31,13.3,13.4,13.41,13.42,13.43,13.44,13.45,13.46,13.47,13.48,13.49,18600,16100,13400,18500,23800,11400,7000,4200,6300,14200,2000,4200,1800,9400,44500,55400,14700,16600,49200,16400
1415.0,13.39,2758400,36815235.0,13.39,13.38,13.37,13.36,13.35,13.34,13.33,13.32,13.31,13.3,13.4,13.41,13.42,13.43,13.44,13.45,13.46,13.47,13.48,13.49,18100,16100,13400,18500,23800,11400,7000,4200,6300,14200,2000,4200,1800,9400,44500,55400,14700,16600,49200,16400
1416.0,13.4,2761300,36854086.0,13.4,13.39,13.38,13.37,13.36,13.35,13.34,13.33,13.32,13.31,13.41,13.42,13.43,13.44,13.45,13.46,13.47,13.48,13.49,13.5,11200,17200,16100,13400,18500,23800,11400,7000,4200,6300,4200,1800,9400,44500,55400,14700,15600,49200,16400,20800
1417.0,13.4,2761300,36854086.0,13.4,13.39,13.38,13.37,13.36,13.35,13.34,13.33,13.32,13.31,13.41,13.42,13.43,13.44,13.45,13.46,13.47,13.48,13.49,13.5,11200,17200,24200,13400,18500,23800,11400,7000,4200,6300,4200,1800,9400,44500,55400,14700,15600,49200,16400,20800
1418.0,13.4,2762000,36863466.0,13.4,13.39,13.38,13.37,13.36,13.35,13.34,13.33,13.32,13.31,13.41,13.42,13.43,13.44,13.45,13.46,13.47,13.48,13.49,13.5,14900,17200,24200,13400,18500,23800,11400,7000,4200,6300,4200,1800,8900,44500,55400,14700,15600,49200,16400,20800
1419.0,13.41,2762400,36868830.0,13.4,13.39,13.38,13.37,13.36,13.35,13.34,13.33,13.32,13.31,13.41,13.42,13.43,13.44,13.45,13.46,13.47,13.48,13.49,13.5,15000,17200,24200,13400,18500,23800,11400,7000,4200,6300,3800,1800,8900,44500,55400,14700,15600,49200,16400,20800
1420.0,13.41,2762400,36868830.0,13.4,13.39,13.38,13.37,13.36,13.35,13.34,13.33,13.32,13.31,13.41,13.42,13.43,13.44,13.45,13.46,13.47,13.48,13.49,13.5,15000,17200,24400,13400,18500,23800,11400,7000,4200,6300,3800,1800,8900,44500,55400,14700,15600,49200,16400,20800
1421.0,13.41,2762400,36868830.0,13.4,13.39,13.38,13.37,13.36,13.35,13.34,13.33,13.32,13.31,13.41,13.42,13.43,13.44,13.45,13.46,13.47,13.48,13.49,13.5,14900,17200,24400,13400,18500,23800,11400,7000,4200,6300,5800,1800,8900,44500,54600,14700,15600,49200,16400,20800
1422.0,13.41,2762900,36875535.0,13.4,13.39,13.38,13.37,13.36,13.35,13.34,13.33,13.32,13.31,13.41,13.42,13.43,13.44,13.45,13.46,13.47,13.48,13.49,13.5,14900,17200,16500,13400,18500,23800,11400,7000,4200,6300,5300,1800,5900,44500,54600,14700,15600,49200,16400,20800
1423.0,13.41,2763100,36878217.0,13.4,13.39,13.38,13.37,13.36,13.35,13.34,13.33,13.32,13.31,13.41,13.42,13.43,13.44,13.45,13.46,13.47,13.48,13.49,13.5,15000,17200,16500,13400,18500,23800,11400,7000,4200,6300,5100,1800,5900,44500,54600,14700,15600,49300,16400,20800
1424.0,13.41,2764100,36891627.0,13.4,13.39,13.38,13.37,13.36,13.35,13.34,13.33,13.32,13.31,13.41,13.42,13.43,13.44,13.45,13.46,13.47,13.48,13.49,13.5,15000,15700,16500,13400,18500,23800,11400,7000,4200,6300,4100,1800,5900,44500,54600,14700,15600,49300,16400,20800
1425.0,13.41,2765500,36910401.0,13.4,13.39,13.38,13.37,13.36,13.35,13.34,13.33,13.32,13.31,13.41,13.42,13.43,13.44,13.45,13.46,13.47,13.48,13.49,13.5,15700,15700,16500,13400,18500,23800,11400,7000,4200,6300,2700,1800,5900,44500,54600,14700,15600,49300,16400,20800
1426.0,13.41,2768300,36947942.0,13.4,13.39,13.38,13.37,13.36,13.35,13.34,13.33,13.32,13.31,13.41,13.42,13.43,13.44,13.45,13.46,13.47,13.48,13.49,13.5,15000,17100,16500,13400,18500,23800,11400,7000,4200,6300,600,1800,5900,44500,54600,14700,15600,54000,16400,20800
1427.0,13.41,2768300,36947942.0,13.4,13.39,13.38,13.37,13.36,13.35,13.34,13.33,13.32,13.31,13.41,13.42,13.43,13.44,13.45,13.46,13.47,13.48,13.49,13.5,15000,17100,16500,13400,18500,23800,11400,7000,4200,6300,3600,1800,5900,44500,54600,14700,15600,54000,16400,20800
1428.0,13.41,2768600,36951965.0,13.4,13.39,13.38,13.37,13.36,13.35,13.34,13.33,13.32,13.31,13.41,13.42,13.43,13.44,13.45,13.46,13.47,13.48,13.49,13.5,16000,17100,16500,13400,18500,23800,11400,7000,4200,6300,3300,1800,5900,44500,54600,14700,15600,54000,16400,20800
1429.0,13.41,2769000,36957329.0,13.4,13.39,13.38,13.37,13.36,13.35,13.34,13.33,13.32,13.31,13.41,13.42,13.43,13.44,13.45,13.46,13.47,13.48,13.49,13.5,16000,17100,16500,13100,18500,23800,11400,7000,4200,6300,4600,1800,5900,44500,54600,14700,15600,54000,16400,20800
1430.0,13.41,2769000,36957329.0,13.4,13.39,13.38,13.37,13.36,13.35,13.34,13.33,13.32,13.31,13.41,13.42,13.43,13.44,13.45,13.46,13.47,13.48,13.49,13.5,17000,17100,16500,13100,18500,23800,11400,7000,4200,6300,4600,1800,5900,44500,54600,14700,15600,54000,16400,20800
1431.0,13.41,2769400,36962693.0,13.4,13.39,13.38,13.37,13.36,13.35,13.34,13.33,13.32,13.31,13.41,13.42,13.43,13.44,13.45,13.46,13.47,13.48,13.49,13.5,17000,17100,16500,13100,18700,23800,11400,7000,4200,6300,4200,1800,5900,44500,54600,14700,15600,54000,16400,20800
1432.0,13.41,2772900,37009610.0,13.4,13.39,13.38,13.37,13.36,13.35,13.34,13.33,13.32,13.31,13.41,13.42,13.43,13.44,13.45,13.46,13.47,13.48,13.49,13.5,15200,17100,16500,13100,18700,23800,11400,7000,4200,6300,3900,1800,5900,44500,54600,14700,15600,54000,16400,20800
1433.0,13.41,2776900,37063243.0,13.4,13.39,13.38,13.37,13.36,13.35,13.34,13.33,13.32,13.31,13.41,13.42,13.43,13.44,13.45,13.46,13.47,13.48,13.49,13.5,15000,17100,16500,13100,18700,23800,11400,7000,4200,6300,600,1800,5900,44500,54600,14700,15600,54000,16400,20800
1434.0,13.41,2776900,37063243.0,13.4,13.39,13.38,13.37,13.36,13.35,13.34,13.33,13.32,13.31,13.41,13.42,13.43,13.44,13.45,13.46,13.47,13.48,13.49,13.5,15000,17100,16500,13100,18700,23800,11400,7000,4200,6300,600,1800,5900,44500,54600,14700,15600,54000,16400,20800
1435.0,13.41,2776900,37063243.0,13.4,13.39,13.38,13.37,13.36,13.35,13.34,13.33,13.32,13.31,13.41,13.42,13.43,13.44,13.45,13.46,13.47,13.48,13.49,13.5,15500,17100,16500,13100,18700,23800,11400,7000,4200,6300,600,1800,5900,44500,54600,14700,15600,54000,16400,20800
1436.0,13.41,2780200,37107483.0,13.4,13.39,13.38,13.37,13.36,13.35,13.34,13.33,13.32,13.31,13.41,13.42,13.43,13.44,13.45,13.46,13.47,13.48,13.49,13.5,14200,17100,16500,13100,18700,23800,11400,7000,4200,6300,100,1800,5900,44500,54600,14700,15600,54000,16400,20800
1437.0,13.43,2783300,37149096.0,13.4,13.39,13.38,13.37,13.36,13.35,13.34,13.33,13.32,13.31,13.43,13.44,13.45,13.46,13.47,13.48,13.49,13.5,13.51,13.52,14200,17400,16500,13100,18700,23800,11400,7000,4200,6300,4700,44500,54600,14700,15600,54000,16400,20800,1000,5400
1438.0,13.43,2783300,37149096.0,13.4,13.39,13.38,13.37,13.36,13.35,13.34,13.33,13.32,13.31,13.43,13.44,13.45,13.46,13.47,13.48,13.49,13.5,13.51,13.52,14700,17400,16500,13100,18700,23800,11400,7000,4200,6300,5100,44500,54600,14700,15600,54000,16400,20800,1000,5400
1439.0,13.43,2783300,37149096.0,13.4,13.39,13.38,13.37,13.36,13.35,13.34,13.33,13.32,13.31,13.43,13.44,13.45,13.46,13.47,13.48,13.49,13.5,13.51,13.52,17200,17400,16500,13100,18700,23800,11400,7000,4200,6300,6500,44500,54600,14700,15600,54000,16400,20800,1000,5400
1440.0,13.4,2784000,37158476.0,13.41,13.4,13.39,13.38,13.37,13.36,13.35,13.34,13.33,13.32,13.43,13.44,13.45,13.46,13.47,13.48,13.49,13.5,13.51,13.52,3100,16700,17400,16500,13100,18700,23800,11400,7000,4200,6500,44500,54800,14700,15600,54000,16400,20800,1000,5400
1441.0,13.41,2785100,37173239.0,13.41,13.4,13.39,13.38,13.37,13.36,13.35,13.34,13.33,13.32,13.43,13.44,13.45,13.46,13.47,13.48,13.49,13.5,13.51,13.52,4200,21700,17400,16500,13100,18700,23800,11400,7000,4200,7200,44500,54800,14700,15600,54000,16400,20800,1000,5400
1442.0,13.4,2794900,37304606.0,13.4,13.39,13.38,13.37,13.36,13.35,13.34,13.33,13.32,13.31,13.41,13.43,13.44,13.45,13.46,13.47,13.48,13.49,13.5,13.51,16600,17400,16500,13100,18700,23800,11400,7000,4200,6300,700,7700,44500,46800,14700,15600,54000,16400,20800,1000
1443.0,13.4,2795700,37315326.0,13.4,13.39,13.38,13.37,13.36,13.35,13.34,13.33,13.32,13.31,13.41,13.43,13.44,13.45,13.46,13.47,13.48,13.49,13.5,13.51,15800,17400,16500,13100,18700,23800,11400,7000,4200,6300,700,7700,44500,46400,14700,15600,54000,16400,20800,1000
1444.0,13.4,2812200,37536440.0,13.4,13.39,13.38,13.37,13.36,13.35,13.34,13.33,13.32,13.31,13.41,13.42,13.43,13.44,13.45,13.46,13.47,13.48,13.49,13.5,700,17400,16500,13100,18700,23800,11400,7000,4200,6300,1700,200,7700,44500,46400,14700,15600,54000,16400,20800
1445.0,13.41,2820900,37653031.0,13.4,13.39,13.38,13.37,13.36,13.35,13.34,13.33,13.32,13.31,13.41,13.42,13.43,13.44,13.45,13.46,13.47,13.48,13.49,13.5,7900,17400,16500,13100,18700,23800,11400,7000,4200,6300,600,200,7700,44500,46400,14700,15600,54000,16400,20800
1446.0,13.41,2821000,37654372.0,13.4,13.39,13.38,13.37,13.36,13.35,13.34,13.33,13.32,13.31,13.41,13.42,13.43,13.44,13.45,13.46,13.47,13.48,13.49,13.5,8900,17400,16500,13100,18700,23800,11400,7000,4200,6300,2300,200,7700,44500,46400,14700,15600,54000,16400,20800
1447.0,13.41,2828500,37754881.0,13.4,13.39,13.38,13.37,13.36,13.35,13.34,13.33,13.32,13.31,13.41,13.42,13.43,13.44,13.45,13.46,13.47,13.48,13.49,13.5,2300,18400,16500,13100,18700,23800,11400,7000,4200,6300,3800,200,7700,44500,46400,14700,15600,54000,16400,21800
1448.0,13.41,2828500,37754881.0,13.4,13.39,13.38,13.37,13.36,13.35,13.34,13.33,13.32,13.31,13.41,13.42,13.43,13.44,13.45,13.46,13.47,13.48,13.49,13.5,2300,18400,16500,13100,18700,23800,11400,7000,4200,6300,3800,200,7700,44500,45700,14700,15600,54000,16400,21800
1449.0,13.4,2831000,37788381.0,13.4,13.39,13.38,13.37,13.36,13.35,13.34,13.33,13.32,13.31,13.41,13.42,13.43,13.44,13.45,13.46,13.47,13.48,13.49,13.5,100,18400,16500,13100,18700,23800,11400,7000,4200,6300,3800,200,7700,44500,45700,14700,15600,54000,16400,21800
1450.0,13.4,2831000,37788381.0,13.4,13.39,13.38,13.37,13.36,13.35,13.34,13.33,13.32,13.31,13.41,13.42,13.43,13.44,13.45,13.46,13.47,13.48,13.49,13.5,100,18400,16500,13100,18700,23800,11400,7000,4200,6300,3800,200,7700,44500,45800,14700,15600,54000,16400,21800
1451.0,13.41,2835600,37849985.0,13.39,13.38,13.37,13.36,13.35,13.34,13.33,13.32,13.31,13.3,13.41,13.42,13.43,13.44,13.45,13.46,13.47,13.48,13.49,13.5,14700,16500,13100,18700,23800,11400,7000,4200,6300,16300,8600,200,7700,44500,45800,14700,15600,54000,16400,21800
1452.0,13.39,2842600,37943715.0,13.39,13.38,13.37,13.36,13.35,13.34,13.33,13.32,13.31,13.3,13.41,13.42,13.43,13.44,13.45,13.46,13.47,13.48,13.49,13.5,8300,16500,13100,18700,23800,11400,7000,4200,6300,16300,17200,200,7700,44500,45800,14700,15600,54000,16400,21800
1453.0,13.38,2859800,38173967.0,13.38,13.37,13.36,13.35,13.34,13.33,13.32,13.31,13.3,13.29,13.41,13.42,13.43,13.44,13.45,13.46,13.47,13.48,13.49,13.5,8900,13100,18700,23800,11400,7000,4200,6300,16300,2300,16500,200,7700,44500,45800,14700,15600,54000,16400,21800
1454.0,13.39,2860500,38183340.0,13.39,13.38,13.37,13.36,13.35,13.34,13.33,13.32,13.31,13.3,13.41,13.42,13.43,13.44,13.45,13.46,13.47,13.48,13.49,13.5,1300,10600,13100,18700,23800,11400,7000,4200,6300,16300,19100,200,7700,44500,45800,14700,15600,54000,16400,21800
1455.0,13.39,2860500,38183340.0,13.39,13.38,13.37,13.36,13.35,13.34,13.33,13.32,13.31,13.3,13.41,13.43,13.44,13.45,13.46,13.47,13.48,13.49,13.5,13.51,2000,10600,13100,18700,23800,11400,7000,4200,6300,16300,19800,7700,44500,45800,14700,15600,54000,16400,21800,1000
1456.0,13.41,2861200,38192727.0,13.39,13.38,13.37,13.36,13.35,13.34,13.33,13.32,13.31,13.3,13.41,13.43,13.44,13.45,13.46,13.47,13.48,13.49,13.5,13.51,4700,10600,13100,18700,22800,11400,7000,4200,6300,16300,21800,7700,44500,45800,14700,15600,54000,16400,21800,1000
1457.0,13.41,2862400,38208817.0,13.39,13.38,13.37,13.36,13.35,13.34,13.33,13.32,13.31,13.3,13.41,13.43,13.44,13.45,13.46,13.47,13.48,13.49,13.5,13.51,4600,10600,13100,18700,22800,11400,7000,4200,6300,16300,20700,7700,44500,45800,14700,15600,54000,16400,21800,1000
1458.0,13.41,2862400,38208817.0,13.39,13.38,13.37,13.36,13.35,13.34,13.33,13.32,13.31,13.3,13.41,13.43,13.44,13.45,13.46,13.47,13.48,13.49,13.5,13.51,6300,10600,13100,18700,22800,11400,7000,4200,6300,16300,24100,7700,44500,45800,14700,15600,54000,16400,21800,1000
1459.0,13.41,2864200,38232931.0,13.39,13.38,13.37,13.36,13.35,13.34,13.33,13.32,13.31,13.3,13.41,13.43,13.44,13.45,13.46,13.47,13.48,13.49,13.5,13.51,6800,10600,11100,18700,22800,11400,7000,4200,6300,16300,23500,7700,44500,45800,14700,15600,54000,16400,21800,1000
1460.0,13.39,2866300,38261088.0,13.39,13.38,13.37,13.36,13.35,13.34,13.33,13.32,13.31,13.3,13.41,13.42,13.43,13.44,13.45,13.46,13.47,13.48,13.49,13.5,6600,10600,16400,18700,22800,11400,7000,4200,6300,16300,21600,21200,7700,44500,45400,14700,15600,54000,16400,20800
1461.0,13.39,2866300,38261088.0,13.39,13.38,13.37,13.36,13.35,13.34,13.33,13.32,13.31,13.3,13.41,13.42,13.43,13.44,13.45,13.46,13.47,13.48,13.49,13.5,13000,10600,16400,18700,22800,11400,7000,4200,6300,16300,35000,21200,7700,44500,45400,14700,15600,54000,16400,20800
1462.0,13.39,2867100,38271800.0,13.39,13.38,13.37,13.36,13.35,13.34,13.33,13.32,13.31,13.3,13.41,13.42,13.43,13.44,13.45,13.46,13.47,13.48,13.49,13.5,32000,10600,16400,18700,22800,11400,7000,4200,6300,16300,35000,21200,7700,44500,45400,14700,15600,54000,16400,20800
1463.0,13.39,2868000,38283865.0,13.39,13.38,13.37,13.36,13.35,13.34,13.33,13.32,13.31,13.3,13.41,13.42,13.43,13.44,13.45,13.46,13.47,13.48,13.49,13.5,37800,11600,16400,18700,22800,11400,7000,4200,6300,16300,36000,21200,7700,44500,45400,14700,15600,54000,16400,20800
1464.0,13.39,2868000,38283865.0,13.39,13.38,13.37,13.36,13.35,13.34,13.33,13.32,13.31,13.3,13.41,13.42,13.43,13.44,13.45,13.46,13.47,13.48,13.49,13.5,38500,11600,16400,18700,22800,11400,7000,4200,6300,16300,36700,21200,7700,44500,45400,14700,15600,54000,16400,20800
1465.0,13.39,2868000,38283865.0,13.39,13.38,13.37,13.36,13.35,13.34,13.33,13.32,13.31,13.3,13.41,13.42,13.43,13.44,13.45,13.46,13.47,13.48,13.49,13.5,38500,11600,16400,18700,22800,11400,7000,4200,6300,16300,35700,21600,7700,44500,45400,14700,15600,54000,16400,20800
1466.0,13.39,2868000,38283865.0,13.39,13.38,13.37,13.36,13.35,13.34,13.33,13.32,13.31,13.3,13.41,13.42,13.43,13.44,13.45,13.46,13.47,13.48,13.49,13.5,34500,11600,16400,18700,22800,11400,7000,4200,6300,16300,36700,21600,7700,44500,45400,14700,15600,54000,16400,20800
1467.0,13.41,2868400,38289229.0,13.39,13.38,13.37,13.36,13.35,13.34,13.33,13.32,13.31,13.3,13.41,13.42,13.43,13.44,13.45,13.46,13.47,13.48,13.49,13.5,35200,11600,16400,18700,22800,11400,7000,4200,6300,16300,37900,21600,7700,44500,45400,14700,15600,54000,16400,20800
1468.0,13.41,2868400,38289229.0,13.39,13.38,13.37,13.36,13.35,13.34,13.33,13.32,13.31,13.3,13.41,13.42,13.43,13.44,13.45,13.46,13.47,13.48,13.49,13.5,36200,11600,16400,18700,22800,11400,7000,4200,6300,16300,38900,21600,7700,44500,45400,14700,15600,54000,16400,20800
1469.0,13.41,2874100,38365652.0,13.4,13.39,13.38,13.37,13.36,13.35,13.34,13.33,13.32,13.31,13.41,13.42,13.43,13.44,13.45,13.46,13.47,13.48,13.49,13.5,11700,35500,11600,16400,18700,22800,11400,7000,4200,6300,33900,21600,7700,44500,45400,14700,18600,54000,16400,18800
1470.0,13.41,2899700,38708927.0,13.4,13.39,13.38,13.37,13.36,13.35,13.34,13.33,13.32,13.31,13.41,13.42,13.43,13.44,13.45,13.46,13.47,13.48,13.49,13.5,9600,35500,11600,16400,18700,22800,11400,7000,4200,6300,10400,21600,7700,36900,45400,14700,18600,54000,16400,18800
1471.0,13.4,2899900,38711607.0,13.4,13.39,13.38,13.37,13.36,13.35,13.34,13.33,13.32,13.31,13.41,13.42,13.43,13.44,13.45,13.46,13.47,13.48,13.49,13.5,9400,35500,11600,16400,18700,22800,11400,7000,4200,6300,10400,21600,7700,36900,45400,14700,18600,54000,16400,18800
1472.0,13.39,2912700,38883093.0,13.39,13.38,13.37,13.36,13.35,13.34,13.33,13.32,13.31,13.3,13.41,13.42,13.43,13.44,13.45,13.46,13.47,13.48,13.49,13.5,32100,11600,16400,18700,22800,11400,7000,4200,6300,16300,10400,21600,7700,36900,45400,14700,18600,54000,16400,18800
1473.0,13.41,2916500,38934029.0,13.39,13.38,13.37,13.36,13.35,13.34,13.33,13.32,13.31,13.3,13.41,13.42,13.43,13.44,13.45,13.46,13.47,13.48,13.49,13.5,33600,12600,16400,18700,22800,11400,7000,4200,6300,16300,10300,21600,7700,36900,45400,14700,18600,54000,16400,18800
1474.0,13.41,2916500,38934029.0,13.39,13.38,13.37,13.36,13.35,13.34,13.33,13.32,13.31,13.3,13.41,13.42,13.43,13.44,13.45,13.46,13.47,13.48,13.49,13.5,33600,12600,16400,18700,21800,11400,7000,4200,6300,16300,10400,23600,7700,36900,45400,14700,18600,54000,16400,18800
1475.0,13.41,2918200,38956826.0,13.39,13.38,13.37,13.36,13.35,13.34,13.33,13.32,13.31,13.3,13.41,13.42,13.43,13.44,13.45,13.46,13.47,13.48,13.49,13.5,34900,12600,16400,18700,21800,11400,7000,4200,6300,16300,12400,23600,7700,36900,45400,14700,18600,54000,16400,18800
1476.0,13.39,2918900,38966199.0,13.39,13.38,13.37,13.36,13.35,13.34,13.33,13.32,13.31,13.3,13.41,13.42,13.43,13.44,13.45,13.46,13.47,13.48,13.49,13.5,35100,12600,16400,18700,21800,11400,7000,4200,6300,16300,13900,23700,7700,36900,45400,14700,18600,54000,16400,18800
1477.0,13.39,2919600,38975572.0,13.39,13.38,13.37,13.36,13.35,13.34,13.33,13.32,13.31,13.3,13.4,13.41,13.42,13.43,13.44,13.45,13.46,13.47,13.48,13.49,34400,12600,16400,18700,21800,11400,7000,4200,6300,16300,700,14500,23700,7700,36900,45400,14700,18600,54000,16400
1478.0,13.39,2919600,38975572.0,13.39,13.38,13.37,13.36,13.35,13.34,13.33,13.32,13.31,13.3,13.4,13.41,13.42,13.43,13.44,13.45,13.46,13.47,13.48,13.49,34400,12600,16400,18700,21800,11400,7000,4200,6300,16300,700,19400,23700,7700,36900,45400,14700,18600,54000,16400
1479.0,13.39,2919600,38975572.0,13.39,13.38,13.37,13.36,13.35,13.34,13.33,13.32,13.31,13.3,13.4,13.41,13.42,13.43,13.44,13.45,13.46,13.47,13.48,13.49,34400,12600,16400,18700,21800,11400,7000,4200,6300,16300,700,20200,23700,7700,36900,45400,14700,18600,54000,16400
1480.0,13.39,2919600,38975572.0,13.39,13.38,13.37,13.36,13.35,13.34,13.33,13.32,13.31,13.3,13.4,13.41,13.42,13.43,13.44,13.45,13.46,13.47,13.48,13.49,34400,12600,16400,18700,21800,11400,7000,4200,6300,16300,700,20200,23700,7700,36900,45400,14700,18600,54000,16400
1481.0,13.39,2921000,38994318.0,13.39,13.38,13.37,13.36,13.35,13.34,13.33,13.32,13.31,13.3,13.4,13.41,13.42,13.43,13.44,13.45,13.46,13.47,13.48,13.49,33100,12600,16400,18700,21800,11400,7000,4200,6300,16300,700,20200,23700,7700,36900,45400,14700,18600,54000,16400
1482.0,13.4,2921800,39005038.0,13.4,13.39,13.38,13.37,13.36,13.35,13.34,13.33,13.32,13.31,13.41,13.42,13.43,13.44,13.45,13.46,13.47,13.48,13.49,13.5,4300,33100,12600,16400,18700,21800,11400,7000,4200,6300,20200,23700,7700,36900,45400,14700,18600,54000,16400,18900
1483.0,13.4,2922200,39010398.0,13.4,13.39,13.38,13.37,13.36,13.35,13.34,13.33,13.32,13.31,13.41,13.42,13.43,13.44,13.45,13.46,13.47,13.48,13.49,13.5,3900,33100,12600,16400,18700,21800,11400,7000,4200,6300,30900,23900,7700,36900,45400,14700,18600,54000,16400,18900
1484.0,13.4,2926100,39062658.0,13.39,13.38,13.37,13.36,13.35,13.34,13.33,13.32,13.31,13.3,13.4,13.41,13.42,13.43,13.44,13.45,13.46,13.47,13.48,13.49,33100,12600,16400,18700,21800,11400,7000,4200,6300,16300,1900,30900,23900,7700,36900,45400,14700,18600,54000,16400
1485.0,13.4,2927100,39076058.0,13.39,13.38,13.37,13.36,13.35,13.34,13.33,13.32,13.31,13.3,13.4,13.41,13.42,13.43,13.44,13.45,13.46,13.47,13.48,13.49,33100,12600,16400,18700,21800,11400,7000,4200,6300,16300,900,38100,23900,7700,36900,45400,14700,18600,56300,16400
1486.0,13.4,2927100,39076058.0,13.39,13.38,13.37,13.36,13.35,13.34,13.33,13.32,13.31,13.3,13.4,13.41,13.42,13.43,13.44,13.45,13.46,13.47,13.48,13.49,33100,12600,16400,18700,21800,11400,7000,4200,6300,16300,900,38100,23500,7700,36900,45400,14700,18600,56300,16400
1487.0,13.4,2927100,39076058.0,13.39,13.38,13.37,13.36,13.35,13.34,13.33,13.32,13.31,13.3,13.4,13.41,13.42,13.43,13.44,13.45,13.46,13.47,13.48,13.49,33100,13600,16400,18700,21800,11400,7000,4200,6300,16300,3600,38100,23500,7700,36900,45400,14700,18600,56300,16400
1488.0,13.4,2927100,39076058.0,13.39,13.38,13.37,13.36,13.35,13.34,13.33,13.32,13.31,13.3,13.4,13.41,13.42,13.43,13.44,13.45,13.46,13.47,13.48,13.49,33100,13600,16400,18700,21800,11400,7000,4200,6300,16300,4100,42900,23500,7700,36900,45400,14700,18600,56300,16400
1489.0,13.39,2930800,39125618.0,13.39,13.38,13.37,13.36,13.35,13.34,13.33,13.32,13.31,13.3,13.4,13.41,13.42,13.43,13.44,13.45,13.46,13.47,13.48,13.49,31100,13600,16400,18700,21800,11400,7000,4200,6300,16300,2700,42900,23500,7700,36900,45400,14700,18600,56300,16400
1490.0,13.39,2934000,39168468.0,13.39,13.38,13.37,13.36,13.35,13.34,13.33,13.32,13.31,13.3,13.4,13.41,13.42,13.43,13.44,13.45,13.46,13.47,13.48,13.49,28100,13600,16400,18700,21800,11400,7000,4200,6300,16300,2500,42900,23500,7700,36900,45400,14700,18600,56300,16400
1491.0,13.39,2938900,39234117.0,13.39,13.38,13.37,13.36,13.35,13.34,13.33,13.32,13.31,13.3,13.4,13.41,13.42,13.43,13.44,13.45,13.46,13.47,13.48,13.49,26400,13900,16400,18700,21800,11400,7000,4200,6300,16300,100,42300,23500,7700,36900,45400,14700,18600,56300,16400
1492.0,13.39,2943400,39294372.0,13.39,13.38,13.37,13.36,13.35,13.34,13.33,13.32,13.31,13.3,13.4,13.41,13.42,13.43,13.44,13.45,13.46,13.47,13.48,13.49,21900,13900,16400,18700,21800,11400,7000,4200,6300,16300,4500,42300,23500,7700,36900,45400,14700,18600,56300,16400
1493.0,13.39,2946100,39330534.0,13.39,13.38,13.37,13.36,13.35,13.34,13.33,13.32,13.31,13.3,13.4,13.41,13.42,13.43,13.44,13.45,13.46,13.47,13.48,13.49,20100,13900,16400,18700,21800,11400,7000,4200,6300,16300,3600,42300,23500,7700,36900,45400,14700,18600,56300,16400
1494.0,13.39,2947700,39351973.0,13.39,13.38,13.37,13.36,13.35,13.34,13.33,13.32,13.31,13.3,13.4,13.41,13.42,13.43,13.44,13.45,13.46,13.47,13.48,13.49,20100,13900,16400,18700,21800,11400,7000,4200,6300,16300,2100,42300,23400,7700,36900,45400,14700,18600,56300,16400
1495.0,13.39,2947700,39351973.0,13.39,13.38,13.37,13.36,13.35,13.34,13.33,13.32,13.31,13.3,13.4,13.41,13.42,13.43,13.44,13.45,13.46,13.47,13.48,13.49,20100,13900,16400,18700,21800,11400,7000,4200,6300,16300,2100,42300,23400,7700,36900,45400,14700,15600,56300,11700
1496.0,13.4,2950800,39393502.0,13.39,13.38,13.37,13.36,13.35,13.34,13.33,13.32,13.31,13.3,13.4,13.41,13.42,13.43,13.44,13.45,13.46,13.47,13.48,13.49,19000,13900,16400,18700,21800,11400,7000,4200,6300,16300,800,42300,24400,7700,36900,45400,14700,15600,56300,11700
1497.0,13.39,2951500,39402875.0,13.39,13.38,13.37,13.36,13.35,13.34,13.33,13.32,13.31,13.3,13.4,13.41,13.42,13.43,13.44,13.45,13.46,13.47,13.48,13.49,19800,13900,16400,18700,21800,11400,7000,4200,6300,16300,1800,42300,24400,7700,36900,45400,14700,15600,56300,11700
1498.0,13.39,2952000,39409570.0,13.39,13.38,13.37,13.36,13.35,13.34,13.33,13.32,13.31,13.3,13.4,13.41,13.42,13.43,13.44,13.45,13.46,13.47,13.48,13.49,19300,13900,16400,18700,21800,11400,7000,4200,6300,16300,1800,42300,24400,7700,36900,45400,14700,15600,56300,11700
1499.0,13.39,2952000,39409570.0,13.39,13.38,13.37,13.36,13.35,13.34,13.33,13.32,13.31,13.3,13.4,13.41,13.42,13.43,13.44,13.45,13.46,13.47,13.48,13.49,20400,13900,16400,18700,21800,11400,7000,4200,6300,16300,1800,37800,24400,7700,36900,45400,14700,15600,56300,11700
1500.0,13.39,2955800,39460452.0,13.39,13.38,13.37,13.36,13.35,13.34,13.33,13.32,13.31,13.3,13.4,13.41,13.42,13.43,13.44,13.45,13.46,13.47,13.48,13.49,16600,13900,16400,18700,21800,11400,7000,4200,6300,16300,1800,37800,24400,7700,36900,45400,14700,15600,56300,11700
1501.0,13.39,2957100,39477860.0,13.39,13.38,13.37,13.36,13.35,13.34,13.33,13.32,13.31,13.3,13.4,13.41,13.42,13.43,13.44,13.45,13.46,13.47,13.48,13.49,15400,13900,16400,18700,21800,11400,7000,4200,6300,16300,1700,37800,24400,7700,36900,45400,14700,15600,56300,11700
1502.0,13.4,2958800,39500640.0,13.4,13.39,13.38,13.37,13.36,13.35,13.34,13.33,13.32,13.31,13.41,13.42,13.43,13.44,13.45,13.46,13.47,13.48,13.49,13.5,1000,15400,13900,16400,18700,21800,11400,7000,4200,6300,37800,24400,7700,36900,45400,14700,15600,51600,11700,16900
1503.0,13.4,2959500,39510020.0,13.4,13.39,13.38,13.37,13.36,13.35,13.34,13.33,13.32,13.31,13.41,13.42,13.43,13.44,13.45,13.46,13.47,13.48,13.49,13.5,300,15400,13900,16400,18700,21800,11400,7000,4200,6300,37800,24400,7700,36900,45400,14700,15600,52000,11700,16900
1504.0,13.4,2959800,39514040.0,13.39,13.38,13.37,13.36,13.35,13.34,13.33,13.32,13.31,13.3,13.4,13.41,13.42,13.43,13.44,13.45,13.46,13.47,13.48,13.49,15400,13900,16400,18700,21800,11400,7000,4200,6300,16300,100,37800,24400,7700,36900,45400,14700,15600,52000,13600
1505.0,13.4,2959800,39514040.0,13.39,13.38,13.37,13.36,13.35,13.34,13.33,13.32,13.31,13.3,13.4,13.41,13.42,13.43,13.44,13.45,13.46,13.47,13.48,13.49,15400,13900,16400,18700,21800,11400,7000,4200,6300,16300,600,37800,24400,7700,36900,45400,14700,15600,52000,13600
1506.0,13.4,2959800,39514040.0,13.39,13.38,13.37,13.36,13.35,13.34,13.33,13.32,13.31,13.3,13.4,13.41,13.42,13.43,13.44,13.45,13.46,13.47,13.48,13.49,15400,13900,16400,18700,21800,11400,7000,4200,6300,16300,2900,37800,24400,7700,36900,45400,14700,15600,52000,13600
1507.0,13.4,2960000,39516720.0,13.39,13.38,13.37,13.36,13.35,13.34,13.33,13.32,13.31,13.3,13.4,13.41,13.42,13.43,13.44,13.45,13.46,13.47,13.48,13.49,19800,13900,16400,18700,21800,11400,7000,4200,6300,16300,2700,37800,24400,7700,36900,45400,14700,15600,52000,13600
1508.0,13.4,2960000,39516720.0,13.39,13.38,13.37,13.36,13.35,13.34,13.33,13.32,13.31,13.3,13.4,13.41,13.42,13.43,13.44,13.45,13.46,13.47,13.48,13.49,19800,13900,16400,18700,21800,11400,7000,4200,6300,16300,2700,37800,24400,7700,36900,45400,14700,15600,52000,13600
1509.0,13.4,2960000,39516720.0,13.39,13.38,13.37,13.36,13.35,13.34,13.33,13.32,13.31,13.3,13.4,13.41,13.42,13.43,13.44,13.45,13.46,13.47,13.48,13.49,20600,13900,16400,18700,21800,11400,7000,4200,6300,16300,3700,37800,24400,7700,36900,45400,14700,15600,52000,13600
1510.0,13.4,2960400,39522080.0,13.39,13.38,13.37,13.36,13.35,13.34,13.33,13.32,13.31,13.3,13.4,13.41,13.42,13.43,13.44,13.45,13.46,13.47,13.48,13.49,20700,13900,16400,18700,21800,11400,7000,4200,6300,16300,5300,37800,22400,7700,36900,45400,14700,15600,52000,13600
1511.0,13.39,2968400,39629202.0,13.39,13.38,13.37,13.36,13.35,13.34,13.33,13.32,13.31,13.3,13.4,13.41,13.42,13.43,13.44,13.45,13.46,13.47,13.48,13.49,12900,13900,16400,18700,21800,11400,7000,4200,6300,16300,5100,37800,22400,7700,36900,45400,14700,15600,52000,13600
1512.0,13.4,2970200,39653315.0,13.39,13.38,13.37,13.36,13.35,13.34,13.33,13.32,13.31,13.3,13.4,13.41,13.42,13.43,13.44,13.45,13.46,13.47,13.48,13.49,12200,13900,16400,18700,21800,11400,7000,4200,6300,16300,4000,37800,22400,7700,36900,45400,14700,15600,52000,13600
1513.0,13.4,2970200,39653315.0,13.39,13.38,13.37,13.36,13.35,13.34,13.33,13.32,13.31,13.3,13.4,13.41,13.42,13.43,13.44,13.45,13.46,13.47,13.48,13.49,12200,13900,16400,18700,21800,11400,7000,4200,6300,16300,4000,37800,22400,7700,36900,45400,14700,15600,52000,13600
1514.0,13.4,2970200,39653315.0,13.39,13.38,13.37,13.36,13.35,13.34,13.33,13.32,13.31,13.3,13.4,13.41,13.42,13.43,13.44,13.45,13.46,13.47,13.48,13.49,12200,13900,16400,18700,21800,11400,7000,4200,6300,16300,4000,39800,22400,7700,36900,45400,14700,15600,52000,13600
1515.0,13.4,2976600,39739013.0,13.39,13.38,13.37,13.36,13.35,13.34,13.33,13.32,13.31,13.3,13.4,13.41,13.42,13.43,13.44,13.45,13.46,13.47,13.48,13.49,6000,13900,16400,18700,21800,11400,7000,4200,6300,16300,3800,39800,22200,7700,36900,45400,14700,15600,52000,13600
1516.0,13.4,2977300,39748393.0,13.39,13.38,13.37,13.36,13.35,13.34,13.33,13.32,13.31,13.3,13.4,13.41,13.42,13.43,13.44,13.45,13.46,13.47,13.48,13.49,6400,13900,16400,18700,21800,11400,7000,4200,6300,16300,3100,39800,22200,7700,36900,45400,14700,15600,52000,13600
1517.0,13.39,2977900,39756427.0,13.39,13.38,13.37,13.36,13.35,13.34,13.33,13.32,13.31,13.3,13.4,13.41,13.42,13.43,13.44,13.45,13.46,13.47,13.48,13.49,5800,13900,16400,18700,21800,11400,7000,4200,6300,16300,3100,39800,22200,7700,36900,45400,14700,15600,52000,13600
1518.0,13.39,2983200,39827394.0,13.39,13.38,13.37,13.36,13.35,13.34,13.33,13.32,13.31,13.3,13.4,13.41,13.42,13.43,13.44,13.45,13.46,13.47,13.48,13.49,500,13900,16400,18700,21800,11400,7000,4200,6300,16300,3200,39800,22200,7700,36900,45400,14700,15600,52000,13600
1519.0,13.39,2983200,39827394.0,13.39,13.38,13.37,13.36,13.35,13.34,13.33,13.32,13.31,13.3,13.4,13.41,13.42,13.43,13.44,13.45,13.46,13.47,13.48,13.49,500,13900,16400,18700,21800,11400,7000,4200,6300,16300,3200,40400,25200,7700,36900,45400,14700,15600,52000,13600
1520.0,13.39,2983200,39827394.0,13.39,13.38,13.37,13.36,13.35,13.34,13.33,13.32,13.31,13.3,13.4,13.41,13.42,13.43,13.44,13.45,13.46,13.47,13.48,13.49,500,13900,16400,18700,21800,11400,7000,4200,6300,16300,3200,37400,25200,7700,36900,45400,14700,15600,52000,13600
1521.0,13.39,2983300,39828733.0,13.39,13.38,13.37,13.36,13.35,13.34,13.33,13.32,13.31,13.3,13.4,13.41,13.42,13.43,13.44,13.45,13.46,13.47,13.48,13.49,400,13900,16400,18700,21800,11400,7000,4200,6300,16300,3600,52400,25200,7700,36900,45400,14700,15600,52000,13600
1522.0,13.4,2984400,39843473.0,13.39,13.38,13.37,13.36,13.35,13.34,13.33,13.32,13.31,13.3,13.4,13.41,13.42,13.43,13.44,13.45,13.46,13.47,13.48,13.49,900,13900,16400,18700,21800,11400,7000,4200,6300,16300,2500,52400,24500,7700,36900,45400,14700,15600,52000,13600
1523.0,13.4,2984400,39843473.0,13.39,13.38,13.37,13.36,13.35,13.34,13.33,13.32,13.31,13.3,13.4,13.41,13.42,13.43,13.44,13.45,13.46,13.47,13.48,13.49,900,13900,16400,18700,21800,11400,7000,4200,6300,16300,2500,53200,24500,7700,36900,45400,14700,15600,52000,13600
1524.0,13.38,2985600,39859538.0,13.38,13.37,13.36,13.35,13.34,13.33,13.32,13.31,13.3,13.29,13.39,13.4,13.41,13.42,13.43,13.44,13.45,13.46,13.47,13.48,16700,16400,18700,21800,11400,7000,4200,6300,16300,2300,100,2500,53200,24500,7700,36900,45400,14700,15600,52000
1525.0,13.39,2985700,39860877.0,13.38,13.37,13.36,13.35,13.34,13.33,13.32,13.31,13.3,13.29,13.4,13.41,13.42,13.43,13.44,13.45,13.46,13.47,13.48,13.49,16700,16400,18700,21800,11400,7000,4200,6300,16300,2300,2500,53200,24500,7700,36900,45400,14700,15600,52000,13600
1526.0,13.4,2987400,39883639.0,13.38,13.37,13.36,13.35,13.34,13.33,13.32,13.31,13.3,13.29,13.4,13.41,13.42,13.43,13.44,13.45,13.46,13.47,13.48,13.49,16900,16400,18700,22500,11400,7000,4200,6300,16300,2300,3900,53200,24500,7700,36900,45400,14700,15600,52000,13600
1527.0,13.4,2987400,39883639.0,13.38,13.37,13.36,13.35,13.34,13.33,13.32,13.31,13.3,13.29,13.4,13.41,13.42,13.43,13.44,13.45,13.46,13.47,13.48,13.49,16900,17100,18700,22500,11400,7000,4200,6300,16300,2300,3900,53200,24500,7700,36900,45400,14700,15600,52000,13600
1528.0,13.4,2988100,39893019.0,13.38,13.37,13.36,13.35,13.34,13.33,13.32,13.31,13.3,13.29,13.4,13.41,13.42,13.43,13.44,13.45,13.46,13.47,13.48,13.49,17900,17100,18700,22500,11400,7000,4200,6300,16300,2300,4200,53200,24500,7700,36900,45400,14700,15600,52000,13600
1529.0,13.38,2991100,39933159.0,13.38,13.37,13.36,13.35,13.34,13.33,13.32,13.31,13.3,13.29,13.4,13.41,13.42,13.43,13.44,13.45,13.46,13.47,13.48,13.49,15900,17100,18700,22500,11400,7000,4200,6300,16300,2300,5100,53200,24500,7700,36900,45400,14700,15600,52000,13600
1530.0,13.38,2991100,39933159.0,13.39,13.38,13.37,13.36,13.35,13.34,13.33,13.32,13.31,13.3,13.4,13.41,13.42,13.43,13.44,13.45,13.46,13.47,13.48,13.49,100,17300,17100,18700,22500,11400,7000,4200,6300,16300,5100,53200,24500,7700,36900,45400,14700,15600,52000,13600
1531.0,13.38,2991100,39933159.0,13.39,13.38,13.37,13.36,13.35,13.34,13.33,13.32,13.31,13.3,13.4,13.41,13.42,13.43,13.44,13.45,13.46,13.47,13.48,13.49,200,17800,17100,18700,22500,11400,7000,4200,6300,16300,5100,53200,24500,7700,36900,45400,14700,15900,52000,13600
1532.0,13.39,2991600,39939857.0,13.38,13.37,13.36,13.35,13.34,13.33,13.32,13.31,13.3,13.29,13.39,13.4,13.41,13.42,13.43,13.44,13.45,13.46,13.47,13.48,17800,17100,18700,22500,11400,7000,4200,6300,16300,2300,9000,4800,53200,24500,7700,36900,45400,14700,15900,52000
1533.0,13.39,2992400,39950562.0,13.38,13.37,13.36,13.35,13.34,13.33,13.32,13.31,13.3,13.29,13.39,13.4,13.41,13.42,13.43,13.44,13.45,13.46,13.47,13.48,18300,17100,18700,22500,11400,7000,4200,6300,16300,2300,8900,4800,53200,24500,7700,36900,45800,14700,15300,52000
1534.0,13.39,2992400,39950562.0,13.38,13.37,13.36,13.35,13.34,13.33,13.32,13.31,13.3,13.29,13.39,13.4,13.41,13.42,13.43,13.44,13.45,13.46,13.47,13.48,18300,17100,18700,22500,11400,7000,4200,6300,16300,2300,8900,7800,53200,24500,7700,36900,45800,14700,15300,52000
1535.0,13.38,2993300,39962604.0,13.38,13.37,13.36,13.35,13.34,13.33,13.32,13.31,13.3,13.29,13.39,13.4,13.41,13.42,13.43,13.44,13.45,13.46,13.47,13.48,17400,17100,18700,22500,11400,7000,4200,6300,16300,2300,9000,7800,53200,24500,7700,36900,45800,14700,15300,52000
1536.0,13.38,2993800,39969294.0,13.38,13.37,13.36,13.35,13.34,13.33,13.32,13.31,13.3,13.29,13.39,13.4,13.41,13.42,13.43,13.44,13.45,13.46,13.47,13.48,16900,17100,18700,22500,11400,7000,4200,6300,16300,2300,9000,10500,53200,24500,7700,36900,45800,14700,15300,52000
1537.0,13.38,2994500,39978660.0,13.38,13.37,13.36,13.35,13.34,13.33,13.32,13.31,13.3,13.29,13.39,13.4,13.41,13.42,13.43,13.44,13.45,13.46,13.47,13.48,16200,17100,18700,22500,11400,7000,4200,6300,16300,2300,9000,10500,53200,24500,7700,36900,45800,14700,15300,52000
1538.0,13.38,2994500,39978660.0,13.38,13.37,13.36,13.35,13.34,13.33,13.32,13.31,13.3,13.29,13.39,13.4,13.41,13.42,13.43,13.44,13.45,13.46,13.47,13.48,16200,17100,18700,22500,11400,7000,4200,6300,16300,2300,9600,10500,53200,24500,7700,36900,45800,14700,15300,52000
1539.0,13.39,2995900,39997406.0,13.38,13.37,13.36,13.35,13.34,13.33,13.32,13.31,13.3,13.29,13.39,13.4,13.41,13.42,13.43,13.44,13.45,13.46,13.47,13.48,16200,17100,18700,22500,11400,7000,4200,6300,16300,2300,8200,10500,53200,24500,7700,36900,45800,14700,15300,52000
1540.0,13.38,2996600,40006772.0,13.38,13.37,13.36,13.35,13.34,13.33,13.32,13.31,13.3,13.29,13.39,13.4,13.41,13.42,13.43,13.44,13.45,13.46,13.47,13.48,15500,17100,18700,22500,11400,7000,4200,6300,16300,2300,8200,10500,53200,24500,7700,36900,45800,14700,15300,52000
1541.0,13.38,2996600,40006772.0,13.38,13.37,13.36,13.35,13.34,13.33,13.32,13.31,13.3,13.29,13.39,13.4,13.41,13.42,13.43,13.44,13.45,13.46,13.47,13.48,15500,17100,18700,22500,11400,7000,4200,6300,16300,2300,8200,10500,48400,24500,7700,36900,45800,14700,15300,52000
1542.0,13.38,2996700,40008110.0,13.38,13.37,13.36,13.35,13.34,13.33,13.32,13.31,13.3,13.29,13.39,13.4,13.41,13.42,13.43,13.44,13.45,13.46,13.47,13.48,15400,17100,18300,22500,11400,7000,4200,6300,16300,2300,8200,10500,48400,24500,7700,36900,45800,14700,15300,52000
1543.0,13.39,3005800,40129959.0,13.39,13.38,13.37,13.36,13.35,13.34,13.33,13.32,13.31,13.3,13.4,13.41,13.42,13.43,13.44,13.45,13.46,13.47,13.48,13.49,2000,15400,17100,18300,22500,11400,7000,4200,6300,16300,10500,48400,24500,7700,36900,45800,14700,15300,52000,13600
1544.0,13.39,3005800,40129959.0,13.39,13.38,13.37,13.36,13.35,13.34,13.33,13.32,13.31,13.3,13.4,13.41,13.42,13.43,13.44,13.45,13.46,13.47,13.48,13.49,2000,15400,17100,18600,22500,11400,7000,4200,6300,16300,10500,48400,24500,7500,36900,45800,14700,15300,52000,13600
1545.0,13.39,3005800,40129959.0,13.39,13.38,13.37,13.36,13.35,13.34,13.33,13.32,13.31,13.3,13.4,13.41,13.42,13.43,13.44,13.45,13.46,13.47,13.48,13.49,2000,15400,17100,18600,22500,11400,7000,4200,6300,16300,10500,48400,24500,7500,36900,45800,14700,15300,52000,13600
1546.0,13.39,3005800,40129959.0,13.39,13.38,13.37,13.36,13.35,13.34,13.33,13.32,13.31,13.3,13.4,13.41,13.42,13.43,13.44,13.45,13.46,13.47,13.48,13.49,17900,17400,18000,18600,22500,11400,7000,4200,6300,16300,10500,48400,24500,7500,36900,45800,14700,15300,52700,13600
1547.0,13.38,3040800,40598438.0,13.38,13.37,13.36,13.35,13.34,13.33,13.32,13.31,13.3,13.29,13.4,13.41,13.42,13.43,13.44,13.45,13.46,13.47,13.48,13.49,300,18000,18600,22500,11400,7000,4200,6300,16300,2300,10500,48400,24500,7500,36900,45800,14700,15300,52700,13600
1548.0,13.38,3040800,40598438.0,13.38,13.37,13.36,13.35,13.34,13.33,13.32,13.31,13.3,13.29,13.4,13.41,13.42,13.43,13.44,13.45,13.46,13.47,13.48,13.49,1100,19800,18600,22500,11400,7000,4200,6300,16300,2300,11300,48400,24500,7500,36900,45800,14700,15300,52700,13600
1549.0,13.38,3040800,40598438.0,13.38,13.37,13.36,13.35,13.34,13.33,13.32,13.31,13.3,13.29,13.4,13.41,13.42,13.43,13.44,13.45,13.46,13.47,13.48,13.49,2000,19800,18600,22500,11400,7000,4200,6300,16300,2300,12200,48400,24500,7500,36900,45800,14700,15300,52700,13600
1550.0,13.38,3040800,40598438.0,13.38,13.37,13.36,13.35,13.34,13.33,13.32,13.31,13.3,13.29,13.4,13.41,13.42,13.43,13.44,13.45,13.46,13.47,13.48,13.49,2000,20400,18600,22500,11400,7000,4200,6300,16300,2300,12200,48400,24500,7500,36900,45800,14700,15300,52700,13600
1551.0,13.38,3044000,40641282.0,13.38,13.37,13.36,13.35,13.34,13.33,13.32,13.31,13.3,13.29,13.4,13.41,13.42,13.43,13.44,13.45,13.46,13.47,13.48,13.49,1000,24100,18600,22500,11400,7000,4200,6300,16300,2300,11900,48400,24500,7500,36900,45800,14700,15300,52700,13600
1552.0,13.38,3044000,40641282.0,13.38,13.37,13.36,13.35,13.34,13.33,13.32,13.31,13.3,13.29,13.4,13.41,13.42,13.43,13.44,13.45,13.46,13.47,13.48,13.49,1900,24100,18600,22500,11400,7000,4200,6300,16300,2300,12800,48400,24500,3900,36900,45800,14700,15300,52700,13600
1553.0,13.4,3051900,40747142.0,13.38,13.37,13.36,13.35,13.34,13.33,13.32,13.31,13.3,13.29,13.4,13.41,13.42,13.43,13.44,13.45,13.46,13.47,13.48,13.49,1900,24100,18600,22500,11400,7000,4200,6300,16300,2300,4900,48400,24500,3900,36900,45800,14700,15300,52700,13600
1554.0,13.38,3054700,40784606.0,13.37,13.36,13.35,13.34,13.33,13.32,13.31,13.3,13.29,13.28,13.38,13.4,13.41,13.42,13.43,13.44,13.45,13.46,13.47,13.48,24100,18600,22500,11400,7000,4200,6300,16300,2300,28000,2400,5800,48400,24500,3900,36900,45800,14700,15300,52700
1555.0,13.38,3054700,40784606.0,13.37,13.36,13.35,13.34,13.33,13.32,13.31,13.3,13.29,13.28,13.38,13.4,13.41,13.42,13.43,13.44,13.45,13.46,13.47,13.48,24100,18600,22500,11400,7000,4200,6300,16300,2300,28000,2400,5800,48400,24500,3900,36900,45800,14700,15300,52700
1556.0,13.38,3054700,40784606.0,13.37,13.36,13.35,13.34,13.33,13.32,13.31,13.3,13.29,13.28,13.38,13.39,13.4,13.41,13.42,13.43,13.44,13.45,13.46,13.47,24100,18600,22500,11400,7000,4200,6300,16300,2300,28000,2400,4600,5800,48400,24500,3900,36900,45800,14700,15300
1557.0,13.38,3054700,40784606.0,13.37,13.36,13.35,13.34,13.33,13.32,13.31,13.3,13.29,13.28,13.38,13.39,13.4,13.41,13.42,13.43,13.44,13.45,13.46,13.47,24100,18600,22500,11400,7000,4200,6300,16300,2300,28000,2400,4600,5800,48400,24500,3900,36900,45800,14700,15300
1558.0,13.37,3054900,40787280.0,13.37,13.36,13.35,13.34,13.33,13.32,13.31,13.3,13.29,13.28,13.38,13.39,13.4,13.41,13.42,13.43,13.44,13.45,13.46,13.47,23900,18600,22500,11400,7000,4200,6300,16300,2300,28000,2400,4600,5800,48400,24500,3900,36900,45800,14700,15300
1559.0,13.38,3055100,40789956.0,13.37,13.36,13.35,13.34,13.33,13.32,13.31,13.3,13.29,13.28,13.38,13.39,13.4,13.41,13.42,13.43,13.44,13.45,13.46,13.47,23900,18600,22500,11400,7000,4200,6300,16300,2300,28000,2200,4600,5800,48500,24500,3900,36900,45800,14700,15300
1560.0,13.37,3056400,40807337.0,13.37,13.36,13.35,13.34,13.33,13.32,13.31,13.3,13.29,13.28,13.38,13.39,13.4,13.41,13.42,13.43,13.44,13.45,13.46,13.47,23500,18600,22500,11400,7000,4200,6300,16300,2300,28000,2200,4600,5800,41100,24500,3900,36900,45800,14700,15300
1561.0,13.38,3058600,40836773.0,13.38,13.37,13.36,13.35,13.34,13.33,13.32,13.31,13.3,13.29,13.39,13.4,13.41,13.42,13.43,13.44,13.45,13.46,13.47,13.48,5300,23500,19700,22500,11400,7000,4200,6300,16300,2300,4600,5800,41100,24500,3900,36900,45800,14700,15300,52700
1562.0,13.38,3060800,40866209.0,13.38,13.37,13.36,13.35,13.34,13.33,13.32,13.31,13.3,13.29,13.39,13.4,13.41,13.42,13.43,13.44,13.45,13.46,13.47,13.48,3100,23500,19200,22500,11400,7000,4200,6300,16300,2300,4600,6200,41100,24500,3900,36900,45800,14700,15300,52700
1563.0,13.38,3061800,40879593.0,13.38,13.37,13.36,13.35,13.34,13.33,13.32,13.31,13.3,13.29,13.39,13.4,13.41,13.42,13.43,13.44,13.45,13.46,13.47,13.48,2500,23500,19200,22500,11400,7000,4200,6300,16300,2300,4200,6200,41900,24500,3900,36900,45800,14700,15300,52700
1564.0,13.38,3063800,40906353.0,13.38,13.37,13.36,13.35,13.34,13.33,13.32,13.31,13.3,13.29,13.39,13.4,13.41,13.42,13.43,13.44,13.45,13.46,13.47,13.48,500,23500,19200,22500,11400,7000,4200,6300,16300,2300,4200,6200,41900,24500,3900,36900,45800,14700,15300,52700
1565.0,13.38,3063800,40906353.0,13.38,13.37,13.36,13.35,13.34,13.33,13.32,13.31,13.3,13.29,13.39,13.4,13.41,13.42,13.43,13.44,13.45,13.46,13.47,13.48,500,23500,19200,22500,11400,7000,4200,6300,16300,2300,4200,9800,41900,24500,3900,36900,45800,14700,15300,52700
1566.0,13.39,3064200,40911709.0,13.38,13.37,13.36,13.35,13.34,13.33,13.32,13.31,13.3,13.29,13.39,13.4,13.41,13.42,13.43,13.44,13.45,13.46,13.47,13.48,4500,24000,19200,22500,11400,7000,4200,6300,16300,2300,3800,9800,41700,24500,3900,36900,45800,14700,15300,52700
1567.0,13.39,3064200,40911709.0,13.38,13.37,13.36,13.35,13.34,13.33,13.32,13.31,13.3,13.29,13.39,13.4,13.41,13.42,13.43,13.44,13.45,13.46,13.47,13.48,4500,24300,19200,22500,11400,7000,4200,6300,16300,2300,3800,9800,41600,24500,3900,36900,45800,14700,15300,52700
1568.0,13.39,3064200,40911709.0,13.38,13.37,13.36,13.35,13.34,13.33,13.32,13.31,13.3,13.29,13.39,13.4,13.41,13.42,13.43,13.44,13.45,13.46,13.47,13.48,4500,24300,19200,22500,11400,7000,4200,6300,16300,2300,3800,9800,41600,24500,3900,36900,45800,14700,15300,52700
1569.0,13.38,3064600,40917061.0,13.38,13.37,13.36,13.35,13.34,13.33,13.32,13.31,13.3,13.29,13.39,13.4,13.41,13.42,13.43,13.44,13.45,13.46,13.47,13.48,4100,24400,19200,22500,11400,7000,4200,6300,16300,2300,3800,9800,41600,24500,3900,36900,47800,14700,15300,52700
1570.0,13.39,3064900,40921078.0,13.38,13.37,13.36,13.35,13.34,13.33,13.32,13.31,13.3,13.29,13.39,13.4,13.41,13.42,13.43,13.44,13.45,13.46,13.47,13.48,4100,24400,19200,22500,11400,7000,4200,6300,16300,2300,3500,13000,41600,24500,3900,36900,47800,14700,15300,52700
1571.0,13.39,3064900,40921078.0,13.38,13.37,13.36,13.35,13.34,13.33,13.32,13.31,13.3,13.29,13.39,13.4,13.41,13.42,13.43,13.44,13.45,13.46,13.47,13.48,4100,24400,19200,19400,11400,7000,4200,6300,16300,2300,3500,13000,41600,24500,3900,36900,47800,14700,15300,52700
1572.0,13.39,3064900,40921078.0,13.38,13.37,13.36,13.35,13.34,13.33,13.32,13.31,13.3,13.29,13.39,13.4,13.41,13.42,13.43,13.44,13.45,13.46,13.47,13.48,4100,24400,19200,19400,11400,7000,4200,6300,16300,2300,3500,13000,41600,24500,3900,36900,47800,14700,15300,52700
1573.0,13.39,3065200,40925095.0,13.38,13.37,13.36,13.35,13.34,13.33,13.32,13.31,13.3,13.29,13.39,13.4,13.41,13.42,13.43,13.44,13.45,13.46,13.47,13.48,4100,24400,19200,19400,11400,7000,4200,6300,16300,2300,3200,14500,41600,24500,3900,36900,47800,14700,15300,52700
1574.0,13.39,3066000,40935807.0,13.38,13.37,13.36,13.35,13.34,13.33,13.32,13.31,13.3,13.29,13.39,13.4,13.41,13.42,13.43,13.44,13.45,13.46,13.47,13.48,4100,24400,19200,19400,11400,7000,4200,6300,16300,2300,2400,14500,41600,24500,3900,36900,47800,14700,15300,52700
1575.0,13.39,3066000,40935807.0,13.38,13.37,13.36,13.35,13.34,13.33,13.32,13.31,13.3,13.29,13.39,13.4,13.41,13.42,13.43,13.44,13.45,13.46,13.47,13.48,4200,24400,19200,19400,11400,7000,4200,6300,16300,2300,2400,14500,41600,24500,3900,36900,47800,14700,15300,52700
1576.0,13.39,3066000,40935807.0,13.38,13.37,13.36,13.35,13.34,13.33,13.32,13.31,13.3,13.29,13.4,13.41,13.42,13.43,13.44,13.45,13.46,13.47,13.48,13.49,4200,24400,19200,19400,11400,7000,4200,6300,16300,2300,14500,41600,24500,3900,36900,47800,14700,15300,52700,13600
1577.0,13.38,3066400,40941159.0,13.38,13.37,13.36,13.35,13.34,13.33,13.32,13.31,13.3,13.29,13.4,13.41,13.42,13.43,13.44,13.45,13.46,13.47,13.48,13.49,3800,24400,19200,19400,11400,7000,4200,6300,16300,2300,14500,41600,24500,3900,36900,47800,14700,15300,52700,13600
1578.0,13.38,3066400,40941159.0,13.39,13.38,13.37,13.36,13.35,13.34,13.33,13.32,13.31,13.3,13.4,13.41,13.42,13.43,13.44,13.45,13.46,13.47,13.48,13.49,7600,3800,24400,19200,19400,11400,7000,4200,6300,16300,11500,41600,24500,3900,36900,47800,14700,15300,52700,13600
1579.0,13.38,3066400,40941159.0,13.39,13.38,13.37,13.36,13.35,13.34,13.33,13.32,13.31,13.3,13.4,13.41,13.42,13.43,13.44,13.45,13.46,13.47,13.48,13.49,7600,4100,24400,19200,19400,11400,7000,4200,6300,16300,11500,41600,24500,3900,36900,47800,14700,15300,52700,13600
1580.0,13.39,3067100,40950532.0,13.39,13.38,13.37,13.36,13.35,13.34,13.33,13.32,13.31,13.3,13.4,13.41,13.42,13.43,13.44,13.45,13.46,13.47,13.48,13.49,6900,4100,24400,19200,19400,11400,7000,4200,6300,16300,11500,41600,24500,3900,36900,47800,14700,15300,52700,13600
1581.0,13.39,3067100,40950532.0,13.39,13.38,13.37,13.36,13.35,13.34,13.33,13.32,13.31,13.3,13.4,13.41,13.42,13.43,13.44,13.45,13.46,13.47,13.48,13.49,6900,4100,24400,19200,19400,11400,7000,4200,11300,16300,11500,41600,24500,3900,36900,47800,14700,15300,52700,13600
1582.0,13.39,3067100,40950532.0,13.39,13.38,13.37,13.36,13.35,13.34,13.33,13.32,13.31,13.3,13.4,13.41,13.42,13.43,13.44,13.45,13.46,13.47,13.48,13.49,6900,38600,24400,19200,19400,11400,7000,4200,11300,16300,11500,41600,24500,3900,36900,47800,14700,15300,52700,13600
1583.0,13.4,3067400,40954552.0,13.39,13.38,13.37,13.36,13.35,13.34,13.33,13.32,13.31,13.3,13.4,13.41,13.42,13.43,13.44,13.45,13.46,13.47,13.48,13.49,19600,38600,24400,19200,19400,9000,7000,4200,11300,16300,11200,41600,24500,3900,36900,47800,14700,15300,52700,13600
1584.0,13.39,3069600,40984025.0,13.39,13.38,13.37,13.36,13.35,13.34,13.33,13.32,13.31,13.3,13.4,13.41,13.42,13.43,13.44,13.45,13.46,13.47,13.48,13.49,18900,38600,24600,19200,19400,9000,7000,4200,11300,16300,9700,41600,24500,3900,36900,47800,14700,15300,52700,13600
1585.0,13.4,3071000,41002785.0,13.39,13.38,13.37,13.36,13.35,13.34,13.33,13.32,13.31,13.3,13.4,13.41,13.42,13.43,13.44,13.45,13.46,13.47,13.48,13.49,18900,38600,24600,19200,19400,9000,7000,4200,11300,16300,8300,41600,24500,3900,36900,47800,14700,15300,52700,13700
1586.0,13.4,3071000,41002785.0,13.39,13.38,13.37,13.36,13.35,13.34,13.33,13.32,13.31,13.3,13.4,13.41,13.42,13.43,13.44,13.45,13.46,13.47,13.48,13.49,12700,38600,24600,19200,19000,9000,7000,4200,11300,16300,8400,41600,24500,3900,36900,48000,14700,15300,52700,13700
1587.0,13.39,3071700,41012158.0,13.39,13.38,13.37,13.36,13.35,13.34,13.33,13.32,13.31,13.3,13.4,13.41,13.42,13.43,13.44,13.45,13.46,13.47,13.48,13.49,12000,38600,24600,19200,19000,9000,7000,4200,11300,16300,8400,41600,24500,3900,36900,48000,14700,15300,52700,13700
1588.0,13.39,3071700,41012158.0,13.39,13.38,13.37,13.36,13.35,13.34,13.33,13.32,13.31,13.3,13.4,13.41,13.42,13.43,13.44,13.45,13.46,13.47,13.48,13.49,12000,38600,24800,19200,19000,9000,7000,4200,11300,16300,8400,41600,24500,3900,36900,48000,14900,15300,52700,13700
1589.0,13.4,3072700,41025558.0,13.39,13.38,13.37,13.36,13.35,13.34,13.33,13.32,13.31,13.3,13.4,13.41,13.42,13.43,13.44,13.45,13.46,13.47,13.48,13.49,12000,38600,24800,19200,19000,9000,7000,4200,11300,16300,7400,41600,24500,3900,36900,48000,14900,15300,52700,13700
1590.0,13.4,3072700,41025558.0,13.39,13.38,13.37,13.36,13.35,13.34,13.33,13.32,13.31,13.3,13.4,13.41,13.42,13.43,13.44,13.45,13.46,13.47,13.48,13.49,12000,38600,24800,19200,19000,9000,7000,4200,11300,16300,7400,41600,24500,3900,36900,48000,14900,15300,52700,13700
1591.0,13.4,3073400,41034938.0,13.39,13.38,13.37,13.36,13.35,13.34,13.33,13.32,13.31,13.3,13.4,13.41,13.42,13.43,13.44,13.45,13.46,13.47,13.48,13.49,12000,38600,23900,19200,19000,9000,7000,4200,11300,16300,6700,41600,24500,3900,36900,48000,14900,15300,52700,13700
1592.0,13.39,3074100,41044311.0,13.39,13.38,13.37,13.36,13.35,13.34,13.33,13.32,13.31,13.3,13.4,13.41,13.42,13.43,13.44,13.45,13.46,13.47,13.48,13.49,12300,38600,23900,19200,19000,9000,7000,4200,11300,16300,6700,41600,24500,3900,36900,48000,14900,15300,52700,13700
1593.0,13.39,3074100,41044311.0,13.39,13.38,13.37,13.36,13.35,13.34,13.33,13.32,13.31,13.3,13.4,13.41,13.42,13.43,13.44,13.45,13.46,13.47,13.48,13.49,12300,38600,23900,19200,18300,9000,7000,4200,11300,16300,9700,41600,24500,3900,36900,48000,14900,15300,52700,13700
1594.0,13.4,3074800,41053691.0,13.39,13.38,13.37,13.36,13.35,13.34,13.33,13.32,13.31,13.3,13.4,13.41,13.42,13.43,13.44,13.45,13.46,13.47,13.48,13.49,12300,38600,23900,19200,18300,9000,7000,4200,11300,16300,9000,41600,24500,3900,36900,48000,14900,15300,52700,13700
1595.0,13.4,3075800,41067091.0,13.39,13.38,13.37,13.36,13.35,13.34,13.33,13.32,13.31,13.3,13.4,13.41,13.42,13.43,13.44,13.45,13.46,13.47,13.48,13.49,12300,38600,23900,19200,18300,9000,7000,4200,11300,16300,10300,41600,24500,3900,36900,48000,14900,15300,52700,13700
1596.0,13.4,3075800,41067091.0,13.39,13.38,13.37,13.36,13.35,13.34,13.33,13.32,13.31,13.3,13.4,13.41,13.42,13.43,13.44,13.45,13.46,13.47,13.48,13.49,12300,38600,23900,19200,18300,9000,7000,4200,11300,16300,11300,41600,24500,3900,36900,48000,14900,15300,52700,13100
1597.0,13.4,3077200,41085851.0,13.39,13.38,13.37,13.36,13.35,13.34,13.33,13.32,13.31,13.3,13.4,13.41,13.42,13.43,13.44,13.45,13.46,13.47,13.48,13.49,12300,38600,23900,19200,18300,9000,7000,4200,11300,16300,10200,41600,24500,3900,36900,48000,14900,15300,52700,13100
1598.0,13.4,3087400,41222531.0,13.4,13.39,13.38,13.37,13.36,13.35,13.34,13.33,13.32,13.31,13.41,13.42,13.43,13.44,13.45,13.46,13.47,13.48,13.49,13.5,10400,12300,38600,23900,19200,18300,9000,7000,4200,11300,41600,24500,3900,36900,48000,14900,15300,52700,13100,19200
1599.0,13.4,3087400,41222531.0,13.4,13.39,13.38,13.37,13.36,13.35,13.34,13.33,13.32,13.31,13.41,13.42,13.43,13.44,13.45,13.46,13.47,13.48,13.49,13.5,18000,12300,38600,23900,19200,18300,9000,7000,4200,11300,41600,24500,3900,36900,48000,14900,15300,52700,13100,19200
1600.0,13.41,3092100,41285558.0,13.4,13.39,13.38,13.37,13.36,13.35,13.34,13.33,13.32,13.31,13.41,13.42,13.43,13.44,13.45,13.46,13.47,13.48,13.49,13.5,18000,12300,38600,23900,19200,18300,9000,7000,4200,11300,36900,24500,3900,36900,48000,14900,15300,52700,13100,19200
1601.0,13.41,3092100,41285558.0,13.4,13.39,13.38,13.37,13.36,13.35,13.34,13.33,13.32,13.31,13.41,13.42,13.43,13.44,13.45,13.46,13.47,13.48,13.49,13.5,18000,12300,38600,23900,19200,18300,9000,7000,4200,11300,36900,24500,3900,36900,48000,14900,15300,52700,13100,19200
1602.0,13.41,3092100,41285558.0,13.4,13.39,13.38,13.37,13.36,13.35,13.34,13.33,13.32,13.31,13.41,13.42,13.43,13.44,13.45,13.46,13.47,13.48,13.49,13.5,18000,12300,38600,23900,19200,18300,9000,7000,4200,11300,36900,24500,3900,36900,48000,14900,15300,52700,13100,19200
1603.0,13.4,3094100,41312365.0,13.4,13.39,13.38,13.37,13.36,13.35,13.34,13.33,13.32,13.31,13.41,13.42,13.43,13.44,13.45,13.46,13.47,13.48,13.49,13.5,16700,12300,38600,23900,19200,18500,9000,7000,4200,11300,36200,24500,4500,36900,48000,14900,15300,52700,13100,19200
1604.0,13.4,3094100,41312365.0,13.4,13.39,13.38,13.37,13.36,13.35,13.34,13.33,13.32,13.31,13.41,13.42,13.43,13.44,13.45,13.46,13.47,13.48,13.49,13.5,16700,12300,38600,23900,19200,18500,9000,7000,4200,11300,36200,24500,4500,36900,48000,14700,15300,52700,13100,19200
1605.0,13.4,3094100,41312365.0,13.4,13.39,13.38,13.37,13.36,13.35,13.34,13.33,13.32,13.31,13.41,13.42,13.43,13.44,13.45,13.46,13.47,13.48,13.49,13.5,16700,12300,38600,23900,19200,18500,9000,7000,4200,11300,36200,24500,4500,36900,48000,14700,15300,52700,13100,19200
1606.0,13.4,3094800,41321745.0,13.4,13.39,13.38,13.37,13.36,13.35,13.34,13.33,13.32,13.31,13.41,13.42,13.43,13.44,13.45,13.46,13.47,13.48,13.49,13.5,8400,12300,38600,23900,19200,18500,9000,7000,4200,11300,36200,24500,4500,36900,48000,14700,15300,52700,13100,19200
1607.0,13.41,3095500,41331132.0,13.4,13.39,13.38,13.37,13.36,13.35,13.34,13.33,13.32,13.31,13.41,13.42,13.43,13.44,13.45,13.46,13.47,13.48,13.49,13.5,8400,12300,38600,23900,19200,18500,9000,7000,4200,11300,35500,24500,4500,36900,48000,14700,15300,52700,13100,19200
1608.0,13.41,3095500,41331132.0,13.4,13.39,13.38,13.37,13.36,13.35,13.34,13.33,13.32,13.31,13.41,13.42,13.43,13.44,13.45,13.46,13.47,13.48,13.49,13.5,8400,12300,38600,23600,19500,18500,9000,7000,4200,11300,35500,24500,4500,36900,48000,14700,15300,52700,13100,19200
1609.0,13.41,3096900,41349906.0,13.4,13.39,13.38,13.37,13.36,13.35,13.34,13.33,13.32,13.31,13.41,13.42,13.43,13.44,13.45,13.46,13.47,13.48,13.49,13.5,9100,12300,38300,23600,19500,18500,9000,7000,4200,11300,34100,24500,4500,36900,49000,14700,15300,52700,13100,19200
1610.0,13.4,3098800,41375373.0,13.4,13.39,13.38,13.37,13.36,13.35,13.34,13.33,13.32,13.31,13.41,13.42,13.43,13.44,13.45,13.46,13.47,13.48,13.49,13.5,7900,12300,34600,23600,19500,18500,9000,7000,4200,11300,33400,24500,4500,36900,49000,14700,15300,52700,13100,19200
1611.0,13.4,3098800,41375373.0,13.4,13.39,13.38,13.37,13.36,13.35,13.34,13.33,13.32,13.31,13.41,13.42,13.43,13.44,13.45,13.46,13.47,13.48,13.49,13.5,7900,12300,34600,23600,19500,18500,9000,7000,4200,11300,33400,24500,4500,36900,49000,14700,15300,52700,13100,19200
1612.0,13.4,3098800,41375373.0,13.4,13.39,13.38,13.37,13.36,13.35,13.34,13.33,13.32,13.31,13.41,13.42,13.43,13.44,13.45,13.46,13.47,13.48,13.49,13.5,7900,12300,34600,23600,19500,18500,9000,7000,4200,11300,33400,24500,4500,36900,49000,14700,15300,52700,13100,19200
1613.0,13.4,3098800,41375373.0,13.4,13.39,13.38,13.37,13.36,13.35,13.34,13.33,13.32,13.31,13.41,13.42,13.43,13.44,13.45,13.46,13.47,13.48,13.49,13.5,9100,12300,34600,23600,19500,18500,9000,7000,4200,11300,33400,24500,4500,36900,49000,14700,15300,52700,13100,19200
1614.0,13.4,3099600,41386093.0,13.4,13.39,13.38,13.37,13.36,13.35,13.34,13.33,13.32,13.31,13.41,13.42,13.43,13.44,13.45,13.46,13.47,13.48,13.49,13.5,8300,12300,34600,23600,19500,18500,9000,7000,4200,11300,33400,26700,4500,36900,49000,14700,15300,52700,13100,19200
1615.0,13.41,3107200,41488009.0,13.4,13.39,13.38,13.37,13.36,13.35,13.34,13.33,13.32,13.31,13.41,13.42,13.43,13.44,13.45,13.46,13.47,13.48,13.49,13.5,8300,12300,34600,23600,19500,18500,9000,7000,4200,11300,25800,26700,4500,36900,49000,14700,15300,52700,13100,19200
1616.0,13.41,3107900,41497396.0,13.4,13.39,13.38,13.37,13.36,13.35,13.34,13.33,13.32,13.31,13.41,13.42,13.43,13.44,13.45,13.46,13.47,13.48,13.49,13.5,8300,12300,34600,23600,19500,18500,9000,7000,4200,11300,25100,26700,4500,36900,49000,14700,15300,52700,13100,19200
1617.0,13.41,3111300,41542990.0,13.4,13.39,13.38,13.37,13.36,13.35,13.34,13.33,13.32,13.31,13.41,13.42,13.43,13.44,13.45,13.46,13.47,13.48,13.49,13.5,8300,12300,34600,23600,19500,18500,9000,7000,4200,11300,21700,26700,4500,36900,49000,14700,15300,52700,13100,19200
1618.0,13.41,3123900,41711956.0,13.4,13.39,13.38,13.37,13.36,13.35,13.34,13.33,13.32,13.31,13.41,13.42,13.43,13.44,13.45,13.46,13.47,13.48,13.49,13.5,8300,12300,34600,23600,19500,18500,9000,7000,4200,11300,9100,26700,4500,36900,49000,14700,15300,52700,13100,19200
1619.0,13.41,3124900,41725366.0,13.4,13.39,13.38,13.37,13.36,13.35,13.34,13.33,13.32,13.31,13.41,13.42,13.43,13.44,13.45,13.46,13.47,13.48,13.49,13.5,9300,12300,34600,23600,19500,18500,9000,7000,4200,11300,8100,26700,4500,36900,49000,14700,15300,52700,13100,19200
1620.0,13.4,3126500,41746820.0,13.4,13.39,13.38,13.37,13.36,13.35,13.34,13.33,13.32,13.31,13.41,13.42,13.43,13.44,13.45,13.46,13.47,13.48,13.49,13.5,9100,12300,34600,23600,19500,18500,9000,7000,4200,11300,6700,26700,4500,36900,49000,14700,15300,52700,13100,19200
1621.0,13.41,3128500,41773621.0,13.4,13.39,13.38,13.37,13.36,13.35,13.34,13.33,13.32,13.31,13.41,13.42,13.43,13.44,13.45,13.46,13.47,13.48,13.49,13.5,6200,12300,34600,23600,19500,18500,9000,7000,4200,11300,6600,26700,4500,36900,49000,14700,15300,52700,13100,19200
1622.0,13.41,3129800,41791054.0,13.4,13.39,13.38,13.37,13.36,13.35,13.34,13.33,13.32,13.31,13.41,13.42,13.43,13.44,13.45,13.46,13.47,13.48,13.49,13.5,7100,12300,34600,24100,19500,18500,9000,7000,4200,11300,5300,26700,4500,36900,49000,14700,15300,52700,13100,19200
1623.0,13.4,3133800,41844654.0,13.4,13.39,13.38,13.37,13.36,13.35,13.34,13.33,13.32,13.31,13.41,13.42,13.43,13.44,13.45,13.46,13.47,13.48,13.49,13.5,3100,12300,34600,24100,19500,18500,9000,7000,4200,11300,5300,26700,4500,36900,49000,14700,15300,52700,13100,19200
1624.0,13.41,3134600,41855382.0,13.4,13.39,13.38,13.37,13.36,13.35,13.34,13.33,13.32,13.31,13.41,13.42,13.43,13.44,13.45,13.46,13.47,13.48,13.49,13.5,4100,12300,34600,24100,19500,18500,9000,7000,4200,11300,4500,26700,4500,36900,49000,14700,15300,52700,13100,19200
1625.0,13.41,3135000,41860746.0,13.4,13.39,13.38,13.37,13.36,13.35,13.34,13.33,13.32,13.31,13.41,13.42,13.43,13.44,13.45,13.46,13.47,13.48,13.49,13.5,4100,12300,34600,24100,19500,18500,9000,7000,4200,11300,4100,26700,4500,44500,49000,14700,15300,52700,13100,19200
1626.0,13.41,3137500,41894254.0,13.4,13.39,13.38,13.37,13.36,13.35,13.34,13.33,13.32,13.31,13.41,13.42,13.43,13.44,13.45,13.46,13.47,13.48,13.49,13.5,2400,13100,34600,24100,19500,18500,9000,7000,4200,11300,3300,26700,4500,44500,49000,14700,15300,52700,13100,19200
1627.0,13.41,3137500,41894254.0,13.4,13.39,13.38,13.37,13.36,13.35,13.34,13.33,13.32,13.31,13.41,13.42,13.43,13.44,13.45,13.46,13.47,13.48,13.49,13.5,2500,13100,34600,24100,19500,18500,9000,7000,4200,11300,3300,26700,4500,44500,49000,14700,15300,52700,13100,19200
1628.0,13.41,3137800,41898277.0,13.4,13.39,13.38,13.37,13.36,13.35,13.34,13.33,13.32,13.31,13.41,13.42,13.43,13.44,13.45,13.46,13.47,13.48,13.49,13.5,2500,13100,34600,24100,19500,18500,9000,7000,4200,11300,3000,26700,4500,44500,49000,14700,15300,52700,13100,19200
1629.0,13.4,3138000,41900957.0,13.4,13.39,13.38,13.37,13.36,13.35,13.34,13.33,13.32,13.31,13.41,13.42,13.43,13.44,13.45,13.46,13.47,13.48,13.49,13.5,2300,13100,34600,24100,19500,19600,9000,7000,4200,11300,3000,26700,4500,44500,49000,14700,15300,52700,13100,19200
1630.0,13.4,3138000,41900957.0,13.4,13.39,13.38,13.37,13.36,13.35,13.34,13.33,13.32,13.31,13.41,13.42,13.43,13.44,13.45,13.46,13.47,13.48,13.49,13.5,2300,13100,34600,24100,19900,19600,9000,7000,4200,11300,3000,26700,4500,44500,49000,14700,15300,52700,13100,19200
1631.0,13.4,3138000,41900957.0,13.4,13.39,13.38,13.37,13.36,13.35,13.34,13.33,13.32,13.31,13.41,13.42,13.43,13.44,13.45,13.46,13.47,13.48,13.49,13.5,7300,13100,34600,24100,19900,19600,9000,7000,4200,11300,3000,26800,4500,44500,49000,14700,15300,52700,13100,19200
1632.0,13.41,3138600,41909003.0,13.4,13.39,13.38,13.37,13.36,13.35,13.34,13.33,13.32,13.31,13.41,13.42,13.43,13.44,13.45,13.46,13.47,13.48,13.49,13.5,7300,13100,34600,24100,19900,19600,9000,7000,4200,11300,2400,26800,4500,44500,49000,14700,15300,52700,13100,19200
1633.0,13.41,3138600,41909003.0,13.4,13.39,13.38,13.37,13.36,13.35,13.34,13.33,13.32,13.31,13.41,13.42,13.43,13.44,13.45,13.46,13.47,13.48,13.49,13.5,7300,13100,34600,24100,19900,19600,9000,7000,4200,11300,2400,26800,4500,44500,49000,14700,15300,52700,13100,19200
1634.0,13.41,3138600,41909003.0,13.4,13.39,13.38,13.37,13.36,13.35,13.34,13.33,13.32,13.31,13.41,13.42,13.43,13.44,13.45,13.46,13.47,13.48,13.49,13.5,7300,13100,34600,24100,19900,19600,9000,7000,4200,11300,2400,26800,4500,44500,49000,14700,15300,52700,13100,19200
1635.0,13.41,3141700,41950567.0,13.41,13.4,13.39,13.38,13.37,13.36,13.35,13.34,13.33,13.32,13.42,13.43,13.44,13.45,13.46,13.47,13.48,13.49,13.5,13.51,400,6600,13100,34600,24100,19900,19600,9000,7000,4200,26800,4500,44500,49000,14700,15300,52700,13100,19200,1000
1636.0,13.41,3141700,41950567.0,13.41,13.4,13.39,13.38,13.37,13.36,13.35,13.34,13.33,13.32,13.42,13.43,13.44,13.45,13.46,13.47,13.48,13.49,13.5,13.51,400,6100,13100,34600,24100,19900,19600,9000,7000,4200,26800,4500,44500,49000,14700,15300,52700,13100,19200,1000
1637.0,13.41,3142500,41961302.0,13.41,13.4,13.39,13.38,13.37,13.36,13.35,13.34,13.33,13.32,13.42,13.43,13.44,13.45,13.46,13.47,13.48,13.49,13.5,13.51,300,6100,13100,34600,24100,19900,19600,9000,7000,4200,26200,4500,44500,49000,14700,15300,52700,13100,19200,1000
1638.0,13.42,3142800,41965328.0,13.41,13.4,13.39,13.38,13.37,13.36,13.35,13.34,13.33,13.32,13.42,13.43,13.44,13.45,13.46,13.47,13.48,13.49,13.5,13.51,300,6100,13100,34600,24100,19900,19600,9000,7000,4200,25900,4500,44500,49000,14700,15300,52700,13100,19200,1000
1639.0,13.42,3142800,41965328.0,13.41,13.4,13.39,13.38,13.37,13.36,13.35,13.34,13.33,13.32,13.42,13.43,13.44,13.45,13.46,13.47,13.48,13.49,13.5,13.51,300,6100,13100,34600,24100,19900,19600,9000,7000,4200,25900,4500,44500,49000,14700,15300,52700,13100,19200,1000
1640.0,13.42,3142800,41965328.0,13.41,13.4,13.39,13.38,13.37,13.36,13.35,13.34,13.33,13.32,13.42,13.43,13.44,13.45,13.46,13.47,13.48,13.49,13.5,13.51,300,6100,13100,34600,24100,19900,19600,9000,7000,4200,25900,4500,44500,49000,14700,15300,52700,13100,19200,1000
1641.0,13.42,3142800,41965328.0,13.41,13.4,13.39,13.38,13.37,13.36,13.35,13.34,13.33,13.32,13.42,13.43,13.44,13.45,13.46,13.47,13.48,13.49,13.5,13.51,1100,6100,13100,34600,24100,19900,19600,9000,7000,4200,25900,4500,44500,49000,14700,15300,52700,13100,19200,1000
1642.0,13.42,3142800,41965328.0,13.41,13.4,13.39,13.38,13.37,13.36,13.35,13.34,13.33,13.32,13.42,13.43,13.44,13.45,13.46,13.47,13.48,13.49,13.5,13.51,1100,6100,13100,34600,24100,19900,19600,9000,7000,4200,25900,4500,44500,49200,14700,15300,52700,13100,19200,1000
1643.0,13.42,3145200,41997536.0,13.41,13.4,13.39,13.38,13.37,13.36,13.35,13.34,13.33,13.32,13.42,13.43,13.44,13.45,13.46,13.47,13.48,13.49,13.5,13.51,1100,6100,13100,34600,24100,19900,19600,9000,7000,4200,23500,4500,44500,49200,14700,15300,55800,13100,19200,1000
1644.0,13.41,3146300,42012287.0,13.4,13.39,13.38,13.37,13.36,13.35,13.34,13.33,13.32,13.31,13.41,13.42,13.43,13.44,13.45,13.46,13.47,13.48,13.49,13.5,7100,13100,34600,24100,19900,19600,9000,7000,4200,11300,5200,23500,4500,44500,49200,14700,15300,55800,13100,19900
1645.0,13.41,3146300,42012287.0,13.4,13.39,13.38,13.37,13.36,13.35,13.34,13.33,13.32,13.31,13.41,13.42,13.43,13.44,13.45,13.46,13.47,13.48,13.49,13.5,7100,13100,34600,24100,19900,19600,9000,7000,4200,11300,5200,23500,4500,44500,49200,14700,15300,55800,13100,19900
1646.0,13.41,3147200,42024356.0,13.4,13.39,13.38,13.37,13.36,13.35,13.34,13.33,13.32,13.31,13.41,13.42,13.43,13.44,13.45,13.46,13.47,13.48,13.49,13.5,7100,13100,34600,24100,19900,19600,9000,7000,4200,11300,4300,23500,4500,44500,49200,14700,15300,55800,13100,19900
1647.0,13.4,3149000,42048476.0,13.4,13.39,13.38,13.37,13.36,13.35,13.34,13.33,13.32,13.31,13.41,13.42,13.43,13.44,13.45,13.46,13.47,13.48,13.49,13.5,5600,13100,34600,24100,19900,19600,9000,7000,4200,11300,4300,23500,4500,44500,49200,14700,15300,55800,13100,19900
1648.0,13.4,3149000,42048476.0,13.4,13.39,13.38,13.37,13.36,13.35,13.34,13.33,13.32,13.31,13.41,13.42,13.43,13.44,13.45,13.46,13.47,13.48,13.49,13.5,5600,13100,35000,24100,19900,19600,9000,7200,4200,11300,4300,23400,4500,44500,49700,14700,15300,55800,13100,19900
1649.0,13.4,3149000,42048476.0,13.4,13.39,13.38,13.37,13.36,13.35,13.34,13.33,13.32,13.31,13.41,13.42,13.43,13.44,13.45,13.46,13.47,13.48,13.49,13.5,7700,13100,35000,24100,19900,19600,9000,7200,4200,11300,4300,23400,4500,44500,49700,14700,15300,55800,13100,19900
1650.0,13.4,3149700,42057856.0,13.4,13.39,13.38,13.37,13.36,13.35,13.34,13.33,13.32,13.31,13.41,13.42,13.43,13.44,13.45,13.46,13.47,13.48,13.49,13.5,7000,13100,35000,24100,19900,19600,9000,7200,4200,11300,4300,23400,4500,44500,49700,14700,14500,55800,13100,19900
1651.0,13.4,3150400,42067236.0,13.4,13.39,13.38,13.37,13.36,13.35,13.34,13.33,13.32,13.31,13.41,13.42,13.43,13.44,13.45,13.46,13.47,13.48,13.49,13.5,6300,13100,35000,24100,19900,19600,9000,7200,4200,11300,5000,23400,4500,44500,49700,14700,14500,55800,13100,19900
1652.0,13.41,3155400,42134286.0,13.4,13.39,13.38,13.37,13.36,13.35,13.34,13.33,13.32,13.31,13.42,13.43,13.44,13.45,13.46,13.47,13.48,13.49,13.5,13.51,6300,13100,35000,24100,19900,19600,9000,7200,4200,11300,23400,4500,44500,49700,14700,14500,55800,13100,19900,1000
1653.0,13.4,3156000,42142326.0,13.4,13.39,13.38,13.37,13.36,13.35,13.34,13.33,13.32,13.31,13.42,13.43,13.44,13.45,13.46,13.47,13.48,13.49,13.5,13.51,6100,13100,35000,24100,19900,20300,9000,7200,4200,11300,23800,4500,44500,49700,14700,14500,55800,13100,19900,1000
1654.0,13.4,3156000,42142326.0,13.4,13.39,13.38,13.37,13.36,13.35,13.34,13.33,13.32,13.31,13.42,13.43,13.44,13.45,13.46,13.47,13.48,13.49,13.5,13.51,7100,13100,35000,24100,19900,20300,9000,7200,4200,11300,24800,4500,44500,49700,14700,14500,55800,13100,19900,1000
1655.0,13.4,3156000,42142326.0,13.4,13.39,13.38,13.37,13.36,13.35,13.34,13.33,13.32,13.31,13.42,13.43,13.44,13.45,13.46,13.47,13.48,13.49,13.5,13.51,8100,13100,35000,24100,19900,20300,9000,7200,4200,11300,25800,4500,44500,49700,14700,14500,55800,13100,19900,1000
1656.0,13.4,3156000,42142326.0,13.4,13.39,13.38,13.37,13.36,13.35,13.34,13.33,13.32,13.31,13.42,13.43,13.44,13.45,13.46,13.47,13.48,13.49,13.5,13.51,8100,13100,35000,24100,19900,20300,9000,7200,4200,11300,25800,4500,44500,49700,14700,14500,55800,13100,19900,1000
1657.0,13.4,3156700,42151706.0,13.4,13.39,13.38,13.37,13.36,13.35,13.34,13.33,13.32,13.31,13.42,13.43,13.44,13.45,13.46,13.47,13.48,13.49,13.5,13.51,9000,13100,35000,24100,19900,20300,9000,7200,4200,11300,27800,4500,44500,49700,14700,14500,55800,13100,19900,1000
1658.0,13.4,3156700,42151706.0,13.4,13.39,13.38,13.37,13.36,13.35,13.34,13.33,13.32,13.31,13.42,13.43,13.44,13.45,13.46,13.47,13.48,13.49,13.5,13.51,9400,13100,35000,24100,19900,20300,9000,7200,4200,11300,27800,4500,44500,49700,14700,14500,55800,13100,19900,1000
1659.0,13.4,3157500,42162426.0,13.4,13.39,13.38,13.37,13.36,13.35,13.34,13.33,13.32,13.31,13.42,13.43,13.44,13.45,13.46,13.47,13.48,13.49,13.5,13.51,9600,13100,35000,24100,19900,20300,9000,7200,4200,11300,29400,4500,44500,49700,14700,14500,55800,13100,19900,1000
1660.0,13.4,3158300,42173148.0,13.4,13.39,13.38,13.37,13.36,13.35,13.34,13.33,13.32,13.31,13.42,13.43,13.44,13.45,13.46,13.47,13.48,13.49,13.5,13.51,9900,13100,35000,24100,19900,20300,9000,7200,4200,11300,29700,4500,44500,49700,14700,14500,56600,13100,19900,1000
1661.0,13.4,3158300,42173148.0,13.4,13.39,13.38,13.37,13.36,13.35,13.34,13.33,13.32,13.31,13.42,13.43,13.44,13.45,13.46,13.47,13.48,13.49,13.5,13.51,15900,13100,35000,24100,19900,20300,9000,7200,4200,11300,32100,4500,44500,49700,14700,14500,56600,13100,19900,1000
1662.0,13.4,3158300,42173148.0,13.4,13.39,13.38,13.37,13.36,13.35,13.34,13.33,13.32,13.31,13.41,13.42,13.43,13.44,13.45,13.46,13.47,13.48,13.49,13.5,16900,13100,35000,24100,19900,20300,9000,7200,4200,11300,10000,33100,4500,44500,49700,14700,14500,56600,13100,19900
1663.0,13.4,3159000,42182528.0,13.4,13.39,13.38,13.37,13.36,13.35,13.34,13.33,13.32,13.31,13.41,13.42,13.43,13.44,13.45,13.46,13.47,13.48,13.49,13.5,16200,13100,35000,24100,19900,20300,9000,7200,4200,11300,10000,33100,4500,44500,49700,14700,14500,56600,13100,19900
1664.0,13.4,3159000,42182528.0,13.4,13.39,13.38,13.37,13.36,13.35,13.34,13.33,13.32,13.31,13.41,13.42,13.43,13.44,13.45,13.46,13.47,13.48,13.49,13.5,16200,13100,35000,24100,19900,20300,9000,7200,4200,11300,10100,33100,4500,44500,49700,14700,14500,56600,13100,19900
1665.0,13.41,3161100,42210689.0,13.4,13.39,13.38,13.37,13.36,13.35,13.34,13.33,13.32,13.31,13.41,13.42,13.43,13.44,13.45,13.46,13.47,13.48,13.49,13.5,16200,13100,35000,24100,19900,20300,9000,7200,4200,11300,8000,33100,4500,44500,49700,14700,14500,56600,13100,19900
1666.0,13.41,3163500,42242852.0,13.4,13.39,13.38,13.37,13.36,13.35,13.34,13.33,13.32,13.31,13.41,13.42,13.43,13.44,13.45,13.46,13.47,13.48,13.49,13.5,9100,13100,35000,24100,19900,20300,9000,7200,4200,11300,7700,33100,4500,44500,49700,14700,14500,56600,13100,19900
1667.0,13.41,3163500,42242852.0,13.4,13.39,13.38,13.37,13.36,13.35,13.34,13.33,13.32,13.31,13.41,13.42,13.43,13.44,13.45,13.46,13.47,13.48,13.49,13.5,9100,13100,35000,24100,19900,20300,9000,7200,4200,11300,7700,33100,4500,49200,49700,14700,14500,56600,13100,19900
1668.0,13.4,3165100,42264298.0,13.4,13.39,13.38,13.37,13.36,13.35,13.34,13.33,13.32,13.31,13.41,13.42,13.43,13.44,13.45,13.46,13.47,13.48,13.49,13.5,8100,13100,35000,24100,19900,20300,9000,7200,4200,11300,9700,33100,4500,49200,49700,14700,14500,56600,13100,19900
1669.0,13.4,3165100,42264298.0,13.4,13.39,13.38,13.37,13.36,13.35,13.34,13.33,13.32,13.31,13.41,13.42,13.43,13.44,13.45,13.46,13.47,13.48,13.49,13.5,8100,13100,35000,24100,19900,20300,9000,7200,4200,11300,9700,33100,4500,49200,49700,14700,14500,56600,13100,19900
1670.0,13.42,3200800,42743276.0,13.41,13.4,13.39,13.38,13.37,13.36,13.35,13.34,13.33,13.32,13.42,13.43,13.44,13.45,13.46,13.47,13.48,13.49,13.5,13.51,2100,7800,13100,35000,24100,19900,20300,9000,7200,4200,8300,4500,49200,49700,14700,13100,56600,13100,19900,1000
1671.0,13.42,3200800,42743276.0,13.41,13.4,13.39,13.38,13.37,13.36,13.35,13.34,13.33,13.32,13.42,13.43,13.44,13.45,13.46,13.47,13.48,13.49,13.5,13.51,2100,7800,13100,35000,24100,19900,20300,9000,7200,4200,8300,4500,49200,49700,14700,13100,56600,13100,19900,1000
1672.0,13.42,3201200,42748644.0,13.41,13.4,13.39,13.38,13.37,13.36,13.35,13.34,13.33,13.32,13.42,13.43,13.44,13.45,13.46,13.47,13.48,13.49,13.5,13.51,2100,7800,13100,35000,24100,19900,20300,9000,7200,4200,7900,4500,49200,49700,14700,13100,56600,13100,19900,1000
1673.0,13.41,3201600,42754008.0,13.41,13.4,13.39,13.38,13.37,13.36,13.35,13.34,13.33,13.32,13.42,13.43,13.44,13.45,13.46,13.47,13.48,13.49,13.5,13.51,1700,7800,1800,35000,24100,19900,20300,9000,7200,4200,7900,4500,49200,49700,14700,13100,56600,13100,19900,1000
1674.0,13.41,3201600,42754008.0,13.41,13.4,13.39,13.38,13.37,13.36,13.35,13.34,13.33,13.32,13.42,13.43,13.44,13.45,13.46,13.47,13.48,13.49,13.5,13.51,5100,8900,1800,35000,24100,19900,20300,9000,7200,4200,7900,4500,49200,49700,14700,13100,56600,13100,19900,1000
1675.0,13.42,3202400,42764744.0,13.41,13.4,13.39,13.38,13.37,13.36,13.35,13.34,13.33,13.32,13.42,13.43,13.44,13.45,13.46,13.47,13.48,13.49,13.5,13.51,5100,8900,1800,35000,24100,19900,20300,9000,7200,4200,7100,4500,49200,52700,14700,13100,56600,13100,19900,1000
1676.0,13.41,3202900,42771449.0,13.41,13.4,13.39,13.38,13.37,13.36,13.35,13.34,13.33,13.32,13.42,13.43,13.44,13.45,13.46,13.47,13.48,13.49,13.5,13.51,4600,8900,1800,36000,24100,19900,20300,9000,7200,4200,7100,4500,49200,52700,14700,13100,56600,13100,19900,1000
1677.0,13.41,3203800,42783518.0,13.41,13.4,13.39,13.38,13.37,13.36,13.35,13.34,13.33,13.32,13.42,13.43,13.44,13.45,13.46,13.47,13.48,13.49,13.5,13.51,3700,8900,1800,36000,24100,19900,20300,9000,7200,4200,7100,4500,49200,52700,14700,13100,56600,13100,19900,1000
1678.0,13.41,3203800,42783518.0,13.41,13.4,13.39,13.38,13.37,13.36,13.35,13.34,13.33,13.32,13.42,13.43,13.44,13.45,13.46,13.47,13.48,13.49,13.5,13.51,3700,8900,2200,36000,24100,19900,20300,9000,7200,4200,7100,4500,49200,52700,14700,13100,56600,13100,19900,1000
1679.0,13.41,3204800,42796928.0,13.41,13.4,13.39,13.38,13.37,13.36,13.35,13.34,13.33,13.32,13.42,13.43,13.44,13.45,13.46,13.47,13.48,13.49,13.5,13.51,2700,8900,2200,36000,24100,19900,20000,9000,8500,4200,9100,4500,49200,52700,14700,13100,56600,13100,19900,1000
1680.0,13.41,3204800,42796928.0,13.41,13.4,13.39,13.38,13.37,13.36,13.35,13.34,13.33,13.32,13.42,13.43,13.44,13.45,13.46,13.47,13.48,13.49,13.5,13.51,2700,8900,2200,36000,24100,19900,20000,9000,8500,4200,9100,4500,49200,52700,14700,13100,56600,13100,19900,1000
1681.0,13.42,3207200,42829132.0,13.41,13.4,13.39,13.38,13.37,13.36,13.35,13.34,13.33,13.32,13.42,13.43,13.44,13.45,13.46,13.47,13.48,13.49,13.5,13.51,2300,8900,2200,36000,24100,19900,20000,9000,8500,4200,7100,4500,49200,52700,14700,13100,56600,13100,19900,1000
1682.0,13.42,3207300,42830474.0,13.41,13.4,13.39,13.38,13.37,13.36,13.35,13.34,13.33,13.32,13.42,13.43,13.44,13.45,13.46,13.47,13.48,13.49,13.5,13.51,2300,8900,2200,36000,24100,19900,20000,9000,8500,4200,7000,4500,49200,52700,14700,13100,56600,13100,19900,1000
1683.0,13.41,3207500,42833156.0,13.41,13.4,13.39,13.38,13.37,13.36,13.35,13.34,13.33,13.32,13.42,13.43,13.44,13.45,13.46,13.47,13.48,13.49,13.5,13.51,2900,8900,2200,36000,24100,19900,20000,9000,8500,4200,7000,6600,49200,52700,14700,13100,56600,13100,19900,1000
1684.0,13.41,3207500,42833156.0,13.41,13.4,13.39,13.38,13.37,13.36,13.35,13.34,13.33,13.32,13.42,13.43,13.44,13.45,13.46,13.47,13.48,13.49,13.5,13.51,3800,8900,2200,36000,24100,19900,20000,9000,8500,4200,7000,6600,49200,52700,14700,13100,56600,13100,19900,1000
1685.0,13.41,3209500,42859976.0,13.41,13.4,13.39,13.38,13.37,13.36,13.35,13.34,13.33,13.32,13.42,13.43,13.44,13.45,13.46,13.47,13.48,13.49,13.5,13.51,1800,9100,2200,36000,24100,19900,20000,9000,8500,4200,7000,6600,49200,52700,14700,13100,56600,13100,19900,1000
1686.0,13.41,3210000,42866681.0,13.41,13.4,13.39,13.38,13.37,13.36,13.35,13.34,13.33,13.32,13.42,13.43,13.44,13.45,13.46,13.47,13.48,13.49,13.5,13.51,1300,9100,2200,36000,24100,19900,20000,9000,8500,4200,9500,6600,49200,52200,14700,13100,56600,13100,19900,1000
1687.0,13.41,3210000,42866681.0,13.41,13.4,13.39,13.38,13.37,13.36,13.35,13.34,13.33,13.32,13.42,13.43,13.44,13.45,13.46,13.47,13.48,13.49,13.5,13.51,1300,9100,2200,36000,24100,19900,20000,9000,8500,4200,9500,6600,49200,52200,14700,13100,56600,13100,19900,1000
1688.0,13.42,3219600,42995512.0,13.42,13.41,13.4,13.39,13.38,13.37,13.36,13.35,13.34,13.33,13.43,13.44,13.45,13.46,13.47,13.48,13.49,13.5,13.51,13.52,6300,1200,9100,2200,36000,24100,19900,20000,9000,8500,6600,49200,52200,14700,13100,56600,13100,19900,1000,7500
1689.0,13.43,3221600,43022354.0,13.42,13.41,13.4,13.39,13.38,13.37,13.36,13.35,13.34,13.33,13.43,13.44,13.45,13.46,13.47,13.48,13.49,13.5,13.51,13.52,4500,1200,9300,2200,36000,24100,19900,16100,9000,8500,6400,49200,52200,14700,13100,56600,13100,19900,1000,7500
1690.0,13.43,3221600,43022354.0,13.42,13.41,13.4,13.39,13.38,13.37,13.36,13.35,13.34,13.33,13.43,13.44,13.45,13.46,13.47,13.48,13.49,13.5,13.51,13.52,17100,1200,9300,2200,36000,24100,19900,16100,9000,8500,6400,49200,52200,14700,13100,56600,13100,19900,1000,7500
1691.0,13.43,3221600,43022354.0,13.42,13.41,13.4,13.39,13.38,13.37,13.36,13.35,13.34,13.33,13.43,13.44,13.45,13.46,13.47,13.48,13.49,13.5,13.51,13.52,17100,1200,9300,2200,36000,24100,19900,16100,9000,8500,6400,49200,52200,14700,13100,56600,13100,19900,1000,7500
1692.0,13.42,3223300,43045168.0,13.42,13.41,13.4,13.39,13.38,13.37,13.36,13.35,13.34,13.33,13.43,13.44,13.45,13.46,13.47,13.48,13.49,13.5,13.51,13.52,15400,1200,9300,2200,36000,24100,19900,16100,9000,8500,6400,49200,52200,14700,13100,56600,13100,19900,1000,7500
1693.0,13.42,3223300,43045168.0,13.42,13.41,13.4,13.39,13.38,13.37,13.36,13.35,13.34,13.33,13.43,13.44,13.45,13.46,13.47,13.48,13.49,13.5,13.51,13.52,15400,2200,9300,2200,36000,24100,19900,16100,9000,8500,6400,49200,48200,14700,13100,56600,13100,19900,1000,7500
1694.0,13.42,3223300,43045168.0,13.42,13.41,13.4,13.39,13.38,13.37,13.36,13.35,13.34,13.33,13.43,13.44,13.45,13.46,13.47,13.48,13.49,13.5,13.51,13.52,16900,2200,9300,2200,36000,24100,19900,16100,9000,8500,6400,49200,48200,14700,13100,56600,13100,19900,1000,7500
1695.0,13.42,3224000,43054562.0,13.42,13.41,13.4,13.39,13.38,13.37,13.36,13.35,13.34,13.33,13.43,13.44,13.45,13.46,13.47,13.48,13.49,13.5,13.51,13.52,17500,2200,9300,2200,36000,24100,19900,16100,9000,8500,6400,49200,48200,14700,13100,56600,13100,19900,1000,7500
1696.0,13.43,3225000,43067985.0,13.42,13.41,13.4,13.39,13.38,13.37,13.36,13.35,13.34,13.33,13.43,13.44,13.45,13.46,13.47,13.48,13.49,13.5,13.51,13.52,16800,2200,9300,2200,36000,24100,19900,16100,9000,8500,6100,49200,48200,14700,13100,56600,13100,19900,1000,7500
1697.0,13.43,3225000,43067985.0,13.42,13.41,13.4,13.39,13.38,13.37,13.36,13.35,13.34,13.33,13.43,13.44,13.45,13.46,13.47,13.48,13.49,13.5,13.51,13.52,16800,2200,9300,2200,36000,24100,19900,16100,9000,8500,6400,49200,48200,14700,13100,56600,13100,19900,1000,7500
1698.0,13.42,3225800,43078721.0,13.42,13.41,13.4,13.39,13.38,13.37,13.36,13.35,13.34,13.33,13.43,13.44,13.45,13.46,13.47,13.48,13.49,13.5,13.51,13.52,16000,2200,9300,2200,36000,24100,19900,16100,9000,8500,6400,49200,48200,14700,13100,56600,13100,19900,1000,7500
1699.0,13.42,3225800,43078721.0,13.42,13.41,13.4,13.39,13.38,13.37,13.36,13.35,13.34,13.33,13.43,13.44,13.45,13.46,13.47,13.48,13.49,13.5,13.51,13.52,16000,2200,9300,2200,36000,24100,19900,16100,9000,8500,6400,49200,48200,14700,13100,56600,13100,19900,1000,7500
1700.0,13.42,3225800,43078721.0,13.42,13.41,13.4,13.39,13.38,13.37,13.36,13.35,13.34,13.33,13.43,13.44,13.45,13.46,13.47,13.48,13.49,13.5,13.51,13.52,16000,2200,9300,2200,36000,24100,19900,16100,9000,8500,6400,49200,48200,14700,13100,56600,13100,19900,1000,7500
1701.0,13.42,3225800,43078721.0,13.42,13.41,13.4,13.39,13.38,13.37,13.36,13.35,13.34,13.33,13.43,13.44,13.45,13.46,13.47,13.48,13.49,13.5,13.51,13.52,16000,2600,9400,2200,36000,24100,19900,16100,9000,8500,6400,49200,48200,14700,13100,56600,13100,19900,1000,7500
1702.0,13.43,3227500,43101545.0,13.42,13.41,13.4,13.39,13.38,13.37,13.36,13.35,13.34,13.33,13.43,13.44,13.45,13.46,13.47,13.48,13.49,13.5,13.51,13.52,15300,2600,9400,2200,36000,24100,19900,16100,9000,8500,5400,49200,48200,14700,13100,56600,13100,19900,1000,7500
1703.0,13.42,3228400,43113625.0,13.42,13.41,13.4,13.39,13.38,13.37,13.36,13.35,13.34,13.33,13.43,13.44,13.45,13.46,13.47,13.48,13.49,13.5,13.51,13.52,15000,2600,9400,2200,36000,24100,19900,16100,9000,8500,5200,49200,48200,14700,13100,56600,13100,19900,1000,7500
1704.0,13.43,3230300,43139142.0,13.42,13.41,13.4,13.39,13.38,13.37,13.36,13.35,13.34,13.33,13.43,13.44,13.45,13.46,13.47,13.48,13.49,13.5,13.51,13.52,17300,2600,9400,2200,36000,24100,19900,16100,9000,8500,3300,49200,48200,14700,13100,56600,13100,19900,1000,7500
1705.0,13.43,3234300,43192855.0,13.43,13.42,13.41,13.4,13.39,13.38,13.37,13.36,13.35,13.34,13.44,13.45,13.46,13.47,13.48,13.49,13.5,13.51,13.52,13.53,500,16800,2600,14400,2200,36000,24100,19900,16100,9000,49200,48200,15700,13100,56600,13100,19900,1000,7500,3900
1706.0,13.43,3234300,43192855.0,13.43,13.42,13.41,13.4,13.39,13.38,13.37,13.36,13.35,13.34,13.44,13.45,13.46,13.47,13.48,13.49,13.5,13.51,13.52,13.53,500,16900,2600,14400,2200,1500,24100,19900,16100,9000,49200,48200,15700,13100,56600,13100,19900,1000,7500,3900
1707.0,13.44,3234900,43200919.0,13.43,13.42,13.41,13.4,13.39,13.38,13.37,13.36,13.35,13.34,13.44,13.45,13.46,13.47,13.48,13.49,13.5,13.51,13.52,13.53,8100,16900,2600,14400,2200,1500,24100,19900,16100,9000,48600,48200,15700,13100,56600,13100,19900,1000,7500,3900
1708.0,13.44,3240700,43278871.0,13.43,13.42,13.41,13.4,13.39,13.38,13.37,13.36,13.35,13.34,13.44,13.45,13.46,13.47,13.48,13.49,13.5,13.51,13.52,13.53,8100,18200,2600,14400,2200,1500,24100,19900,16100,9000,42800,48200,15700,13100,56600,13100,19900,1000,7500,3900
1709.0,13.44,3244000,43323216.0,13.43,13.42,13.41,13.4,13.39,13.38,13.37,13.36,13.35,13.34,13.44,13.45,13.46,13.47,13.48,13.49,13.5,13.51,13.52,13.53,9300,18200,2600,14400,2200,1500,24100,19900,16100,9000,40200,48200,15700,13100,56900,13100,19900,1000,7500,3900
1710.0,13.43,3244700,43332617.0,13.43,13.42,13.41,13.4,13.39,13.38,13.37,13.36,13.35,13.34,13.44,13.45,13.46,13.47,13.48,13.49,13.5,13.51,13.52,13.53,8600,18200,2200,14400,2200,1500,24100,19900,16100,9000,40200,48200,15700,13100,56900,13100,19900,1000,7500,3900
1711.0,13.44,3252800,43441467.0,13.43,13.42,13.41,13.4,13.39,13.38,13.37,13.36,13.35,13.34,13.44,13.45,13.46,13.47,13.48,13.49,13.5,13.51,13.52,13.53,11100,18200,2200,14400,2200,1500,24100,19900,16100,9000,33500,48200,15700,13100,56900,13100,19900,1000,7500,3900
1712.0,13.44,3255900,43483108.0,13.43,13.42,13.41,13.4,13.39,13.38,13.37,13.36,13.35,13.34,13.44,13.45,13.46,13.47,13.48,13.49,13.5,13.51,13.52,13.53,8800,18200,2200,14400,2200,1500,24100,19900,16100,9000,32700,48200,15700,13100,56900,13100,19900,1000,7500,3900
1713.0,13.44,3257900,43509988.0,13.43,13.42,13.41,13.4,13.39,13.38,13.37,13.36,13.35,13.34,13.44,13.45,13.46,13.47,13.48,13.49,13.5,13.51,13.52,13.53,9300,18200,2200,14400,2200,1500,24100,19900,16100,9000,30700,52500,15700,13100,56900,13100,19900,1000,7500,3900
1714.0,13.44,3257900,43509988.0,13.43,13.42,13.41,13.4,13.39,13.38,13.37,13.36,13.35,13.34,13.44,13.45,13.46,13.47,13.48,13.49,13.5,13.51,13.52,13.53,7700,18200,2200,14400,2200,1500,24100,19900,16100,9000,30700,52500,15700,13100,56900,13100,19900,1000,7500,3900
1715.0,13.44,3259300,43528804.0,13.43,13.42,13.41,13.4,13.39,13.38,13.37,13.36,13.35,13.34,13.44,13.45,13.46,13.47,13.48,13.49,13.5,13.51,13.52,13.53,7700,17700,2200,14400,2200,1500,24100,19900,16100,9000,29300,49500,15700,13100,56900,13100,19900,1000,7500,3900
1716.0,13.44,3260200,43540893.0,13.43,13.42,13.41,13.4,13.39,13.38,13.37,13.36,13.35,13.34,13.44,13.45,13.46,13.47,13.48,13.49,13.5,13.51,13.52,13.53,8500,17700,2200,14400,2200,1500,24100,19900,16100,9000,29100,49300,15700,13100,56900,13100,19900,1000,7500,3900
1717.0,13.44,3261400,43557021.0,13.43,13.42,13.41,13.4,13.39,13.38,13.37,13.36,13.35,13.34,13.44,13.45,13.46,13.47,13.48,13.49,13.5,13.51,13.52,13.53,8500,17700,2200,14400,2200,1500,24100,19900,16100,9000,27900,49300,15700,13100,56900,13100,19900,1000,7500,3900
1718.0,13.44,3264800,43602710.0,13.43,13.42,13.41,13.4,13.39,13.38,13.37,13.36,13.35,13.34,13.44,13.45,13.46,13.47,13.48,13.49,13.5,13.51,13.52,13.53,6000,17700,2200,14400,2200,1400,24100,19900,16100,9000,25200,49300,15700,13100,56900,13100,19900,1000,7500,3900
1719.0,13.43,3265600,43613454.0,13.43,13.42,13.41,13.4,13.39,13.38,13.37,13.36,13.35,13.34,13.44,13.45,13.46,13.47,13.48,13.49,13.5,13.51,13.52,13.53,5200,17700,2200,14400,2200,1400,24100,19900,16100,9000,25200,49300,15700,13100,56900,13100,19900,1000,7500,3900
1720.0,13.43,3265600,43613454.0,13.43,13.42,13.41,13.4,13.39,13.38,13.37,13.36,13.35,13.34,13.44,13.45,13.46,13.47,13.48,13.49,13.5,13.51,13.52,13.53,5200,17700,2200,14400,2200,1400,24100,19900,16100,9000,25400,49300,15700,13500,56900,13100,23500,1000,7500,3900
1721.0,13.44,3269200,43661838.0,13.43,13.42,13.41,13.4,13.39,13.38,13.37,13.36,13.35,13.34,13.44,13.45,13.46,13.47,13.48,13.49,13.5,13.51,13.52,13.53,5200,18000,2200,14400,2200,1400,24100,19900,16100,9000,21800,49300,15700,13500,56900,13100,23500,1000,7500,3900
1722.0,13.44,3291500,43961545.0,13.44,13.43,13.42,13.41,13.4,13.39,13.38,13.37,13.36,13.35,13.45,13.46,13.47,13.48,13.49,13.5,13.51,13.52,13.53,13.54,12600,4700,18000,2200,14400,2200,1400,24100,19900,16100,49300,15700,13500,56900,13100,23800,1000,7500,3900,2900
1723.0,13.45,3293100,43983051.0,13.44,13.43,13.42,13.41,13.4,13.39,13.38,13.37,13.36,13.35,13.45,13.46,13.47,13.48,13.49,13.5,13.51,13.52,13.53,13.54,11200,4700,18000,2200,14400,2200,1500,24100,9900,16100,49100,15700,13500,56900,13100,23800,1000,7500,3900,2900
1724.0,13.44,3293800,43992465.0,13.44,13.43,13.42,13.41,13.4,13.39,13.38,13.37,13.36,13.35,13.45,13.46,13.47,13.48,13.49,13.5,13.51,13.52,13.53,13.54,11100,3200,18000,2200,14400,2200,1500,24100,9900,16100,48100,15700,13500,56900,13100,23800,1000,7500,3900,2900
1725.0,13.44,3294500,44001873.0,13.44,13.43,13.42,13.41,13.4,13.39,13.38,13.37,13.36,13.35,13.45,13.46,13.47,13.48,13.49,13.5,13.51,13.52,13.53,13.54,10400,500,18000,2200,14400,2200,1500,24100,9900,16100,53100,15700,11500,56900,13100,23800,1000,7500,3900,2900
1726.0,13.45,3299900,44074496.0,13.44,13.43,13.42,13.41,13.4,13.39,13.38,13.37,13.36,13.35,13.45,13.46,13.47,13.48,13.49,13.5,13.51,13.52,13.53,13.54,9700,500,18000,2200,14400,2200,1500,24100,9900,16100,48400,15700,11500,56900,13100,23800,1000,7500,3900,2900
1727.0,13.45,3329800,44476651.0,13.44,13.43,13.42,13.41,13.4,13.39,13.38,13.37,13.36,13.35,13.45,13.46,13.47,13.48,13.49,13.5,13.51,13.52,13.53,13.54,10100,500,18000,2200,14400,2200,1500,24100,9900,16100,18500,15700,11500,56900,13100,23800,1000,7500,3900,2900
1728.0,13.45,3330800,44490101.0,13.44,13.43,13.42,13.41,13.4,13.39,13.38,13.37,13.36,13.35,13.45,13.46,13.47,13.48,13.49,13.5,13.51,13.52,13.53,13.54,10700,500,18000,2200,14400,2200,1500,24100,9900,16100,17500,15700,11500,56900,13100,23800,1000,7500,3900,2900
1729.0,13.44,3331500,44499509.0,13.44,13.43,13.42,13.41,13.4,13.39,13.38,13.37,13.36,13.35,13.45,13.46,13.47,13.48,13.49,13.5,13.51,13.52,13.53,13.54,10000,500,18000,2200,14400,2200,1500,24100,10200,16100,17500,17000,11500,56900,13100,23800,1000,7500,3900,2900
1730.0,13.45,3331600,44500854.0,13.44,13.43,13.42,13.41,13.4,13.39,13.38,13.37,13.36,13.35,13.45,13.46,13.47,13.48,13.49,13.5,13.51,13.52,13.53,13.54,11500,500,18000,2200,14400,2200,1500,24100,7700,16100,17700,17000,11500,56900,13100,23800,1000,7500,3900,2900
1731.0,13.45,3332600,44514304.0,13.44,13.43,13.42,13.41,13.4,13.39,13.38,13.37,13.36,13.35,13.45,13.46,13.47,13.48,13.49,13.5,13.51,13.52,13.53,13.54,32200,500,18000,2200,14400,2200,1500,24100,7700,16100,16700,17000,11500,56900,13100,23800,1000,7500,3900,2900
1732.0,13.45,3337200,44576160.0,13.44,13.43,13.42,13.41,13.4,13.39,13.38,13.37,13.36,13.35,13.45,13.46,13.47,13.48,13.49,13.5,13.51,13.52,13.53,13.54,30800,500,18000,2200,14400,2200,1500,24100,7700,16100,13500,17000,11500,56900,13100,23800,1000,7500,3900,2900
1733.0,13.46,3352100,44776579.0,13.44,13.43,13.42,13.41,13.4,13.39,13.38,13.37,13.36,13.35,13.46,13.47,13.48,13.49,13.5,13.51,13.52,13.53,13.54,13.55,30800,500,18000,2200,14400,2200,1500,24100,7700,16100,15600,11500,56900,13100,23800,1000,7500,3900,2900,15600
1734.0,13.46,3358500,44862695.0,13.44,13.43,13.42,13.41,13.4,13.39,13.38,13.37,13.36,13.35,13.46,13.47,13.48,13.49,13.5,13.51,13.52,13.53,13.54,13.55,34000,500,17700,2200,14400,2200,1500,24100,7700,16100,15200,11500,56900,13100,24300,1000,7500,3900,2900,15600
1735.0,13.44,3360700,44892299.0,13.44,13.43,13.42,13.41,13.4,13.39,13.38,13.37,13.36,13.35,13.46,13.47,13.48,13.49,13.5,13.51,13.52,13.53,13.54,13.55,33800,500,17700,2200,14400,2200,1500,24100,7700,16100,13600,11500,56900,13100,24300,1000,7500,3900,2900,15600
1736.0,13.46,3361600,44904399.0,13.44,13.43,13.42,13.41,13.4,13.39,13.38,13.37,13.36,13.35,13.46,13.47,13.48,13.49,13.5,13.51,13.52,13.53,13.54,13.55,35500,500,17600,2200,14400,2200,1500,24100,7700,16100,16300,11500,56900,13100,24300,1000,7500,3900,2900,15600
1737.0,13.46,3364700,44946125.0,13.44,13.43,13.42,13.41,13.4,13.39,13.38,13.37,13.36,13.35,13.46,13.47,13.48,13.49,13.5,13.51,13.52,13.53,13.54,13.55,37800,500,17600,2200,14400,2200,1500,24100,7700,16100,15500,11500,56900,13100,24300,1000,7500,3900,2900,15600
1738.0,13.46,3365000,44950163.0,13.45,13.44,13.43,13.42,13.41,13.4,13.39,13.38,13.37,13.36,13.46,13.47,13.48,13.49,13.5,13.51,13.52,13.53,13.54,13.55,1700,37800,500,17600,2200,14400,2200,1500,24100,7700,15200,11500,57500,13100,24300,1000,7500,3900,2900,15600
1739.0,13.46,3365700,44959584.0,13.45,13.44,13.43,13.42,13.41,13.4,13.39,13.38,13.37,13.36,13.46,13.47,13.48,13.49,13.5,13.51,13.52,13.53,13.54,13.55,1600,37800,500,17600,2200,14400,2200,1500,24100,7700,14600,11500,57500,13100,24300,1000,7500,3900,2900,15600
1740.0,13.46,3370200,45020143.0,13.45,13.44,13.43,13.42,13.41,13.4,13.39,13.38,13.37,13.36,13.46,13.47,13.48,13.49,13.5,13.51,13.52,13.53,13.54,13.55,500,31100,500,6500,2200,14400,2200,1500,24100,7700,11200,11500,57500,13100,24300,1000,7500,3900,2900,15600
1741.0,13.46,3370200,45020143.0,13.45,13.44,13.43,13.42,13.41,13.4,13.39,13.38,13.37,13.36,13.46,13.47,13.48,13.49,13.5,13.51,13.52,13.53,13.54,13.55,500,31100,500,6500,2200,14400,2200,1500,24100,7700,11200,11500,57500,12800,24300,1000,7500,3900,2900,15600
1742.0,13.46,3370600,45025527.0,13.45,13.44,13.43,13.42,13.41,13.4,13.39,13.38,13.37,13.36,13.46,13.47,13.48,13.49,13.5,13.51,13.52,13.53,13.54,13.55,9400,31100,500,6500,2200,14400,2200,1500,24100,7700,10800,11500,57500,12800,24300,1000,7500,3900,2900,15600
1743.0,13.46,3372900,45056478.0,13.45,13.44,13.43,13.42,13.41,13.4,13.39,13.38,13.37,13.36,13.46,13.47,13.48,13.49,13.5,13.51,13.52,13.53,13.54,13.55,8700,31100,500,6500,2200,14400,2200,1500,24100,7700,9200,11500,57500,12800,24300,1000,7500,3900,2900,15600
1744.0,13.46,3373100,45059170.0,13.45,13.44,13.43,13.42,13.41,13.4,13.39,13.38,13.37,13.36,13.46,13.47,13.48,13.49,13.5,13.51,13.52,13.53,13.54,13.55,8700,31100,500,6400,2200,14400,2200,1500,24100,7700,11000,11500,57500,12800,24300,1000,7500,3900,2900,15600
1745.0,13.46,3374300,45075322.0,13.45,13.44,13.43,13.42,13.41,13.4,13.39,13.38,13.37,13.36,13.46,13.47,13.48,13.49,13.5,13.51,13.52,13.53,13.54,13.55,8700,31100,500,6400,2200,14000,2200,1500,24100,7700,9800,14300,57500,12800,24300,1000,7500,3900,2900,15600
1746.0,13.46,3379600,45146639.0,13.45,13.44,13.43,13.42,13.41,13.4,13.39,13.38,13.37,13.36,13.46,13.47,13.48,13.49,13.5,13.51,13.52,13.53,13.54,13.55,6600,31100,500,6400,2200,14000,2200,1500,24100,7700,13600,14300,57500,12800,24300,1000,7500,3900,2900,15600
1747.0,13.46,3382900,45191051.0,13.45,13.44,13.42,13.41,13.4,13.39,13.38,13.37,13.36,13.35,13.46,13.47,13.48,13.49,13.5,13.51,13.52,13.53,13.54,13.55,6000,31100,6400,2200,14000,2200,1500,24100,7700,16100,10900,14300,57500,12800,24300,1000,7500,3900,2900,15600
1748.0,13.46,3386900,45244891.0,13.45,13.44,13.42,13.41,13.4,13.39,13.38,13.37,13.36,13.35,13.46,13.47,13.48,13.49,13.5,13.51,13.52,13.53,13.54,13.55,6000,31100,6400,2200,14000,2200,1500,24100,7700,16100,6900,14900,58500,12800,24500,1000,7500,3900,2900,15600
1749.0,13.46,3390900,45298700.0,13.45,13.44,13.42,13.41,13.4,13.39,13.38,13.37,13.36,13.35,13.46,13.47,13.48,13.49,13.5,13.51,13.52,13.53,13.54,13.55,2900,31100,6400,2200,14000,2200,1500,24100,7700,16100,6000,14900,60100,12800,25500,1000,7500,3900,2900,15600
1750.0,13.45,3395500,45360574.0,13.44,13.42,13.41,13.4,13.39,13.38,13.37,13.36,13.35,13.34,13.45,13.46,13.47,13.48,13.49,13.5,13.51,13.52,13.53,13.54,31100,6400,2200,14000,2200,1500,24100,7700,16100,9000,2400,5600,23100,66900,12800,25500,1000,7500,3900,2900
1751.0,13.45,3396100,45368644.0,13.44,13.42,13.41,13.4,13.39,13.38,13.37,13.36,13.35,13.34,13.45,13.46,13.47,13.48,13.49,13.5,13.51,13.52,13.53,13.54,31100,6400,2200,14000,2200,1500,24100,7700,16100,9000,1800,5600,25400,66900,12800,25500,1000,7500,3900,2900
1752.0,13.45,3408900,45540934.0,13.44,13.42,13.41,13.4,13.39,13.38,13.37,13.36,13.35,13.34,13.45,13.46,13.47,13.48,13.49,13.5,13.51,13.52,13.53,13.54,31100,6400,2200,14000,2200,1500,24100,7700,16100,9000,3500,15100,38400,66900,13800,25500,1000,7500,3900,2900
1753.0,13.45,3410200,45558412.0,13.44,13.42,13.41,13.4,13.39,13.38,13.37,13.36,13.35,13.34,13.45,13.46,13.47,13.48,13.49,13.5,13.51,13.52,13.53,13.54,30400,5100,2200,14000,2200,1500,24100,7700,16100,9000,2900,15100,39100,66900,13800,25500,1000,7500,3900,2900
1754.0,13.45,3412900,45594727.0,13.44,13.42,13.41,13.4,13.39,13.38,13.37,13.36,13.35,13.34,13.45,13.46,13.47,13.48,13.49,13.5,13.51,13.52,13.53,13.54,30400,5100,2200,14000,2200,1500,24100,7700,16100,9000,800,15100,39600,68900,13800,25500,1100,7500,3900,2900
1755.0,13.46,3421900,45715845.0,13.44,13.42,13.41,13.4,13.39,13.38,13.37,13.36,13.35,13.34,13.46,13.47,13.48,13.49,13.5,13.51,13.52,13.53,13.54,13.55,29700,5100,2200,14000,2200,1500,24100,7700,16100,9000,7600,39600,68900,13800,25500,1100,7500,3900,2900,15600
1756.0,13.46,3424900,45756209.0,13.44,13.42,13.41,13.4,13.39,13.38,13.37,13.36,13.35,13.34,13.46,13.47,13.48,13.49,13.5,13.51,13.52,13.53,13.54,13.55,31600,5100,2200,14000,2200,1500,24100,7700,16100,9000,13100,39600,69300,13800,25500,1100,7500,3900,2900,15600
1757.0,13.45,3426900,45783109.0,13.44,13.42,13.41,13.4,13.39,13.38,13.37,13.36,13.35,13.34,13.45,13.46,13.47,13.48,13.49,13.5,13.51,13.52,13.53,13.54,34200,5100,2200,14000,2200,1500,24100,7700,16100,9000,14100,15700,39600,69300,13800,25500,1100,7500,3900,2900
1758.0,13.44,3459600,46222609.0,13.44,13.42,13.41,13.4,13.39,13.38,13.37,13.36,13.35,13.34,13.45,13.46,13.47,13.48,13.49,13.5,13.51,13.52,13.53,13.54,2700,5100,2200,14000,2200,1500,24100,7700,16100,9000,12900,15700,39600,69300,14800,25500,1100,7500,3900,2900
1759.0,13.45,3464900,46293892.0,13.44,13.42,13.41,13.4,13.39,13.38,13.37,13.36,13.35,13.34,13.45,13.46,13.47,13.48,13.49,13.5,13.51,13.52,13.53,13.54,2500,5100,2200,14000,2200,1500,24100,7700,16100,9000,8900,16000,39600,69300,14800,25500,1100,7500,3900,2900
1760.0,13.46,3469200,46351759.0,13.44,13.42,13.41,13.4,13.39,13.38,13.37,13.36,13.35,13.34,13.45,13.46,13.47,13.48,13.49,13.5,13.51,13.52,13.53,13.54,2500,5100,2200,14000,2200,1500,24100,7700,16100,9000,20000,12800,39600,69300,14800,25000,1100,7500,3900,2900
1761.0,13.45,3473700,46412284.0,13.44,13.43,13.42,13.41,13.4,13.39,13.38,13.37,13.36,13.35,13.45,13.46,13.47,13.48,13.49,13.5,13.51,13.52,13.53,13.54,2500,4400,5100,2200,14000,2200,1500,24100,7700,16100,15500,12800,39600,69300,14800,25000,1100,7500,3900,2900
1762.0,13.44,3473900,46414972.0,13.44,13.43,13.42,13.41,13.4,13.39,13.38,13.37,13.36,13.35,13.45,13.46,13.47,13.48,13.49,13.5,13.51,13.52,13.53,13.54,2300,4400,9900,2200,14000,2200,1500,24100,7700,16100,15500,12800,39600,69300,14800,25000,1100,7500,3900,2900
1763.0,13.44,3478800,46480828.0,13.44,13.43,13.42,13.41,13.4,13.39,13.38,13.37,13.36,13.35,13.45,13.46,13.47,13.48,13.49,13.5,13.51,13.52,13.53,13.54,1000,4400,9900,2200,14000,2200,1500,24100,7700,16100,28200,12800,39600,69500,14800,25000,1100,7500,3900,2900
1764.0,13.45,3482000,46523868.0,13.44,13.43,13.42,13.41,13.4,13.39,13.38,13.37,13.36,13.35,13.45,13.46,13.47,13.48,13.49,13.5,13.51,13.52,13.53,13.54,1000,4400,9900,2200,15000,2200,1500,24100,7700,16100,25000,12800,39600,69500,14800,25000,1100,6900,3900,2900
1765.0,13.44,3482100,46525212.0,13.44,13.43,13.42,13.41,13.4,13.39,13.38,13.37,13.36,13.35,13.45,13.46,13.47,13.48,13.49,13.5,13.51,13.52,13.53,13.54,900,4400,9900,2200,15000,2200,1500,24100,7700,16100,12300,12800,40100,69500,14800,25000,1100,6900,3900,2900
1766.0,13.45,3486200,46580357.0,13.44,13.43,13.42,13.41,13.4,13.39,13.38,13.37,13.36,13.35,13.45,13.46,13.47,13.48,13.49,13.5,13.51,13.52,13.53,13.54,1000,4400,10000,2200,15000,2200,1500,24100,7700,16100,8200,13600,40100,69500,14800,25000,1100,6900,3900,2900
1767.0,13.43,3492700,46667684.0,13.42,13.41,13.4,13.39,13.38,13.37,13.36,13.35,13.34,13.33,13.43,13.45,13.46,13.47,13.48,13.49,13.5,13.51,13.52,13.53,10000,2200,15000,2200,1500,24100,7700,16100,8100,6400,7300,7600,13600,38500,69500,14800,25000,1100,6900,3900
1768.0,13.43,3498900,46750943.0,13.42,13.41,13.4,13.39,13.38,13.37,13.36,13.35,13.34,13.33,13.43,13.45,13.46,13.47,13.48,13.49,13.5,13.51,13.52,13.53,9300,2200,15000,2200,1500,24100,7700,16100,8100,6400,1800,7600,13600,38500,68800,14800,25000,1100,6900,3900
1769.0,13.45,3507100,46861155.0,13.42,13.41,13.4,13.39,13.38,13.37,13.36,13.35,13.34,13.33,13.45,13.46,13.47,13.48,13.49,13.5,13.51,13.52,13.53,13.54,7900,1900,15000,2200,1500,24100,7700,16100,8100,6400,2800,13600,38500,68800,14800,25000,1100,6900,3900,2900
1770.0,13.45,3509200,46889379.0,13.42,13.41,13.4,13.39,13.38,13.37,13.36,13.35,13.34,13.33,13.43,13.45,13.46,13.47,13.48,13.49,13.5,13.51,13.52,13.53,8600,1900,15000,2200,1500,24100,7700,16100,8100,6400,500,3000,13600,30500,67100,14800,25000,1100,6900,3900
1771.0,13.42,3509900,46898773.0,13.42,13.41,13.4,13.39,13.38,13.37,13.36,13.35,13.34,13.33,13.43,13.45,13.46,13.47,13.48,13.49,13.5,13.51,13.52,13.53,7900,1900,15000,2200,1500,24100,7700,16100,8100,6400,500,4600,13600,30500,67100,14800,25000,1100,6900,3900
1772.0,13.43,3510400,46905488.0,13.42,13.41,13.4,13.39,13.38,13.37,13.36,13.35,13.34,13.33,13.45,13.46,13.47,13.48,13.49,13.5,13.51,13.52,13.53,13.54,7900,3000,15000,2200,1500,24100,7700,15600,8100,6400,4900,13600,30600,65500,14800,25000,1100,6900,3900,2900
1773.0,13.43,3510400,46905488.0,13.43,13.42,13.41,13.4,13.39,13.38,13.37,13.36,13.35,13.34,13.45,13.46,13.47,13.48,13.49,13.5,13.51,13.52,13.53,13.54,3300,11400,3000,15000,2200,1500,24100,7700,15600,8100,8400,13600,30600,65500,14800,25000,1100,6900,3900,2900
1774.0,13.43,3510400,46905488.0,13.43,13.42,13.41,13.4,13.39,13.38,13.37,13.36,13.35,13.34,13.45,13.46,13.47,13.48,13.49,13.5,13.51,13.52,13.53,13.54,7700,11400,3000,15000,2200,1500,24100,7700,15600,8100,11900,13600,30600,65500,14800,25000,1100,6900,3900,2900
1775.0,13.43,3512100,46928319.0,13.43,13.42,13.41,13.4,13.39,13.38,13.37,13.36,13.35,13.34,13.45,13.46,13.47,13.48,13.49,13.5,13.51,13.52,13.53,13.54,6000,11400,3000,15000,2200,1500,24100,7700,15600,8100,12000,13600,30600,65500,14800,25000,1100,6900,3900,2900
1776.0,13.43,3512100,46928319.0,13.43,13.42,13.41,13.4,13.39,13.38,13.37,13.36,13.35,13.34,13.45,13.46,13.47,13.48,13.49,13.5,13.51,13.52,13.53,13.54,11800,11400,3000,15000,2200,1500,23900,7700,15600,8100,17500,13600,30600,65500,14800,25000,1100,6900,3900,2900
1777.0,13.45,3512800,46937734.0,13.43,13.42,13.41,13.4,13.39,13.38,13.37,13.36,13.35,13.34,13.45,13.46,13.47,13.48,13.49,13.5,13.51,13.52,13.53,13.54,13200,11400,3000,15000,2200,1500,23900,7700,15600,8100,18200,13600,30600,66000,14800,25000,1100,6900,3900,2900
1778.0,13.43,3513500,46947135.0,13.43,13.42,13.41,13.4,13.39,13.38,13.37,13.36,13.35,13.34,13.45,13.46,13.47,13.48,13.49,13.5,13.51,13.52,13.53,13.54,12600,11400,3000,15000,2200,1500,23900,7700,15600,8100,18200,13600,30900,66000,14800,25000,1100,6900,3900,2900
1779.0,13.45,3516500,46987481.0,13.43,13.42,13.41,13.4,13.39,13.38,13.37,13.36,13.35,13.34,13.45,13.46,13.47,13.48,13.49,13.5,13.51,13.52,13.53,13.54,15800,11400,3000,15000,2200,1500,23900,7700,15600,8100,19600,13600,44900,66000,14800,25000,1100,6900,3900,2900
1780.0,13.45,3516500,46987481.0,13.43,13.42,13.41,13.4,13.39,13.38,13.37,13.36,13.35,13.34,13.45,13.46,13.47,13.48,13.49,13.5,13.51,13.52,13.53,13.54,16400,11400,4000,30200,2200,1500,23900,7700,15600,8100,21900,13600,44900,66600,14800,25000,1100,6900,3900,2900
1781.0,13.43,3518600,47015684.0,13.43,13.42,13.41,13.4,13.39,13.38,13.37,13.36,13.35,13.34,13.45,13.46,13.47,13.48,13.49,13.5,13.51,13.52,13.53,13.54,17700,45700,4000,30200,2200,1500,23900,7700,15600,8100,25300,13600,44900,66600,14800,25000,1100,6900,3900,2900
1782.0,13.43,3518600,47015684.0,13.43,13.42,13.41,13.4,13.39,13.38,13.37,13.36,13.35,13.34,13.45,13.46,13.47,13.48,13.49,13.5,13.51,13.52,13.53,13.54,17700,45700,4000,30200,2200,1500,23900,7700,15600,8100,24200,13600,44900,66600,14800,25000,1100,6900,3900,2900
1783.0,13.43,3518600,47015684.0,13.43,13.42,13.41,13.4,13.39,13.38,13.37,13.36,13.35,13.34,13.45,13.46,13.47,13.48,13.49,13.5,13.51,13.52,13.53,13.54,18700,45700,4000,30200,2200,1500,23900,7700,15600,8100,34100,13600,44900,67600,14800,25000,1100,6900,3900,2900
1784.0,13.45,3520000,47034500.0,13.43,13.42,13.41,13.4,13.39,13.38,13.37,13.36,13.35,13.34,13.44,13.45,13.46,13.47,13.48,13.49,13.5,13.51,13.52,13.53,21600,45700,4000,30200,2200,1500,23900,7700,15600,8100,2000,39600,13600,44900,67600,14800,25000,1100,6900,3900
1785.0,13.45,3520000,47034500.0,13.43,13.42,13.41,13.4,13.39,13.38,13.37,13.36,13.35,13.34,13.44,13.45,13.46,13.47,13.48,13.49,13.5,13.51,13.52,13.53,21600,45700,4000,30200,2200,1500,23900,7700,15600,8100,2000,39600,13600,44900,67600,14800,25000,1100,6900,3900
1786.0,13.44,3523500,47081525.0,13.44,13.43,13.42,13.41,13.4,13.39,13.38,13.37,13.36,13.35,13.45,13.46,13.47,13.48,13.49,13.5,13.51,13.52,13.53,13.54,800,20100,45700,4000,30200,2200,1500,23900,7700,15600,39600,13600,44900,67600,14800,25000,1100,6900,3900,2900
1787.0,13.44,3523500,47081525.0,13.44,13.43,13.42,13.41,13.4,13.39,13.38,13.37,13.36,13.35,13.45,13.46,13.47,13.48,13.49,13.5,13.51,13.52,13.53,13.54,800,19700,45700,4000,31200,2200,1500,23900,7700,15600,39600,13600,44900,67000,14800,25700,1100,6900,3900,2900
1788.0,13.45,3523800,47085560.0,13.44,13.43,13.42,13.41,13.4,13.39,13.38,13.37,13.36,13.35,13.45,13.46,13.47,13.48,13.49,13.5,13.51,13.52,13.53,13.54,800,19800,45700,4000,31200,2200,1500,23900,7700,15600,39300,13600,44900,67300,14800,25700,1100,6900,3900,2900
1789.0,13.45,3523800,47085560.0,13.44,13.43,13.42,13.41,13.4,13.39,13.38,13.37,13.36,13.35,13.45,13.46,13.47,13.48,13.49,13.5,13.51,13.52,13.53,13.54,800,19800,45700,4000,31200,2200,1500,23900,7700,15600,39300,13600,44900,68000,14800,25700,1100,6900,3900,2900
1790.0,13.45,3523800,47085560.0,13.44,13.43,13.42,13.41,13.4,13.39,13.38,13.37,13.36,13.35,13.45,13.46,13.47,13.48,13.49,13.5,13.51,13.52,13.53,13.54,900,20500,45700,4000,31200,2200,1500,23900,7700,15600,39300,13600,44900,68000,14800,25700,1100,6900,3900,2900
1791.0,13.45,3526700,47124565.0,13.44,13.43,13.42,13.41,13.4,13.39,13.38,13.37,13.36,13.35,13.45,13.46,13.47,13.48,13.49,13.5,13.51,13.52,13.53,13.54,900,20500,45700,4000,31200,2200,1500,23900,7700,15600,36400,13600,44900,68000,14800,25700,1100,6900,3900,2900
1792.0,13.44,3529000,47155487.0,13.43,13.42,13.41,13.4,13.39,13.38,13.37,13.36,13.35,13.34,13.44,13.45,13.46,13.47,13.48,13.49,13.5,13.51,13.52,13.53,20500,45700,4000,31200,2200,1500,23900,7700,15600,8100,3400,35400,14600,44900,68000,14800,25700,1100,6900,3900
1793.0,13.44,3531400,47187743.0,13.43,13.42,13.41,13.4,13.39,13.38,13.37,13.36,13.35,13.34,13.44,13.45,13.46,13.47,13.48,13.49,13.5,13.51,13.52,13.53,20500,45700,4000,31200,3200,1500,23900,7700,15600,8100,2600,35400,14600,44900,68000,14900,25700,1700,6900,3900
1794.0,13.43,3532100,47197144.0,13.43,13.42,13.41,13.4,13.39,13.38,13.37,13.36,13.35,13.34,13.44,13.45,13.46,13.47,13.48,13.49,13.5,13.51,13.52,13.53,19800,45700,4000,31200,3200,1500,23900,7700,15600,8100,2600,35600,14600,44900,68000,14900,25700,1700,6900,3900
1795.0,13.43,3532100,47197144.0,13.43,13.42,13.41,13.4,13.39,13.38,13.37,13.36,13.35,13.34,13.44,13.45,13.46,13.47,13.48,13.49,13.5,13.51,13.52,13.53,19800,45700,4000,31200,3200,1500,23900,7700,15600,8100,2600,35600,14600,44900,68000,14900,27700,1700,6900,3900
1796.0,13.44,3532300,47199832.0,13.43,13.42,13.41,13.4,13.39,13.38,13.37,13.36,13.35,13.34,13.44,13.45,13.46,13.47,13.48,13.49,13.5,13.51,13.52,13.53,19800,45700,4000,31200,3200,1500,23900,7700,15600,8100,2400,35600,14600,44900,68000,14900,27700,1700,6900,3900
1797.0,13.44,3532300,47199832.0,13.43,13.42,13.41,13.4,13.39,13.38,13.37,13.36,13.35,13.34,13.44,13.45,13.46,13.47,13.48,13.49,13.5,13.51,13.52,13.53,19800,45700,4000,31200,3200,1500,23900,7700,15600,8100,2400,35600,14600,44900,68000,14900,27700,1700,6900,3900
1798.0,13.44,3534200,47225350.0,13.43,13.42,13.41,13.4,13.39,13.38,13.37,13.36,13.35,13.34,13.44,13.45,13.46,13.47,13.48,13.49,13.5,13.51,13.52,13.53,18000,45700,4000,31200,3200,1500,23900,7700,15600,8100,2500,35600,14600,44900,68000,14900,28700,1700,6900,3900
1799.0,13.44,3536700,47258950.0,13.44,13.43,13.42,13.41,13.4,13.39,13.38,13.37,13.36,13.35,13.45,13.46,13.47,13.48,13.49,13.5,13.51,13.52,13.53,13.54,6600,18000,45700,4000,31200,3200,1500,23900,7700,15600,35600,14600,44900,68000,14900,28700,1700,6900,3900,2900
1800.0,13.45,3537700,47272400.0,13.44,13.43,13.42,13.41,13.4,13.39,13.38,13.37,13.36,13.35,13.45,13.46,13.47,13.48,13.49,13.5,13.51,13.52,13.53,13.54,6600,18000,45700,4000,32200,3200,1500,23900,7700,15600,34900,14600,44900,68000,14900,28700,1700,6900,3900,2900
1801.0,13.44,3538300,47280464.0,13.44,13.43,13.42,13.41,13.4,13.39,13.38,13.37,13.36,13.35,13.45,13.46,13.47,13.48,13.49,13.5,13.51,13.52,13.53,13.54,6000,18000,45700,4000,32200,3200,1500,23900,7200,15600,31300,14600,44900,68000,14900,28700,1700,6900,3900,2900
1802.0,13.44,3538300,47280464.0,13.44,13.43,13.42,13.41,13.4,13.39,13.38,13.37,13.36,13.35,13.45,13.46,13.47,13.48,13.49,13.5,13.51,13.52,13.53,13.54,7200,21300,45700,4000,32200,3200,1500,23900,7200,15600,31300,14600,44900,67600,14900,28700,1700,6900,3900,2900
1803.0,13.44,3538300,47280464.0,13.44,13.43,13.42,13.41,13.4,13.39,13.38,13.37,13.36,13.35,13.45,13.46,13.47,13.48,13.49,13.5,13.51,13.52,13.53,13.54,7200,21300,45700,4000,32200,3200,1500,23900,7200,15900,31300,14600,44900,67600,15400,28700,1700,6900,3900,2900
1804.0,13.44,3540400,47308688.0,13.44,13.43,13.42,13.41,13.4,13.39,13.38,13.37,13.36,13.35,13.45,13.46,13.47,13.48,13.49,13.5,13.51,13.52,13.53,13.54,5100,21300,45700,4000,32200,3200,1500,23900,7200,13000,31300,14600,44900,67600,15400,28700,1700,6900,3900,2900
1805.0,13.44,3540400,47308688.0,13.44,13.43,13.42,13.41,13.4,13.39,13.38,13.37,13.36,13.35,13.45,13.46,13.47,13.48,13.49,13.5,13.51,13.52,13.53,13.54,5200,21300,45700,4000,32200,3200,1500,23900,7200,13000,33300,16400,44900,67600,15400,28700,1700,6900,3900,2900
1806.0,13.44,3540400,47308688.0,13.44,13.43,13.42,13.41,13.4,13.39,13.38,13.37,13.36,13.35,13.45,13.46,13.47,13.48,13.49,13.5,13.51,13.52,13.53,13.54,5200,21300,45700,4000,32200,3200,1500,23900,7200,13000,33300,16400,44900,67600,15400,28700,1700,6900,3900,2900
1807.0,13.44,3541600,47324823.0,13.44,13.43,13.42,13.41,13.4,13.39,13.38,13.37,13.36,13.35,13.45,13.46,13.47,13.48,13.49,13.5,13.51,13.52,13.53,13.54,21700,21300,45700,4000,32200,3200,1500,23900,7200,13000,32800,16400,44900,67600,15400,28700,1700,6900,3900,2900
1808.0,13.45,3543200,47346328.0,13.44,13.43,13.42,13.41,13.4,13.39,13.38,13.37,13.36,13.35,13.45,13.46,13.47,13.48,13.49,13.5,13.51,13.52,13.53,13.54,20200,21300,45700,4000,32200,3200,1500,23900,7200,13000,32700,16400,44900,67600,15400,28700,1700,9900,3900,2900
1809.0,13.45,3548900,47422988.0,13.44,13.43,13.42,13.41,13.4,13.39,13.38,13.37,13.36,13.35,13.45,13.46,13.47,13.48,13.49,13.5,13.51,13.52,13.53,13.54,19700,21300,45700,4000,32200,2400,1500,23900,7200,13000,27300,16400,44900,67600,15400,28700,1700,9900,3900,2900
1810.0,13.45,3549700,47433748.0,13.44,13.43,13.42,13.41,13.4,13.39,13.38,13.37,13.36,13.35,13.45,13.46,13.47,13.48,13.49,13.5,13.51,13.52,13.53,13.54,19700,21300,45700,4000,32300,2400,1500,23900,7200,13000,26500,16400,44900,67200,15400,28700,1700,9900,3900,2900
1811.0,13.45,3550500,47444501.0,13.44,13.43,13.42,13.41,13.4,13.39,13.38,13.37,13.36,13.35,13.45,13.46,13.47,13.48,13.49,13.5,13.51,13.52,13.53,13.54,19000,21300,45700,4000,32300,2400,1500,23900,7200,13000,26400,16400,44900,67200,15400,26700,1700,9900,3900,2900
1812.0,13.45,3553800,47488886.0,13.44,13.43,13.42,13.41,13.4,13.39,13.38,13.37,13.36,13.35,13.45,13.46,13.47,13.48,13.49,13.5,13.51,13.52,13.53,13.54,20600,21300,45700,4000,32600,2400,1500,23900,7200,13000,23100,16400,44900,67200,15400,26700,1700,9900,3900,2900
1813.0,13.45,3554300,47495611.0,13.44,13.43,13.42,13.41,13.4,13.39,13.38,13.37,13.36,13.35,13.45,13.46,13.47,13.48,13.49,13.5,13.51,13.52,13.53,13.54,20600,21300,45700,4000,32600,2400,1500,23900,7200,13000,22600,16900,44900,67200,15400,26700,1700,9900,3900,2900
1814.0,13.44,3555700,47514434.0,13.44,13.43,13.42,13.41,13.4,13.39,13.38,13.37,13.36,13.35,13.45,13.46,13.47,13.48,13.49,13.5,13.51,13.52,13.53,13.54,19900,21300,45700,4000,32600,2400,1500,23900,7200,13000,21900,16900,44900,67200,13600,26700,1700,9900,3900,2900
1815.0,13.45,3558500,47552092.0,13.44,13.43,13.42,13.41,13.4,13.39,13.38,13.37,13.36,13.35,13.45,13.46,13.47,13.48,13.49,13.5,13.51,13.52,13.53,13.54,19700,21300,45700,4000,32600,2400,1500,23900,7200,15000,21400,16900,44900,67200,13600,26700,1700,9900,3900,2900
1816.0,13.44,3570100,47708018.0,13.44,13.43,13.42,13.41,13.4,13.39,13.38,13.37,13.36,13.35,13.45,13.46,13.47,13.48,13.49,13.5,13.51,13.52,13.53,13.54,10300,21300,45700,4000,32600,2400,1500,23900,7200,15000,19200,16900,44900,67200,13600,26600,1700,9900,3900,2900
1817.0,13.44,3570800,47717426.0,13.44,13.43,13.42,13.41,13.4,13.39,13.38,13.37,13.36,13.35,13.45,13.46,13.47,13.48,13.49,13.5,13.51,13.52,13.53,13.54,9600,21300,45700,4000,32600,2400,1500,23900,7200,14700,20200,16900,44900,67200,13600,27000,1700,9900,3900,2900
1818.0,13.45,3590800,47986362.0,13.44,13.43,13.42,13.41,13.4,13.39,13.38,13.37,13.36,13.35,13.45,13.46,13.47,13.48,13.49,13.5,13.51,13.52,13.53,13.54,3200,21300,45700,4000,32600,2400,1500,23900,7200,14700,18600,22200,44900,67200,13600,27100,1700,9900,3900,2900
1819.0,13.45,3592800,48013252.0,13.44,13.43,13.42,13.41,13.4,13.39,13.38,13.37,13.36,13.35,13.45,13.46,13.47,13.48,13.49,13.5,13.51,13.52,13.53,13.54,2200,21300,45700,4000,32600,2400,1500,23900,7200,14700,18500,22200,44900,68300,13600,27100,1700,9900,3900,2900
1820.0,13.44,3598200,48085852.0,13.43,13.42,13.41,13.4,13.39,13.38,13.37,13.36,13.35,13.34,13.44,13.45,13.46,13.47,13.48,13.49,13.5,13.51,13.52,13.53,21800,45700,4000,32600,2400,1500,23900,7200,14700,8100,800,19200,22200,44900,68300,13600,27100,1700,9900,3900
1821.0,13.43,3604600,48171812.0,13.43,13.42,13.41,13.4,13.39,13.38,13.37,13.36,13.35,13.34,13.44,13.45,13.46,13.47,13.48,13.49,13.5,13.51,13.52,13.53,16200,45700,4000,32600,2400,1500,23900,7200,14700,8100,2000,19600,22200,44900,68300,13600,27100,1700,9900,3900
1822.0,13.45,3609800,48241715.0,13.43,13.42,13.41,13.4,13.39,13.38,13.37,13.36,13.35,13.34,13.45,13.46,13.47,13.48,13.49,13.5,13.51,13.52,13.53,13.54,16200,45600,4000,32600,2400,1500,23900,7200,14700,8100,19100,22200,44900,68300,13600,27100,1700,9900,3900,2900
1823.0,13.43,3610500,48251116.0,13.43,13.42,13.41,13.4,13.39,13.38,13.37,13.36,13.35,13.34,13.45,13.46,13.47,13.48,13.49,13.5,13.51,13.52,13.53,13.54,15500,45600,4000,32600,2400,1500,23900,7200,14700,8100,19100,22200,44900,68300,13600,28100,1700,9900,3900,2900
1824.0,13.45,3611000,48257841.0,13.43,13.42,13.41,13.4,13.39,13.38,13.37,13.36,13.35,13.34,13.45,13.46,13.47,13.48,13.49,13.5,13.51,13.52,13.53,13.54,15500,45600,4000,32600,2400,1500,23900,7200,14700,8100,18600,22200,44900,68300,13600,28100,1700,9900,3900,2900
1825.0,13.45,3611000,48257841.0,13.43,13.42,13.41,13.4,13.39,13.38,13.37,13.36,13.35,13.34,13.45,13.46,13.47,13.48,13.49,13.5,13.51,13.52,13.53,13.54,18200,45600,4000,32600,2400,1500,23900,7200,14700,8100,21300,22200,44900,68300,13600,28100,1700,9900,3900,2900
1826.0,13.45,3611000,48257841.0,13.43,13.42,13.41,13.4,13.39,13.38,13.37,13.36,13.35,13.34,13.44,13.45,13.46,13.47,13.48,13.49,13.5,13.51,13.52,13.53,18200,45600,4000,32600,2400,1500,23900,7200,14700,8100,1000,21300,22200,44900,68300,13600,28100,1700,9900,3900
1827.0,13.43,3613100,48286044.0,13.43,13.42,13.41,13.4,13.39,13.38,13.37,13.36,13.35,13.34,13.44,13.45,13.46,13.47,13.48,13.49,13.5,13.51,13.52,13.53,16100,11300,4000,32600,2400,1500,23900,7200,14700,8100,1000,21300,22200,44900,68300,13600,28100,1700,9900,3900
1828.0,13.44,3619100,48366632.0,13.43,13.42,13.41,13.4,13.39,13.38,13.37,13.36,13.35,13.34,13.44,13.45,13.46,13.47,13.48,13.49,13.5,13.51,13.52,13.53,10900,11300,4000,32600,2400,1500,23900,7200,14700,8100,200,21300,22200,44900,68300,13900,28100,1700,9900,3900
1829.0,13.44,3619100,48366632.0,13.43,13.42,13.41,13.4,13.39,13.38,13.37,13.36,13.35,13.34,13.44,13.45,13.46,13.47,13.48,13.49,13.5,13.51,13.52,13.53,12000,11300,4000,32600,2400,1500,23900,7200,14700,8100,200,22500,22200,44900,68300,13900,28100,1700,9900,3900
1830.0,13.43,3628100,48487586.0,13.43,13.42,13.41,13.4,13.39,13.38,13.37,13.36,13.35,13.34,13.45,13.46,13.47,13.48,13.49,13.5,13.51,13.52,13.53,13.54,7300,11300,4000,32600,2400,1500,23900,7200,14700,8100,21900,22200,44900,68300,13900,28100,1700,9900,3900,2900
1831.0,13.45,3629100,48501036.0,13.43,13.42,13.41,13.4,13.39,13.38,13.37,13.36,13.35,13.34,13.45,13.46,13.47,13.48,13.49,13.5,13.51,13.52,13.53,13.54,8300,11300,4000,32600,2400,1500,23900,7200,14700,8100,21900,22200,44900,68300,13900,28100,1100,9900,3900,2900
1832.0,13.44,3631500,48533304.0,13.44,13.43,13.42,13.41,13.4,13.39,13.38,13.37,13.36,13.35,13.45,13.46,13.47,13.48,13.49,13.5,13.51,13.52,13.53,13.54,2700,9500,11300,4000,32400,2400,1500,23900,7200,14700,21900,22700,44900,68300,13900,28100,1100,9900,3900,2900
1833.0,13.44,3633500,48560184.0,13.44,13.43,13.42,13.41,13.4,13.39,13.38,13.37,13.36,13.35,13.45,13.46,13.47,13.48,13.49,13.5,13.51,13.52,13.53,13.54,700,9500,11300,4000,32400,2400,1500,23900,7200,14700,21900,22700,44900,68300,13900,28100,1100,9900,3900,2900
1834.0,13.44,3633600,48561528.0,13.44,13.43,13.42,13.41,13.4,13.39,13.38,13.37,13.36,13.35,13.45,13.46,13.47,13.48,13.49,13.5,13.51,13.52,13.53,13.54,600,10000,11300,4000,32400,2400,1500,23900,7200,14700,21900,22700,44900,68300,13900,28100,1100,9900,3900,2900
1835.0,13.44,3633700,48562872.0,13.44,13.43,13.42,13.41,13.4,13.39,13.38,13.37,13.36,13.35,13.45,13.46,13.47,13.48,13.49,13.5,13.51,13.52,13.53,13.54,500,10000,11300,4000,32400,4900,1500,23900,7200,14700,21900,23000,44900,68300,13900,28100,1100,9900,3900,2900
1836.0,13.44,3634800,48577663.0,13.44,13.43,13.42,13.41,13.4,13.39,13.38,13.37,13.36,13.35,13.45,13.46,13.47,13.48,13.49,13.5,13.51,13.52,13.53,13.54,100,10000,11300,4000,32400,4900,1500,23900,7200,14700,32300,23000,44900,68300,13900,28100,1100,9900,3900,2900
1837.0,13.44,3634800,48577663.0,13.44,13.43,13.42,13.41,13.4,13.39,13.38,13.37,13.36,13.35,13.45,13.46,13.47,13.48,13.49,13.5,13.51,13.52,13.53,13.54,100,10100,11300,4000,32400,4900,1500,23900,7200,14700,32300,23000,44900,68300,13900,28100,1100,9900,3900,2900
1838.0,13.44,3634800,48577663.0,13.44,13.43,13.42,13.41,13.4,13.39,13.38,13.37,13.36,13.35,13.45,13.46,13.47,13.48,13.49,13.5,13.51,13.52,13.53,13.54,100,11000,11400,4000,32400,4900,1500,23900,7200,14700,32700,23000,44900,68300,13900,28100,1100,9900,3900,2900
1839.0,13.44,3634800,48577663.0,13.44,13.43,13.42,13.41,13.4,13.39,13.38,13.37,13.36,13.35,13.45,13.46,13.47,13.48,13.49,13.5,13.51,13.52,13.53,13.54,100,11000,11400,4000,32400,4900,1500,23900,7200,14700,33400,23000,44900,68300,13900,28100,1100,9900,3900,2900
1840.0,13.44,3634800,48577663.0,13.44,13.43,13.42,13.41,13.4,13.39,13.38,13.37,13.36,13.35,13.45,13.46,13.47,13.48,13.49,13.5,13.51,13.52,13.53,13.54,1300,11000,45800,4000,32400,4900,1500,23900,7200,14700,33400,23000,46900,68300,13900,28100,1100,9900,3900,2900
1841.0,13.45,3641800,48671813.0,13.44,13.43,13.42,13.41,13.4,13.39,13.38,13.37,13.36,13.35,13.45,13.46,13.47,13.48,13.49,13.5,13.51,13.52,13.53,13.54,1300,11000,45800,4000,32400,4900,1500,23900,7200,14700,26400,23000,46900,68300,13900,27300,1100,9900,3900,2900
1842.0,13.44,3643200,48690629.0,13.43,13.42,13.41,13.4,13.39,13.38,13.37,13.36,13.35,13.34,13.44,13.45,13.46,13.47,13.48,13.49,13.5,13.51,13.52,13.53,11000,45800,4000,32400,4900,1500,23900,7200,14700,8100,2200,26400,23000,46900,68300,13900,27300,1100,9900,3900
1843.0,13.43,3644600,48709433.0,13.43,13.42,13.41,13.4,13.39,13.38,13.37,13.36,13.35,13.34,13.44,13.45,13.46,13.47,13.48,13.49,13.5,13.51,13.52,13.53,9900,45800,5000,32900,4900,1500,23900,7200,14700,8100,2000,26400,23000,46900,68400,13900,27300,1100,9900,3900
1844.0,13.43,3644600,48709433.0,13.43,13.42,13.41,13.4,13.39,13.38,13.37,13.36,13.35,13.34,13.44,13.45,13.46,13.47,13.48,13.49,13.5,13.51,13.52,13.53,9900,45800,5000,32900,4900,1500,23900,7200,14700,8100,2000,26400,23000,46900,67800,13900,27300,1100,9900,3900
1845.0,13.44,3644700,48710777.0,13.43,13.42,13.41,13.4,13.39,13.38,13.37,13.36,13.35,13.34,13.44,13.45,13.46,13.47,13.48,13.49,13.5,13.51,13.52,13.53,9900,45800,5000,32900,4900,1500,23900,7200,14700,8100,1900,26400,23000,46900,69200,13900,27300,1100,9900,3900
1846.0,13.43,3645400,48720178.0,13.43,13.42,13.41,13.4,13.39,13.38,13.37,13.36,13.35,13.34,13.44,13.45,13.46,13.47,13.48,13.49,13.5,13.51,13.52,13.53,19200,45800,5000,32900,4900,1500,23900,7200,14700,8100,1900,27400,23000,46900,69200,13900,26300,1100,9900,3900
1847.0,13.43,3648900,48767204.0,13.43,13.42,13.41,13.4,13.39,13.38,13.37,13.36,13.35,13.34,13.45,13.46,13.47,13.48,13.49,13.5,13.51,13.52,13.53,13.54,18900,45800,5000,33900,4900,1500,23900,7200,14700,8100,30300,23900,46900,69200,13900,26300,1100,9900,3900,2900
1848.0,13.43,3649100,48769890.0,13.43,13.42,13.41,13.4,13.39,13.38,13.37,13.36,13.35,13.34,13.45,13.46,13.47,13.48,13.49,13.5,13.51,13.52,13.53,13.54,23700,45800,5000,33900,4900,1500,23900,7200,14700,8100,30300,23900,46900,69200,14500,26300,1100,9900,3900,2900
1849.0,13.43,3650000,48781977.0,13.43,13.42,13.41,13.4,13.39,13.38,13.37,13.36,13.35,13.34,13.45,13.46,13.47,13.48,13.49,13.5,13.51,13.52,13.53,13.54,23500,45800,5000,33900,4900,1500,23900,7200,14700,8100,31000,23900,44900,69200,14500,26300,1100,9900,3900,2900
1850.0,13.43,3654100,48837040.0,13.43,13.42,13.41,13.4,13.39,13.38,13.37,13.36,13.35,13.34,13.45,13.46,13.47,13.48,13.49,13.5,13.51,13.52,13.53,13.54,20400,45900,5000,35900,4900,1500,23900,7200,12500,8100,32000,23900,44900,69200,14500,26300,1100,9900,3900,2900
1851.0,13.43,3654100,48837040.0,13.43,13.42,13.41,13.4,13.39,13.38,13.37,13.36,13.35,13.34,13.45,13.46,13.47,13.48,13.49,13.5,13.51,13.52,13.53,13.54,20400,45900,5000,35900,4900,1500,23900,7200,12500,8100,32200,23900,44900,69200,14500,26300,1100,9900,3900,2900
1852.0,13.45,3655600,48857201.0,13.43,13.42,13.41,13.4,13.39,13.38,13.37,13.36,13.35,13.34,13.45,13.46,13.47,13.48,13.49,13.5,13.51,13.52,13.53,13.54,31500,45900,5000,35900,4900,1500,23900,7200,12500,8100,32100,23900,44900,69200,14500,26300,1100,9900,3900,2900
1853.0,13.45,3655600,48857201.0,13.44,13.43,13.42,13.41,13.4,13.39,13.38,13.37,13.36,13.35,13.45,13.46,13.47,13.48,13.49,13.5,13.51,13.52,13.53,13.54,1700,33700,46100,5000,35900,4900,1500,23900,7200,12500,33100,23900,44900,69200,14500,26300,1100,9900,3900,2900
1854.0,13.45,3655600,48857201.0,13.44,13.43,13.42,13.41,13.4,13.39,13.38,13.37,13.36,13.35,13.45,13.46,13.47,13.48,13.49,13.5,13.51,13.52,13.53,13.54,4700,33700,46100,5000,35900,4900,1500,23900,7200,12500,33100,24900,45700,70300,14500,26300,1100,9900,3900,2900
1855.0,13.45,3655600,48857201.0,13.44,13.43,13.42,13.41,13.4,13.39,13.38,13.37,13.36,13.35,13.45,13.46,13.47,13.48,13.49,13.5,13.51,13.52,13.53,13.54,4700,33700,46100,5000,35900,4900,1500,23900,7200,12500,33100,26900,45700,70300,14500,26300,1100,9900,3900,2900
1856.0,13.44,3656000,48862577.0,13.44,13.43,13.42,13.41,13.4,13.39,13.38,13.37,13.36,13.35,13.45,13.46,13.47,13.48,13.49,13.5,13.51,13.52,13.53,13.54,4300,35700,46100,5000,35900,4900,1500,23900,7200,12500,33100,26900,45700,70300,14500,26300,1100,9900,3900,2900
1857.0,13.44,3657000,48876017.0,13.44,13.43,13.42,13.41,13.4,13.39,13.38,13.37,13.36,13.35,13.45,13.46,13.47,13.48,13.49,13.5,13.51,13.52,13.53,13.54,3800,35700,46100,5000,35900,4900,1500,23900,7200,12500,33100,26900,45700,70300,14500,28700,1100,9900,3900,2900
1858.0,13.45,3660200,48919054.0,13.44,13.43,13.42,13.41,13.4,13.39,13.38,13.37,13.36,13.35,13.45,13.46,13.47,13.48,13.49,13.5,13.51,13.52,13.53,13.54,3500,35700,46100,5000,35900,4900,1500,23900,7200,12500,30200,26900,45700,70300,14500,28700,1100,9900,3900,2900
1859.0,13.45,3660200,48919054.0,13.44,13.43,13.42,13.41,13.4,13.39,13.38,13.37,13.36,13.35,13.45,13.46,13.47,13.48,13.49,13.5,13.51,13.52,13.53,13.54,3500,36700,46100,5000,35900,4900,1500,23900,7200,13000,30200,26900,45700,70300,14500,28700,1100,9900,3900,2900
1860.0,13.45,3661200,48932496.0,13.44,13.43,13.42,13.41,13.4,13.39,13.38,13.37,13.36,13.35,13.45,13.46,13.47,13.48,13.49,13.5,13.51,13.52,13.53,13.54,2700,36700,46100,5000,35900,4900,1500,23900,7200,13000,32000,26900,45700,70300,14500,28700,1100,11400,3900,2900
1861.0,13.45,3661200,48932496.0,13.44,13.43,13.42,13.41,13.4,13.39,13.38,13.37,13.36,13.35,13.45,13.46,13.47,13.48,13.49,13.5,13.51,13.52,13.53,13.54,500,36700,46100,5000,35900,4900,1500,23900,7200,13000,32000,26900,45700,70300,14500,28700,1100,11400,3900,2900
1862.0,13.44,3661300,48933840.0,13.44,13.43,13.42,13.41,13.4,13.39,13.38,13.37,13.36,13.35,13.45,13.46,13.47,13.48,13.49,13.5,13.51,13.52,13.53,13.54,400,35500,46100,5000,35900,4900,1500,23900,7200,13000,32100,27900,45700,70300,14500,28700,1100,11400,3900,2900
1863.0,13.45,3665600,48991675.0,13.44,13.43,13.42,13.41,13.4,13.39,13.38,13.37,13.36,13.35,13.45,13.46,13.47,13.48,13.49,13.5,13.51,13.52,13.53,13.54,400,35500,46100,5000,35900,4900,1500,23900,7200,13000,27900,27900,45700,70300,14500,28700,1100,11400,3900,2900
1864.0,13.45,3670300,49054890.0,13.44,13.43,13.42,13.41,13.4,13.39,13.38,13.37,13.36,13.35,13.45,13.46,13.47,13.48,13.49,13.5,13.51,13.52,13.53,13.54,400,35500,46100,5000,35900,4900,1500,23900,12200,13000,23600,27900,45700,70300,14500,28700,1100,11400,3900,2900
1865.0,13.45,3670700,49060270.0,13.44,13.43,13.42,13.41,13.4,13.39,13.38,13.37,13.36,13.35,13.45,13.46,13.47,13.48,13.49,13.5,13.51,13.52,13.53,13.54,400,35500,46100,5000,35900,4900,1500,23900,12200,12800,23800,27900,45700,70300,14500,28700,1100,11400,3900,2900
1866.0,13.45,3672800,49088515.0,13.44,13.43,13.42,13.41,13.4,13.39,13.38,13.37,13.36,13.35,13.45,13.46,13.47,13.48,13.49,13.5,13.51,13.52,13.53,13.54,400,35500,46100,5000,35900,4900,1500,23900,12200,12800,21700,27900,45700,70300,14500,28500,1100,11400,3900,2900
1867.0,13.45,3674800,49115415.0,13.44,13.43,13.42,13.41,13.4,13.39,13.38,13.37,13.36,13.35,13.45,13.46,13.47,13.48,13.49,13.5,13.51,13.52,13.53,13.54,3500,35500,46100,5000,35900,4900,1500,23900,12200,12800,19700,27900,45700,70300,14500,28500,1100,11400,3900,2900
1868.0,13.44,3678300,49162455.0,13.43,13.42,13.41,13.4,13.39,13.38,13.37,13.36,13.35,13.34,13.44,13.45,13.46,13.47,13.48,13.49,13.5,13.51,13.52,13.53,35500,46100,5000,35900,4900,1500,23900,12200,12800,8100,10900,21700,27900,45700,70300,14500,28500,1100,11400,3900
1869.0,13.44,3681300,49202775.0,13.43,13.42,13.41,13.4,13.39,13.38,13.37,13.36,13.35,13.34,13.44,13.45,13.46,13.47,13.48,13.49,13.5,13.51,13.52,13.53,35500,46100,5000,35900,4900,1500,23900,12200,12800,8100,7900,22000,27900,45700,70300,14500,28500,1100,11400,3900
1870.0,13.43,3682000,49212176.0,13.43,13.42,13.41,13.4,13.39,13.38,13.37,13.36,13.35,13.34,13.44,13.45,13.46,13.47,13.48,13.49,13.5,13.51,13.52,13.53,34800,46100,5000,35900,4900,1500,23900,12200,12800,8100,7900,24700,27900,45700,70300,14500,28500,1100,11400,3900
1871.0,13.44,3686500,49272627.0,13.43,13.42,13.41,13.4,13.39,13.38,13.37,13.36,13.35,13.34,13.44,13.45,13.46,13.47,13.48,13.49,13.5,13.51,13.52,13.53,31900,46100,5000,35900,4900,1500,23900,12200,12800,8100,6300,24700,27900,45700,70300,13500,28500,1100,11400,3900
1872.0,13.44,3688000,49292780.0,13.43,13.42,13.41,13.4,13.39,13.38,13.37,13.36,13.35,13.34,13.44,13.45,13.46,13.47,13.48,13.49,13.5,13.51,13.52,13.53,31200,46100,5000,35900,4900,1500,23900,12200,12800,8100,5500,24700,26900,45700,70300,13500,28500,1100,11400,3900
1873.0,13.43,3689400,49311582.0,13.43,13.42,13.41,13.4,13.39,13.38,13.37,13.36,13.35,13.34,13.44,13.45,13.46,13.47,13.48,13.49,13.5,13.51,13.52,13.53,29800,46100,5000,35900,4900,1500,23900,12200,12800,8100,5500,24700,26900,45700,70300,13500,28500,1100,11400,3900
1874.0,13.44,3690400,49325015.0,13.43,13.42,13.41,13.4,13.39,13.38,13.37,13.36,13.35,13.34,13.44,13.45,13.46,13.47,13.48,13.49,13.5,13.51,13.52,13.53,29100,46100,5000,39900,4900,1500,23900,12200,12800,8100,5200,24700,26900,45700,70300,13500,28500,1100,11400,3900
1875.0,13.44,3690800,49330391.0,13.43,13.42,13.41,13.4,13.39,13.38,13.37,13.36,13.35,13.34,13.44,13.45,13.46,13.47,13.48,13.49,13.5,13.51,13.52,13.53,29100,46100,5000,39900,4900,1500,23900,12200,12800,8100,4800,24700,28900,45700,70500,13500,28500,1100,11400,3900
1876.0,13.44,3692500,49353239.0,13.43,13.42,13.41,13.4,13.39,13.38,13.37,13.36,13.35,13.34,13.44,13.45,13.46,13.47,13.48,13.49,13.5,13.51,13.52,13.53,29100,46300,5000,39900,4900,1500,23900,12200,12800,8100,3100,25400,28900,45700,70500,13500,28500,1100,11400,3900
1877.0,13.44,3694900,49385488.0,13.43,13.42,13.41,13.4,13.39,13.38,13.37,13.36,13.35,13.34,13.44,13.45,13.46,13.47,13.48,13.49,13.5,13.51,13.52,13.53,28400,46300,5000,39900,4900,1500,23900,12200,12800,8100,1400,25400,28900,45700,70500,13500,28500,1100,11400,3900
1878.0,13.44,3694900,49385488.0,13.43,13.42,13.41,13.4,13.39,13.38,13.37,13.36,13.35,13.34,13.44,13.45,13.46,13.47,13.48,13.49,13.5,13.51,13.52,13.53,28400,46300,5000,39900,4900,1500,23900,12200,12800,8100,1400,25400,28900,45700,70500,13500,28500,1100,11400,3900
1879.0,13.44,3696300,49404304.0,13.44,13.43,13.42,13.41,13.4,13.39,13.38,13.37,13.36,13.35,13.45,13.46,13.47,13.48,13.49,13.5,13.51,13.52,13.53,13.54,3600,28400,46300,5000,39900,4900,1500,23900,12200,12800,28800,28900,45700,70500,13500,28500,1100,11400,3900,2900
1880.0,13.44,3696600,49408336.0,13.44,13.43,13.42,13.41,13.4,13.39,13.38,13.37,13.36,13.35,13.45,13.46,13.47,13.48,13.49,13.5,13.51,13.52,13.53,13.54,3300,28400,46300,5000,39900,4900,1500,23900,12200,12800,28800,28900,45700,70500,13500,28500,1100,11400,3900,2900
1881.0,13.44,3696900,49412368.0,13.44,13.43,13.42,13.41,13.4,13.39,13.38,13.37,13.36,13.35,13.45,13.46,13.47,13.48,13.49,13.5,13.51,13.52,13.53,13.54,3500,28400,46300,5000,39900,4900,1500,23900,12200,12800,36800,28900,45700,70500,13500,28500,1100,11400,3900,2900
1882.0,13.44,3696900,49412368.0,13.44,13.43,13.42,13.41,13.4,13.39,13.38,13.37,13.36,13.35,13.45,13.46,13.47,13.48,13.49,13.5,13.51,13.52,13.53,13.54,4500,28400,46300,5000,39900,4900,1500,23900,12200,12800,37400,30900,45700,70500,13500,28500,1100,11400,3900,2500
1883.0,13.44,3696900,49412368.0,13.44,13.43,13.42,13.41,13.4,13.39,13.38,13.37,13.36,13.35,13.45,13.46,13.47,13.48,13.49,13.5,13.51,13.52,13.53,13.54,4600,28400,46300,5000,39900,4900,1600,23900,12200,12800,37400,30900,45700,70500,13500,28500,1100,11400,3900,2500
1884.0,13.44,3698200,49429841.0,13.44,13.43,13.42,13.41,13.4,13.39,13.38,13.37,13.36,13.35,13.45,13.46,13.47,13.48,13.49,13.5,13.51,13.52,13.53,13.54,4200,28400,46300,5000,39900,4900,1600,23900,12200,12800,37300,30900,45700,70500,13500,28500,1100,11400,3900,2500
1885.0,13.44,3699200,49443281.0,13.44,13.43,13.42,13.41,13.4,13.39,13.38,13.37,13.36,13.35,13.45,13.46,13.47,13.48,13.49,13.5,13.51,13.52,13.53,13.54,3200,28400,46300,5000,39900,4900,1600,23900,12200,12800,37300,30900,45700,70500,13500,28500,1100,11400,3900,2500
1886.0,13.44,3699500,49447313.0,13.44,13.43,13.42,13.41,13.4,13.39,13.38,13.37,13.36,13.35,13.45,13.46,13.47,13.48,13.49,13.5,13.51,13.52,13.53,13.54,2900,28400,46300,5000,39900,4900,1600,23900,12200,12800,37300,31900,46200,70500,13500,28500,1100,11400,3900,2500
1887.0,13.44,3702400,49486289.0,13.43,13.42,13.41,13.4,13.39,13.38,13.37,13.36,13.35,13.34,13.45,13.46,13.47,13.48,13.49,13.5,13.51,13.52,13.53,13.54,28400,46300,5000,39900,4900,1600,23900,12200,12800,8100,37300,31900,46200,70500,13500,28500,1100,11400,3900,2500
1888.0,13.44,3703100,49495697.0,13.43,13.42,13.41,13.4,13.39,13.38,13.37,13.36,13.35,13.34,13.44,13.45,13.46,13.47,13.48,13.49,13.5,13.51,13.52,13.53,29300,46300,5000,39900,4900,1600,23900,12200,12800,8100,9300,38200,31900,46200,70500,13500,28500,1100,11400,3900
1889.0,13.44,3703300,49498385.0,13.43,13.42,13.41,13.4,13.39,13.38,13.37,13.36,13.35,13.34,13.44,13.45,13.46,13.47,13.48,13.49,13.5,13.51,13.52,13.53,29300,46300,5000,39900,4900,1600,23900,12200,12800,8100,9100,38300,31900,46200,70500,13500,28500,1100,11400,3900
1890.0,13.44,3709900,49587089.0,13.43,13.42,13.41,13.4,13.39,13.38,13.37,13.36,13.35,13.34,13.44,13.45,13.46,13.47,13.48,13.49,13.5,13.51,13.52,13.53,29300,46300,5000,39900,4900,1600,23900,12200,12800,8100,3100,38300,31900,46200,70500,13500,28500,1100,11400,3900
1891.0,13.44,3711600,49609930.0,13.43,13.42,13.41,13.4,13.39,13.38,13.37,13.36,13.35,13.34,13.44,13.45,13.46,13.47,13.48,13.49,13.5,13.51,13.52,13.53,28600,46300,5000,39900,4900,1600,23900,12200,12800,8100,2100,38300,31900,46200,70500,13500,28500,1100,11400,3900
1892.0,13.44,3711800,49612618.0,13.43,13.42,13.41,13.4,13.39,13.38,13.37,13.36,13.35,13.34,13.44,13.45,13.46,13.47,13.48,13.49,13.5,13.51,13.52,13.53,28600,46300,5000,39900,4900,1600,23900,12200,12800,8100,4400,38300,31900,46200,70500,13500,28500,1100,11400,3900
1893.0,13.44,3713300,49632778.0,13.43,13.42,13.41,13.4,13.39,13.38,13.37,13.36,13.35,13.34,13.44,13.45,13.46,13.47,13.48,13.49,13.5,13.51,13.52,13.53,28600,46300,5000,39900,4900,1600,23900,12200,12800,8100,2900,38300,31900,46200,70500,13500,27500,1100,11400,3900
1894.0,13.43,3714700,49651580.0,13.43,13.42,13.41,13.4,13.39,13.38,13.37,13.36,13.35,13.34,13.44,13.45,13.46,13.47,13.48,13.49,13.5,13.51,13.52,13.53,27200,46300,5000,39900,4900,1600,23900,12200,12800,8100,2900,38800,31900,46200,70500,13500,27500,1100,11400,3900
1895.0,13.45,3723300,49767221.0,13.43,13.42,13.41,13.4,13.39,13.38,13.37,13.36,13.35,13.34,13.45,13.46,13.47,13.48,13.49,13.5,13.51,13.52,13.53,13.54,27200,46300,5000,39900,4900,1600,23900,12200,12800,8100,33100,31900,46200,70500,13500,27500,1100,11400,3900,2500
1896.0,13.43,3724700,49786023.0,13.43,13.42,13.41,13.4,13.39,13.38,13.37,13.36,13.35,13.34,13.45,13.46,13.47,13.48,13.49,13.5,13.51,13.52,13.53,13.54,25800,46300,5000,39900,4900,1600,23900,12200,12800,8100,33100,31900,46200,70500,13500,27500,1100,11400,3900,2500
1897.0,13.43,3725400,49795424.0,13.43,13.42,13.41,13.4,13.39,13.38,13.37,13.36,13.35,13.34,13.45,13.46,13.47,13.48,13.49,13.5,13.51,13.52,13.53,13.54,25100,46300,5000,39900,4900,1600,23900,12200,12800,8100,33900,32500,46200,70500,13500,27500,1100,11400,3900,2500
1898.0,13.43,3725400,49795424.0,13.44,13.43,13.42,13.41,13.4,13.39,13.38,13.37,13.36,13.35,13.45,13.46,13.47,13.48,13.49,13.5,13.51,13.52,13.53,13.54,1300,26800,46300,5000,39900,4900,1600,23900,12200,12800,44900,32500,46200,70500,13500,27500,1100,11400,3900,2500
1899.0,13.43,3725400,49795424.0,13.44,13.43,13.42,13.41,13.4,13.39,13.38,13.37,13.36,13.35,13.45,13.46,13.47,13.48,13.49,13.5,13.51,13.52,13.53,13.54,1300,26800,46300,5000,39900,4900,1600,23900,12200,12800,44900,32500,46200,70500,13500,27500,1100,11400,3900,2500
1900.0,13.44,3726700,49812896.0,13.43,13.42,13.41,13.4,13.39,13.38,13.37,13.36,13.35,13.34,13.44,13.45,13.46,13.47,13.48,13.49,13.5,13.51,13.52,13.53,26800,46300,5000,39900,4900,1600,23900,12200,12800,8100,1800,46000,32500,46200,70500,13500,27500,1100,11400,3900
1901.0,13.43,3727600,49824983.0,13.43,13.42,13.41,13.4,13.39,13.38,13.37,13.36,13.35,13.34,13.44,13.45,13.46,13.47,13.48,13.49,13.5,13.51,13.52,13.53,26000,46300,5000,39900,4900,1600,23900,12200,12800,8100,1800,46000,32500,46200,70500,13500,27500,1100,11400,3900
1902.0,13.44,3729400,49849175.0,13.44,13.43,13.42,13.41,13.4,13.39,13.38,13.37,13.36,13.35,13.45,13.46,13.47,13.48,13.49,13.5,13.51,13.52,13.53,13.54,700,26000,46300,5000,39900,4900,1600,25900,11600,12800,46000,32500,46200,70500,13500,27500,1100,11400,3900,2500
1903.0,13.44,3729400,49849175.0,13.44,13.43,13.42,13.41,13.4,13.39,13.38,13.37,13.36,13.35,13.45,13.46,13.47,13.48,13.49,13.5,13.51,13.52,13.53,13.54,1900,33800,46300,5000,39900,4900,2100,25900,11600,12800,48200,32500,46200,70500,13500,27500,1100,11400,3900,2500
1904.0,13.44,3729500,49850519.0,13.44,13.43,13.42,13.41,13.4,13.39,13.38,13.37,13.36,13.35,13.45,13.46,13.47,13.48,13.49,13.5,13.51,13.52,13.53,13.54,1900,33800,46300,5000,39900,4900,2100,25900,11600,12800,48200,32500,46200,70500,13500,27500,1100,11400,3900,2500
1905.0,13.44,3729900,49855895.0,13.44,13.43,13.42,13.41,13.4,13.39,13.38,13.37,13.36,13.35,13.45,13.46,13.47,13.48,13.49,13.5,13.51,13.52,13.53,13.54,2200,33800,46300,5000,39900,4900,2100,25900,11600,12800,48200,32500,46200,70500,13500,27500,1100,11400,3900,2500
1906.0,13.43,3752800,50163464.0,13.43,13.42,13.41,13.4,13.39,13.38,13.37,13.36,13.35,13.34,13.44,13.45,13.46,13.47,13.48,13.49,13.5,13.51,13.52,13.53,13100,46300,5000,39900,4900,2100,25900,11600,12800,8100,1000,48200,33500,50200,70500,13500,27500,1100,11400,3900
1907.0,13.45,3772800,50432454.0,13.43,13.42,13.41,13.4,13.39,13.38,13.37,13.36,13.35,13.34,13.45,13.46,13.47,13.48,13.49,13.5,13.51,13.52,13.53,13.54,13100,46300,5000,39900,4900,2100,25900,11600,12800,8100,30200,33800,50200,70500,13500,27500,1100,11400,3900,2500
1908.0,13.43,3774900,50460657.0,13.43,13.42,13.41,13.4,13.39,13.38,13.37,13.36,13.35,13.34,13.45,13.46,13.47,13.48,13.49,13.5,13.51,13.52,13.53,13.54,13000,46300,5000,39900,4900,2100,25900,11600,12800,8100,32200,33800,50200,70500,13500,27500,1100,11400,3900,2500
1909.0,13.43,3783000,50569440.0,13.43,13.42,13.41,13.4,13.39,13.38,13.37,13.36,13.35,13.34,13.44,13.45,13.46,13.47,13.48,13.49,13.5,13.51,13.52,13.53,4900,46300,5000,39900,4900,2100,25900,11600,12800,8100,200,32200,33800,51200,70500,13500,27500,1100,11400,3900
1910.0,13.44,3783200,50572128.0,13.44,13.43,13.42,13.41,13.4,13.39,13.38,13.37,13.36,13.35,13.45,13.46,13.47,13.48,13.49,13.5,13.51,13.52,13.53,13.54,300,4900,46300,5000,39900,4900,2100,25900,11600,12800,33200,33800,51200,70500,13500,27500,1100,11400,3900,2500
1911.0,13.44,3783200,50572128.0,13.44,13.43,13.42,13.41,13.4,13.39,13.38,13.37,13.36,13.35,13.45,13.46,13.47,13.48,13.49,13.5,13.51,13.52,13.53,13.54,300,4900,46300,5000,39900,4900,2100,25900,11600,12800,33200,33800,51200,70500,13500,27500,1100,11400,3900,2500
1912.0,13.43,3783700,50578846.0,13.43,13.42,13.41,13.4,13.39,13.38,13.37,13.36,13.35,13.34,13.44,13.45,13.46,13.47,13.48,13.49,13.5,13.51,13.52,13.53,4700,46300,5000,39900,5500,2100,25900,11600,12800,8100,700,33200,33800,51200,70500,13500,27500,1100,11400,3900
1913.0,13.45,3784700,50592289.0,13.43,13.42,13.41,13.4,13.39,13.38,13.37,13.36,13.35,13.34,13.45,13.46,13.47,13.48,13.49,13.5,13.51,13.52,13.53,13.54,4700,46300,5000,39900,5500,2100,25900,11600,12800,8100,32900,33800,51200,70500,13500,27500,1100,11400,3900,2500
1914.0,13.43,3785100,50597661.0,13.43,13.42,13.41,13.4,13.39,13.38,13.37,13.36,13.35,13.34,13.45,13.46,13.47,13.48,13.49,13.5,13.51,13.52,13.53,13.54,5300,46300,5000,39900,5500,2100,25900,11600,12800,8100,33900,28500,45300,63300,13500,27500,1100,11400,3900,2500
1915.0,13.43,3785100,50597661.0,13.43,13.42,13.41,13.4,13.39,13.38,13.37,13.36,13.35,13.34,13.44,13.45,13.46,13.47,13.48,13.49,13.5,13.51,13.52,13.53,6100,46300,5000,39900,5500,2100,25900,11600,12800,8100,700,34700,28500,45300,63300,13500,27500,1100,11400,3900
1916.0,13.43,3790600,50671539.0,13.43,13.42,13.41,13.4,13.39,13.38,13.37,13.36,13.35,13.34,13.44,13.45,13.46,13.47,13.48,13.49,13.5,13.51,13.52,13.53,1900,46300,5000,39900,5500,2100,25900,11600,12800,8100,100,35400,28500,45300,63300,13500,27500,1100,11400,3900
1917.0,13.43,3792600,50698400.0,13.42,13.41,13.4,13.39,13.38,13.37,13.36,13.35,13.34,13.33,13.43,13.44,13.45,13.46,13.47,13.48,13.49,13.5,13.51,13.52,47300,5000,39900,5500,2100,25900,11600,12800,8100,5900,300,300,35400,28500,45800,63300,13500,27500,1100,11400
1918.0,13.43,3792800,50701086.0,13.42,13.41,13.4,13.39,13.38,13.37,13.36,13.35,13.34,13.33,13.43,13.44,13.45,13.46,13.47,13.48,13.49,13.5,13.51,13.52,47300,5000,39900,5500,2100,25900,11600,12800,8100,5900,100,300,35400,28500,45800,63300,13500,27500,1100,11400
1919.0,13.42,3794200,50719874.0,13.42,13.41,13.4,13.39,13.38,13.37,13.36,13.35,13.34,13.33,13.43,13.44,13.45,13.46,13.47,13.48,13.49,13.5,13.51,13.52,45900,5000,39900,5500,2100,25900,11600,12800,8100,5900,100,300,35400,28500,45800,63300,13500,27500,1100,11400
1920.0,13.42,3794900,50729268.0,13.42,13.41,13.4,13.39,13.38,13.37,13.36,13.35,13.34,13.33,13.43,13.44,13.45,13.46,13.47,13.48,13.49,13.5,13.51,13.52,45200,5000,39900,5500,2100,25900,11600,12800,8100,5900,100,300,35400,28500,45800,63300,13800,27500,1100,11400
1921.0,13.42,3794900,50729268.0,13.42,13.41,13.4,13.39,13.38,13.37,13.36,13.35,13.34,13.33,13.43,13.44,13.45,13.46,13.47,13.48,13.49,13.5,13.51,13.52,45200,5000,39900,5500,2100,25900,11600,12800,8100,5900,400,300,35400,28500,45800,63300,13800,27500,1100,11400
1922.0,13.42,3794900,50729268.0,13.42,13.41,13.4,13.39,13.38,13.37,13.36,13.35,13.34,13.33,13.43,13.44,13.45,13.46,13.47,13.48,13.49,13.5,13.51,13.52,45200,5000,39900,5500,2100,25900,11600,12800,8100,5900,400,300,35400,28500,45800,63300,13800,27500,1100,11400
1923.0,13.44,3796300,50748066.0,13.44,13.43,13.42,13.41,13.4,13.39,13.38,13.37,13.36,13.35,13.45,13.46,13.47,13.48,13.49,13.5,13.51,13.52,13.53,13.54,300,100,44500,5000,39900,5500,2100,25900,11600,12800,35400,28500,45800,63300,13800,27500,1100,11400,3900,2500
1924.0,13.44,3797200,50760169.0,13.44,13.43,13.42,13.41,13.4,13.39,13.38,13.37,13.36,13.35,13.45,13.46,13.47,13.48,13.49,13.5,13.51,13.52,13.53,13.54,100,1100,44500,5000,39900,5500,2100,25900,11600,13100,34700,28500,45800,63300,13800,27500,1100,11400,3900,2500
1925.0,13.44,3797300,50761513.0,13.43,13.42,13.41,13.4,13.39,13.38,13.37,13.36,13.35,13.34,13.44,13.45,13.46,13.47,13.48,13.49,13.5,13.51,13.52,13.53,1100,44500,5000,39900,5500,2100,25900,11600,13100,8100,1800,37700,29100,45800,63300,13800,27500,1100,11400,3900
1926.0,13.43,3798600,50778972.0,13.42,13.41,13.4,13.39,13.38,13.37,13.36,13.35,13.34,13.33,13.43,13.44,13.45,13.46,13.47,13.48,13.49,13.5,13.51,13.52,44500,5000,39900,5500,2100,25900,11600,13100,8100,5900,700,1800,37700,29100,45800,63300,13800,27500,1100,11400
1927.0,13.45,3804900,50863675.0,13.42,13.41,13.4,13.39,13.38,13.37,13.36,13.35,13.34,13.33,13.43,13.45,13.46,13.47,13.48,13.49,13.5,13.51,13.52,13.53,44500,5000,39900,5500,2100,25900,11600,13100,8100,5900,1000,35300,29100,45800,63300,13700,27500,1100,11400,3900
1928.0,13.42,3805100,50866360.0,13.42,13.41,13.4,13.39,13.38,13.37,13.36,13.35,13.34,13.33,13.43,13.44,13.45,13.46,13.47,13.48,13.49,13.5,13.51,13.52,44600,5000,39900,5500,2100,25900,11600,13100,8100,5900,900,1400,35300,29100,45800,63300,13700,27500,1100,11400
1929.0,13.42,3805100,50866360.0,13.42,13.41,13.4,13.39,13.38,13.37,13.36,13.35,13.34,13.33,13.43,13.44,13.45,13.46,13.47,13.48,13.49,13.5,13.51,13.52,44600,5000,39900,5500,2100,25900,11600,13100,8100,5900,1400,1400,35300,29100,45800,63300,13700,26500,1100,11400
1930.0,13.43,3805900,50877097.0,13.42,13.41,13.4,13.39,13.38,13.37,13.36,13.35,13.34,13.33,13.43,13.44,13.45,13.46,13.47,13.48,13.49,13.5,13.51,13.52,43900,5000,39700,5500,2100,25900,11600,13100,8100,5900,1300,1400,35300,29100,45800,63300,13700,26500,1100,11400
1931.0,13.42,3807300,50895885.0,13.42,13.41,13.4,13.39,13.38,13.37,13.36,13.35,13.34,13.33,13.43,13.44,13.45,13.46,13.47,13.48,13.49,13.5,13.51,13.52,42500,5000,39700,5500,2100,25900,11600,13100,8100,5900,1300,1400,35300,29100,45800,63300,13700,26500,1100,11400
1932.0,13.42,3807300,50895885.0,13.42,13.41,13.4,13.39,13.38,13.37,13.36,13.35,13.34,13.33,13.43,13.44,13.45,13.46,13.47,13.48,13.49,13.5,13.51,13.52,42500,5000,43000,5500,2100,25900,11600,13100,8100,5900,1300,1400,35300,29100,45800,63300,13700,26500,1100,11400
1933.0,13.43,3808600,50913344.0,13.43,13.42,13.41,13.4,13.39,13.38,13.37,13.36,13.35,13.34,13.44,13.45,13.46,13.47,13.48,13.49,13.5,13.51,13.52,13.53,600,42500,5000,43000,5500,2100,25900,11600,13100,8100,1400,35300,29100,45800,63300,13700,26500,1100,11400,3900
1934.0,13.44,3808700,50914688.0,13.43,13.42,13.41,13.4,13.39,13.38,13.37,13.36,13.35,13.34,13.44,13.45,13.46,13.47,13.48,13.49,13.5,13.51,13.52,13.53,1300,42500,5000,43000,5500,2100,25900,11600,13100,8100,1300,35300,29100,45800,63300,13700,26500,1100,11400,3900
1935.0,13.44,3808700,50914688.0,13.43,13.42,13.41,13.4,13.39,13.38,13.37,13.36,13.35,13.34,13.44,13.45,13.46,13.47,13.48,13.49,13.5,13.51,13.52,13.53,1400,42500,5000,43000,5500,2100,25900,11600,13100,8100,1300,35900,29100,45800,63300,13700,26500,1100,11400,3900
1936.0,13.44,3808700,50914688.0,13.43,13.42,13.41,13.4,13.39,13.38,13.37,13.36,13.35,13.34,13.44,13.45,13.46,13.47,13.48,13.49,13.5,13.51,13.52,13.53,2800,42500,5000,43100,5500,2100,25900,11600,13100,8100,1300,35900,29100,45800,63300,13700,26500,1100,11400,3900
1937.0,13.44,3809000,50918718.0,13.43,13.42,13.41,13.4,13.39,13.38,13.37,13.36,13.35,13.34,13.44,13.45,13.46,13.47,13.48,13.49,13.5,13.51,13.52,13.53,2600,42500,5000,43100,5500,2100,25900,11600,13100,8100,1200,35900,29100,45800,63300,13700,26500,1100,11400,3900
1938.0,13.44,3809200,50921406.0,13.43,13.42,13.41,13.4,13.39,13.38,13.37,13.36,13.35,13.34,13.44,13.45,13.46,13.47,13.48,13.49,13.5,13.51,13.52,13.53,2600,42500,5000,43100,5500,2100,25900,11600,13100,8100,1000,35900,29100,45800,63300,13700,26500,1100,11400,3900
1939.0,13.44,3809200,50921406.0,13.43,13.42,13.41,13.4,13.39,13.38,13.37,13.36,13.35,13.34,13.44,13.45,13.46,13.47,13.48,13.49,13.5,13.51,13.52,13.53,2600,42500,5000,43100,5500,2100,25900,11600,13100,8100,1000,36900,29100,45800,63300,13700,26500,1100,11400,3900
1940.0,13.44,3809300,50922750.0,13.43,13.42,13.41,13.4,13.39,13.38,13.37,13.36,13.35,13.34,13.44,13.45,13.46,13.47,13.48,13.49,13.5,13.51,13.52,13.53,2600,42600,5000,43100,5500,2100,25900,11600,13100,8100,900,36900,29100,45800,63300,13700,26500,1100,11400,3900
1941.0,13.44,3810100,50933502.0,13.43,13.42,13.41,13.4,13.39,13.38,13.37,13.36,13.35,13.34,13.44,13.45,13.46,13.47,13.48,13.49,13.5,13.51,13.52,13.53,2600,42600,5000,43100,3000,2100,25900,11600,13100,8100,100,36900,29100,45800,63300,13700,26500,1100,11400,3900
1942.0,13.43,3810600,50940217.0,13.43,13.42,13.41,13.4,13.39,13.38,13.37,13.36,13.35,13.34,13.44,13.45,13.46,13.47,13.48,13.49,13.5,13.51,13.52,13.53,2100,42600,5000,43100,3000,2100,25900,11600,13100,8100,100,38900,29100,45800,63300,13700,26500,1100,11400,3900
1943.0,13.44,3810700,50941561.0,13.43,13.42,13.41,13.4,13.39,13.38,13.37,13.36,13.35,13.34,13.45,13.46,13.47,13.48,13.49,13.5,13.51,13.52,13.53,13.54,2700,42600,5000,43100,3100,2100,25900,11600,13100,8100,38900,29100,45800,63300,13700,26500,1100,11400,3900,2500
1944.0,13.45,3811600,50953662.0,13.43,13.42,13.41,13.4,13.39,13.38,13.37,13.36,13.35,13.34,13.45,13.46,13.47,13.48,13.49,13.5,13.51,13.52,13.53,13.54,3200,42600,5000,43100,3100,2100,25900,11600,13100,8100,38900,29100,45800,63300,13700,26500,1100,11400,3900,2500
1945.0,13.43,3815100,51000667.0,13.43,13.42,13.41,13.4,13.39,13.38,13.37,13.36,13.35,13.34,13.45,13.46,13.47,13.48,13.49,13.5,13.51,13.52,13.53,13.54,500,42600,5000,43100,3100,2100,25900,11600,13100,8100,39900,29100,45800,63500,13700,26500,1100,11400,3900,2500
1946.0,13.43,3815100,51000667.0,13.43,13.42,13.41,13.4,13.39,13.38,13.37,13.36,13.35,13.34,13.45,13.46,13.47,13.48,13.49,13.5,13.51,13.52,13.53,13.54,1200,42600,5000,43100,3100,2100,25900,11600,13100,8100,40600,29100,45800,63500,13700,26500,1100,11400,3900,2500
1947.0,13.45,3815800,51010082.0,13.43,13.42,13.41,13.4,13.39,13.38,13.37,13.36,13.35,13.34,13.45,13.46,13.47,13.48,13.49,13.5,13.51,13.52,13.53,13.54,1200,42600,5000,43100,3100,2100,25900,11600,13100,8100,40700,29100,45800,63500,12700,26500,1100,11400,3900,2500
1948.0,13.45,3815800,51010082.0,13.43,13.42,13.41,13.4,13.39,13.38,13.37,13.36,13.35,13.34,13.44,13.45,13.46,13.47,13.48,13.49,13.5,13.51,13.52,13.53,2000,42600,5400,43100,3100,2100,25900,11600,13100,8100,2300,40700,29400,45800,63500,12700,26500,1100,11400,3900
1949.0,13.44,3818300,51043680.0,13.44,13.43,13.42,13.41,13.4,13.39,13.38,13.37,13.36,13.35,13.45,13.46,13.47,13.48,13.49,13.5,13.51,13.52,13.53,13.54,500,5800,42600,5400,45100,3100,2100,25900,11600,13100,40700,29400,45800,63500,12700,26500,1100,11400,3900,2500
1950.0,13.44,3818300,51043680.0,13.44,13.43,13.42,13.41,13.4,13.39,13.38,13.37,13.36,13.35,13.45,13.46,13.47,13.48,13.49,13.5,13.51,13.52,13.53,13.54,500,7300,42600,5400,45100,3100,2100,25900,11600,13100,40700,29400,45800,63500,12700,24500,1100,11400,3900,2500
1951.0,13.45,3819000,51053095.0,13.44,13.43,13.42,13.41,13.4,13.39,13.38,13.37,13.36,13.35,13.45,13.46,13.47,13.48,13.49,13.5,13.51,13.52,13.53,13.54,500,7500,42600,5400,44100,3100,2100,25900,11600,13100,40000,29400,45800,63500,12700,24500,1100,11400,3900,2500
1952.0,13.45,3819000,51053095.0,13.44,13.43,13.42,13.41,13.4,13.39,13.38,13.37,13.36,13.35,13.45,13.46,13.47,13.48,13.49,13.5,13.51,13.52,13.53,13.54,500,7500,42600,5400,44100,3100,2100,25900,11600,13100,40000,29400,45800,63500,12700,24500,1100,11400,3900,2500
1953.0,13.45,3819100,51054440.0,13.44,13.43,13.42,13.41,13.4,13.39,13.38,13.37,13.36,13.35,13.45,13.46,13.47,13.48,13.49,13.5,13.51,13.52,13.53,13.54,500,7500,42600,5400,44100,3100,2100,25900,11600,13100,39900,29400,45800,63500,12700,24500,1100,11400,3900,2500
1954.0,13.44,3819200,51055784.0,13.44,13.43,13.42,13.41,13.4,13.39,13.38,13.37,13.36,13.35,13.45,13.46,13.47,13.48,13.49,13.5,13.51,13.52,13.53,13.54,400,7500,42600,5400,44000,3100,2600,25900,11600,13100,41900,29400,45800,63500,12700,24500,1100,11400,3900,2500
1955.0,13.45,3819900,51065199.0,13.44,13.43,13.42,13.41,13.4,13.39,13.38,13.37,13.36,13.35,13.45,13.46,13.47,13.48,13.49,13.5,13.51,13.52,13.53,13.54,400,7500,42600,5400,44000,3100,2600,25900,11600,13100,41600,29400,45800,63500,12700,24600,1100,11400,3900,2500
1956.0,13.45,3819900,51065199.0,13.44,13.43,13.42,13.41,13.4,13.39,13.38,13.37,13.36,13.35,13.45,13.46,13.47,13.48,13.49,13.5,13.51,13.52,13.53,13.54,400,7500,42600,5400,44000,3100,2600,25900,11600,13100,41600,29400,45800,63500,12700,24600,1100,11400,3900,2500
1957.0,13.45,3820900,51078649.0,13.44,13.43,13.42,13.41,13.4,13.39,13.38,13.37,13.36,13.35,13.45,13.46,13.47,13.48,13.49,13.5,13.51,13.52,13.53,13.54,400,7500,42600,5400,44000,3100,2600,25900,11600,13100,40600,29400,45800,63500,12700,24600,1100,11400,3900,2500
1958.0,13.44,3821300,51084025.0,13.43,13.42,13.41,13.4,13.39,13.38,13.37,13.36,13.35,13.34,13.44,13.45,13.46,13.47,13.48,13.49,13.5,13.51,13.52,13.53,8500,42600,6200,44000,3100,2600,25900,11600,13100,8100,4100,40600,29400,45800,63200,12700,24600,1100,11400,3900
1959.0,13.44,3821400,51085369.0,13.43,13.42,13.41,13.4,13.39,13.38,13.37,13.36,13.35,13.34,13.44,13.45,13.46,13.47,13.48,13.49,13.5,13.51,13.52,13.53,8500,42600,6200,44000,3100,2600,25900,11600,13100,8100,7500,39200,29400,45800,63200,12700,24600,1100,11400,3900
1960.0,13.44,3821400,51085369.0,13.43,13.42,13.41,13.4,13.39,13.38,13.37,13.36,13.35,13.34,13.44,13.45,13.46,13.47,13.48,13.49,13.5,13.51,13.52,13.53,9200,42400,6200,44700,3100,2600,25900,11600,13100,8100,7500,39200,29400,45800,65200,12700,24600,1100,11400,3900
1961.0,13.44,3821400,51085369.0,13.43,13.42,13.41,13.4,13.39,13.38,13.37,13.36,13.35,13.34,13.44,13.45,13.46,13.47,13.48,13.49,13.5,13.51,13.52,13.53,9200,42400,6200,43700,3100,2600,25900,11600,13100,8100,7500,39200,29400,45800,65200,12700,24600,1100,11400,3900
1962.0,13.44,3823900,51118969.0,13.43,13.42,13.41,13.4,13.39,13.38,13.37,13.36,13.35,13.34,13.44,13.45,13.46,13.47,13.48,13.49,13.5,13.51,13.52,13.53,9200,42500,6200,43700,3100,2600,25900,11600,13100,8100,5000,39200,29400,45800,65200,12700,24600,1100,11400,3900
1963.0,13.44,3823900,51118969.0,13.43,13.42,13.41,13.4,13.39,13.38,13.37,13.36,13.35,13.34,13.44,13.45,13.46,13.47,13.48,13.49,13.5,13.51,13.52,13.53,9200,42500,6200,43700,3100,2600,25900,11600,13100,8100,5000,39200,29400,45800,65200,12700,24600,1100,11400,4900
1964.0,13.44,3823900,51118969.0,13.43,13.42,13.41,13.4,13.39,13.38,13.37,13.36,13.35,13.34,13.44,13.45,13.46,13.47,13.48,13.49,13.5,13.51,13.52,13.53,9200,42500,6200,43700,3100,2600,25900,11600,13100,8100,5000,39200,29400,46200,66200,12700,24600,1100,11400,4900
1965.0,13.44,3825900,51145835.0,13.43,13.42,13.41,13.4,13.39,13.38,13.37,13.36,13.35,13.34,13.44,13.45,13.46,13.47,13.48,13.49,13.5,13.51,13.52,13.53,7800,42500,6200,43700,3100,2600,25900,11600,13100,8100,4900,39500,29400,46200,66200,12700,24600,1100,11400,4900
1966.0,13.43,3826600,51155236.0,13.43,13.42,13.41,13.4,13.39,13.38,13.37,13.36,13.35,13.34,13.44,13.45,13.46,13.47,13.48,13.49,13.5,13.51,13.52,13.53,7100,42300,6200,43700,3100,2600,25900,11600,13100,8100,4900,39500,29400,46200,66200,12700,24600,1100,11400,4900
1967.0,13.43,3833700,51250589.0,13.42,13.41,13.4,13.39,13.38,13.37,13.36,13.35,13.34,13.33,13.43,13.44,13.45,13.46,13.47,13.48,13.49,13.5,13.51,13.52,42300,6200,43700,3100,2600,25900,11600,13100,8100,5900,100,5800,41000,29400,46200,66200,12700,24600,1100,11400
1968.0,13.43,3833700,51250589.0,13.42,13.41,13.4,13.39,13.38,13.37,13.36,13.35,13.34,13.33,13.43,13.44,13.45,13.46,13.47,13.48,13.49,13.5,13.51,13.52,42300,6200,43700,3100,2600,25900,11600,13100,8100,5900,100,9900,40300,29400,46200,66200,12700,24600,1100,11400
1969.0,13.43,3834900,51266700.0,13.42,13.41,13.4,13.39,13.38,13.37,13.36,13.35,13.34,13.33,13.44,13.45,13.46,13.47,13.48,13.49,13.5,13.51,13.52,13.53,41600,6200,43700,3100,2600,25900,11600,13100,8100,5900,9500,40300,29400,45200,66200,12700,24600,1100,11400,4900
1970.0,13.43,3834900,51266700.0,13.42,13.41,13.4,13.39,13.38,13.37,13.36,13.35,13.34,13.33,13.44,13.45,13.46,13.47,13.48,13.49,13.5,13.51,13.52,13.53,41600,6200,43700,3100,2600,25900,11600,13100,8100,5900,9500,40300,29400,45200,66700,12700,24600,1100,11400,4900
1971.0,13.44,3835500,51274762.0,13.42,13.41,13.4,13.39,13.38,13.37,13.36,13.35,13.34,13.33,13.44,13.45,13.46,13.47,13.48,13.49,13.5,13.51,13.52,13.53,44300,6200,43700,3100,2600,25900,11600,13100,8100,5900,12100,40300,29400,45200,66200,12700,24600,1100,11400,4900
1972.0,13.42,3839900,51333810.0,13.42,13.41,13.4,13.39,13.38,13.37,13.36,13.35,13.34,13.33,13.43,13.44,13.45,13.46,13.47,13.48,13.49,13.5,13.51,13.52,39900,6200,43700,3100,2600,25900,11600,13100,8100,5900,7000,8400,40300,29400,45200,66200,12700,24600,1100,11400
1973.0,13.43,3840700,51344547.0,13.42,13.41,13.4,13.39,13.38,13.37,13.36,13.35,13.34,13.33,13.43,13.44,13.45,13.46,13.47,13.48,13.49,13.5,13.51,13.52,39200,6200,43700,3100,2600,25900,11600,13100,8100,5900,6900,13400,40300,29400,45200,66200,12700,24600,1100,11400
1974.0,13.43,3844700,51398267.0,13.42,13.41,13.4,13.39,13.38,13.37,13.36,13.35,13.34,13.33,13.43,13.44,13.45,13.46,13.47,13.48,13.49,13.5,13.51,13.52,39200,6200,39700,3100,2600,25900,11600,13100,8100,5900,2900,13400,40300,29400,45200,65200,12700,24600,1100,11400
1975.0,13.43,3845600,51410354.0,13.42,13.41,13.4,13.39,13.38,13.37,13.36,13.35,13.34,13.33,13.43,13.44,13.45,13.46,13.47,13.48,13.49,13.5,13.51,13.52,39200,6200,39700,3100,2600,25900,11600,13100,8100,5900,2000,13400,40600,29400,45200,65200,12700,24600,1100,11400
1976.0,13.43,3846700,51425127.0,13.42,13.41,13.4,13.39,13.38,13.37,13.36,13.35,13.34,13.33,13.43,13.44,13.45,13.46,13.47,13.48,13.49,13.5,13.51,13.52,39200,6200,39700,3100,2600,25900,11600,13100,8100,5900,1500,13400,40600,29400,45200,65200,12700,24600,1100,11400
1977.0,13.43,3849600,51464060.0,13.43,13.42,13.41,13.4,13.39,13.38,13.37,13.36,13.35,13.34,13.44,13.45,13.46,13.47,13.48,13.49,13.5,13.51,13.52,13.53,700,37800,6200,39700,3100,2600,25900,11600,13100,8100,14400,40800,29400,45200,65200,12700,24600,1100,11400,4900
1978.0,13.43,3849600,51464060.0,13.43,13.42,13.41,13.4,13.39,13.38,13.37,13.36,13.35,13.34,13.44,13.45,13.46,13.47,13.48,13.49,13.5,13.51,13.52,13.53,700,37800,6200,39700,3100,2600,25900,11600,13100,8100,14400,40800,29400,45200,65200,12700,24600,1100,11400,4900
1979.0,13.43,3850200,51472118.0,13.43,13.42,13.41,13.4,13.39,13.38,13.37,13.36,13.35,13.34,13.44,13.45,13.46,13.47,13.48,13.49,13.5,13.51,13.52,13.53,200,37800,6200,39700,3100,2600,25900,11600,13100,8100,14400,40800,29400,45200,65200,12700,24600,1100,11400,4900
1980.0,13.44,3850400,51474806.0,13.43,13.42,13.41,13.4,13.39,13.38,13.37,13.36,13.35,13.34,13.44,13.45,13.46,13.47,13.48,13.49,13.5,13.51,13.52,13.53,200,37800,6200,39700,3100,2600,25900,11600,13100,8100,14200,40800,29400,45200,65200,12700,24600,1100,11400,4900
1981.0,13.44,3850400,51474806.0,13.43,13.42,13.41,13.4,13.39,13.38,13.37,13.36,13.35,13.34,13.44,13.45,13.46,13.47,13.48,13.49,13.5,13.51,13.52,13.53,200,37800,6200,40700,3100,2600,25900,11600,13100,8100,16100,40800,29400,45200,65200,12700,24600,1100,11400,4900
1982.0,13.42,3852000,51496280.0,13.42,13.41,13.4,13.39,13.38,13.37,13.36,13.35,13.34,13.33,13.43,13.44,13.45,13.46,13.47,13.48,13.49,13.5,13.51,13.52,36400,6200,40700,3100,2600,25900,11600,13100,8100,5900,30700,16100,40800,29400,45200,65200,12700,24600,1100,11400
1983.0,13.42,3852000,51496280.0,13.42,13.41,13.4,13.39,13.38,13.37,13.36,13.35,13.34,13.33,13.43,13.44,13.45,13.46,13.47,13.48,13.49,13.5,13.51,13.52,36400,6200,40700,3100,2600,25900,11600,13100,8100,5900,31200,16100,40800,29400,45200,65200,12700,24600,1100,11400
1984.0,13.42,3896700,52096154.0,13.41,13.4,13.39,13.38,13.37,13.36,13.35,13.34,13.33,13.32,13.42,13.43,13.44,13.45,13.46,13.47,13.48,13.49,13.5,13.51,6200,40700,3100,2600,25900,11600,13100,8100,5900,4000,3200,31200,11100,40800,29400,45200,65200,12700,24600,1100
1985.0,13.43,3901000,52153871.0,13.42,13.41,13.4,13.39,13.38,13.37,13.36,13.35,13.34,13.33,13.43,13.44,13.45,13.46,13.47,13.48,13.49,13.5,13.51,13.52,1000,6200,40700,3100,2600,25900,11600,13100,8100,5900,30100,11100,40800,29400,45200,65200,12700,24600,1100,11400
1986.0,13.43,3904800,52204904.0,13.42,13.41,13.4,13.39,13.38,13.37,13.36,13.35,13.34,13.33,13.43,13.44,13.45,13.46,13.47,13.48,13.49,13.5,13.51,13.52,900,6200,40700,3100,2600,25900,11600,13100,8100,5900,26400,11100,40800,29400,45200,65200,12700,24600,1100,11400
1987.0,13.42,3905700,52216982.0,13.41,13.4,13.39,13.38,13.37,13.36,13.35,13.34,13.33,13.32,13.42,13.43,13.44,13.45,13.46,13.47,13.48,13.49,13.5,13.51,6200,40700,3100,2600,25900,11600,13100,8100,5900,4000,300,26400,11600,40800,29400,45200,65200,12700,24600,1100
1988.0,13.41,3906300,52225028.0,13.41,13.4,13.39,13.38,13.37,13.36,13.35,13.34,13.33,13.32,13.42,13.43,13.44,13.45,13.46,13.47,13.48,13.49,13.5,13.51,5600,40700,3100,2600,25900,11600,13100,8100,5900,4000,300,28400,11600,40800,29400,45200,65200,12700,24600,1100
1989.0,13.41,3906300,52225028.0,13.41,13.4,13.39,13.38,13.37,13.36,13.35,13.34,13.33,13.32,13.42,13.43,13.44,13.45,13.46,13.47,13.48,13.49,13.5,13.51,5600,40700,3100,2600,25900,11600,13100,8100,5900,4000,300,28400,11600,40800,29400,45200,65200,12700,24600,1100
1990.0,13.43,3909100,52262625.0,13.41,13.4,13.39,13.38,13.37,13.36,13.35,13.34,13.33,13.32,13.43,13.44,13.45,13.46,13.47,13.48,13.49,13.5,13.51,13.52,5600,40700,3100,2600,25900,11600,12000,8100,5900,4000,26300,11600,40800,29400,45200,65200,12700,24600,1100,11400
1991.0,13.43,3909100,52262625.0,13.41,13.4,13.39,13.38,13.37,13.36,13.35,13.34,13.33,13.32,13.43,13.44,13.45,13.46,13.47,13.48,13.49,13.5,13.51,13.52,7800,40700,3100,2600,25900,11600,12000,8100,5900,4000,28500,11600,40800,29400,45200,65200,12700,24600,1100,11400
1992.0,13.43,3909100,52262625.0,13.41,13.4,13.39,13.38,13.37,13.36,13.35,13.34,13.33,13.32,13.43,13.44,13.45,13.46,13.47,13.48,13.49,13.5,13.51,13.52,8300,40700,3100,2600,25900,11600,12000,8100,5900,4000,29000,11600,40800,29400,45200,65200,12700,24600,1100,11400
1993.0,13.41,3915200,52344537.0,13.41,13.4,13.39,13.38,13.37,13.36,13.35,13.34,13.33,13.32,13.43,13.44,13.45,13.46,13.47,13.48,13.49,13.5,13.51,13.52,10000,40700,3100,2600,25900,11600,12000,8100,5900,4000,25700,11600,46000,29400,45200,65200,12200,24600,1100,11400
1994.0,13.41,3917500,52375380.0,13.41,13.4,13.39,13.38,13.37,13.36,13.35,13.34,13.33,13.32,13.43,13.44,13.45,13.46,13.47,13.48,13.49,13.5,13.51,13.52,7700,40700,3100,2600,25900,11600,12000,8100,5900,4000,25700,11600,47400,29400,45200,65200,12200,24600,1100,11400
1995.0,13.41,3918200,52384767.0,13.41,13.4,13.39,13.38,13.37,13.36,13.35,13.34,13.33,13.32,13.43,13.44,13.45,13.46,13.47,13.48,13.49,13.5,13.51,13.52,9000,40700,3100,2600,25900,11600,12000,8100,5900,4000,28600,11600,47400,29400,45200,65200,12200,24600,1100,11400
1996.0,13.41,3918200,52384767.0,13.41,13.4,13.39,13.38,13.37,13.36,13.35,13.34,13.33,13.32,13.43,13.44,13.45,13.46,13.47,13.48,13.49,13.5,13.51,13.52,9900,40700,3100,2600,25900,11600,12000,8100,5900,4000,28600,11600,47400,29400,45200,65200,12800,24600,1100,11400
1997.0,13.41,3918200,52384767.0,13.41,13.4,13.39,13.38,13.37,13.36,13.35,13.34,13.33,13.32,13.43,13.44,13.45,13.46,13.47,13.48,13.49,13.5,13.51,13.52,10500,40700,3100,2600,25900,11600,12000,8100,5900,4000,29200,11600,47400,29400,45200,65200,12800,24600,1100,11400
1998.0,13.41,3918200,52384767.0,13.41,13.4,13.39,13.38,13.37,13.36,13.35,13.34,13.33,13.32,13.43,13.44,13.45,13.46,13.47,13.48,13.49,13.5,13.51,13.52,12700,40700,3100,2600,25900,11600,12000,8100,5900,4000,31400,11600,47400,29400,45200,65300,12800,24600,1100,11400
1999.0,13.41,3918200,52384767.0,13.41,13.4,13.39,13.38,13.37,13.36,13.35,13.34,13.33,13.32,13.43,13.44,13.45,13.46,13.47,13.48,13.49,13.5,13.51,13.52,12700,40700,3100,2600,25900,11600,12000,8100,5900,4000,31400,12600,47400,29400,45200,65300,12800,24900,1100,11400
2000.0,13.41,3921600,52430389.0,13.41,13.4,13.39,13.38,13.37,13.36,13.35,13.34,13.33,13.32,13.43,13.44,13.45,13.46,13.47,13.48,13.49,13.5,13.51,13.52,12100,40700,3100,2600,25900,11600,12000,8100,5900,4000,33900,12600,47400,30400,45200,65300,12800,24900,1100,11400
2001.0,13.41,3921600,52430389.0,13.41,13.4,13.39,13.38,13.37,13.36,13.35,13.34,13.33,13.32,13.42,13.43,13.44,13.45,13.46,13.47,13.48,13.49,13.5,13.51,12100,41100,3100,2600,25900,11600,12000,8100,5900,4000,2400,33900,12600,47400,30400,45200,65300,12800,24900,1100
2002.0,13.42,3922600,52443809.0,13.41,13.4,13.39,13.38,13.37,13.36,13.35,13.34,13.33,13.32,13.42,13.43,13.44,13.45,13.46,13.47,13.48,13.49,13.5,13.51,12100,41100,3100,2600,25900,11600,12000,8100,5900,4000,1400,33900,12600,47400,30400,45200,65300,12800,24900,1100
2003.0,13.42,3923400,52454538.0,13.41,13.4,13.39,13.38,13.37,13.36,13.35,13.34,13.33,13.32,13.42,13.43,13.44,13.45,13.46,13.47,13.48,13.49,13.5,13.51,11400,41100,3100,2600,25900,11600,12000,8100,5900,4000,1300,33900,12600,47400,30400,45200,65300,12800,24900,1100
2004.0,13.42,3923400,52454538.0,13.41,13.4,13.39,13.38,13.37,13.36,13.35,13.34,13.33,13.32,13.42,13.43,13.44,13.45,13.46,13.47,13.48,13.49,13.5,13.51,11400,41100,3100,2600,25900,11600,12000,8100,5900,4000,1300,33900,12600,47400,30400,45200,65300,12800,24900,1100
2005.0,13.41,3923900,52461243.0,13.41,13.4,13.39,13.38,13.37,13.36,13.35,13.34,13.33,13.32,13.42,13.43,13.44,13.45,13.46,13.47,13.48,13.49,13.5,13.51,10900,41100,3100,2600,25900,11600,12000,8100,5900,4000,1300,33900,12600,47400,30400,45200,65300,12800,24900,1100
2006.0,13.41,3934800,52607412.0,13.4,13.39,13.38,13.37,13.36,13.35,13.34,13.33,13.32,13.31,13.41,13.42,13.43,13.44,13.45,13.46,13.47,13.48,13.49,13.5,41100,3100,2600,25900,11600,12000,8100,5900,4000,11300,11400,3800,33900,12600,50400,30400,45200,65300,12800,24900
2007.0,13.41,3935500,52616799.0,13.4,13.39,13.38,13.37,13.36,13.35,13.34,13.33,13.32,13.31,13.41,13.42,13.43,13.44,13.45,13.46,13.47,13.48,13.49,13.5,41100,3100,2600,25900,11600,12000,8100,5900,4000,11300,13700,3800,33900,12600,50400,30400,45200,65300,12800,24900
2008.0,13.41,3935500,52616799.0,13.4,13.39,13.38,13.37,13.36,13.35,13.34,13.33,13.32,13.31,13.41,13.42,13.43,13.44,13.45,13.46,13.47,13.48,13.49,13.5,41100,3100,2600,25900,11600,12000,8100,5900,4000,11300,14000,3800,33900,12600,50400,30400,45200,65300,12800,24900
2009.0,13.41,3935500,52616799.0,13.4,13.39,13.38,13.37,13.36,13.35,13.34,13.33,13.32,13.31,13.41,13.42,13.43,13.44,13.45,13.46,13.47,13.48,13.49,13.5,41100,3100,2600,25900,11600,12000,8100,5900,4000,11300,14000,3800,33900,12600,50400,30400,45200,65300,12800,24900
2010.0,13.41,3936200,52626186.0,13.4,13.39,13.38,13.37,13.36,13.35,13.34,13.33,13.32,13.31,13.41,13.42,13.43,13.44,13.45,13.46,13.47,13.48,13.49,13.5,41100,3100,2600,25900,11600,12000,8100,5900,4000,11300,13300,3800,33900,12600,50400,30400,45200,65300,12800,24600
2011.0,13.4,3940800,52687827.0,13.4,13.39,13.38,13.37,13.36,13.35,13.34,13.33,13.32,13.31,13.41,13.42,13.43,13.44,13.45,13.46,13.47,13.48,13.49,13.5,36600,3100,2600,25900,11600,12000,8100,5900,4000,11300,13200,3800,33900,12600,50400,30400,45200,65300,12800,24600
2012.0,13.41,3942200,52706601.0,13.4,13.39,13.38,13.37,13.36,13.35,13.34,13.33,13.32,13.31,13.41,13.42,13.43,13.44,13.45,13.46,13.47,13.48,13.49,13.5,36600,3100,2600,25900,11600,12000,8100,5900,4000,11300,14800,3800,33900,12600,50400,30400,45200,65300,12800,24600
2013.0,13.41,3942900,52715988.0,13.4,13.39,13.38,13.37,13.36,13.35,13.34,13.33,13.32,13.31,13.41,13.42,13.43,13.44,13.45,13.46,13.47,13.48,13.49,13.5,36600,3100,2600,25900,11600,12000,8100,5900,4000,11300,14100,3800,33900,12600,50400,30400,45200,65300,12800,24600
2014.0,13.41,3942900,52715988.0,13.4,13.39,13.38,13.37,13.36,13.35,13.34,13.33,13.32,13.31,13.41,13.42,13.43,13.44,13.45,13.46,13.47,13.48,13.49,13.5,36600,3100,2600,25900,11600,12000,8100,5900,5000,11300,14100,3800,33900,12600,50400,30400,45200,65300,12800,24600
2015.0,13.41,3942900,52715988.0,13.4,13.39,13.38,13.37,13.36,13.35,13.34,13.33,13.32,13.31,13.41,13.42,13.43,13.44,13.45,13.46,13.47,13.48,13.49,13.5,36800,3100,2600,25900,11600,12000,8100,5900,5000,11300,14100,3800,33900,12600,50400,30400,45200,65300,12800,24600
2016.0,13.41,3944000,52730739.0,13.4,13.39,13.38,13.37,13.36,13.35,13.34,13.33,13.32,13.31,13.41,13.42,13.43,13.44,13.45,13.46,13.47,13.48,13.49,13.5,31800,3100,2600,25900,11600,12000,8100,5900,5000,11300,13000,3800,33900,12600,50400,30400,45200,65300,12800,24600
2017.0,13.41,3944700,52740126.0,13.4,13.39,13.38,13.37,13.36,13.35,13.34,13.33,13.32,13.31,13.41,13.42,13.43,13.44,13.45,13.46,13.47,13.48,13.49,13.5,31800,3100,2600,25900,11600,12000,8100,5900,5000,11300,19300,3800,33900,12600,50400,30400,45200,65300,12800,24600
2018.0,13.4,3950300,52815178.0,13.4,13.39,13.38,13.37,13.36,13.35,13.34,13.33,13.32,13.31,13.41,13.42,13.43,13.44,13.45,13.46,13.47,13.48,13.49,13.5,27400,3100,2600,25900,11600,12000,8100,5900,5000,11300,18100,3800,33900,12600,50400,30400,45200,65300,12800,24600
2019.0,13.41,3951600,52832611.0,13.4,13.39,13.38,13.37,13.36,13.35,13.34,13.33,13.32,13.31,13.41,13.42,13.43,13.44,13.45,13.46,13.47,13.48,13.49,13.5,27400,3100,2600,25900,11600,12000,8100,5900,5000,11300,16800,3800,33900,12600,50400,30400,45200,65300,12800,24600
2020.0,13.4,3952900,52850038.0,13.4,13.39,13.38,13.37,13.36,13.35,13.34,13.33,13.32,13.31,13.41,13.42,13.43,13.44,13.45,13.46,13.47,13.48,13.49,13.5,26800,3100,2600,25900,11600,12000,8100,5900,5000,11300,16100,3800,33900,12600,50200,30400,45200,65300,12800,24600
2021.0,13.4,3955900,52890238.0,13.4,13.39,13.38,13.37,13.36,13.35,13.34,13.33,13.32,13.31,13.41,13.42,13.43,13.44,13.45,13.46,13.47,13.48,13.49,13.5,23800,3100,2600,25900,11600,12000,8100,5900,5000,11300,16100,3800,33900,12600,50200,30400,45200,65300,12800,24600
2022.0,13.4,3956100,52892918.0,13.4,13.39,13.38,13.37,13.36,13.35,13.34,13.33,13.32,13.31,13.41,13.42,13.43,13.44,13.45,13.46,13.47,13.48,13.49,13.5,23600,3100,2600,25900,11600,12000,8100,5900,5000,11300,16100,3800,33900,12600,50200,30400,45200,65300,12800,24600
2023.0,13.4,3959700,52941182.0,13.4,13.39,13.38,13.37,13.36,13.35,13.34,13.33,13.32,13.31,13.41,13.42,13.43,13.44,13.45,13.46,13.47,13.48,13.49,13.5,22400,3100,2600,25900,11600,12000,8100,5900,5000,11300,13700,3800,33900,12600,50700,30400,45200,65300,12800,24600
2024.0,13.41,3960700,52954592.0,13.4,13.39,13.38,13.37,13.36,13.35,13.34,13.33,13.32,13.31,13.41,13.42,13.43,13.44,13.45,13.46,13.47,13.48,13.49,13.5,22400,3100,2600,25900,11200,12000,8100,5900,5000,11300,12800,3800,33900,12600,50700,30400,45200,65300,12800,24600
2025.0,13.4,3961700,52967992.0,13.4,13.39,13.38,13.37,13.36,13.35,13.34,13.33,13.32,13.31,13.41,13.42,13.43,13.44,13.45,13.46,13.47,13.48,13.49,13.5,21400,3100,2600,25900,11200,12000,8100,5900,5000,11300,12800,3800,33900,12600,50700,30400,45200,65300,12800,24600
2026.0,13.41,3963100,52986759.0,13.4,13.39,13.38,13.37,13.36,13.35,13.34,13.33,13.32,13.31,13.41,13.42,13.43,13.44,13.45,13.46,13.47,13.48,13.49,13.5,22200,3100,2600,25900,11200,12000,8100,5900,5000,11300,12100,3800,33900,12600,50700,30400,45200,65300,12800,24600
2027.0,13.41,3963100,52986759.0,13.4,13.39,13.38,13.37,13.36,13.35,13.34,13.33,13.32,13.31,13.41,13.42,13.43,13.44,13.45,13.46,13.47,13.48,13.49,13.5,22200,3100,2600,25900,11200,12000,8100,5900,5000,11300,10100,3800,33900,12600,50700,30400,45200,65300,12800,24600
2028.0,13.41,3963100,52986759.0,13.4,13.39,13.38,13.37,13.36,13.35,13.34,13.33,13.32,13.31,13.41,13.42,13.43,13.44,13.45,13.46,13.47,13.48,13.49,13.5,22200,4900,7600,25900,11200,12000,8100,5900,5000,11300,10100,3800,33900,12600,50700,30400,45200,65300,12800,24600
2029.0,13.4,3968100,53053766.0,13.4,13.39,13.38,13.37,13.36,13.35,13.34,13.33,13.32,13.31,13.41,13.42,13.43,13.44,13.45,13.46,13.47,13.48,13.49,13.5,17900,4900,7600,25900,11200,12000,8100,5900,5000,11300,9400,3800,33900,12600,50700,30400,45200,65300,12800,24600
2030.0,13.4,3968100,53053766.0,13.4,13.39,13.38,13.37,13.36,13.35,13.34,13.33,13.32,13.31,13.41,13.42,13.43,13.44,13.45,13.46,13.47,13.48,13.49,13.5,17900,4900,7600,25900,11200,12000,8100,5900,5000,11300,9400,4000,33900,12600,50700,30400,45200,65800,12800,24600
2031.0,13.41,3970100,53080586.0,13.4,13.39,13.38,13.37,13.36,13.35,13.34,13.33,13.32,13.31,13.41,13.42,13.43,13.44,13.45,13.46,13.47,13.48,13.49,13.5,17900,4900,7600,25900,11200,12000,8100,5900,5000,11300,7400,4000,33900,12600,50700,30400,45200,65800,12800,25100
2032.0,13.41,3970100,53080586.0,13.4,13.39,13.38,13.37,13.36,13.35,13.34,13.33,13.32,13.31,13.41,13.42,13.43,13.44,13.45,13.46,13.47,13.48,13.49,13.5,17900,4900,7600,25900,11200,12000,8100,5900,5000,11300,9400,4000,33900,12600,47700,30400,45200,65800,12800,25100
2033.0,13.4,3973700,53128833.0,13.4,13.39,13.38,13.37,13.36,13.35,13.34,13.33,13.32,13.31,13.41,13.42,13.43,13.44,13.45,13.46,13.47,13.48,13.49,13.5,15000,4900,7600,25900,11200,12000,8100,5900,5000,11300,8700,4000,33900,12600,47700,30400,45200,65800,12800,25100
2034.0,13.4,3974500,53139553.0,13.4,13.39,13.38,13.37,13.36,13.35,13.34,13.33,13.32,13.31,13.41,13.42,13.43,13.44,13.45,13.46,13.47,13.48,13.49,13.5,14200,4900,7600,25900,11200,12000,8100,5900,5000,11300,8700,4000,33900,12600,47700,30400,45200,65800,12800,25500
2035.0,13.41,3976600,53167714.0,13.4,13.39,13.38,13.37,13.36,13.35,13.34,13.33,13.32,13.31,13.41,13.42,13.43,13.44,13.45,13.46,13.47,13.48,13.49,13.5,14200,3100,7600,25900,11200,12000,8100,5900,5000,11300,6600,4000,33900,12600,47700,30400,45200,65800,12800,25500
2036.0,13.41,3976600,53167714.0,13.4,13.39,13.38,13.37,13.36,13.35,13.34,13.33,13.32,13.31,13.41,13.42,13.43,13.44,13.45,13.46,13.47,13.48,13.49,13.5,14200,3100,7600,25900,11200,12000,8100,5900,5000,11300,6600,4000,33900,12600,47700,30400,45200,65800,12800,25500
2037.0,13.4,3977100,53174414.0,13.4,13.39,13.38,13.37,13.36,13.35,13.34,13.33,13.32,13.31,13.41,13.42,13.43,13.44,13.45,13.46,13.47,13.48,13.49,13.5,13700,3100,7100,25900,11200,12000,8100,5900,5000,11300,6600,4000,33900,12600,47900,30400,45200,65800,12800,25500
2038.0,13.41,3977700,53182460.0,13.4,13.39,13.38,13.37,13.36,13.35,13.34,13.33,13.32,13.31,13.41,13.42,13.43,13.44,13.45,13.46,13.47,13.48,13.49,13.5,13700,3100,7100,25900,11200,12000,8100,5900,5000,11300,6000,4000,33900,12600,47900,30900,45200,65800,12800,25500
2039.0,13.4,3978500,53193180.0,13.4,13.39,13.38,13.37,13.36,13.35,13.34,13.33,13.32,13.31,13.41,13.42,13.43,13.44,13.45,13.46,13.47,13.48,13.49,13.5,12900,3100,7100,25900,11200,12000,8100,5900,5000,11300,6000,4000,33900,12600,47900,30900,45200,65800,12800,25500
2040.0,13.41,3978600,53194521.0,13.4,13.39,13.38,13.37,13.36,13.35,13.34,13.33,13.32,13.31,13.41,13.42,13.43,13.44,13.45,13.46,13.47,13.48,13.49,13.5,12900,3100,7100,25900,11200,12000,8100,5900,5000,11300,5900,4000,33900,12600,47900,30900,45200,65800,12800,25200
2041.0,13.41,3982500,53246795.0,13.4,13.39,13.38,13.37,13.36,13.35,13.34,13.33,13.32,13.31,13.41,13.42,13.43,13.44,13.45,13.46,13.47,13.48,13.49,13.5,10400,3100,7100,25900,11200,12000,8100,5900,5000,11300,5500,4000,33900,12600,47900,30900,45200,65800,12800,25200
2042.0,13.4,3982600,53248135.0,13.4,13.39,13.38,13.37,13.36,13.35,13.34,13.33,13.32,13.31,13.41,13.42,13.43,13.44,13.45,13.46,13.47,13.48,13.49,13.5,10300,3100,7100,25900,11200,12000,8100,5900,5000,11300,5500,4000,33900,12600,47900,30900,45200,65800,12800,25200
2043.0,13.4,3982600,53248135.0,13.4,13.39,13.38,13.37,13.36,13.35,13.34,13.33,13.32,13.31,13.41,13.42,13.43,13.44,13.45,13.46,13.47,13.48,13.49,13.5,11900,3100,7100,25900,11200,12000,8100,5900,5000,11300,5500,4000,33900,12600,47900,30900,45200,65800,12800,25200
2044.0,13.41,3983300,53257522.0,13.4,13.39,13.38,13.37,13.36,13.35,13.34,13.33,13.32,13.31,13.41,13.42,13.43,13.44,13.45,13.46,13.47,13.48,13.49,13.5,11900,3100,7100,25900,11200,12000,8100,5900,5000,11300,4800,4000,33900,12600,47900,30900,45200,65800,12800,25200
2045.0,13.4,3983400,53258862.0,13.4,13.39,13.38,13.37,13.36,13.35,13.34,13.33,13.32,13.31,13.41,13.42,13.43,13.44,13.45,13.46,13.47,13.48,13.49,13.5,11800,3100,7100,25900,11200,12000,8100,5900,5000,11300,4700,4000,33900,12600,47900,30900,45200,65800,12800,25200
2046.0,13.4,3983400,53258862.0,13.4,13.39,13.38,13.37,13.36,13.35,13.34,13.33,13.32,13.31,13.41,13.42,13.43,13.44,13.45,13.46,13.47,13.48,13.49,13.5,11800,3100,7100,25900,11200,12000,8100,5900,5000,11300,3000,4000,33900,12600,47900,30900,45200,65800,12800,25200
2047.0,13.41,3983700,53262885.0,13.4,13.39,13.38,13.37,13.36,13.35,13.34,13.33,13.32,13.31,13.41,13.42,13.43,13.44,13.45,13.46,13.47,13.48,13.49,13.5,11800,3000,7100,25900,11200,12000,8100,5900,5000,11300,2700,2700,33900,12600,47900,30900,46200,65800,12800,25200
2048.0,13.39,3997600,53449124.0,13.39,13.38,13.37,13.36,13.35,13.34,13.33,13.32,13.31,13.3,13.4,13.41,13.42,13.43,13.44,13.45,13.46,13.47,13.48,13.49,900,11100,25900,11200,12000,8100,5900,5000,14300,13800,2900,3000,2700,33900,12600,47900,30900,46200,65800,12800
2049.0,13.39,3997600,53449124.0,13.39,13.38,13.37,13.36,13.35,13.34,13.33,13.32,13.31,13.3,13.4,13.41,13.42,13.43,13.44,13.45,13.46,13.47,13.48,13.49,900,11100,25900,11200,12000,8100,5900,5000,14300,13800,16500,3000,2700,33900,12600,47900,30900,46200,65800,12800
2050.0,13.39,3999100,53469216.0,13.39,13.38,13.37,13.36,13.35,13.34,13.33,13.32,13.31,13.3,13.4,13.41,13.42,13.43,13.44,13.45,13.46,13.47,13.48,13.49,100,11100,25900,11200,12000,8100,5900,5000,14300,13800,15800,3000,2700,17400,12600,48200,30300,46200,65800,12800
2051.0,13.39,3999100,53469216.0,13.39,13.38,13.37,13.36,13.35,13.34,13.33,13.32,13.31,13.3,13.4,13.41,13.42,13.43,13.44,13.45,13.46,13.47,13.48,13.49,100,11100,25900,7200,12000,8100,5900,5000,14300,13800,15800,3000,2700,17400,12600,48200,30300,46200,65800,12800
2052.0,13.4,4000400,53486636.0,13.39,13.38,13.37,13.36,13.35,13.34,13.33,13.32,13.31,13.3,13.4,13.41,13.42,13.43,13.44,13.45,13.46,13.47,13.48,13.49,100,11100,25900,7200,12000,8100,5900,5000,14300,13800,17500,3000,2700,17400,12600,48200,30300,46200,65800,12800
2053.0,13.4,4001100,53496016.0,13.39,13.38,13.37,13.36,13.35,13.34,13.33,13.32,13.31,13.3,13.4,13.41,13.42,13.43,13.44,13.45,13.46,13.47,13.48,13.49,100,11100,25900,7200,12000,8100,5900,5000,14300,13800,16800,3000,2700,17400,12600,48200,30300,46200,65800,12800
2054.0,13.4,4004600,53542916.0,13.39,13.38,13.37,13.36,13.35,13.34,13.33,13.32,13.31,13.3,13.4,13.41,13.42,13.43,13.44,13.45,13.46,13.47,13.48,13.49,100,14100,25900,7200,12000,8100,5900,5000,14300,13800,13300,3000,2700,17400,12600,48200,30300,46200,65800,12800
2055.0,13.4,4004900,53546936.0,13.39,13.38,13.37,13.36,13.35,13.34,13.33,13.32,13.31,13.3,13.4,13.41,13.42,13.43,13.44,13.45,13.46,13.47,13.48,13.49,100,14100,25900,7200,12000,8100,5900,5000,14300,13800,13000,3000,2700,17400,12600,48200,30300,46200,65800,12800
2056.0,13.4,4004900,53546936.0,13.39,13.38,13.37,13.36,13.35,13.34,13.33,13.32,13.31,13.3,13.4,13.41,13.42,13.43,13.44,13.45,13.46,13.47,13.48,13.49,100,14100,25900,7200,12000,8100,5900,5000,14300,13800,13000,3000,2700,17400,12600,48200,30300,46200,65800,12800
2057.0,13.4,4005600,53556316.0,13.39,13.38,13.37,13.36,13.35,13.34,13.33,13.32,13.31,13.3,13.4,13.41,13.42,13.43,13.44,13.45,13.46,13.47,13.48,13.49,100,14100,25900,7200,12000,8100,5900,5000,14300,13800,3000,3000,2700,17400,12600,48200,30300,46200,65800,12800
2058.0,13.4,4008600,53596516.0,13.4,13.39,13.38,13.37,13.36,13.35,13.34,13.33,13.32,13.31,13.41,13.42,13.43,13.44,13.45,13.46,13.47,13.48,13.49,13.5,10200,100,14100,25900,7200,12000,8100,5900,5000,14300,3000,2700,17400,12600,48200,30300,46200,65800,12800,27600
2059.0,13.4,4008600,53596516.0,13.4,13.39,13.38,13.37,13.36,13.35,13.34,13.33,13.32,13.31,13.41,13.42,13.43,13.44,13.45,13.46,13.47,13.48,13.49,13.5,10200,100,14100,25900,7200,12000,8100,5900,5000,14300,3000,2700,17400,12600,48200,30300,46200,65800,12800,27600
2060.0,13.41,4008900,53600539.0,13.4,13.39,13.38,13.37,13.36,13.35,13.34,13.33,13.32,13.31,13.41,13.42,13.43,13.44,13.45,13.46,13.47,13.48,13.49,13.5,10200,100,14100,25900,7200,12000,8100,5900,5000,14300,2700,2700,17400,12600,48200,30300,46200,71700,12800,27600
2061.0,13.41,4008900,53600539.0,13.4,13.39,13.38,13.37,13.36,13.35,13.34,13.33,13.32,13.31,13.41,13.42,13.43,13.44,13.45,13.46,13.47,13.48,13.49,13.5,10200,100,14100,25900,7200,12000,8100,5900,5000,14300,2700,2700,17400,12600,48200,30300,46200,71700,12800,27600
2062.0,13.41,4008900,53600539.0,13.4,13.39,13.38,13.37,13.36,13.35,13.34,13.33,13.32,13.31,13.41,13.42,13.43,13.44,13.45,13.46,13.47,13.48,13.49,13.5,10500,100,14100,25900,7200,12000,8100,5900,5000,14300,2700,2700,17400,12600,48200,30300,46200,71700,12800,27600
2063.0,13.41,4009800,53612601.0,13.4,13.39,13.38,13.37,13.36,13.35,13.34,13.33,13.32,13.31,13.41,13.42,13.43,13.44,13.45,13.46,13.47,13.48,13.49,13.5,9800,100,14100,25900,7200,12000,8100,5900,5000,14300,2500,2700,17400,12600,48200,30300,46200,71700,12800,27600
2064.0,13.41,4009800,53612601.0,13.4,13.39,13.38,13.37,13.36,13.35,13.34,13.33,13.32,13.31,13.41,13.42,13.43,13.44,13.45,13.46,13.47,13.48,13.49,13.5,9800,1100,14100,25900,7200,12000,8100,5900,5000,14300,2500,2700,17400,12600,48200,30300,46200,71700,12800,27600
2065.0,13.41,4009800,53612601.0,13.4,13.39,13.38,13.37,13.36,13.35,13.34,13.33,13.32,13.31,13.41,13.42,13.43,13.44,13.45,13.46,13.47,13.48,13.49,13.5,9800,1100,14100,25900,7200,12000,8100,5900,5000,14300,2500,2700,17400,12600,48200,30300,46200,71700,12800,27600
2066.0,13.41,4010200,53617965.0,13.4,13.39,13.38,13.37,13.36,13.35,13.34,13.33,13.32,13.31,13.41,13.42,13.43,13.44,13.45,13.46,13.47,13.48,13.49,13.5,9800,1100,14100,25900,7200,12000,8100,5900,5000,14300,2100,2700,15400,12600,48200,30300,46200,71700,12800,27600
2067.0,13.41,4010200,53617965.0,13.4,13.39,13.38,13.37,13.36,13.35,13.34,13.33,13.32,13.31,13.41,13.42,13.43,13.44,13.45,13.46,13.47,13.48,13.49,13.5,9800,1100,14100,25900,7200,12000,8100,5900,5000,14300,2100,2700,15400,12600,48200,30300,46200,71700,12800,27600
2068.0,13.4,4020500,53755985.0,13.39,13.38,13.37,13.36,13.35,13.34,13.33,13.32,13.31,13.3,13.4,13.41,13.42,13.43,13.44,13.45,13.46,13.47,13.48,13.49,1100,14100,27000,7200,12000,8100,5900,5000,14300,14800,4300,2100,2700,15400,13600,48200,30300,46200,71700,12800
2069.0,13.4,4020900,53761345.0,13.39,13.38,13.37,13.36,13.35,13.34,13.33,13.32,13.31,13.3,13.4,13.41,13.42,13.43,13.44,13.45,13.46,13.47,13.48,13.49,1100,14100,27000,7200,12000,8100,5900,5000,14300,14800,4100,2100,2700,15400,13600,48200,30300,46200,71700,12800
2070.0,13.39,4021800,53773404.0,13.39,13.38,13.37,13.36,13.35,13.34,13.33,13.32,13.31,13.3,13.4,13.41,13.42,13.43,13.44,13.45,13.46,13.47,13.48,13.49,1000,14100,27000,7200,12000,8100,5900,5000,14300,14800,3300,2100,2700,15400,13600,48200,30300,46200,71700,12800
2071.0,13.4,4022300,53780104.0,13.39,13.38,13.37,13.36,13.35,13.34,13.33,13.32,13.31,13.3,13.4,13.41,13.42,13.43,13.44,13.45,13.46,13.47,13.48,13.49,1000,14100,27000,7200,11500,8100,5900,5000,14300,14800,2800,2100,2700,15400,13600,48200,30300,46200,71700,12800
2072.0,13.4,4022500,53782784.0,13.39,13.38,13.37,13.36,13.35,13.34,13.33,13.32,13.31,13.3,13.4,13.41,13.42,13.43,13.44,13.45,13.46,13.47,13.48,13.49,1000,14100,27000,7200,11500,8100,5900,5000,14300,14800,3600,2100,2700,15400,13600,48200,30300,46200,71700,12800
2073.0,13.4,4026100,53831024.0,13.4,13.39,13.38,13.37,13.36,13.35,13.34,13.33,13.32,13.31,13.41,13.42,13.43,13.44,13.45,13.46,13.47,13.48,13.49,13.5,400,1000,14100,27000,7200,11500,8100,5900,5000,14300,2100,2700,15400,13600,48500,30300,46200,71700,12800,27600
2074.0,13.4,4026100,53831024.0,13.4,13.39,13.38,13.37,13.36,13.35,13.34,13.33,13.32,13.31,13.41,13.42,13.43,13.44,13.45,13.46,13.47,13.48,13.49,13.5,400,1000,14100,27000,7200,11500,8100,5900,5000,14300,2100,2700,15400,13600,48200,30300,46200,71700,12800,27600
2075.0,13.4,4026900,53841746.0,13.4,13.39,13.38,13.37,13.36,13.35,13.34,13.33,13.32,13.31,13.41,13.42,13.43,13.44,13.45,13.46,13.47,13.48,13.49,13.5,400,1000,14100,27000,7200,11500,8100,5900,5000,14300,1900,2700,15400,13600,48200,30300,46200,71700,12800,27600
2076.0,13.4,4026900,53841746.0,13.4,13.39,13.38,13.37,13.36,13.35,13.34,13.33,13.32,13.31,13.41,13.42,13.43,13.44,13.45,13.46,13.47,13.48,13.49,13.5,400,1000,14300,27000,7200,11500,8100,5900,5000,14300,1900,2700,15400,13600,48200,30300,46200,71700,12800,27600
2077.0,13.4,4027300,53847106.0,13.39,13.38,13.37,13.36,13.35,13.34,13.33,13.32,13.31,13.3,13.4,13.41,13.42,13.43,13.44,13.45,13.46,13.47,13.48,13.49,1000,14300,27000,7200,11500,8100,5900,5000,14300,15200,600,1900,2700,15400,13600,48200,30300,46200,71700,12800
2078.0,13.4,4027300,53847106.0,13.39,13.38,13.37,13.36,13.35,13.34,13.33,13.32,13.31,13.3,13.4,13.41,13.42,13.43,13.44,13.45,13.46,13.47,13.48,13.49,1000,14300,27000,7200,11500,8100,5900,5000,14300,15200,600,1900,2700,15400,13600,48200,30300,46200,71700,12800
2079.0,13.4,4027300,53847106.0,13.39,13.38,13.37,13.36,13.35,13.34,13.33,13.32,13.31,13.3,13.4,13.41,13.42,13.43,13.44,13.45,13.46,13.47,13.48,13.49,1000,14300,27000,7200,11500,8100,5900,5000,14300,15200,600,1900,2700,15400,13600,48200,30300,46200,71700,12800
2080.0,13.4,4027600,53851126.0,13.39,13.38,13.37,13.36,13.35,13.34,13.33,13.32,13.31,13.3,13.4,13.41,13.42,13.43,13.44,13.45,13.46,13.47,13.48,13.49,22300,14300,27000,7200,11500,8100,6400,5000,14300,15200,400,1900,2700,15400,13600,48200,30300,46200,71700,12800
2081.0,13.4,4027700,53852466.0,13.39,13.38,13.37,13.36,13.35,13.34,13.33,13.32,13.31,13.3,13.4,13.41,13.42,13.43,13.44,13.45,13.46,13.47,13.48,13.49,22300,14300,27000,7200,11500,8100,6400,5000,14300,15200,300,1900,2700,15400,13900,48200,30300,46200,71700,12800
2082.0,13.4,4027800,53853806.0,13.39,13.38,13.37,13.36,13.35,13.34,13.33,13.32,13.31,13.3,13.4,13.41,13.42,13.43,13.44,13.45,13.46,13.47,13.48,13.49,22300,14300,27000,7200,11500,8100,6400,5000,14300,15200,200,1900,2700,15400,13900,48200,30300,46200,71700,12800
2083.0,13.4,4027800,53853806.0,13.39,13.38,13.37,13.36,13.35,13.34,13.33,13.32,13.31,13.3,13.4,13.41,13.42,13.43,13.44,13.45,13.46,13.47,13.48,13.49,22300,14300,27000,7200,11500,8100,6400,5000,14300,15200,200,1900,2700,15400,13900,48200,30300,46200,71700,12800
2084.0,13.39,4045500,54090809.0,13.39,13.38,13.37,13.36,13.35,13.34,13.33,13.32,13.31,13.3,13.4,13.41,13.42,13.43,13.44,13.45,13.46,13.47,13.48,13.49,9300,14300,27000,7200,11500,8100,6400,5000,14300,15200,200,1900,2700,15400,13900,48200,30300,46200,71700,12800
2085.0,13.4,4046400,54102862.0,13.4,13.39,13.38,13.37,13.36,13.35,13.34,13.33,13.32,13.31,13.41,13.42,13.43,13.44,13.45,13.46,13.47,13.48,13.49,13.5,200,5000,14100,27000,7200,11500,8100,6400,5000,14300,1900,2700,15400,13900,48200,30300,46200,71700,12800,30000
2086.0,13.41,4046500,54104203.0,13.4,13.39,13.38,13.37,13.36,13.35,13.34,13.33,13.32,13.31,13.41,13.42,13.43,13.44,13.45,13.46,13.47,13.48,13.49,13.5,200,5000,14100,27000,7200,11500,8100,6400,5000,14300,1800,2700,15400,13900,48200,30600,46200,71700,12800,30000
2087.0,13.41,4046800,54108226.0,13.4,13.39,13.38,13.37,13.36,13.35,13.34,13.33,13.32,13.31,13.41,13.42,13.43,13.44,13.45,13.46,13.47,13.48,13.49,13.5,200,5000,14100,27000,7200,11500,8100,6400,5000,14300,1500,2700,15400,13900,48200,30600,46200,71300,12800,30000
2088.0,13.4,4047100,54112246.0,13.39,13.38,13.37,13.36,13.35,13.34,13.33,13.32,13.31,13.3,13.4,13.41,13.42,13.43,13.44,13.45,13.46,13.47,13.48,13.49,5100,14100,27000,7200,11500,8100,6400,5000,14300,15200,3700,1500,2700,15400,13900,48200,30600,46200,71300,12800
2089.0,13.4,4047400,54116266.0,13.39,13.38,13.37,13.36,13.35,13.34,13.33,13.32,13.31,13.3,13.4,13.41,13.42,13.43,13.44,13.45,13.46,13.47,13.48,13.49,5100,14100,27000,7200,11500,8100,6400,5000,14300,15200,3400,1500,2700,15400,13900,48200,30600,46200,71300,12800
2090.0,13.4,4047400,54116266.0,13.39,13.38,13.37,13.36,13.35,13.34,13.33,13.32,13.31,13.3,13.4,13.41,13.42,13.43,13.44,13.45,13.46,13.47,13.48,13.49,5100,14100,27000,7200,11500,8100,6400,5000,14300,15200,6200,1500,2700,15400,13900,48200,30600,46200,71300,12800
2091.0,13.4,4047400,54116266.0,13.39,13.38,13.37,13.36,13.35,13.34,13.33,13.32,13.31,13.3,13.4,13.41,13.42,13.43,13.44,13.45,13.46,13.47,13.48,13.49,5100,14100,27000,7200,11500,8100,6400,5000,14300,15200,6200,1500,2700,15400,13900,48200,30600,46200,71300,12800
2092.0,13.39,4054300,54208675.0,13.38,13.37,13.36,13.35,13.34,13.33,13.32,13.31,13.3,13.29,13.39,13.4,13.41,13.42,13.43,13.44,13.45,13.46,13.47,13.48,14500,27000,7200,11500,8100,6400,5000,14300,15200,2300,1800,4400,1500,2700,15400,13900,48200,30600,46200,71300
2093.0,13.39,4054300,54208675.0,13.38,13.37,13.36,13.35,13.34,13.33,13.32,13.31,13.3,13.29,13.39,13.4,13.41,13.42,13.43,13.44,13.45,13.46,13.47,13.48,14700,27000,7200,11500,8100,6400,5000,14300,15200,2300,1800,4400,1500,2700,15400,13900,48200,30600,46200,71300
2094.0,13.39,4054300,54208675.0,13.38,13.37,13.36,13.35,13.34,13.33,13.32,13.31,13.3,13.29,13.39,13.4,13.41,13.42,13.43,13.44,13.45,13.46,13.47,13.48,14700,27000,7200,11500,8100,6400,5000,14300,15200,2300,1800,4400,1500,2700,15400,13900,48200,30600,46200,71300
2095.0,13.39,4054400,54210014.0,13.38,13.37,13.36,13.35,13.34,13.33,13.32,13.31,13.3,13.29,13.39,13.4,13.41,13.42,13.43,13.44,13.45,13.46,13.47,13.48,14700,27000,7200,11500,8100,6400,5000,14300,15200,2300,1700,4400,1500,2700,15400,13900,48200,30600,47500,71300
2096.0,13.39,4054400,54210014.0,13.38,13.37,13.36,13.35,13.34,13.33,13.32,13.31,13.3,13.29,13.39,13.4,13.41,13.42,13.43,13.44,13.45,13.46,13.47,13.48,14700,27000,7200,11500,8100,6400,5000,14300,15200,2300,1700,4400,1500,2700,15400,13900,49200,30600,47500,71300
2097.0,13.39,4056700,54240811.0,13.39,13.38,13.37,13.36,13.35,13.34,13.33,13.32,13.31,13.3,13.4,13.41,13.42,13.43,13.44,13.45,13.46,13.47,13.48,13.49,11200,14700,27000,7200,11500,8100,6400,5000,14300,15200,4400,1500,2700,15400,13900,49200,30600,47500,71300,12800
2098.0,13.39,4056700,54240811.0,13.39,13.38,13.37,13.36,13.35,13.34,13.33,13.32,13.31,13.3,13.4,13.41,13.42,13.43,13.44,13.45,13.46,13.47,13.48,13.49,11300,14700,27400,7200,11500,8100,6400,5000,14300,15700,4400,1500,3700,15400,13900,49200,30600,47500,71300,12800
2099.0,13.39,4057400,54250184.0,13.39,13.38,13.37,13.36,13.35,13.34,13.33,13.32,13.31,13.3,13.4,13.41,13.42,13.43,13.44,13.45,13.46,13.47,13.48,13.49,10600,14700,27400,7200,11500,8100,6400,5000,14300,15700,4400,1500,3700,15400,13900,49200,30600,47500,71300,12800
2100.0,13.39,4058200,54260900.0,13.39,13.38,13.37,13.36,13.35,13.34,13.33,13.32,13.31,13.3,13.4,13.41,13.42,13.43,13.44,13.45,13.46,13.47,13.48,13.49,10200,14700,27400,7200,11500,8100,6400,5000,14300,15700,4000,1500,3700,15400,13900,49200,30600,47500,71300,12800
2101.0,13.39,4058700,54267595.0,13.39,13.38,13.37,13.36,13.35,13.34,13.33,13.32,13.31,13.3,13.4,13.41,13.42,13.43,13.44,13.45,13.46,13.47,13.48,13.49,9700,14700,27400,7200,11500,8100,6400,5000,14300,15700,4000,1500,3700,15400,13900,49200,30600,47500,71300,12800
2102.0,13.39,4058700,54267595.0,13.39,13.38,13.37,13.36,13.35,13.34,13.33,13.32,13.31,13.3,13.4,13.41,13.42,13.43,13.44,13.45,13.46,13.47,13.48,13.49,9700,14700,27400,7200,11500,8100,6400,5000,14300,15700,4000,1500,3700,15400,13900,49200,30600,47500,71300,12800
2103.0,13.39,4060400,54290370.0,13.39,13.38,13.37,13.36,13.35,13.34,13.33,13.32,13.31,13.3,13.4,13.41,13.42,13.43,13.44,13.45,13.46,13.47,13.48,13.49,9200,14700,27400,7200,11500,8100,6400,5000,14300,15700,2800,1500,3700,15400,13900,49200,30600,47500,71300,12800
2104.0,13.39,4064800,54349306.0,13.39,13.38,13.37,13.36,13.35,13.34,13.33,13.32,13.31,13.3,13.4,13.41,13.42,13.43,13.44,13.45,13.46,13.47,13.48,13.49,6800,14700,27400,7200,11500,8100,6400,5000,14300,15700,800,1500,3700,15400,13900,49200,30600,47500,71300,12800
2105.0,13.39,4064800,54349306.0,13.39,13.38,13.37,13.36,13.35,13.34,13.33,13.32,13.31,13.3,13.4,13.41,13.42,13.43,13.44,13.45,13.46,13.47,13.48,13.49,6800,14700,27400,7200,11500,8100,6400,5000,14300,15700,5300,1500,3700,15400,13900,49200,30600,47500,70300,12800
2106.0,13.39,4065900,54364040.0,13.39,13.38,13.37,13.36,13.35,13.34,13.33,13.32,13.31,13.3,13.4,13.41,13.42,13.43,13.44,13.45,13.46,13.47,13.48,13.49,6200,14700,27400,7200,11500,8100,6400,5000,14300,15700,4800,1500,3700,15400,13900,49200,30600,47500,70300,12800
2107.0,13.39,4065900,54364040.0,13.39,13.38,13.37,13.36,13.35,13.34,13.33,13.32,13.31,13.3,13.4,13.41,13.42,13.43,13.44,13.45,13.46,13.47,13.48,13.49,6200,14700,27400,7200,11500,8100,6400,5000,14300,15700,4800,1500,3700,15400,13900,49200,30600,47500,70300,12800
2108.0,13.39,4073700,54468498.0,13.38,13.37,13.36,13.35,13.34,13.33,13.32,13.31,13.3,13.29,13.39,13.4,13.41,13.42,13.43,13.44,13.45,13.46,13.47,13.48,14700,27400,7200,11500,8100,6400,5000,14300,15700,2300,4000,3200,1500,3700,15400,13900,49200,30600,47500,70300
2109.0,13.39,4076200,54501973.0,13.38,13.37,13.36,13.35,13.34,13.33,13.32,13.31,13.3,13.29,13.39,13.4,13.41,13.42,13.43,13.44,13.45,13.46,13.47,13.48,14300,27400,7200,11500,8100,6400,5000,14300,15700,2300,1500,3200,1500,3700,15400,13900,49200,30600,47500,70300
2110.0,13.39,4076200,54501973.0,13.38,13.37,13.36,13.35,13.34,13.33,13.32,13.31,13.3,13.29,13.39,13.4,13.41,13.42,13.43,13.44,13.45,13.46,13.47,13.48,14300,27400,7200,11500,8100,6400,5000,14300,15700,2300,1500,4100,1500,3700,15400,13900,49200,30600,47500,70300
2111.0,13.39,4076400,54504651.0,13.38,13.37,13.36,13.35,13.34,13.33,13.32,13.31,13.3,13.29,13.39,13.4,13.41,13.42,13.43,13.44,13.45,13.46,13.47,13.48,14300,27400,7200,11700,8100,6400,5000,14300,15700,2300,1500,4100,1500,3700,15400,13900,49200,30600,47500,70300
2112.0,13.39,4076400,54504651.0,13.38,13.37,13.36,13.35,13.34,13.33,13.32,13.31,13.3,13.29,13.39,13.4,13.41,13.42,13.43,13.44,13.45,13.46,13.47,13.48,14400,27400,7200,11700,8100,6400,5000,14300,15700,2300,2100,4100,1500,3700,15400,13900,49200,30600,47500,70300
2113.0,13.39,4076400,54504651.0,13.38,13.37,13.36,13.35,13.34,13.33,13.32,13.31,13.3,13.29,13.39,13.4,13.41,13.42,13.43,13.44,13.45,13.46,13.47,13.48,14400,27400,7200,11700,8100,6400,5000,14300,15700,2300,2100,4100,1500,3700,15400,13900,49200,30600,48000,70300
2114.0,13.38,4077100,54514017.0,13.38,13.37,13.36,13.35,13.34,13.33,13.32,13.31,13.3,13.29,13.39,13.4,13.41,13.42,13.43,13.44,13.45,13.46,13.47,13.48,13700,27400,7200,11700,8100,6400,5000,14300,15700,2300,2100,4100,1500,3700,15400,13900,49200,30600,48000,70300
2115.0,13.39,4077700,54522051.0,13.38,13.37,13.36,13.35,13.34,13.33,13.32,13.31,13.3,13.29,13.39,13.4,13.41,13.42,13.43,13.44,13.45,13.46,13.47,13.48,13700,27400,7200,11700,8100,6400,5000,14300,15700,2300,1500,4100,1500,3700,15400,13900,49200,30600,48000,70300
2116.0,13.39,4081300,54570239.0,13.38,13.37,13.36,13.35,13.34,13.33,13.32,13.31,13.3,13.29,13.39,13.4,13.41,13.42,13.43,13.44,13.45,13.46,13.47,13.48,12100,27400,7200,11700,8100,6400,5000,14300,15700,2300,200,4100,1500,3700,15400,13900,49200,30600,48000,70300
2117.0,13.39,4081300,54570239.0,13.38,13.37,13.36,13.35,13.34,13.33,13.32,13.31,13.3,13.29,13.39,13.4,13.41,13.42,13.43,13.44,13.45,13.46,13.47,13.48,12100,27400,7200,11700,8100,6400,5000,14300,15700,2300,200,4100,1500,3700,15400,13900,49200,30600,48000,70300
2118.0,13.39,4081300,54570239.0,13.38,13.37,13.36,13.35,13.34,13.33,13.32,13.31,13.3,13.29,13.39,13.4,13.41,13.42,13.43,13.44,13.45,13.46,13.47,13.48,12100,27400,7200,11500,8100,6400,5000,14300,15700,2300,200,4100,1500,3700,15400,13900,49200,30600,48000,70300
2119.0,13.39,4081300,54570239.0,13.38,13.37,13.36,13.35,13.34,13.33,13.32,13.31,13.3,13.29,13.39,13.4,13.41,13.42,13.43,13.44,13.45,13.46,13.47,13.48,12100,27400,7200,11500,8100,6400,5000,14300,15700,2300,200,4100,1500,3700,15400,13900,49200,30600,48000,70300
2120.0,13.39,4081500,54572917.0,13.39,13.38,13.37,13.36,13.35,13.34,13.33,13.32,13.31,13.3,13.4,13.41,13.42,13.43,13.44,13.45,13.46,13.47,13.48,13.49,2100,12100,27400,7200,11500,8100,6400,5000,14300,15700,4100,1500,3700,15400,13900,49200,30600,48000,70300,12800
2121.0,13.4,4082100,54580955.0,13.39,13.38,13.37,13.36,13.35,13.34,13.33,13.32,13.31,13.3,13.4,13.41,13.42,13.43,13.44,13.45,13.46,13.47,13.48,13.49,1900,12100,27400,7200,11500,8100,6400,5000,14300,15700,3700,1500,3700,15400,13900,49200,30600,48000,70300,12800
2122.0,13.39,4086000,54633212.0,13.39,13.38,13.37,13.36,13.35,13.34,13.33,13.32,13.31,13.3,13.4,13.41,13.42,13.43,13.44,13.45,13.46,13.47,13.48,13.49,1600,12100,27900,7200,11500,8100,6400,5000,14300,15700,100,1500,3700,15400,13900,49200,30600,48000,70300,12800
2123.0,13.39,4086000,54633212.0,13.39,13.38,13.37,13.36,13.35,13.34,13.33,13.32,13.31,13.3,13.4,13.41,13.42,13.43,13.44,13.45,13.46,13.47,13.48,13.49,1600,12100,27900,7200,11500,8100,6400,5000,14300,15700,900,1500,3700,15400,13900,49200,30600,48000,70300,12800
2124.0,13.41,4087300,54650636.0,13.39,13.38,13.37,13.36,13.35,13.34,13.33,13.32,13.31,13.3,13.41,13.42,13.43,13.44,13.45,13.46,13.47,13.48,13.49,13.5,1600,12100,27900,7200,11500,8100,6400,5000,14300,15700,1100,3700,15400,13900,49200,30600,48000,70300,12800,30000
2125.0,13.41,4087300,54650636.0,13.39,13.38,13.37,13.36,13.35,13.34,13.33,13.32,13.31,13.3,13.41,13.42,13.43,13.44,13.45,13.46,13.47,13.48,13.49,13.5,1900,12100,27900,7200,11500,8100,6400,5000,14300,15700,1100,3700,15400,13900,49200,30600,48000,70300,12800,30000
2126.0,13.39,4088000,54660015.0,13.39,13.38,13.37,13.36,13.35,13.34,13.33,13.32,13.31,13.3,13.41,13.42,13.43,13.44,13.45,13.46,13.47,13.48,13.49,13.5,5200,12100,27900,7200,11500,8100,6400,5000,14300,15700,1700,3700,15400,13900,49200,30600,48000,70300,12800,30000
2127.0,13.39,4088000,54660015.0,13.39,13.38,13.37,13.36,13.35,13.34,13.33,13.32,13.31,13.3,13.41,13.42,13.43,13.44,13.45,13.46,13.47,13.48,13.49,13.5,8900,12100,28300,7200,11500,8100,6400,5000,14300,15700,2700,3700,15400,13900,49200,30600,48000,70300,12800,30000
2128.0,13.39,4088700,54669388.0,13.39,13.38,13.37,13.36,13.35,13.34,13.33,13.32,13.31,13.3,13.41,13.42,13.43,13.44,13.45,13.46,13.47,13.48,13.49,13.5,9100,12100,28300,7200,11500,8100,6400,5000,14300,15700,3600,3700,15400,13900,49200,30600,48000,70300,12800,30000
2129.0,13.41,4089200,54676093.0,13.39,13.38,13.37,13.36,13.35,13.34,13.33,13.32,13.31,13.3,13.41,13.42,13.43,13.44,13.45,13.46,13.47,13.48,13.49,13.5,11900,12100,28300,7200,11500,8100,6400,5000,14300,15700,4100,3700,15400,13900,49200,30600,48000,70300,12800,30000
2130.0,13.41,4089200,54676093.0,13.4,13.39,13.38,13.37,13.36,13.35,13.34,13.33,13.32,13.31,13.41,13.42,13.43,13.44,13.45,13.46,13.47,13.48,13.49,13.5,900,11900,12100,28700,7200,11500,8100,6400,5000,14300,4100,3700,15400,13900,49200,30600,48000,70300,12800,30000
2131.0,13.41,4089200,54676093.0,13.4,13.39,13.38,13.37,13.36,13.35,13.34,13.33,13.32,13.31,13.41,13.42,13.43,13.44,13.45,13.46,13.47,13.48,13.49,13.5,1000,12100,12100,28700,7200,11500,8100,6400,5000,14300,4100,3700,15400,13900,49200,30600,48000,70300,12800,30000
2132.0,13.41,4089600,54681457.0,13.4,13.39,13.38,13.37,13.36,13.35,13.34,13.33,13.32,13.31,13.41,13.42,13.43,13.44,13.45,13.46,13.47,13.48,13.49,13.5,1000,12100,12100,28700,7200,11500,8100,6400,5000,14300,3700,3700,15400,13900,49200,30600,48000,70300,12800,30000
2133.0,13.41,4089600,54681457.0,13.4,13.39,13.38,13.37,13.36,13.35,13.34,13.33,13.32,13.31,13.41,13.42,13.43,13.44,13.45,13.46,13.47,13.48,13.49,13.5,1000,12100,18600,28700,7200,11500,8100,6400,5000,14300,3700,3700,15400,13900,49200,30600,48000,70300,12800,30000
2134.0,13.41,4089900,54685480.0,13.4,13.39,13.38,13.37,13.36,13.35,13.34,13.33,13.32,13.31,13.41,13.42,13.43,13.44,13.45,13.46,13.47,13.48,13.49,13.5,1000,13700,18600,28700,7200,11500,8100,6400,5000,14300,3400,3700,15400,13900,49200,30600,48000,70300,12800,30000
2135.0,13.4,4090000,54686820.0,13.4,13.39,13.38,13.37,13.36,13.35,13.34,13.33,13.32,13.31,13.41,13.42,13.43,13.44,13.45,13.46,13.47,13.48,13.49,13.5,2900,13700,18600,28700,7200,11500,8100,6400,5000,14300,3400,3700,15400,13900,49200,30600,48000,70300,12800,30000
2136.0,13.4,4090000,54686820.0,13.4,13.39,13.38,13.37,13.36,13.35,13.34,13.33,13.32,13.31,13.41,13.42,13.43,13.44,13.45,13.46,13.47,13.48,13.49,13.5,2900,13700,18600,28700,7200,11500,8100,6400,5000,14300,3400,3700,15400,13900,49200,30600,48000,70300,12800,30000
2137.0,13.4,4091000,54700229.0,13.4,13.39,13.38,13.37,13.36,13.35,13.34,13.33,13.32,13.31,13.41,13.42,13.43,13.44,13.45,13.46,13.47,13.48,13.49,13.5,2800,13700,18400,28700,7200,11500,8100,6400,5000,14300,2500,3700,15400,13900,49200,30600,48000,70300,12800,30000
2138.0,13.4,4091000,54700229.0,13.4,13.39,13.38,13.37,13.36,13.35,13.34,13.33,13.32,13.31,13.41,13.42,13.43,13.44,13.45,13.46,13.47,13.48,13.49,13.5,2800,13700,18400,28700,7200,11500,8100,6400,5000,14300,2500,3700,15400,13900,49200,30600,48000,70300,12800,30000
2139.0,13.4,4091000,54700229.0,13.4,13.39,13.38,13.37,13.36,13.35,13.34,13.33,13.32,13.31,13.41,13.42,13.43,13.44,13.45,13.46,13.47,13.48,13.49,13.5,2800,13700,18400,28700,7200,11500,8100,6400,5000,14300,2500,3700,15400,13900,49200,30600,48000,70300,12800,30000
2140.0,13.41,4091200,54702911.0,13.4,13.39,13.38,13.37,13.36,13.35,13.34,13.33,13.32,13.31,13.41,13.42,13.43,13.44,13.45,13.46,13.47,13.48,13.49,13.5,4600,13700,18400,28700,7200,11500,8100,6400,5000,14300,2300,1200,15400,13900,49200,30600,48000,70300,12800,30000
2141.0,13.41,4091200,54702911.0,13.4,13.39,13.38,13.37,13.36,13.35,13.34,13.33,13.32,13.31,13.41,13.42,13.43,13.44,13.45,13.46,13.47,13.48,13.49,13.5,4600,16700,18400,28700,7200,11500,8100,6400,5000,14300,2300,1200,15400,13900,49200,30600,48000,70300,12800,29000
2142.0,13.41,4091800,54710957.0,13.4,13.39,13.38,13.37,13.36,13.35,13.34,13.33,13.32,13.31,13.41,13.42,13.43,13.44,13.45,13.46,13.47,13.48,13.49,13.5,4600,16700,18400,28700,7200,11500,8100,6400,5000,14300,1700,1200,15400,13900,49200,30600,48000,70300,12800,29000
2143.0,13.41,4092300,54717658.0,13.4,13.39,13.38,13.37,13.36,13.35,13.34,13.33,13.32,13.31,13.41,13.42,13.43,13.44,13.45,13.46,13.47,13.48,13.49,13.5,4200,16700,18400,28700,7200,11500,8100,6400,5000,14300,1600,1200,15400,13900,49200,30600,48000,70300,12800,29000
2144.0,13.41,4092300,54717658.0,13.4,13.39,13.38,13.37,13.36,13.35,13.34,13.33,13.32,13.31,13.41,13.42,13.43,13.44,13.45,13.46,13.47,13.48,13.49,13.5,4200,16700,18400,28700,7200,11500,8100,6400,5000,14300,1600,1200,15400,13900,49200,30600,48000,70300,12800,29000
2145.0,13.41,4092400,54718999.0,13.4,13.39,13.38,13.37,13.36,13.35,13.34,13.33,13.32,13.31,13.41,13.42,13.43,13.44,13.45,13.46,13.47,13.48,13.49,13.5,4200,16700,18400,28700,7200,11500,8100,6400,5000,14300,1500,1200,15400,13900,49200,30600,48000,70300,12800,29000
2146.0,13.41,4092400,54718999.0,13.4,13.39,13.38,13.37,13.36,13.35,13.34,13.33,13.32,13.31,13.41,13.42,13.43,13.44,13.45,13.46,13.47,13.48,13.49,13.5,4200,16700,18400,28700,7200,11500,8100,6400,5000,14300,1500,1200,15400,13900,49200,30600,48000,70300,12800,29000
2147.0,13.41,4092400,54718999.0,13.4,13.39,13.38,13.37,13.36,13.35,13.34,13.33,13.32,13.31,13.41,13.42,13.43,13.44,13.45,13.46,13.47,13.48,13.49,13.5,4200,16700,18400,28700,7200,11500,8100,6400,5000,14300,1500,1200,15400,13900,49200,30600,48000,70300,12800,29000
2148.0,13.41,4092800,54724363.0,13.4,13.39,13.38,13.37,13.36,13.35,13.34,13.33,13.32,13.31,13.41,13.42,13.43,13.44,13.45,13.46,13.47,13.48,13.49,13.5,4200,16700,18400,28700,7200,11500,8100,6400,5000,14300,1100,1200,15400,13900,49200,30600,48000,70300,12800,29000
2149.0,13.41,4092800,54724363.0,13.4,13.39,13.38,13.37,13.36,13.35,13.34,13.33,13.32,13.31,13.41,13.42,13.43,13.44,13.45,13.46,13.47,13.48,13.49,13.5,4200,16700,18700,28700,7200,11500,8100,6400,5000,14300,1100,1200,15400,13900,49200,30600,48000,70300,12800,29000
2150.0,13.4,4093700,54736423.0,13.4,13.39,13.38,13.37,13.36,13.35,13.34,13.33,13.32,13.31,13.41,13.42,13.43,13.44,13.45,13.46,13.47,13.48,13.49,13.5,3700,16700,18700,28900,7200,11500,8100,6400,5000,14300,1100,1200,15400,13900,49200,30600,48000,70300,12800,32000
2151.0,13.4,4094800,54751164.0,13.4,13.39,13.38,13.37,13.36,13.35,13.34,13.33,13.32,13.31,13.41,13.42,13.43,13.44,13.45,13.46,13.47,13.48,13.49,13.5,2700,16700,18700,28900,7200,11500,8100,6400,5000,14300,1000,1200,15400,13900,49200,30600,48000,70300,12800,32000
2152.0,13.4,4094800,54751164.0,13.4,13.39,13.38,13.37,13.36,13.35,13.34,13.33,13.32,13.31,13.41,13.42,13.43,13.44,13.45,13.46,13.47,13.48,13.49,13.5,3200,16700,18700,28900,7200,11500,8100,6400,5000,14300,1000,1200,15400,13900,49200,30600,48000,70300,12800,32000
2153.0,13.4,4094800,54751164.0,13.4,13.39,13.38,13.37,13.36,13.35,13.34,13.33,13.32,13.31,13.41,13.42,13.43,13.44,13.45,13.46,13.47,13.48,13.49,13.5,3800,17700,18700,28900,7200,11500,8100,6400,5000,14300,1000,1200,15400,13900,49200,30600,48000,70300,12800,32000
2154.0,13.4,4096100,54768585.0,13.4,13.39,13.38,13.37,13.36,13.35,13.34,13.33,13.32,13.31,13.41,13.42,13.43,13.44,13.45,13.46,13.47,13.48,13.49,13.5,2600,17700,18700,29100,7200,11500,8100,6400,5000,14300,900,1200,15400,13900,49200,33500,48000,70300,12800,32000
2155.0,13.4,4096100,54768585.0,13.4,13.39,13.38,13.37,13.36,13.35,13.34,13.33,13.32,13.31,13.41,13.42,13.43,13.44,13.45,13.46,13.47,13.48,13.49,13.5,2600,17700,18700,29100,7200,11500,8100,6400,5000,14300,900,1200,15400,13900,49200,33500,48000,70300,12800,32000
2156.0,13.4,4096100,54768585.0,13.4,13.39,13.38,13.37,13.36,13.35,13.34,13.33,13.32,13.31,13.41,13.42,13.43,13.44,13.45,13.46,13.47,13.48,13.49,13.5,2600,17500,18700,29100,7200,11500,8100,6400,5000,14300,900,1200,15400,13900,49200,34400,48000,70300,12800,32000
2157.0,13.4,4096100,54768585.0,13.4,13.39,13.38,13.37,13.36,13.35,13.34,13.33,13.32,13.31,13.41,13.42,13.43,13.44,13.45,13.46,13.47,13.48,13.49,13.5,2600,17500,18700,29100,7200,11500,8100,6400,5000,14300,900,1200,15400,13900,49200,34400,48000,70300,12800,32000
2158.0,13.4,4096100,54768585.0,13.4,13.39,13.38,13.37,13.36,13.35,13.34,13.33,13.32,13.31,13.41,13.42,13.43,13.44,13.45,13.46,13.47,13.48,13.49,13.5,2600,17500,18700,29100,7200,11500,8100,6400,5000,14300,900,1200,15400,13900,49200,34400,48000,69300,12800,32000
2159.0,13.41,4096200,54769926.0,13.4,13.39,13.38,13.37,13.36,13.35,13.34,13.33,13.32,13.31,13.41,13.42,13.43,13.44,13.45,13.46,13.47,13.48,13.49,13.5,2700,17500,18700,29100,7200,11500,8100,6400,5000,14300,800,1200,15400,13900,50200,34400,48000,69300,12800,32000
2160.0,13.41,4096200,54769926.0,13.4,13.39,13.38,13.37,13.36,13.35,13.34,13.33,13.32,13.31,13.41,13.42,13.43,13.44,13.45,13.46,13.47,13.48,13.49,13.5,6500,17500,18700,29100,7200,11500,8100,6400,5000,14300,800,1200,15400,13900,50200,34400,48000,69300,12800,32000
2161.0,13.41,4096200,54769926.0,13.4,13.39,13.38,13.37,13.36,13.35,13.34,13.33,13.32,13.31,13.41,13.42,13.43,13.44,13.45,13.46,13.47,13.48,13.49,13.5,6500,17500,18700,29100,7200,11500,8100,6400,5000,14300,800,1200,15400,13900,50200,34400,48000,69300,12800,32000
2162.0,13.41,4096200,54769926.0,13.4,13.39,13.38,13.37,13.36,13.35,13.34,13.33,13.32,13.31,13.41,13.42,13.43,13.44,13.45,13.46,13.47,13.48,13.49,13.5,6700,17500,18700,29100,7200,11500,8100,6400,5000,14300,800,1200,15400,13900,50200,34400,48000,69300,12800,32000
2163.0,13.41,4096200,54769926.0,13.4,13.39,13.38,13.37,13.36,13.35,13.34,13.33,13.32,13.31,13.41,13.42,13.43,13.44,13.45,13.46,13.47,13.48,13.49,13.5,6700,17500,18700,29100,7200,11500,8100,6400,5000,14300,800,1200,15400,13900,50200,34400,48000,69300,12800,32000
2164.0,13.41,4096200,54769926.0,13.4,13.39,13.38,13.37,13.36,13.35,13.34,13.33,13.32,13.31,13.41,13.42,13.43,13.44,13.45,13.46,13.47,13.48,13.49,13.5,6700,17500,18700,29100,7200,11500,8100,6400,5000,14300,800,1200,15400,14700,50200,34400,48000,69300,12800,32000
2165.0,13.41,4096200,54769926.0,13.4,13.39,13.38,13.37,13.36,13.35,13.34,13.33,13.32,13.31,13.41,13.42,13.43,13.44,13.45,13.46,13.47,13.48,13.49,13.5,6700,17500,18700,29100,7200,11500,8100,6400,5000,14300,800,1200,15400,14700,50200,34400,48000,69300,12800,32000
2166.0,13.41,4097000,54780654.0,13.41,13.4,13.39,13.38,13.37,13.36,13.35,13.34,13.33,13.32,13.42,13.43,13.44,13.45,13.46,13.47,13.48,13.49,13.5,13.51,4700,6700,17500,18700,29100,7200,11500,8100,6400,5000,1000,15400,14700,50200,34400,48000,69300,12800,32000,1100
2167.0,13.42,4097100,54781996.0,13.41,13.4,13.39,13.38,13.37,13.36,13.35,13.34,13.33,13.32,13.42,13.43,13.44,13.45,13.46,13.47,13.48,13.49,13.5,13.51,5500,6700,17500,18700,29600,7200,11500,8100,6400,5000,900,15400,14700,50200,34400,48000,69300,12800,36000,1100
2168.0,13.41,4097300,54784678.0,13.41,13.4,13.39,13.38,13.37,13.36,13.35,13.34,13.33,13.32,13.42,13.43,13.44,13.45,13.46,13.47,13.48,13.49,13.5,13.51,5300,6700,17500,18700,29600,7200,11500,8100,6400,5000,900,15400,14700,50200,34400,48000,69300,12800,36000,1100
2169.0,13.41,4097300,54784678.0,13.41,13.4,13.39,13.38,13.37,13.36,13.35,13.34,13.33,13.32,13.42,13.43,13.44,13.45,13.46,13.47,13.48,13.49,13.5,13.51,5300,6700,17500,18700,29600,7200,11500,8100,6400,5000,900,15400,14700,50200,34400,48000,69300,12800,36000,1100
2170.0,13.42,4097400,54786020.0,13.41,13.4,13.39,13.38,13.37,13.36,13.35,13.34,13.33,13.32,13.42,13.43,13.44,13.45,13.46,13.47,13.48,13.49,13.5,13.51,5700,8100,17500,18700,29400,7200,11500,8100,6400,5000,800,15400,14700,50200,34400,48000,69300,12800,36000,1100
2171.0,13.41,4101400,54839660.0,13.41,13.4,13.39,13.38,13.37,13.36,13.35,13.34,13.33,13.32,13.42,13.43,13.44,13.45,13.46,13.47,13.48,13.49,13.5,13.51,1900,10100,17500,18700,29400,7200,11500,8100,6400,5000,800,15400,14700,50200,34400,48000,69300,12800,36000,1100
2172.0,13.41,4101400,54839660.0,13.41,13.4,13.39,13.38,13.37,13.36,13.35,13.34,13.33,13.32,13.42,13.43,13.44,13.45,13.46,13.47,13.48,13.49,13.5,13.51,1900,10600,17500,18700,29400,7200,11500,8100,6400,5000,800,15400,14700,50200,34400,48000,69300,12800,36000,1100
2173.0,13.41,4101500,54841001.0,13.41,13.4,13.39,13.38,13.37,13.36,13.35,13.34,13.33,13.32,13.42,13.43,13.44,13.45,13.46,13.47,13.48,13.49,13.5,13.51,1800,10600,17500,18700,29400,7200,11500,8100,6400,5000,800,15500,14700,50200,34400,48000,69300,12800,36000,1100
2174.0,13.41,4101500,54841001.0,13.41,13.4,13.39,13.38,13.37,13.36,13.35,13.34,13.33,13.32,13.42,13.43,13.44,13.45,13.46,13.47,13.48,13.49,13.5,13.51,1800,10600,17500,18700,29400,7200,11400,8100,6400,5000,800,15500,14700,50200,34400,48000,69300,12800,36000,1100
2175.0,13.41,4101500,54841001.0,13.41,13.4,13.39,13.38,13.37,13.36,13.35,13.34,13.33,13.32,13.42,13.43,13.44,13.45,13.46,13.47,13.48,13.49,13.5,13.51,1800,14800,17500,18700,29400,7200,11400,8100,6400,5000,1600,15500,14700,50200,34400,48000,69300,12800,36000,1100
2176.0,13.42,4101600,54842343.0,13.41,13.4,13.39,13.38,13.37,13.36,13.35,13.34,13.33,13.32,13.42,13.43,13.44,13.45,13.46,13.47,13.48,13.49,13.5,13.51,1800,15000,17500,18700,29400,7200,11400,8100,6400,5000,1500,15500,14700,50200,34400,48000,69300,12800,36000,1100
2177.0,13.42,4101600,54842343.0,13.41,13.4,13.39,13.38,13.37,13.36,13.35,13.34,13.33,13.32,13.42,13.43,13.44,13.45,13.46,13.47,13.48,13.49,13.5,13.51,1800,15000,17500,18700,29400,7200,11400,8100,6400,5000,1500,15500,14700,50200,34400,48000,69300,12800,36000,1100
2178.0,13.42,4101600,54842343.0,13.41,13.4,13.39,13.38,13.37,13.36,13.35,13.34,13.33,13.32,13.42,13.43,13.44,13.45,13.46,13.47,13.48,13.49,13.5,13.51,2100,15000,17500,18700,29400,7200,11400,8100,6400,5000,1500,15500,14700,50200,34400,48000,69300,12800,36000,1100
2179.0,13.42,4101700,54843685.0,13.41,13.4,13.39,13.38,13.37,13.36,13.35,13.34,13.33,13.32,13.42,13.43,13.44,13.45,13.46,13.47,13.48,13.49,13.5,13.51,2100,15000,17500,18700,29200,7200,11400,8100,6400,5000,1900,15900,14700,50200,34400,48000,69300,12800,36000,1100
2180.0,13.41,4102900,54859777.0,13.41,13.4,13.39,13.38,13.37,13.36,13.35,13.34,13.33,13.32,13.42,13.43,13.44,13.45,13.46,13.47,13.48,13.49,13.5,13.51,900,15000,17500,18700,29200,7200,11400,8100,6400,5000,1900,15900,14700,49900,34400,48000,69300,12800,36000,1100
2181.0,13.4,4104500,54881232.0,13.4,13.39,13.38,13.37,13.36,13.35,13.34,13.33,13.32,13.31,13.42,13.43,13.44,13.45,13.46,13.47,13.48,13.49,13.5,13.51,15600,17500,18700,29200,7200,11400,8100,6400,5000,14300,1600,15900,14700,49900,34400,48000,69300,12800,36000,1100
2182.0,13.42,4104600,54882574.0,13.4,13.39,13.38,13.37,13.36,13.35,13.34,13.33,13.32,13.31,13.42,13.43,13.44,13.45,13.46,13.47,13.48,13.49,13.5,13.51,15900,17500,18700,29200,7200,11400,8100,6400,5000,14300,1800,15900,14700,49900,34400,48000,69300,12800,36000,1100
2183.0,13.42,4104600,54882574.0,13.41,13.4,13.39,13.38,13.37,13.36,13.35,13.34,13.33,13.32,13.42,13.43,13.44,13.45,13.46,13.47,13.48,13.49,13.5,13.51,1400,16700,17500,18700,29200,7200,11400,8100,6400,5000,2000,15900,14700,49900,34400,48000,69300,12800,36000,1100
2184.0,13.42,4104600,54882574.0,13.41,13.4,13.39,13.38,13.37,13.36,13.35,13.34,13.33,13.32,13.42,13.43,13.44,13.45,13.46,13.47,13.48,13.49,13.5,13.51,1900,17300,17500,18700,29200,7200,11400,8100,6400,5000,2000,15900,14700,49900,34400,48000,69300,12800,36000,1100
2185.0,13.4,4117600,55056793.0,13.4,13.39,13.38,13.37,13.36,13.35,13.34,13.33,13.32,13.31,13.42,13.43,13.44,13.45,13.46,13.47,13.48,13.49,13.5,13.51,6200,17500,18700,29200,7200,11400,8100,6400,5000,14300,2000,15900,14700,49900,34400,48000,69300,12800,36000,1100
2186.0,13.4,4117600,55056793.0,13.4,13.39,13.38,13.37,13.36,13.35,13.34,13.33,13.32,13.31,13.42,13.43,13.44,13.45,13.46,13.47,13.48,13.49,13.5,13.51,7900,17500,18800,29200,7200,11400,8100,6400,5000,14300,2700,15900,14700,49900,34400,48000,69300,12800,36000,1100
2187.0,13.4,4117600,55056793.0,13.4,13.39,13.38,13.37,13.36,13.35,13.34,13.33,13.32,13.31,13.42,13.43,13.44,13.45,13.46,13.47,13.48,13.49,13.5,13.51,8100,17500,18800,29200,7200,11400,8100,6400,5000,14300,2700,15900,13900,49900,34400,48000,69300,12800,36000,1100
2188.0,13.4,4117600,55056793.0,13.4,13.39,13.38,13.37,13.36,13.35,13.34,13.33,13.32,13.31,13.42,13.43,13.44,13.45,13.46,13.47,13.48,13.49,13.5,13.51,8100,17500,18800,29200,7200,11400,8100,6400,5000,14300,2700,15900,13900,49900,34400,48000,69300,12800,36000,1100
2189.0,13.4,4117600,55056793.0,13.4,13.39,13.38,13.37,13.36,13.35,13.34,13.33,13.32,13.31,13.42,13.43,13.44,13.45,13.46,13.47,13.48,13.49,13.5,13.51,8800,17500,18800,29200,7200,11400,8100,6400,5000,14300,3300,15900,13900,49900,34400,48000,69300,12800,36000,1100
2190.0,13.4,4117600,55056793.0,13.4,13.39,13.38,13.37,13.36,13.35,13.34,13.33,13.32,13.31,13.42,13.43,13.44,13.45,13.46,13.47,13.48,13.49,13.5,13.51,8800,17500,18800,29200,7200,11400,8100,6400,5000,14300,3300,15900,13900,49900,34400,48000,69300,12800,36000,1100
2191.0,13.4,4117600,55056793.0,13.4,13.39,13.38,13.37,13.36,13.35,13.34,13.33,13.32,13.31,13.42,13.43,13.44,13.45,13.46,13.47,13.48,13.49,13.5,13.51,9300,17500,18800,29200,7200,11400,8100,6400,5000,14300,3700,15900,13900,49900,34400,48000,69300,12800,36000,1100
2192.0,13.42,4119900,55087659.0,13.4,13.39,13.38,13.37,13.36,13.35,13.34,13.33,13.32,13.31,13.42,13.43,13.44,13.45,13.46,13.47,13.48,13.49,13.5,13.51,9500,17500,18800,29200,7200,11400,8100,6400,5000,14300,1600,15900,13900,49900,34400,48000,69300,12800,36000,1100
2193.0,13.4,4120600,55097039.0,13.4,13.39,13.38,13.37,13.36,13.35,13.34,13.33,13.32,13.31,13.42,13.43,13.44,13.45,13.46,13.47,13.48,13.49,13.5,13.51,9100,17500,18800,29200,7200,11400,8100,6400,5000,14300,1600,15900,13900,51600,34400,48000,69300,12800,36000,1100
2194.0,13.4,4120600,55097039.0,13.4,13.39,13.38,13.37,13.36,13.35,13.34,13.33,13.32,13.31,13.41,13.42,13.43,13.44,13.45,13.46,13.47,13.48,13.49,13.5,14000,17500,18800,29200,7200,11400,8100,6400,5000,14300,500,2300,15900,13900,51600,34100,48000,69300,12800,36000
2195.0,13.4,4121700,55111779.0,13.4,13.39,13.38,13.37,13.36,13.35,13.34,13.33,13.32,13.31,13.41,13.42,13.43,13.44,13.45,13.46,13.47,13.48,13.49,13.5,12900,17600,18800,29200,7200,11400,8100,6400,5000,14300,500,2300,15900,13900,51600,34100,48000,69300,12800,36000
2196.0,13.4,4121700,55111779.0,13.4,13.39,13.38,13.37,13.36,13.35,13.34,13.33,13.32,13.31,13.41,13.42,13.43,13.44,13.45,13.46,13.47,13.48,13.49,13.5,12900,17600,18800,29200,7200,11400,8100,6400,5000,14300,500,2300,15900,13900,51600,34100,48000,69300,12800,36000
2197.0,13.4,4122400,55121159.0,13.4,13.39,13.38,13.37,13.36,13.35,13.34,13.33,13.32,13.31,13.41,13.42,13.43,13.44,13.45,13.46,13.47,13.48,13.49,13.5,27200,17600,18800,29200,7200,11400,8100,6400,5000,14300,1000,2300,15900,13900,51600,34100,48000,69300,12800,36000
2198.0,13.4,4122400,55121159.0,13.4,13.39,13.38,13.37,13.36,13.35,13.34,13.33,13.32,13.31,13.41,13.42,13.43,13.44,13.45,13.46,13.47,13.48,13.49,13.5,27200,17600,18800,29200,7200,11400,8100,6400,5000,14300,1000,2300,15900,13900,51600,34100,48000,69300,11900,36000
2199.0,13.4,4122400,55121159.0,13.4,13.39,13.38,13.37,13.36,13.35,13.34,13.33,13.32,13.31,13.41,13.42,13.43,13.44,13.45,13.46,13.47,13.48,13.49,13.5,27200,17600,18800,29200,8200,11400,8100,6400,5000,14300,1000,2300,15900,13900,51600,34100,48000,69300,11900,36000
2200.0,13.41,4123600,55137244.0,13.4,13.39,13.38,13.37,13.36,13.35,13.34,13.33,13.32,13.31,13.41,13.42,13.43,13.44,13.45,13.46,13.47,13.48,13.49,13.5,27100,17600,18800,29200,8200,11400,8100,6400,5000,14300,500,2300,15900,13900,51400,34100,48000,69300,11900,36000
2201.0,13.41,4124300,55146629.0,13.41,13.4,13.39,13.38,13.37,13.36,13.35,13.34,13.33,13.32,13.42,13.43,13.44,13.45,13.46,13.47,13.48,13.49,13.5,13.51,1100,27500,17600,18800,29200,8200,11400,8100,6400,5000,2300,15900,13900,51400,34100,48000,69300,11900,36000,1100
2202.0,13.41,4124300,55146629.0,13.41,13.4,13.39,13.38,13.37,13.36,13.35,13.34,13.33,13.32,13.42,13.43,13.44,13.45,13.46,13.47,13.48,13.49,13.5,13.51,1100,27500,17600,18800,29200,8200,11400,8100,6400,5000,2300,15900,13900,51400,34100,48000,69300,11900,36000,1100
2203.0,13.42,4125100,55157364.0,13.41,13.4,13.39,13.38,13.37,13.36,13.35,13.34,13.33,13.32,13.42,13.43,13.44,13.45,13.46,13.47,13.48,13.49,13.5,13.51,1000,27500,17600,18800,30000,8200,11400,8100,6400,5000,1600,15900,13900,51400,34100,48000,69300,11900,36000,1100
2204.0,13.42,4125100,55157364.0,13.41,13.4,13.39,13.38,13.37,13.36,13.35,13.34,13.33,13.32,13.42,13.43,13.44,13.45,13.46,13.47,13.48,13.49,13.5,13.51,1100,28300,17600,18800,30000,8200,11400,8100,6400,5000,1600,15900,13900,52300,34100,48000,69300,11900,36000,1100
2205.0,13.42,4125100,55157364.0,13.41,13.4,13.39,13.38,13.37,13.36,13.35,13.34,13.33,13.32,13.42,13.43,13.44,13.45,13.46,13.47,13.48,13.49,13.5,13.51,1100,28300,17600,18800,30000,8200,11400,8100,6400,5000,1600,15900,13900,52300,34100,48000,69300,11900,36000,1100
2206.0,13.41,4125200,55158705.0,13.41,13.4,13.39,13.38,13.37,13.36,13.35,13.34,13.33,13.32,13.42,13.43,13.44,13.45,13.46,13.47,13.48,13.49,13.5,13.51,1000,28300,17600,18800,30000,8200,11400,8100,6400,5000,1600,15900,13900,52300,34100,48000,69300,11900,36000,1100
2207.0,13.41,4125300,55160046.0,13.41,13.4,13.39,13.38,13.37,13.36,13.35,13.34,13.33,13.32,13.42,13.43,13.44,13.45,13.46,13.47,13.48,13.49,13.5,13.51,900,28300,17600,18800,30000,8200,11400,8100,6400,5000,1600,15900,13900,52300,34100,48000,69300,11900,36000,1100
2208.0,13.41,4125300,55160046.0,13.41,13.4,13.39,13.38,13.37,13.36,13.35,13.34,13.33,13.32,13.42,13.43,13.44,13.45,13.46,13.47,13.48,13.49,13.5,13.51,2300,28300,17600,18800,30000,8200,11400,8100,6400,5000,1600,15900,13900,53300,34100,48000,69300,11900,36000,1100
2209.0,13.41,4125300,55160046.0,13.41,13.4,13.39,13.38,13.37,13.36,13.35,13.34,13.33,13.32,13.42,13.43,13.44,13.45,13.46,13.47,13.48,13.49,13.5,13.51,9500,28300,18300,18800,30000,8200,11400,8100,6400,5000,1600,19100,13900,53300,34100,48000,69300,11900,36000,1100
2210.0,13.41,4125300,55160046.0,13.41,13.4,13.39,13.38,13.37,13.36,13.35,13.34,13.33,13.32,13.42,13.43,13.44,13.45,13.46,13.47,13.48,13.49,13.5,13.51,9500,28300,18300,18800,30000,8200,11400,8100,6400,5000,1600,19100,13900,53300,34100,48000,69300,11900,36000,1100
2211.0,13.41,4126000,55169433.0,13.41,13.4,13.39,13.38,13.37,13.36,13.35,13.34,13.33,13.32,13.42,13.43,13.44,13.45,13.46,13.47,13.48,13.49,13.5,13.51,8800,31100,18300,18800,30000,8200,11400,8100,6400,5000,1600,19100,13900,53300,34100,48000,69300,11900,36000,1100
2212.0,13.41,4126000,55169433.0,13.41,13.4,13.39,13.38,13.37,13.36,13.35,13.34,13.33,13.32,13.42,13.43,13.44,13.45,13.46,13.47,13.48,13.49,13.5,13.51,8800,31100,18300,18800,30000,8200,11400,8100,6400,5000,1600,19100,13900,53300,34100,48000,69300,11900,36000,1100
2213.0,13.41,4127200,55185525.0,13.41,13.4,13.39,13.38,13.37,13.36,13.35,13.34,13.33,13.32,13.42,13.43,13.44,13.45,13.46,13.47,13.48,13.49,13.5,13.51,7600,31100,18300,18800,30000,8200,11400,8100,6400,5000,1600,19100,13900,53300,34100,48000,69300,11900,36000,1100
2214.0,13.41,4127900,55194912.0,13.41,13.4,13.39,13.38,13.37,13.36,13.35,13.34,13.33,13.32,13.42,13.43,13.44,13.45,13.46,13.47,13.48,13.49,13.5,13.51,6900,31100,18300,17000,30000,8200,11400,8100,6400,5000,1600,19100,13900,53300,34100,48000,69300,11900,36000,1100
2215.0,13.42,4128200,55198938.0,13.41,13.4,13.39,13.38,13.37,13.36,13.35,13.34,13.33,13.32,13.42,13.43,13.44,13.45,13.46,13.47,13.48,13.49,13.5,13.51,6900,31100,17300,17000,30000,8200,11400,8100,6400,5000,1300,19100,13900,53300,34100,48000,69300,11900,36000,1100
2216.0,13.42,4129200,55212358.0,13.41,13.4,13.39,13.38,13.37,13.36,13.35,13.34,13.33,13.32,13.42,13.43,13.44,13.45,13.46,13.47,13.48,13.49,13.5,13.51,6900,30500,17300,17000,30000,8200,11400,8100,6400,5000,300,19100,13900,53300,34100,48000,69300,11900,36000,1100
2217.0,13.41,4129800,55220404.0,13.41,13.4,13.39,13.38,13.37,13.36,13.35,13.34,13.33,13.32,13.42,13.43,13.44,13.45,13.46,13.47,13.48,13.49,13.5,13.51,6300,30500,17300,17000,30000,8200,11400,8100,6400,5000,300,19100,13900,53300,34100,48000,69600,11900,36000,1100
2218.0,13.43,4134800,55287551.0,13.41,13.4,13.39,13.38,13.37,13.36,13.35,13.34,13.33,13.32,13.43,13.44,13.45,13.46,13.47,13.48,13.49,13.5,13.51,13.52,6300,30500,17300,17000,30000,8200,11400,8100,6400,5000,14400,13900,53300,34100,48000,69600,11900,36000,1100,12000
2219.0,13.43,4134800,55287551.0,13.41,13.4,13.39,13.38,13.37,13.36,13.35,13.34,13.33,13.32,13.43,13.44,13.45,13.46,13.47,13.48,13.49,13.5,13.51,13.52,7100,30500,17300,17000,30000,8200,11400,8100,6400,5000,14600,13900,53300,34100,48000,69600,11900,36000,1100,12000
2220.0,13.43,4135600,55298281.0,13.41,13.4,13.39,13.38,13.37,13.36,13.35,13.34,13.33,13.32,13.43,13.44,13.45,13.46,13.47,13.48,13.49,13.5,13.51,13.52,7100,31100,17300,17000,30000,8200,11400,8100,6400,5000,15200,13900,53300,35100,48000,69600,11900,36000,1100,12000
2221.0,13.41,4136300,55307668.0,13.41,13.4,13.39,13.38,13.37,13.36,13.35,13.34,13.33,13.32,13.43,13.44,13.45,13.46,13.47,13.48,13.49,13.5,13.51,13.52,6400,31100,17300,17000,30000,8200,11400,8100,6400,5000,15200,13900,53300,35100,48000,69600,11900,36000,1100,12000
2222.0,13.41,4136300,55307668.0,13.42,13.41,13.4,13.39,13.38,13.37,13.36,13.35,13.34,13.33,13.43,13.44,13.45,13.46,13.47,13.48,13.49,13.5,13.51,13.52,1500,8700,31100,17300,17000,30000,8200,11400,8100,6400,15700,13900,53300,35100,48000,69600,11900,36900,1100,12000
2223.0,13.41,4136300,55307668.0,13.42,13.41,13.4,13.39,13.38,13.37,13.36,13.35,13.34,13.33,13.43,13.44,13.45,13.46,13.47,13.48,13.49,13.5,13.51,13.52,1500,8700,31400,17300,17000,30000,8200,11400,8100,6400,15700,13900,53300,35100,48000,69600,11900,36900,1100,12000
2224.0,13.42,4136400,55309010.0,13.42,13.41,13.4,13.39,13.38,13.37,13.36,13.35,13.34,13.33,13.43,13.44,13.45,13.46,13.47,13.48,13.49,13.5,13.51,13.52,2400,8700,36900,17300,17000,30000,8200,11400,8100,6400,15700,12000,53300,35100,48000,69600,11900,36900,1100,12000
2225.0,13.43,4136700,55313039.0,13.42,13.41,13.4,13.39,13.38,13.37,13.36,13.35,13.34,13.33,13.43,13.44,13.45,13.46,13.47,13.48,13.49,13.5,13.51,13.52,2400,8700,36900,17000,17000,30000,8200,11400,8100,6400,15400,12000,53300,35100,48000,69600,11900,36900,1100,12000
2226.0,13.43,4138100,55331841.0,13.42,13.41,13.4,13.39,13.38,13.37,13.36,13.35,13.34,13.33,13.43,13.44,13.45,13.46,13.47,13.48,13.49,13.5,13.51,13.52,2400,8700,36900,14200,17000,30000,8200,11400,8100,6400,14000,12000,53300,34100,48000,69600,11900,36900,1100,12000
2227.0,13.42,4138300,55334525.0,13.42,13.41,13.4,13.39,13.38,13.37,13.36,13.35,13.34,13.33,13.43,13.44,13.45,13.46,13.47,13.48,13.49,13.5,13.51,13.52,2400,8700,36600,14200,17000,30000,8200,11400,8100,6400,14000,12000,53300,34100,48000,69600,11900,36900,1100,12000
2228.0,13.43,4138800,55341240.0,13.42,13.41,13.4,13.39,13.38,13.37,13.36,13.35,13.34,13.33,13.43,13.44,13.45,13.46,13.47,13.48,13.49,13.5,13.51,13.52,2400,8700,36600,14200,17000,30000,8200,11400,8100,6400,13500,12000,53300,34100,48000,69600,11900,36900,1100,12000
2229.0,13.43,4138800,55341240.0,13.42,13.41,13.4,13.39,13.38,13.37,13.36,13.35,13.34,13.33,13.43,13.44,13.45,13.46,13.47,13.48,13.49,13.5,13.51,13.52,3000,10200,36600,14200,17000,30000,8200,11400,8100,6400,13500,12000,53300,34100,48000,69600,11900,36900,1100,12000
2230.0,13.42,4139100,55345266.0,13.42,13.41,13.4,13.39,13.38,13.37,13.36,13.35,13.34,13.33,13.43,13.44,13.45,13.46,13.47,13.48,13.49,13.5,13.51,13.52,2700,10200,37200,11500,17000,30000,8200,11400,8100,6400,13500,12000,53300,34100,48000,69600,11900,36900,1100,12000
2231.0,13.42,4139100,55345266.0,13.42,13.41,13.4,13.39,13.38,13.37,13.36,13.35,13.34,13.33,13.43,13.44,13.45,13.46,13.47,13.48,13.49,13.5,13.51,13.52,2700,10200,37200,11500,17000,30000,8200,11400,8100,6400,13500,12000,53300,34100,48000,67600,11900,36900,1100,12000
2232.0,13.42,4139100,55345266.0,13.42,13.41,13.4,13.39,13.38,13.37,13.36,13.35,13.34,13.33,13.43,13.44,13.45,13.46,13.47,13.48,13.49,13.5,13.51,13.52,2700,10200,37200,11500,17000,30000,8200,11400,8100,6400,13500,12000,53300,34100,48000,67600,11900,36900,1100,12000
2233.0,13.42,4139300,55347950.0,13.42,13.41,13.4,13.39,13.38,13.37,13.36,13.35,13.34,13.33,13.43,13.44,13.45,13.46,13.47,13.48,13.49,13.5,13.51,13.52,2500,10200,37200,11500,17000,30000,8200,11400,8100,6400,13500,12000,53300,34100,48000,67600,11900,36900,1100,12000
2234.0,13.43,4141400,55376153.0,13.42,13.41,13.4,13.39,13.38,13.37,13.36,13.35,13.34,13.33,13.43,13.44,13.45,13.46,13.47,13.48,13.49,13.5,13.51,13.52,2500,10200,37200,11500,17000,30000,8200,11400,8100,6400,11400,12000,53300,34100,48000,67600,11900,36900,1100,12000
2235.0,13.43,4141900,55382868.0,13.42,13.41,13.4,13.39,13.38,13.37,13.36,13.35,13.34,13.33,13.43,13.44,13.45,13.46,13.47,13.48,13.49,13.5,13.51,13.52,2500,10200,37200,11500,17000,30000,8200,11400,8100,6400,10900,12000,53300,34100,48000,67600,11900,36900,1100,12000
2236.0,13.42,4142100,55385552.0,13.42,13.41,13.4,13.39,13.38,13.37,13.36,13.35,13.34,13.33,13.43,13.44,13.45,13.46,13.47,13.48,13.49,13.5,13.51,13.52,2300,13000,37200,11500,17000,30000,8200,11400,8100,6400,10900,12000,53300,34100,48000,67600,11900,36900,1100,12000
2237.0,13.43,4151600,55513137.0,13.42,13.41,13.4,13.39,13.38,13.37,13.36,13.35,13.34,13.33,13.43,13.44,13.45,13.46,13.47,13.48,13.49,13.5,13.51,13.52,2300,13000,37200,11500,17000,30000,8200,11400,8100,6400,1400,12000,53300,34100,48000,67600,11900,36900,1100,12000
2238.0,13.42,4152300,55522531.0,13.42,13.41,13.4,13.39,13.38,13.37,13.36,13.35,13.34,13.33,13.43,13.44,13.45,13.46,13.47,13.48,13.49,13.5,13.51,13.52,1600,13000,37200,11500,17000,30000,8200,11400,8100,6400,1400,12000,53300,34100,48000,67600,11900,36900,1100,12000
2239.0,13.42,4152400,55523873.0,13.42,13.41,13.4,13.39,13.38,13.37,13.36,13.35,13.34,13.33,13.43,13.44,13.45,13.46,13.47,13.48,13.49,13.5,13.51,13.52,1500,13000,37200,11500,17000,30000,8200,11400,8100,6400,1400,12300,53300,34100,48000,67600,11900,36900,1100,12000
2240.0,13.42,4152400,55523873.0,13.42,13.41,13.4,13.39,13.38,13.37,13.36,13.35,13.34,13.33,13.43,13.44,13.45,13.46,13.47,13.48,13.49,13.5,13.51,13.52,1500,13000,37200,11500,17000,30000,8200,11400,8100,6400,1400,12300,53300,34100,48000,67600,11900,36900,1100,12000
2241.0,13.42,4152400,55523873.0,13.42,13.41,13.4,13.39,13.38,13.37,13.36,13.35,13.34,13.33,13.43,13.44,13.45,13.46,13.47,13.48,13.49,13.5,13.51,13.52,1500,13000,37200,11500,17000,30000,8200,11400,8100,6400,1400,12300,53300,34100,48000,67600,11900,36900,1100,12000
2242.0,13.44,4155500,55565521.0,13.43,13.42,13.41,13.4,13.39,13.38,13.37,13.36,13.35,13.34,13.44,13.45,13.46,13.47,13.48,13.49,13.5,13.51,13.52,13.53,1000,1400,13000,37200,11500,17000,30000,8200,11400,8100,10700,53300,34100,48000,67600,11900,36900,1100,12000,4900
2243.0,13.44,4155500,55565521.0,13.43,13.42,13.41,13.4,13.39,13.38,13.37,13.36,13.35,13.34,13.44,13.45,13.46,13.47,13.48,13.49,13.5,13.51,13.52,13.53,1000,1400,13000,37200,11500,17000,30000,8200,11400,8100,10700,53300,34100,48000,67600,11900,36900,1100,12000,4900
2244.0,13.44,4155500,55565521.0,13.43,13.42,13.41,13.4,13.39,13.38,13.37,13.36,13.35,13.34,13.44,13.45,13.46,13.47,13.48,13.49,13.5,13.51,13.52,13.53,1000,1400,13000,37200,11500,17000,30000,8200,11400,8100,10700,53300,34100,48000,67600,11900,36900,1100,12000,4900
2245.0,13.43,4155600,55566864.0,13.43,13.42,13.41,13.4,13.39,13.38,13.37,13.36,13.35,13.34,13.44,13.45,13.46,13.47,13.48,13.49,13.5,13.51,13.52,13.53,900,1400,13000,37200,11500,17000,30000,8200,11400,8100,10700,53300,34100,48000,67600,11900,36900,1100,12000,4900
2246.0,13.44,4156000,55572240.0,13.43,13.42,13.41,13.4,13.39,13.38,13.37,13.36,13.35,13.34,13.44,13.45,13.46,13.47,13.48,13.49,13.5,13.51,13.52,13.53,900,1400,13000,37200,11500,17000,30000,8200,11400,8100,10200,53300,34100,48000,67600,11900,36900,1100,12000,4900
2247.0,13.44,4156000,55572240.0,13.43,13.42,13.41,13.4,13.39,13.38,13.37,13.36,13.35,13.34,13.44,13.45,13.46,13.47,13.48,13.49,13.5,13.51,13.52,13.53,900,1400,13000,37200,11500,17000,30000,8200,11400,8100,10200,53300,34100,48000,67600,11900,36900,1100,12000,4900
2248.0,13.44,4156000,55572240.0,13.43,13.42,13.41,13.4,13.39,13.38,13.37,13.36,13.35,13.34,13.44,13.45,13.46,13.47,13.48,13.49,13.5,13.51,13.52,13.53,900,1400,13000,37200,11500,17000,30000,8200,11400,8100,10200,52300,34100,48000,67600,11900,36900,1100,12000,4900
2249.0,13.44,4161400,55644816.0,13.43,13.42,13.41,13.4,13.39,13.38,13.37,13.36,13.35,13.34,13.44,13.45,13.46,13.47,13.48,13.49,13.5,13.51,13.52,13.53,900,1400,13000,37200,11500,17000,30000,8200,11400,8100,4800,52300,34100,48000,67600,11900,36900,1100,12000,4900
2250.0,13.43,4162300,55656903.0,13.42,13.41,13.4,13.39,13.38,13.37,13.36,13.35,13.34,13.33,13.43,13.44,13.45,13.46,13.47,13.48,13.49,13.5,13.51,13.52,1400,13000,37200,11500,17000,30000,8200,11400,8100,6400,1100,4800,52300,34100,48000,67600,11900,36900,1100,12000
2251.0,13.44,4166300,55710652.0,13.42,13.41,13.4,13.39,13.38,13.37,13.36,13.35,13.34,13.33,13.44,13.45,13.46,13.47,13.48,13.49,13.5,13.51,13.52,13.53,1400,13000,37200,11500,17000,30000,8200,11400,8100,6400,1900,52300,34100,48000,67600,11900,36900,1100,12000,4900
2252.0,13.44,4168400,55738874.0,13.42,13.41,13.4,13.39,13.38,13.37,13.36,13.35,13.34,13.33,13.44,13.45,13.46,13.47,13.48,13.49,13.5,13.51,13.52,13.53,2700,13000,37200,11500,17000,30000,8200,11400,8100,6400,2100,52300,34100,48000,68500,11900,36900,1100,12000,4900
2253.0,13.44,4168400,55738874.0,13.42,13.41,13.4,13.39,13.38,13.37,13.36,13.35,13.34,13.33,13.44,13.45,13.46,13.47,13.48,13.49,13.5,13.51,13.52,13.53,2700,13000,37200,11500,17000,30000,8200,11400,8100,6400,2500,52600,34100,48000,68500,12400,36900,1100,12000,4900
2254.0,13.44,4171800,55784570.0,13.44,13.42,13.41,13.4,13.39,13.38,13.37,13.36,13.35,13.34,13.45,13.46,13.47,13.48,13.49,13.5,13.51,13.52,13.53,13.54,2400,3600,13000,37200,11500,17000,30000,8200,11400,8100,52600,34100,48000,68500,12400,36900,1100,12000,4900,2500
2255.0,13.45,4172300,55791293.0,13.44,13.42,13.41,13.4,13.39,13.38,13.37,13.36,13.35,13.34,13.45,13.46,13.47,13.48,13.49,13.5,13.51,13.52,13.53,13.54,2200,3600,14000,37200,11500,17000,30000,8200,11400,8100,52300,34100,48000,68500,12400,36900,1100,12000,4900,2500
2256.0,13.44,4173200,55803396.0,13.44,13.42,13.41,13.4,13.39,13.38,13.37,13.36,13.35,13.34,13.45,13.46,13.47,13.48,13.49,13.5,13.51,13.52,13.53,13.54,2000,3600,14000,37200,11500,17000,30000,8200,11400,8100,51600,34100,48000,68500,12400,36900,1100,12000,4900,2500
2257.0,13.44,4173200,55803396.0,13.44,13.42,13.41,13.4,13.39,13.38,13.37,13.36,13.35,13.34,13.45,13.46,13.47,13.48,13.49,13.5,13.51,13.52,13.53,13.54,2000,3600,14000,24100,11500,17000,30000,8200,11400,8100,51600,34100,48000,68500,12400,36900,1100,12000,4900,2500
2258.0,13.44,4173400,55806084.0,13.44,13.42,13.41,13.4,13.39,13.38,13.37,13.36,13.35,13.34,13.45,13.46,13.47,13.48,13.49,13.5,13.51,13.52,13.53,13.54,1800,3600,14000,24100,11500,17000,30000,8200,11400,8100,51600,34100,48000,68500,12400,36900,1100,12000,4900,2500
2259.0,13.44,4173400,55806084.0,13.44,13.42,13.41,13.4,13.39,13.38,13.37,13.36,13.35,13.34,13.45,13.46,13.47,13.48,13.49,13.5,13.51,13.52,13.53,13.54,1800,3600,14000,24100,11500,17000,30000,8200,11400,8100,51600,34100,48000,68500,12400,36900,1100,12000,4900,2500
2260.0,13.45,4174800,55824914.0,13.44,13.42,13.41,13.4,13.39,13.38,13.37,13.36,13.35,13.34,13.45,13.46,13.47,13.48,13.49,13.5,13.51,13.52,13.53,13.54,1800,3600,14000,24200,11500,17000,30000,8200,11400,8100,50200,34100,48000,68500,12400,36900,1100,12000,4900,2500
2261.0,13.45,4177900,55866608.0,13.44,13.42,13.41,13.4,13.39,13.38,13.37,13.36,13.35,13.34,13.45,13.46,13.47,13.48,13.49,13.5,13.51,13.52,13.53,13.54,1700,3000,14000,24200,11500,17000,30000,8200,11400,8100,47200,34100,48000,67500,12400,36900,1100,12000,4900,2500
2262.0,13.45,4177900,55866608.0,13.44,13.43,13.42,13.41,13.4,13.39,13.38,13.37,13.36,13.35,13.45,13.46,13.47,13.48,13.49,13.5,13.51,13.52,13.53,13.54,1700,1000,3000,14000,24200,11500,17000,30000,8200,11400,47200,34100,48000,67500,12400,36900,1100,12000,4900,2500
2263.0,13.45,4177900,55866608.0,13.44,13.43,13.42,13.41,13.4,13.39,13.38,13.37,13.36,13.35,13.45,13.46,13.47,13.48,13.49,13.5,13.51,13.52,13.53,13.54,4700,1000,3000,14000,24200,11500,17000,30000,8200,11400,47200,34100,48000,67500,12400,36900,1100,12000,4900,2500
2264.0,13.44,4178700,55877360.0,13.44,13.43,13.42,13.41,13.4,13.39,13.38,13.37,13.36,13.35,13.45,13.46,13.47,13.48,13.49,13.5,13.51,13.52,13.53,13.54,3900,1000,3000,14000,24200,11500,17000,30000,8200,11400,47200,34100,48000,67500,12400,36900,1100,12000,4900,2500
2265.0,13.45,4179200,55884085.0,13.44,13.43,13.42,13.41,13.4,13.39,13.38,13.37,13.36,13.35,13.45,13.46,13.47,13.48,13.49,13.5,13.51,13.52,13.53,13.54,4900,1000,3000,14000,24200,11500,17000,30000,8200,11400,46700,34100,48000,67500,12400,36900,1100,12000,4900,2500
2266.0,13.45,4179200,55884085.0,13.44,13.43,13.42,13.41,13.4,13.39,13.38,13.37,13.36,13.35,13.45,13.46,13.47,13.48,13.49,13.5,13.51,13.52,13.53,13.54,4900,1000,3000,14000,24200,11500,17000,30000,8200,11400,46700,34100,48000,67500,12400,36900,1100,12000,4900,2500
2267.0,13.44,4179600,55889461.0,13.44,13.43,13.42,13.41,13.4,13.39,13.38,13.37,13.36,13.35,13.45,13.46,13.47,13.48,13.49,13.5,13.51,13.52,13.53,13.54,4500,1000,3000,14000,24200,11500,17000,30000,8200,11400,46700,34100,48000,67500,12400,38800,1100,12000,4900,2500
2268.0,13.45,4187000,55988972.0,13.44,13.43,13.42,13.41,13.4,13.39,13.38,13.37,13.36,13.35,13.45,13.46,13.47,13.48,13.49,13.5,13.51,13.52,13.53,13.54,2600,1000,3000,14000,24200,11500,17000,30000,8200,11400,41200,34100,48000,67500,12400,38800,1100,12000,4900,2500
2269.0,13.45,4187000,55988972.0,13.44,13.43,13.42,13.41,13.4,13.39,13.38,13.37,13.36,13.35,13.45,13.46,13.47,13.48,13.49,13.5,13.51,13.52,13.53,13.54,2600,1000,3000,14000,21400,11500,17000,30000,8200,11400,41200,34100,48000,67500,12400,38800,1100,12000,4900,2500
2270.0,13.45,4189900,56027975.0,13.44,13.43,13.42,13.41,13.4,13.39,13.38,13.37,13.36,13.35,13.45,13.46,13.47,13.48,13.49,13.5,13.51,13.52,13.53,13.54,2400,1000,3000,14000,21500,11500,17000,30000,8200,10700,38500,34100,48000,67500,12400,38800,1100,12000,4900,2500
2271.0,13.45,4191800,56053528.0,13.44,13.43,13.42,13.41,13.4,13.39,13.38,13.37,13.36,13.35,13.45,13.46,13.47,13.48,13.49,13.5,13.51,13.52,13.53,13.54,2200,1000,3000,14000,21500,11500,17000,30000,8200,10700,36900,34100,48000,67500,12400,38800,1100,12000,4900,2500
2272.0,13.45,4195200,56099258.0,13.44,13.43,13.42,13.41,13.4,13.39,13.38,13.37,13.36,13.35,13.45,13.46,13.47,13.48,13.49,13.5,13.51,13.52,13.53,13.54,2200,1000,3000,14000,21500,11500,17000,30000,8200,10700,33700,34100,48000,67500,12400,38800,1100,12000,4900,2500
2273.0,13.45,4195600,56104636.0,13.44,13.43,13.42,13.41,13.4,13.39,13.38,13.37,13.36,13.35,13.45,13.46,13.47,13.48,13.49,13.5,13.51,13.52,13.53,13.54,2000,1000,3000,14000,21500,11500,17000,30000,7900,10700,33500,34100,48000,67500,12400,38800,1100,12000,4900,2500
2274.0,13.45,4197500,56130191.0,13.44,13.43,13.42,13.41,13.4,13.39,13.38,13.37,13.36,13.35,13.45,13.46,13.47,13.48,13.49,13.5,13.51,13.52,13.53,13.54,2000,1000,3000,14000,21500,11500,17000,30000,7900,10700,31600,34100,48000,67500,12400,38800,1100,12000,4900,2500
2275.0,13.44,4199500,56157081.0,13.44,13.43,13.42,13.41,13.4,13.39,13.38,13.37,13.36,13.35,13.45,13.46,13.47,13.48,13.49,13.5,13.51,13.52,13.53,13.54,1000,1000,3000,14000,21500,11500,17000,30000,7900,10700,30600,34100,48000,67500,12400,38800,1100,12000,4900,2500
2276.0,13.45,4202800,56201465.0,13.44,13.43,13.42,13.41,13.4,13.39,13.38,13.37,13.36,13.35,13.45,13.46,13.47,13.48,13.49,13.5,13.51,13.52,13.53,13.54,900,1000,3000,14000,21500,11500,17000,30000,7900,10700,27400,34100,47900,67500,12400,38800,1100,12000,4900,2500
2277.0,13.45,4203100,56205500.0,13.44,13.43,13.42,13.41,13.4,13.39,13.38,13.37,13.36,13.35,13.45,13.46,13.47,13.48,13.49,13.5,13.51,13.52,13.53,13.54,900,1000,3000,14000,21500,11500,17000,30000,7900,10700,27100,34100,47900,67500,12400,38800,1100,12000,4900,2500
2278.0,13.45,4205500,56237780.0,13.44,13.43,13.42,13.41,13.4,13.39,13.38,13.37,13.36,13.35,13.45,13.46,13.47,13.48,13.49,13.5,13.51,13.52,13.53,13.54,900,1000,3000,14000,21500,11500,17000,30000,7900,10700,24700,32100,47900,67500,12400,36400,1100,12000,4900,2500
2279.0,13.44,4207800,56268704.0,13.43,13.42,13.41,13.4,13.39,13.38,13.37,13.36,13.35,13.34,13.44,13.45,13.46,13.47,13.48,13.49,13.5,13.51,13.52,13.53,1000,3000,19000,19600,11500,17000,30000,7900,10700,8100,3300,23500,32100,47900,67500,12400,36400,1100,12000,4900
2280.0,13.44,4210900,56310368.0,13.43,13.42,13.41,13.4,13.39,13.38,13.37,13.36,13.35,13.34,13.44,13.45,13.46,13.47,13.48,13.49,13.5,13.51,13.52,13.53,1000,3000,19000,19600,11500,17000,30000,7900,10700,8100,200,23500,32100,47900,67500,12400,36400,1100,12000,4900
2281.0,13.45,4225500,56506736.0,13.43,13.42,13.41,13.4,13.39,13.38,13.37,13.36,13.35,13.34,13.45,13.46,13.47,13.48,13.49,13.5,13.51,13.52,13.53,13.54,1000,3000,19000,20300,11500,17000,30000,7900,10700,8100,9100,32100,47900,67500,12400,36400,1100,12000,4900,2500
2282.0,13.45,4227100,56528250.0,13.43,13.42,13.41,13.4,13.39,13.38,13.37,13.36,13.35,13.34,13.45,13.46,13.47,13.48,13.49,13.5,13.51,13.52,13.53,13.54,700,3000,19000,20300,11500,17000,30000,7900,10700,8100,7800,32100,47900,67500,12400,36400,1100,12000,4900,2500
2283.0,13.45,4227100,56528250.0,13.43,13.42,13.41,13.4,13.39,13.38,13.37,13.36,13.35,13.34,13.45,13.46,13.47,13.48,13.49,13.5,13.51,13.52,13.53,13.54,700,3000,19000,20300,11500,17000,30000,7900,10700,8100,7800,32100,47900,67500,12400,36400,1100,12000,4900,2500
2284.0,13.45,4229200,56556487.0,13.43,13.42,13.41,13.4,13.39,13.38,13.37,13.36,13.35,13.34,13.45,13.46,13.47,13.48,13.49,13.5,13.51,13.52,13.53,13.54,3100,3000,19000,20300,11500,17000,30000,8400,10700,8100,8900,32100,47900,67500,12400,36400,1100,12000,4900,2500
2285.0,13.43,4229500,56560516.0,13.43,13.42,13.41,13.4,13.39,13.38,13.37,13.36,13.35,13.34,13.45,13.46,13.47,13.48,13.49,13.5,13.51,13.52,13.53,13.54,2800,3000,19000,20300,11500,10500,30000,8400,10700,8100,8900,32100,47900,67500,12400,36400,1100,12000,4900,2500
2286.0,13.45,4230900,56579341.0,13.43,13.42,13.41,13.4,13.39,13.38,13.37,13.36,13.35,13.34,13.45,13.46,13.47,13.48,13.49,13.5,13.51,13.52,13.53,13.54,5000,3000,19000,20200,11500,10500,30000,8400,10700,8100,10200,32100,47900,67000,12400,36400,1100,12000,4900,2500
2287.0,13.45,4230900,56579341.0,13.43,13.42,13.41,13.4,13.39,13.38,13.37,13.36,13.35,13.34,13.45,13.46,13.47,13.48,13.49,13.5,13.51,13.52,13.53,13.54,5000,3000,19000,20200,11500,10500,30000,8400,10700,8100,12500,32100,47900,67000,12400,36400,1100,12000,4900,2500
2288.0,13.45,4231500,56587411.0,13.43,13.42,13.41,13.4,13.39,13.38,13.37,13.36,13.35,13.34,13.45,13.46,13.47,13.48,13.49,13.5,13.51,13.52,13.53,13.54,6200,3000,19000,20200,11500,10500,30000,8400,10700,8100,13100,32100,47900,67000,12400,36400,1100,12000,4900,2500
2289.0,13.45,4234400,56626404.0,13.43,13.42,13.41,13.4,13.39,13.38,13.37,13.36,13.35,13.34,13.45,13.46,13.47,13.48,13.49,13.5,13.51,13.52,13.53,13.54,6800,3000,19000,20200,11500,10500,30000,8400,10700,8100,12000,32100,47900,67000,12400,36400,1100,12000,4900,2500
2290.0,13.45,4234400,56626404.0,13.43,13.42,13.41,13.4,13.39,13.38,13.37,13.36,13.35,13.34,13.45,13.46,13.47,13.48,13.49,13.5,13.51,13.52,13.53,13.54,6800,3000,19000,20200,11500,10500,30000,8400,10700,8100,12000,32100,47900,67000,12400,36300,1100,12000,4900,2500
2291.0,13.45,4234400,56626404.0,13.43,13.42,13.41,13.4,13.39,13.38,13.37,13.36,13.35,13.34,13.45,13.46,13.47,13.48,13.49,13.5,13.51,13.52,13.53,13.54,6800,3000,19000,20200,11500,10500,30000,8400,10700,8100,12700,32100,47900,67000,12400,36300,1100,12000,4900,2500
2292.0,13.43,4235600,56642520.0,13.43,13.42,13.41,13.4,13.39,13.38,13.37,13.36,13.35,13.34,13.45,13.46,13.47,13.48,13.49,13.5,13.51,13.52,13.53,13.54,6800,3000,19000,20200,11500,10500,30000,8400,10700,8100,13200,32100,47900,67000,11900,36300,1100,12000,4900,2500
2293.0,13.43,4235600,56642520.0,13.43,13.42,13.41,13.4,13.39,13.38,13.37,13.36,13.35,13.34,13.45,13.46,13.47,13.48,13.49,13.5,13.51,13.52,13.53,13.54,6800,3000,19000,20200,11500,10500,30000,8400,10700,8100,32300,32100,47900,67000,11900,36300,1100,12000,4900,2500
2294.0,13.45,4237500,56668049.0,13.43,13.42,13.41,13.4,13.39,13.38,13.37,13.36,13.35,13.34,13.45,13.46,13.47,13.48,13.49,13.5,13.51,13.52,13.53,13.54,6200,3000,19000,20200,11500,10500,30000,8400,10700,8100,33700,32100,47900,67000,11900,36300,1100,12000,4900,2500
2295.0,13.43,4238100,56676107.0,13.43,13.42,13.41,13.4,13.39,13.38,13.37,13.36,13.35,13.34,13.45,13.46,13.47,13.48,13.49,13.5,13.51,13.52,13.53,13.54,6100,3000,19000,20200,11500,10500,30000,8400,10700,8100,34200,32100,47900,67000,11900,36300,1100,12000,4900,2500
2296.0,13.43,4238100,56676107.0,13.43,13.42,13.41,13.4,13.39,13.38,13.37,13.36,13.35,13.34,13.45,13.46,13.47,13.48,13.49,13.5,13.51,13.52,13.53,13.54,6800,3000,19000,20200,11500,10500,30000,8400,10700,8100,34900,32100,47900,67000,11900,36300,1100,12000,4900,2500
2297.0,13.45,4238400,56680142.0,13.43,13.42,13.41,13.4,13.39,13.38,13.37,13.36,13.35,13.34,13.44,13.45,13.46,13.47,13.48,13.49,13.5,13.51,13.52,13.53,6800,3000,19000,20200,11500,10500,30000,8400,10700,8100,300,35400,32100,47900,67000,11900,36300,1100,12000,4900
2298.0,13.45,4241300,56719132.0,13.43,13.42,13.41,13.4,13.39,13.38,13.37,13.36,13.35,13.34,13.45,13.46,13.47,13.48,13.49,13.5,13.51,13.52,13.53,13.54,6200,3000,19000,20200,11500,10500,30000,8900,10700,8100,34400,32100,47900,67000,11900,36300,1100,12000,4900,2500
2299.0,13.45,4242000,56728535.0,13.43,13.42,13.41,13.4,13.39,13.38,13.37,13.36,13.35,13.34,13.45,13.46,13.47,13.48,13.49,13.5,13.51,13.52,13.53,13.54,6300,3000,19000,20200,11500,10500,30000,8900,10700,8100,35000,32100,47900,67000,11900,36300,1100,12000,4900,2500
2300.0,13.45,4242000,56728535.0,13.43,13.42,13.41,13.4,13.39,13.38,13.37,13.36,13.35,13.34,13.45,13.46,13.47,13.48,13.49,13.5,13.51,13.52,13.53,13.54,6800,3000,19000,20200,11500,10500,30000,8900,10700,8100,35600,32100,47900,67000,11900,36300,1100,12000,4900,2500
2301.0,13.43,4242600,56736593.0,13.43,13.42,13.41,13.4,13.39,13.38,13.37,13.36,13.35,13.34,13.45,13.46,13.47,13.48,13.49,13.5,13.51,13.52,13.53,13.54,9600,3000,19000,20200,11500,10500,30000,8900,10700,8100,35600,32100,47900,67000,11900,36300,1100,12000,4900,2500
2302.0,13.44,4243600,56750033.0,13.43,13.42,13.41,13.4,13.39,13.38,13.37,13.36,13.35,13.34,13.44,13.45,13.46,13.47,13.48,13.49,13.5,13.51,13.52,13.53,10300,3000,19000,20200,11500,10500,30000,8900,10700,8100,2100,36300,32400,47900,67000,11900,36300,1100,12000,4900
2303.0,13.44,4246200,56784970.0,13.43,13.42,13.41,13.4,13.39,13.38,13.37,13.36,13.35,13.34,13.44,13.45,13.46,13.47,13.48,13.49,13.5,13.51,13.52,13.53,9600,6400,19000,20200,11500,10500,30000,8900,10700,8100,200,37000,32400,47900,67000,11900,36300,1100,12000,4900
2304.0,13.43,4246900,56794371.0,13.43,13.42,13.41,13.4,13.39,13.38,13.37,13.36,13.35,13.34,13.44,13.45,13.46,13.47,13.48,13.49,13.5,13.51,13.52,13.53,8900,6400,19000,20200,11500,10500,30000,8900,10700,8100,600,38000,32400,47900,66700,11900,36300,1100,12000,4900
2305.0,13.43,4248300,56813173.0,13.43,13.42,13.41,13.4,13.39,13.38,13.37,13.36,13.35,13.34,13.44,13.45,13.46,13.47,13.48,13.49,13.5,13.51,13.52,13.53,9200,6400,19000,20200,11500,10500,30000,8900,10700,8100,600,39400,32400,47900,66700,11900,36300,1100,12000,4900
2306.0,13.44,4248500,56815861.0,13.43,13.42,13.41,13.4,13.39,13.38,13.37,13.36,13.35,13.34,13.44,13.45,13.46,13.47,13.48,13.49,13.5,13.51,13.52,13.53,9200,6400,19000,20200,11500,10500,30000,8900,10700,8100,400,39400,32400,47900,66700,11900,36300,1100,12000,4900
2307.0,13.43,4249900,56834663.0,13.43,13.42,13.41,13.4,13.39,13.38,13.37,13.36,13.35,13.34,13.44,13.45,13.46,13.47,13.48,13.49,13.5,13.51,13.52,13.53,7800,6400,19000,20400,11500,10500,30000,8900,10700,8100,400,39400,34400,48100,66700,11900,36300,1100,12000,4900
2308.0,13.43,4250900,56848093.0,13.43,13.42,13.41,13.4,13.39,13.38,13.37,13.36,13.35,13.34,13.44,13.45,13.46,13.47,13.48,13.49,13.5,13.51,13.52,13.53,6800,6400,19000,20400,11500,10500,30000,8900,10700,8100,400,39400,34400,48100,66700,11900,36300,1100,12000,4900
2309.0,13.44,4251300,56853469.0,13.44,13.43,13.42,13.41,13.4,13.39,13.38,13.37,13.36,13.35,13.45,13.46,13.47,13.48,13.49,13.5,13.51,13.52,13.53,13.54,100,6800,6400,19000,20400,11500,10500,30000,8900,10700,39400,34400,48100,66700,11900,36300,1100,12000,4900,2500
2310.0,13.44,4251300,56853469.0,13.44,13.43,13.42,13.41,13.4,13.39,13.38,13.37,13.36,13.35,13.45,13.46,13.47,13.48,13.49,13.5,13.51,13.52,13.53,13.54,100,6800,6400,19000,20400,11500,10500,30000,8900,10700,39400,34400,48100,66700,11900,36300,1100,12000,4900,2500
2311.0,13.44,4251300,56853469.0,13.44,13.43,13.42,13.41,13.4,13.39,13.38,13.37,13.36,13.35,13.45,13.46,13.47,13.48,13.49,13.5,13.51,13.52,13.53,13.54,100,6800,6400,19000,20400,11500,10500,30000,8900,10700,42600,34400,48100,66700,11900,36300,1100,12000,4900,2500
2312.0,13.45,4253400,56881709.0,13.43,13.42,13.41,13.4,13.39,13.38,13.37,13.36,13.35,13.34,13.45,13.46,13.47,13.48,13.49,13.5,13.51,13.52,13.53,13.54,6800,6400,19000,20600,11500,10500,30000,8900,10700,8100,41500,34400,48100,66700,11900,36300,1100,12000,4900,2500
2313.0,13.43,4254000,56889767.0,13.43,13.42,13.41,13.4,13.39,13.38,13.37,13.36,13.35,13.34,13.45,13.46,13.47,13.48,13.49,13.5,13.51,13.52,13.53,13.54,6700,6400,19000,20600,11500,10500,30000,8900,10700,8100,42000,34400,44100,66700,11900,36300,1100,12000,4900,2500
2314.0,13.45,4255600,56911275.0,13.43,13.42,13.41,13.4,13.39,13.38,13.37,13.36,13.35,13.34,13.45,13.46,13.47,13.48,13.49,13.5,13.51,13.52,13.53,13.54,6800,6400,19000,20600,11500,10500,30000,8900,10700,8100,41700,34400,44100,66700,11900,36800,1100,12000,4900,2500
2315.0,13.43,4256200,56919333.0,13.44,13.43,13.42,13.41,13.4,13.39,13.38,13.37,13.36,13.35,13.45,13.46,13.47,13.48,13.49,13.5,13.51,13.52,13.53,13.54,1600,6700,6400,19000,20600,11500,10500,29200,8900,10700,46200,34400,44100,66700,11900,37300,1100,12000,4900,2500
2316.0,13.43,4256200,56919333.0,13.44,13.43,13.42,13.41,13.4,13.39,13.38,13.37,13.36,13.35,13.45,13.46,13.47,13.48,13.49,13.5,13.51,13.52,13.53,13.54,1600,6700,6400,19000,20600,11500,10500,29200,8900,10700,46200,34400,44100,66700,11900,37300,1100,12000,4900,2500
2317.0,13.44,4257700,56939503.0,13.44,13.43,13.42,13.41,13.4,13.39,13.38,13.37,13.36,13.35,13.45,13.46,13.47,13.48,13.49,13.5,13.51,13.52,13.53,13.54,1100,6700,6400,19000,20600,11500,10500,29200,8900,10700,45200,35400,44100,66700,11900,37300,1100,12000,4900,2500
2318.0,13.45,4257900,56942192.0,13.44,13.43,13.42,13.41,13.4,13.39,13.38,13.37,13.36,13.35,13.45,13.46,13.47,13.48,13.49,13.5,13.51,13.52,13.53,13.54,1000,6700,6400,19000,20600,11500,10500,29200,8900,10700,45100,35400,44100,66700,11900,37300,1100,12000,4900,2500
2319.0,13.45,4257900,56942192.0,13.44,13.43,13.42,13.41,13.4,13.39,13.38,13.37,13.36,13.35,13.45,13.46,13.47,13.48,13.49,13.5,13.51,13.52,13.53,13.54,1000,6700,6400,19000,20600,11500,10500,29200,8900,10700,45100,35400,44100,66700,11900,37300,1100,12000,4900,2500
2320.0,13.45,4260900,56982542.0,13.44,13.43,13.42,13.41,13.4,13.39,13.38,13.37,13.36,13.35,13.45,13.46,13.47,13.48,13.49,13.5,13.51,13.52,13.53,13.54,1000,6700,6400,19000,20600,11500,10500,29200,8900,10700,42100,35400,44100,67600,11900,37300,1100,12000,4900,2500
2321.0,13.44,4261100,56985230.0,13.44,13.43,13.42,13.41,13.4,13.39,13.38,13.37,13.36,13.35,13.45,13.46,13.47,13.48,13.49,13.5,13.51,13.52,13.53,13.54,800,6700,6400,19000,20600,11500,10500,29200,8900,10700,54500,36100,44100,67600,11900,37300,1100,12000,4900,2500
2322.0,13.44,4261100,56985230.0,13.44,13.43,13.42,13.41,13.4,13.39,13.38,13.37,13.36,13.35,13.45,13.46,13.47,13.48,13.49,13.5,13.51,13.52,13.53,13.54,800,6700,6400,19000,20600,11500,10500,29200,8900,10700,54500,36100,44100,67600,11900,37300,1100,12000,4900,2500
2323.0,13.44,4261900,56995982.0,13.43,13.42,13.41,13.4,13.39,13.38,13.37,13.36,13.35,13.34,13.44,13.45,13.46,13.47,13.48,13.49,13.5,13.51,13.52,13.53,6700,6400,17500,20600,11500,10500,29200,8900,10700,8100,200,54500,36100,44100,67600,11900,37300,1100,12000,4900
2324.0,13.43,4262500,57004040.0,13.43,13.42,13.41,13.4,13.39,13.38,13.37,13.36,13.35,13.34,13.44,13.45,13.46,13.47,13.48,13.49,13.5,13.51,13.52,13.53,6100,6400,17500,20600,11500,10500,29200,8900,10700,8100,200,54500,36100,44100,67600,11900,37300,1100,12000,4900
2325.0,13.43,4262500,57004040.0,13.43,13.42,13.41,13.4,13.39,13.38,13.37,13.36,13.35,13.34,13.44,13.45,13.46,13.47,13.48,13.49,13.5,13.51,13.52,13.53,6100,6400,17500,20600,11500,10500,29200,8900,10700,8100,200,54700,36100,44100,67500,11900,37300,1100,12000,4900
2326.0,13.43,4262500,57004040.0,13.43,13.42,13.41,13.4,13.39,13.38,13.37,13.36,13.35,13.34,13.44,13.45,13.46,13.47,13.48,13.49,13.5,13.51,13.52,13.53,6100,6400,17500,20600,11500,10500,29200,8900,10700,8100,200,55000,36100,44100,67500,11900,37300,1100,12000,4900
2327.0,13.44,4263300,57014786.0,13.44,13.43,13.42,13.41,13.4,13.39,13.38,13.37,13.36,13.35,13.45,13.46,13.47,13.48,13.49,13.5,13.51,13.52,13.53,13.54,400,5500,6400,17500,20600,11500,10500,29200,8900,10700,55000,36100,44100,67500,11900,37300,1100,12000,4900,2500
2328.0,13.44,4263300,57014786.0,13.44,13.43,13.42,13.41,13.4,13.39,13.38,13.37,13.36,13.35,13.45,13.46,13.47,13.48,13.49,13.5,13.51,13.52,13.53,13.54,3600,5500,6400,17500,20600,11500,10500,29200,8900,10700,55000,36100,44100,67500,11900,37300,1100,12000,4900,2500
2329.0,13.44,4263300,57014786.0,13.44,13.43,13.42,13.41,13.4,13.39,13.38,13.37,13.36,13.35,13.45,13.46,13.47,13.48,13.49,13.5,13.51,13.52,13.53,13.54,3600,5500,6800,17500,20600,11500,10500,29200,8900,10700,47000,36100,44100,67500,11900,37300,1100,12000,4900,2500
2330.0,13.44,4263600,57018818.0,13.44,13.43,13.42,13.41,13.4,13.39,13.38,13.37,13.36,13.35,13.45,13.46,13.47,13.48,13.49,13.5,13.51,13.52,13.53,13.54,3300,5500,6800,17500,20600,11500,10500,29200,8900,10700,47000,36100,44100,67500,11900,37300,1100,12000,4900,2500
2331.0,13.44,4263600,57018818.0,13.44,13.43,13.42,13.41,13.4,13.39,13.38,13.37,13.36,13.35,13.45,13.46,13.47,13.48,13.49,13.5,13.51,13.52,13.53,13.54,3300,7400,6800,17500,15600,11500,10500,29200,8900,10700,47700,36100,44100,67500,11900,33300,1100,12000,4900,2500
2332.0,13.44,4263600,57018818.0,13.44,13.43,13.42,13.41,13.4,13.39,13.38,13.37,13.36,13.35,13.45,13.46,13.47,13.48,13.49,13.5,13.51,13.52,13.53,13.54,3300,7400,6800,17500,15600,11500,10500,29200,8900,10700,47900,36100,44100,67500,11900,33300,1100,12000,4900,2500
2333.0,13.45,4264100,57025540.0,13.44,13.43,13.42,13.41,13.4,13.39,13.38,13.37,13.36,13.35,13.45,13.46,13.47,13.48,13.49,13.5,13.51,13.52,13.53,13.54,3000,7400,6800,17500,15600,11500,10500,29200,8900,10700,48300,36100,44100,67500,11900,33300,1100,12000,4900,2500
2334.0,13.45,4265900,57049750.0,13.44,13.43,13.42,13.41,13.4,13.39,13.38,13.37,13.36,13.35,13.45,13.46,13.47,13.48,13.49,13.5,13.51,13.52,13.53,13.54,3000,7400,6800,17500,15600,11500,10500,29200,8900,10700,46500,35800,44100,67500,11900,34300,1100,12000,4900,2500
2335.0,13.44,4269000,57091414.0,13.43,13.42,13.41,13.4,13.39,13.38,13.37,13.36,13.35,13.34,13.44,13.45,13.46,13.47,13.48,13.49,13.5,13.51,13.52,13.53,7400,6800,17500,15600,11500,10500,29200,8900,10700,8100,4900,46500,35800,44100,67500,11900,34300,1100,12000,4900
2336.0,13.44,4269800,57102159.0,13.43,13.42,13.41,13.4,13.39,13.38,13.37,13.36,13.35,13.34,13.44,13.45,13.46,13.47,13.48,13.49,13.5,13.51,13.52,13.53,6700,6800,17500,15600,11500,10500,29200,8900,10700,8100,4800,46500,35800,44100,67500,11900,34300,1100,12000,4900
2337.0,13.43,4270400,57110217.0,13.43,13.42,13.41,13.4,13.39,13.38,13.37,13.36,13.35,13.34,13.44,13.45,13.46,13.47,13.48,13.49,13.5,13.51,13.52,13.53,6100,6800,17500,15600,11500,10500,29200,8900,10700,8100,4800,46500,35800,44100,67500,11900,34300,1100,12000,4900
2338.0,13.44,4273000,57145161.0,13.43,13.42,13.41,13.4,13.39,13.38,13.37,13.36,13.35,13.34,13.44,13.45,13.46,13.47,13.48,13.49,13.5,13.51,13.52,13.53,6100,6800,17500,15600,11500,10500,29200,8900,10700,8100,2200,46500,38500,44100,67500,11900,34300,1100,12000,4900
2339.0,13.43,4274200,57161277.0,13.43,13.42,13.41,13.4,13.39,13.38,13.37,13.36,13.35,13.34,13.44,13.45,13.46,13.47,13.48,13.49,13.5,13.51,13.52,13.53,4900,6800,17500,15600,11500,10500,29200,8900,10700,8100,2200,47500,38500,44100,67500,11900,34300,1100,12000,4900
2340.0,13.43,4274700,57167993.0,13.43,13.42,13.41,13.4,13.39,13.38,13.37,13.36,13.35,13.34,13.44,13.45,13.46,13.47,13.48,13.49,13.5,13.51,13.52,13.53,4500,6800,17500,15600,11500,10500,29200,8900,10700,8100,2100,47500,38500,44100,67500,11900,34300,1100,12000,4900
2341.0,13.43,4276000,57185455.0,13.43,13.42,13.41,13.4,13.39,13.38,13.37,13.36,13.35,13.34,13.44,13.45,13.46,13.47,13.48,13.49,13.5,13.51,13.52,13.53,3500,7600,17500,15600,11500,10400,29200,8900,10700,8100,1800,47500,43100,44100,67500,11900,34300,1100,12000,4900
2342.0,13.44,4277400,57204271.0,13.43,13.42,13.41,13.4,13.39,13.38,13.37,13.36,13.35,13.34,13.44,13.45,13.46,13.47,13.48,13.49,13.5,13.51,13.52,13.53,3500,7600,17500,15600,11500,10400,29200,8900,10700,8100,400,47500,43100,44100,67500,11900,34300,1100,12000,4900
2343.0,13.44,4278100,57213676.0,13.44,13.43,13.42,13.41,13.4,13.39,13.38,13.37,13.36,13.35,13.45,13.46,13.47,13.48,13.49,13.5,13.51,13.52,13.53,13.54,1100,3200,7600,17500,15600,11500,10400,29200,8900,10700,47500,40400,44100,67500,11900,34300,1100,12000,4900,2500
2344.0,13.44,4278100,57213676.0,13.44,13.43,13.42,13.41,13.4,13.39,13.38,13.37,13.36,13.35,13.45,13.46,13.47,13.48,13.49,13.5,13.51,13.52,13.53,13.54,1100,3200,7600,17500,15600,11500,10400,29200,8900,10700,47600,40400,44100,67500,11900,35300,1100,12000,4900,2500
2345.0,13.44,4278100,57213676.0,13.44,13.43,13.42,13.41,13.4,13.39,13.38,13.37,13.36,13.35,13.45,13.46,13.47,13.48,13.49,13.5,13.51,13.52,13.53,13.54,3800,3200,7600,17500,15600,11500,10400,29200,8900,10700,47600,40400,44100,67500,11900,35300,1100,12000,4900,2500
2346.0,13.44,4278400,57217708.0,13.44,13.43,13.42,13.41,13.4,13.39,13.38,13.37,13.36,13.35,13.45,13.46,13.47,13.48,13.49,13.5,13.51,13.52,13.53,13.54,3500,3200,7600,17500,15600,11500,10400,29200,8900,10700,47600,40400,44100,67500,11900,35300,1100,12000,4900,2500
2347.0,13.44,4278400,57217708.0,13.44,13.43,13.42,13.41,13.4,13.39,13.38,13.37,13.36,13.35,13.45,13.46,13.47,13.48,13.49,13.5,13.51,13.52,13.53,13.54,3500,3200,7600,17500,15600,12500,10400,29200,8900,10700,47600,40400,44100,67500,11900,35300,1100,12000,4900,2500
2348.0,13.44,4278400,57217708.0,13.44,13.43,13.42,13.41,13.4,13.39,13.38,13.37,13.36,13.35,13.45,13.46,13.47,13.48,13.49,13.5,13.51,13.52,13.53,13.54,3500,3200,7600,17500,15600,12500,10400,29200,8900,10700,47600,40400,44100,66500,11900,35300,1100,12000,4900,2500
2349.0,13.44,4278700,57221740.0,13.44,13.43,13.42,13.41,13.4,13.39,13.38,13.37,13.36,13.35,13.45,13.46,13.47,13.48,13.49,13.5,13.51,13.52,13.53,13.54,3200,3200,7600,17500,15600,12500,10400,29200,8900,10700,47600,40600,44100,66500,11900,35300,1100,12000,4900,2500
2350.0,13.44,4279000,57225772.0,13.44,13.43,13.42,13.41,13.4,13.39,13.38,13.37,13.36,13.35,13.45,13.46,13.47,13.48,13.49,13.5,13.51,13.52,13.53,13.54,4800,3200,7600,17500,15600,12500,10400,29200,8900,10700,48600,40600,44100,66500,11900,35300,1100,12000,4900,2500
2351.0,13.45,4280000,57239213.0,13.44,13.43,13.42,13.41,13.4,13.39,13.38,13.37,13.36,13.35,13.45,13.46,13.47,13.48,13.49,13.5,13.51,13.52,13.53,13.54,3900,3200,7600,17500,15600,12500,10400,29200,8900,10700,48500,40600,44100,66500,11900,35300,1100,12000,4900,2500
2352.0,13.44,4283900,57291629.0,13.43,13.42,13.41,13.4,13.39,13.38,13.37,13.36,13.35,13.34,13.44,13.45,13.46,13.47,13.48,13.49,13.5,13.51,13.52,13.53,3200,7600,17500,15600,12500,10400,29200,8900,10700,8100,900,48500,40600,44100,66500,11900,35300,1100,12000,4900
2353.0,13.44,4284400,57298346.0,13.43,13.42,13.41,13.4,13.39,13.38,13.37,13.36,13.35,13.34,13.44,13.45,13.46,13.47,13.48,13.49,13.5,13.51,13.52,13.53,2900,7600,17500,15800,12500,10400,29200,8900,10700,8100,700,48500,40600,44100,66500,11900,35300,1100,12000,4900
2354.0,13.44,4284400,57298346.0,13.43,13.42,13.41,13.4,13.39,13.38,13.37,13.36,13.35,13.34,13.44,13.45,13.46,13.47,13.48,13.49,13.5,13.51,13.52,13.53,2900,7600,17500,15800,12500,10400,29200,8900,10700,8100,900,48500,40600,44100,66500,14900,35300,1100,12000,4900
2355.0,13.44,4284400,57298346.0,13.43,13.42,13.41,13.4,13.39,13.38,13.37,13.36,13.35,13.34,13.44,13.45,13.46,13.47,13.48,13.49,13.5,13.51,13.52,13.53,2900,7600,17500,15800,12500,10400,29200,8900,10700,8100,900,48500,40600,44100,67300,14900,35300,1100,12000,4900
2356.0,13.43,4284600,57301032.0,13.43,13.42,13.41,13.4,13.39,13.38,13.37,13.36,13.35,13.34,13.44,13.45,13.46,13.47,13.48,13.49,13.5,13.51,13.52,13.53,2700,7600,17500,15800,12500,10400,29200,8900,10700,8100,6200,50500,40600,44100,67300,14900,35300,1100,12000,4900
2357.0,13.43,4284600,57301032.0,13.43,13.42,13.41,13.4,13.39,13.38,13.37,13.36,13.35,13.34,13.44,13.45,13.46,13.47,13.48,13.49,13.5,13.51,13.52,13.53,2700,7600,17500,15800,12500,10400,29200,9400,10700,8100,6200,50500,40600,44100,67300,14900,35300,1100,12000,4900
2358.0,13.43,4284800,57303718.0,13.43,13.42,13.41,13.4,13.39,13.38,13.37,13.36,13.35,13.34,13.44,13.45,13.46,13.47,13.48,13.49,13.5,13.51,13.52,13.53,2500,7600,17500,15800,12500,10400,29200,9400,10700,8100,6200,50500,40600,44100,67300,14900,35300,1100,12000,4900
2359.0,13.43,4285000,57306404.0,13.43,13.42,13.41,13.4,13.39,13.38,13.37,13.36,13.35,13.34,13.44,13.45,13.46,13.47,13.48,13.49,13.5,13.51,13.52,13.53,2300,7600,17500,15800,12500,10400,29200,9400,10700,8100,6200,50500,40600,44100,67300,14900,35300,1100,12000,4900
2360.0,13.44,4286800,57330583.0,13.43,13.42,13.41,13.4,13.39,13.38,13.37,13.36,13.35,13.34,13.44,13.45,13.46,13.47,13.48,13.49,13.5,13.51,13.52,13.53,1000,7600,17500,15800,12500,10400,29200,9400,10700,8100,7100,49500,40600,44100,67300,14900,35300,1100,12000,4900
2361.0,13.44,4286900,57331927.0,13.43,13.42,13.41,13.4,13.39,13.38,13.37,13.36,13.35,13.34,13.44,13.45,13.46,13.47,13.48,13.49,13.5,13.51,13.52,13.53,1000,4200,17500,15800,12500,10400,29200,9400,10700,8100,7000,49500,40600,44100,67300,14900,35300,1100,12000,4900
2362.0,13.43,4287200,57335956.0,13.43,13.42,13.41,13.4,13.39,13.38,13.37,13.36,13.35,13.34,13.44,13.45,13.46,13.47,13.48,13.49,13.5,13.51,13.52,13.53,1000,4200,17500,15800,12500,10400,29200,9400,12200,8100,4800,49500,40600,44100,67300,14600,35300,1100,12000,4900
2363.0,13.43,4287200,57335956.0,13.43,13.42,13.41,13.4,13.39,13.38,13.37,13.36,13.35,13.34,13.44,13.45,13.46,13.47,13.48,13.49,13.5,13.51,13.52,13.53,1000,4200,17500,15800,12500,10400,29200,9400,12200,8100,5000,49500,40600,44100,67300,14600,35300,1100,12000,4900
2364.0,13.43,4288200,57349386.0,13.42,13.41,13.4,13.39,13.38,13.37,13.36,13.35,13.34,13.33,13.43,13.44,13.45,13.46,13.47,13.48,13.49,13.5,13.51,13.52,4200,17500,15800,12500,10400,29200,9400,12200,8100,6400,2800,5000,49500,40600,44100,67300,14600,35500,1100,12000
2365.0,13.43,4288200,57349386.0,13.42,13.41,13.4,13.39,13.38,13.37,13.36,13.35,13.34,13.33,13.43,13.44,13.45,13.46,13.47,13.48,13.49,13.5,13.51,13.52,4200,17500,18800,12500,10400,29200,9400,12200,8100,6400,5100,5000,49500,40600,44100,67300,14600,35500,1100,12000
2366.0,13.43,4288200,57349386.0,13.42,13.41,13.4,13.39,13.38,13.37,13.36,13.35,13.34,13.33,13.43,13.44,13.45,13.46,13.47,13.48,13.49,13.5,13.51,13.52,4200,17500,18800,12500,10400,29200,9400,12200,8100,6400,5100,5000,49500,40600,44100,67300,14600,35500,1100,12000
2367.0,13.43,4289200,57362812.0,13.42,13.41,13.4,13.39,13.38,13.37,13.36,13.35,13.34,13.33,13.43,13.44,13.45,13.46,13.47,13.48,13.49,13.5,13.51,13.52,4100,17500,18900,12500,10400,29200,9400,12200,8100,6400,4500,7800,49500,40600,44100,67300,14600,35500,1100,12000
2368.0,13.44,4298000,57481039.0,13.42,13.41,13.4,13.39,13.38,13.37,13.36,13.35,13.34,13.33,13.44,13.45,13.46,13.47,13.48,13.49,13.5,13.51,13.52,13.53,4100,12500,18900,12500,10400,29200,9400,12200,8100,6400,3500,49500,40900,44100,67300,14600,35500,1100,12000,4900
2369.0,13.44,4298000,57481039.0,13.42,13.41,13.4,13.39,13.38,13.37,13.36,13.35,13.34,13.33,13.44,13.45,13.46,13.47,13.48,13.49,13.5,13.51,13.52,13.53,4500,12500,19900,12500,10400,29200,9400,12200,8100,6400,3900,49500,40900,44100,67300,14600,35500,1100,12000,4900
2370.0,13.44,4298000,57481039.0,13.42,13.41,13.4,13.39,13.38,13.37,13.36,13.35,13.34,13.33,13.44,13.45,13.46,13.47,13.48,13.49,13.5,13.51,13.52,13.53,4800,12500,29900,12500,10400,29200,9400,12200,8100,6400,6400,49500,40900,44100,67300,14600,35500,1100,12000,4900
2371.0,13.42,4298400,57486407.0,13.42,13.41,13.4,13.39,13.38,13.37,13.36,13.35,13.34,13.33,13.44,13.45,13.46,13.47,13.48,13.49,13.5,13.51,13.52,13.53,4400,12500,29900,12500,10400,29200,9400,12200,8100,6400,6400,50000,40900,44100,67300,14600,35500,1100,12000,4900
2372.0,13.42,4298800,57491775.0,13.42,13.41,13.4,13.39,13.38,13.37,13.36,13.35,13.34,13.33,13.43,13.44,13.45,13.46,13.47,13.48,13.49,13.5,13.51,13.52,4400,12500,29900,12500,10400,29200,9400,12200,8100,6400,600,6800,50000,40900,44100,67300,14600,35500,1100,12000
2373.0,13.42,4299600,57502511.0,13.42,13.41,13.4,13.39,13.38,13.37,13.36,13.35,13.34,13.33,13.43,13.44,13.45,13.46,13.47,13.48,13.49,13.5,13.51,13.52,3600,12500,29900,12500,10400,29200,9400,12200,8100,6400,600,6800,50000,40900,44100,67300,14600,35500,1100,12000
2374.0,13.42,4299900,57506537.0,13.42,13.41,13.4,13.39,13.38,13.37,13.36,13.35,13.34,13.33,13.43,13.44,13.45,13.46,13.47,13.48,13.49,13.5,13.51,13.52,3300,12500,29900,12500,10400,29200,9400,12200,8100,6400,600,6800,50200,40900,44100,67300,14600,35500,1100,12000
2375.0,13.42,4299900,57506537.0,13.42,13.41,13.4,13.39,13.38,13.37,13.36,13.35,13.34,13.33,13.43,13.44,13.45,13.46,13.47,13.48,13.49,13.5,13.51,13.52,3300,12500,29900,12500,10400,29200,9400,12200,8100,6400,600,6800,51000,40900,44100,67300,14600,35500,1100,12000
2376.0,13.42,4299900,57506537.0,13.42,13.41,13.4,13.39,13.38,13.37,13.36,13.35,13.34,13.33,13.43,13.44,13.45,13.46,13.47,13.48,13.49,13.5,13.51,13.52,3000,12500,29900,12500,10400,29200,9400,12200,8100,6400,1100,6800,51000,40900,44100,67300,14600,35400,1100,12000
2377.0,13.43,4300800,57518621.0,13.42,13.41,13.4,13.39,13.38,13.37,13.36,13.35,13.34,13.33,13.43,13.44,13.45,13.46,13.47,13.48,13.49,13.5,13.51,13.52,2700,12800,29900,12500,10400,29200,9400,12200,8100,6400,500,4600,51000,40900,44100,67300,14600,35400,1100,12000
2378.0,13.43,4300800,57518621.0,13.42,13.41,13.4,13.39,13.38,13.37,13.36,13.35,13.34,13.33,13.43,13.44,13.45,13.46,13.47,13.48,13.49,13.5,13.51,13.52,2700,12800,29900,12500,10400,29200,9400,12200,8100,6400,500,4600,51000,40900,44100,67300,14600,35400,1100,12000
2379.0,13.42,4301000,57521305.0,13.42,13.41,13.4,13.39,13.38,13.37,13.36,13.35,13.34,13.33,13.43,13.44,13.45,13.46,13.47,13.48,13.49,13.5,13.51,13.52,2500,14100,29900,12500,10400,29200,9400,12200,8100,6400,500,4600,51000,40900,44100,67300,14600,35400,1100,12000
2380.0,13.44,4302100,57536080.0,13.43,13.42,13.41,13.4,13.39,13.38,13.37,13.36,13.35,13.34,13.44,13.45,13.46,13.47,13.48,13.49,13.5,13.51,13.52,13.53,4700,2300,14100,29900,12500,10500,29200,9400,12200,8100,4200,51000,40900,44100,67300,14600,35400,1100,12000,4900
2381.0,13.44,4302100,57536080.0,13.43,13.42,13.41,13.4,13.39,13.38,13.37,13.36,13.35,13.34,13.44,13.45,13.46,13.47,13.48,13.49,13.5,13.51,13.52,13.53,4700,2300,14100,29900,12500,10500,29200,9400,12200,8100,4200,51000,40900,42800,67300,14600,35400,1100,12000,4900
2382.0,13.43,4303100,57549516.0,13.43,13.42,13.41,13.4,13.39,13.38,13.37,13.36,13.35,13.34,13.44,13.45,13.46,13.47,13.48,13.49,13.5,13.51,13.52,13.53,4300,2300,14100,29900,12500,10500,29200,9400,12200,8100,3600,51000,40900,42800,67300,14600,35400,1100,12000,4900
2383.0,13.43,4303500,57554888.0,13.43,13.42,13.41,13.4,13.39,13.38,13.37,13.36,13.35,13.34,13.44,13.45,13.46,13.47,13.48,13.49,13.5,13.51,13.52,13.53,3900,2300,13100,29900,12500,10500,29200,9400,12200,8100,3600,51000,40900,42800,67300,14600,35400,1100,12000,4900
2384.0,13.43,4304200,57564289.0,13.43,13.42,13.41,13.4,13.39,13.38,13.37,13.36,13.35,13.34,13.44,13.45,13.46,13.47,13.48,13.49,13.5,13.51,13.52,13.53,3200,2300,13100,29900,12500,10500,29200,9400,12200,8100,3600,51000,40900,42800,67300,14600,35400,1100,12000,4900
2385.0,13.43,4304200,57564289.0,13.43,13.42,13.41,13.4,13.39,13.38,13.37,13.36,13.35,13.34,13.44,13.45,13.46,13.47,13.48,13.49,13.5,13.51,13.52,13.53,3200,2300,13100,29900,12500,10500,29200,9400,12200,8100,3600,51100,40900,42800,67300,14600,35400,1100,12000,4900
2386.0,13.43,4304500,57568318.0,13.43,13.42,13.41,13.4,13.39,13.38,13.37,13.36,13.35,13.34,13.44,13.45,13.46,13.47,13.48,13.49,13.5,13.51,13.52,13.53,2900,2300,13100,29900,12500,10500,29200,9400,12200,8100,3600,51100,40900,42800,67300,15600,35400,1100,12000,4900
2387.0,13.43,4305000,57575033.0,13.43,13.42,13.41,13.4,13.39,13.38,13.37,13.36,13.35,13.34,13.44,13.45,13.46,13.47,13.48,13.49,13.5,13.51,13.52,13.53,2400,2300,13100,29900,12500,10500,29200,9400,12200,8100,3600,51100,40900,42800,67100,15600,35400,1100,12000,4900
2388.0,13.44,4308600,57623417.0,13.44,13.43,13.42,13.41,13.4,13.39,13.38,13.37,13.36,13.35,13.45,13.46,13.47,13.48,13.49,13.5,13.51,13.52,13.53,13.54,1300,2400,3300,13100,29900,12500,10500,29200,9400,12200,51100,40900,42800,67100,15600,35400,1100,12000,4900,2500
2389.0,13.45,4309000,57628797.0,13.44,13.43,13.42,13.41,13.4,13.39,13.38,13.37,13.36,13.35,13.45,13.46,13.47,13.48,13.49,13.5,13.51,13.52,13.53,13.54,1400,2400,3300,13100,29900,12500,10500,29200,9400,12200,50700,40900,42800,67100,15600,35400,1100,12000,4900,2500
2390.0,13.45,4311700,57665111.0,13.44,13.43,13.42,13.41,13.4,13.39,13.38,13.37,13.36,13.35,13.45,13.46,13.47,13.48,13.49,13.5,13.51,13.52,13.53,13.54,1300,2400,3300,13100,29900,12500,10500,29200,9400,12200,48100,40900,42800,67100,15600,35400,1100,12000,4900,2500
2391.0,13.44,4313000,57682583.0,13.43,13.42,13.41,13.4,13.39,13.38,13.37,13.36,13.35,13.34,13.44,13.45,13.46,13.47,13.48,13.49,13.5,13.51,13.52,13.53,2400,3300,13100,29900,12500,10500,29200,9400,12200,8100,200,48100,40900,42800,67100,15600,35400,1100,12000,4900
2392.0,13.44,4313000,57682583.0,13.43,13.42,13.41,13.4,13.39,13.38,13.37,13.36,13.35,13.34,13.44,13.45,13.46,13.47,13.48,13.49,13.5,13.51,13.52,13.53,2400,3300,13100,29900,12500,10500,29200,9400,12200,8100,400,48100,40900,42800,67100,15600,35400,1100,12000,4900
2393.0,13.45,4313700,57691990.0,13.43,13.42,13.41,13.4,13.39,13.38,13.37,13.36,13.35,13.34,13.44,13.45,13.46,13.47,13.48,13.49,13.5,13.51,13.52,13.53,2200,3300,13100,30900,12500,10500,29200,9400,12200,8100,300,48000,40900,42800,67100,15600,35400,1100,12000,4900
2394.0,13.43,4313900,57694676.0,13.42,13.41,13.4,13.39,13.38,13.37,13.36,13.35,13.34,13.33,13.44,13.45,13.46,13.47,13.48,13.49,13.5,13.51,13.52,13.53,6300,13100,30900,12500,10500,29200,9400,12200,8100,6400,300,48000,40900,42800,67100,15600,35400,1100,12000,4900
2395.0,13.42,4315100,57710780.0,13.42,13.41,13.4,13.39,13.38,13.37,13.36,13.35,13.34,13.33,13.44,13.45,13.46,13.47,13.48,13.49,13.5,13.51,13.52,13.53,5300,13100,30900,12500,10500,29200,9400,12200,8100,6400,500,48000,41900,42800,67100,15600,35400,1100,12000,4900
2396.0,13.42,4315600,57717490.0,13.42,13.41,13.4,13.39,13.38,13.37,13.36,13.35,13.34,13.33,13.44,13.45,13.46,13.47,13.48,13.49,13.5,13.51,13.52,13.53,5100,13100,30900,12500,10500,29200,9400,12200,8100,6400,800,48000,43000,42800,67100,15600,35400,1100,12000,4900
2397.0,13.44,4316400,57728242.0,13.44,13.42,13.41,13.4,13.39,13.38,13.37,13.36,13.35,13.34,13.45,13.46,13.47,13.48,13.49,13.5,13.51,13.52,13.53,13.54,200,5100,13100,30900,12500,10500,29200,9400,12200,8100,48000,44500,42800,67100,15600,35400,1100,12000,4900,2500
2398.0,13.44,4316400,57728242.0,13.44,13.42,13.41,13.4,13.39,13.38,13.37,13.36,13.35,13.34,13.45,13.46,13.47,13.48,13.49,13.5,13.51,13.52,13.53,13.54,200,5100,13100,30900,12500,10500,29200,9400,12200,8100,48000,44500,42800,67100,15600,35400,1100,12000,4900,2500
2399.0,13.44,4316400,57728242.0,13.44,13.42,13.41,13.4,13.39,13.38,13.37,13.36,13.35,13.34,13.45,13.46,13.47,13.48,13.49,13.5,13.51,13.52,13.53,13.54,200,5100,13100,30900,12500,10500,29200,9400,12200,8100,48000,44500,42800,67900,15600,35400,1100,12000,4900,2500
2400.0,13.44,4316400,57728242.0,13.44,13.42,13.41,13.4,13.39,13.38,13.37,13.36,13.35,13.34,13.45,13.46,13.47,13.48,13.49,13.5,13.51,13.52,13.53,13.54,200,5100,13100,30900,12500,10500,29200,9400,12200,8100,48000,44500,42800,67900,15600,35400,1100,12000,4900,2500
2401.0,13.44,4316600,57730930.0,13.42,13.41,13.4,13.39,13.38,13.37,13.36,13.35,13.34,13.33,13.44,13.45,13.46,13.47,13.48,13.49,13.5,13.51,13.52,13.53,5100,13100,30900,12500,10500,29200,9400,12200,8100,6400,17800,48000,44500,42800,67900,15600,35400,1100,12000,4600
2402.0,13.42,4317100,57737640.0,13.42,13.41,13.4,13.39,13.38,13.37,13.36,13.35,13.34,13.33,13.44,13.45,13.46,13.47,13.48,13.49,13.5,13.51,13.52,13.53,4600,13100,30900,12500,10500,29200,9400,12200,8100,6400,20200,48000,44500,42800,67900,15600,35400,1100,12000,4600
2403.0,13.44,4317200,57738984.0,13.42,13.41,13.4,13.39,13.38,13.37,13.36,13.35,13.34,13.33,13.44,13.45,13.46,13.47,13.48,13.49,13.5,13.51,13.52,13.53,5200,13100,30900,12500,10500,29200,9400,12200,8100,6400,20700,48000,44500,42800,67900,15600,35400,1100,12000,4600
2404.0,13.44,4317200,57738984.0,13.42,13.41,13.4,13.39,13.38,13.37,13.36,13.35,13.34,13.33,13.44,13.45,13.46,13.47,13.48,13.49,13.5,13.51,13.52,13.53,5200,13100,30900,12500,10500,29200,9400,12200,8100,6400,20700,48000,44500,42800,67900,15600,35400,1100,12000,4600
2405.0,13.42,4317700,57745694.0,13.42,13.41,13.4,13.39,13.38,13.37,13.36,13.35,13.34,13.33,13.44,13.45,13.46,13.47,13.48,13.49,13.5,13.51,13.52,13.53,5200,13100,30900,12500,10500,29200,9400,12200,8100,6400,21200,48000,44500,42800,67900,15600,35400,1100,12000,4600
2406.0,13.42,4317700,57745694.0,13.42,13.41,13.4,13.39,13.38,13.37,13.36,13.35,13.34,13.33,13.43,13.44,13.45,13.46,13.47,13.48,13.49,13.5,13.51,13.52,5200,16500,30900,12500,10500,29200,9400,12200,8100,6400,300,21200,48700,44500,42800,67900,15600,35400,1100,12000
2407.0,13.42,4318700,57759114.0,13.42,13.41,13.4,13.39,13.38,13.37,13.36,13.35,13.34,13.33,13.43,13.44,13.45,13.46,13.47,13.48,13.49,13.5,13.51,13.52,4200,16500,31200,12500,10500,29200,9400,12200,8100,6400,300,21200,49900,44500,42800,67900,15500,35400,1100,12000
2408.0,13.42,4319100,57764482.0,13.42,13.41,13.4,13.39,13.38,13.37,13.36,13.35,13.34,13.33,13.43,13.44,13.45,13.46,13.47,13.48,13.49,13.5,13.51,13.52,3800,16500,31200,12500,10500,29200,9400,12200,8100,6400,300,21500,49600,44500,42800,67900,15500,35400,1100,12000
2409.0,13.42,4319100,57764482.0,13.42,13.41,13.4,13.39,13.38,13.37,13.36,13.35,13.34,13.33,13.43,13.44,13.45,13.46,13.47,13.48,13.49,13.5,13.51,13.52,3800,16500,31200,12500,10500,29200,9400,12200,8100,6400,300,21500,49600,44500,42800,67900,15500,35400,1100,12000
2410.0,13.43,4319300,57767168.0,13.42,13.41,13.4,13.39,13.38,13.37,13.36,13.35,13.34,13.33,13.43,13.44,13.45,13.46,13.47,13.48,13.49,13.5,13.51,13.52,3800,16500,31200,12500,10500,29200,9400,12200,8100,6400,100,21500,49600,44500,42800,64800,15500,35400,1100,12000
2411.0,13.43,4319300,57767168.0,13.42,13.41,13.4,13.39,13.38,13.37,13.36,13.35,13.34,13.33,13.43,13.44,13.45,13.46,13.47,13.48,13.49,13.5,13.51,13.52,3800,16500,31200,12500,10500,29200,9400,12200,8100,6400,100,21500,49600,44500,42800,64800,15500,35400,1100,12000
2412.0,13.44,4321300,57794047.0,13.42,13.41,13.4,13.39,13.38,13.37,13.36,13.35,13.34,13.33,13.44,13.45,13.46,13.47,13.48,13.49,13.5,13.51,13.52,13.53,3800,16500,31200,12500,10500,29200,9400,12200,8100,6400,19800,49600,44500,42800,64800,15500,35400,1100,12000,4600
2413.0,13.44,4335800,57988927.0,13.43,13.42,13.41,13.4,13.39,13.38,13.37,13.36,13.35,13.34,13.44,13.45,13.46,13.47,13.48,13.49,13.5,13.51,13.52,13.53,3000,3800,16500,31200,12500,10500,29200,9400,12200,8100,5300,49600,44500,42800,64800,15500,35400,1100,12000,4600
2414.0,13.44,4335800,57988927.0,13.43,13.42,13.41,13.4,13.39,13.38,13.37,13.36,13.35,13.34,13.44,13.45,13.46,13.47,13.48,13.49,13.5,13.51,13.52,13.53,3000,3800,16500,31200,12500,10500,29200,9400,12200,8100,5300,49600,44500,42800,64800,15500,35400,1100,12000,4600
2415.0,13.43,4337100,58006386.0,13.43,13.42,13.41,13.4,13.39,13.38,13.37,13.36,13.35,13.34,13.44,13.45,13.46,13.47,13.48,13.49,13.5,13.51,13.52,13.53,1700,3800,16500,31200,12500,10500,29200,9400,12200,8100,5300,49600,44500,42800,64800,15500,35400,1100,12000,4600
2416.0,13.43,4338800,58029217.0,13.42,13.41,13.4,13.39,13.38,13.37,13.36,13.35,13.34,13.33,13.43,13.44,13.45,13.46,13.47,13.48,13.49,13.5,13.51,13.52,3800,16500,31200,12500,10500,29200,9400,12200,8100,7400,200,5300,49600,44500,42800,64800,15500,35400,1100,12000
2417.0,13.43,4338800,58029217.0,13.42,13.41,13.4,13.39,13.38,13.37,13.36,13.35,13.34,13.33,13.43,13.44,13.45,13.46,13.47,13.48,13.49,13.5,13.51,13.52,3800,16500,31200,12500,10500,29200,9400,12200,8100,7400,200,5300,49600,44500,42800,64800,15500,35400,1100,12000
2418.0,13.42,4339800,58042637.0,13.42,13.41,13.4,13.39,13.38,13.37,13.36,13.35,13.34,13.33,13.43,13.44,13.45,13.46,13.47,13.48,13.49,13.5,13.51,13.52,2800,16500,31200,12500,10500,29200,9400,12200,8100,7400,200,5900,49600,44500,42800,64800,15500,35400,1100,12000
2419.0,13.42,4339800,58042637.0,13.42,13.41,13.4,13.39,13.38,13.37,13.36,13.35,13.34,13.33,13.43,13.44,13.45,13.46,13.47,13.48,13.49,13.5,13.51,13.52,2800,16500,31200,12500,10500,29200,9400,12200,8100,7400,300,5900,49600,44500,42800,64800,15500,35400,1100,12000
2420.0,13.42,4340000,58045321.0,13.42,13.41,13.4,13.39,13.38,13.37,13.36,13.35,13.34,13.33,13.43,13.44,13.45,13.46,13.47,13.48,13.49,13.5,13.51,13.52,2600,16500,31200,12500,10500,29200,9400,12200,8100,7400,300,5900,49600,44500,42800,64800,15500,35400,1100,12000
2421.0,13.44,4340500,58052038.0,13.43,13.42,13.41,13.4,13.39,13.38,13.37,13.36,13.35,13.34,13.44,13.45,13.46,13.47,13.48,13.49,13.5,13.51,13.52,13.53,200,2600,16500,31200,12500,10500,29200,9400,12200,8100,5700,49600,44500,42800,64800,15500,35400,1100,12000,4600
2422.0,13.44,4340500,58052038.0,13.43,13.42,13.41,13.4,13.39,13.38,13.37,13.36,13.35,13.34,13.44,13.45,13.46,13.47,13.48,13.49,13.5,13.51,13.52,13.53,200,2600,16500,31200,12500,10500,29200,9400,12200,8100,5700,49600,44500,42800,64800,15500,35400,1100,12000,4600
2423.0,13.44,4340500,58052038.0,13.43,13.42,13.41,13.4,13.39,13.38,13.37,13.36,13.35,13.34,13.44,13.45,13.46,13.47,13.48,13.49,13.5,13.51,13.52,13.53,200,2600,16500,31200,12500,10500,29200,9400,12200,8100,8400,50600,44500,42800,64800,15500,35400,1100,12000,4600
2424.0,13.44,4340700,58054726.0,13.43,13.42,13.41,13.4,13.39,13.38,13.37,13.36,13.35,13.34,13.44,13.45,13.46,13.47,13.48,13.49,13.5,13.51,13.52,13.53,200,2600,16500,31200,12500,10500,29200,9400,12200,8100,8200,64000,44500,42800,64800,15500,35400,1100,12000,4600
2425.0,13.44,4342400,58077574.0,13.43,13.42,13.41,13.4,13.39,13.38,13.37,13.36,13.35,13.34,13.44,13.45,13.46,13.47,13.48,13.49,13.5,13.51,13.52,13.53,200,2600,16500,31200,12500,10500,29200,9400,12200,8100,6500,64000,44500,42800,64800,15500,35400,1100,12000,4600
2426.0,13.44,4342400,58077574.0,13.43,13.42,13.41,13.4,13.39,13.38,13.37,13.36,13.35,13.34,13.44,13.45,13.46,13.47,13.48,13.49,13.5,13.51,13.52,13.53,200,2600,16500,31200,12500,10500,29200,9400,12200,8100,6500,65500,44500,42800,64800,15500,35400,1100,12000,4600
2427.0,13.44,4342400,58077574.0,13.43,13.42,13.41,13.4,13.39,13.38,13.37,13.36,13.35,13.34,13.44,13.45,13.46,13.47,13.48,13.49,13.5,13.51,13.52,13.53,200,2600,16500,31200,12500,10500,29200,9400,12200,8100,8000,65500,44500,42800,64800,15500,35400,1100,12000,4600
2428.0,13.44,4342400,58077574.0,13.43,13.42,13.41,13.4,13.39,13.38,13.37,13.36,13.35,13.34,13.44,13.45,13.46,13.47,13.48,13.49,13.5,13.51,13.52,13.53,200,2600,16500,31200,12500,10500,29200,9400,12200,8100,8000,65500,44500,42800,64800,15500,35400,1100,12000,4600
2429.0,13.44,4342400,58077574.0,13.43,13.42,13.41,13.4,13.39,13.38,13.37,13.36,13.35,13.34,13.44,13.45,13.46,13.47,13.48,13.49,13.5,13.51,13.52,13.53,200,2600,16500,31200,12500,10500,28700,9400,12200,8100,9600,65300,44500,42800,64800,15500,35400,1100,12000,4600
2430.0,13.44,4342400,58077574.0,13.43,13.42,13.41,13.4,13.39,13.38,13.37,13.36,13.35,13.34,13.44,13.45,13.46,13.47,13.48,13.49,13.5,13.51,13.52,13.53,200,2600,16500,31200,12500,10500,28700,9400,12200,8100,9900,65300,43500,42800,64800,15500,35400,1100,12000,4600
2431.0,13.44,4342400,58077574.0,13.43,13.42,13.41,13.4,13.39,13.38,13.37,13.36,13.35,13.34,13.44,13.45,13.46,13.47,13.48,13.49,13.5,13.51,13.52,13.53,200,2600,16500,31200,12500,10500,28700,9400,12200,8100,9900,65300,43500,42800,64800,15500,34400,1100,12000,4600
2432.0,13.44,4342400,58077574.0,13.43,13.42,13.41,13.4,13.39,13.38,13.37,13.36,13.35,13.34,13.44,13.45,13.46,13.47,13.48,13.49,13.5,13.51,13.52,13.53,200,2600,16500,31200,12500,10500,28700,9400,12200,8100,9900,65400,43500,42800,64800,15500,34500,1100,12000,4600
2433.0,13.44,4343200,58088326.0,13.43,13.42,13.41,13.4,13.39,13.38,13.37,13.36,13.35,13.34,13.44,13.45,13.46,13.47,13.48,13.49,13.5,13.51,13.52,13.53,200,2600,16500,31200,12500,10500,28700,9400,12200,8100,9100,65400,43500,42800,64800,15500,34500,1100,12000,4600
2434.0,13.44,4343200,58088326.0,13.43,13.42,13.41,13.4,13.39,13.38,13.37,13.36,13.35,13.34,13.44,13.45,13.46,13.47,13.48,13.49,13.5,13.51,13.52,13.53,200,2600,16500,31200,12500,10500,28700,9400,12200,8100,9100,65400,43500,42800,64800,15500,34500,1100,12000,4600
2435.0,13.44,4343400,58091014.0,13.43,13.42,13.41,13.4,13.39,13.38,13.37,13.36,13.35,13.34,13.44,13.45,13.46,13.47,13.48,13.49,13.5,13.51,13.52,13.53,200,2600,16500,31200,12500,10500,28700,9400,12300,8100,8900,65400,43500,42800,64800,15500,34500,1100,12000,4600
2436.0,13.44,4345400,58117894.0,13.43,13.42,13.41,13.4,13.39,13.38,13.37,13.36,13.35,13.34,13.44,13.45,13.46,13.47,13.48,13.49,13.5,13.51,13.52,13.53,200,2600,16500,31200,12500,10500,28700,9400,12300,8100,6900,64400,43500,42800,67800,15500,34500,1100,12000,4600
2437.0,13.44,4345400,58117894.0,13.43,13.42,13.41,13.4,13.39,13.38,13.37,13.36,13.35,13.34,13.44,13.45,13.46,13.47,13.48,13.49,13.5,13.51,13.52,13.53,200,2600,16500,31200,12500,10500,28700,9400,12300,8100,9900,64400,42500,42800,67800,15500,34500,1100,12000,4600
2438.0,13.44,4345400,58117894.0,13.43,13.42,13.41,13.4,13.39,13.38,13.37,13.36,13.35,13.34,13.44,13.45,13.46,13.47,13.48,13.49,13.5,13.51,13.52,13.53,200,2600,16500,31200,12500,10500,28700,9400,12300,8100,9900,66000,42500,42800,67800,15500,34500,1100,12000,4600
2439.0,13.44,4345400,58117894.0,13.43,13.42,13.41,13.4,13.39,13.38,13.37,13.36,13.35,13.34,13.44,13.45,13.46,13.47,13.48,13.49,13.5,13.51,13.52,13.53,3200,2600,16500,31200,12500,10500,28700,9400,12300,8100,9900,67000,42500,42800,67800,15500,34500,1100,12000,4600
2440.0,13.43,4349300,58170278.0,13.42,13.41,13.4,13.39,13.38,13.37,13.36,13.35,13.34,13.33,13.43,13.44,13.45,13.46,13.47,13.48,13.49,13.5,13.51,13.52,2600,15200,31200,12500,10500,28700,9400,12300,8100,7400,1800,9200,67000,42500,42800,67800,15500,34500,1100,12000
2441.0,13.42,4349400,58171620.0,13.42,13.41,13.4,13.39,13.38,13.37,13.36,13.35,13.34,13.33,13.43,13.44,13.45,13.46,13.47,13.48,13.49,13.5,13.51,13.52,2500,15200,31200,12500,10500,28700,8400,12300,8100,7400,1800,9200,67000,42500,42800,67800,15500,34400,1100,12000
2442.0,13.42,4349400,58171620.0,13.42,13.41,13.4,13.39,13.38,13.37,13.36,13.35,13.34,13.33,13.43,13.44,13.45,13.46,13.47,13.48,13.49,13.5,13.51,13.52,2500,15200,31200,12500,10500,28700,8400,12300,8100,7400,1800,9200,67000,42500,42800,67800,15500,34400,1100,12000
2443.0,13.43,4351200,58195794.0,13.43,13.42,13.41,13.4,13.39,13.38,13.37,13.36,13.35,13.34,13.44,13.45,13.46,13.47,13.48,13.49,13.5,13.51,13.52,13.53,300,2500,15200,31200,12500,10500,28700,8400,12300,8100,10000,67000,42500,42800,67800,15500,34400,1100,12000,4600
2444.0,13.43,4351200,58195794.0,13.43,13.42,13.41,13.4,13.39,13.38,13.37,13.36,13.35,13.34,13.44,13.45,13.46,13.47,13.48,13.49,13.5,13.51,13.52,13.53,300,2700,15200,31200,12500,10500,28700,8400,12300,8100,10700,67000,42500,42800,67800,15500,34400,1100,12000,4600
2445.0,13.44,4351300,58197138.0,13.43,13.42,13.41,13.4,13.39,13.38,13.37,13.36,13.35,13.34,13.44,13.45,13.46,13.47,13.48,13.49,13.5,13.51,13.52,13.53,800,2700,15200,21200,12500,10500,28700,8400,12300,8100,10600,67000,42700,42800,67800,15500,34400,1100,12000,4600
2446.0,13.43,4352200,58209232.0,13.43,13.42,13.41,13.4,13.39,13.38,13.37,13.36,13.35,13.34,13.44,13.45,13.46,13.47,13.48,13.49,13.5,13.51,13.52,13.53,600,2700,15200,21200,12500,10500,28700,8400,12300,8100,9900,67000,42700,42800,67800,15500,34400,1100,12000,4600
2447.0,13.43,4353600,58228034.0,13.42,13.41,13.4,13.39,13.38,13.37,13.36,13.35,13.34,13.33,13.43,13.44,13.45,13.46,13.47,13.48,13.49,13.5,13.51,13.52,2700,15200,21200,12500,10500,28700,8400,12300,8100,7400,1500,9900,69000,42700,42800,67800,15500,34400,1100,12000
2448.0,13.43,4353600,58228034.0,13.42,13.41,13.4,13.39,13.38,13.37,13.36,13.35,13.34,13.33,13.43,13.44,13.45,13.46,13.47,13.48,13.49,13.5,13.51,13.52,2700,15200,21200,12500,10500,28700,8400,12300,8100,7400,1500,9900,69000,42700,42800,67800,15500,34500,1100,12000
2449.0,13.43,4354100,58234749.0,13.42,13.41,13.4,13.39,13.38,13.37,13.36,13.35,13.34,13.33,13.43,13.44,13.45,13.46,13.47,13.48,13.49,13.5,13.51,13.52,2800,15200,21200,12500,10500,28700,8400,12300,8100,7400,1000,9900,69000,42700,42800,67800,15500,34500,1100,12000
2450.0,13.43,4354500,58240121.0,13.42,13.41,13.4,13.39,13.38,13.37,13.36,13.35,13.34,13.33,13.43,13.44,13.45,13.46,13.47,13.48,13.49,13.5,13.51,13.52,2800,15200,21200,12500,10500,28700,8400,12300,8100,7400,600,10200,69000,42700,42800,68700,15500,34500,1100,12000
2451.0,13.42,4355800,58257570.0,13.42,13.41,13.4,13.39,13.38,13.37,13.36,13.35,13.34,13.33,13.43,13.44,13.45,13.46,13.47,13.48,13.49,13.5,13.51,13.52,1800,15200,21200,12500,10500,28700,8400,12300,8100,7400,300,10200,68800,42700,42800,68700,15500,34500,1100,14000
2452.0,13.42,4355800,58257570.0,13.42,13.41,13.4,13.39,13.38,13.37,13.36,13.35,13.34,13.33,13.43,13.44,13.45,13.46,13.47,13.48,13.49,13.5,13.51,13.52,1800,15200,21300,12500,10500,28700,8400,12300,8100,7400,300,10200,68800,42700,42800,68700,15500,34500,1100,14000
2453.0,13.42,4355800,58257570.0,13.42,13.41,13.4,13.39,13.38,13.37,13.36,13.35,13.34,13.33,13.43,13.44,13.45,13.46,13.47,13.48,13.49,13.5,13.51,13.52,1800,15200,21300,12500,10500,28700,8400,12300,8100,7400,300,10200,68800,42700,42800,68700,15500,34500,1100,14000
2454.0,13.42,4355800,58257570.0,13.42,13.41,13.4,13.39,13.38,13.37,13.36,13.35,13.34,13.33,13.43,13.44,13.45,13.46,13.47,13.48,13.49,13.5,13.51,13.52,1800,11800,21300,12500,10500,28700,8400,12300,8100,7400,600,10300,68800,42700,42800,68700,15500,34500,1100,14000
2455.0,13.42,4357600,58281726.0,13.41,13.4,13.39,13.38,13.37,13.36,13.35,13.34,13.33,13.32,13.42,13.43,13.44,13.45,13.46,13.47,13.48,13.49,13.5,13.51,11800,21300,12500,10500,28700,8400,12300,8100,7400,4000,300,600,10600,68800,42700,42800,68700,15500,34500,1100
2456.0,13.43,4358300,58291124.0,13.41,13.4,13.39,13.38,13.37,13.36,13.35,13.34,13.33,13.32,13.43,13.44,13.45,13.46,13.47,13.48,13.49,13.5,13.51,13.52,11800,20700,12500,10500,28700,8400,12300,8100,7400,4000,200,10600,68800,42800,42800,68700,15500,34500,1100,14000
2457.0,13.43,4358300,58291124.0,13.41,13.4,13.39,13.38,13.37,13.36,13.35,13.34,13.33,13.32,13.43,13.44,13.45,13.46,13.47,13.48,13.49,13.5,13.51,13.52,12400,20700,12500,10500,28700,8400,12300,8100,7400,4000,1200,10600,68800,42800,42800,68700,15500,34500,1100,14000
2458.0,13.43,4360700,58323356.0,13.43,13.41,13.4,13.39,13.38,13.37,13.36,13.35,13.34,13.33,13.44,13.45,13.46,13.47,13.48,13.49,13.5,13.51,13.52,13.53,7700,12900,20700,12500,10500,28300,8400,12300,8100,7400,10600,68800,42800,42800,68700,14900,34500,1100,14000,4600
2459.0,13.43,4360700,58323356.0,13.43,13.41,13.4,13.39,13.38,13.37,13.36,13.35,13.34,13.33,13.44,13.45,13.46,13.47,13.48,13.49,13.5,13.51,13.52,13.53,7700,12900,20700,12500,10500,28300,8400,12300,8100,7400,10600,68800,42800,42800,68700,14900,34500,1100,14000,4600
2460.0,13.44,4361700,58336796.0,13.43,13.41,13.4,13.39,13.38,13.37,13.36,13.35,13.34,13.33,13.44,13.45,13.46,13.47,13.48,13.49,13.5,13.51,13.52,13.53,7700,12900,20700,12500,10500,28300,8400,12300,8100,7400,12600,68800,42800,42800,68700,14900,34500,1100,14000,4600
2461.0,13.44,4362400,58346204.0,13.43,13.41,13.4,13.39,13.38,13.37,13.36,13.35,13.34,13.33,13.44,13.45,13.46,13.47,13.48,13.49,13.5,13.51,13.52,13.53,7700,12900,20700,12500,10500,28300,8400,12300,8100,7400,11900,68800,42800,42800,68700,14900,34500,1100,14000,4600
2462.0,13.44,4362400,58346204.0,13.43,13.41,13.4,13.39,13.38,13.37,13.36,13.35,13.34,13.33,13.44,13.45,13.46,13.47,13.48,13.49,13.5,13.51,13.52,13.53,7700,12900,20700,12500,10500,28300,8400,12300,8100,7400,11900,68800,42800,42800,68700,14900,34500,1100,14000,4600
2463.0,13.43,4363800,58365006.0,13.43,13.41,13.4,13.39,13.38,13.37,13.36,13.35,13.34,13.33,13.44,13.45,13.46,13.47,13.48,13.49,13.5,13.51,13.52,13.53,6300,12900,20700,12500,10500,28300,8400,12300,8100,7400,11900,68800,42800,42800,68700,14900,34500,1100,14000,4600
2464.0,13.44,4364500,58374414.0,13.43,13.41,13.4,13.39,13.38,13.37,13.36,13.35,13.34,13.33,13.44,13.45,13.46,13.47,13.48,13.49,13.5,13.51,13.52,13.53,6300,12900,20700,12500,10500,28300,8400,12300,8100,7400,11200,68800,42800,42800,68700,14900,34500,1100,14000,4600
2465.0,13.44,4364500,58374414.0,13.43,13.41,13.4,13.39,13.38,13.37,13.36,13.35,13.34,13.33,13.44,13.45,13.46,13.47,13.48,13.49,13.5,13.51,13.52,13.53,6300,12900,20700,12500,10500,28300,8400,12300,8100,7400,13700,68800,42800,42800,68700,14900,34500,1100,14000,4600
2466.0,13.44,4364600,58375758.0,13.43,13.41,13.4,13.39,13.38,13.37,13.36,13.35,13.34,13.33,13.44,13.45,13.46,13.47,13.48,13.49,13.5,13.51,13.52,13.53,6300,12900,20700,12500,10500,28300,8400,12300,8100,7400,13300,68800,42800,42800,68700,14900,34500,1100,14000,4600
2467.0,13.44,4370700,58457742.0,13.43,13.41,13.4,13.39,13.38,13.37,13.36,13.35,13.34,13.33,13.44,13.45,13.46,13.47,13.48,13.49,13.5,13.51,13.52,13.53,6300,12900,20700,12500,10500,28300,8400,12300,8100,7400,7200,68800,42800,42800,68700,14900,34600,1100,14000,4600
2468.0,13.44,4377600,58550478.0,13.44,13.43,13.41,13.4,13.39,13.38,13.37,13.36,13.35,13.34,13.45,13.46,13.47,13.48,13.49,13.5,13.51,13.52,13.53,13.54,8800,6300,12900,20700,12500,10500,28300,8400,12300,8100,68800,42800,42800,68700,14900,34600,1100,14000,4600,22500
2469.0,13.44,4377600,58550478.0,13.44,13.43,13.41,13.4,13.39,13.38,13.37,13.36,13.35,13.34,13.45,13.46,13.47,13.48,13.49,13.5,13.51,13.52,13.53,13.54,8800,6300,12900,20700,12500,10500,28300,8400,12300,8100,68800,42800,42800,68700,14900,34600,1100,14000,4600,22500
2470.0,13.45,4378300,58559893.0,13.44,13.43,13.41,13.4,13.39,13.38,13.37,13.36,13.35,13.34,13.45,13.46,13.47,13.48,13.49,13.5,13.51,13.52,13.53,13.54,8800,6300,12900,20700,12500,10500,28300,8400,12300,8100,68100,42800,48000,68700,14900,34600,1100,14000,4600,22500
2471.0,13.45,4378300,58559893.0,13.44,13.43,13.41,13.4,13.39,13.38,13.37,13.36,13.35,13.34,13.45,13.46,13.47,13.48,13.49,13.5,13.51,13.52,13.53,13.54,9900,6300,12900,20700,12500,10500,28300,8400,12300,8100,68100,42800,48000,68700,14900,34600,1100,14000,4600,22500
2472.0,13.45,4378300,58559893.0,13.44,13.43,13.41,13.4,13.39,13.38,13.37,13.36,13.35,13.34,13.45,13.46,13.47,13.48,13.49,13.5,13.51,13.52,13.53,13.54,9900,6300,12900,20700,12500,10500,28300,8400,12300,8100,68100,42800,48000,68700,14900,34600,1100,14000,4600,22500
2473.0,13.45,4379700,58578723.0,13.44,13.43,13.41,13.4,13.39,13.38,13.37,13.36,13.35,13.34,13.45,13.46,13.47,13.48,13.49,13.5,13.51,13.52,13.53,13.54,10400,6300,12900,20700,12500,10500,28300,8400,12300,8100,66700,42800,48000,68700,14900,34600,1100,14000,4600,22500
2474.0,13.44,4381800,58606954.0,13.44,13.43,13.41,13.4,13.39,13.38,13.37,13.36,13.35,13.34,13.45,13.46,13.47,13.48,13.49,13.5,13.51,13.52,13.53,13.54,9000,6300,12900,20700,12500,10500,28300,8400,12300,8100,66000,42800,48000,68700,14900,34600,1100,14000,4600,22500
2475.0,13.44,4381900,58608298.0,13.44,13.43,13.41,13.4,13.39,13.38,13.37,13.36,13.35,13.34,13.45,13.46,13.47,13.48,13.49,13.5,13.51,13.52,13.53,13.54,8900,6300,12900,20700,12500,10500,28300,8400,12300,8100,66000,42800,48000,68900,14900,34600,1100,14000,4600,22500
2476.0,13.44,4381900,58608298.0,13.44,13.43,13.41,13.4,13.39,13.38,13.37,13.36,13.35,13.34,13.45,13.46,13.47,13.48,13.49,13.5,13.51,13.52,13.53,13.54,8900,6500,12900,20700,12500,10500,28300,8400,12300,8100,66000,42800,48000,68900,14900,34600,1100,14000,4600,22500
2477.0,13.45,4382600,58617713.0,13.44,13.43,13.41,13.4,13.39,13.38,13.37,13.36,13.35,13.34,13.45,13.46,13.47,13.48,13.49,13.5,13.51,13.52,13.53,13.54,8900,6500,12900,20700,12500,10500,28300,8400,11100,8100,65300,42800,48000,68900,14900,34600,1100,14000,4600,22500
2478.0,13.44,4384400,58641915.0,13.44,13.43,13.41,13.4,13.39,13.38,13.37,13.36,13.35,13.34,13.45,13.46,13.47,13.48,13.49,13.5,13.51,13.52,13.53,13.54,8100,6500,12900,20700,12500,10500,28300,8400,11100,8100,64300,42800,48000,68900,14900,34600,1100,14000,4600,22500
2479.0,13.45,4385300,58654020.0,13.44,13.43,13.41,13.4,13.39,13.38,13.37,13.36,13.35,13.34,13.45,13.46,13.47,13.48,13.49,13.5,13.51,13.52,13.53,13.54,8100,6500,12900,20700,12500,10500,28300,8400,11100,8100,63400,42800,48000,68000,14900,34600,1100,14000,4600,22500
2480.0,13.45,4386000,58663435.0,13.44,13.43,13.41,13.4,13.39,13.38,13.37,13.36,13.35,13.34,13.45,13.46,13.47,13.48,13.49,13.5,13.51,13.52,13.53,13.54,8700,6500,12900,20700,12500,10500,28300,8400,11100,8100,62700,42800,48000,68000,14900,34600,1100,14000,4600,22500
2481.0,13.45,4386000,58663435.0,13.44,13.43,13.41,13.4,13.39,13.38,13.37,13.36,13.35,13.34,13.45,13.46,13.47,13.48,13.49,13.5,13.51,13.52,13.53,13.54,8700,6500,12900,20700,12500,10500,28300,8400,11100,8100,62700,42800,48000,68000,14900,34600,1100,14000,4600,22500
2482.0,13.45,4394100,58772346.0,13.44,13.43,13.41,13.4,13.39,13.38,13.37,13.36,13.35,13.34,13.45,13.46,13.47,13.48,13.49,13.5,13.51,13.52,13.53,13.54,5300,6500,12900,20700,12500,10500,28300,8400,11100,8100,58000,42800,48000,68000,14900,34600,1100,14000,4600,22500
2483.0,13.45,4394800,58781761.0,13.44,13.43,13.41,13.4,13.39,13.38,13.37,13.36,13.35,13.34,13.45,13.46,13.47,13.48,13.49,13.5,13.51,13.52,13.53,13.54,5300,6500,12900,20700,12500,10500,28300,8400,11100,8100,57300,42800,48000,68000,14900,34600,1100,14000,4600,22500
2484.0,13.45,4396800,58808661.0,13.44,13.43,13.41,13.4,13.39,13.38,13.37,13.36,13.35,13.34,13.45,13.46,13.47,13.48,13.49,13.5,13.51,13.52,13.53,13.54,5300,6500,12600,20700,12500,10500,28300,8400,11100,8100,55300,42800,48000,68000,14900,34600,1100,14000,4600,22500
2485.0,13.44,4397100,58812693.0,13.44,13.43,13.41,13.4,13.39,13.38,13.37,13.36,13.35,13.34,13.45,13.46,13.47,13.48,13.49,13.5,13.51,13.52,13.53,13.54,5300,6500,12600,20700,12500,10900,28300,8400,11100,8100,55300,42800,48000,68000,14900,34600,1100,14000,4600,22500
2486.0,13.44,4398800,58835548.0,13.44,13.43,13.41,13.4,13.39,13.38,13.37,13.36,13.35,13.34,13.45,13.46,13.47,13.48,13.49,13.5,13.51,13.52,13.53,13.54,4300,6500,12600,20700,12500,10900,28300,8400,11100,8100,54600,42800,48000,68000,14900,34600,1100,14000,4600,22500
2487.0,13.45,4400100,58853033.0,13.44,13.43,13.41,13.4,13.39,13.38,13.37,13.36,13.35,13.34,13.45,13.46,13.47,13.48,13.49,13.5,13.51,13.52,13.53,13.54,4300,6500,12600,20700,12500,10900,28300,8400,11100,8100,53300,42800,48000,68000,14900,34600,1100,14000,4600,22500
2488.0,13.45,4401600,58873208.0,13.44,13.43,13.41,13.4,13.39,13.38,13.37,13.36,13.35,13.34,13.45,13.46,13.47,13.48,13.49,13.5,13.51,13.52,13.53,13.54,4300,6500,12600,20700,12500,10900,28300,8400,11100,8100,51800,43000,48000,68000,14900,34600,1100,14000,4600,22500
2489.0,13.45,4402300,58882623.0,13.44,13.43,13.41,13.4,13.39,13.38,13.37,13.36,13.35,13.34,13.45,13.46,13.47,13.48,13.49,13.5,13.51,13.52,13.53,13.54,4100,6500,12600,20700,12500,10900,28300,8400,11500,8100,51100,43000,48000,68000,14900,34600,1100,14000,4600,22500
2490.0,13.45,4402400,58883968.0,13.44,13.43,13.41,13.4,13.39,13.38,13.37,13.36,13.35,13.34,13.45,13.46,13.47,13.48,13.49,13.5,13.51,13.52,13.53,13.54,4100,6500,12600,20700,12500,10900,28300,8400,11500,8100,51000,43000,48000,68000,14900,34600,1100,14000,4600,22500
2491.0,13.44,4404600,58913554.0,13.44,13.43,13.41,13.4,13.39,13.38,13.37,13.36,13.35,13.34,13.45,13.46,13.47,13.48,13.49,13.5,13.51,13.52,13.53,13.54,3700,6500,12600,20700,12500,10900,28300,8400,11500,8100,47200,43000,48000,68000,14900,34600,1100,14000,4600,22500
2492.0,13.44,4404600,58913554.0,13.44,13.43,13.41,13.4,13.39,13.38,13.37,13.36,13.35,13.34,13.45,13.46,13.47,13.48,13.49,13.5,13.51,13.52,13.53,13.54,4400,6500,12600,20700,12500,10900,28300,8400,11500,8100,47200,44000,47600,68000,14900,34600,1100,14000,4600,22500
2493.0,13.44,4404600,58913554.0,13.44,13.43,13.41,13.4,13.39,13.38,13.37,13.36,13.35,13.34,13.45,13.46,13.47,13.48,13.49,13.5,13.51,13.52,13.53,13.54,4400,6500,12600,20700,12500,10900,28300,8400,11500,8100,47200,44000,47600,68000,14900,34600,1100,14000,4600,22500
2494.0,13.45,4409300,58976769.0,13.44,13.43,13.41,13.4,13.39,13.38,13.37,13.36,13.35,13.34,13.45,13.46,13.47,13.48,13.49,13.5,13.51,13.52,13.53,13.54,4300,6500,12600,44500,12500,10900,28300,8400,11500,8100,42500,44000,47600,68000,14900,34600,1100,14000,4600,22500
2495.0,13.45,4410000,58986184.0,13.44,13.43,13.41,13.4,13.39,13.38,13.37,13.36,13.35,13.34,13.45,13.46,13.47,13.48,13.49,13.5,13.51,13.52,13.53,13.54,4300,6500,12600,44500,12500,10900,28300,8400,11500,8100,41800,44000,47600,68000,14900,34600,1100,14000,4600,22500
2496.0,13.44,4416600,59074888.0,13.43,13.41,13.4,13.39,13.38,13.37,13.36,13.35,13.34,13.33,13.44,13.45,13.46,13.47,13.48,13.49,13.5,13.51,13.52,13.53,6500,12600,44500,12500,10900,28300,8400,11500,8100,7400,3800,41800,44000,47600,68000,14900,34600,1100,14000,4600
2497.0,13.45,4430100,59256399.0,13.43,13.41,13.4,13.39,13.38,13.37,13.36,13.35,13.34,13.33,13.45,13.46,13.47,13.48,13.49,13.5,13.51,13.52,13.53,13.54,5200,12600,44500,12500,10900,28300,8400,11500,8100,7400,33400,44000,47600,68000,14900,34600,1100,14000,4600,22500
2498.0,13.45,4430800,59265814.0,13.43,13.41,13.4,13.39,13.38,13.37,13.36,13.35,13.34,13.33,13.45,13.46,13.47,13.48,13.49,13.5,13.51,13.52,13.53,13.54,5600,12600,44500,12500,10900,28300,8400,11500,8100,7400,33200,44000,47600,68000,14900,34600,1100,14000,4600,22500
2499.0,13.45,4430800,59265814.0,13.43,13.41,13.4,13.39,13.38,13.37,13.36,13.35,13.34,13.33,13.45,13.46,13.47,13.48,13.49,13.5,13.51,13.52,13.53,13.54,6700,12600,44500,12500,10900,28300,8400,11500,8100,7400,39100,44000,47600,68000,14900,34600,1100,14000,4600,22500
2500.0,13.45,4430800,59265814.0,13.43,13.41,13.4,13.39,13.38,13.37,13.36,13.35,13.34,13.33,13.45,13.46,13.47,13.48,13.49,13.5,13.51,13.52,13.53,13.54,7300,12600,44500,12500,10900,28300,8400,11500,8100,7400,39700,44000,47600,68000,14900,34600,1100,14000,4600,22500
2501.0,13.45,4432300,59285975.0,13.44,13.43,13.41,13.4,13.39,13.38,13.37,13.36,13.35,13.34,13.45,13.46,13.47,13.48,13.49,13.5,13.51,13.52,13.53,13.54,8600,8000,12600,44500,12500,10900,28300,8400,11500,8100,40300,44000,47600,68000,14900,34600,1100,14000,4600,22500
2502.0,13.45,4432300,59285975.0,13.44,13.43,13.41,13.4,13.39,13.38,13.37,13.36,13.35,13.34,13.45,13.46,13.47,13.48,13.49,13.5,13.51,13.52,13.53,13.54,8600,8000,12600,44500,12500,10900,28300,8400,11500,8100,40300,42000,47600,68000,14900,34600,1100,14000,4600,22500
2503.0,13.45,4432300,59285975.0,13.44,13.43,13.41,13.4,13.39,13.38,13.37,13.36,13.35,13.34,13.45,13.46,13.47,13.48,13.49,13.5,13.51,13.52,13.53,13.54,8600,8000,12600,44500,12500,10900,28300,8400,11500,8100,40300,42000,47600,68000,14900,34600,1100,14000,4600,22500
2504.0,13.45,4433000,59295390.0,13.44,13.43,13.41,13.4,13.39,13.38,13.37,13.36,13.35,13.34,13.45,13.46,13.47,13.48,13.49,13.5,13.51,13.52,13.53,13.54,8600,8000,12600,44500,12500,10900,28300,8400,11500,8100,39600,42000,47600,68000,14900,34100,1100,14000,4600,22500
2505.0,13.45,4433000,59295390.0,13.44,13.43,13.41,13.4,13.39,13.38,13.37,13.36,13.35,13.34,13.45,13.46,13.47,13.48,13.49,13.5,13.51,13.52,13.53,13.54,8600,8000,12600,44500,12500,10900,28300,8400,11500,8100,57600,42000,47600,68000,14900,34100,1100,14000,4600,22500
2506.0,13.44,4433300,59299422.0,13.44,13.43,13.41,13.4,13.39,13.38,13.37,13.36,13.35,13.34,13.45,13.46,13.47,13.48,13.49,13.5,13.51,13.52,13.53,13.54,8300,8000,12600,44500,12500,10900,28300,8400,11500,8100,57600,42000,47600,68000,14900,34100,1100,14000,4600,22500
2507.0,13.44,4433300,59299422.0,13.44,13.43,13.41,13.4,13.39,13.38,13.37,13.36,13.35,13.34,13.45,13.46,13.47,13.48,13.49,13.5,13.51,13.52,13.53,13.54,8300,8000,12600,44500,12500,10900,28300,8400,11500,8100,57900,42000,47600,68000,14900,34100,1100,14000,4600,22500
2508.0,13.44,4435000,59322273.0,13.44,13.43,13.41,13.4,13.39,13.38,13.37,13.36,13.35,13.34,13.45,13.46,13.47,13.48,13.49,13.5,13.51,13.52,13.53,13.54,6900,8000,12600,44500,12500,10900,28300,8400,11500,8100,57600,42000,47600,68000,14900,34100,1100,14000,4600,22500
2509.0,13.45,4441400,59408353.0,13.44,13.43,13.41,13.4,13.39,13.38,13.37,13.36,13.35,13.34,13.45,13.46,13.47,13.48,13.49,13.5,13.51,13.52,13.53,13.54,6900,8000,12600,44500,12500,10900,28300,8400,11500,8100,51200,42600,47600,68000,14900,34100,1100,14000,4600,22500
2510.0,13.45,4443600,59437937.0,13.44,13.43,13.41,13.4,13.39,13.38,13.37,13.36,13.35,13.34,13.45,13.46,13.47,13.48,13.49,13.5,13.51,13.52,13.53,13.54,6300,8000,12600,44500,12500,10900,28300,8400,11500,8100,50900,42700,47600,68000,14900,34100,1100,14000,4600,22500
2511.0,13.45,4445500,59463492.0,13.44,13.43,13.41,13.4,13.39,13.38,13.37,13.36,13.35,13.34,13.45,13.46,13.47,13.48,13.49,13.5,13.51,13.52,13.53,13.54,6500,8000,12600,44500,12500,10900,28300,8400,11500,8100,49000,42700,47600,68000,14900,34100,1100,14000,4600,22500
2512.0,13.45,4446400,59475597.0,13.44,13.43,13.41,13.4,13.39,13.38,13.37,13.36,13.35,13.34,13.45,13.46,13.47,13.48,13.49,13.5,13.51,13.52,13.53,13.54,8300,8000,12600,44500,12500,10900,28300,8400,11500,8100,48100,46500,47600,68000,14900,34100,1100,14000,4600,22500
2513.0,13.44,4454700,59587149.0,13.43,13.42,13.41,13.4,13.39,13.38,13.37,13.36,13.35,13.34,13.44,13.45,13.46,13.47,13.48,13.49,13.5,13.51,13.52,13.53,8000,500,12600,44500,12500,10900,28300,8400,11500,8100,3100,48100,46500,47600,68000,14900,34100,1100,14000,4600
2514.0,13.45,4458800,59642263.0,13.43,13.42,13.41,13.4,13.39,13.38,13.37,13.36,13.35,13.34,13.45,13.46,13.47,13.48,13.49,13.5,13.51,13.52,13.53,13.54,8000,500,12600,44500,12500,10900,28300,8400,11500,8100,47100,46100,47600,68000,14900,34100,1100,14000,4600,22500
2515.0,13.45,4458800,59642263.0,13.43,13.42,13.41,13.4,13.39,13.38,13.37,13.36,13.35,13.34,13.45,13.46,13.47,13.48,13.49,13.5,13.51,13.52,13.53,13.54,10000,500,12600,44500,12500,10900,28300,8400,11500,8100,49100,46100,47600,68000,14900,34100,1100,14000,4600,22500
2516.0,13.45,4461000,59671853.0,13.43,13.42,13.41,13.4,13.39,13.38,13.37,13.36,13.35,13.34,13.45,13.46,13.47,13.48,13.49,13.5,13.51,13.52,13.53,13.54,10500,500,12600,44500,12500,10900,28300,8400,11500,8100,47400,46100,47600,68000,14900,34100,1100,14000,4600,22500
2517.0,13.45,4465000,59725653.0,13.43,13.42,13.41,13.4,13.39,13.38,13.37,13.36,13.35,13.34,13.45,13.46,13.47,13.48,13.49,13.5,13.51,13.52,13.53,13.54,12500,500,12600,44500,12500,10900,28300,8400,11500,8100,45400,46100,47600,68000,14900,32800,1100,14000,4600,22500
2518.0,13.45,4465100,59726998.0,13.43,13.42,13.41,13.4,13.39,13.38,13.37,13.36,13.35,13.34,13.45,13.46,13.47,13.48,13.49,13.5,13.51,13.52,13.53,13.54,13000,500,12600,44500,12500,10900,28300,8400,11500,8100,45800,46100,47600,68000,14900,32800,1100,14000,4600,22500
2519.0,13.45,4467900,59764658.0,13.43,13.42,13.41,13.4,13.39,13.38,13.37,13.36,13.35,13.34,13.45,13.46,13.47,13.48,13.49,13.5,13.51,13.52,13.53,13.54,14300,500,12600,44500,12500,10900,28300,8400,11500,8100,46100,46100,47600,68000,14900,32800,1100,14000,4600,22500
2520.0,13.45,4470800,59803663.0,13.44,13.43,13.42,13.41,13.4,13.39,13.38,13.37,13.36,13.35,13.45,13.46,13.47,13.48,13.49,13.5,13.51,13.52,13.53,13.54,100,21600,500,12600,44500,12500,10900,28300,8400,11500,43200,46100,47600,68000,14900,32800,1100,14000,4600,22500
2521.0,13.45,4470800,59803663.0,13.44,13.43,13.42,13.41,13.4,13.39,13.38,13.37,13.36,13.35,13.45,13.46,13.47,13.48,13.49,13.5,13.51,13.52,13.53,13.54,100,21600,500,12600,44500,12500,10900,28300,8400,11500,43200,46100,47600,68000,14900,32800,1100,14000,4600,22500
2522.0,13.45,4475900,59872258.0,13.44,13.43,13.42,13.41,13.4,13.39,13.38,13.37,13.36,13.35,13.45,13.46,13.47,13.48,13.49,13.5,13.51,13.52,13.53,13.54,100,21600,600,12700,45000,12500,10900,28300,8400,11500,38100,46100,47600,68000,14900,33000,1100,14000,4600,22500
2523.0,13.45,4476000,59873603.0,13.44,13.43,13.42,13.41,13.4,13.39,13.38,13.37,13.36,13.35,13.45,13.46,13.47,13.48,13.49,13.5,13.51,13.52,13.53,13.54,100,29900,600,12700,45000,12500,10900,28300,8400,11500,38000,46100,47600,68000,14900,33000,1100,14000,4600,22500
2524.0,13.45,4476000,59873603.0,13.44,13.43,13.42,13.41,13.4,13.39,13.38,13.37,13.36,13.35,13.45,13.46,13.47,13.48,13.49,13.5,13.51,13.52,13.53,13.54,10000,29900,600,12700,45000,12500,10900,28300,8400,11500,38000,46100,47600,68000,14900,33000,1100,14000,4600,22500
2525.0,13.45,4487900,60033651.0,13.44,13.43,13.42,13.41,13.4,13.39,13.38,13.37,13.36,13.35,13.45,13.46,13.47,13.48,13.49,13.5,13.51,13.52,13.53,13.54,9300,29900,700,12700,45000,12500,10900,28300,8400,11500,26800,46100,47600,68000,14900,33000,1100,14000,4600,22500
2526.0,13.45,4490300,60065931.0,13.44,13.43,13.42,13.41,13.4,13.39,13.38,13.37,13.36,13.35,13.45,13.46,13.47,13.48,13.49,13.5,13.51,13.52,13.53,13.54,9300,29900,700,12700,45000,12500,10900,28300,8400,11500,24600,48100,47600,68000,14900,33000,1100,14000,4600,22500
2527.0,13.44,4490900,60073995.0,13.44,13.43,13.42,13.41,13.4,13.39,13.38,13.37,13.36,13.35,13.45,13.46,13.47,13.48,13.49,13.5,13.51,13.52,13.53,13.54,8700,29900,700,12700,50000,12500,10900,28300,8400,11500,25600,48100,47900,68000,14900,30000,1100,13400,4600,22500
2528.0,13.45,4493000,60102233.0,13.44,13.43,13.42,13.41,13.4,13.39,13.38,13.37,13.36,13.35,13.45,13.46,13.47,13.48,13.49,13.5,13.51,13.52,13.53,13.54,8000,29900,700,12700,50000,12500,10900,28300,8400,11500,24200,48100,47900,68300,14900,30000,1100,13400,4600,22500
2529.0,13.45,4494900,60127788.0,13.44,13.43,13.42,13.41,13.4,13.39,13.38,13.37,13.36,13.35,13.45,13.46,13.47,13.48,13.49,13.5,13.51,13.52,13.53,13.54,12200,29900,700,12700,50000,12500,10900,28300,8400,11500,22300,48100,47900,68300,14900,30000,1100,13400,4600,22500
2530.0,13.45,4495700,60138548.0,13.44,13.43,13.42,13.41,13.4,13.39,13.38,13.37,13.36,13.35,13.45,13.46,13.47,13.48,13.49,13.5,13.51,13.52,13.53,13.54,12200,29900,700,12700,50000,12500,10900,28300,8400,11500,21500,48100,47900,68300,14900,30000,1100,13400,4600,22500
2531.0,13.45,4498600,60177553.0,13.44,13.43,13.42,13.41,13.4,13.39,13.38,13.37,13.36,13.35,13.45,13.46,13.47,13.48,13.49,13.5,13.51,13.52,13.53,13.54,12200,29900,700,12700,50000,12500,10900,28300,8400,11500,18800,48100,47900,68300,14900,30000,1100,13400,4600,22500
2532.0,13.45,4498600,60177553.0,13.44,13.43,13.42,13.41,13.4,13.39,13.38,13.37,13.36,13.35,13.45,13.46,13.47,13.48,13.49,13.5,13.51,13.52,13.53,13.54,12200,29900,700,12700,50000,12500,10900,28300,8400,11500,22500,48100,47900,68300,14900,28100,1100,13400,4600,22500
2533.0,13.45,4499300,60186968.0,13.44,13.43,13.42,13.41,13.4,13.39,13.38,13.37,13.36,13.35,13.45,13.46,13.47,13.48,13.49,13.5,13.51,13.52,13.53,13.54,13200,29900,700,12700,50000,12500,10900,28300,8400,11500,21800,48100,47900,68300,14900,28100,1100,13400,4600,22500
2534.0,13.45,4499500,60189658.0,13.44,13.43,13.42,13.41,13.4,13.39,13.38,13.37,13.36,13.35,13.45,13.46,13.47,13.48,13.49,13.5,13.51,13.52,13.53,13.54,13200,29900,700,12700,50000,12500,10900,28300,8400,11500,21600,48100,47900,68300,14900,28100,1100,13400,4600,22500
2535.0,13.44,4502500,60230003.0,13.44,13.43,13.42,13.41,13.4,13.39,13.38,13.37,13.36,13.35,13.45,13.46,13.47,13.48,13.49,13.5,13.51,13.52,13.53,13.54,12700,29900,700,12700,50000,12500,10900,28300,8400,11500,19600,48100,47900,68300,14900,28100,1100,13400,4600,22500
2536.0,13.45,4503400,60242108.0,13.44,13.43,13.42,13.41,13.4,13.39,13.38,13.37,13.36,13.35,13.45,13.46,13.47,13.48,13.49,13.5,13.51,13.52,13.53,13.54,12700,29900,700,12700,50000,12500,10900,28300,8400,11500,18700,48600,47900,68300,14900,28100,1100,13400,4600,22500
2537.0,13.44,4504100,60251516.0,13.44,13.43,13.42,13.41,13.4,13.39,13.38,13.37,13.36,13.35,13.45,13.46,13.47,13.48,13.49,13.5,13.51,13.52,13.53,13.54,12000,29900,700,12700,50000,12500,10900,28300,8400,11500,18700,49500,47900,68100,14900,28100,1000,13400,4600,22500
2538.0,13.45,4504400,60255551.0,13.44,13.43,13.42,13.41,13.4,13.39,13.38,13.37,13.36,13.35,13.45,13.46,13.47,13.48,13.49,13.5,13.51,13.52,13.53,13.54,12000,29900,700,12700,50000,12500,10900,28300,8400,11500,28900,49500,47900,68100,14900,27700,1000,13400,4600,22500
2539.0,13.45,4504400,60255551.0,13.44,13.43,13.42,13.41,13.4,13.39,13.38,13.37,13.36,13.35,13.45,13.46,13.47,13.48,13.49,13.5,13.51,13.52,13.53,13.54,12000,29900,700,12700,50000,12500,10900,28300,8400,11500,28900,49500,47900,68100,14900,27700,1000,13400,4600,22500
2540.0,13.45,4514000,60384664.0,13.44,13.43,13.42,13.41,13.4,13.39,13.38,13.37,13.36,13.35,13.45,13.46,13.47,13.48,13.49,13.5,13.51,13.52,13.53,13.54,12700,29900,700,12700,50000,12500,10900,28300,8400,11500,25400,49500,47900,68100,14900,27700,1000,13400,4600,22500
2541.0,13.45,4514200,60387354.0,13.44,13.43,13.42,13.41,13.4,13.39,13.38,13.37,13.36,13.35,13.45,13.46,13.47,13.48,13.49,13.5,13.51,13.52,13.53,13.54,12700,29900,700,12700,50000,12500,10900,28300,8400,11500,25200,52500,47900,68100,14900,27700,1000,13400,4600,22500
2542.0,13.45,4514200,60387354.0,13.44,13.43,13.42,13.41,13.4,13.39,13.38,13.37,13.36,13.35,13.45,13.46,13.47,13.48,13.49,13.5,13.51,13.52,13.53,13.54,12700,29900,700,12700,50000,12500,10900,28300,8400,11500,25200,53400,47900,68100,14900,27700,1000,13400,4600,22500
2543.0,13.44,4514900,60396762.0,13.44,13.43,13.42,13.41,13.4,13.39,13.38,13.37,13.36,13.35,13.45,13.46,13.47,13.48,13.49,13.5,13.51,13.52,13.53,13.54,12000,29900,700,12700,53500,12500,10900,28300,8400,11500,25200,53400,47900,68100,14900,27700,1000,13400,4600,22500
2544.0,13.44,4514900,60396762.0,13.44,13.43,13.42,13.41,13.4,13.39,13.38,13.37,13.36,13.35,13.45,13.46,13.47,13.48,13.49,13.5,13.51,13.52,13.53,13.54,12000,29900,700,12700,53500,12500,10900,28300,8400,11500,25200,53400,47900,68100,14900,27700,1000,13400,4600,22500
2545.0,13.45,4521900,60490912.0,13.44,13.43,13.42,13.41,13.4,13.39,13.38,13.37,13.36,13.35,13.45,13.46,13.47,13.48,13.49,13.5,13.51,13.52,13.53,13.54,12000,29900,700,12700,53500,12500,10900,28300,8400,11500,18200,53400,48100,68100,14900,27800,1000,13400,4600,22500
2546.0,13.45,4531400,60618680.0,13.44,13.43,13.42,13.41,13.4,13.39,13.38,13.37,13.36,13.35,13.45,13.46,13.47,13.48,13.49,13.5,13.51,13.52,13.53,13.54,11300,29900,700,12700,53500,12500,10900,28300,8400,11500,9400,53400,48100,68100,14900,27800,1000,13400,4600,22500
2547.0,13.45,4531400,60618680.0,13.44,13.43,13.42,13.41,13.4,13.39,13.38,13.37,13.36,13.35,13.45,13.46,13.47,13.48,13.49,13.5,13.51,13.52,13.53,13.54,11300,29900,700,12700,53500,12500,10900,28300,8400,11500,9400,53400,48100,68100,14900,27800,1000,13400,4600,22500
2548.0,13.45,4533100,60641538.0,13.44,13.43,13.42,13.41,13.4,13.39,13.38,13.37,13.36,13.35,13.45,13.46,13.47,13.48,13.49,13.5,13.51,13.52,13.53,13.54,10600,29900,700,12700,53500,12500,10900,28300,8400,11500,8400,53400,48100,68100,14900,27800,1000,13400,4600,22500
2549.0,13.44,4534000,60653634.0,13.44,13.43,13.42,13.41,13.4,13.39,13.38,13.37,13.36,13.35,13.45,13.46,13.47,13.48,13.49,13.5,13.51,13.52,13.53,13.54,9700,29900,700,12700,53500,12500,10900,28300,8400,11500,8400,53400,48100,68100,14900,27800,1000,13400,4600,22500
2550.0,13.45,4534400,60659014.0,13.44,13.43,13.42,13.41,13.4,13.39,13.38,13.37,13.36,13.35,13.45,13.46,13.47,13.48,13.49,13.5,13.51,13.52,13.53,13.54,9700,29900,700,12700,53500,12500,10900,28300,8400,11500,8000,53400,48100,68100,14900,27800,1000,13400,4600,22500
2551.0,13.45,4534400,60659014.0,13.44,13.43,13.42,13.41,13.4,13.39,13.38,13.37,13.36,13.35,13.45,13.46,13.47,13.48,13.49,13.5,13.51,13.52,13.53,13.54,9700,29900,700,12700,53500,12500,10900,28300,8400,11500,8000,53400,48100,68100,14900,27800,1000,13400,4600,22500
2552.0,13.44,4535100,60668422.0,13.44,13.43,13.42,13.41,13.4,13.39,13.38,13.37,13.36,13.35,13.45,13.46,13.47,13.48,13.49,13.5,13.51,13.52,13.53,13.54,9000,29900,700,12700,54500,12500,10900,28300,8400,11500,11200,53400,48100,68100,14900,27800,1000,13400,4600,22500
2553.0,13.45,4541500,60754488.0,13.44,13.43,13.42,13.41,13.4,13.39,13.38,13.37,13.36,13.35,13.45,13.46,13.47,13.48,13.49,13.5,13.51,13.52,13.53,13.54,7600,29900,700,12700,54500,12500,10900,28300,8400,11500,6200,53400,48100,68100,14900,27800,1000,13400,4600,22500
2554.0,13.45,4547300,60832498.0,13.44,13.43,13.42,13.41,13.4,13.39,13.38,13.37,13.36,13.35,13.45,13.46,13.47,13.48,13.49,13.5,13.51,13.52,13.53,13.54,7600,29900,700,12700,54500,12500,10900,28300,8400,11500,400,52900,48100,68100,14900,27800,1000,13400,4600,22500
2555.0,13.45,4548400,60847286.0,13.45,13.44,13.43,13.42,13.41,13.4,13.39,13.38,13.37,13.36,13.46,13.47,13.48,13.49,13.5,13.51,13.52,13.53,13.54,13.55,300,6900,29900,700,12700,54500,12500,10900,28300,8400,52900,48100,68100,14900,27800,1000,13400,4600,22500,23900
2556.0,13.45,4548400,60847286.0,13.45,13.44,13.43,13.42,13.41,13.4,13.39,13.38,13.37,13.36,13.46,13.47,13.48,13.49,13.5,13.51,13.52,13.53,13.54,13.55,1100,6900,29900,700,12700,54500,12500,10900,28300,8400,52900,48100,68100,14900,27800,1000,13400,4600,22500,23900
2557.0,13.45,4548400,60847286.0,13.45,13.44,13.43,13.42,13.41,13.4,13.39,13.38,13.37,13.36,13.46,13.47,13.48,13.49,13.5,13.51,13.52,13.53,13.54,13.55,1100,6900,29900,700,12700,54500,12500,10900,28300,8400,52900,48100,68100,14900,27800,1000,13400,4600,22500,23900
2558.0,13.46,4554000,60922661.0,13.45,13.44,13.43,13.42,13.41,13.4,13.39,13.38,13.37,13.36,13.46,13.47,13.48,13.49,13.5,13.51,13.52,13.53,13.54,13.55,1400,6900,29900,700,13700,54500,12500,10900,28300,8400,47400,48100,68100,14900,27800,1000,13400,4600,22500,23900
2559.0,13.46,4554800,60933429.0,13.45,13.44,13.43,13.42,13.41,13.4,13.39,13.38,13.37,13.36,13.46,13.47,13.48,13.49,13.5,13.51,13.52,13.53,13.54,13.55,1400,6900,29900,700,13700,54500,12500,10900,28300,8400,50600,48100,68100,14900,27800,1000,13400,4600,22500,23900
2560.0,13.46,4555300,60940158.0,13.45,13.44,13.43,13.42,13.41,13.4,13.39,13.38,13.37,13.36,13.46,13.47,13.48,13.49,13.5,13.51,13.52,13.53,13.54,13.55,1300,6900,29900,700,13700,54500,12500,10900,28300,8400,50200,48100,68100,14900,27800,1000,13400,4600,22500,23900
2561.0,13.46,4556000,60949580.0,13.45,13.44,13.43,13.42,13.41,13.4,13.39,13.38,13.37,13.36,13.46,13.47,13.48,13.49,13.5,13.51,13.52,13.53,13.54,13.55,1300,6900,29900,700,13700,54500,12500,10900,28300,8400,49500,48100,68100,14900,25800,1000,13400,4600,22500,23900
2562.0,13.46,4556000,60949580.0,13.45,13.44,13.43,13.42,13.41,13.4,13.39,13.38,13.37,13.36,13.46,13.47,13.48,13.49,13.5,13.51,13.52,13.53,13.54,13.55,9300,6900,29900,700,13700,54500,12500,10900,28300,8400,49500,48100,68100,14900,25800,1000,13400,4600,22500,23900
2563.0,13.45,4556700,60958995.0,13.45,13.44,13.43,13.42,13.41,13.4,13.39,13.38,13.37,13.36,13.46,13.47,13.48,13.49,13.5,13.51,13.52,13.53,13.54,13.55,8600,6900,29900,700,13700,54500,12500,10900,28300,8400,49500,48100,68100,14900,25800,1000,13400,4600,22500,23900
2564.0,13.46,4559100,60991299.0,13.45,13.44,13.43,13.42,13.41,13.4,13.39,13.38,13.37,13.36,13.46,13.47,13.48,13.49,13.5,13.51,13.52,13.53,13.54,13.55,8600,6900,29900,700,13700,54500,12500,10900,28300,8400,47100,48100,68100,14900,25800,1000,13400,4600,22500,23900
2565.0,13.45,4560400,61008792.0,13.45,13.44,13.43,13.42,13.41,13.4,13.39,13.38,13.37,13.36,13.46,13.47,13.48,13.49,13.5,13.51,13.52,13.53,13.54,13.55,8100,6900,29900,700,13700,54500,12500,10900,28300,8400,46800,48100,68100,14900,25800,1000,13400,4600,22500,23900
2566.0,13.46,4568400,61116465.0,13.45,13.44,13.43,13.42,13.41,13.4,13.39,13.38,13.37,13.36,13.46,13.47,13.48,13.49,13.5,13.51,13.52,13.53,13.54,13.55,7400,6900,29900,700,13700,54500,11500,10900,28300,8400,39700,48100,68100,14900,25800,1000,13400,4600,22500,23900
2567.0,13.46,4569700,61133963.0,13.45,13.44,13.43,13.42,13.41,13.4,13.39,13.38,13.37,13.36,13.46,13.47,13.48,13.49,13.5,13.51,13.52,13.53,13.54,13.55,7400,6600,29900,700,13700,54500,11500,10900,28300,8400,38400,48100,68100,14900,25800,1000,13400,4600,22500,23900
2568.0,13.46,4569700,61133963.0,13.45,13.44,13.43,13.42,13.41,13.4,13.39,13.38,13.37,13.36,13.46,13.47,13.48,13.49,13.5,13.51,13.52,13.53,13.54,13.55,7400,6600,29900,700,12700,54500,11500,10900,28300,8400,38400,48100,68100,14900,25800,1000,13400,4600,22500,23900
2569.0,13.45,4571000,61151449.0,13.45,13.44,13.43,13.42,13.41,13.4,13.39,13.38,13.37,13.36,13.46,13.47,13.48,13.49,13.5,13.51,13.52,13.53,13.54,13.55,6200,6600,29900,700,12700,54500,11500,10900,28300,8400,38500,48100,68100,14900,25800,1000,13400,4600,22500,23900
2570.0,13.45,4571000,61151449.0,13.45,13.44,13.43,13.42,13.41,13.4,13.39,13.38,13.37,13.36,13.46,13.47,13.48,13.49,13.5,13.51,13.52,13.53,13.54,13.55,6200,6600,29900,700,12700,54500,11500,10900,28300,8400,38500,48100,68100,14900,25800,1000,13400,4600,22500,23900
2571.0,13.46,4571300,61155487.0,13.45,13.44,13.43,13.42,13.41,13.4,13.39,13.38,13.37,13.36,13.46,13.47,13.48,13.49,13.5,13.51,13.52,13.53,13.54,13.55,6200,6600,29900,700,12700,55000,11500,10900,28300,8400,38700,48100,68100,14900,25800,1000,13400,4600,22500,23900
2572.0,13.46,4571900,61163563.0,13.45,13.44,13.43,13.42,13.41,13.4,13.39,13.38,13.37,13.36,13.46,13.47,13.48,13.49,13.5,13.51,13.52,13.53,13.54,13.55,6200,6600,29900,700,12700,55000,11500,10900,28300,8400,38100,48100,68100,14900,25800,1000,13400,4600,22500,23900
2573.0,13.46,4573900,61190483.0,13.45,13.44,13.43,13.42,13.41,13.4,13.39,13.38,13.37,13.36,13.46,13.47,13.48,13.49,13.5,13.51,13.52,13.53,13.54,13.55,7200,6600,29900,700,12700,55000,11500,10900,28300,8400,39200,48100,68100,14900,25800,1000,13400,4600,22500,23900
2574.0,13.45,4575800,61216050.0,13.45,13.44,13.43,13.42,13.41,13.4,13.39,13.38,13.37,13.36,13.46,13.47,13.48,13.49,13.5,13.51,13.52,13.53,13.54,13.55,7500,6600,29900,700,12700,55000,11500,10900,28300,8400,38000,48100,68100,14900,25800,1000,13400,4600,22500,23900
2575.0,13.45,4577900,61244302.0,13.45,13.44,13.43,13.42,13.41,13.4,13.39,13.38,13.37,13.36,13.46,13.47,13.48,13.49,13.5,13.51,13.52,13.53,13.54,13.55,7100,6600,29900,700,12700,55200,11500,10900,28300,8400,37300,48100,68100,14900,25800,1000,13400,4600,22500,23900
2576.0,13.45,4577900,61244302.0,13.45,13.44,13.43,13.42,13.41,13.4,13.39,13.38,13.37,13.36,13.46,13.47,13.48,13.49,13.5,13.51,13.52,13.53,13.54,13.55,7100,6600,29900,700,12700,55200,11500,10900,28300,8400,37300,48100,68100,11900,25800,1000,13400,4600,22500,23900
2577.0,13.46,4580200,61275253.0,13.45,13.44,13.43,13.42,13.41,13.4,13.39,13.38,13.37,13.36,13.46,13.47,13.48,13.49,13.5,13.51,13.52,13.53,13.54,13.55,6400,6600,29900,700,12700,55200,11500,10900,28300,8400,35700,48100,68100,11900,25800,1000,13400,4600,22500,23900
2578.0,13.46,4580200,61275253.0,13.45,13.44,13.43,13.42,13.41,13.4,13.39,13.38,13.37,13.36,13.46,13.47,13.48,13.49,13.5,13.51,13.52,13.53,13.54,13.55,6400,6600,29900,700,12700,55200,11500,10900,28300,8400,36900,48100,68100,11900,25800,1000,13400,4600,22500,23900
2579.0,13.46,4585200,61342553.0,13.45,13.44,13.43,13.42,13.41,13.4,13.39,13.38,13.37,13.36,13.46,13.47,13.48,13.49,13.5,13.51,13.52,13.53,13.54,13.55,6400,7100,29900,700,12700,55200,11500,10900,28300,8400,31900,48100,68100,11900,25800,1000,13400,4600,22500,23900
2580.0,13.46,4587900,61378895.0,13.45,13.44,13.43,13.42,13.41,13.4,13.39,13.38,13.37,13.36,13.46,13.47,13.48,13.49,13.5,13.51,13.52,13.53,13.54,13.55,6400,7100,29900,700,12700,55200,11500,10900,28300,8400,29200,48100,68100,11900,25800,1000,13400,4600,21000,23900
2581.0,13.46,4587900,61378895.0,13.45,13.44,13.43,13.42,13.41,13.4,13.39,13.38,13.37,13.36,13.46,13.47,13.48,13.49,13.5,13.51,13.52,13.53,13.54,13.55,6400,7100,29900,700,12700,55200,11500,10900,28300,8400,29200,48100,67500,11900,25800,1000,13400,4600,21000,23900
2582.0,13.46,4597900,61513495.0,13.45,13.44,13.43,13.42,13.41,13.4,13.39,13.38,13.37,13.36,13.46,13.47,13.48,13.49,13.5,13.51,13.52,13.53,13.54,13.55,6400,7100,29900,700,12700,55200,11500,10900,28300,8400,19200,48100,67500,11900,25800,1000,13400,4600,21000,23900
2583.0,13.46,4599500,61535025.0,13.45,13.44,13.43,13.42,13.41,13.4,13.39,13.38,13.37,13.36,13.46,13.47,13.48,13.49,13.5,13.51,13.52,13.53,13.54,13.55,5800,7100,29900,700,12700,55200,11500,10900,28300,8400,18200,48100,67500,12900,25800,1000,13400,4600,21000,23900
2584.0,13.46,4599500,61535025.0,13.45,13.44,13.43,13.42,13.41,13.4,13.39,13.38,13.37,13.36,13.46,13.47,13.48,13.49,13.5,13.51,13.52,13.53,13.54,13.55,5800,7100,29900,700,12700,55200,11500,10900,28300,8400,19200,48100,67500,12900,25800,1000,18400,4600,21000,23900
2585.0,13.46,4599500,61535025.0,13.45,13.44,13.43,13.42,13.41,13.4,13.39,13.38,13.37,13.36,13.46,13.47,13.48,13.49,13.5,13.51,13.52,13.53,13.54,13.55,5800,7100,29900,700,12700,55200,11500,10900,28300,8400,19200,48100,67200,12900,25800,1000,18400,4600,21000,23900
2586.0,13.45,4600000,61541750.0,13.45,13.44,13.43,13.42,13.41,13.4,13.39,13.38,13.37,13.36,13.46,13.47,13.48,13.49,13.5,13.51,13.52,13.53,13.54,13.55,5300,7100,30900,700,12700,55200,11500,10900,28300,8400,19200,54000,67200,12900,25800,1000,18400,4600,21000,23900
2587.0,13.46,4611100,61691156.0,13.45,13.44,13.43,13.42,13.41,13.4,13.39,13.38,13.37,13.36,13.46,13.47,13.48,13.49,13.5,13.51,13.52,13.53,13.54,13.55,5300,7100,30900,700,12700,55200,11500,10900,28300,8400,8100,54000,67200,12900,25800,1000,18400,4600,21000,23900
2588.0,13.46,4611200,61692502.0,13.45,13.44,13.43,13.42,13.41,13.4,13.39,13.38,13.37,13.36,13.46,13.47,13.48,13.49,13.5,13.51,13.52,13.53,13.54,13.55,5300,7100,30900,700,12700,55200,11500,10900,28300,8400,8000,54000,67200,12900,25800,1000,18400,4600,21000,23900
2589.0,13.46,4612300,61707303.0,13.45,13.44,13.43,13.42,13.41,13.4,13.39,13.38,13.37,13.36,13.46,13.47,13.48,13.49,13.5,13.51,13.52,13.53,13.54,13.55,4800,7100,30900,700,12700,55200,11500,10900,28300,8400,7900,54000,62200,12900,25800,1000,18400,4600,21000,23900
2590.0,13.46,4613000,61716725.0,13.45,13.44,13.43,13.42,13.41,13.4,13.39,13.38,13.37,13.36,13.46,13.47,13.48,13.49,13.5,13.51,13.52,13.53,13.54,13.55,4800,7100,30900,700,12700,55200,11500,10900,28300,8400,10200,54000,62200,12900,25800,1000,18400,4600,21000,23900
2591.0,13.46,4615900,61755759.0,13.45,13.44,13.43,13.42,13.41,13.4,13.39,13.38,13.37,13.36,13.46,13.47,13.48,13.49,13.5,13.51,13.52,13.53,13.54,13.55,4800,7100,30900,700,12700,55200,11500,10900,28300,8400,9300,57000,62200,12900,25800,1000,18400,4600,21000,23900
2592.0,13.46,4616700,61766523.0,13.45,13.44,13.43,13.42,13.41,13.4,13.39,13.38,13.37,13.36,13.46,13.47,13.48,13.49,13.5,13.51,13.52,13.53,13.54,13.55,4400,7100,30900,700,12700,55200,11500,10900,28300,8400,8900,57000,62200,12900,25800,1000,18400,4600,21000,23900
2593.0,13.46,4617200,61773253.0,13.45,13.44,13.43,13.42,13.41,13.4,13.39,13.38,13.37,13.36,13.46,13.47,13.48,13.49,13.5,13.51,13.52,13.53,13.54,13.55,4400,7100,30900,700,12700,55200,11500,10900,28300,8400,8400,57000,62200,12900,25800,1000,18400,4600,21000,23900
2594.0,13.45,4617600,61778633.0,13.45,13.44,13.43,13.42,13.41,13.4,13.39,13.38,13.37,13.36,13.46,13.47,13.48,13.49,13.5,13.51,13.52,13.53,13.54,13.55,4000,7100,30900,700,12700,55200,11500,10900,28300,8400,8400,57000,62200,12900,25800,1000,18400,4600,21000,23900
2595.0,13.46,4619600,61805553.0,13.45,13.44,13.43,13.42,13.41,13.4,13.39,13.38,13.37,13.36,13.46,13.47,13.48,13.49,13.5,13.51,13.52,13.53,13.54,13.55,4000,5700,30900,700,12700,55200,11500,10900,28300,8400,6400,57200,62200,12900,25800,1000,18400,4600,21000,23900
2596.0,13.46,4622000,61837857.0,13.45,13.44,13.43,13.42,13.41,13.4,13.39,13.38,13.37,13.36,13.46,13.47,13.48,13.49,13.5,13.51,13.52,13.53,13.54,13.55,4000,5700,30900,700,12700,55200,11500,10900,28300,8400,4500,57200,62200,12900,25700,1000,18400,4600,21000,23900
2597.0,13.46,4624100,61866119.0,13.45,13.44,13.43,13.42,13.41,13.4,13.39,13.38,13.37,13.36,13.46,13.47,13.48,13.49,13.5,13.51,13.52,13.53,13.54,13.55,3600,5700,30900,700,12700,55200,11500,10900,28300,8400,2800,59200,62200,12900,25700,1000,18400,4600,21000,23900
2598.0,13.47,4629300,61936135.0,13.45,13.44,13.43,13.42,13.41,13.4,13.39,13.38,13.37,13.36,13.47,13.48,13.49,13.5,13.51,13.52,13.53,13.54,13.55,13.56,3600,5700,30900,700,12700,55200,11500,10900,28300,8400,56800,62200,12900,25700,1000,18400,4600,21000,23900,8900
2599.0,13.47,4630900,61957687.0,13.45,13.44,13.43,13.42,13.41,13.4,13.39,13.38,13.37,13.36,13.46,13.47,13.48,13.49,13.5,13.51,13.52,13.53,13.54,13.55,5200,5700,30900,700,12700,55200,11500,10900,28300,8400,1800,56800,62200,12900,25700,1000,18400,4600,21000,23900
2600.0,13.47,4633500,61992681.0,13.45,13.44,13.43,13.42,13.41,13.4,13.39,13.38,13.37,13.36,13.47,13.48,13.49,13.5,13.51,13.52,13.53,13.54,13.55,13.56,4700,5700,30900,700,12700,55200,11500,10900,28300,8400,59200,64300,12900,25700,1000,18400,4600,21000,23900,8900
2601.0,13.47,4633500,61992681.0,13.46,13.45,13.44,13.43,13.42,13.41,13.4,13.39,13.38,13.37,13.47,13.48,13.49,13.5,13.51,13.52,13.53,13.54,13.55,13.56,1400,6300,5700,30900,700,12700,55200,11500,10900,28300,60800,64300,12900,25000,1000,18400,4600,21000,23900,8900
2602.0,13.46,4633600,61994027.0,13.46,13.45,13.44,13.43,13.42,13.41,13.4,13.39,13.38,13.37,13.47,13.48,13.49,13.5,13.51,13.52,13.53,13.54,13.55,13.56,1300,6300,5700,30900,700,12700,55200,11500,10900,28300,60800,64300,12900,25000,1000,18400,4600,21000,23900,8900
2603.0,13.47,4634700,62008844.0,13.46,13.45,13.44,13.43,13.42,13.41,13.4,13.39,13.38,13.37,13.47,13.48,13.49,13.5,13.51,13.52,13.53,13.54,13.55,13.56,3800,6300,5700,30900,700,12700,55200,11500,10900,28300,59700,64300,12900,25000,1000,18400,4600,21000,23900,8900
2604.0,13.47,4637800,62050577.0,13.46,13.45,13.44,13.43,13.42,13.41,13.4,13.39,13.38,13.37,13.47,13.48,13.49,13.5,13.51,13.52,13.53,13.54,13.55,13.56,1400,6300,5700,30900,700,12700,55200,11500,10900,28300,59000,64500,12900,25000,1000,18400,4600,21000,23900,8900
2605.0,13.46,4637900,62051923.0,13.46,13.45,13.44,13.43,13.42,13.41,13.4,13.39,13.38,13.37,13.47,13.48,13.49,13.5,13.51,13.52,13.53,13.54,13.55,13.56,1300,6300,5700,30900,700,12700,55200,11500,10900,28300,59000,64500,12900,25000,1000,18400,4600,21000,23900,8900
2606.0,13.47,4638100,62054617.0,13.46,13.45,13.44,13.43,13.42,13.41,13.4,13.39,13.38,13.37,13.47,13.48,13.49,13.5,13.51,13.52,13.53,13.54,13.55,13.56,1300,6300,5700,30900,700,12700,55200,11500,10900,28300,58800,64500,12900,25000,1000,18400,4600,21000,23900,8900
2607.0,13.47,4638100,62054617.0,13.46,13.45,13.44,13.43,13.42,13.41,13.4,13.39,13.38,13.37,13.47,13.48,13.49,13.5,13.51,13.52,13.53,13.54,13.55,13.56,1300,6300,5700,30900,700,12700,55200,11500,10900,28300,59000,64500,12900,26000,1000,18400,4600,21000,23900,8900
2608.0,13.47,4639200,62069433.0,13.46,13.45,13.44,13.43,13.42,13.41,13.4,13.39,13.38,13.37,13.47,13.48,13.49,13.5,13.51,13.52,13.53,13.54,13.55,13.56,1200,6300,5700,30900,700,12700,55200,11500,10900,28300,58000,64500,12900,26000,1000,18400,4600,21000,23900,8900
2609.0,13.47,4641800,62104453.0,13.46,13.45,13.44,13.43,13.42,13.41,13.4,13.39,13.38,13.37,13.47,13.48,13.49,13.5,13.51,13.52,13.53,13.54,13.55,13.56,1000,6300,5700,30900,700,12700,55200,11500,10900,28300,55600,64500,12900,26000,1000,18400,4600,21000,23900,8900
2610.0,13.47,4643800,62131393.0,13.46,13.45,13.44,13.43,13.42,13.41,13.4,13.39,13.38,13.37,13.47,13.48,13.49,13.5,13.51,13.52,13.53,13.54,13.55,13.56,1000,6300,5700,30900,700,12700,55200,11500,10900,28300,53600,64500,12900,26000,1000,18400,4600,21000,23900,8900
2611.0,13.46,4643900,62132739.0,13.46,13.45,13.44,13.43,13.42,13.41,13.4,13.39,13.38,13.37,13.47,13.48,13.49,13.5,13.51,13.52,13.53,13.54,13.55,13.56,900,6300,5700,30900,700,12700,55200,11500,10900,28300,53600,64500,12900,26000,1000,18400,4600,21000,23900,8900
2612.0,13.46,4643900,62132739.0,13.46,13.45,13.44,13.43,13.42,13.41,13.4,13.39,13.38,13.37,13.47,13.48,13.49,13.5,13.51,13.52,13.53,13.54,13.55,13.56,900,6300,5700,30900,700,9900,55200,11500,10900,28300,53600,64500,12900,26000,1000,18400,4600,21000,23900,8900
2613.0,13.47,4655300,62286297.0,13.46,13.45,13.44,13.43,13.42,13.41,13.4,13.39,13.38,13.37,13.47,13.48,13.49,13.5,13.51,13.52,13.53,13.54,13.55,13.56,1500,6300,5700,30900,700,9900,55200,11500,10900,24600,42200,64500,12900,26000,1000,18400,4600,21000,23900,8900
2614.0,13.46,4655400,62287643.0,13.46,13.45,13.44,13.43,13.42,13.41,13.4,13.39,13.38,13.37,13.47,13.48,13.49,13.5,13.51,13.52,13.53,13.54,13.55,13.56,1400,6300,5700,30900,700,9900,55200,11500,10900,24600,42200,64500,12900,26000,1000,18400,4600,21000,23900,8900
2615.0,13.46,4655400,62287643.0,13.46,13.45,13.44,13.43,13.42,13.41,13.4,13.39,13.38,13.37,13.47,13.48,13.49,13.5,13.51,13.52,13.53,13.54,13.55,13.56,1400,6300,5700,30900,700,9900,55200,11500,10900,24600,42200,64500,12900,26000,1000,18400,4600,21000,23900,8900
2616.0,13.47,4655800,62293031.0,13.46,13.45,13.44,13.43,13.42,13.41,13.4,13.39,13.38,13.37,13.47,13.48,13.49,13.5,13.51,13.52,13.53,13.54,13.55,13.56,1400,6300,5700,30900,700,9900,55200,11500,10900,24600,44900,64500,12900,26000,1000,18400,4600,21000,23900,8900
2617.0,13.46,4655900,62294377.0,13.46,13.45,13.44,13.43,13.42,13.41,13.4,13.39,13.38,13.37,13.47,13.48,13.49,13.5,13.51,13.52,13.53,13.54,13.55,13.56,1300,6300,5700,30900,700,9900,55200,11500,10900,24600,44900,64500,12900,26000,1000,18400,4600,21000,23900,8900
2618.0,13.47,4657400,62314581.0,13.46,13.45,13.44,13.43,13.42,13.41,13.4,13.39,13.38,13.37,13.47,13.48,13.49,13.5,13.51,13.52,13.53,13.54,13.55,13.56,4200,6300,5700,30900,700,9900,55200,11500,10900,24600,43500,64500,12900,26000,1000,18400,4600,21000,23900,8900
2619.0,13.47,4665400,62422341.0,13.46,13.45,13.44,13.43,13.42,13.41,13.4,13.39,13.38,13.37,13.47,13.48,13.49,13.5,13.51,13.52,13.53,13.54,13.55,13.56,4200,6300,5700,30900,700,9900,55200,11500,10900,24600,38300,64500,12900,26000,1000,18400,4600,21000,23900,8900
2620.0,13.47,4669800,62481605.0,13.46,13.45,13.44,13.43,13.42,13.41,13.4,13.39,13.38,13.37,13.47,13.48,13.49,13.5,13.51,13.52,13.53,13.54,13.55,13.56,3800,6300,5700,30900,700,9900,55200,11500,10900,24600,34600,64500,12900,26000,1000,18400,4600,21000,23900,8900
2621.0,13.47,4670300,62488340.0,13.46,13.45,13.44,13.43,13.42,13.41,13.4,13.39,13.38,13.37,13.47,13.48,13.49,13.5,13.51,13.52,13.53,13.54,13.55,13.56,3800,6300,5700,30900,700,9900,55200,11500,10900,24600,34100,64500,12900,26000,1000,18400,4600,21000,23900,8900
2622.0,13.46,4670500,62491032.0,13.46,13.45,13.44,13.43,13.42,13.41,13.4,13.39,13.38,13.37,13.47,13.48,13.49,13.5,13.51,13.52,13.53,13.54,13.55,13.56,3600,7300,5700,30900,700,9900,55200,11500,10900,24600,34100,64500,12900,26000,1000,18400,4600,21000,23900,8900
2623.0,13.46,4670800,62495070.0,13.46,13.45,13.44,13.43,13.42,13.41,13.4,13.39,13.38,13.37,13.47,13.48,13.49,13.5,13.51,13.52,13.53,13.54,13.55,13.56,3300,7300,5700,30900,700,9900,55200,11500,10900,24600,38100,64500,12900,26000,1000,18400,4600,21000,23900,8900
2624.0,13.46,4674400,62543529.0,13.45,13.44,13.43,13.42,13.41,13.4,13.39,13.38,13.37,13.36,13.46,13.47,13.48,13.49,13.5,13.51,13.52,13.53,13.54,13.55,7300,5700,30900,700,9900,55200,11500,10900,24600,8400,44900,37800,64500,12900,26000,1000,18400,4600,21000,23900
2625.0,13.46,4684100,62674091.0,13.45,13.44,13.43,13.42,13.41,13.4,13.39,13.38,13.37,13.36,13.46,13.47,13.48,13.49,13.5,13.51,13.52,13.53,13.54,13.55,7300,5700,30900,700,9900,55200,11500,10900,24600,8400,35200,39700,64500,12900,26000,1000,18400,4600,21000,23900
2626.0,13.46,4686300,62703696.0,13.45,13.44,13.43,13.42,13.41,13.4,13.39,13.38,13.37,13.36,13.46,13.47,13.48,13.49,13.5,13.51,13.52,13.53,13.54,13.55,6600,5700,30900,700,9900,55200,11500,8700,24600,8400,33700,41900,64500,12900,26000,1000,18400,4600,21000,23900
2627.0,13.46,4687300,62717156.0,13.45,13.44,13.43,13.42,13.41,13.4,13.39,13.38,13.37,13.36,13.46,13.47,13.48,13.49,13.5,13.51,13.52,13.53,13.54,13.55,6600,5700,30900,700,9900,55700,11500,8700,24600,8400,32700,41900,64500,12900,26000,1000,18400,4600,21000,23900
2628.0,13.46,4687300,62717156.0,13.45,13.44,13.43,13.42,13.41,13.4,13.39,13.38,13.37,13.36,13.46,13.47,13.48,13.49,13.5,13.51,13.52,13.53,13.54,13.55,6600,5700,30900,700,9900,55700,11500,8700,24600,8400,32700,43600,64500,12900,25800,1000,18400,4600,21000,23900
2629.0,13.46,4688100,62727918.0,13.45,13.44,13.43,13.42,13.41,13.4,13.39,13.38,13.37,13.36,13.46,13.47,13.48,13.49,13.5,13.51,13.52,13.53,13.54,13.55,6000,5700,30900,700,9900,55700,11500,8700,24600,8400,32500,43600,64500,12900,25800,1000,18400,4600,21000,23900
2630.0,13.46,4688100,62727918.0,13.45,13.44,13.43,13.42,13.41,13.4,13.39,13.38,13.37,13.36,13.46,13.47,13.48,13.49,13.5,13.51,13.52,13.53,13.54,13.55,6000,5700,30900,700,9900,55700,11500,8700,24600,8400,32500,44800,64500,12900,25800,1000,18400,4600,21000,23900
2631.0,13.46,4689600,62748096.0,13.45,13.44,13.43,13.42,13.41,13.4,13.39,13.38,13.37,13.36,13.46,13.47,13.48,13.49,13.5,13.51,13.52,13.53,13.54,13.55,4800,5700,30900,700,9900,55700,11500,8700,24600,8400,32200,44800,64500,12900,25800,1000,18400,4600,21000,23900
2632.0,13.46,4690100,62754822.0,13.45,13.44,13.43,13.42,13.41,13.4,13.39,13.38,13.37,13.36,13.46,13.47,13.48,13.49,13.5,13.51,13.52,13.53,13.54,13.55,4400,5700,30900,700,9900,55700,11500,8700,24600,8400,32100,44800,64500,12900,25800,1000,18400,4600,21000,23900
2633.0,13.46,4690100,62754822.0,13.45,13.44,13.43,13.42,13.41,13.4,13.39,13.38,13.37,13.36,13.46,13.47,13.48,13.49,13.5,13.51,13.52,13.53,13.54,13.55,4400,5700,30900,700,9900,55700,11500,8700,24600,8400,32100,44800,64500,12900,25800,1000,18400,4600,21000,23900
2634.0,13.46,4690700,62762898.0,13.45,13.44,13.43,13.42,13.41,13.4,13.39,13.38,13.37,13.36,13.46,13.47,13.48,13.49,13.5,13.51,13.52,13.53,13.54,13.55,4400,5700,30900,700,9900,55700,11500,8700,24600,8400,31500,44800,64500,12900,25800,1000,18400,4600,21000,23900
2635.0,13.46,4693000,62793852.0,13.45,13.44,13.43,13.42,13.41,13.4,13.39,13.38,13.37,13.36,13.46,13.47,13.48,13.49,13.5,13.51,13.52,13.53,13.54,13.55,4000,5700,30900,700,9900,55700,11500,8700,24600,8400,29600,44800,64500,12900,25800,1000,18400,4600,21000,23900
2636.0,13.46,4693300,62797890.0,13.45,13.44,13.43,13.42,13.41,13.4,13.39,13.38,13.37,13.36,13.46,13.47,13.48,13.49,13.5,13.51,13.52,13.53,13.54,13.55,4000,5700,30900,700,9900,55700,11500,8700,24600,8400,29300,44800,64500,12900,26000,1000,18400,4600,21000,23900
2637.0,13.46,4693300,62797890.0,13.45,13.44,13.43,13.42,13.41,13.4,13.39,13.38,13.37,13.36,13.46,13.47,13.48,13.49,13.5,13.51,13.52,13.53,13.54,13.55,4000,5700,30900,700,9900,55700,11500,8700,24600,8400,29300,45400,64500,12900,26000,1000,18400,4600,21000,23900
2638.0,13.46,4698200,62863840.0,13.45,13.44,13.43,13.42,13.41,13.4,13.39,13.38,13.37,13.36,13.46,13.47,13.48,13.49,13.5,13.51,13.52,13.53,13.54,13.55,3600,5700,30900,700,9900,55700,11500,8700,24600,8400,26100,46000,64500,12900,26000,1000,18400,4600,21000,23900
2639.0,13.46,4698200,62863840.0,13.45,13.44,13.43,13.42,13.41,13.4,13.39,13.38,13.37,13.36,13.46,13.47,13.48,13.49,13.5,13.51,13.52,13.53,13.54,13.55,3600,5700,31400,700,9900,55700,11500,8700,24600,8400,26100,46300,64500,12900,26000,1000,18400,4600,21000,23900
2640.0,13.45,4698500,62867875.0,13.45,13.44,13.43,13.42,13.41,13.4,13.39,13.38,13.37,13.36,13.46,13.47,13.48,13.49,13.5,13.51,13.52,13.53,13.54,13.55,4300,5700,31400,700,9900,55700,11500,8700,24600,8400,26100,46300,64500,12900,26000,1000,18400,4600,21000,23900
2641.0,13.45,4699400,62879980.0,13.45,13.44,13.43,13.42,13.41,13.4,13.39,13.38,13.37,13.36,13.46,13.47,13.48,13.49,13.5,13.51,13.52,13.53,13.54,13.55,3400,5700,31400,700,9900,55700,11500,8700,24600,8400,26100,53400,64500,12900,26000,1000,18400,4600,21000,23900
2642.0,13.45,4699400,62879980.0,13.45,13.44,13.43,13.42,13.41,13.4,13.39,13.38,13.37,13.36,13.46,13.47,13.48,13.49,13.5,13.51,13.52,13.53,13.54,13.55,3400,5700,31400,700,9900,55700,11500,8700,24600,8400,26100,53400,64500,12900,26000,1000,18400,4600,21000,23900
2643.0,13.45,4700000,62888050.0,13.45,13.44,13.43,13.42,13.41,13.4,13.39,13.38,13.37,13.36,13.46,13.47,13.48,13.49,13.5,13.51,13.52,13.53,13.54,13.55,2800,5700,31400,4500,9900,55700,11500,8700,24600,8400,26100,53400,64500,13500,26000,1000,18400,4600,21000,23900
2644.0,13.45,4700200,62890740.0,13.45,13.44,13.43,13.42,13.41,13.4,13.39,13.38,13.37,13.36,13.46,13.47,13.48,13.49,13.5,13.51,13.52,13.53,13.54,13.55,2600,5700,31400,4500,9900,55700,11500,8700,24600,8400,30400,53400,64500,13500,26000,1000,18400,4600,21000,23900
2645.0,13.46,4702900,62927082.0,13.45,13.44,13.43,13.42,13.41,13.4,13.39,13.38,13.37,13.36,13.46,13.47,13.48,13.49,13.5,13.51,13.52,13.53,13.54,13.55,2600,5700,31400,4500,9900,55700,11500,8700,24600,8400,27700,54200,64500,13500,26000,1000,18400,4600,21000,23900
2646.0,13.46,4702900,62927082.0,13.45,13.44,13.43,13.42,13.41,13.4,13.39,13.38,13.37,13.36,13.46,13.47,13.48,13.49,13.5,13.51,13.52,13.53,13.54,13.55,2600,5700,31400,4500,10400,55700,11500,8700,24600,8400,27700,54200,64500,13500,26000,1000,18400,4600,21000,23900
2647.0,13.45,4703100,62929772.0,13.45,13.44,13.43,13.42,13.41,13.4,13.39,13.38,13.37,13.36,13.46,13.47,13.48,13.49,13.5,13.51,13.52,13.53,13.54,13.55,2400,5700,31400,4500,10400,55700,11500,8700,24600,7900,27700,54200,64500,13500,26000,1000,18400,4600,21000,23900
2648.0,13.46,4703600,62936502.0,13.45,13.44,13.43,13.42,13.41,13.4,13.39,13.38,13.37,13.36,13.46,13.47,13.48,13.49,13.5,13.51,13.52,13.53,13.54,13.55,2400,5700,31400,4500,10400,55700,11500,8700,24600,7900,27200,54200,64500,13500,26000,1000,18400,4600,21000,23900
2649.0,13.45,4705400,62960720.0,13.45,13.44,13.43,13.42,13.41,13.4,13.39,13.38,13.37,13.36,13.46,13.47,13.48,13.49,13.5,13.51,13.52,13.53,13.54,13.55,1400,5700,31400,4500,10400,55700,11500,8700,24600,7900,26400,54200,64500,13500,26000,1000,18400,4600,21000,23900
2650.0,13.45,4705500,62962065.0,13.45,13.44,13.43,13.42,13.41,13.4,13.39,13.38,13.37,13.36,13.46,13.47,13.48,13.49,13.5,13.51,13.52,13.53,13.54,13.55,1300,5700,31400,4500,10400,55700,11500,8700,24600,7900,26400,54800,64500,13500,26000,1000,18400,4600,21000,23900
2651.0,13.45,4705500,62962065.0,13.45,13.44,13.43,13.42,13.41,13.4,13.39,13.38,13.37,13.36,13.46,13.47,13.48,13.49,13.5,13.51,13.52,13.53,13.54,13.55,2300,5700,31400,4500,10400,55700,11500,8700,24600,7900,26400,54800,64500,13500,26000,1000,18400,4600,21000,23900
2652.0,13.45,4705500,62962065.0,13.45,13.44,13.43,13.42,13.41,13.4,13.39,13.38,13.37,13.36,13.46,13.47,13.48,13.49,13.5,13.51,13.52,13.53,13.54,13.55,2300,5700,31400,4500,10400,55700,11500,8700,24600,7900,26400,54800,64500,13500,26000,1000,18400,4600,21000,23900
2653.0,13.45,4705700,62964755.0,13.45,13.44,13.43,13.42,13.41,13.4,13.39,13.38,13.37,13.36,13.46,13.47,13.48,13.49,13.5,13.51,13.52,13.53,13.54,13.55,2100,5700,31400,4500,10400,55700,11500,8700,24600,7900,26400,54800,64500,13500,26000,1000,18400,4600,21000,23900
2654.0,13.45,4706300,62972825.0,13.45,13.44,13.43,13.42,13.41,13.4,13.39,13.38,13.37,13.36,13.46,13.47,13.48,13.49,13.5,13.51,13.52,13.53,13.54,13.55,1600,5700,31400,4500,10400,55700,11500,8700,24600,7900,26900,54800,64500,13500,26000,1000,18400,4600,21000,23900
2655.0,13.46,4706400,62974171.0,13.45,13.44,13.43,13.42,13.41,13.4,13.39,13.38,13.37,13.36,13.46,13.47,13.48,13.49,13.5,13.51,13.52,13.53,13.54,13.55,1600,1500,31400,4500,10400,55700,11500,8700,24600,7900,26800,54800,64500,13500,26000,1000,18400,4600,21000,23900
2656.0,13.46,4709200,63011857.0,13.45,13.44,13.43,13.42,13.41,13.4,13.39,13.38,13.37,13.36,13.46,13.47,13.48,13.49,13.5,13.51,13.52,13.53,13.54,13.55,1400,2600,31400,4500,10400,55700,11500,8700,24600,7900,24200,54800,64500,13500,26000,1000,18400,4600,21000,23900
2657.0,13.46,4709200,63011857.0,13.45,13.44,13.43,13.42,13.41,13.4,13.39,13.38,13.37,13.36,13.46,13.47,13.48,13.49,13.5,13.51,13.52,13.53,13.54,13.55,1400,2600,31400,4500,10400,55700,11500,8700,24600,7900,26900,54800,64500,13500,26000,1000,18400,4600,21000,23900
2658.0,13.46,4709200,63011857.0,13.45,13.44,13.43,13.42,13.41,13.4,13.39,13.38,13.37,13.36,13.46,13.47,13.48,13.49,13.5,13.51,13.52,13.53,13.54,13.55,1400,2600,31400,4500,10400,55700,11500,8700,24600,7900,27600,54800,64500,13500,26000,1000,18400,4600,21000,23900
2659.0,13.45,4709300,63013202.0,13.45,13.44,13.43,13.42,13.41,13.4,13.39,13.38,13.37,13.36,13.46,13.47,13.48,13.49,13.5,13.51,13.52,13.53,13.54,13.55,1300,2600,31400,4500,10400,52600,11500,8700,24600,7900,29000,54900,64500,13500,26000,1000,18400,4600,21000,23900
2660.0,13.45,4709300,63013202.0,13.45,13.44,13.43,13.42,13.41,13.4,13.39,13.38,13.37,13.36,13.46,13.47,13.48,13.49,13.5,13.51,13.52,13.53,13.54,13.55,1300,2600,31400,4500,10400,52600,11500,8700,24600,7900,29000,54900,64500,13500,26000,1000,18400,4600,21000,23900
2661.0,13.45,4710400,63027997.0,13.45,13.44,13.43,13.42,13.41,13.4,13.39,13.38,13.37,13.36,13.46,13.47,13.48,13.49,13.5,13.51,13.52,13.53,13.54,13.55,200,2600,31400,4500,10400,52600,11500,8700,24600,7900,29000,57900,64500,13500,26000,1000,18400,4600,21000,23900
2662.0,13.46,4711800,63046841.0,13.45,13.44,13.43,13.42,13.41,13.4,13.39,13.38,13.37,13.36,13.46,13.47,13.48,13.49,13.5,13.51,13.52,13.53,13.54,13.55,200,2600,31400,4500,10400,52600,11500,8700,24600,7900,28200,57900,64500,13500,26000,1000,18400,4600,21000,23900
2663.0,13.46,4711800,63046841.0,13.45,13.44,13.43,13.42,13.41,13.4,13.39,13.38,13.37,13.36,13.46,13.47,13.48,13.49,13.5,13.51,13.52,13.53,13.54,13.55,200,2600,31400,4500,10400,52600,11500,8700,24600,7900,28200,56000,64500,13500,26000,1000,18400,4600,21000,23900
2664.0,13.46,4712500,63056261.0,13.44,13.43,13.42,13.41,13.4,13.39,13.38,13.37,13.36,13.35,13.46,13.47,13.48,13.49,13.5,13.51,13.52,13.53,13.54,13.55,2600,31400,4500,10400,52600,11500,8700,24600,7900,11200,27700,56000,64500,13500,26000,1000,18400,4600,21000,23900
2665.0,13.44,4713200,63065669.0,13.44,13.43,13.42,13.41,13.4,13.39,13.38,13.37,13.36,13.35,13.46,13.47,13.48,13.49,13.5,13.51,13.52,13.53,13.54,13.55,3200,31400,4500,10400,52600,11500,8700,24600,7900,11200,29600,56000,64500,13500,26000,1000,18400,4600,21000,23900
2666.0,13.44,4713200,63065669.0,13.44,13.43,13.42,13.41,13.4,13.39,13.38,13.37,13.36,13.35,13.45,13.46,13.47,13.48,13.49,13.5,13.51,13.52,13.53,13.54,3800,31400,4500,10400,52600,11500,8700,24600,7900,11200,1900,29600,56000,64500,13500,26000,1000,18400,4600,21000
2667.0,13.44,4713200,63065669.0,13.44,13.43,13.42,13.41,13.4,13.39,13.38,13.37,13.36,13.35,13.45,13.46,13.47,13.48,13.49,13.5,13.51,13.52,13.53,13.54,3800,31400,4500,10400,52600,11500,8700,24600,7900,11200,1900,29600,56000,64500,13500,26000,1000,18400,4600,21000
2668.0,13.45,4714500,63083148.0,13.44,13.43,13.42,13.41,13.4,13.39,13.38,13.37,13.36,13.35,13.45,13.46,13.47,13.48,13.49,13.5,13.51,13.52,13.53,13.54,3200,31400,4500,10400,52600,11500,8700,24600,7900,11200,1200,29600,56000,64500,13500,26000,1000,18400,4600,21000
2669.0,13.45,4714500,63083148.0,13.44,13.43,13.42,13.41,13.4,13.39,13.38,13.37,13.36,13.35,13.45,13.46,13.47,13.48,13.49,13.5,13.51,13.52,13.53,13.54,3200,31400,4500,10400,52600,11500,8700,24600,7900,11200,1200,29600,56000,64500,13500,26000,1000,18400,4600,21000
2670.0,13.45,4714500,63083148.0,13.44,13.43,13.42,13.41,13.4,13.39,13.38,13.37,13.36,13.35,13.45,13.46,13.47,13.48,13.49,13.5,13.51,13.52,13.53,13.54,3200,31400,4500,10400,52600,11500,8700,24600,7900,11200,1700,29600,56000,64500,13500,26000,1000,18400,4600,21000
2671.0,13.46,4719500,63150425.0,13.44,13.43,13.42,13.41,13.4,13.39,13.38,13.37,13.36,13.35,13.46,13.47,13.48,13.49,13.5,13.51,13.52,13.53,13.54,13.55,2900,31400,4500,10400,52600,11500,8700,24600,7900,11200,31400,56000,64500,13500,26100,1000,18400,4600,21000,23900
2672.0,13.46,4719500,63150425.0,13.44,13.43,13.42,13.41,13.4,13.39,13.38,13.37,13.36,13.35,13.46,13.47,13.48,13.49,13.5,13.51,13.52,13.53,13.54,13.55,3900,31400,4500,10400,52300,11500,8700,24600,7900,11200,32400,56000,64500,12900,26100,1000,18400,4600,21000,23900
2673.0,13.46,4719500,63150425.0,13.44,13.43,13.42,13.41,13.4,13.39,13.38,13.37,13.36,13.35,13.46,13.47,13.48,13.49,13.5,13.51,13.52,13.53,13.54,13.55,4900,31400,4500,10400,52300,11500,8700,24600,7900,11200,33600,56000,64500,12900,26100,1000,18400,4600,21000,23900
2674.0,13.44,4719900,63155801.0,13.44,13.43,13.42,13.41,13.4,13.39,13.38,13.37,13.36,13.35,13.46,13.47,13.48,13.49,13.5,13.51,13.52,13.53,13.54,13.55,4900,31400,4500,10400,52300,11500,8700,24600,7900,11200,43700,55200,64500,12900,26100,1000,18400,4600,21000,23900
2675.0,13.46,4720700,63166569.0,13.44,13.43,13.42,13.41,13.4,13.39,13.38,13.37,13.36,13.35,13.46,13.47,13.48,13.49,13.5,13.51,13.52,13.53,13.54,13.55,6400,31400,4500,10400,52300,11500,8700,24600,7900,11500,44400,56200,71200,12900,26100,1000,18400,4600,21000,23900
2676.0,13.46,4722000,63184043.0,13.44,13.43,13.42,13.41,13.4,13.39,13.38,13.37,13.36,13.35,13.46,13.47,13.48,13.49,13.5,13.51,13.52,13.53,13.54,13.55,5500,31400,4500,10400,52300,11500,8700,24600,7900,11500,44600,56200,71200,12900,26100,1000,18400,4600,21000,23900
2677.0,13.44,4722500,63190763.0,13.44,13.43,13.42,13.41,13.4,13.39,13.38,13.37,13.36,13.35,13.46,13.47,13.48,13.49,13.5,13.51,13.52,13.53,13.54,13.55,5600,31400,4500,10400,52300,11500,8700,24600,7900,11500,46600,56200,71200,12900,26100,1000,18400,4600,21000,23900
2678.0,13.44,4722500,63190763.0,13.45,13.44,13.43,13.42,13.41,13.4,13.39,13.38,13.37,13.36,13.46,13.47,13.48,13.49,13.5,13.51,13.52,13.53,13.54,13.55,600,6400,31400,700,10400,52300,11500,8700,24600,7900,46600,56200,71200,12900,26100,1000,18400,4600,21000,23900
2679.0,13.46,4723300,63201531.0,13.45,13.44,13.43,13.42,13.41,13.4,13.39,13.38,13.37,13.36,13.46,13.47,13.48,13.49,13.5,13.51,13.52,13.53,13.54,13.55,600,6400,31400,700,10400,52300,11500,8700,24600,7900,45800,56200,72200,12900,26100,1000,18400,4600,21000,23900
2680.0,13.46,4723300,63201531.0,13.45,13.44,13.43,13.42,13.41,13.4,13.39,13.38,13.37,13.36,13.46,13.47,13.48,13.49,13.5,13.51,13.52,13.53,13.54,13.55,600,6400,31400,700,10400,52300,11500,8700,24600,7900,45800,56200,72200,12900,26100,1000,18400,4600,21000,23900
2681.0,13.46,4723300,63201531.0,13.45,13.44,13.43,13.42,13.41,13.4,13.39,13.38,13.37,13.36,13.46,13.47,13.48,13.49,13.5,13.51,13.52,13.53,13.54,13.55,5400,6400,31400,700,10400,52300,11500,8700,24600,7900,45800,56200,72200,12900,26100,1000,18400,4600,21000,23900
2682.0,13.45,4725500,63231121.0,13.45,13.44,13.43,13.42,13.41,13.4,13.39,13.38,13.37,13.36,13.46,13.47,13.48,13.49,13.5,13.51,13.52,13.53,13.54,13.55,3200,6400,31400,700,10400,52300,11500,8700,24600,7900,45800,56200,72200,12900,26100,1000,18400,4600,21000,23900
2683.0,13.46,4727800,63262076.0,13.45,13.44,13.43,13.42,13.41,13.4,13.39,13.38,13.37,13.36,13.46,13.47,13.48,13.49,13.5,13.51,13.52,13.53,13.54,13.55,2900,6400,31400,700,10400,52300,11500,8700,24600,7900,43800,56200,72200,12900,26100,1000,18400,4600,21000,23900
2684.0,13.46,4727800,63262076.0,13.45,13.44,13.43,13.42,13.41,13.4,13.39,13.38,13.37,13.36,13.46,13.47,13.48,13.49,13.5,13.51,13.52,13.53,13.54,13.55,2900,6400,31400,700,10400,52300,11500,8700,24600,7900,43800,57700,72200,12900,26100,1000,18400,4600,21000,23900
2685.0,13.45,4728700,63274181.0,13.45,13.44,13.43,13.42,13.41,13.4,13.39,13.38,13.37,13.36,13.46,13.47,13.48,13.49,13.5,13.51,13.52,13.53,13.54,13.55,2000,6400,31400,700,10400,52300,11500,8700,24600,7900,43800,57700,72200,12900,26100,1000,18400,4600,21000,23900
2686.0,13.45,4728900,63276871.0,13.45,13.44,13.43,13.42,13.41,13.4,13.39,13.38,13.37,13.36,13.46,13.47,13.48,13.49,13.5,13.51,13.52,13.53,13.54,13.55,1800,6400,31400,700,10400,52300,11500,8700,24600,7900,43800,57700,72200,12900,26100,1000,18400,4600,21000,23900
2687.0,13.46,4730500,63298404.0,13.45,13.44,13.43,13.42,13.41,13.4,13.39,13.38,13.37,13.36,13.46,13.47,13.48,13.49,13.5,13.51,13.52,13.53,13.54,13.55,1500,6400,31400,700,10400,52300,11500,8700,24600,7900,42500,57700,72200,12900,26100,1000,18400,4600,21000,23900
2688.0,13.46,4734300,63349552.0,13.45,13.44,13.43,13.42,13.41,13.4,13.39,13.38,13.37,13.36,13.46,13.47,13.48,13.49,13.5,13.51,13.52,13.53,13.54,13.55,1500,6400,31400,700,10400,52300,11500,8700,24600,7900,38700,57700,72200,12900,26100,1000,18400,4600,21000,23900
2689.0,13.45,4734500,63352242.0,13.45,13.44,13.43,13.42,13.41,13.4,13.39,13.38,13.37,13.36,13.46,13.47,13.48,13.49,13.5,13.51,13.52,13.53,13.54,13.55,1300,6400,31400,700,10400,52300,11500,8700,24600,7900,38700,57700,72800,12900,26100,1000,18400,4600,21000,23900
2690.0,13.45,4734500,63352242.0,13.45,13.44,13.43,13.42,13.41,13.4,13.39,13.38,13.37,13.36,13.46,13.47,13.48,13.49,13.5,13.51,13.52,13.53,13.54,13.55,1300,6400,31400,700,10400,52300,11500,8700,24600,7900,38700,57700,72800,12900,26100,1000,18400,4600,21000,23900
2691.0,13.45,4734500,63352242.0,13.45,13.44,13.43,13.42,13.41,13.4,13.39,13.38,13.37,13.36,13.46,13.47,13.48,13.49,13.5,13.51,13.52,13.53,13.54,13.55,1300,6400,31400,700,10400,52300,11500,8700,24600,7900,38700,57700,72800,12900,26100,1000,18400,4600,21000,23900
2692.0,13.45,4735100,63360316.0,13.45,13.44,13.43,13.42,13.41,13.4,13.39,13.38,13.37,13.36,13.46,13.47,13.48,13.49,13.5,13.51,13.52,13.53,13.54,13.55,1100,6400,31400,700,10400,52300,11500,8700,24600,7900,38300,57700,72800,12900,27100,1000,18400,4600,21000,23900
2693.0,13.45,4735100,63360316.0,13.45,13.44,13.43,13.42,13.41,13.4,13.39,13.38,13.37,13.36,13.46,13.47,13.48,13.49,13.5,13.51,13.52,13.53,13.54,13.55,1100,6400,31400,700,10900,52300,11500,8700,24600,7900,38300,57400,72800,12900,27100,1000,18400,4600,21000,23900
2694.0,13.45,4735100,63360316.0,13.45,13.44,13.43,13.42,13.41,13.4,13.39,13.38,13.37,13.36,13.46,13.47,13.48,13.49,13.5,13.51,13.52,13.53,13.54,13.55,1100,6400,31400,700,10900,52300,11500,8700,24600,7900,38300,57400,72800,12900,27100,1000,18400,4600,21000,23900
2695.0,13.45,4735700,63368386.0,13.45,13.44,13.43,13.42,13.41,13.4,13.39,13.38,13.37,13.36,13.46,13.47,13.48,13.49,13.5,13.51,13.52,13.53,13.54,13.55,500,6400,31400,700,10900,52300,11500,8700,24600,7900,38300,57400,72800,12900,27100,1000,18400,4600,21000,23900
2696.0,13.45,4735700,63368386.0,13.45,13.44,13.43,13.42,13.41,13.4,13.39,13.38,13.37,13.36,13.46,13.47,13.48,13.49,13.5,13.51,13.52,13.53,13.54,13.55,1200,6400,31400,700,10900,52300,11500,8700,24600,7900,38300,57400,72800,12900,27100,1000,18400,4600,21000,23900
2697.0,13.45,4737200,63388566.0,13.45,13.44,13.43,13.42,13.41,13.4,13.39,13.38,13.37,13.36,13.46,13.47,13.48,13.49,13.5,13.51,13.52,13.53,13.54,13.55,200,6400,31400,700,10900,52300,11500,8700,24600,7900,38700,57400,72800,12900,27100,1000,18400,4600,21000,23900
2698.0,13.46,4737900,63397988.0,13.45,13.44,13.43,13.42,13.41,13.4,13.39,13.38,13.37,13.36,13.46,13.47,13.48,13.49,13.5,13.51,13.52,13.53,13.54,13.55,200,6400,31400,700,10900,52300,11500,8700,24600,7900,38000,57500,72800,12900,27100,1000,18400,4600,21000,23900
2699.0,13.46,4737900,63397988.0,13.45,13.44,13.43,13.42,13.41,13.4,13.39,13.38,13.37,13.36,13.46,13.47,13.48,13.49,13.5,13.51,13.52,13.53,13.54,13.55,200,6400,31400,700,10900,52300,11500,8700,24600,7900,38000,57500,72800,12900,27100,1000,18400,4600,21000,23900
2700.0,13.46,4737900,63397988.0,13.45,13.44,13.43,13.42,13.41,13.4,13.39,13.38,13.37,13.36,13.46,13.47,13.48,13.49,13.5,13.51,13.52,13.53,13.54,13.55,200,6400,31400,700,10900,52300,11500,8700,24600,7900,38000,57500,72800,12900,27100,1000,18400,4600,21000,23900
2701.0,13.45,4743400,63472016.0,13.44,13.43,13.42,13.41,13.4,13.39,13.38,13.37,13.36,13.35,13.45,13.46,13.47,13.48,13.49,13.5,13.51,13.52,13.53,13.54,6400,31600,700,10900,52300,11500,8700,24600,7900,11500,5800,32700,57500,72800,12900,27100,1000,18400,4600,21000
2702.0,13.45,4743400,63472016.0,13.44,13.43,13.42,13.41,13.4,13.39,13.38,13.37,13.36,13.35,13.45,13.46,13.47,13.48,13.49,13.5,13.51,13.52,13.53,13.54,6400,31600,700,10900,52300,11500,8700,24600,7900,11500,5800,32700,57500,72800,12900,26200,1000,18400,4600,21000
2703.0,13.44,4744000,63480080.0,13.44,13.43,13.42,13.41,13.4,13.39,13.38,13.37,13.36,13.35,13.45,13.46,13.47,13.48,13.49,13.5,13.51,13.52,13.53,13.54,5800,31600,700,10900,52300,11500,8700,24600,7900,11500,5800,32700,57500,72800,12900,26200,1000,18400,4600,21000
2704.0,13.44,4744500,63486800.0,13.44,13.43,13.42,13.41,13.4,13.39,13.38,13.37,13.36,13.35,13.45,13.46,13.47,13.48,13.49,13.5,13.51,13.52,13.53,13.54,5300,31600,700,10900,52300,11500,8700,24600,7900,11500,5800,32700,57500,72800,12900,26200,1000,18400,4600,21000
2705.0,13.44,4744500,63486800.0,13.44,13.43,13.42,13.41,13.4,13.39,13.38,13.37,13.36,13.35,13.45,13.46,13.47,13.48,13.49,13.5,13.51,13.52,13.53,13.54,5300,31600,700,10900,52300,11500,8700,24600,7900,11500,5800,32700,57500,72800,12900,26600,1000,18400,4600,21000
2706.0,13.45,4745500,63500250.0,13.44,13.43,13.42,13.41,13.4,13.39,13.38,13.37,13.36,13.35,13.45,13.46,13.47,13.48,13.49,13.5,13.51,13.52,13.53,13.54,5300,31600,700,10900,52300,11500,8700,24600,7900,11500,4800,32700,57500,72800,12900,26600,1000,18400,4600,21000
2707.0,13.44,4746000,63506970.0,13.44,13.43,13.42,13.41,13.4,13.39,13.38,13.37,13.36,13.35,13.45,13.46,13.47,13.48,13.49,13.5,13.51,13.52,13.53,13.54,4800,31600,700,10900,52300,11500,8700,24600,7900,11500,4800,32700,56900,72800,12900,26600,1000,18400,4600,21000
2708.0,13.44,4746000,63506970.0,13.44,13.43,13.42,13.41,13.4,13.39,13.38,13.37,13.36,13.35,13.45,13.46,13.47,13.48,13.49,13.5,13.51,13.52,13.53,13.54,4800,31600,700,10900,52300,11500,8700,24600,7900,11500,4800,32700,56900,72800,12900,26600,1000,18400,4600,21000
2709.0,13.45,4749000,63547316.0,13.44,13.43,13.42,13.41,13.4,13.39,13.38,13.37,13.36,13.35,13.45,13.46,13.47,13.48,13.49,13.5,13.51,13.52,13.53,13.54,5600,31600,700,10900,52300,11500,8700,24600,7900,11500,2200,32700,56900,72800,12900,23600,1000,18400,4600,21000
2710.0,13.44,4750600,63568820.0,13.44,13.43,13.42,13.41,13.4,13.39,13.38,13.37,13.36,13.35,13.45,13.46,13.47,13.48,13.49,13.5,13.51,13.52,13.53,13.54,4000,31600,700,10900,52300,11500,8700,24600,7900,11500,2200,32700,56900,72800,12900,23600,1000,18400,4600,21000
2711.0,13.45,4751900,63586305.0,13.44,13.43,13.42,13.41,13.4,13.39,13.38,13.37,13.36,13.35,13.45,13.46,13.47,13.48,13.49,13.5,13.51,13.52,13.53,13.54,4000,31600,700,10900,52300,11500,8700,24600,7900,11500,900,32700,56900,72800,12900,23600,1000,18400,4600,21000
2712.0,13.44,4752300,63591681.0,13.44,13.43,13.42,13.41,13.4,13.39,13.38,13.37,13.36,13.35,13.45,13.46,13.47,13.48,13.49,13.5,13.51,13.52,13.53,13.54,3600,31600,700,10900,52300,11500,8700,24600,7900,11500,900,33200,56900,72800,12900,23600,1000,18400,4600,21000
2713.0,13.45,4752400,63593026.0,13.44,13.43,13.42,13.41,13.4,13.39,13.38,13.37,13.36,13.35,13.45,13.46,13.47,13.48,13.49,13.5,13.51,13.52,13.53,13.54,3600,31600,700,10900,52300,11500,8700,24600,7900,11500,800,33200,56400,72800,12900,23600,1000,18400,4600,21000
2714.0,13.45,4752400,63593026.0,13.44,13.43,13.42,13.41,13.4,13.39,13.38,13.37,13.36,13.35,13.45,13.46,13.47,13.48,13.49,13.5,13.51,13.52,13.53,13.54,3600,31600,700,10900,52300,11500,8700,24600,7900,11500,2100,33200,56400,72800,12900,23600,1000,18400,4600,21000
2715.0,13.44,4752700,63597058.0,13.44,13.43,13.42,13.41,13.4,13.39,13.38,13.37,13.36,13.35,13.45,13.46,13.47,13.48,13.49,13.5,13.51,13.52,13.53,13.54,3300,31600,700,10900,52300,11500,8700,24600,7900,11500,2100,33200,56400,71800,12900,23600,1000,18400,4600,21000
2716.0,13.45,4753000,63601093.0,13.44,13.43,13.42,13.41,13.4,13.39,13.38,13.37,13.36,13.35,13.45,13.46,13.47,13.48,13.49,13.5,13.51,13.52,13.53,13.54,3300,31600,700,10900,52300,11500,8700,24600,7900,11500,1800,34200,56400,71800,12900,23600,1000,18400,4600,21000
2717.0,13.45,4753000,63601093.0,13.44,13.43,13.42,13.41,13.4,13.39,13.38,13.37,13.36,13.35,13.45,13.46,13.47,13.48,13.49,13.5,13.51,13.52,13.53,13.54,3300,31600,700,10900,52300,11500,8700,24600,7900,11500,1800,34200,56400,71800,12900,23600,1000,18400,4600,21000
2718.0,13.46,4755600,63636059.0,13.44,13.43,13.42,13.41,13.4,13.39,13.38,13.37,13.36,13.35,13.46,13.47,13.48,13.49,13.5,13.51,13.52,13.53,13.54,13.55,2700,31600,700,10900,52300,11500,8700,24600,7900,11500,34000,56400,71800,12900,23600,1000,18400,4600,21000,23900
2719.0,13.46,4758600,63676439.0,13.44,13.43,13.42,13.41,13.4,13.39,13.38,13.37,13.36,13.35,13.46,13.47,13.48,13.49,13.5,13.51,13.52,13.53,13.54,13.55,3500,31600,700,10900,52300,11500,8700,24600,7900,11500,32300,56400,71800,12900,23600,1000,18400,4600,21000,23900
2720.0,13.46,4760900,63707397.0,13.45,13.44,13.43,13.42,13.41,13.4,13.39,13.38,13.37,13.36,13.46,13.47,13.48,13.49,13.5,13.51,13.52,13.53,13.54,13.55,5000,3500,31600,700,10900,52300,11500,8700,24600,7900,33700,56400,71800,12900,23600,1000,18400,4600,21000,23900
2721.0,13.45,4762700,63731607.0,13.45,13.44,13.43,13.42,13.41,13.4,13.39,13.38,13.37,13.36,13.46,13.47,13.48,13.49,13.5,13.51,13.52,13.53,13.54,13.55,3200,3500,31600,700,10900,52300,11500,8700,24600,7900,33700,56400,71800,12900,23600,1000,18400,4600,21000,23900
2722.0,13.45,4762700,63731607.0,13.45,13.44,13.43,13.42,13.41,13.4,13.39,13.38,13.37,13.36,13.46,13.47,13.48,13.49,13.5,13.51,13.52,13.53,13.54,13.55,3200,3500,31600,700,10900,52300,11500,8700,24600,7900,33700,56400,71800,12900,21200,1000,18400,4600,21000,23900
2723.0,13.46,4763200,63738337.0,13.45,13.44,13.43,13.42,13.41,13.4,13.39,13.38,13.37,13.36,13.46,13.47,13.48,13.49,13.5,13.51,13.52,13.53,13.54,13.55,3200,3500,31600,700,10900,52300,11500,8700,24600,7900,33200,56400,71800,12900,21200,1000,18400,4600,21000,23900
2724.0,13.46,4768000,63802942.0,13.45,13.44,13.43,13.42,13.41,13.4,13.39,13.38,13.37,13.36,13.46,13.47,13.48,13.49,13.5,13.51,13.52,13.53,13.54,13.55,2900,3500,31600,700,10900,52300,11500,8700,24600,7900,28700,56400,71800,12900,21200,1000,18400,4600,21000,23900
2725.0,13.45,4768200,63805632.0,13.45,13.44,13.43,13.42,13.41,13.4,13.39,13.38,13.37,13.36,13.46,13.47,13.48,13.49,13.5,13.51,13.52,13.53,13.54,13.55,3700,3500,31600,700,10900,52300,11500,8700,24600,7900,28700,56400,71800,12900,21200,1000,18400,4600,21000,24000
2726.0,13.45,4769500,63823117.0,13.45,13.44,13.43,13.42,13.41,13.4,13.39,13.38,13.37,13.36,13.46,13.47,13.48,13.49,13.5,13.51,13.52,13.53,13.54,13.55,2400,3500,31600,700,10900,52300,11500,8700,24600,7900,31700,56400,71800,12900,21200,1000,18400,4600,20700,24000
2727.0,13.45,4769700,63825807.0,13.45,13.44,13.43,13.42,13.41,13.4,13.39,13.38,13.37,13.36,13.46,13.47,13.48,13.49,13.5,13.51,13.52,13.53,13.54,13.55,2300,3500,31600,700,10900,52300,11500,8700,24600,7900,31700,56400,71800,12900,21200,1000,18400,4600,20700,24000
2728.0,13.46,4770100,63831191.0,13.45,13.44,13.43,13.42,13.41,13.4,13.39,13.38,13.37,13.36,13.46,13.47,13.48,13.49,13.5,13.51,13.52,13.53,13.54,13.55,2300,3500,31600,700,10900,52300,11500,8700,24600,7900,31300,56600,71800,12900,21200,1000,18400,4600,20700,24000
2729.0,13.46,4770100,63831191.0,13.45,13.44,13.43,13.42,13.41,13.4,13.39,13.38,13.37,13.36,13.46,13.47,13.48,13.49,13.5,13.51,13.52,13.53,13.54,13.55,6200,3500,31600,700,10900,52300,11500,8700,24600,7900,31300,56600,71800,12900,21200,1000,18400,4600,20700,24000
2730.0,13.45,4770700,63839261.0,13.45,13.44,13.43,13.42,13.41,13.4,13.39,13.38,13.37,13.36,13.46,13.47,13.48,13.49,13.5,13.51,13.52,13.53,13.54,13.55,5600,3500,31600,700,10900,52300,11500,8700,24600,7900,31300,56600,71000,12900,21200,1000,18400,4600,20700,24000
2731.0,13.45,4771800,63854056.0,13.45,13.44,13.43,13.42,13.41,13.4,13.39,13.38,13.37,13.36,13.46,13.47,13.48,13.49,13.5,13.51,13.52,13.53,13.54,13.55,4500,3500,33700,700,10900,52300,11500,8700,24600,7900,31300,56600,71000,12900,21200,1000,18400,4600,20700,24000
2732.0,13.46,4779100,63952310.0,13.45,13.44,13.43,13.42,13.41,13.4,13.39,13.38,13.37,13.36,13.46,13.47,13.48,13.49,13.5,13.51,13.52,13.53,13.54,13.55,4100,3500,33700,700,10900,52300,11500,8700,24600,7900,24400,56600,71000,12900,21200,1000,18400,4600,20700,24000
2733.0,13.46,4779800,63961732.0,13.45,13.44,13.43,13.42,13.41,13.4,13.39,13.38,13.37,13.36,13.46,13.47,13.48,13.49,13.5,13.51,13.52,13.53,13.54,13.55,4100,3500,33700,700,10900,52300,11500,8700,24600,7900,23700,56600,71000,12900,21100,1000,18400,4600,20700,24000
2734.0,13.46,4779800,63961732.0,13.45,13.44,13.43,13.42,13.41,13.4,13.39,13.38,13.37,13.36,13.46,13.47,13.48,13.49,13.5,13.51,13.52,13.53,13.54,13.55,4100,3500,33700,700,10900,52300,11500,8700,24600,7900,23700,56600,71000,12900,21100,1000,18400,4600,20700,24000
2735.0,13.46,4779800,63961732.0,13.45,13.44,13.43,13.42,13.41,13.4,13.39,13.38,13.37,13.36,13.46,13.47,13.48,13.49,13.5,13.51,13.52,13.53,13.54,13.55,4100,3500,33700,700,10900,52300,11500,8700,24600,7900,23700,56600,71000,12900,21100,1000,18400,4600,20700,24000
2736.0,13.46,4780500,63971154.0,13.45,13.44,13.43,13.42,13.41,13.4,13.39,13.38,13.37,13.36,13.46,13.47,13.48,13.49,13.5,13.51,13.52,13.53,13.54,13.55,4100,3500,33700,700,10900,52300,11500,8700,24600,7900,23000,56600,71000,12900,21100,1000,18400,4600,20700,24000
2737.0,13.45,4780600,63972499.0,13.45,13.44,13.43,13.42,13.41,13.4,13.39,13.38,13.37,13.36,13.46,13.47,13.48,13.49,13.5,13.51,13.52,13.53,13.54,13.55,8000,3500,33700,700,10900,52300,11500,8700,24600,7900,23000,56600,71000,12900,21100,1000,18400,4600,20700,24000
2738.0,13.46,4790700,64108445.0,13.45,13.44,13.43,13.42,13.41,13.4,13.39,13.38,13.37,13.36,13.46,13.47,13.48,13.49,13.5,13.51,13.52,13.53,13.54,13.55,8000,3500,33700,700,10900,52300,11500,8700,24600,7900,12900,56600,71000,12900,21100,1000,18400,4600,20700,24000
2739.0,13.45,4792400,64131320.0,13.45,13.44,13.43,13.42,13.41,13.4,13.39,13.38,13.37,13.36,13.46,13.47,13.48,13.49,13.5,13.51,13.52,13.53,13.54,13.55,7300,3500,33700,700,10900,52300,11500,8700,24600,7900,11900,56600,71000,12900,21100,1000,18400,4600,20700,24000
2740.0,13.46,4793800,64150164.0,13.45,13.44,13.43,13.42,13.41,13.4,13.39,13.38,13.37,13.36,13.46,13.47,13.48,13.49,13.5,13.51,13.52,13.53,13.54,13.55,7300,3500,33700,700,10900,52300,11500,8700,24600,7900,10500,56600,71000,12900,21100,1000,18400,4600,20700,24000
2741.0,13.46,4801600,64255152.0,13.45,13.44,13.43,13.42,13.41,13.4,13.39,13.38,13.37,13.36,13.46,13.47,13.48,13.49,13.5,13.51,13.52,13.53,13.54,13.55,7300,3500,33700,700,10900,52300,11500,8700,24600,7900,2700,57300,71300,12900,21100,1000,18400,4600,20700,24000
2742.0,13.45,4803200,64276674.0,13.45,13.44,13.43,13.42,13.41,13.4,13.39,13.38,13.37,13.36,13.46,13.47,13.48,13.49,13.5,13.51,13.52,13.53,13.54,13.55,5900,3500,33700,700,10900,52300,11500,8700,24600,7900,2500,57300,71300,12900,21100,1000,18400,4600,20700,24000
2743.0,13.45,4803200,64276674.0,13.45,13.44,13.43,13.42,13.41,13.4,13.39,13.38,13.37,13.36,13.46,13.47,13.48,13.49,13.5,13.51,13.52,13.53,13.54,13.55,5900,3500,33700,700,10900,52300,11500,8700,24600,7900,2500,57300,71300,12900,21100,1000,18400,4600,20700,24000
2744.0,13.45,4803200,64276674.0,13.45,13.44,13.43,13.42,13.41,13.4,13.39,13.38,13.37,13.36,13.46,13.47,13.48,13.49,13.5,13.51,13.52,13.53,13.54,13.55,5900,10200,33700,700,10900,52300,11500,8700,24600,7900,2500,57600,71300,12900,21100,1000,18400,4600,20700,24000
2745.0,13.46,4803400,64279366.0,13.45,13.44,13.43,13.42,13.41,13.4,13.39,13.38,13.37,13.36,13.46,13.47,13.48,13.49,13.5,13.51,13.52,13.53,13.54,13.55,5900,10200,33700,700,10900,52300,11500,8700,24600,7900,2300,58300,71300,12900,21100,1000,18400,4600,20700,24000
2746.0,13.46,4813300,64412683.0,13.46,13.45,13.44,13.43,13.42,13.41,13.4,13.39,13.38,13.37,13.47,13.48,13.49,13.5,13.51,13.52,13.53,13.54,13.55,13.56,4700,5400,10200,33700,700,10900,52300,11500,8700,24600,51500,71300,12900,21100,1000,18400,4600,20700,24000,8900
2747.0,13.46,4813300,64412683.0,13.46,13.45,13.44,13.43,13.42,13.41,13.4,13.39,13.38,13.37,13.47,13.48,13.49,13.5,13.51,13.52,13.53,13.54,13.55,13.56,4700,5400,10200,33700,700,10900,52300,11500,8700,24600,51700,71300,12900,21100,1000,18400,4600,20700,24000,8900
2748.0,13.47,4814000,64422112.0,13.46,13.45,13.44,13.43,13.42,13.41,13.4,13.39,13.38,13.37,13.47,13.48,13.49,13.5,13.51,13.52,13.53,13.54,13.55,13.56,4700,5400,9000,33700,700,10900,52300,11500,8700,24600,51000,71300,12900,21100,1000,18400,4600,20700,24000,8900
2749.0,13.47,4814000,64422112.0,13.46,13.45,13.44,13.43,13.42,13.41,13.4,13.39,13.38,13.37,13.47,13.48,13.49,13.5,13.51,13.52,13.53,13.54,13.55,13.56,4700,5400,9000,33700,700,10900,52300,11500,8700,24600,51000,71800,12900,21100,1000,18400,4600,20700,24000,8900
2750.0,13.47,4819000,64489462.0,13.46,13.45,13.44,13.43,13.42,13.41,13.4,13.39,13.38,13.37,13.47,13.48,13.49,13.5,13.51,13.52,13.53,13.54,13.55,13.56,4700,5400,9000,33700,700,10900,52300,11500,8700,24600,47000,71800,12900,21100,1000,18400,4600,20700,24000,8900
2751.0,13.47,4827400,64602610.0,13.46,13.45,13.44,13.43,13.42,13.41,13.4,13.39,13.38,13.37,13.47,13.48,13.49,13.5,13.51,13.52,13.53,13.54,13.55,13.56,4700,5400,9000,33700,700,10900,52300,11500,8700,24600,38600,71800,12900,21000,1000,18400,4600,20700,24000,8900
2752.0,13.47,4827400,64602610.0,13.46,13.45,13.44,13.43,13.42,13.41,13.4,13.39,13.38,13.37,13.47,13.48,13.49,13.5,13.51,13.52,13.53,13.54,13.55,13.56,4700,5400,9000,33700,700,10900,52300,11500,8700,24600,38600,71800,12900,21000,1000,18400,4600,20700,24000,8900
2753.0,13.47,4827400,64602610.0,13.46,13.45,13.44,13.43,13.42,13.41,13.4,13.39,13.38,13.37,13.47,13.48,13.49,13.5,13.51,13.52,13.53,13.54,13.55,13.56,4700,5400,9000,33700,700,10900,52300,11500,8700,24600,38600,71800,12900,21000,1000,18400,4600,20700,24000,8900
2754.0,13.47,4833000,64678029.0,13.46,13.45,13.44,13.43,13.42,13.41,13.4,13.39,13.38,13.37,13.47,13.48,13.49,13.5,13.51,13.52,13.53,13.54,13.55,13.56,3400,5400,9000,33700,700,10900,52300,11500,8700,24600,34300,71800,12900,21000,1000,18400,4600,20700,24000,8900
2755.0,13.47,4833100,64679376.0,13.46,13.45,13.44,13.43,13.42,13.41,13.4,13.39,13.38,13.37,13.47,13.48,13.49,13.5,13.51,13.52,13.53,13.54,13.55,13.56,3500,5400,9000,33700,700,10900,52300,11500,8700,24600,34400,71800,12900,21000,1300,18400,4600,20700,24000,8900
2756.0,13.47,4833500,64684764.0,13.46,13.45,13.44,13.43,13.42,13.41,13.4,13.39,13.38,13.37,13.47,13.48,13.49,13.5,13.51,13.52,13.53,13.54,13.55,13.56,3500,5400,9000,33700,700,10900,52300,11500,8700,24600,34000,71800,12900,21000,1300,18400,4600,20700,24000,8900
2757.0,13.47,4833500,64684764.0,13.46,13.45,13.44,13.43,13.42,13.41,13.4,13.39,13.38,13.37,13.47,13.48,13.49,13.5,13.51,13.52,13.53,13.54,13.55,13.56,3500,5400,9000,33700,700,10900,52300,11500,8700,24600,34000,72000,12900,21000,1300,18400,4600,20700,24000,8900
2758.0,13.47,4837800,64742685.0,13.46,13.45,13.44,13.43,13.42,13.41,13.4,13.39,13.38,13.37,13.47,13.48,13.49,13.5,13.51,13.52,13.53,13.54,13.55,13.56,3600,5400,9000,33700,700,10900,52300,11500,8700,24600,30000,72000,12900,21000,1300,18400,4600,20700,24000,8900
2759.0,13.47,4838200,64748073.0,13.46,13.45,13.44,13.43,13.42,13.41,13.4,13.39,13.38,13.37,13.47,13.48,13.49,13.5,13.51,13.52,13.53,13.54,13.55,13.56,3600,5400,9000,33700,700,10900,52300,11500,8700,24600,29600,72000,12900,21000,1300,18400,4600,20700,24000,8900
2760.0,13.47,4838300,64749420.0,13.46,13.45,13.44,13.43,13.42,13.41,13.4,13.39,13.38,13.37,13.47,13.48,13.49,13.5,13.51,13.52,13.53,13.54,13.55,13.56,3600,5900,9000,33700,700,10900,52300,11500,8700,24600,29500,72900,12900,21000,1300,18400,4600,20700,24000,8900
2761.0,13.47,4839000,64758846.0,13.46,13.45,13.44,13.43,13.42,13.41,13.4,13.39,13.38,13.37,13.47,13.48,13.49,13.5,13.51,13.52,13.53,13.54,13.55,13.56,3300,5900,9000,33700,700,10900,52300,11500,8700,24600,29100,73000,12900,21000,1300,18400,4600,20700,24000,8900
2762.0,13.47,4839000,64758846.0,13.46,13.45,13.44,13.43,13.42,13.41,13.4,13.39,13.38,13.37,13.47,13.48,13.49,13.5,13.51,13.52,13.53,13.54,13.55,13.56,3300,6100,9000,33700,700,10900,52300,11500,8700,24600,29100,73000,12900,21000,1300,18400,4600,20700,24000,8900
2763.0,13.47,4839000,64758846.0,13.46,13.45,13.44,13.43,13.42,13.41,13.4,13.39,13.38,13.37,13.47,13.48,13.49,13.5,13.51,13.52,13.53,13.54,13.55,13.56,3300,6100,9000,33700,700,10900,52300,11500,8700,24600,29100,73000,12900,21000,1300,18400,4600,20700,24000,8900
2764.0,13.47,4841700,64795215.0,13.46,13.45,13.44,13.43,13.42,13.41,13.4,13.39,13.38,13.37,13.47,13.48,13.49,13.5,13.51,13.52,13.53,13.54,13.55,13.56,3300,6100,9000,33700,700,10900,52300,11500,8700,24600,26400,73000,12900,21200,1300,15400,4600,20700,24000,8900
2765.0,13.46,4842300,64803291.0,13.46,13.45,13.44,13.43,13.42,13.41,13.4,13.39,13.38,13.37,13.47,13.48,13.49,13.5,13.51,13.52,13.53,13.54,13.55,13.56,2700,6100,9000,33700,700,10900,52300,11500,8700,24600,26600,73000,12900,21200,1300,15400,4600,20700,24000,8900
2766.0,13.47,4850000,64907010.0,13.46,13.45,13.44,13.43,13.42,13.41,13.4,13.39,13.38,13.37,13.47,13.48,13.49,13.5,13.51,13.52,13.53,13.54,13.55,13.56,2700,6100,9000,33700,700,10900,52300,11500,8700,24600,18900,73900,12900,21200,1300,15400,4600,20700,24000,8900
2767.0,13.47,4850200,64909704.0,13.46,13.45,13.44,13.43,13.42,13.41,13.4,13.39,13.38,13.37,13.47,13.48,13.49,13.5,13.51,13.52,13.53,13.54,13.55,13.56,2700,6100,9000,33700,700,13900,52300,11500,8700,24600,18700,75000,12900,21200,1300,15400,4600,20700,24000,8900
2768.0,13.47,4860600,65049790.0,13.46,13.45,13.44,13.43,13.42,13.41,13.4,13.39,13.38,13.37,13.47,13.48,13.49,13.5,13.51,13.52,13.53,13.54,13.55,13.56,2500,6100,9000,33700,700,13900,52300,11500,8700,24600,8500,75000,12900,21200,1300,15400,4600,20700,24000,8900
2769.0,13.47,4861600,65063260.0,13.46,13.45,13.44,13.43,13.42,13.41,13.4,13.39,13.38,13.37,13.47,13.48,13.49,13.5,13.51,13.52,13.53,13.54,13.55,13.56,2500,6100,9000,33700,700,13900,52300,11500,8700,24600,7500,75000,12900,21200,1300,15400,4600,20700,24000,8900
2770.0,13.47,4862600,65076730.0,13.46,13.45,13.44,13.43,13.42,13.41,13.4,13.39,13.38,13.37,13.47,13.48,13.49,13.5,13.51,13.52,13.53,13.54,13.55,13.56,2500,6100,9000,33700,700,13900,52300,11500,8700,24600,6500,75000,12900,21200,1300,15400,4600,20700,24000,8900
2771.0,13.47,4862800,65079424.0,13.46,13.45,13.44,13.43,13.42,13.41,13.4,13.39,13.38,13.37,13.47,13.48,13.49,13.5,13.51,13.52,13.53,13.54,13.55,13.56,2500,6100,9000,33700,700,13900,52300,11500,8700,24600,6300,75200,12900,21200,2300,15400,4600,700,24000,8900
2772.0,13.47,4864000,65095588.0,13.46,13.45,13.44,13.43,13.42,13.41,13.4,13.39,13.38,13.37,13.47,13.48,13.49,13.5,13.51,13.52,13.53,13.54,13.55,13.56,4000,6100,9000,33700,700,13900,52300,11500,8700,24600,5100,75200,12900,21100,2300,15400,4600,700,24000,8900
2773.0,13.47,4867200,65138692.0,13.46,13.45,13.44,13.43,13.42,13.41,13.4,13.39,13.38,13.37,13.47,13.48,13.49,13.5,13.51,13.52,13.53,13.54,13.55,13.56,4000,6100,9000,33700,700,13900,52300,11500,8700,24600,1900,75200,12900,21100,2300,15400,4600,700,24000,8900
2774.0,13.48,4874200,65233033.0,13.46,13.45,13.44,13.43,13.42,13.41,13.4,13.39,13.38,13.37,13.48,13.49,13.5,13.51,13.52,13.53,13.54,13.55,13.56,13.57,4000,6100,9000,33700,700,13900,52300,11500,8700,24600,70100,12900,21100,2300,15400,4600,700,24000,8900,4000
2775.0,13.46,4874600,65238417.0,13.46,13.45,13.44,13.43,13.42,13.41,13.4,13.39,13.38,13.37,13.47,13.48,13.49,13.5,13.51,13.52,13.53,13.54,13.55,13.56,3600,6100,9000,33700,700,13900,52300,11500,8700,24600,200,70100,12900,21200,2300,15400,4600,700,24000,8900
2776.0,13.46,4874600,65238417.0,13.46,13.45,13.44,13.43,13.42,13.41,13.4,13.39,13.38,13.37,13.47,13.48,13.49,13.5,13.51,13.52,13.53,13.54,13.55,13.56,3600,6100,9000,33700,700,13900,52300,11500,8700,24600,200,70100,12900,21200,2300,15400,4600,700,24000,8900
2777.0,13.46,4874600,65238417.0,13.46,13.45,13.44,13.43,13.42,13.41,13.4,13.39,13.38,13.37,13.47,13.48,13.49,13.5,13.51,13.52,13.53,13.54,13.55,13.56,6800,6100,9000,33700,700,13900,52300,11500,11700,24600,200,70100,12900,21200,2300,15400,4600,700,24000,8900
2778.0,13.46,4875200,65246493.0,13.46,13.45,13.44,13.43,13.42,13.41,13.4,13.39,13.38,13.37,13.47,13.48,13.49,13.5,13.51,13.52,13.53,13.54,13.55,13.56,8100,6100,9000,33700,700,13900,52300,11500,11700,24600,200,70100,12900,21200,2300,15400,4600,700,24000,8100
2779.0,13.46,4875700,65253223.0,13.46,13.45,13.44,13.43,13.42,13.41,13.4,13.39,13.38,13.37,13.47,13.48,13.49,13.5,13.51,13.52,13.53,13.54,13.55,13.56,7600,6100,9000,33700,700,13900,52300,11500,11700,24600,300,70100,12900,21200,2300,15400,4600,700,24000,8100
2780.0,13.47,4875800,65254570.0,13.46,13.45,13.44,13.43,13.42,13.41,13.4,13.39,13.38,13.37,13.47,13.48,13.49,13.5,13.51,13.52,13.53,13.54,13.55,13.56,8400,6100,9000,33700,700,13900,52300,11500,11700,24600,400,70100,12900,21200,2300,15400,4600,700,24000,8100
2781.0,13.47,4875800,65254570.0,13.46,13.45,13.44,13.43,13.42,13.41,13.4,13.39,13.38,13.37,13.47,13.48,13.49,13.5,13.51,13.52,13.53,13.54,13.55,13.56,8400,6100,9000,33700,700,13900,52300,11500,11700,24600,400,71100,12900,21200,2300,15400,4600,700,24000,8100
2782.0,13.48,4876500,65264002.0,13.46,13.45,13.44,13.43,13.42,13.41,13.4,13.39,13.38,13.37,13.48,13.49,13.5,13.51,13.52,13.53,13.54,13.55,13.56,13.57,8400,6100,9000,33700,700,13900,52300,11500,11700,24600,75300,12900,21200,2300,15400,4600,700,24000,8100,4000
2783.0,13.46,4877200,65273424.0,13.46,13.45,13.44,13.43,13.42,13.41,13.4,13.39,13.38,13.37,13.48,13.49,13.5,13.51,13.52,13.53,13.54,13.55,13.56,13.57,10300,6100,9000,33700,700,13900,52300,11500,11700,24600,75900,12900,21200,2300,15400,4600,700,24000,8100,4000
2784.0,13.46,4877200,65273424.0,13.46,13.45,13.44,13.43,13.42,13.41,13.4,13.39,13.38,13.37,13.48,13.49,13.5,13.51,13.52,13.53,13.54,13.55,13.56,13.57,11200,6100,9000,33700,700,13900,52300,11500,11700,24600,76800,12900,21200,2300,15400,4600,700,24000,8100,4000
2785.0,13.46,4877200,65273424.0,13.46,13.45,13.44,13.43,13.42,13.41,13.4,13.39,13.38,13.37,13.47,13.48,13.49,13.5,13.51,13.52,13.53,13.54,13.55,13.56,12700,2100,9000,33700,700,13900,52300,11500,11700,24600,1100,78300,12900,21200,2300,15400,4600,700,24000,8100
2786.0,13.48,4880200,65313853.0,13.46,13.45,13.44,13.43,13.42,13.41,13.4,13.39,13.38,13.37,13.48,13.49,13.5,13.51,13.52,13.53,13.54,13.55,13.56,13.57,12700,2500,9000,33700,700,13900,52300,11500,11700,24600,76400,12900,21200,2300,15400,4600,700,24000,8100,4000
2787.0,13.48,4880200,65313853.0,13.46,13.45,13.44,13.43,13.42,13.41,13.4,13.39,13.38,13.37,13.48,13.49,13.5,13.51,13.52,13.53,13.54,13.55,13.56,13.57,14100,2500,9000,33700,700,13900,52300,11500,11700,24600,77800,12900,21200,2300,15400,4600,700,24000,8100,4000
2788.0,13.48,4900900,65592856.0,13.46,13.45,13.44,13.43,13.42,13.41,13.4,13.39,13.38,13.37,13.48,13.49,13.5,13.51,13.52,13.53,13.54,13.55,13.56,13.57,12700,2500,9000,33700,700,13900,52300,11500,11700,24600,60100,12900,21200,2300,15400,4600,700,24000,8100,4000
2789.0,13.48,4900900,65592856.0,13.46,13.45,13.44,13.43,13.42,13.41,13.4,13.39,13.38,13.37,13.48,13.49,13.5,13.51,13.52,13.53,13.54,13.55,13.56,13.57,16000,2500,9000,33700,700,13900,52300,11500,11700,24600,62800,12900,21200,2300,15400,4600,700,24000,8100,4000
2790.0,13.46,4901600,65602278.0,13.46,13.45,13.44,13.43,13.42,13.41,13.4,13.39,13.38,13.37,13.48,13.49,13.5,13.51,13.52,13.53,13.54,13.55,13.56,13.57,15300,2500,9000,33700,700,13900,52300,11500,11700,24600,63400,12900,21200,2300,15400,4600,700,24000,8100,4000
2791.0,13.46,4901600,65602278.0,13.46,13.45,13.44,13.43,13.42,13.41,13.4,13.39,13.38,13.37,13.48,13.49,13.5,13.51,13.52,13.53,13.54,13.55,13.56,13.57,17000,2500,9000,33700,700,13900,52300,11500,11700,24600,65100,12900,21200,2300,15400,4600,700,24000,8100,4000
2792.0,13.46,4901600,65602278.0,13.46,13.45,13.44,13.43,13.42,13.41,13.4,13.39,13.38,13.37,13.48,13.49,13.5,13.51,13.52,13.53,13.54,13.55,13.56,13.57,18600,2500,9000,33700,700,13900,52300,11500,11700,24600,66900,12900,21200,2300,15400,4600,700,24000,8100,4000
2793.0,13.46,4901600,65602278.0,13.46,13.45,13.44,13.43,13.42,13.41,13.4,13.39,13.38,13.37,13.48,13.49,13.5,13.51,13.52,13.53,13.54,13.55,13.56,13.57,20300,4000,9000,33700,700,13900,52300,11500,11700,25400,68700,13000,21200,2300,15400,4600,700,24000,8100,4000
2794.0,13.46,4901600,65602278.0,13.46,13.45,13.44,13.43,13.42,13.41,13.4,13.39,13.38,13.37,13.48,13.49,13.5,13.51,13.52,13.53,13.54,13.55,13.56,13.57,21900,3300,9000,33700,700,13900,52300,11500,11700,25400,70600,13000,21200,2300,15400,4600,700,24000,8100,4000
2795.0,13.48,4904900,65646762.0,13.46,13.45,13.44,13.43,13.42,13.41,13.4,13.39,13.38,13.37,13.48,13.49,13.5,13.51,13.52,13.53,13.54,13.55,13.56,13.57,22300,3300,9000,33700,700,13900,52300,11500,11700,25400,67300,13000,21000,2300,15400,4600,700,24000,8100,4000
2796.0,13.48,4916000,65796390.0,13.46,13.45,13.44,13.43,13.42,13.41,13.4,13.39,13.38,13.37,13.48,13.49,13.5,13.51,13.52,13.53,13.54,13.55,13.56,13.57,24000,3300,9000,33700,700,13900,52300,11500,11700,25400,59200,13000,21000,2300,15400,4600,700,24000,8100,4000
2797.0,13.48,4920800,65861094.0,13.46,13.45,13.44,13.43,13.42,13.41,13.4,13.39,13.38,13.37,13.48,13.49,13.5,13.51,13.52,13.53,13.54,13.55,13.56,13.57,25800,3300,9000,33700,700,13900,52300,11500,11700,25400,56200,13000,21000,2300,15400,4600,700,24000,8100,4000
2798.0,13.46,4921500,65870516.0,13.46,13.45,13.44,13.43,13.42,13.41,13.4,13.39,13.38,13.37,13.48,13.49,13.5,13.51,13.52,13.53,13.54,13.55,13.56,13.57,26900,3300,9000,33700,700,13900,52300,11500,11700,25400,58000,13000,21000,2300,15400,4600,700,24000,8100,4000
2799.0,13.48,4934200,66041684.0,13.47,13.46,13.45,13.44,13.43,13.42,13.41,13.4,13.39,13.38,13.48,13.49,13.5,13.51,13.52,13.53,13.54,13.55,13.56,13.57,4000,26600,3300,9000,33700,700,13900,52300,11500,11700,49300,13000,21000,2300,15400,4600,1300,24000,8100,4000
2800.0,13.48,4963300,66433952.0,13.47,13.46,13.45,13.44,13.43,13.42,13.41,13.4,13.39,13.38,13.48,13.49,13.5,13.51,13.52,13.53,13.54,13.55,13.56,13.57,4000,26600,3300,9000,33700,700,13900,52300,11500,11700,20600,13000,21000,2300,10400,4600,1300,24000,8100,4000
2801.0,13.51,5020200,67201583.0,13.51,13.5,13.47,13.46,13.45,13.44,13.43,13.42,13.41,13.4,13.52,13.53,13.54,13.55,13.56,13.57,13.58,13.59,13.6,13.61,400,34900,4000,26600,3300,9000,33700,700,13900,52300,10400,4600,1300,24000,8100,4000,15400,14400,25600,500
2802.0,13.51,5020500,67205636.0,13.51,13.5,13.47,13.46,13.45,13.44,13.43,13.42,13.41,13.4,13.52,13.53,13.54,13.55,13.56,13.57,13.58,13.59,13.6,13.61,100,36100,4000,26600,3300,9000,33700,700,13900,52300,10900,4600,1300,24000,8100,4000,15400,14400,25600,500
2803.0,13.51,5020500,67205636.0,13.51,13.5,13.47,13.46,13.45,13.44,13.43,13.42,13.41,13.4,13.52,13.53,13.54,13.55,13.56,13.57,13.58,13.59,13.6,13.61,100,52900,5000,26600,3300,9000,33700,700,13900,52300,10900,4600,1300,24000,8100,4000,15400,14400,25600,500
2804.0,13.52,5033900,67386765.0,13.52,13.5,13.49,13.47,13.46,13.45,13.44,13.43,13.42,13.41,13.53,13.54,13.55,13.56,13.57,13.58,13.59,13.6,13.61,13.62,4900,51000,100,5000,26600,3300,9000,33700,700,13900,4600,1300,24000,8100,4000,15400,14400,25600,500,200
2805.0,13.52,5034800,67398933.0,13.52,13.51,13.5,13.49,13.47,13.46,13.45,13.44,13.43,13.42,13.53,13.54,13.55,13.56,13.57,13.58,13.59,13.6,13.61,13.62,4000,300,52100,100,5000,26600,3300,9000,33700,700,4600,1300,24000,8100,4000,15400,14400,25600,500,200
2806.0,13.52,5034800,67398933.0,13.52,13.51,13.5,13.49,13.47,13.46,13.45,13.44,13.43,13.42,13.53,13.54,13.55,13.56,13.57,13.58,13.59,13.6,13.61,13.62,8000,300,60800,1100,5000,26600,3300,9000,33700,700,4600,1300,24000,8100,4000,15400,14400,25600,500,200
2807.0,13.52,5035500,67408397.0,13.52,13.51,13.5,13.49,13.47,13.46,13.45,13.44,13.43,13.42,13.53,13.54,13.55,13.56,13.57,13.58,13.59,13.6,13.61,13.62,7300,300,64800,1100,5000,26600,3300,9000,33700,700,4600,1300,24000,8100,4000,15400,14400,25600,500,200
2808.0,13.53,5035700,67411103.0,13.52,13.5,13.49,13.47,13.46,13.45,13.44,13.43,13.42,13.41,13.53,13.54,13.55,13.56,13.57,13.58,13.59,13.6,13.61,13.62,8000,63800,1100,5000,25400,3300,9000,33700,700,13300,4400,2200,24000,8100,4000,15400,14400,25600,500,200
2809.0,13.55,5055100,67673848.0,13.52,13.5,13.49,13.47,13.46,13.45,13.44,13.43,13.42,13.41,13.55,13.56,13.57,13.58,13.59,13.6,13.61,13.62,13.63,13.64,9700,63800,1100,5000,25400,3300,9000,33700,700,13300,11700,8100,4000,15400,14400,25600,500,200,2600,9000
2810.0,13.52,5057200,67702240.0,13.52,13.5,13.49,13.48,13.47,13.46,13.45,13.44,13.43,13.42,13.55,13.56,13.57,13.58,13.59,13.6,13.61,13.62,13.63,13.64,10800,63800,1100,100,5000,25400,3300,9000,33700,700,14900,8100,4000,15400,14400,25600,500,200,2600,9000
2811.0,13.53,5057300,67703593.0,13.53,13.52,13.5,13.49,13.48,13.47,13.46,13.45,13.44,13.43,13.55,13.56,13.57,13.58,13.59,13.6,13.61,13.62,13.63,13.64,1700,13200,63800,1100,100,5000,25400,1800,9000,33700,18000,8100,4000,15400,14400,25600,500,200,2600,9000
2812.0,13.55,5057800,67710368.0,13.53,13.52,13.5,13.49,13.48,13.47,13.46,13.45,13.44,13.43,13.55,13.56,13.57,13.58,13.59,13.6,13.61,13.62,13.63,13.64,3000,11600,63800,1100,100,5000,25400,1800,9000,33700,20700,8100,4000,15400,14400,25600,500,200,2600,9000
2813.0,13.54,5059300,67730672.0,13.53,13.52,13.5,13.49,13.48,13.47,13.46,13.45,13.44,13.43,13.54,13.55,13.56,13.57,13.58,13.59,13.6,13.61,13.62,13.63,4800,11600,64200,1100,100,5000,25400,1800,9000,33700,100,20700,8100,4000,15400,14400,25600,500,200,2600
2814.0,13.56,5081100,68026104.0,13.54,13.53,13.52,13.5,13.49,13.48,13.47,13.46,13.45,13.44,13.56,13.57,13.58,13.59,13.6,13.61,13.62,13.63,13.64,13.65,6900,8100,11400,49400,1100,100,1000,25400,1800,9000,3700,4000,15400,14400,25600,500,200,2600,9000,14200
2815.0,13.56,5082100,68039664.0,13.54,13.53,13.52,13.5,13.49,13.48,13.47,13.46,13.45,13.44,13.56,13.57,13.58,13.59,13.6,13.61,13.62,13.63,13.64,13.65,17600,7900,10700,18300,1100,100,1000,25400,1800,9000,4700,4000,15400,14400,25400,500,200,2600,9000,14200
2816.0,13.56,5087400,68111518.0,13.55,13.54,13.53,13.52,13.5,13.49,13.48,13.47,13.46,13.45,13.56,13.57,13.58,13.59,13.6,13.61,13.62,13.63,13.64,13.65,500,16900,7900,10700,18300,1100,100,1000,25400,1800,100,4000,15400,14400,25400,500,200,2600,9000,14200
2817.0,13.56,5087400,68111518.0,13.55,13.54,13.53,13.52,13.5,13.49,13.48,13.47,13.46,13.45,13.56,13.57,13.58,13.59,13.6,13.61,13.62,13.63,13.64,13.65,1200,17900,7100,10700,18300,1100,100,1000,25400,1800,100,4000,15400,14400,23400,500,200,2600,9000,14200
2818.0,13.57,5089900,68145442.0,13.55,13.54,13.53,13.52,13.5,13.49,13.48,13.47,13.46,13.45,13.57,13.58,13.59,13.6,13.61,13.62,13.63,13.64,13.65,13.66,6100,17900,7100,10700,17200,1100,100,1000,25400,1800,1600,15400,14400,23400,500,200,2600,9000,14200,11800
2819.0,13.57,5091100,68161714.0,13.55,13.54,13.53,13.52,13.5,13.49,13.48,13.47,13.46,13.45,13.57,13.58,13.59,13.6,13.61,13.62,13.63,13.64,13.65,13.66,7000,17900,7100,10700,17200,1100,100,1000,25400,1800,2400,15400,14400,23400,500,200,2600,9000,14200,11800
2820.0,13.59,5124900,68620770.0,13.58,13.55,13.54,13.53,13.52,13.5,13.49,13.48,13.47,13.46,13.59,13.6,13.61,13.62,13.63,13.64,13.65,13.66,13.67,13.68,8200,8100,7400,3700,10700,17200,1100,100,1000,25400,1500,23400,500,200,2600,9000,14200,11800,500,5200
2821.0,13.61,5152000,68989280.0,13.6,13.59,13.58,13.57,13.56,13.55,13.54,13.53,13.52,13.5,13.61,13.62,13.63,13.64,13.65,13.66,13.67,13.68,13.69,13.7,23200,100,16200,200,3800,8100,7400,3700,10700,17200,200,200,2600,9000,14200,11800,500,5200,9200,5300
2822.0,13.6,5153300,69006960.0,13.6,13.59,13.58,13.57,13.56,13.55,13.54,13.53,13.52,13.5,13.61,13.62,13.63,13.64,13.65,13.66,13.67,13.68,13.69,13.7,21900,1100,16600,2600,3900,8100,7400,3700,10700,17200,200,200,2600,9000,14200,11800,500,5200,9200,5300
2823.0,13.6,5153700,69012400.0,13.6,13.59,13.58,13.57,13.56,13.55,13.54,13.53,13.52,13.5,13.61,13.62,13.63,13.64,13.65,13.66,13.67,13.68,13.69,13.7,22200,1100,16600,4000,3900,8100,7400,3700,8500,17200,200,200,2600,9000,14200,11800,500,5200,9200,5300
2824.0,13.6,5153700,69012400.0,13.6,13.59,13.58,13.57,13.56,13.55,13.54,13.53,13.52,13.5,13.61,13.62,13.63,13.64,13.65,13.66,13.67,13.68,13.69,13.7,23400,1100,16600,4000,3900,8100,7400,3700,8500,17200,200,200,2600,9000,11800,11800,500,5200,9200,5300
2825.0,13.61,5154800,69027364.0,13.6,13.59,13.58,13.57,13.56,13.55,13.54,13.53,13.52,13.5,13.62,13.63,13.64,13.65,13.66,13.67,13.68,13.69,13.7,13.72,9600,1100,18200,4000,3900,8100,7400,3700,8500,17200,4200,2600,9000,11800,11800,500,5100,9200,5300,5200
2826.0,13.6,5158100,69072263.0,13.6,13.59,13.58,13.57,13.56,13.55,13.54,13.53,13.52,13.5,13.62,13.63,13.64,13.65,13.66,13.67,13.68,13.69,13.7,13.72,13400,100,18200,4000,3900,8100,7400,3800,8500,17200,6300,2600,9000,11800,11800,500,5100,9200,5300,5200
2827.0,13.6,5169300,69224583.0,13.6,13.59,13.58,13.57,13.56,13.55,13.54,13.53,13.52,13.5,13.61,13.62,13.63,13.64,13.65,13.66,13.67,13.68,13.69,13.7,6000,100,18200,4000,3900,8100,7400,3800,8500,16800,200,7900,2600,9000,11800,11800,500,5100,9200,5300
2828.0,13.59,5181900,69395948.0,13.59,13.58,13.57,13.56,13.55,13.54,13.53,13.52,13.5,13.49,13.6,13.62,13.63,13.64,13.65,13.66,13.67,13.68,13.69,13.7,500,18000,4000,3900,8100,7400,3800,8500,9700,1100,1300,7500,2600,9000,11400,11800,500,5100,9200,5300
2829.0,13.6,5198500,69621822.0,13.58,13.57,13.56,13.55,13.54,13.53,13.52,13.5,13.49,13.48,13.6,13.61,13.62,13.63,13.64,13.65,13.66,13.67,13.68,13.69,18000,4000,3900,5200,7400,3800,8500,9700,1100,100,14700,6200,14500,4800,9000,11400,11800,500,5100,9200
2830.0,13.6,5204800,69707502.0,13.58,13.57,13.56,13.55,13.54,13.53,13.52,13.5,13.49,13.48,13.6,13.61,13.62,13.63,13.64,13.65,13.66,13.67,13.68,13.69,19000,4000,3900,6200,7400,3800,8500,10200,1100,100,8400,6200,14500,4800,9000,11400,11800,500,5100,9200
2831.0,13.58,5215700,69855569.0,13.58,13.57,13.56,13.55,13.54,13.53,13.52,13.5,13.49,13.48,13.6,13.61,13.62,13.63,13.64,13.65,13.66,13.67,13.68,13.69,5500,4000,3900,6200,7400,3800,9500,10200,1100,100,10700,6200,14500,4800,9000,11400,11800,500,5100,9200
2832.0,13.6,5219300,69904501.0,13.58,13.57,13.56,13.55,13.54,13.53,13.52,13.5,13.49,13.48,13.6,13.61,13.62,13.63,13.64,13.65,13.66,13.67,13.68,13.69,6800,4000,3900,6200,7400,3800,9500,10200,1100,100,10400,6200,14500,4800,9000,11400,11800,500,5100,10200
2833.0,13.61,5245300,70258035.0,13.58,13.57,13.56,13.55,13.54,13.53,13.52,13.5,13.49,13.48,13.61,13.62,13.63,13.64,13.65,13.66,13.67,13.68,13.69,13.7,2700,4000,3900,6200,7400,3800,9500,10200,1100,100,11300,7500,4800,9000,11400,11800,500,5100,10200,5300
2834.0,13.59,5245800,70264834.0,13.58,13.57,13.56,13.55,13.54,13.53,13.52,13.5,13.49,13.48,13.59,13.61,13.62,13.63,13.64,13.65,13.66,13.67,13.68,13.69,5700,4000,3900,6200,7400,3800,9500,10200,1100,100,9700,18100,7500,4800,9000,11400,11800,500,5100,10200
2835.0,13.62,5325200,71345676.0,13.62,13.6,13.58,13.57,13.56,13.55,13.54,13.53,13.52,13.5,13.63,13.64,13.65,13.66,13.67,13.68,13.69,13.7,13.72,13.73,6400,20200,3000,4000,3900,6200,6400,3800,9500,10200,13400,9000,11400,11800,500,5100,10200,5300,5200,1000
2836.0,13.61,5340700,71556857.0,13.6,13.58,13.57,13.56,13.55,13.54,13.53,13.52,13.5,13.49,13.61,13.62,13.63,13.64,13.65,13.66,13.67,13.68,13.69,13.7,24300,4000,4000,3900,6200,6400,3800,9500,10200,1100,2900,18700,5300,9000,11400,11800,500,5300,10200,5300
2837.0,13.61,5350600,71691624.0,13.61,13.6,13.58,13.57,13.56,13.55,13.54,13.53,13.52,13.5,13.62,13.63,13.64,13.65,13.66,13.67,13.68,13.69,13.7,13.72,6500,23300,4500,4100,3900,6200,6400,3800,9500,10200,14700,5300,9000,11400,11800,500,4900,10200,5300,5200
2838.0,13.61,5350600,71691624.0,13.61,13.6,13.58,13.57,13.56,13.55,13.54,13.53,13.52,13.5,13.62,13.63,13.64,13.65,13.66,13.67,13.68,13.69,13.7,13.72,9100,24000,4500,4100,3800,6200,6400,3800,7500,10200,14700,5300,9000,11400,11800,500,4900,10200,5300,5200
2839.0,13.61,5358100,71793710.0,13.61,13.6,13.58,13.57,13.56,13.55,13.54,13.53,13.52,13.5,13.62,13.63,13.64,13.65,13.66,13.67,13.68,13.69,13.7,13.72,2700,20400,4500,4100,3800,6200,6400,3800,7500,10200,14100,5300,9000,11400,11800,500,4900,10200,5300,5200
2840.0,13.64,5378300,72068888.0,13.63,13.61,13.6,13.58,13.57,13.56,13.55,13.54,13.53,13.52,13.64,13.65,13.66,13.67,13.68,13.69,13.7,13.72,13.73,13.74,2100,2300,20400,4500,4100,3800,6200,6400,3800,7500,9200,11400,11800,500,4900,10200,5300,5200,1000,200
2841.0,13.64,5382800,72130261.0,13.63,13.61,13.6,13.58,13.57,13.56,13.55,13.54,13.53,13.52,13.64,13.65,13.66,13.67,13.68,13.69,13.7,13.72,13.73,13.74,5200,2400,20400,6500,4100,3800,6200,6400,3200,7500,6400,11400,11800,500,4900,10200,5300,5200,1000,200
2842.0,13.63,5383300,72137076.0,13.63,13.61,13.6,13.58,13.57,13.56,13.55,13.54,13.53,13.52,13.64,13.65,13.66,13.67,13.68,13.69,13.7,13.72,13.73,13.74,11800,2400,20400,6500,4100,3800,6200,6400,3200,7500,7100,11400,11800,500,4900,10200,5300,5200,1000,200
2843.0,13.63,5401500,72385159.0,13.63,13.62,13.61,13.6,13.58,13.57,13.56,13.55,13.54,13.53,13.64,13.65,13.66,13.67,13.68,13.69,13.7,13.72,13.73,13.74,6100,3300,2400,20200,6500,4100,3800,6200,6400,3200,9900,11600,11800,500,4900,10200,5300,5200,1000,200
2844.0,13.63,5403200,72408330.0,13.63,13.62,13.61,13.6,13.58,13.57,13.56,13.55,13.54,13.53,13.64,13.65,13.66,13.67,13.68,13.69,13.7,13.72,13.73,13.74,5900,3600,2400,20000,6500,3700,3800,6200,6400,3200,10100,11600,11800,500,3500,10200,5300,5200,1000,200
2845.0,13.63,5408900,72486021.0,13.63,13.62,13.61,13.6,13.58,13.57,13.56,13.55,13.54,13.53,13.64,13.65,13.66,13.67,13.68,13.69,13.7,13.72,13.73,13.74,2300,3400,2600,20000,6500,3700,3800,6200,6400,3200,10100,11600,11800,500,3500,10200,5300,5200,1000,200
2846.0,13.63,5412600,72536445.0,13.62,13.61,13.6,13.58,13.57,13.56,13.55,13.54,13.53,13.52,13.63,13.64,13.65,13.66,13.67,13.68,13.69,13.7,13.72,13.73,2400,2600,21500,6500,3700,4200,6200,6400,3200,7500,24300,10100,11600,11800,500,3500,10200,5300,5200,1000
2847.0,13.63,5413200,72544618.0,13.62,13.61,13.6,13.58,13.57,13.56,13.55,13.54,13.53,13.52,13.63,13.64,13.65,13.66,13.67,13.68,13.69,13.7,13.72,13.73,1900,2600,21200,6500,3700,4200,6200,6400,3200,7500,24700,10100,11600,11800,500,3500,10200,5300,5200,1000
2848.0,13.62,5418300,72614054.0,13.6,13.58,13.57,13.56,13.55,13.54,13.53,13.52,13.5,13.49,13.62,13.63,13.64,13.65,13.66,13.67,13.68,13.69,13.7,13.72,21200,6500,3700,4200,6200,6400,3200,7500,9200,1100,4600,10100,11700,12600,11800,500,3500,10200,5300,5200
2849.0,13.62,5422400,72669887.0,13.6,13.58,13.57,13.56,13.55,13.54,13.53,13.52,13.5,13.49,13.62,13.63,13.64,13.65,13.66,13.67,13.68,13.69,13.7,13.72,21500,6500,3700,4200,6200,6400,3200,7500,9200,1100,1700,10100,13700,12600,11800,900,3500,10200,5300,5200
2850.0,13.62,5425900,72717531.0,13.6,13.58,13.57,13.56,13.55,13.54,13.53,13.52,13.5,13.49,13.61,13.62,13.63,13.64,13.65,13.66,13.67,13.68,13.69,13.7,23500,6500,3700,4200,6200,6400,3200,7500,9200,1100,1400,5500,10100,19700,12700,11800,900,3500,10200,5300
2851.0,13.62,5430200,72776069.0,13.6,13.58,13.57,13.56,13.55,13.54,13.53,13.52,13.5,13.49,13.62,13.63,13.64,13.65,13.66,13.67,13.68,13.69,13.7,13.72,22800,6500,3700,4200,6200,6400,3200,7500,9200,1100,3300,10300,19700,12700,11800,900,3500,6900,5300,5200
2852.0,13.62,5434700,72837359.0,13.62,13.6,13.58,13.57,13.56,13.55,13.54,13.53,13.52,13.5,13.63,13.64,13.65,13.66,13.67,13.68,13.69,13.7,13.72,13.73,4500,22800,6500,3700,4200,6200,6400,3200,7500,9200,18800,19700,13800,11500,900,3500,6900,5300,5200,1000
2853.0,13.6,5456300,73131257.0,13.6,13.58,13.57,13.56,13.55,13.54,13.53,13.52,13.5,13.49,13.61,13.63,13.64,13.65,13.66,13.67,13.68,13.69,13.7,13.72,8100,6500,3700,4200,6200,6400,3200,7500,9200,1100,17400,18900,19700,13800,11500,900,3500,6900,5300,5200
2854.0,13.61,5460400,73187051.0,13.6,13.58,13.57,13.56,13.55,13.54,13.53,13.52,13.5,13.49,13.61,13.62,13.63,13.64,13.65,13.66,13.67,13.68,13.69,13.7,7400,6500,1300,4200,6200,6400,3200,7300,9200,1100,16000,100,34500,19700,13800,11500,900,5500,6900,5300
2855.0,13.6,5467800,73287691.0,13.58,13.57,13.56,13.55,13.54,13.53,13.52,13.5,13.49,13.48,13.59,13.6,13.61,13.62,13.63,13.64,13.65,13.66,13.67,13.68,6500,1300,4200,6200,6400,3200,7300,9200,1100,100,8800,2300,16000,6100,34500,19200,13800,11500,900,5500
2856.0,13.59,5468900,73302640.0,13.58,13.57,13.56,13.55,13.54,13.53,13.52,13.5,13.49,13.48,13.59,13.6,13.61,13.62,13.63,13.64,13.65,13.66,13.67,13.68,6500,1300,4200,5200,6400,3200,7300,9200,1100,100,7700,2300,16200,6100,35500,19200,13800,11500,900,5500
2857.0,13.59,5474500,73378742.0,13.58,13.57,13.56,13.55,13.54,13.53,13.52,13.5,13.49,13.48,13.59,13.6,13.61,13.62,13.63,13.64,13.65,13.66,13.67,13.68,6300,1300,4200,5200,6400,3200,7300,9200,1100,100,2300,3200,16200,6100,36100,19200,13800,11500,900,5500
2858.0,13.6,5486200,73537849.0,13.58,13.57,13.56,13.55,13.54,13.53,13.52,13.5,13.49,13.48,13.61,13.62,13.63,13.64,13.65,13.66,13.67,13.68,13.69,13.7,5100,1200,4200,5200,6400,3200,7300,9200,1100,100,14800,6100,36500,19200,14100,11500,900,5500,6900,5300
2859.0,13.61,5486300,73539210.0,13.58,13.57,13.56,13.55,13.54,13.53,13.52,13.5,13.49,13.48,13.61,13.62,13.63,13.64,13.65,13.66,13.67,13.68,13.69,13.7,19700,200,4200,5200,6400,3200,7300,9200,1100,100,29500,6100,36500,19200,14100,11500,900,5500,6900,5300
2860.0,13.61,5486300,73539210.0,13.58,13.57,13.56,13.55,13.54,13.53,13.52,13.5,13.49,13.48,13.6,13.61,13.62,13.63,13.64,13.65,13.66,13.67,13.68,13.69,19700,200,4200,5200,6400,3200,7300,9200,1100,100,10000,29500,6100,36700,19200,14100,11500,900,5500,6900
2861.0,13.59,5488700,73571819.0,13.59,13.58,13.57,13.56,13.55,13.54,13.53,13.52,13.5,13.49,13.6,13.61,13.62,13.63,13.64,13.65,13.66,13.67,13.68,13.69,100,19000,200,4200,5200,5900,3200,7300,9200,1100,10000,29500,6100,35900,19200,17600,17000,900,7400,6900
2862.0,13.58,5494600,73651963.0,13.58,13.57,13.56,13.55,13.54,13.53,13.52,13.5,13.49,13.48,13.6,13.61,13.62,13.63,13.64,13.65,13.66,13.67,13.68,13.69,14300,200,4200,5200,5900,3200,7300,9200,1100,100,9000,29500,6100,35900,19200,17600,17000,900,7400,6900
2863.0,13.59,5495500,73664201.0,13.58,13.57,13.56,13.55,13.54,13.53,13.52,13.5,13.49,13.48,13.59,13.6,13.61,13.62,13.63,13.64,13.65,13.66,13.67,13.68,14300,200,4200,5200,5900,3200,7300,9200,1100,100,200,9500,30000,6100,20500,18200,17600,17000,900,7400
2864.0,13.58,5496200,73673707.0,13.58,13.57,13.56,13.55,13.54,13.53,13.52,13.5,13.49,13.48,13.59,13.6,13.61,13.62,13.63,13.64,13.65,13.66,13.67,13.68,13600,2100,4200,5200,5900,3200,7300,9200,1100,100,200,9500,30000,6100,21400,18200,18600,17000,900,7400
2865.0,13.6,5497500,73691371.0,13.58,13.57,13.56,13.55,13.54,13.53,13.52,13.5,13.49,13.48,13.6,13.61,13.62,13.63,13.64,13.65,13.66,13.67,13.68,13.69,12900,2100,4200,5200,5900,3200,7300,9200,1100,100,15300,30000,6100,21400,18200,19500,17000,900,7300,6900
2866.0,13.6,5501200,73741663.0,13.58,13.57,13.56,13.55,13.54,13.53,13.52,13.5,13.49,13.48,13.6,13.61,13.62,13.63,13.64,13.65,13.66,13.67,13.68,13.69,15100,2100,4200,5200,5900,3200,7300,9700,1100,100,15900,30000,5100,21400,18200,19500,17000,1400,7300,6900
2867.0,13.58,5501900,73751169.0,13.58,13.57,13.56,13.55,13.54,13.53,13.52,13.51,13.5,13.49,13.6,13.61,13.62,13.63,13.64,13.65,13.66,13.67,13.68,13.69,14600,2100,4200,5200,2000,3200,7300,300,9700,1100,16900,30000,6900,21400,18200,19500,17000,1400,7300,6900
2868.0,13.58,5509200,73850331.0,13.58,13.57,13.56,13.55,13.54,13.53,13.52,13.51,13.5,13.49,13.59,13.6,13.61,13.62,13.63,13.64,13.65,13.66,13.67,13.68,8700,2100,4200,5100,2000,3200,7300,300,9700,1100,400,15500,30000,6900,22400,18200,19500,17000,1400,7300
2869.0,13.58,5509400,73853047.0,13.58,13.57,13.56,13.55,13.54,13.53,13.52,13.51,13.5,13.49,13.59,13.6,13.61,13.62,13.63,13.64,13.65,13.66,13.67,13.68,8500,2100,4200,5100,2000,3200,7300,300,9700,1100,19000,15500,30000,6900,22400,18200,19500,17000,1400,7300
2870.0,13.58,5511900,73886997.0,13.58,13.57,13.56,13.55,13.54,13.53,13.52,13.51,13.5,13.49,13.59,13.6,13.61,13.62,13.63,13.64,13.65,13.66,13.67,13.68,10000,2100,4200,5100,2000,3200,7300,300,9700,1100,19000,15500,30000,6900,22400,18200,19500,17000,1400,7300
2871.0,13.59,5514300,73919610.0,13.58,13.57,13.56,13.55,13.54,13.53,13.52,13.51,13.5,13.49,13.59,13.6,13.61,13.62,13.63,13.64,13.65,13.66,13.67,13.68,10900,2100,4200,5100,2000,3200,7300,300,9700,1100,16900,15500,30400,7000,22400,18200,19500,17000,1400,7300
2872.0,13.58,5527000,74092162.0,13.58,13.57,13.56,13.55,13.54,13.53,13.52,13.51,13.5,13.49,13.59,13.6,13.61,13.62,13.63,13.64,13.65,13.66,13.67,13.68,8100,2100,4200,5100,2000,3200,7300,300,9700,1100,8500,16700,30400,7000,22400,19200,18500,17000,1400,7300
2873.0,13.58,5532600,74168225.0,13.58,13.57,13.56,13.55,13.54,13.53,13.52,13.51,13.5,13.49,13.59,13.6,13.61,13.62,13.63,13.64,13.65,13.66,13.67,13.68,4000,2200,4200,5100,2000,3200,7300,1500,9700,1100,7000,17100,30400,7000,22400,19200,18500,17000,1400,7300
2874.0,13.6,5553600,74453735.0,13.58,13.57,13.56,13.55,13.54,13.53,13.52,13.51,13.5,13.49,13.59,13.6,13.61,13.62,13.63,13.64,13.65,13.66,13.67,13.68,3000,2200,4200,5100,2000,3200,10100,1500,9700,1100,4100,4100,30400,7000,22400,19200,18500,17000,1400,7300
2875.0,13.58,5554800,74470035.0,13.58,13.57,13.56,13.55,13.54,13.53,13.52,13.51,13.5,13.49,13.59,13.6,13.61,13.62,13.63,13.64,13.65,13.66,13.67,13.68,2800,2200,4200,5100,2000,3200,10100,1500,9700,1100,3700,4200,30400,7000,23400,19200,20900,17000,1400,7300
2876.0,13.58,5555000,74472751.0,13.58,13.57,13.56,13.55,13.54,13.53,13.52,13.51,13.5,13.49,13.59,13.6,13.61,13.62,13.63,13.64,13.65,13.66,13.67,13.68,2600,2200,4200,5100,2000,3200,10100,1500,9700,1100,4200,4200,30400,9000,24000,19200,20900,17000,1400,7300
2877.0,13.58,5560300,74544713.0,13.58,13.57,13.56,13.55,13.54,13.53,13.52,13.51,13.5,13.49,13.59,13.6,13.61,13.62,13.63,13.64,13.65,13.66,13.67,13.68,2000,1000,4200,6100,2000,3200,10100,1500,9700,1100,4200,4200,28400,9000,24000,13200,20900,17000,1400,7300
2878.0,13.58,5560300,74544713.0,13.58,13.57,13.56,13.55,13.54,13.53,13.52,13.51,13.5,13.49,13.59,13.6,13.61,13.62,13.63,13.64,13.65,13.66,13.67,13.68,4100,1000,4200,6100,2000,3200,10100,1500,9700,1100,7200,4200,28400,9000,24000,13200,20900,17000,1400,7300
2879.0,13.58,5561000,74554219.0,13.58,13.57,13.56,13.55,13.54,13.53,13.52,13.51,13.5,13.49,13.59,13.6,13.61,13.62,13.63,13.64,13.65,13.66,13.67,13.68,4400,1000,4400,6100,2000,3200,10100,1500,9700,1100,7200,4200,28600,9000,24000,13200,20900,17000,1400,7300
2880.0,13.58,5562700,74577305.0,13.58,13.57,13.56,13.55,13.54,13.53,13.52,13.51,13.5,13.49,13.59,13.6,13.61,13.62,13.63,13.64,13.65,13.66,13.67,13.68,8700,1000,4400,6100,2000,3200,10100,1500,9700,1100,7200,5200,28600,9000,24000,13200,19900,17000,1400,7300
2881.0,13.58,5563700,74590885.0,13.58,13.57,13.56,13.55,13.54,13.53,13.52,13.51,13.5,13.49,13.59,13.6,13.61,13.62,13.63,13.64,13.65,13.66,13.67,13.68,12700,1000,4400,6100,2000,3200,10100,1500,9700,1100,7200,5200,28600,8000,24100,13200,19500,17000,1400,7300
2882.0,13.58,5570100,74677834.0,13.58,13.57,13.56,13.55,13.54,13.53,13.52,13.51,13.5,13.49,13.59,13.6,13.61,13.62,13.63,13.64,13.65,13.66,13.67,13.68,11700,1000,4400,6100,2000,3200,10100,1500,9700,1100,5500,5700,28600,8000,24100,13200,19500,17000,1400,7300
2883.0,13.59,5575600,74752579.0,13.59,13.58,13.57,13.56,13.55,13.54,13.53,13.52,13.51,13.5,13.6,13.61,13.62,13.63,13.64,13.65,13.66,13.67,13.68,13.69,900,11900,1000,4400,6100,2000,3200,10100,1500,9700,4900,28700,8000,24100,13200,19500,17000,1400,7300,7400
2884.0,13.58,5582200,74842216.0,13.58,13.57,13.56,13.55,13.54,13.53,13.52,13.51,13.5,13.49,13.6,13.61,13.62,13.63,13.64,13.65,13.66,13.67,13.68,13.69,6200,1000,4400,6100,2000,3200,10100,1500,9700,1100,4900,28700,8000,24100,14200,19500,17000,1400,7300,7400
2885.0,13.6,5590000,74948258.0,13.6,13.59,13.58,13.57,13.56,13.55,13.54,13.53,13.52,13.51,13.61,13.62,13.63,13.64,13.65,13.66,13.67,13.68,13.69,13.7,200,20000,4300,1000,4400,6100,2000,3200,10100,1500,28700,8000,26700,14200,19500,17000,1400,7300,7400,7000
2886.0,13.59,5590800,74959132.0,13.59,13.58,13.57,13.56,13.55,13.54,13.53,13.52,13.51,13.5,13.6,13.61,13.62,13.63,13.64,13.65,13.66,13.67,13.68,13.69,26700,6400,2800,4400,6100,2000,3200,10100,1500,10900,3400,28700,8000,26700,14200,19500,17000,1400,7300,7400
2887.0,13.6,5595600,75024400.0,13.6,13.59,13.58,13.57,13.56,13.55,13.54,13.53,13.52,13.51,13.61,13.62,13.63,13.64,13.65,13.66,13.67,13.68,13.69,13.7,10300,25600,7600,2800,4400,6100,2000,3200,10100,1500,28700,9500,26700,14200,19500,17000,1400,7300,7400,7000
2888.0,13.6,5596600,75038000.0,13.6,13.59,13.58,13.57,13.56,13.55,13.54,13.53,13.52,13.51,13.61,13.62,13.63,13.64,13.65,13.66,13.67,13.68,13.69,13.7,9300,25600,8400,3800,4400,6100,2000,3200,9100,1500,28700,9500,26700,14200,19500,17000,1400,7300,7400,7000
2889.0,13.56,5649500,75756690.0,13.55,13.54,13.53,13.52,13.51,13.5,13.49,13.48,13.47,13.46,13.56,13.57,13.59,13.6,13.61,13.62,13.63,13.64,13.65,13.66,6100,2000,3200,9100,1500,10900,1100,100,1000,24600,2500,2600,200,600,28700,8700,25800,14200,19500,17000
2890.0,13.59,5656200,75847613.0,13.59,13.55,13.54,13.53,13.52,13.51,13.5,13.49,13.48,13.47,13.6,13.61,13.62,13.63,13.64,13.65,13.66,13.67,13.68,13.69,3300,6100,2000,3200,9100,1500,10900,1100,100,1000,600,28700,8800,24800,14300,19500,17000,1400,7300,7400
2891.0,13.58,5659700,75895176.0,13.59,13.55,13.54,13.53,13.52,13.51,13.5,13.49,13.48,13.47,13.6,13.61,13.62,13.63,13.64,13.65,13.66,13.67,13.68,13.69,600,6100,2000,3200,9100,1500,10900,1100,100,1000,600,28700,8800,24800,12700,19500,17000,1400,7300,10300
2892.0,13.6,5659800,75896536.0,13.59,13.58,13.55,13.54,13.53,13.52,13.51,13.5,13.49,13.48,13.6,13.61,13.62,13.63,13.64,13.65,13.66,13.67,13.68,13.69,600,3800,6100,2000,3200,9100,1500,10900,1100,100,2900,28700,8800,24800,12700,19500,17000,1400,7300,10300
2893.0,13.59,5659900,75897895.0,13.59,13.58,13.56,13.55,13.54,13.53,13.52,13.51,13.5,13.49,13.6,13.61,13.62,13.63,13.64,13.65,13.66,13.67,13.68,13.69,500,3800,500,6100,2000,3200,9100,1500,10900,1100,3700,28700,8800,24800,14700,19500,17000,1400,8300,10300
2894.0,13.6,5668500,76014855.0,13.59,13.58,13.56,13.55,13.54,13.53,13.52,13.51,13.5,13.49,13.61,13.62,13.63,13.64,13.65,13.66,13.67,13.68,13.69,13.7,500,3800,2500,6200,2000,3200,9100,1500,10900,1100,29600,8800,24800,14700,19500,17000,1400,8300,10300,7200
2895.0,13.6,5668500,76014855.0,13.6,13.59,13.58,13.56,13.55,13.54,13.53,13.52,13.51,13.5,13.61,13.62,13.63,13.64,13.65,13.66,13.67,13.68,13.69,13.7,700,10900,3800,2500,6200,2000,3200,9100,1500,10900,32100,8800,24800,14700,19500,17000,1400,8300,10300,7200
2896.0,13.61,5671600,76057023.0,13.59,13.58,13.57,13.56,13.55,13.54,13.53,13.52,13.51,13.5,13.61,13.62,13.63,13.64,13.65,13.66,13.67,13.68,13.69,13.7,10900,3800,600,2500,6200,2000,3200,9100,1500,10900,31300,8800,24800,14700,21500,17000,1400,8300,10300,7200
2897.0,13.6,5677100,76131816.0,13.6,13.59,13.58,13.57,13.56,13.55,13.54,13.53,13.52,13.51,13.61,13.62,13.63,13.64,13.65,13.66,13.67,13.68,13.69,13.7,300,10200,3800,600,2500,6200,2000,3200,9100,1500,31300,8800,24800,14700,21500,17000,1400,8300,10300,7200
2898.0,13.6,5686800,76263775.0,13.6,13.59,13.58,13.57,13.56,13.55,13.54,13.53,13.52,13.51,13.61,13.62,13.63,13.64,13.65,13.66,13.67,13.68,13.69,13.7,1400,13700,3800,600,2500,6200,2000,3200,9100,1500,27500,8800,24800,12700,21500,17000,1400,8300,10300,7200
2899.0,13.6,5688300,76284175.0,13.6,13.59,13.58,13.57,13.56,13.55,13.54,13.53,13.52,13.51,13.61,13.62,13.63,13.64,13.65,13.66,13.67,13.68,13.69,13.7,100,13700,3800,600,3900,6200,2000,3200,9100,1500,27500,8800,24800,12700,21500,17000,1400,8300,10300,7200
2900.0,13.6,5690800,76318174.0,13.6,13.59,13.58,13.57,13.56,13.55,13.54,13.53,13.52,13.51,13.61,13.62,13.63,13.64,13.65,13.66,13.67,13.68,13.69,13.7,500,13000,3800,600,3900,6200,2000,3200,9100,1500,26900,8800,25800,12700,21500,17000,1400,8300,10300,7200
2901.0,13.6,5698800,76426954.0,13.6,13.59,13.58,13.57,13.56,13.55,13.54,13.53,13.52,13.51,13.61,13.62,13.63,13.64,13.65,13.66,13.67,13.68,13.69,13.7,800,11000,3800,600,3900,6200,2000,3200,9100,1500,26400,8800,25800,12700,21500,17000,1400,8300,10300,7200
2902.0,13.6,5699100,76431034.0,13.6,13.59,13.58,13.57,13.56,13.55,13.54,13.53,13.52,13.51,13.61,13.62,13.63,13.64,13.65,13.66,13.67,13.68,13.69,13.7,500,11000,3800,600,3900,6200,2000,3200,9100,1500,26300,8800,25800,12700,17700,17000,1400,8300,10300,7200
2903.0,13.61,5700100,76444644.0,13.6,13.59,13.58,13.57,13.56,13.55,13.54,13.53,13.52,13.51,13.61,13.62,13.63,13.64,13.65,13.66,13.67,13.68,13.69,13.7,600,11000,3800,600,3900,6200,2000,3200,9100,1500,25300,8800,25800,12700,17700,17000,1400,8300,10300,7200
2904.0,13.6,5700700,76452804.0,13.59,13.58,13.57,13.56,13.55,13.54,13.53,13.52,13.51,13.5,13.6,13.61,13.62,13.63,13.64,13.65,13.66,13.67,13.68,13.69,11000,3800,600,3900,6200,2000,3200,9100,1500,11700,5900,25300,8800,25800,12700,15100,17000,1400,8300,10300
2905.0,13.6,5701700,76466397.0,13.59,13.58,13.57,13.56,13.55,13.54,13.53,13.52,13.51,13.5,13.6,13.61,13.62,13.63,13.64,13.65,13.66,13.67,13.68,13.69,10300,3800,600,3900,6200,2000,3200,9100,1500,11700,5600,26300,11600,25800,12700,15100,17000,1400,8300,10300
2906.0,13.6,5708100,76553437.0,13.6,13.59,13.58,13.57,13.56,13.55,13.54,13.53,13.52,13.51,13.61,13.62,13.63,13.64,13.65,13.66,13.67,13.68,13.69,13.7,5700,10700,3800,600,3900,6200,2000,3200,9100,1500,26300,11600,25800,12700,15100,17000,1400,8300,10300,7200
2907.0,13.6,5709100,76567037.0,13.6,13.59,13.58,13.57,13.56,13.55,13.54,13.53,13.52,13.51,13.61,13.62,13.63,13.64,13.65,13.66,13.67,13.68,13.69,13.7,5100,10800,3800,600,3900,6000,2000,3200,9100,1500,26300,11600,25800,12700,15100,17000,1000,8300,10300,7200
2908.0,13.6,5710100,76580637.0,13.6,13.59,13.58,13.57,13.56,13.55,13.54,13.53,13.52,13.51,13.61,13.62,13.63,13.64,13.65,13.66,13.67,13.68,13.69,13.7,7500,10800,3800,600,3900,6000,2000,3200,9100,1500,26600,11600,25800,12700,15100,17000,1000,8300,10300,7200
2909.0,13.6,5713100,76621437.0,13.6,13.59,13.58,13.57,13.56,13.55,13.54,13.53,13.52,13.51,13.61,13.62,13.63,13.64,13.65,13.66,13.67,13.68,13.69,13.7,7900,10800,3800,600,3900,6000,2000,3200,9100,1500,26600,11600,25800,12700,15100,17000,1000,8300,10300,7200
2910.0,13.6,5713100,76621437.0,13.6,13.59,13.58,13.57,13.56,13.55,13.54,13.53,13.52,13.51,13.61,13.62,13.63,13.64,13.65,13.66,13.67,13.68,13.69,13.7,10900,10800,3800,5600,3900,6000,2000,3200,9100,1500,26400,11600,25800,12700,15100,17000,1000,8300,10300,7200
2911.0,13.61,5724000,76769690.0,13.6,13.59,13.58,13.57,13.56,13.55,13.54,13.53,13.52,13.51,13.61,13.62,13.63,13.64,13.65,13.66,13.67,13.68,13.69,13.7,22500,10800,3800,5600,3900,6000,2000,3200,9100,1500,25100,12600,25800,12700,15100,17000,1000,8300,10300,7200
2912.0,13.61,5725000,76783300.0,13.6,13.59,13.58,13.57,13.56,13.55,13.54,13.53,13.52,13.51,13.61,13.62,13.63,13.64,13.65,13.66,13.67,13.68,13.69,13.7,22500,10800,3800,5600,3900,6000,2000,3200,9100,1500,21200,12600,25800,12700,15100,17000,1000,8300,10400,10700
2913.0,13.6,5726100,76798260.0,13.6,13.59,13.58,13.57,13.56,13.55,13.54,13.53,13.52,13.51,13.61,13.62,13.63,13.64,13.65,13.66,13.67,13.68,13.69,13.7,21500,10800,3800,5600,3900,6000,2000,3200,9100,1500,21100,12600,25800,12700,15100,17000,1000,8300,10400,10700
2914.0,13.61,5730800,76862187.0,13.6,13.59,13.58,13.57,13.56,13.55,13.54,13.53,13.52,13.51,13.61,13.62,13.63,13.64,13.65,13.66,13.67,13.68,13.69,13.7,27500,10800,4000,5600,3900,6000,2000,3200,9100,1500,22000,12600,25800,12700,15100,17000,1000,8300,10400,10700
2915.0,13.6,5733000,76892117.0,13.6,13.59,13.58,13.57,13.56,13.55,13.54,13.53,13.52,13.51,13.61,13.62,13.63,13.64,13.65,13.66,13.67,13.68,13.69,13.7,26300,10800,4000,5600,3900,6000,2000,3200,9100,1500,21000,16600,25800,12700,15100,17000,1000,8300,10400,10700
2916.0,13.6,5734400,76911157.0,13.6,13.59,13.58,13.57,13.56,13.55,13.54,13.53,13.52,13.51,13.61,13.62,13.63,13.64,13.65,13.66,13.67,13.68,13.69,13.7,26100,10800,4000,5600,3900,6000,2000,3200,6300,1500,21100,16600,25800,12900,15100,17000,1000,8300,10400,10700
2917.0,13.6,5760500,77266117.0,13.59,13.58,13.57,13.56,13.55,13.54,13.53,13.52,13.51,13.5,13.6,13.61,13.62,13.63,13.64,13.65,13.66,13.67,13.68,13.69,10800,4000,5600,3900,6000,2000,3200,6300,1500,11700,4100,26100,16600,26100,13300,15100,17000,1000,7800,10400
2918.0,13.6,5763700,77309637.0,13.59,13.58,13.57,13.56,13.55,13.54,13.53,13.52,13.51,13.5,13.6,13.61,13.62,13.63,13.64,13.65,13.66,13.67,13.68,13.69,10800,4000,5600,1900,6000,2000,3200,6300,1500,11700,2500,26800,16600,26100,13300,15500,17000,1000,7800,10400
2919.0,13.6,5764900,77325950.0,13.59,13.58,13.57,13.56,13.55,13.54,13.53,13.52,13.51,13.5,13.6,13.61,13.62,13.63,13.64,13.65,13.66,13.67,13.68,13.69,10100,4000,5600,1900,6000,2000,3200,6300,1500,11700,2000,26800,16600,26100,13300,15500,17000,1000,7800,10400
2920.0,13.6,5772000,77422557.0,13.59,13.58,13.57,13.56,13.55,13.54,13.53,13.52,13.51,13.5,13.6,13.61,13.62,13.63,13.64,13.65,13.66,13.67,13.68,13.69,10100,4000,5600,1900,6000,2000,3200,6300,1500,11700,2700,22100,16600,26100,13300,15000,17000,1000,7800,10400
2921.0,13.59,5772700,77432070.0,13.59,13.58,13.57,13.56,13.55,13.54,13.53,13.52,13.51,13.5,13.6,13.61,13.62,13.63,13.64,13.65,13.66,13.67,13.68,13.69,9400,4000,5600,1900,6000,2000,3200,6300,1500,11700,2700,22300,16600,26100,13300,15000,17000,1000,7800,10400
2922.0,13.59,5774800,77460609.0,13.59,13.58,13.57,13.56,13.55,13.54,13.53,13.52,13.51,13.5,13.6,13.61,13.62,13.63,13.64,13.65,13.66,13.67,13.68,13.69,7300,4000,5600,1900,6000,2000,3200,6300,1500,11700,2900,22300,16600,26100,13300,15000,17000,1000,7800,10400
2923.0,13.59,5774800,77460609.0,13.59,13.58,13.57,13.56,13.55,13.54,13.53,13.52,13.51,13.5,13.6,13.61,13.62,13.63,13.64,13.65,13.66,13.67,13.68,13.69,7300,4000,5600,1900,6000,2000,3200,6300,1500,11700,2900,29900,16600,26100,13300,15000,17000,1000,7800,10400
2924.0,13.6,5782700,77568062.0,13.59,13.58,13.57,13.56,13.55,13.54,13.53,13.52,13.51,13.5,13.6,13.61,13.62,13.63,13.64,13.65,13.66,13.67,13.68,13.69,7400,4000,5600,1900,6000,2000,3200,6300,1500,7800,7600,27900,16600,26200,13300,15000,17000,1000,7800,10400
2925.0,13.59,5790200,77669987.0,13.58,13.57,13.56,13.55,13.54,13.53,13.52,13.51,13.5,13.49,13.59,13.6,13.61,13.62,13.63,13.64,13.65,13.66,13.67,13.68,4000,5600,1900,6000,2000,3200,6300,1500,7800,100,2600,17400,29600,16600,25900,13300,15000,17000,1000,7800
2926.0,13.59,5791800,77691731.0,13.58,13.57,13.56,13.55,13.54,13.53,13.52,13.51,13.5,13.49,13.59,13.6,13.61,13.62,13.63,13.64,13.65,13.66,13.67,13.68,4000,5600,1900,6000,2000,3200,6300,1500,7800,100,1000,17400,29600,16600,25900,13300,15000,17000,1000,7800
2927.0,13.58,5793300,77712106.0,13.58,13.57,13.56,13.55,13.54,13.53,13.52,13.51,13.5,13.49,13.59,13.6,13.61,13.62,13.63,13.64,13.65,13.66,13.67,13.68,3000,5600,1900,6000,2000,3200,6300,1500,7000,100,500,17900,31100,16600,25900,13300,15000,17000,1000,8000
2928.0,13.59,5796400,77754215.0,13.58,13.57,13.56,13.55,13.54,13.53,13.52,13.51,13.5,13.49,13.59,13.6,13.61,13.62,13.63,13.64,13.65,13.66,13.67,13.68,1000,5600,1900,6000,2000,3200,6300,1500,7000,100,3600,21300,34300,16600,25900,13300,15000,17000,1000,8000
2929.0,13.59,5798300,77780022.0,13.57,13.56,13.55,13.54,13.53,13.52,13.51,13.5,13.49,13.48,13.59,13.6,13.61,13.62,13.63,13.64,13.65,13.66,13.67,13.68,5600,1900,6000,2000,3200,6300,1500,7000,100,800,3100,21500,34300,16600,25900,13300,15000,17000,1000,8000
2930.0,13.59,5801600,77824849.0,13.57,13.56,13.55,13.54,13.53,13.52,13.51,13.5,13.49,13.48,13.59,13.6,13.61,13.62,13.63,13.64,13.65,13.66,13.67,13.68,6100,1900,7000,2000,3200,6300,1500,7000,100,800,2300,21500,34300,16600,25900,13300,17100,17000,1000,7600
2931.0,13.59,5802600,77838439.0,13.57,13.56,13.55,13.54,13.53,13.52,13.51,13.5,13.49,13.48,13.59,13.6,13.61,13.62,13.63,13.64,13.65,13.66,13.67,13.68,6100,1900,7000,2000,3200,6300,1500,7000,100,800,1300,21500,34300,16600,25900,13300,17100,17000,1000,7600
2932.0,13.59,5802600,77838439.0,13.57,13.56,13.55,13.54,13.53,13.52,13.51,13.5,13.49,13.48,13.58,13.59,13.6,13.61,13.62,13.63,13.64,13.65,13.66,13.67,6100,1900,7000,2000,3200,6300,1500,7000,100,800,8200,1700,21500,34300,16600,25900,14000,17100,17000,1000
2933.0,13.58,5808700,77921226.0,13.57,13.56,13.55,13.54,13.53,13.52,13.51,13.5,13.49,13.48,13.58,13.59,13.6,13.61,13.62,13.63,13.64,13.65,13.66,13.67,1000,1900,7000,2000,3200,6300,1500,7000,100,800,7200,1700,21500,29300,16600,25900,14000,17100,17000,1000
2934.0,13.57,5809900,77937510.0,13.56,13.55,13.54,13.53,13.52,13.51,13.5,13.49,13.48,13.47,13.57,13.58,13.59,13.6,13.61,13.62,13.63,13.64,13.65,13.66,1900,7000,2000,3200,7300,1500,7000,100,800,4800,100,7300,1700,21700,29300,16600,25900,14000,17100,17000
2935.0,13.57,5809900,77937510.0,13.56,13.55,13.54,13.53,13.52,13.51,13.5,13.49,13.48,13.47,13.57,13.58,13.59,13.6,13.61,13.62,13.63,13.64,13.65,13.66,1900,7000,2000,3200,7300,1500,7000,100,800,4800,100,7300,1700,21800,29300,16600,25900,14000,17100,17000
2936.0,13.58,5814000,77993174.0,13.56,13.55,13.54,13.53,13.52,13.51,13.5,13.49,13.48,13.47,13.58,13.59,13.6,13.61,13.62,13.63,13.64,13.65,13.66,13.67,1800,7000,2000,3200,7300,1500,7000,100,800,4800,4500,1700,21800,29300,18100,25900,14000,17100,17000,1000
2937.0,13.56,5814100,77994530.0,13.57,13.56,13.55,13.54,13.53,13.52,13.51,13.5,13.49,13.48,13.58,13.59,13.6,13.61,13.62,13.63,13.64,13.65,13.66,13.67,1000,3200,7000,2000,3200,7300,1500,7000,100,800,6000,1700,21800,29300,18100,25900,14000,17100,17000,1000
2938.0,13.58,5814200,77995888.0,13.57,13.56,13.55,13.54,13.53,13.52,13.51,13.5,13.49,13.48,13.58,13.59,13.6,13.61,13.62,13.63,13.64,13.65,13.66,13.67,1000,3200,7000,2000,3200,7300,1500,7000,100,800,5900,1700,21800,29300,18100,25900,14000,17100,17000,1000
2939.0,13.57,5815200,78009458.0,13.56,13.55,13.54,13.53,13.52,13.51,13.5,13.49,13.48,13.47,13.57,13.58,13.59,13.6,13.61,13.62,13.63,13.64,13.65,13.66,3200,7000,2000,3200,7300,1500,7000,100,800,4800,100,5900,1700,21800,29300,18100,25900,14000,17100,16600
2940.0,13.58,5821200,78090937.0,13.58,13.56,13.55,13.54,13.53,13.52,13.51,13.5,13.49,13.48,13.59,13.6,13.61,13.62,13.63,13.64,13.65,13.66,13.67,13.68,200,3200,7000,2000,3200,7300,1500,7000,100,800,4800,21300,29400,18100,25900,14000,17400,16600,1000,7600
2941.0,13.58,5826000,78156121.0,13.56,13.55,13.54,13.53,13.52,13.51,13.5,13.49,13.48,13.47,13.58,13.59,13.6,13.61,13.62,13.63,13.64,13.65,13.66,13.67,3200,10000,2000,3200,7300,1500,6500,100,800,4800,1700,6800,21300,26800,18100,25900,14000,17400,16600,1000
2942.0,13.58,5827000,78169701.0,13.57,13.56,13.55,13.54,13.53,13.52,13.51,13.5,13.49,13.48,13.58,13.59,13.6,13.61,13.62,13.63,13.64,13.65,13.66,13.67,1000,3200,10000,2000,3200,7300,1500,6500,100,800,1500,6800,21300,26800,18100,25900,14000,17400,16600,1000
2943.0,13.58,5827700,78179207.0,13.57,13.56,13.55,13.54,13.53,13.52,13.51,13.5,13.49,13.48,13.58,13.59,13.6,13.61,13.62,13.63,13.64,13.65,13.66,13.67,1000,3200,10000,2000,3200,7300,1500,6500,100,800,800,6800,21300,26800,18100,26800,14000,17400,16600,1000
2944.0,13.58,5832500,78244387.0,13.57,13.56,13.55,13.54,13.53,13.52,13.51,13.5,13.49,13.48,13.59,13.6,13.61,13.62,13.63,13.64,13.65,13.66,13.67,13.68,600,3200,10000,2000,3200,7300,1500,6500,100,800,6800,21300,26800,18500,26800,14000,17400,16600,1000,7600
2945.0,13.57,5833000,78251176.0,13.57,13.56,13.55,13.54,13.53,13.52,13.51,13.5,13.49,13.48,13.59,13.6,13.61,13.62,13.63,13.64,13.65,13.66,13.67,13.68,1600,3200,10000,2000,3200,7300,1500,6500,100,800,7900,21300,26800,18500,26800,14000,17400,16600,1000,7600
2946.0,13.58,5833100,78252534.0,13.57,13.56,13.55,13.54,13.53,13.52,13.51,13.5,13.49,13.48,13.58,13.59,13.6,13.61,13.62,13.63,13.64,13.65,13.66,13.67,1600,3200,9000,2000,3200,7300,1500,6500,100,800,8700,7900,21600,26800,18500,26800,14000,17400,16600,1000
2947.0,13.58,5834600,78272903.0,13.57,13.56,13.55,13.54,13.53,13.52,13.51,13.5,13.49,13.48,13.58,13.59,13.6,13.61,13.62,13.63,13.64,13.65,13.66,13.67,1500,3200,9000,2000,3200,7300,1500,9100,100,800,7300,7900,21600,26800,18500,26800,14000,17400,16600,1000
2948.0,13.58,5834600,78272903.0,13.57,13.56,13.55,13.54,13.53,13.52,13.51,13.5,13.49,13.48,13.58,13.59,13.6,13.61,13.62,13.63,13.64,13.65,13.66,13.67,1500,3200,9000,2000,3200,7300,1500,9500,100,800,7300,7900,22000,26800,18500,26800,14000,17400,16600,1000
2949.0,13.57,5835600,78286473.0,13.57,13.56,13.55,13.54,13.53,13.52,13.51,13.5,13.49,13.48,13.58,13.59,13.6,13.61,13.62,13.63,13.64,13.65,13.66,13.67,500,3200,9000,2000,3200,7300,1500,9600,100,800,7500,7900,22000,26800,15700,26800,14000,17400,16600,1000
2950.0,13.58,5835900,78290547.0,13.57,13.56,13.55,13.54,13.53,13.52,13.51,13.5,13.49,13.48,13.58,13.59,13.6,13.61,13.62,13.63,13.64,13.65,13.66,13.67,500,3200,9000,2000,3200,7300,1500,9600,100,800,7300,7900,22200,26800,15700,26800,14000,17400,16600,1000
2951.0,13.58,5835900,78290547.0,13.57,13.56,13.55,13.54,13.53,13.52,13.51,13.5,13.49,13.48,13.58,13.59,13.6,13.61,13.62,13.63,13.64,13.65,13.66,13.67,500,3200,9000,2000,3200,7300,1500,9600,100,800,8700,7900,22200,26800,14500,26800,16000,17400,16600,1000
2952.0,13.57,5840400,78351652.0,13.56,13.55,13.54,13.53,13.52,13.51,13.5,13.49,13.48,13.47,13.58,13.59,13.6,13.61,13.62,13.63,13.64,13.65,13.66,13.67,4700,9000,2000,3200,7300,1500,11100,100,800,1000,4700,7900,23000,26800,14500,26800,16000,17400,16600,1000
2953.0,13.58,5840800,78357084.0,13.56,13.55,13.54,13.53,13.52,13.51,13.5,13.49,13.48,13.47,13.58,13.59,13.6,13.61,13.62,13.63,13.64,13.65,13.66,13.67,4700,9000,2000,3200,7300,1500,11100,100,800,1000,5300,8900,24700,26800,14500,26800,16000,17400,16600,1000
2954.0,13.58,5840800,78357084.0,13.56,13.55,13.54,13.53,13.52,13.51,13.5,13.49,13.48,13.47,13.58,13.59,13.6,13.61,13.62,13.63,13.64,13.65,13.66,13.67,5900,9600,2000,3200,7300,1500,12100,100,800,1000,6800,8900,24700,26800,14500,26800,16000,17400,16600,1000
2955.0,13.56,5841300,78363864.0,13.56,13.55,13.54,13.53,13.52,13.51,13.5,13.49,13.48,13.47,13.57,13.58,13.59,13.6,13.61,13.62,13.63,13.64,13.65,13.66,5400,9600,2000,3200,7300,1500,12100,100,800,1000,500,6800,8900,24400,25300,14500,26800,16000,17400,16600
2956.0,13.56,5842300,78377424.0,13.56,13.55,13.54,13.53,13.52,13.51,13.5,13.49,13.48,13.47,13.57,13.58,13.59,13.6,13.61,13.62,13.63,13.64,13.65,13.66,4400,9600,2000,3200,7300,1500,12100,100,800,1000,500,7100,8900,24400,25300,14500,26800,16000,16700,16600
2957.0,13.56,5842700,78382848.0,13.56,13.55,13.54,13.53,13.52,13.51,13.5,13.49,13.48,13.47,13.57,13.58,13.59,13.6,13.61,13.62,13.63,13.64,13.65,13.66,4000,9600,2000,3200,7300,1500,12100,100,800,1000,500,7700,8900,24600,25700,14400,26800,18000,16700,16600
2958.0,13.56,5846700,78437088.0,13.55,13.54,13.53,13.52,13.51,13.5,13.49,13.48,13.47,13.46,13.56,13.57,13.58,13.59,13.6,13.61,13.62,13.63,13.64,13.65,9600,2000,3200,7300,1500,12100,100,800,1000,26600,2100,3900,7700,8900,24600,22700,14400,26800,18000,16700
2959.0,13.56,5846700,78437088.0,13.55,13.54,13.53,13.52,13.51,13.5,13.49,13.48,13.47,13.46,13.56,13.57,13.58,13.59,13.6,13.61,13.62,13.63,13.64,13.65,6600,2000,3200,7300,1500,12100,100,800,1000,26600,2100,5000,7700,9600,25100,22700,14400,26800,18000,16700
2960.0,13.56,5849000,78468276.0,13.55,13.54,13.53,13.52,13.51,13.5,13.49,13.48,13.47,13.46,13.56,13.57,13.58,13.59,13.6,13.61,13.62,13.63,13.64,13.65,6600,2000,3200,7300,1500,12600,100,800,1000,26600,2200,6400,7900,9600,25100,22700,14400,26800,18000,16700
2961.0,13.55,5849600,78476406.0,13.55,13.54,13.53,13.52,13.51,13.5,13.49,13.48,13.47,13.46,13.56,13.57,13.58,13.59,13.6,13.61,13.62,13.63,13.64,13.65,6000,2000,3200,7300,1500,12600,100,800,1000,26600,5100,6400,8000,13600,25100,22700,14400,26800,18000,16700
2962.0,13.56,5849800,78479118.0,13.55,13.54,13.53,13.52,13.51,13.5,13.49,13.48,13.47,13.46,13.56,13.57,13.58,13.59,13.6,13.61,13.62,13.63,13.64,13.65,6000,2000,3200,7300,1500,12600,100,800,1000,26600,5600,6400,8000,13600,25100,22700,14400,26800,18000,16700
2963.0,13.56,5849800,78479118.0,13.55,13.54,13.53,13.52,13.51,13.5,13.49,13.48,13.47,13.46,13.56,13.57,13.58,13.59,13.6,13.61,13.62,13.63,13.64,13.65,6000,2000,3200,7300,1500,12600,100,800,1000,26600,5700,6400,8000,13600,25100,22700,14400,26800,18000,16700
2964.0,13.56,5851200,78498096.0,13.55,13.54,13.53,13.52,13.51,13.5,13.49,13.48,13.47,13.46,13.56,13.57,13.58,13.59,13.6,13.61,13.62,13.63,13.64,13.65,5400,2000,3200,7300,1500,12600,100,800,1000,26600,4900,6400,7800,13600,25100,22700,14400,26800,18000,16700
2965.0,13.55,5851700,78504871.0,13.55,13.54,13.53,13.52,13.51,13.5,13.49,13.48,13.47,13.46,13.56,13.57,13.58,13.59,13.6,13.61,13.62,13.63,13.64,13.65,4900,2000,3200,7300,2000,12600,100,800,1000,26600,4900,6400,7800,14100,25100,22700,14400,27800,18000,16700
2966.0,13.55,5853200,78525196.0,13.55,13.54,13.53,13.52,13.51,13.5,13.49,13.48,13.47,13.46,13.56,13.57,13.58,13.59,13.6,13.61,13.62,13.63,13.64,13.65,3400,2000,3200,7300,2000,12600,100,800,1000,26600,5100,6400,7800,14100,25100,22700,14400,27800,18000,16700
2967.0,13.56,5874400,78812659.0,13.56,13.55,13.54,13.53,13.52,13.51,13.5,13.49,13.48,13.47,13.57,13.58,13.59,13.6,13.61,13.62,13.63,13.64,13.65,13.66,6900,2500,2000,3200,7300,2000,12600,100,800,1000,6400,7800,14100,25100,22700,14400,27800,20300,16700,16600
2968.0,13.57,5874800,78818087.0,13.56,13.55,13.54,13.53,13.52,13.51,13.5,13.49,13.48,13.47,13.57,13.58,13.59,13.6,13.61,13.62,13.63,13.64,13.65,13.66,6900,2500,2000,3200,7300,2000,12600,100,800,1000,6000,7800,14100,25100,22700,14400,27800,20300,16700,16600
2969.0,13.56,5875300,78824867.0,13.56,13.55,13.54,13.53,13.52,13.51,13.5,13.49,13.48,13.47,13.57,13.58,13.59,13.6,13.61,13.62,13.63,13.64,13.65,13.66,6400,2500,2000,3200,7300,2000,12600,100,800,1000,6000,7800,14100,25200,22700,14400,27800,20300,16700,16600
2970.0,13.56,5880500,78895379.0,13.56,13.55,13.54,13.53,13.52,13.51,13.5,13.49,13.48,13.47,13.57,13.58,13.59,13.6,13.61,13.62,13.63,13.64,13.65,13.66,1300,1500,2000,3200,7300,2000,12600,100,800,1000,6100,7800,14100,25200,22700,14400,27800,20300,16700,16600
2971.0,13.57,5882600,78923876.0,13.56,13.55,13.54,13.53,13.52,13.51,13.5,13.49,13.48,13.47,13.57,13.58,13.59,13.6,13.61,13.62,13.63,13.64,13.65,13.66,1300,1500,2000,3200,7300,2000,12600,100,800,1000,4000,7800,14100,25200,22700,14400,27800,20300,19200,16600
2972.0,13.56,5884300,78946925.0,13.55,13.54,13.53,13.52,13.51,13.5,13.49,13.48,13.47,13.46,13.56,13.57,13.58,13.59,13.6,13.61,13.62,13.63,13.64,13.65,1200,2000,3200,7300,2000,12600,100,800,1000,26600,700,4200,7800,14100,25200,22700,14400,27800,20300,19200
2973.0,13.56,5884300,78946925.0,13.55,13.54,13.53,13.52,13.51,13.5,13.49,13.48,13.47,13.46,13.56,13.57,13.58,13.59,13.6,13.61,13.62,13.63,13.64,13.65,1200,2000,3200,7300,2000,12600,100,800,1000,26600,700,4200,7600,14100,25200,22700,14400,27800,20300,19200
2974.0,13.56,5884600,78950993.0,13.55,13.54,13.53,13.52,13.51,13.5,13.49,13.48,13.47,13.46,13.56,13.57,13.58,13.59,13.6,13.61,13.62,13.63,13.64,13.65,1200,2000,3200,7300,2000,12600,100,800,1000,26600,400,4200,7600,14100,25200,22700,14400,27800,20300,19200
2975.0,13.55,5884700,78952348.0,13.55,13.54,13.53,13.52,13.51,13.5,13.49,13.48,13.47,13.46,13.56,13.57,13.58,13.59,13.6,13.61,13.62,13.63,13.64,13.65,1100,2000,3200,7300,2000,12600,100,800,1000,26600,400,4200,7600,14100,25200,22700,14400,27800,20300,19200
2976.0,13.55,5884700,78952348.0,13.55,13.54,13.53,13.52,13.51,13.5,13.49,13.48,13.47,13.46,13.56,13.57,13.58,13.59,13.6,13.61,13.62,13.63,13.64,13.65,1100,2000,3200,7300,2000,12600,100,800,1000,26600,400,4200,7600,14100,26700,22700,14400,27800,20300,19200
2977.0,13.56,5885600,78964552.0,13.56,13.55,13.54,13.53,13.52,13.51,13.5,13.49,13.48,13.47,13.57,13.58,13.59,13.6,13.61,13.62,13.63,13.64,13.65,13.66,300,1100,2000,3200,7300,2000,12600,100,800,1000,4000,7600,14100,26800,22700,14400,26800,20300,19200,17600
2978.0,13.56,5885900,78968620.0,13.55,13.54,13.53,13.52,13.51,13.5,13.49,13.48,13.47,13.46,13.56,13.57,13.58,13.59,13.6,13.61,13.62,13.63,13.64,13.65,1100,2000,3200,7300,12000,14100,100,800,1000,26600,100,4500,7600,14100,26800,22700,14400,26800,20300,19200
2979.0,13.57,5886800,78980830.0,13.55,13.54,13.53,13.52,13.51,13.5,13.49,13.48,13.47,13.46,13.56,13.57,13.58,13.59,13.6,13.61,13.62,13.63,13.64,13.65,1000,2000,3200,7300,12000,14100,100,800,1000,26600,13400,3800,7600,14100,27800,22700,14400,26800,20300,19200
2980.0,13.56,5888500,79003882.0,13.55,13.54,13.53,13.52,13.51,13.5,13.49,13.48,13.47,13.46,13.56,13.57,13.58,13.59,13.6,13.61,13.62,13.63,13.64,13.65,1000,2000,3200,7300,12000,14100,100,800,1000,26600,14700,3800,7600,14100,27800,22700,14400,26800,20300,19200
2981.0,13.55,5888600,79005237.0,13.55,13.54,13.53,13.52,13.51,13.5,13.49,13.48,13.47,13.46,13.56,13.57,13.58,13.59,13.6,13.61,13.62,13.63,13.64,13.65,900,2000,3200,7300,12000,14100,100,800,1000,26600,14700,3600,7600,13100,27800,22700,14400,26800,20300,19200
2982.0,13.55,5888600,79005237.0,13.55,13.54,13.53,13.52,13.51,13.5,13.49,13.48,13.47,13.46,13.56,13.57,13.58,13.59,13.6,13.61,13.62,13.63,13.64,13.65,900,2000,3200,7300,12000,14100,100,800,1400,26600,14700,3600,7600,13100,27800,22700,14400,26800,20300,19200
2983.0,13.55,5888600,79005237.0,13.55,13.54,13.53,13.52,13.51,13.5,13.49,13.48,13.47,13.46,13.56,13.57,13.58,13.59,13.6,13.61,13.62,13.63,13.64,13.65,900,2000,3200,7300,12000,14100,100,800,1400,26600,15300,3600,7600,13100,18000,22700,14400,26800,20300,19200
2984.0,13.55,5888600,79005237.0,13.55,13.54,13.53,13.52,13.51,13.5,13.49,13.48,13.47,13.46,13.56,13.57,13.58,13.59,13.6,13.61,13.62,13.63,13.64,13.65,900,2000,3200,7300,12000,14100,100,800,1400,26600,18300,3600,7600,13100,18000,22700,14400,26800,20300,19200
2985.0,13.55,5888600,79005237.0,13.55,13.54,13.53,13.52,13.51,13.5,13.49,13.48,13.47,13.46,13.56,13.57,13.58,13.59,13.6,13.61,13.62,13.63,13.64,13.65,900,2000,3200,7300,12000,14100,100,800,1400,26600,18300,3700,7600,13100,18000,22700,14400,26800,20300,19200
2986.0,13.56,5889900,79022861.0,13.55,13.54,13.53,13.52,13.51,13.5,13.49,13.48,13.47,13.46,13.56,13.57,13.58,13.59,13.6,13.61,13.62,13.63,13.64,13.65,500,2000,3200,7300,12000,14100,100,800,1400,26600,17700,3900,7600,13100,18000,22700,14400,26800,20300,19200
2987.0,13.56,5889900,79022861.0,13.55,13.54,13.53,13.52,13.51,13.5,13.49,13.48,13.47,13.46,13.56,13.57,13.58,13.59,13.6,13.61,13.62,13.63,13.64,13.65,500,2000,3200,7300,21800,14100,100,800,1400,26600,17700,3900,7600,13100,18000,22700,14400,26800,20300,19200
2988.0,13.56,5891100,79039131.0,13.55,13.54,13.53,13.52,13.51,13.5,13.49,13.48,13.47,13.46,13.56,13.57,13.58,13.59,13.6,13.61,13.62,13.63,13.64,13.65,300,2000,3200,7300,21800,14100,100,800,1400,26600,16700,3900,7600,13100,18000,22700,14400,26800,20300,19200
2989.0,13.56,5891200,79040487.0,13.55,13.54,13.53,13.52,13.51,13.5,13.49,13.48,13.47,13.46,13.56,13.57,13.58,13.59,13.6,13.61,13.62,13.63,13.64,13.65,300,2000,3200,7300,21800,14100,100,800,1400,26600,16600,3900,7600,13100,18000,22700,14400,26800,20300,19200
2990.0,13.56,5893200,79067594.0,13.54,13.53,13.52,13.51,13.5,13.49,13.48,13.47,13.46,13.45,13.55,13.56,13.57,13.58,13.59,13.6,13.61,13.62,13.63,13.64,2000,3200,7400,22300,14100,100,800,1400,26600,11800,200,15900,3900,7600,13100,18000,22700,14400,26800,20300
2991.0,13.56,5893200,79067594.0,13.54,13.53,13.52,13.51,13.5,13.49,13.48,13.47,13.46,13.45,13.55,13.56,13.57,13.58,13.59,13.6,13.61,13.62,13.63,13.64,2000,3200,7800,22300,14100,100,800,1400,26600,11800,2500,16300,3900,7600,13100,18000,22700,14400,26800,20300
2992.0,13.55,5893600,79073014.0,13.54,13.53,13.52,13.51,13.5,13.49,13.48,13.47,13.46,13.45,13.55,13.56,13.57,13.58,13.59,13.6,13.61,13.62,13.63,13.64,2000,3300,7800,22300,15100,100,800,1400,26600,11800,4400,16300,3900,7600,13100,18000,22700,14400,26800,20300
2993.0,13.54,5893800,79075722.0,13.54,13.53,13.52,13.51,13.5,13.49,13.48,13.47,13.46,13.45,13.55,13.56,13.57,13.58,13.59,13.6,13.61,13.62,13.63,13.64,1800,3300,8100,22300,15100,100,800,1400,26600,11800,4400,16300,3900,7600,13200,18000,22700,14400,26800,20300
2994.0,13.55,5894200,79081142.0,13.54,13.53,13.52,13.51,13.5,13.49,13.48,13.47,13.46,13.45,13.55,13.56,13.57,13.58,13.59,13.6,13.61,13.62,13.63,13.64,1800,3300,8100,22300,15100,100,800,1400,26600,11800,4500,16300,14900,7600,13200,18500,22700,14400,26800,20300
2995.0,13.55,5895900,79104177.0,13.54,13.53,13.52,13.51,13.5,13.49,13.48,13.47,13.46,13.45,13.55,13.56,13.57,13.58,13.59,13.6,13.61,13.62,13.63,13.64,1800,3300,13500,22300,16100,100,800,1400,26600,11800,2800,16300,14900,7600,13200,18500,22700,14400,26800,20300
2996.0,13.55,5895900,79104177.0,13.54,13.53,13.52,13.51,13.5,13.49,13.48,13.47,13.46,13.45,13.55,13.56,13.57,13.58,13.59,13.6,13.61,13.62,13.63,13.64,1800,3300,13500,22300,16100,100,800,1400,26600,11800,2800,18400,14900,7600,13200,18500,22700,14400,26800,21700
2997.0,13.56,5901000,79173302.0,13.54,13.53,13.52,13.51,13.5,13.49,13.48,13.47,13.46,13.45,13.56,13.57,13.58,13.59,13.6,13.61,13.62,13.63,13.64,13.65,1800,3300,13500,22300,16100,100,800,1400,26600,11800,16400,14900,7600,13200,18500,22700,14400,26800,21700,19200
2998.0,13.56,5901000,79173302.0,13.54,13.53,13.52,13.51,13.5,13.49,13.48,13.47,13.46,13.45,13.56,13.57,13.58,13.59,13.6,13.61,13.62,13.63,13.64,13.65,2900,3300,13500,22300,16100,100,800,1400,26600,11800,17500,14900,7600,13200,18500,22700,14400,26800,21700,19200
2999.0,13.56,5901000,79173302.0,13.54,13.53,13.52,13.51,13.5,13.49,13.48,13.47,13.46,13.45,13.56,13.57,13.58,13.59,13.6,13.61,13.62,13.63,13.64,13.65,3300,3300,13500,22300,16100,100,800,1400,26600,12300,17900,14900,7600,13200,18500,22700,14400,26800,21700,19200
3000.0,13.54,5902600,79194980.0,13.54,13.53,13.52,13.51,13.5,13.49,13.48,13.47,13.46,13.45,13.56,13.57,13.58,13.59,13.6,13.61,13.62,13.63,13.64,13.65,4100,3300,19700,22300,16100,100,800,1400,26600,12300,18900,14900,7700,13200,18500,22700,14400,26800,21700,19200
3001.0,13.54,5902600,79194980.0,13.54,13.53,13.52,13.51,13.5,13.49,13.48,13.47,13.46,13.45,13.55,13.56,13.57,13.58,13.59,13.6,13.61,13.62,13.63,13.64,4500,9700,19700,22300,16500,100,800,1400,26600,12300,900,19300,14900,7700,13200,18500,22700,14400,26800,21700
3002.0,13.54,5902600,79194980.0,13.54,13.53,13.52,13.51,13.5,13.49,13.48,13.47,13.46,13.45,13.55,13.56,13.57,13.58,13.59,13.6,13.61,13.62,13.63,13.64,4500,9700,19700,22300,16500,100,800,1400,26600,12300,900,19500,13900,7700,13200,18500,22700,14400,26800,21700
3003.0,13.55,5903300,79204463.0,13.54,13.53,13.52,13.51,13.5,13.49,13.48,13.47,13.46,13.45,13.55,13.56,13.57,13.58,13.59,13.6,13.61,13.62,13.63,13.64,4300,9700,19700,22300,16500,100,800,1400,26600,12300,400,19500,13900,7700,13200,18500,22700,14400,26800,21700
3004.0,13.54,5903800,79211233.0,13.54,13.53,13.52,13.51,13.5,13.49,13.48,13.47,13.46,13.45,13.55,13.56,13.57,13.58,13.59,13.6,13.61,13.62,13.63,13.64,3800,9700,19700,22300,16500,100,800,1400,26600,12300,400,19500,13700,7700,13200,18500,22700,14400,26800,21700
3005.0,13.55,5904000,79213943.0,13.54,13.53,13.52,13.51,13.5,13.49,13.48,13.47,13.46,13.45,13.55,13.56,13.57,13.58,13.59,13.6,13.61,13.62,13.63,13.64,3800,9700,19700,22300,16500,100,800,1400,26600,12300,200,19800,13700,7100,13200,18500,22700,14400,26800,21700
3006.0,13.54,5904500,79220713.0,13.54,13.53,13.52,13.51,13.5,13.49,13.48,13.47,13.46,13.45,13.55,13.56,13.57,13.58,13.59,13.6,13.61,13.62,13.63,13.64,3300,10200,19700,22300,16500,100,800,1400,26600,12300,200,19800,13700,7100,13200,18500,22700,14400,26800,21700
3007.0,13.55,5908600,79276257.0,13.54,13.53,13.52,13.51,13.5,13.49,13.48,13.47,13.46,13.45,13.55,13.56,13.57,13.58,13.59,13.6,13.61,13.62,13.63,13.64,2200,10200,19700,22300,16500,100,800,1400,26600,12300,4800,19800,13800,6800,13200,18500,21000,14400,27100,21700
3008.0,13.55,5908600,79276257.0,13.54,13.53,13.52,13.51,13.5,13.49,13.48,13.47,13.46,13.45,13.55,13.56,13.57,13.58,13.59,13.6,13.61,13.62,13.63,13.64,2200,10200,19700,22300,16500,100,2600,1400,26600,12300,4800,19900,13800,6800,13200,18500,21000,14400,27100,21700
3009.0,13.54,5909500,79288447.0,13.54,13.53,13.52,13.51,13.5,13.49,13.48,13.47,13.46,13.45,13.55,13.56,13.57,13.58,13.59,13.6,13.61,13.62,13.63,13.64,1700,10200,19700,22300,19500,100,2600,1400,26600,12300,5400,19900,13600,6800,13200,18500,21000,14000,27100,21200
3010.0,13.55,5911200,79311482.0,13.54,13.53,13.52,13.51,13.5,13.49,13.48,13.47,13.46,13.45,13.55,13.56,13.57,13.58,13.59,13.6,13.61,13.62,13.63,13.64,2100,10200,19700,22300,19500,100,2600,1400,26600,12300,3700,19900,13600,6800,13200,18700,21000,14000,27100,21200
3011.0,13.55,5914200,79352124.0,13.54,13.53,13.52,13.51,13.5,13.49,13.48,13.47,13.46,13.45,13.55,13.56,13.57,13.58,13.59,13.6,13.61,13.62,13.63,13.64,1300,10200,19700,22300,19500,100,2600,1400,26600,12300,2700,19700,13600,6800,13200,18700,21000,14000,27100,21200
3012.0,13.55,5914200,79352124.0,13.54,13.53,13.52,13.51,13.5,13.49,13.48,13.47,13.46,13.45,13.55,13.56,13.57,13.58,13.59,13.6,13.61,13.62,13.63,13.64,1300,10200,19700,22300,19500,100,2600,1400,26600,12300,2700,19700,13600,6800,13200,18700,21000,14000,27100,21200
3013.0,13.55,5914500,79356189.0,13.54,13.53,13.52,13.51,13.5,13.49,13.48,13.47,13.46,13.45,13.55,13.56,13.57,13.58,13.59,13.6,13.61,13.62,13.63,13.64,1300,10200,14300,22300,21900,100,2600,1400,26600,12300,2900,19700,13600,6800,13200,18700,21000,14000,27100,21200
3014.0,13.55,5915600,79371088.0,13.54,13.53,13.52,13.51,13.5,13.49,13.48,13.47,13.46,13.45,13.55,13.56,13.57,13.58,13.59,13.6,13.61,13.62,13.63,13.64,1400,10200,14300,22300,21900,100,2600,1400,26600,12300,2400,19700,13600,6800,13200,17700,21000,14000,27100,21200
3015.0,13.55,5915600,79371088.0,13.54,13.53,13.52,13.51,13.5,13.49,13.48,13.47,13.46,13.45,13.55,13.56,13.57,13.58,13.59,13.6,13.61,13.62,13.63,13.64,1400,10200,14300,22300,21900,100,2600,1400,26600,12300,3000,19700,3600,6800,13200,17700,21000,14000,27200,21200
3016.0,13.55,5918400,79409028.0,13.54,13.53,13.52,13.51,13.5,13.49,13.48,13.47,13.46,13.45,13.55,13.56,13.57,13.58,13.59,13.6,13.61,13.62,13.63,13.64,1400,10200,14300,22300,21900,100,2600,1400,26600,12300,1700,19700,3600,6800,13200,17700,21000,14000,27200,21200
3017.0,13.55,5918500,79410383.0,13.54,13.53,13.52,13.51,13.5,13.49,13.48,13.47,13.46,13.45,13.55,13.56,13.57,13.58,13.59,13.6,13.61,13.62,13.63,13.64,1400,10200,14300,22300,21900,100,2600,1400,26600,12300,1600,19800,3600,6800,13200,17700,21000,14000,27200,21200
3018.0,13.55,5918500,79410383.0,13.54,13.53,13.52,13.51,13.5,13.49,13.48,13.47,13.46,13.45,13.55,13.56,13.57,13.58,13.59,13.6,13.61,13.62,13.63,13.64,1400,10200,14300,22300,21900,100,2600,1400,26600,12300,1600,19800,3600,6800,13200,17700,21000,14000,27200,19800
3019.0,13.55,5918500,79410383.0,13.54,13.53,13.52,13.51,13.5,13.49,13.48,13.47,13.46,13.45,13.55,13.56,13.57,13.58,13.59,13.6,13.61,13.62,13.63,13.64,1400,10200,14300,12500,21900,100,2600,1400,26600,12300,1700,19800,3600,6800,13200,17700,21000,14000,27200,19800
3020.0,13.54,5926900,79524174.0,13.53,13.52,13.51,13.5,13.49,13.48,13.47,13.46,13.45,13.44,13.54,13.56,13.57,13.58,13.59,13.6,13.61,13.62,13.63,13.64,10200,14300,12500,22900,100,2600,1400,26600,12300,2300,3100,20000,13600,6800,13200,19800,21000,14000,27200,20000
3021.0,13.53,5927600,79533645.0,13.53,13.52,13.51,13.5,13.49,13.48,13.47,13.46,13.45,13.44,13.54,13.56,13.57,13.58,13.59,13.6,13.61,13.62,13.63,13.64,9500,14600,12500,22900,100,2600,1400,26600,12300,2300,3100,20000,13600,6800,13200,19800,21000,14000,27200,20000
3022.0,13.53,5935100,79635205.0,13.53,13.52,13.51,13.5,13.49,13.48,13.47,13.46,13.45,13.44,13.56,13.57,13.58,13.59,13.6,13.61,13.62,13.63,13.64,13.65,7800,14600,12500,22900,100,2600,1400,26600,12300,2300,20000,13600,6800,13200,19800,21000,14000,28000,20000,20200
3023.0,13.56,5935800,79644697.0,13.53,13.52,13.51,13.5,13.49,13.48,13.47,13.46,13.45,13.44,13.56,13.57,13.58,13.59,13.6,13.61,13.62,13.63,13.64,13.65,9600,14600,12500,22900,100,2600,1400,26600,12300,2300,21100,13600,6800,13200,19800,21000,14000,28000,20000,20200
3024.0,13.56,5935800,79644697.0,13.53,13.52,13.51,13.5,13.49,13.48,13.47,13.46,13.45,13.44,13.55,13.56,13.57,13.58,13.59,13.6,13.61,13.62,13.63,13.64,10000,14600,12500,23000,100,2600,1400,26600,11800,2300,2000,21500,13600,21800,13200,20100,21000,14000,28000,20000
3025.0,13.55,5936100,79648762.0,13.53,13.52,13.51,13.5,13.49,13.48,13.47,13.46,13.45,13.44,13.55,13.56,13.57,13.58,13.59,13.6,13.61,13.62,13.63,13.64,10000,14600,12500,20600,900,2600,1400,26600,11800,2300,2300,18500,13600,21800,13200,20100,21000,14000,28000,20000
3026.0,13.55,5936300,79651472.0,13.53,13.52,13.51,13.5,13.49,13.48,13.47,13.46,13.45,13.44,13.55,13.56,13.57,13.58,13.59,13.6,13.61,13.62,13.63,13.64,10600,14600,12500,20600,900,2600,1400,26600,11800,2300,4800,18500,13600,21800,13200,20100,21000,14000,28000,20000
3027.0,13.55,5936300,79651472.0,13.53,13.52,13.51,13.5,13.49,13.48,13.47,13.46,13.45,13.44,13.55,13.56,13.57,13.58,13.59,13.6,13.61,13.62,13.63,13.64,11000,14600,12500,20600,900,2600,1400,26600,11800,2300,5200,18500,13500,21800,13200,20100,21000,14000,30000,20000
3028.0,13.53,5937000,79660943.0,13.53,13.52,13.51,13.5,13.49,13.48,13.47,13.46,13.45,13.44,13.55,13.56,13.57,13.58,13.59,13.6,13.61,13.62,13.63,13.64,11900,14600,12500,20600,900,2600,1400,26600,11800,2300,6800,18500,13500,21800,13200,20100,21000,14000,30000,20000
3029.0,13.55,5937800,79671783.0,13.53,13.52,13.51,13.5,13.49,13.48,13.47,13.46,13.45,13.44,13.55,13.56,13.57,13.58,13.59,13.6,13.61,13.62,13.63,13.64,12300,16500,12500,20600,900,2600,1400,26600,11800,2300,6400,18500,13500,21800,13200,20100,21000,14000,30000,20000
3030.0,13.55,5937800,79671783.0,13.53,13.52,13.51,13.5,13.49,13.48,13.47,13.46,13.45,13.44,13.55,13.56,13.57,13.58,13.59,13.6,13.61,13.62,13.63,13.64,12900,16500,12500,20600,900,2600,1400,26600,11800,2300,7000,18500,13500,21800,13300,20200,21000,14000,30000,20000
3031.0,13.55,5938000,79674493.0,13.53,13.52,13.51,13.5,13.49,13.48,13.47,13.46,13.45,13.44,13.55,13.56,13.57,13.58,13.59,13.6,13.61,13.62,13.63,13.64,12900,18900,12500,20600,900,2600,1400,26600,11800,2300,6800,18500,13500,21800,13300,20200,21000,14000,30000,20000
3032.0,13.55,5938600,79682623.0,13.53,13.52,13.51,13.5,13.49,13.48,13.47,13.46,13.45,13.44,13.54,13.55,13.56,13.57,13.58,13.59,13.6,13.61,13.62,13.63,13300,18900,12500,20600,900,2600,1400,26600,11800,2300,4300,6600,18500,13500,21800,13300,20200,21000,14000,30000
3033.0,13.54,5941800,79725937.0,13.53,13.52,13.51,13.5,13.49,13.48,13.47,13.46,13.45,13.44,13.54,13.55,13.56,13.57,13.58,13.59,13.6,13.61,13.62,13.63,21600,18900,12500,20600,900,2600,1400,26600,11800,2300,2500,6600,18500,13500,21800,13300,20200,21000,14000,30000
3034.0,13.54,5942000,79728645.0,13.53,13.52,13.51,13.5,13.49,13.48,13.47,13.46,13.45,13.44,13.54,13.55,13.56,13.57,13.58,13.59,13.6,13.61,13.62,13.63,21600,18900,12500,20600,900,2600,1400,26600,11800,2300,2300,8100,18500,13500,21800,13300,20200,21000,14000,30000
3035.0,13.53,5942700,79738116.0,13.53,13.52,13.51,13.5,13.49,13.48,13.47,13.46,13.45,13.44,13.54,13.55,13.56,13.57,13.58,13.59,13.6,13.61,13.62,13.63,20900,18900,12500,22600,1400,2600,1400,26600,11800,2300,2300,11100,18500,13500,21800,13300,20300,21000,14000,30000
3036.0,13.54,5945400,79774659.0,13.53,13.52,13.51,13.5,13.49,13.48,13.47,13.46,13.45,13.44,13.54,13.55,13.56,13.57,13.58,13.59,13.6,13.61,13.62,13.63,19400,18900,12500,22600,1400,2600,1400,26600,11800,2300,1100,11100,18500,13500,21800,13300,20300,21000,14000,30000
3037.0,13.53,5945800,79780072.0,13.53,13.52,13.51,13.5,13.49,13.48,13.47,13.46,13.45,13.44,13.54,13.55,13.56,13.57,13.58,13.59,13.6,13.61,13.62,13.63,19100,18900,12500,22600,1400,4600,1400,26600,11800,2300,1000,11100,18200,13500,21800,13300,20300,21000,14000,30000
3038.0,13.54,5946200,79785488.0,13.53,13.52,13.51,13.5,13.49,13.48,13.47,13.46,13.45,13.44,13.54,13.55,13.56,13.57,13.58,13.59,13.6,13.61,13.62,13.63,19100,18900,12500,22600,1400,4600,1400,26600,11800,2300,600,11100,18200,13500,21800,13300,20300,21000,14000,30000
3039.0,13.54,5946800,79793612.0,13.54,13.53,13.52,13.51,13.5,13.49,13.48,13.47,13.46,13.45,13.55,13.56,13.57,13.58,13.59,13.6,13.61,13.62,13.63,13.64,400,19100,18900,12500,22600,1400,4600,1400,26600,11800,11100,18200,13500,21800,13300,20300,21200,14000,30000,20000
3040.0,13.55,5947500,79803097.0,13.54,13.53,13.52,13.51,13.5,13.49,13.48,13.47,13.46,13.45,13.55,13.56,13.57,13.58,13.59,13.6,13.61,13.62,13.63,13.64,500,19100,18900,12500,22600,1400,4600,1400,26600,11800,12400,18200,13500,21800,13200,20300,21200,14000,30000,20000
3041.0,13.55,5947500,79803097.0,13.54,13.53,13.52,13.51,13.5,13.49,13.48,13.47,13.46,13.45,13.55,13.56,13.57,13.58,13.59,13.6,13.61,13.62,13.63,13.64,500,19100,18900,12500,22500,1400,4600,1400,26600,11800,12400,18200,13500,21800,13200,20300,21200,14000,30000,20000
3042.0,13.53,5950500,79843692.0,13.54,13.53,13.52,13.51,13.5,13.49,13.48,13.47,13.46,13.45,13.55,13.56,13.57,13.58,13.59,13.6,13.61,13.62,13.63,13.64,700,16600,18900,12500,22500,1400,4600,1400,26600,11800,12400,18200,13500,21800,13200,20300,21200,14000,30000,20000
3043.0,13.55,5951200,79853177.0,13.54,13.53,13.52,13.51,13.5,13.49,13.48,13.47,13.46,13.45,13.55,13.56,13.57,13.58,13.59,13.6,13.61,13.62,13.63,13.64,700,16600,18900,12500,22500,1400,4600,1400,26600,11800,12700,18200,13500,21800,13200,20300,21200,14000,30000,20000
3044.0,13.54,5951900,79862655.0,13.53,13.52,13.51,13.5,13.49,13.48,13.47,13.46,13.45,13.44,13.54,13.55,13.56,13.57,13.58,13.59,13.6,13.61,13.62,13.63,16600,18900,12500,22500,3300,4600,1400,26600,11800,2300,20800,12700,18200,13500,21800,13200,20300,21200,14000,30000
3045.0,13.53,5953300,79881597.0,13.53,13.52,13.51,13.5,13.49,13.48,13.47,13.46,13.45,13.44,13.54,13.55,13.56,13.57,13.58,13.59,13.6,13.61,13.62,13.63,15200,18900,11300,22500,3300,4600,1400,26600,11800,2300,20800,12700,18200,13500,21800,13200,20300,21200,14000,32000
3046.0,13.54,5954000,79891075.0,13.53,13.52,13.51,13.5,13.49,13.48,13.47,13.46,13.45,13.44,13.54,13.55,13.56,13.57,13.58,13.59,13.6,13.61,13.62,13.63,19100,18900,11300,22500,3300,4600,1400,27100,11800,2300,21100,12700,19400,13500,21800,13200,20300,21200,14000,32000
3047.0,13.54,5954100,79892429.0,13.53,13.52,13.51,13.5,13.49,13.48,13.47,13.46,13.45,13.44,13.54,13.55,13.56,13.57,13.58,13.59,13.6,13.61,13.62,13.63,19100,18900,11300,22500,3300,4600,1400,27100,11800,2300,21000,13100,19400,13500,21800,13200,20300,21200,14000,32000
3048.0,13.54,5954800,79901907.0,13.53,13.52,13.51,13.5,13.49,13.48,13.47,13.46,13.45,13.44,13.54,13.55,13.56,13.57,13.58,13.59,13.6,13.61,13.62,13.63,19100,18900,11300,22500,3300,4600,1400,27100,11800,2300,20300,13100,19400,13500,21800,13200,20300,21200,14000,32000
3049.0,13.53,5955500,79911378.0,13.53,13.52,13.51,13.5,13.49,13.48,13.47,13.46,13.45,13.44,13.54,13.55,13.56,13.57,13.58,13.59,13.6,13.61,13.62,13.63,18400,18900,11300,22500,3300,4600,1400,27100,11800,2300,21000,13100,19400,13500,21800,13200,20300,21200,14000,32000
3050.0,13.53,5955500,79911378.0,13.53,13.52,13.51,13.5,13.49,13.48,13.47,13.46,13.45,13.44,13.54,13.55,13.56,13.57,13.58,13.59,13.6,13.61,13.62,13.63,18400,18900,11300,22500,3300,4600,1400,27100,11800,2300,21000,13100,19400,13500,21800,13200,20100,21200,14300,32000
3051.0,13.54,5956200,79920856.0,13.53,13.52,13.51,13.5,13.49,13.48,13.47,13.46,13.45,13.44,13.54,13.55,13.56,13.57,13.58,13.59,13.6,13.61,13.62,13.63,18400,18900,11300,22500,3300,4600,1400,27100,11800,2300,22900,13100,19400,13500,21800,13200,20100,21200,14300,32000
3052.0,13.53,5957100,79933034.0,13.53,13.52,13.51,13.5,13.49,13.48,13.47,13.46,13.45,13.44,13.54,13.55,13.56,13.57,13.58,13.59,13.6,13.61,13.62,13.63,17600,18900,11300,22500,3300,4600,1400,27100,11800,2300,22800,13100,19400,13500,21800,13200,20100,21200,14300,32000
3053.0,13.53,5957100,79933034.0,13.53,13.52,13.51,13.5,13.49,13.48,13.47,13.46,13.45,13.44,13.54,13.55,13.56,13.57,13.58,13.59,13.6,13.61,13.62,13.63,17600,18600,11300,22500,4000,4600,1400,27100,11800,2300,22800,13100,19400,13500,21800,13200,20100,21200,14300,32000
3054.0,13.54,5959000,79958760.0,13.53,13.52,13.51,13.5,13.49,13.48,13.47,13.46,13.45,13.44,13.54,13.55,13.56,13.57,13.58,13.59,13.6,13.61,13.62,13.63,7900,16200,11300,23100,4000,4600,1400,27100,11800,2300,20900,13100,19400,13500,21800,13200,20100,21200,14300,32000
3055.0,13.53,5961800,79996644.0,13.53,13.52,13.51,13.5,13.49,13.48,13.47,13.46,13.45,13.44,13.54,13.55,13.56,13.57,13.58,13.59,13.6,13.61,13.62,13.63,5100,16200,11300,21100,4000,4600,1400,27100,11800,2300,20900,13100,19200,13500,21800,13200,20100,21200,14300,32000
3056.0,13.53,5963300,80016939.0,13.53,13.52,13.51,13.5,13.49,13.48,13.47,13.46,13.45,13.44,13.54,13.55,13.56,13.57,13.58,13.59,13.6,13.61,13.62,13.63,3600,16200,11300,21100,4000,4600,1400,27100,11800,2300,20900,13100,19200,3500,22000,13200,20100,21200,14300,32000
3057.0,13.53,5965800,80050771.0,13.53,13.52,13.51,13.5,13.49,13.48,13.47,13.46,13.45,13.44,13.54,13.55,13.56,13.57,13.58,13.59,13.6,13.61,13.62,13.63,1800,16200,11300,21100,4000,4600,1400,27100,11800,2300,20200,13100,19200,3500,22000,13200,20100,21200,14300,32000
3058.0,13.53,5967400,80072419.0,13.53,13.52,13.51,13.5,13.49,13.48,13.47,13.46,13.45,13.44,13.54,13.55,13.56,13.57,13.58,13.59,13.6,13.61,13.62,13.63,200,16200,11300,21100,4000,4600,1400,27100,11800,2300,20200,13100,19200,3500,22000,13200,20100,21200,14300,32000
3059.0,13.53,5967400,80072419.0,13.53,13.52,13.51,13.5,13.49,13.48,13.47,13.46,13.45,13.44,13.54,13.55,13.56,13.57,13.58,13.59,13.6,13.61,13.62,13.63,200,17400,11300,21100,4000,7000,1400,27100,11800,2300,20200,12600,19200,3500,22000,13200,22000,21200,14300,32000
3060.0,13.54,5968100,80081897.0,13.53,13.52,13.51,13.5,13.49,13.48,13.47,13.46,13.45,13.44,13.54,13.55,13.56,13.57,13.58,13.59,13.6,13.61,13.62,13.63,200,17400,11300,21100,4000,7000,1400,27100,11800,2300,19500,14100,19200,3500,22000,13200,22000,21200,14300,32000
3061.0,13.53,5968600,80088662.0,13.53,13.52,13.51,13.5,13.49,13.48,13.47,13.46,13.45,13.44,13.54,13.55,13.56,13.57,13.58,13.59,13.6,13.61,13.62,13.63,200,17400,11300,21100,4000,7000,1400,27100,11800,2300,19500,14100,21400,3500,22000,13200,22000,21200,14300,32000
3062.0,13.53,5968600,80088662.0,13.53,13.52,13.51,13.5,13.49,13.48,13.47,13.46,13.45,13.44,13.54,13.55,13.56,13.57,13.58,13.59,13.6,13.61,13.62,13.63,12800,17400,11300,21100,4000,7000,1400,27500,11800,2300,19700,14100,21400,3500,22000,13200,22000,21200,14300,32000
3063.0,13.53,5980000,80242911.0,13.53,13.52,13.51,13.5,13.49,13.48,13.47,13.46,13.45,13.44,13.54,13.55,13.56,13.57,13.58,13.59,13.6,13.61,13.62,13.63,2100,17400,11300,21100,4000,7000,1400,27500,11800,2300,18000,14100,21400,3500,22000,13200,22000,21200,14300,32000
3064.0,13.53,5980300,80246970.0,13.53,13.52,13.51,13.5,13.49,13.48,13.47,13.46,13.45,13.44,13.54,13.55,13.56,13.57,13.58,13.59,13.6,13.61,13.62,13.63,4500,17400,11300,21100,4000,7000,1400,27500,11800,2300,18000,11100,21400,3500,22000,13200,22000,21200,14300,32000
3065.0,13.53,5980300,80246970.0,13.53,13.52,13.51,13.5,13.49,13.48,13.47,13.46,13.45,13.44,13.54,13.55,13.56,13.57,13.58,13.59,13.6,13.61,13.62,13.63,4500,17400,11300,21100,4000,7000,1400,27500,11800,2300,18000,11100,21400,3500,22000,13200,21900,21200,14300,32000
3066.0,13.53,5984400,80302457.0,13.53,13.52,13.51,13.5,13.49,13.48,13.47,13.46,13.45,13.44,13.54,13.55,13.56,13.57,13.58,13.59,13.6,13.61,13.62,13.63,1800,17400,11300,21100,4000,7000,6400,27500,11800,2300,16600,11100,21400,3500,22000,13200,21900,21200,14300,32000
3067.0,13.52,5986700,80333571.0,13.52,13.51,13.5,13.49,13.48,13.47,13.46,13.45,13.44,13.43,13.53,13.54,13.55,13.56,13.57,13.58,13.59,13.6,13.61,13.62,16900,11300,21100,4000,10700,6400,27500,11800,2300,20500,1000,16600,11100,21400,3500,22000,13200,21900,21200,14300
3068.0,13.52,5986700,80333571.0,13.52,13.51,13.5,13.49,13.48,13.47,13.46,13.45,13.44,13.43,13.53,13.54,13.55,13.56,13.57,13.58,13.59,13.6,13.61,13.62,16900,11300,21100,4000,10700,6400,27500,11800,2300,20500,1000,16600,11100,21400,3500,22000,13200,21900,21200,14300
3069.0,13.53,5986800,80334924.0,13.52,13.51,13.5,13.49,13.48,13.47,13.46,13.45,13.44,13.43,13.53,13.54,13.55,13.56,13.57,13.58,13.59,13.6,13.61,13.62,16900,11300,21100,4000,10700,6400,27500,11800,2300,20500,900,16600,11100,21400,3500,22000,13200,21600,21200,14300
3070.0,13.52,5987500,80344388.0,13.52,13.51,13.5,13.49,13.48,13.47,13.46,13.45,13.44,13.43,13.53,13.54,13.55,13.56,13.57,13.58,13.59,13.6,13.61,13.62,16200,11300,21100,4000,10700,6400,27500,11800,2300,20500,900,15900,11100,21400,3500,22000,13200,21600,21200,14300
3071.0,13.52,5987500,80344388.0,13.52,13.51,13.5,13.49,13.48,13.47,13.46,13.45,13.44,13.43,13.53,13.54,13.55,13.56,13.57,13.58,13.59,13.6,13.61,13.62,16200,11300,21100,4000,10700,6400,27500,11800,2300,20500,900,15900,11100,18400,3500,22000,13200,21600,21200,14300
3072.0,13.52,5987500,80344388.0,13.52,13.51,13.5,13.49,13.48,13.47,13.46,13.45,13.44,13.43,13.53,13.54,13.55,13.56,13.57,13.58,13.59,13.6,13.61,13.62,16200,11300,21100,4000,10700,6400,27500,11800,2300,20500,2000,15900,11100,18400,3500,22000,13200,21600,21200,14300
3073.0,13.52,5989400,80370079.0,13.52,13.51,13.5,13.49,13.48,13.47,13.46,13.45,13.44,13.43,13.53,13.54,13.55,13.56,13.57,13.58,13.59,13.6,13.61,13.62,14600,11300,21100,4000,10700,6400,27500,11800,2300,20500,1700,15900,11100,18400,3500,22000,10200,21600,21200,14300
3074.0,13.53,5992800,80416081.0,13.53,13.52,13.51,13.5,13.49,13.48,13.47,13.46,13.45,13.44,13.54,13.55,13.56,13.57,13.58,13.59,13.6,13.61,13.62,13.63,14400,16600,11300,21100,4000,10700,6400,27500,11800,2300,15900,11100,18400,3500,22000,10200,21600,21200,14300,32000
3075.0,13.53,5992800,80416081.0,13.53,13.52,13.51,13.5,13.49,13.48,13.47,13.46,13.45,13.44,13.54,13.55,13.56,13.57,13.58,13.59,13.6,13.61,13.62,13.63,14400,16600,11300,21100,4000,10700,6400,27500,11800,2300,15900,9300,18400,3500,22000,10200,21600,21200,14300,32000
3076.0,13.53,5992800,80416081.0,13.53,13.52,13.51,13.5,13.49,13.48,13.47,13.46,13.45,13.44,13.54,13.55,13.56,13.57,13.58,13.59,13.6,13.61,13.62,13.63,22500,16600,11300,21100,4000,10700,6400,27500,11800,2300,15900,9800,18400,3500,22000,10200,21600,21200,14300,32000
3077.0,13.53,5995200,80448560.0,13.53,13.52,13.51,13.5,13.49,13.48,13.47,13.46,13.45,13.44,13.54,13.55,13.56,13.57,13.58,13.59,13.6,13.61,13.62,13.63,20800,16600,11300,21100,4000,10700,6400,27500,11800,2300,15200,9800,18400,3500,22800,10200,21600,21200,14300,32000
3078.0,13.53,5998300,80490503.0,13.53,13.52,13.51,13.5,13.49,13.48,13.47,13.46,13.45,13.44,13.54,13.55,13.56,13.57,13.58,13.59,13.6,13.61,13.62,13.63,17700,16600,19400,20500,4000,10700,6400,27500,11800,2300,15200,9800,18400,3500,22800,10200,21600,21200,14300,32000
3079.0,13.53,5998300,80490503.0,13.53,13.52,13.51,13.5,13.49,13.48,13.47,13.46,13.45,13.44,13.54,13.55,13.56,13.57,13.58,13.59,13.6,13.61,13.62,13.63,17700,16600,19400,20500,4000,10700,6400,27500,11800,2300,15200,9800,18400,3500,22800,10200,21600,21200,14300,32000
3080.0,13.53,6001700,80536512.0,13.53,13.52,13.51,13.5,13.49,13.48,13.47,13.46,13.45,13.44,13.54,13.55,13.56,13.57,13.58,13.59,13.6,13.61,13.62,13.63,15000,16600,19400,20700,4700,8700,6400,27500,11800,2300,14500,9800,18400,3500,22800,10200,21600,21200,14300,32000
3081.0,13.53,6001900,80539218.0,13.53,13.52,13.51,13.5,13.49,13.48,13.47,13.46,13.45,13.44,13.54,13.55,13.56,13.57,13.58,13.59,13.6,13.61,13.62,13.63,14800,16600,19400,21200,4700,8700,6400,27500,11800,2300,12200,8900,18400,3500,22800,10200,21600,21200,14300,32000
3082.0,13.53,6001900,80539218.0,13.53,13.52,13.51,13.5,13.49,13.48,13.47,13.46,13.45,13.44,13.54,13.55,13.56,13.57,13.58,13.59,13.6,13.61,13.62,13.63,14800,16600,11300,21200,4700,8700,6400,27500,11800,2300,12200,8900,18400,3500,22800,10200,21600,21200,14300,32000
3083.0,13.54,6002600,80548696.0,13.53,13.52,13.51,13.5,13.49,13.48,13.47,13.46,13.45,13.44,13.54,13.55,13.56,13.57,13.58,13.59,13.6,13.61,13.62,13.63,14800,16600,11300,21200,4700,8700,6400,27500,11800,2300,11500,8900,18400,3500,22800,10200,21600,21200,14300,32000
3084.0,13.54,6022500,80818105.0,13.54,13.53,13.52,13.51,13.5,13.49,13.48,13.47,13.46,13.45,13.55,13.56,13.57,13.58,13.59,13.6,13.61,13.62,13.63,13.64,6800,11100,16600,11300,21200,4700,8700,6400,27500,11800,8900,18400,3500,22800,10200,21600,21200,14300,32000,20000
3085.0,13.54,6022700,80820813.0,13.54,13.53,13.52,13.51,13.5,13.49,13.48,13.47,13.46,13.45,13.55,13.56,13.57,13.58,13.59,13.6,13.61,13.62,13.63,13.64,8700,11100,16600,11300,21200,4700,8700,6400,27500,11800,8900,18400,3500,22800,10200,21600,21200,14300,32000,20000
3086.0,13.55,6025400,80857398.0,13.54,13.53,13.52,13.51,13.5,13.49,13.48,13.47,13.46,13.45,13.55,13.56,13.57,13.58,13.59,13.6,13.61,13.62,13.63,13.64,8700,16700,16900,11300,21200,4700,8700,6400,27500,11800,6200,18400,3500,22800,10200,21600,21200,14300,32000,20000
3087.0,13.55,6025400,80857398.0,13.54,13.53,13.52,13.51,13.5,13.49,13.48,13.47,13.46,13.45,13.55,13.56,13.57,13.58,13.59,13.6,13.61,13.62,13.63,13.64,8700,16700,16900,11300,21200,4700,8700,6400,27500,11800,6200,18400,3500,22800,10200,21600,21200,14300,32000,20000
3088.0,13.55,6032600,80954948.0,13.55,13.54,13.53,13.52,13.51,13.5,13.49,13.48,13.47,13.46,13.56,13.57,13.58,13.59,13.6,13.61,13.62,13.63,13.64,13.65,4700,8700,16700,16900,11300,21200,4700,8700,6400,27500,18400,3500,20200,10200,21600,21200,14300,32000,20000,21200
3089.0,13.56,6034700,80983424.0,13.55,13.54,13.53,13.52,13.51,13.5,13.49,13.48,13.47,13.46,13.56,13.57,13.58,13.59,13.6,13.61,13.62,13.63,13.64,13.65,4700,8700,16700,16900,11300,21200,4700,8700,6400,27500,16300,3500,20200,10200,21600,21200,14300,32000,20000,21200
3090.0,13.56,6034700,80983424.0,13.55,13.54,13.53,13.52,13.51,13.5,13.49,13.48,13.47,13.46,13.56,13.57,13.58,13.59,13.6,13.61,13.62,13.63,13.64,13.65,4700,8700,16700,16900,11300,21200,4700,8700,6400,27500,16300,3500,20200,10200,21600,21200,14300,31100,20000,21200
3091.0,13.55,6036200,81003749.0,13.55,13.54,13.53,13.52,13.51,13.5,13.49,13.48,13.47,13.46,13.56,13.57,13.58,13.59,13.6,13.61,13.62,13.63,13.64,13.65,3200,8700,17200,16900,11300,21200,4700,8700,6400,27500,16300,3500,20200,10200,21600,21200,14300,31100,20000,21200
3092.0,13.56,6037200,81017306.0,13.55,13.54,13.53,13.52,13.51,13.5,13.49,13.48,13.47,13.46,13.56,13.57,13.58,13.59,13.6,13.61,13.62,13.63,13.64,13.65,2900,8700,17200,16900,11300,21200,4700,8700,6400,27500,15600,5800,20200,10200,21600,21200,14300,31100,20000,21200
3093.0,13.56,6037200,81017306.0,13.55,13.54,13.53,13.52,13.51,13.5,13.49,13.48,13.47,13.46,13.56,13.57,13.58,13.59,13.6,13.61,13.62,13.63,13.64,13.65,3900,8700,17200,16900,11300,21200,4000,8700,6400,27500,15600,5800,20200,10200,21600,21200,14300,31100,20000,21200
3094.0,13.56,6037600,81022730.0,13.55,13.54,13.53,13.52,13.51,13.5,13.49,13.48,13.47,13.46,13.56,13.57,13.58,13.59,13.6,13.61,13.62,13.63,13.64,13.65,3900,8700,17200,16900,11300,21200,4000,8700,6400,27500,15200,5800,20200,10200,21600,21200,14300,31100,20000,21200
3095.0,13.56,6040200,81057982.0,13.55,13.54,13.53,13.52,13.51,13.5,13.49,13.48,13.47,13.46,13.56,13.57,13.58,13.59,13.6,13.61,13.62,13.63,13.64,13.65,3500,8700,17200,16900,11300,21200,4000,8700,6400,27500,13000,5800,20200,10200,21600,21200,14300,31100,20000,21200
3096.0,13.56,6040200,81057982.0,13.55,13.54,13.53,13.52,13.51,13.5,13.49,13.48,13.47,13.46,13.56,13.57,13.58,13.59,13.6,13.61,13.62,13.63,13.64,13.65,3500,8700,17200,16900,11300,21200,4000,8700,6400,27500,13000,3500,19200,10200,21800,21200,14300,31100,20000,21200
3097.0,13.56,6040200,81057982.0,13.55,13.54,13.53,13.52,13.51,13.5,13.49,13.48,13.47,13.46,13.56,13.57,13.58,13.59,13.6,13.61,13.62,13.63,13.64,13.65,3500,8700,17200,16900,11300,21200,4000,8700,6400,27500,13000,3500,19200,10200,21800,21200,14300,31100,20000,21200
3098.0,13.55,6041100,81070184.0,13.55,13.54,13.53,13.52,13.51,13.5,13.49,13.48,13.47,13.46,13.56,13.57,13.58,13.59,13.6,13.61,13.62,13.63,13.64,13.65,3300,8700,17200,16900,11300,21200,4000,8700,6400,27500,12300,3500,18400,10200,23400,21200,14300,31100,20000,21200
3099.0,13.55,6041400,81074249.0,13.55,13.54,13.53,13.52,13.51,13.5,13.49,13.48,13.47,13.46,13.56,13.57,13.58,13.59,13.6,13.61,13.62,13.63,13.64,13.65,3000,8700,17200,16900,11300,21300,4000,8700,6400,27500,12300,3500,18400,10200,23400,21200,14300,31100,20000,21200
3100.0,13.56,6043100,81097301.0,13.55,13.54,13.53,13.52,13.51,13.5,13.49,13.48,13.47,13.46,13.56,13.57,13.58,13.59,13.6,13.61,13.62,13.63,13.64,13.65,3500,9200,17200,16900,11300,21300,4000,8700,6400,27500,10600,3500,3400,10200,24200,21200,14300,31100,20000,21200
3101.0,13.56,6043800,81106793.0,13.55,13.54,13.53,13.52,13.51,13.5,13.49,13.48,13.47,13.46,13.56,13.57,13.58,13.59,13.6,13.61,13.62,13.63,13.64,13.65,3500,9200,11600,16900,11300,21300,4000,8700,6400,27500,9900,3500,3400,10200,24200,21200,14300,31100,20000,21200
3102.0,13.56,6043800,81106793.0,13.55,13.54,13.53,13.52,13.51,13.5,13.49,13.48,13.47,13.46,13.56,13.57,13.58,13.59,13.6,13.61,13.62,13.63,13.64,13.65,3500,9200,11600,18300,11300,21300,4000,8700,6400,27500,9900,3500,3400,10200,24200,21200,14300,31100,20000,21200
3103.0,13.56,6043800,81106793.0,13.55,13.54,13.53,13.52,13.51,13.5,13.49,13.48,13.47,13.46,13.56,13.57,13.58,13.59,13.6,13.61,13.62,13.63,13.64,13.65,3500,10200,11600,18300,11300,21300,4000,8700,6400,27500,10900,3500,3400,8200,24200,21200,14300,31100,20000,21200
3104.0,13.56,6044500,81116285.0,13.55,13.54,13.53,13.52,13.51,13.5,13.49,13.48,13.47,13.46,13.56,13.57,13.58,13.59,13.6,13.61,13.62,13.63,13.64,13.65,3800,10200,11600,19000,11300,21300,4000,8700,6400,27500,10200,3500,3400,8200,24200,21200,14300,31100,19000,21200
3105.0,13.56,6044700,81118997.0,13.55,13.54,13.53,13.52,13.51,13.5,13.49,13.48,13.47,13.46,13.56,13.57,13.58,13.59,13.6,13.61,13.62,13.63,13.64,13.65,3800,11900,11600,19000,11300,21300,4000,12000,6400,27500,10000,3500,3400,8200,24200,21200,14300,31100,19000,21200
3106.0,13.56,6046500,81143405.0,13.55,13.54,13.53,13.52,13.51,13.5,13.49,13.48,13.47,13.46,13.56,13.57,13.58,13.59,13.6,13.61,13.62,13.63,13.64,13.65,3800,11900,11600,19000,11300,21800,4000,12000,6400,27500,8200,3500,3400,8200,24200,21200,14300,31100,19000,21200
3107.0,13.56,6047700,81159674.0,13.55,13.54,13.53,13.52,13.51,13.5,13.49,13.48,13.47,13.46,13.56,13.57,13.58,13.59,13.6,13.61,13.62,13.63,13.64,13.65,3500,12300,11600,19000,11300,21800,4000,12000,6400,27500,7300,3500,3400,8200,24200,21200,14300,31100,16700,21200
3108.0,13.56,6055200,81261372.0,13.56,13.55,13.54,13.53,13.52,13.51,13.5,13.49,13.48,13.47,13.57,13.58,13.59,13.6,13.61,13.62,13.63,13.64,13.65,13.66,8300,3300,12300,11600,18700,11300,21800,4000,12000,6400,3500,3400,8200,24200,21200,14300,31100,16700,21200,18600
3109.0,13.57,6058300,81303409.0,13.56,13.55,13.54,13.53,13.52,13.51,13.5,13.49,13.48,13.47,13.57,13.58,13.59,13.6,13.61,13.62,13.63,13.64,13.65,13.66,7100,3300,12300,11600,18700,11300,21800,4000,12000,6400,3400,3400,8200,24200,21200,14300,31100,16700,21200,18600
3110.0,13.56,6065700,81403756.0,13.55,13.54,13.53,13.52,13.51,13.5,13.49,13.48,13.47,13.46,13.56,13.57,13.58,13.59,13.6,13.61,13.62,13.63,13.64,13.65,3300,12300,11600,18700,11300,21800,4000,12000,6400,27000,1300,3100,3400,8200,24200,21200,14300,31100,16700,21200
3111.0,13.56,6065900,81406468.0,13.55,13.54,13.53,13.52,13.51,13.5,13.49,13.48,13.47,13.46,13.56,13.57,13.58,13.59,13.6,13.61,13.62,13.63,13.64,13.65,3300,12300,11600,18700,11300,26800,4000,12000,6400,27000,1100,3100,3400,8200,24200,21200,14300,31100,17700,21200
3112.0,13.57,6073600,81510946.0,13.56,13.55,13.54,13.53,13.52,13.51,13.5,13.49,13.48,13.47,13.57,13.58,13.59,13.6,13.61,13.62,13.63,13.64,13.65,13.66,500,3300,12300,11600,18700,11300,26800,4000,12000,6400,2100,3400,8200,24200,22400,14300,31100,17700,21200,20600
3113.0,13.57,6075700,81539443.0,13.57,13.56,13.55,13.54,13.53,13.52,13.51,13.5,13.49,13.48,13.58,13.59,13.6,13.61,13.62,13.63,13.64,13.65,13.66,13.67,100,500,3300,12300,11600,18700,11300,26800,4000,12000,3400,8200,24200,22400,14300,31100,17700,21200,20600,1000
3114.0,13.57,6075700,81539443.0,13.57,13.56,13.55,13.54,13.53,13.52,13.51,13.5,13.49,13.48,13.58,13.59,13.6,13.61,13.62,13.63,13.64,13.65,13.66,13.67,1300,500,3300,12300,11600,18700,11300,26800,4000,12000,3400,8200,24200,22400,14300,31100,17700,21200,20600,1000
3115.0,13.57,6077500,81563869.0,13.56,13.55,13.54,13.53,13.52,13.51,13.5,13.49,13.48,13.47,13.57,13.58,13.59,13.6,13.61,13.62,13.63,13.64,13.65,13.66,500,3300,12300,11600,18700,11300,26800,4000,12000,6400,1900,3400,8200,24200,22400,14300,31100,17700,21200,20600
3116.0,13.57,6078800,81581510.0,13.56,13.55,13.54,13.53,13.52,13.51,13.5,13.49,13.48,13.47,13.57,13.58,13.59,13.6,13.61,13.62,13.63,13.64,13.65,13.66,500,3300,12300,11600,18700,11300,26800,4000,12000,6400,600,3400,8200,24200,22400,14300,31100,17700,21200,20600
3117.0,13.57,6080300,81601865.0,13.57,13.56,13.55,13.54,13.53,13.52,13.51,13.5,13.49,13.48,13.58,13.59,13.6,13.61,13.62,13.63,13.64,13.65,13.66,13.67,3500,700,3300,12300,11600,18700,11300,26800,4000,12000,3400,6200,26100,22400,14300,31100,17700,21200,20600,1000
3118.0,13.58,6080600,81605939.0,13.57,13.56,13.55,13.54,13.53,13.52,13.51,13.5,13.49,13.48,13.58,13.59,13.6,13.61,13.62,13.63,13.64,13.65,13.66,13.67,3500,700,3300,12300,11600,17500,11300,26800,4000,12000,3100,6200,26100,22400,14400,31100,17700,21200,20600,1000
3119.0,13.58,6082200,81627667.0,13.57,13.56,13.55,13.54,13.53,13.52,13.51,13.5,13.49,13.48,13.58,13.59,13.6,13.61,13.62,13.63,13.64,13.65,13.66,13.67,6000,700,3300,12300,11600,15500,11300,26800,4000,12000,1500,6200,26100,22400,14400,31100,17700,21200,20600,1000
3120.0,13.59,6085700,81675217.0,13.57,13.56,13.55,13.54,13.53,13.52,13.51,13.5,13.49,13.48,13.59,13.6,13.61,13.62,13.63,13.64,13.65,13.66,13.67,13.68,6400,700,3300,12300,11600,15500,11300,26800,4000,12000,4200,26100,22400,14400,31100,17800,21200,20600,1000,7600
3121.0,13.57,6086300,81683359.0,13.58,13.57,13.56,13.55,13.54,13.53,13.52,13.51,13.5,13.49,13.59,13.6,13.61,13.62,13.63,13.64,13.65,13.66,13.67,13.68,2600,8000,700,3300,12300,11600,15500,11300,26800,4000,6400,26100,22400,14400,31100,17800,21200,20600,1000,7600
3122.0,13.59,6088100,81707821.0,13.58,13.57,13.56,13.55,13.54,13.53,13.52,13.51,13.5,13.49,13.59,13.6,13.61,13.62,13.63,13.64,13.65,13.66,13.67,13.68,3100,8800,700,3300,12300,11600,15500,11300,26800,4000,4600,26100,22400,14400,31100,17800,21200,20600,1000,7600
3123.0,13.59,6088400,81711898.0,13.58,13.57,13.56,13.55,13.54,13.53,13.52,13.51,13.5,13.49,13.59,13.6,13.61,13.62,13.63,13.64,13.65,13.66,13.67,13.68,5000,8300,700,3300,11400,11600,15500,11300,26800,4000,4300,26100,22400,14400,31100,17800,21200,20600,1000,7600
3124.0,13.59,6094500,81794747.0,13.57,13.56,13.55,13.54,13.53,13.52,13.51,13.5,13.49,13.48,13.59,13.6,13.61,13.62,13.63,13.64,13.65,13.66,13.67,13.68,8300,700,3300,18000,11600,15500,11300,26800,4000,9600,8500,26100,22400,14400,31100,17800,21200,20600,1000,7600
3125.0,13.59,6095200,81804260.0,13.58,13.57,13.56,13.55,13.54,13.53,13.52,13.51,13.5,13.49,13.59,13.6,13.61,13.62,13.63,13.64,13.65,13.66,13.67,13.68,800,7900,700,3300,18000,11600,15500,11300,26800,4000,7800,27000,22400,14400,31100,17800,21200,20600,1000,7600
3126.0,13.58,6096000,81815124.0,13.57,13.56,13.55,13.54,13.53,13.52,13.51,13.5,13.49,13.48,13.59,13.6,13.61,13.62,13.63,13.64,13.65,13.66,13.67,13.68,7900,700,3300,18000,11600,14800,11300,26800,5700,9600,11300,27000,22400,14400,31100,17800,21200,20600,1000,7600
3127.0,13.58,6096000,81815124.0,13.57,13.56,13.55,13.54,13.53,13.52,13.51,13.5,13.49,13.48,13.59,13.6,13.61,13.62,13.63,13.64,13.65,13.66,13.67,13.68,9600,700,3300,18000,11600,14800,11300,26800,5700,9600,13000,27000,22400,14400,31100,17800,21200,20600,1000,7600
3128.0,13.59,6100700,81878983.0,13.57,13.56,13.55,13.54,13.53,13.52,13.51,13.5,13.49,13.48,13.59,13.6,13.61,13.62,13.63,13.64,13.65,13.66,13.67,13.68,8900,700,3300,18000,11600,14800,11300,26800,5700,9600,9000,27000,24400,14400,33100,17800,21200,20600,1000,7600
3129.0,13.57,6108700,81987547.0,13.57,13.56,13.55,13.54,13.53,13.52,13.51,13.5,13.49,13.48,13.59,13.6,13.61,13.62,13.63,13.64,13.65,13.66,13.67,13.68,2100,700,3300,18000,11600,14800,11300,26800,5700,9600,10900,27000,24400,14400,33100,17800,21200,20600,1000,7600
3130.0,13.59,6117500,82107129.0,13.57,13.56,13.55,13.54,13.53,13.52,13.51,13.5,13.49,13.48,13.59,13.6,13.61,13.62,13.63,13.64,13.65,13.66,13.67,13.68,2800,700,3300,18000,11600,14800,11300,26800,5700,9600,3800,27000,24400,14400,33100,17800,21200,20600,1000,7400
3131.0,13.57,6117900,82112563.0,13.57,13.56,13.55,13.54,13.53,13.52,13.51,13.5,13.49,13.48,13.59,13.6,13.61,13.62,13.63,13.64,13.65,13.66,13.67,13.68,2800,700,3300,18000,11600,14800,11300,26800,5700,9600,3500,27000,24400,14400,33100,17800,21200,20600,1000,7400
3132.0,13.59,6118800,82124794.0,13.57,13.56,13.55,13.54,13.53,13.52,13.51,13.5,13.49,13.48,13.59,13.6,13.61,13.62,13.63,13.64,13.65,13.66,13.67,13.68,3900,700,3300,18000,11600,14800,11300,26800,5700,9600,3700,27000,24400,14400,33100,17800,21200,20600,1000,7400
3133.0,13.59,6119800,82138384.0,13.57,13.56,13.55,13.54,13.53,13.52,13.51,13.5,13.49,13.48,13.59,13.6,13.61,13.62,13.63,13.64,13.65,13.66,13.67,13.68,4700,700,3300,18000,11600,14800,11300,26800,5700,9600,4000,27000,24400,14400,33100,17800,21200,20600,1000,7400
3134.0,13.59,6119800,82138384.0,13.57,13.56,13.55,13.54,13.53,13.52,13.51,13.5,13.49,13.48,13.59,13.6,13.61,13.62,13.63,13.64,13.65,13.66,13.67,13.68,5800,700,3000,18000,11600,14800,11300,26800,5700,9600,5100,27000,24400,15200,33100,18500,21200,20600,1000,8400
3135.0,13.59,6122300,82172349.0,13.57,13.56,13.55,13.54,13.53,13.52,13.51,13.5,13.49,13.48,13.59,13.6,13.61,13.62,13.63,13.64,13.65,13.66,13.67,13.68,5300,700,3200,18000,11600,14800,11300,26800,5700,9600,7700,27000,24400,15200,33100,18500,21200,20600,1000,8400
3136.0,13.59,6122500,82175067.0,13.57,13.56,13.55,13.54,13.53,13.52,13.51,13.5,13.49,13.48,13.59,13.6,13.61,13.62,13.63,13.64,13.65,13.66,13.67,13.68,6100,700,3200,18000,11600,14800,11300,26800,5700,9600,8300,27000,24400,15200,33100,18500,21300,20600,1000,8400
3137.0,13.59,6122900,82180503.0,13.57,13.56,13.55,13.54,13.53,13.52,13.51,13.5,13.49,13.48,13.59,13.6,13.61,13.62,13.63,13.64,13.65,13.66,13.67,13.68,7200,4200,3200,18000,11600,14800,11300,26800,5700,9600,9000,26800,24400,15200,33100,17500,21300,20600,1000,8400
3138.0,13.59,6124900,82207683.0,13.57,13.56,13.55,13.54,13.53,13.52,13.51,13.5,13.49,13.48,13.59,13.6,13.61,13.62,13.63,13.64,13.65,13.66,13.67,13.68,7200,4200,3200,18000,11600,14800,11300,26800,5700,9600,7000,26800,25300,15200,33100,17500,21300,20600,1000,8400
3139.0,13.58,6126800,82233495.0,13.57,13.56,13.55,13.54,13.53,13.52,13.51,13.5,13.49,13.48,13.59,13.6,13.61,13.62,13.63,13.64,13.65,13.66,13.67,13.68,7300,4200,3200,18000,11100,14800,11300,26800,5700,9600,8900,26900,25300,15200,33100,17500,21300,20600,1000,8400
3140.0,13.59,6129900,82275610.0,13.57,13.56,13.55,13.54,13.53,13.52,13.51,13.5,13.49,13.48,13.59,13.6,13.61,13.62,13.63,13.64,13.65,13.66,13.67,13.68,8500,4200,3200,18000,11100,14800,11300,26800,5700,9600,6500,26900,25300,15200,33100,17500,21300,20600,1000,8400
3141.0,13.59,6129900,82275610.0,13.57,13.56,13.55,13.54,13.53,13.52,13.51,13.5,13.49,13.48,13.59,13.6,13.61,13.62,13.63,13.64,13.65,13.66,13.67,13.68,8500,12300,3900,18000,11100,14800,11300,26800,5700,9600,7100,26900,25300,15200,33100,17500,21300,20600,1000,8400
3142.0,13.59,6129900,82275610.0,13.57,13.56,13.55,13.54,13.53,13.52,13.51,13.5,13.49,13.48,13.59,13.6,13.61,13.62,13.63,13.64,13.65,13.66,13.67,13.68,10400,12300,3900,18000,11100,14800,11300,26800,5700,9600,9000,26900,25300,15200,33100,17500,21300,20600,1000,8400
3143.0,13.59,6136600,82366649.0,13.57,13.56,13.55,13.54,13.53,13.52,13.51,13.5,13.49,13.48,13.59,13.6,13.61,13.62,13.63,13.64,13.65,13.66,13.67,13.68,9700,12600,3900,18000,11100,14800,11300,26800,5700,9600,3000,28900,25300,15200,33100,17500,21300,20600,1000,8400
3144.0,13.59,6137100,82373444.0,13.57,13.56,13.55,13.54,13.53,13.52,13.51,13.5,13.49,13.48,13.59,13.6,13.61,13.62,13.63,13.64,13.65,13.66,13.67,13.68,10200,12600,3900,18000,11100,14800,11300,26800,5700,9600,3600,28900,26300,15200,33100,17500,21300,20600,1000,8400
3145.0,13.59,6138800,82396547.0,13.57,13.56,13.55,13.54,13.53,13.52,13.51,13.5,13.49,13.48,13.59,13.6,13.61,13.62,13.63,13.64,13.65,13.66,13.67,13.68,11300,12600,3900,18000,11100,14800,11300,26800,5200,9600,1900,28900,26300,15200,33100,17500,21300,20600,1000,8400
3146.0,13.59,6141900,82438671.0,13.57,13.56,13.55,13.54,13.53,13.52,13.51,13.5,13.49,13.48,13.59,13.6,13.61,13.62,13.63,13.64,13.65,13.66,13.67,13.68,12100,12600,3400,18000,11100,14800,11300,26800,5200,9600,2700,30000,26300,15200,33100,17500,21300,20600,1000,8400
3147.0,13.59,6141900,82438671.0,13.57,13.56,13.55,13.54,13.53,13.52,13.51,13.5,13.49,13.48,13.59,13.6,13.61,13.62,13.63,13.64,13.65,13.66,13.67,13.68,13200,12600,3400,18000,11100,14800,11300,26800,5200,9600,3800,30000,26300,15200,33100,17500,21300,20600,1000,8400
3148.0,13.6,6147000,82507993.0,13.57,13.56,13.55,13.54,13.53,13.52,13.51,13.5,13.49,13.48,13.59,13.6,13.61,13.62,13.63,13.64,13.65,13.66,13.67,13.68,13300,12600,3400,18000,11100,14800,11300,26800,5200,9600,2100,28700,26300,15200,33100,17500,21300,20600,1000,8400
3149.0,13.6,6150700,82558263.0,13.59,13.57,13.56,13.55,13.54,13.53,13.52,13.51,13.5,13.49,13.6,13.61,13.62,13.63,13.64,13.65,13.66,13.67,13.68,13.69,500,13400,12600,3400,18000,11100,14800,11300,26800,5200,29100,26300,15200,33100,17500,21300,20600,1000,8400,15600
3150.0,13.59,6151200,82565058.0,13.57,13.56,13.55,13.54,13.53,13.52,13.51,13.5,13.49,13.48,13.58,13.6,13.61,13.62,13.63,13.64,13.65,13.66,13.67,13.68,13400,12600,3400,18000,11100,14800,11300,26800,5200,9600,2500,29400,26300,15200,33100,17500,20400,20600,1000,8400
3151.0,13.6,6154600,82611227.0,13.57,13.56,13.55,13.54,13.53,13.52,13.51,13.5,13.49,13.48,13.6,13.61,13.62,13.63,13.64,13.65,13.66,13.67,13.68,13.69,15100,12600,3400,18000,11100,14800,11300,26800,5200,9600,29200,26300,15200,33100,17500,20400,20600,1000,8400,15600
3152.0,13.59,6155600,82624822.0,13.57,13.56,13.55,13.54,13.53,13.52,13.51,13.5,13.49,13.48,13.59,13.6,13.61,13.62,13.63,13.64,13.65,13.66,13.67,13.68,19000,12600,3400,18000,11100,14800,11300,26800,5200,9600,100,33600,26300,15200,33100,17500,20400,20600,1000,8400
3153.0,13.6,6158600,82665616.0,13.57,13.56,13.55,13.54,13.53,13.52,13.51,13.5,13.49,13.48,13.6,13.61,13.62,13.63,13.64,13.65,13.66,13.67,13.68,13.69,19000,12600,3400,18000,11100,14800,11300,26800,5200,9600,31400,28300,15200,33100,17500,20400,20600,1000,8400,15600
3154.0,13.6,6166200,82768955.0,13.57,13.56,13.55,13.54,13.53,13.52,13.51,13.5,13.49,13.48,13.59,13.6,13.61,13.62,13.63,13.64,13.65,13.66,13.67,13.68,20200,12600,3400,18000,11100,14800,11300,26800,5200,9600,100,26900,28300,15200,33100,17500,20400,20600,1000,8400
3155.0,13.6,6166200,82768955.0,13.57,13.56,13.55,13.54,13.53,13.52,13.51,13.5,13.49,13.48,13.59,13.6,13.61,13.62,13.63,13.64,13.65,13.66,13.67,13.68,21000,12300,3400,17500,11100,12900,11300,26800,5200,9600,1700,27700,28300,15200,33100,17500,20400,20600,1000,8400
3156.0,13.59,6166500,82773032.0,13.57,13.56,13.55,13.54,13.53,13.52,13.51,13.5,13.49,13.48,13.59,13.6,13.61,13.62,13.63,13.64,13.65,13.66,13.67,13.68,21000,12300,3400,17500,11100,12900,11300,26800,5200,9600,1400,27800,28300,15200,33100,17500,20400,20600,1000,8400
3157.0,13.6,6176500,82908968.0,13.57,13.56,13.55,13.54,13.53,13.52,13.51,13.5,13.49,13.48,13.59,13.6,13.61,13.62,13.63,13.64,13.65,13.66,13.67,13.68,19600,12300,3400,17500,11100,12900,11300,26800,5200,9600,12200,37300,35800,15200,33100,17500,20400,20600,1000,8400
3158.0,13.59,6178000,82929353.0,13.57,13.56,13.55,13.54,13.53,13.52,13.51,13.5,13.49,13.48,13.59,13.6,13.61,13.62,13.63,13.64,13.65,13.66,13.67,13.68,20400,12300,3400,17500,11100,12900,11300,26800,5200,9600,11000,30500,35800,15200,33100,17500,20400,20600,1000,8400
3159.0,13.59,6178200,82932071.0,13.57,13.56,13.55,13.54,13.53,13.52,13.51,13.5,13.49,13.48,13.59,13.6,13.61,13.62,13.63,13.64,13.65,13.66,13.67,13.68,20400,12300,3400,17500,11100,12900,11300,26800,5200,9600,10800,31000,35800,15200,33100,17500,20400,20600,1000,8400
3160.0,13.57,6178900,82941570.0,13.57,13.56,13.55,13.54,13.53,13.52,13.51,13.5,13.49,13.48,13.59,13.6,13.61,13.62,13.63,13.64,13.65,13.66,13.67,13.68,20600,12300,3400,17500,11100,12900,11300,26800,5200,9600,12500,31000,35800,15200,33100,18800,20400,20600,1000,8400
3161.0,13.57,6178900,82941570.0,13.57,13.56,13.55,13.54,13.53,13.52,13.51,13.5,13.49,13.48,13.59,13.6,13.61,13.62,13.63,13.64,13.65,13.66,13.67,13.68,20600,12300,3400,17500,11100,12900,11300,26800,5200,9600,12500,33000,35800,15200,33100,18800,20400,20600,1000,8400
3162.0,13.59,6179900,82955160.0,13.57,13.56,13.55,13.54,13.53,13.52,13.51,13.5,13.49,13.48,13.59,13.6,13.61,13.62,13.63,13.64,13.65,13.66,13.67,13.68,21100,12300,3400,17500,11100,12900,11300,26800,5200,9600,11500,33000,35800,15200,33100,18800,20400,20600,1000,8400
3163.0,13.57,6180600,82964659.0,13.57,13.56,13.55,13.54,13.53,13.52,13.51,13.5,13.49,13.48,13.59,13.6,13.61,13.62,13.63,13.64,13.65,13.66,13.67,13.68,21300,12300,3900,17500,11100,12900,11300,26800,5200,9600,12400,42800,35800,15200,33100,18800,20400,20600,1000,8400
3164.0,13.57,6182400,82989097.0,13.57,13.56,13.55,13.54,13.53,13.52,13.51,13.5,13.49,13.48,13.59,13.6,13.61,13.62,13.63,13.64,13.65,13.66,13.67,13.68,23900,12300,3900,17500,11100,12900,11300,26800,5200,9600,11800,42800,35800,15200,33100,18800,20400,20600,1000,8400
3165.0,13.59,6183100,82998610.0,13.57,13.56,13.55,13.54,13.53,13.52,13.51,13.5,13.49,13.48,13.59,13.6,13.61,13.62,13.63,13.64,13.65,13.66,13.67,13.68,23900,12300,3900,18300,11100,12900,11300,26800,5200,9600,11100,42800,35800,15200,33100,18800,20400,20600,1000,8400
3166.0,13.57,6183800,83008109.0,13.57,13.56,13.55,13.54,13.53,13.52,13.51,13.5,13.49,13.48,13.59,13.6,13.61,13.62,13.63,13.64,13.65,13.66,13.67,13.68,24100,12300,3900,18300,11100,12900,10800,26800,3300,9600,12000,43100,35800,15200,33100,18800,20400,20600,1000,8400
3167.0,13.59,6201500,83248342.0,13.57,13.56,13.55,13.54,13.53,13.52,13.51,13.5,13.49,13.48,13.59,13.6,13.61,13.62,13.63,13.64,13.65,13.66,13.67,13.68,9100,12300,3900,18300,11100,12900,10800,26800,3300,9600,10300,43500,35800,15200,33100,18800,20400,20600,1000,8400
3168.0,13.59,6204200,83285021.0,13.57,13.56,13.55,13.54,13.53,13.52,13.51,13.5,13.49,13.48,13.59,13.6,13.61,13.62,13.63,13.64,13.65,13.66,13.67,13.68,8400,12300,3900,18900,11100,12900,10800,27800,3300,9600,8300,43500,35800,15200,33100,18800,20400,20600,1000,8400
3169.0,13.57,6207300,83327146.0,13.57,13.56,13.55,13.54,13.53,13.52,13.51,13.5,13.49,13.48,13.59,13.6,13.61,13.62,13.63,13.64,13.65,13.66,13.67,13.68,9200,12300,3900,18900,11100,12900,10800,27800,3300,9600,6400,43500,35800,15200,33100,18800,20400,20600,1000,8400
3170.0,13.57,6207700,83332574.0,13.57,13.56,13.55,13.54,13.53,13.52,13.51,13.5,13.49,13.48,13.59,13.6,13.61,13.62,13.63,13.64,13.65,13.66,13.67,13.68,8800,12100,3900,18900,11100,12900,10800,27800,3300,9600,6400,43500,35800,15200,33100,18800,20400,20600,1000,8400
3171.0,13.57,6209100,83351572.0,13.57,13.56,13.55,13.54,13.53,13.52,13.51,13.5,13.49,13.48,13.59,13.6,13.61,13.62,13.63,13.64,13.65,13.66,13.67,13.68,7400,12100,3900,18900,11100,12900,10800,27800,3300,9600,7400,44100,36000,15200,33100,18800,20400,20600,1000,8400
3172.0,13.57,6209600,83358357.0,13.57,13.56,13.55,13.54,13.53,13.52,13.51,13.5,13.49,13.48,13.59,13.6,13.61,13.62,13.63,13.64,13.65,13.66,13.67,13.68,7900,12100,3900,18900,11100,12900,10800,27800,3300,9600,7400,40400,36000,15200,33100,18800,20400,20600,1000,8400
3173.0,13.57,6209800,83361071.0,13.57,13.56,13.55,13.54,13.53,13.52,13.51,13.5,13.49,13.48,13.58,13.59,13.6,13.61,13.62,13.63,13.64,13.65,13.66,13.67,7700,12100,3900,18900,11100,12900,10800,27800,3300,9600,400,7100,40400,36000,15200,33100,18800,20400,20600,1000
3174.0,13.57,6210500,83370570.0,13.57,13.56,13.55,13.54,13.53,13.52,13.51,13.5,13.49,13.48,13.58,13.59,13.6,13.61,13.62,13.63,13.64,13.65,13.66,13.67,7000,12100,3900,18900,11100,12900,10800,27800,3300,9600,400,7100,40400,36000,15200,33100,18800,20400,20600,1000
3175.0,13.59,6211500,83384156.0,13.57,13.56,13.55,13.54,13.53,13.52,13.51,13.5,13.49,13.48,13.59,13.6,13.61,13.62,13.63,13.64,13.65,13.66,13.67,13.68,7000,18100,3900,18900,11100,12900,10800,27800,3300,9600,6500,40400,36000,15200,33100,18800,20400,20600,1000,8400
3176.0,13.57,6211700,83386870.0,13.57,13.56,13.55,13.54,13.53,13.52,13.51,13.5,13.49,13.48,13.59,13.6,13.61,13.62,13.63,13.64,13.65,13.66,13.67,13.68,6800,18100,3900,18900,11100,12900,10800,27800,3300,9600,6500,40400,36000,15200,33100,18800,20400,20600,1000,8400
3177.0,13.57,6212300,83395012.0,13.57,13.56,13.55,13.54,13.53,13.52,13.51,13.5,13.49,13.48,13.59,13.6,13.61,13.62,13.63,13.64,13.65,13.66,13.67,13.68,6200,18100,3900,18900,11100,12900,10800,27800,3300,9600,9400,40400,36000,15200,33100,18800,20400,20600,1000,8400
3178.0,13.57,6214300,83422180.0,13.57,13.56,13.55,13.54,13.53,13.52,13.51,13.5,13.49,13.48,13.59,13.6,13.61,13.62,13.63,13.64,13.65,13.66,13.67,13.68,5600,18100,3900,18900,11100,12900,11200,27800,3300,9600,9500,40400,36000,15200,33100,18800,20400,20600,1000,8400
3179.0,13.59,6214600,83426257.0,13.57,13.56,13.55,13.54,13.53,13.52,13.51,13.5,13.49,13.48,13.58,13.59,13.6,13.61,13.62,13.63,13.64,13.65,13.66,13.67,5900,18100,3900,18900,11100,12900,11200,27800,3300,9600,1000,9200,40400,36000,15200,33100,18800,20400,20600,1000
3180.0,13.57,6217700,83468324.0,13.57,13.56,13.55,13.54,13.53,13.52,13.51,13.5,13.49,13.48,13.58,13.59,13.6,13.61,13.62,13.63,13.64,13.65,13.66,13.67,2800,18100,3900,18900,11100,12900,11200,27800,3300,9600,1000,9200,39800,37000,15200,33100,18800,20400,20600,1000
3181.0,13.57,6217900,83471038.0,13.57,13.56,13.55,13.54,13.53,13.52,13.51,13.5,13.49,13.48,13.58,13.59,13.6,13.61,13.62,13.63,13.64,13.65,13.66,13.67,2600,18100,3900,18900,11100,12900,11200,27800,3300,9600,1000,9200,39800,37000,15200,33100,18800,20400,20600,1000
3182.0,13.56,6235600,83711076.0,13.56,13.55,13.54,13.53,13.52,13.51,13.5,13.49,13.48,13.47,13.58,13.59,13.6,13.61,13.62,13.63,13.64,13.65,13.66,13.67,3000,3900,18900,11100,12900,11200,27800,3300,9600,6500,1000,9200,39800,37000,15200,33100,18800,20400,20600,1000
3183.0,13.56,6237600,83738198.0,13.56,13.55,13.54,13.53,13.52,13.51,13.5,13.49,13.48,13.47,13.58,13.59,13.6,13.61,13.62,13.63,13.64,13.65,13.66,13.67,1200,3900,18900,11100,12900,11200,27800,3300,9600,6500,6600,9200,39800,37000,14400,33100,18800,20400,20600,1000
3184.0,13.54,6247900,83877729.0,13.57,13.54,13.53,13.52,13.51,13.5,13.49,13.48,13.47,13.46,13.58,13.59,13.6,13.61,13.62,13.63,13.64,13.65,13.66,13.67,1100,13900,11100,13000,11200,27800,3300,9600,6500,25800,6600,9200,39800,37000,14400,33100,18800,20400,20600,1000
3185.0,13.57,6248000,83879086.0,13.57,13.54,13.53,13.52,13.51,13.5,13.49,13.48,13.47,13.46,13.58,13.59,13.6,13.61,13.62,13.63,13.64,13.65,13.66,13.67,1300,13100,11100,13000,11200,27800,3300,9600,6500,25800,7800,9200,39800,37000,14400,33100,18800,20400,20600,1000
3186.0,13.54,6254700,83969843.0,13.54,13.53,13.52,13.51,13.5,13.49,13.48,13.47,13.46,13.45,13.56,13.57,13.58,13.59,13.6,13.61,13.62,13.63,13.64,13.65,7700,11100,13000,11200,27800,3300,9600,6500,25800,12300,500,3800,7800,9200,39800,37000,14400,33100,18800,20400
3187.0,13.55,6258200,84017272.0,13.54,13.53,13.52,13.51,13.5,13.49,13.48,13.47,13.46,13.45,13.55,13.56,13.57,13.58,13.59,13.6,13.61,13.62,13.63,13.64,7000,11100,13000,11200,27800,3300,9600,6500,25800,12300,2500,500,3500,7800,9200,39800,37000,14400,33100,18800
3188.0,13.55,6258700,84024047.0,13.54,13.53,13.52,13.51,13.5,13.49,13.48,13.47,13.46,13.45,13.55,13.56,13.57,13.58,13.59,13.6,13.61,13.62,13.63,13.64,7000,11100,13000,11200,27800,3300,9600,6500,25800,12300,2000,900,3500,7800,9200,41800,37000,14400,33200,18800
3189.0,13.54,6267100,84137797.0,13.53,13.52,13.51,13.5,13.49,13.48,13.47,13.46,13.45,13.44,13.54,13.55,13.56,13.57,13.58,13.59,13.6,13.61,13.62,13.63,11100,13000,11200,27800,3300,9600,6500,25800,12300,2700,200,600,900,3500,7800,9200,41800,37000,14400,33200
3190.0,13.54,6267900,84148622.0,13.53,13.52,13.51,13.5,13.49,13.48,13.47,13.46,13.45,13.44,13.54,13.55,13.56,13.57,13.58,13.59,13.6,13.61,13.62,13.63,10400,13000,11200,27800,3300,9600,6500,27700,12300,2700,500,600,1400,3500,7800,9200,41800,37000,14400,33200
3191.0,13.56,6269600,84171658.0,13.54,13.53,13.52,13.51,13.5,13.49,13.48,13.47,13.46,13.45,13.56,13.57,13.58,13.59,13.6,13.61,13.62,13.63,13.64,13.65,1200,10400,13000,11200,27800,3300,9600,6500,27700,12300,800,3500,7800,9200,41800,37000,14400,33200,18800,20400
3192.0,13.57,6280100,84314132.0,13.57,13.54,13.53,13.52,13.51,13.5,13.49,13.48,13.47,13.46,13.58,13.59,13.6,13.61,13.62,13.63,13.64,13.65,13.66,13.67,9600,1100,10400,13000,11200,27800,3300,9600,6500,27700,7800,9200,42100,37000,14400,33200,18800,20400,20600,1000
3193.0,13.57,6281500,84333130.0,13.57,13.54,13.53,13.52,13.51,13.5,13.49,13.48,13.47,13.46,13.58,13.59,13.6,13.61,13.62,13.63,13.64,13.65,13.66,13.67,8200,1100,10400,13000,11200,27800,3300,9600,6500,27700,7900,9500,42100,37000,14400,33200,18800,20400,20600,1000
3194.0,13.57,6281500,84333130.0,13.57,13.54,13.53,13.52,13.51,13.5,13.49,13.48,13.47,13.46,13.58,13.59,13.6,13.61,13.62,13.63,13.64,13.65,13.66,13.67,8200,1100,10400,13000,11200,27800,3300,9600,6500,27700,7900,9500,42100,37200,14400,33200,18800,20400,20600,1000
3195.0,13.57,6281500,84333130.0,13.57,13.56,13.54,13.53,13.52,13.51,13.5,13.49,13.48,13.47,13.58,13.59,13.6,13.61,13.62,13.63,13.64,13.65,13.66,13.67,8200,2000,1100,10400,6800,11200,27800,3300,9600,6500,7900,9500,42100,37200,14400,33200,18800,20400,20600,1000
3196.0,13.57,6284200,84369769.0,13.57,13.56,13.54,13.53,13.52,13.51,13.5,13.49,13.48,13.47,13.58,13.59,13.6,13.61,13.62,13.63,13.64,13.65,13.66,13.67,5500,2000,1100,10400,6800,11200,27800,3300,9600,6500,7900,9500,42100,37200,14400,33200,18800,20400,20600,1000
3197.0,13.57,6284600,84375197.0,13.57,13.56,13.54,13.53,13.52,13.51,13.5,13.49,13.48,13.47,13.58,13.59,13.6,13.61,13.62,13.63,13.64,13.65,13.66,13.67,5100,2000,1100,10400,6800,11200,27800,3300,9600,6500,7900,9500,42100,37200,14400,33200,18800,20400,20600,1000
3198.0,13.57,6284600,84375197.0,13.57,13.56,13.54,13.53,13.52,13.51,13.5,13.49,13.48,13.47,13.58,13.59,13.6,13.61,13.62,13.63,13.64,13.65,13.66,13.67,5100,2000,1600,10400,7100,11200,27800,3300,9600,6500,7900,9500,42100,37200,14400,33200,18800,20400,20600,1000
3199.0,13.57,6287000,84407765.0,13.57,13.56,13.54,13.53,13.52,13.51,13.5,13.49,13.48,13.47,13.58,13.59,13.6,13.61,13.62,13.63,13.64,13.65,13.66,13.67,2700,2000,1600,10400,7100,11200,27800,3300,9600,6500,7900,9500,42100,37200,14400,33200,18800,20400,20600,1000
3200.0,13.57,6290300,84452553.0,13.57,13.56,13.54,13.53,13.52,13.51,13.5,13.49,13.48,13.47,13.58,13.59,13.6,13.61,13.62,13.63,13.64,13.65,13.66,13.67,100,2000,1600,10400,7100,11200,27800,3300,9600,6500,7200,9500,42400,37200,14400,33200,18100,20400,20600,1000
3201.0,13.57,6290300,84452553.0,13.57,13.56,13.55,13.54,13.53,13.52,13.51,13.5,13.49,13.48,13.58,13.59,13.6,13.61,13.62,13.63,13.64,13.65,13.66,13.67,100,2000,100,1600,10400,7100,11200,27700,3300,9600,7900,9500,42400,37400,14400,33200,18100,20400,20600,1000
3202.0,13.57,6290300,84452553.0,13.57,13.56,13.55,13.54,13.53,13.52,13.51,13.5,13.49,13.48,13.58,13.59,13.6,13.61,13.62,13.63,13.64,13.65,13.66,13.67,3400,2000,100,1600,10400,7100,11200,27700,3300,9600,7900,9500,42400,37400,9400,33200,18100,20400,20600,1000
3203.0,13.55,6295800,84527166.0,13.54,13.53,13.52,13.51,13.5,13.49,13.48,13.47,13.46,13.45,13.58,13.59,13.6,13.61,13.62,13.63,13.64,13.65,13.66,13.67,1600,10400,7100,11200,27700,3300,9600,6500,27700,12600,7900,9500,42400,37400,9400,33200,18100,20400,20600,1000
3204.0,13.55,6295800,84527166.0,13.57,13.54,13.53,13.52,13.51,13.5,13.49,13.48,13.47,13.46,13.58,13.59,13.6,13.61,13.62,13.63,13.64,13.65,13.66,13.67,600,4700,10500,7100,11200,27700,3300,9600,6500,27700,11000,9500,42400,37400,9400,33200,18100,20400,20600,1000
3205.0,13.55,6295800,84527166.0,13.57,13.54,13.53,13.52,13.51,13.5,13.49,13.48,13.47,13.46,13.58,13.59,13.6,13.61,13.62,13.63,13.64,13.65,13.66,13.67,600,4700,10500,7100,11200,27700,3300,9600,6500,27700,11000,9500,42400,37400,9400,33200,18100,20400,21200,1000
3206.0,13.55,6295800,84527166.0,13.57,13.56,13.54,13.53,13.52,13.51,13.5,13.49,13.48,13.47,13.58,13.59,13.6,13.61,13.62,13.63,13.64,13.65,13.66,13.67,1400,500,14800,10500,7100,11200,27700,3300,9600,6500,11000,9500,42400,37400,9400,33200,18100,20400,21200,1000
3207.0,13.57,6296300,84533951.0,13.57,13.56,13.54,13.53,13.52,13.51,13.5,13.49,13.48,13.47,13.58,13.59,13.6,13.61,13.62,13.63,13.64,13.65,13.66,13.67,900,500,14800,10500,11100,11200,27700,3300,9600,6500,11000,9500,42400,37400,9400,33200,18100,20400,21200,1000
3208.0,13.57,6296600,84538022.0,13.57,13.56,13.54,13.53,13.52,13.51,13.5,13.49,13.48,13.47,13.58,13.59,13.6,13.61,13.62,13.63,13.64,13.65,13.66,13.67,600,500,14800,10500,11100,11200,27700,3300,9600,6500,11000,9500,42400,37400,9400,33200,18100,20400,21200,1000
3209.0,13.57,6296600,84538022.0,13.57,13.56,13.54,13.53,13.52,13.51,13.5,13.49,13.48,13.47,13.58,13.59,13.6,13.61,13.62,13.63,13.64,13.65,13.66,13.67,600,500,14800,10500,11100,11200,27700,3300,9600,6500,11000,9500,42400,37400,9400,33200,18100,20400,21200,1000
3210.0,13.57,6296600,84538022.0,13.57,13.56,13.54,13.53,13.52,13.51,13.5,13.49,13.48,13.47,13.58,13.59,13.6,13.61,13.62,13.63,13.64,13.65,13.66,13.67,600,600,14800,10500,11100,11200,27700,3300,9600,6500,11000,9500,42400,37400,9400,33200,18100,21200,21200,1000
3211.0,13.57,6296700,84539379.0,13.57,13.56,13.54,13.53,13.52,13.51,13.5,13.49,13.48,13.47,13.58,13.59,13.6,13.61,13.62,13.63,13.64,13.65,13.66,13.67,500,600,14800,10500,11100,11200,27700,3300,9600,6500,11500,9500,42400,37400,9400,33200,18100,21200,21200,1000
3212.0,13.57,6297200,84546164.0,13.56,13.54,13.53,13.52,13.51,13.5,13.49,13.48,13.47,13.46,13.57,13.58,13.59,13.6,13.61,13.62,13.63,13.64,13.65,13.66,600,14800,10500,11100,11200,27700,3300,9600,6500,27700,5100,11500,9500,42400,37400,9400,33200,18100,21200,21200
3213.0,13.57,6297200,84546164.0,13.56,13.54,13.53,13.52,13.51,13.5,13.49,13.48,13.47,13.46,13.57,13.58,13.59,13.6,13.61,13.62,13.63,13.64,13.65,13.66,600,14800,10500,11100,11200,27700,3300,9600,6500,27700,5400,11500,9500,43400,36500,9400,33200,18100,21200,21200
3214.0,13.56,6297800,84554300.0,13.55,13.54,13.53,13.52,13.51,13.5,13.49,13.48,13.47,13.46,13.57,13.58,13.59,13.6,13.61,13.62,13.63,13.64,13.65,13.66,100,14800,10400,11100,11200,27700,3300,9600,6500,27700,6100,11500,9500,43400,36500,9900,33200,18100,21200,21200
3215.0,13.57,6298400,84562440.0,13.55,13.54,13.53,13.52,13.51,13.5,13.49,13.48,13.47,13.46,13.57,13.58,13.59,13.6,13.61,13.62,13.63,13.64,13.65,13.66,100,14800,10400,11100,11200,27700,3300,9600,6500,27700,5700,12300,9500,43000,36500,9900,33200,18100,21200,21200
3216.0,13.57,6298700,84566511.0,13.55,13.54,13.53,13.52,13.51,13.5,13.49,13.48,13.47,13.46,13.57,13.58,13.59,13.6,13.61,13.62,13.63,13.64,13.65,13.66,100,14800,10400,12200,11200,27700,3300,9600,6500,27700,5400,12300,7200,43000,36500,9900,33200,18100,21200,21200
3217.0,13.57,6298700,84566511.0,13.55,13.54,13.53,13.52,13.51,13.5,13.49,13.48,13.47,13.46,13.57,13.58,13.59,13.6,13.61,13.62,13.63,13.64,13.65,13.66,100,14800,10400,12200,11200,27700,3300,9600,6500,27700,7700,12300,7200,43000,36500,9900,33200,18100,21200,21300
3218.0,13.57,6301700,84607221.0,13.55,13.54,13.53,13.52,13.51,13.5,13.49,13.48,13.47,13.46,13.57,13.58,13.59,13.6,13.61,13.62,13.63,13.64,13.65,13.66,100,14800,10400,12200,12500,27700,3300,9600,6500,27700,4800,12300,7200,43400,36500,9900,33200,18100,21200,21300
3219.0,13.57,6304700,84647931.0,13.55,13.54,13.53,13.52,13.51,13.5,13.49,13.48,13.47,13.46,13.57,13.58,13.59,13.6,13.61,13.62,13.63,13.64,13.65,13.66,100,14800,10400,12200,12500,29000,3300,9600,6500,27700,1800,12300,7200,43400,36500,9900,33200,18100,21200,21300
3220.0,13.57,6304700,84647931.0,13.55,13.54,13.53,13.52,13.51,13.5,13.49,13.48,13.47,13.46,13.57,13.58,13.59,13.6,13.61,13.62,13.63,13.64,13.65,13.66,100,14800,10400,12200,12500,29000,3300,9600,6500,27700,1800,12300,7200,43400,36500,9900,33200,18100,21200,21300
3221.0,13.57,6304900,84650645.0,13.55,13.54,13.53,13.52,13.51,13.5,13.49,13.48,13.47,13.46,13.57,13.58,13.59,13.6,13.61,13.62,13.63,13.64,13.65,13.66,100,14800,10900,12200,12500,29000,3300,9600,6500,27700,3900,12300,7200,43400,36500,9900,33200,18100,21200,21300
3222.0,13.57,6306400,84671000.0,13.55,13.54,13.53,13.52,13.51,13.5,13.49,13.48,13.47,13.46,13.57,13.58,13.59,13.6,13.61,13.62,13.63,13.64,13.65,13.66,100,14800,10900,12200,12500,29000,3300,9600,6500,27700,2400,12300,7200,43400,36500,9900,33200,18100,21200,21300
3223.0,13.57,6306500,84672357.0,13.55,13.54,13.53,13.52,13.51,13.5,13.49,13.48,13.47,13.46,13.57,13.58,13.59,13.6,13.61,13.62,13.63,13.64,13.65,13.66,200,14800,10900,12200,12500,29000,3300,9600,6500,27700,2300,12300,7200,43400,36500,9900,33200,18100,21200,21300
3224.0,13.57,6306500,84672357.0,13.55,13.54,13.53,13.52,13.51,13.5,13.49,13.48,13.47,13.46,13.56,13.57,13.58,13.59,13.6,13.61,13.62,13.63,13.64,13.65,200,14800,10900,12200,12500,29000,3300,9600,6500,27700,700,2300,12300,7200,43500,36500,9900,33200,18100,21200
3225.0,13.57,6306500,84672357.0,13.55,13.54,13.53,13.52,13.51,13.5,13.49,13.48,13.47,13.46,13.56,13.57,13.58,13.59,13.6,13.61,13.62,13.63,13.64,13.65,200,14800,10900,12200,12500,29000,3300,9600,6500,27700,1100,2300,12300,7200,43500,36500,9900,33200,18100,21200
3226.0,13.57,6306500,84672357.0,13.55,13.54,13.53,13.52,13.51,13.5,13.49,13.48,13.47,13.46,13.56,13.57,13.58,13.59,13.6,13.61,13.62,13.63,13.64,13.65,200,14800,10900,12200,12500,29000,3300,9600,6500,27700,1100,2300,12300,7200,43500,36500,9900,33200,18100,21200
3227.0,13.56,6306600,84673713.0,13.55,13.54,13.53,13.52,13.51,13.5,13.49,13.48,13.47,13.46,13.56,13.57,13.58,13.59,13.6,13.61,13.62,13.63,13.64,13.65,200,14800,10900,12200,12500,29000,3300,9600,6500,27700,1100,2300,12300,7200,43500,36500,9900,33200,18100,21200
3228.0,13.55,6306800,84676423.0,13.54,13.53,13.52,13.51,13.5,13.49,13.48,13.47,13.46,13.45,13.55,13.56,13.57,13.58,13.59,13.6,13.61,13.62,13.63,13.64,14800,10900,12200,12000,29500,3300,9600,6500,27700,13600,600,1600,2300,12300,7200,43500,36500,9900,33200,18100
3229.0,13.56,6309300,84710303.0,13.54,13.53,13.52,13.51,13.5,13.49,13.48,13.47,13.46,13.45,13.56,13.57,13.58,13.59,13.6,13.61,13.62,13.63,13.64,13.65,14100,10900,12200,12000,29500,3300,9600,6500,27700,13600,400,2300,12300,9400,43500,36500,9900,33200,18100,21200
3230.0,13.56,6309300,84710303.0,13.54,13.53,13.52,13.51,13.5,13.49,13.48,13.47,13.46,13.45,13.56,13.57,13.58,13.59,13.6,13.61,13.62,13.63,13.64,13.65,14100,10900,12200,12000,29500,3300,9600,6500,27700,13600,400,2800,12300,9400,41500,36500,9900,33200,18100,21200
3231.0,13.56,6309300,84710303.0,13.54,13.53,13.52,13.51,13.5,13.49,13.48,13.47,13.46,13.45,13.56,13.57,13.58,13.59,13.6,13.61,13.62,13.63,13.64,13.65,14100,10900,12200,12000,29500,3300,9600,6500,27700,13600,400,2800,12300,9400,38900,36500,9900,33200,18100,21200
3232.0,13.54,6310000,84719781.0,13.54,13.53,13.52,13.51,13.5,13.49,13.48,13.47,13.46,13.45,13.55,13.56,13.57,13.58,13.59,13.6,13.61,13.62,13.63,13.64,13400,10900,12200,12000,29500,3300,9600,6500,27700,13600,200,900,2800,12300,9400,38900,36500,9900,33200,18100
3233.0,13.54,6315800,84798361.0,13.54,13.53,13.52,13.51,13.5,13.49,13.48,13.47,13.46,13.45,13.57,13.58,13.59,13.6,13.61,13.62,13.63,13.64,13.65,13.66,10100,10900,8200,12000,29500,3300,9600,6500,27700,13600,2800,12300,9400,38900,36500,5900,32900,18100,21200,21300
3234.0,13.54,6316500,84807839.0,13.54,13.53,13.52,13.51,13.5,13.49,13.48,13.47,13.46,13.45,13.57,13.58,13.59,13.6,13.61,13.62,13.63,13.64,13.65,13.66,11000,10900,8200,12000,29500,3300,9600,6500,27700,13600,5100,12300,9400,38900,36500,5900,32900,18100,21200,21300
3235.0,13.54,6317200,84817317.0,13.56,13.55,13.54,13.53,13.52,13.51,13.5,13.49,13.48,13.47,13.57,13.58,13.59,13.6,13.61,13.62,13.63,13.64,13.65,13.66,500,200,11900,10900,8200,12000,29500,3300,9600,6500,5100,12300,9400,39100,36500,5900,32900,18100,21200,21300
3236.0,13.54,6317200,84817317.0,13.56,13.55,13.54,13.53,13.52,13.51,13.5,13.49,13.48,13.47,13.57,13.58,13.59,13.6,13.61,13.62,13.63,13.64,13.65,13.66,500,200,11900,10900,8200,12000,29500,3300,9600,6500,5100,12300,9400,39100,36500,5900,32900,18100,21200,21300
3237.0,13.54,6317200,84817317.0,13.56,13.55,13.54,13.53,13.52,13.51,13.5,13.49,13.48,13.47,13.57,13.58,13.59,13.6,13.61,13.62,13.63,13.64,13.65,13.66,500,200,11900,10900,8200,12000,29500,3300,9600,6500,5100,12300,9400,39100,36500,5900,32900,18100,21200,21300
3238.0,13.56,6317400,84820029.0,13.56,13.55,13.54,13.53,13.52,13.51,13.5,13.49,13.48,13.47,13.57,13.58,13.59,13.6,13.61,13.62,13.63,13.64,13.65,13.66,300,400,11900,10900,8200,12000,29500,3300,9600,6500,5300,12300,9400,39100,36500,5900,32900,18100,21200,21300
3239.0,13.56,6317400,84820029.0,13.56,13.55,13.54,13.53,13.52,13.51,13.5,13.49,13.48,13.47,13.57,13.58,13.59,13.6,13.61,13.62,13.63,13.64,13.65,13.66,300,400,11900,10900,8200,12000,29500,3300,9600,6500,5300,12300,9400,39100,36500,20900,32900,18100,21200,21300
3240.0,13.56,6317400,84820029.0,13.56,13.55,13.54,13.53,13.52,13.51,13.5,13.49,13.48,13.47,13.57,13.58,13.59,13.6,13.61,13.62,13.63,13.64,13.65,13.66,300,400,11900,10900,8200,12000,29500,3300,9600,6500,5800,12300,9400,39100,36500,20900,32900,18100,21200,21300
3241.0,13.56,6317400,84820029.0,13.56,13.55,13.54,13.53,13.52,13.51,13.5,13.49,13.48,13.47,13.57,13.58,13.59,13.6,13.61,13.62,13.63,13.64,13.65,13.66,300,400,12900,10900,8200,12000,29500,3300,9600,6500,5800,12300,11500,39100,36500,20900,32900,18100,21200,21300
3242.0,13.57,6317500,84821386.0,13.56,13.55,13.54,13.53,13.52,13.51,13.5,13.49,13.48,13.47,13.57,13.58,13.59,13.6,13.61,13.62,13.63,13.64,13.65,13.66,300,400,12900,10900,8200,12000,28800,3300,9600,6500,5700,12300,11500,38800,36500,20900,32900,18100,21200,21300
3243.0,13.55,6318000,84828164.0,13.55,13.54,13.53,13.52,13.51,13.5,13.49,13.48,13.47,13.46,13.57,13.58,13.59,13.6,13.61,13.62,13.63,13.64,13.65,13.66,200,12900,10900,8200,12000,28800,3300,9600,6500,27700,5700,12300,11500,38800,36500,20900,32900,18100,21200,21300
3244.0,13.55,6318000,84828164.0,13.55,13.54,13.53,13.52,13.51,13.5,13.49,13.48,13.47,13.46,13.57,13.58,13.59,13.6,13.61,13.62,13.63,13.64,13.65,13.66,200,12900,10900,8200,12000,28800,3300,9600,6500,27700,5700,12300,12100,38800,36500,20900,32900,18100,21200,21300
3245.0,13.55,6318200,84830874.0,13.54,13.53,13.52,13.51,13.5,13.49,13.48,13.47,13.46,13.45,13.57,13.58,13.59,13.6,13.61,13.62,13.63,13.64,13.65,13.66,12900,10900,8200,12000,28800,3300,9600,6500,27700,13600,5700,12300,12100,38800,36500,20900,32900,18100,21200,21300
3246.0,13.54,6318900,84840352.0,13.54,13.53,13.52,13.51,13.5,13.49,13.48,13.47,13.46,13.45,13.56,13.57,13.58,13.59,13.6,13.61,13.62,13.63,13.64,13.65,13400,10900,8200,12000,30700,3300,9600,6500,27700,13600,500,7600,16300,14000,38800,36500,20900,32900,18100,21200
3247.0,13.54,6321000,84868786.0,13.54,13.53,13.52,13.51,13.5,13.49,13.48,13.47,13.46,13.45,13.56,13.57,13.58,13.59,13.6,13.61,13.62,13.63,13.64,13.65,11300,10900,8200,12000,30700,3300,9600,6500,27700,13600,1100,7600,16300,14000,38800,36500,20900,32900,18100,21200
3248.0,13.57,6327300,84954245.0,13.54,13.53,13.52,13.51,13.5,13.49,13.48,13.47,13.46,13.45,13.57,13.58,13.59,13.6,13.61,13.62,13.63,13.64,13.65,13.66,10600,10900,8200,12000,30700,3300,9600,6500,27700,13600,3100,16300,14000,38800,36500,20900,32900,18100,16200,21300
3249.0,13.54,6328000,84963723.0,13.54,13.53,13.52,13.51,13.5,13.49,13.48,13.47,13.46,13.45,13.56,13.57,13.58,13.59,13.6,13.61,13.62,13.63,13.64,13.65,9900,10900,8200,12000,30700,3300,9600,6500,27700,13600,600,3100,16300,14000,38800,36500,20900,32900,18100,16200
3250.0,13.54,6328000,84963723.0,13.55,13.54,13.53,13.52,13.51,13.5,13.49,13.48,13.47,13.46,13.56,13.57,13.58,13.59,13.6,13.61,13.62,13.63,13.64,13.65,4000,9900,10900,8200,12000,25700,3300,9600,6500,27700,600,3100,16300,14000,38800,36500,20900,32900,18100,16200
3251.0,13.55,6332100,85019281.0,13.55,13.54,13.53,13.52,13.51,13.5,13.49,13.48,13.47,13.46,13.56,13.57,13.58,13.59,13.6,13.61,13.62,13.63,13.64,13.65,200,9900,10900,8200,12000,25700,3300,9600,6500,27700,300,3100,16300,14000,38800,36500,20900,32900,18100,16200
3252.0,13.56,6332300,85021993.0,13.55,13.54,13.53,13.52,13.51,13.5,13.49,13.48,13.47,13.46,13.56,13.57,13.58,13.59,13.6,13.61,13.62,13.63,13.64,13.65,200,11900,10900,8200,12000,25700,3300,9600,6500,27700,100,3100,14800,14000,38800,36500,20900,32900,18100,16200
3253.0,13.55,6332500,85024703.0,13.54,13.53,13.52,13.51,13.5,13.49,13.48,13.47,13.46,13.45,13.55,13.56,13.57,13.58,13.59,13.6,13.61,13.62,13.63,13.64,11900,10900,12200,12000,25700,3300,9600,6500,27700,13600,2500,100,3100,14800,14000,41000,36500,20900,32900,17400
3254.0,13.54,6333200,85034181.0,13.54,13.53,13.52,13.51,13.5,13.49,13.48,13.47,13.46,13.45,13.55,13.56,13.57,13.58,13.59,13.6,13.61,13.62,13.63,13.64,11200,10900,12200,12000,25700,3300,9600,6500,27700,13600,2500,600,3100,14800,14000,41000,36500,20900,32900,17400
3255.0,13.55,6333700,85040956.0,13.54,13.53,13.52,13.51,13.5,13.49,13.48,13.47,13.46,13.45,13.55,13.56,13.57,13.58,13.59,13.6,13.61,13.62,13.63,13.64,11200,11000,12200,12000,25700,3300,9600,6500,27700,13600,2000,600,4100,14800,14000,41000,36500,20900,32900,17400
3256.0,13.54,6334400,85050434.0,13.54,13.53,13.52,13.51,13.5,13.49,13.48,13.47,13.46,13.45,13.55,13.56,13.57,13.58,13.59,13.6,13.61,13.62,13.63,13.64,10500,11000,12200,12000,25700,3300,9600,6500,27700,13600,2000,600,4200,14800,14000,41000,36500,20900,32900,17400
3257.0,13.55,6335200,85061267.0,13.54,13.53,13.52,13.51,13.5,13.49,13.48,13.47,13.46,13.45,13.55,13.56,13.57,13.58,13.59,13.6,13.61,13.62,13.63,13.64,9800,11000,12200,12000,25700,3300,9600,6500,27700,13600,1900,1400,4200,14800,14000,41000,36500,20900,32900,17400
3258.0,13.55,6335600,85066687.0,13.54,13.53,13.52,13.51,13.5,13.49,13.48,13.47,13.46,13.45,13.55,13.56,13.57,13.58,13.59,13.6,13.61,13.62,13.63,13.64,9800,11000,12200,12000,25700,3300,9600,6500,27700,13600,1500,1400,4200,14800,14000,41000,36500,20900,32900,17400
3259.0,13.56,6338500,85105996.0,13.56,13.55,13.54,13.53,13.52,13.51,13.5,13.49,13.48,13.47,13.57,13.58,13.59,13.6,13.61,13.62,13.63,13.64,13.65,13.66,700,5200,9800,11000,12200,12000,25700,3300,9600,6500,7600,14800,14000,41000,36500,20900,32900,17400,16200,21300
3260.0,13.56,6338500,85105996.0,13.56,13.55,13.54,13.53,13.52,13.51,13.5,13.49,13.48,13.47,13.57,13.58,13.59,13.6,13.61,13.62,13.63,13.64,13.65,13.66,700,6600,9800,11000,12200,12000,25700,3300,9600,6500,13400,14800,14000,41000,36500,20900,32900,17400,16200,21300
3261.0,13.56,6338500,85105996.0,13.56,13.55,13.54,13.53,13.52,13.51,13.5,13.49,13.48,13.47,13.57,13.58,13.59,13.6,13.61,13.62,13.63,13.64,13.65,13.66,700,7600,9800,11000,12200,12000,25700,3300,9600,6500,13900,14800,14000,41000,36500,20900,32900,17400,16200,21300
3262.0,13.56,6338500,85105996.0,13.56,13.55,13.54,13.53,13.52,13.51,13.5,13.49,13.48,13.47,13.57,13.58,13.59,13.6,13.61,13.62,13.63,13.64,13.65,13.66,700,7600,9800,11000,12200,12000,25700,3300,9600,6500,13900,15600,14000,41000,36500,20900,32900,17900,16200,21300
3263.0,13.56,6339400,85118202.0,13.55,13.54,13.53,13.52,13.51,13.5,13.49,13.48,13.47,13.46,13.57,13.58,13.59,13.6,13.61,13.62,13.63,13.64,13.65,13.66,10600,9800,11000,12200,12000,25700,3300,9600,6500,27700,13700,15600,14000,41000,36500,20900,32900,17900,16200,21300
3264.0,13.56,6339400,85118202.0,13.55,13.54,13.53,13.52,13.51,13.5,13.49,13.48,13.47,13.46,13.57,13.58,13.59,13.6,13.61,13.62,13.63,13.64,13.65,13.66,10600,9800,11000,12200,12000,25700,3300,9600,6500,27700,13700,15600,14000,41000,36500,20900,32900,17900,16200,21300
3265.0,13.56,6339400,85118202.0,13.55,13.54,13.53,13.52,13.51,13.5,13.49,13.48,13.47,13.46,13.57,13.58,13.59,13.6,13.61,13.62,13.63,13.64,13.65,13.66,10900,9800,11000,12200,12000,25700,3300,9600,6500,27700,13700,15600,14000,40800,36500,20900,32900,17900,16200,21300
3266.0,13.55,6341500,85146657.0,13.56,13.55,13.54,13.53,13.52,13.51,13.5,13.49,13.48,13.47,13.57,13.58,13.59,13.6,13.61,13.62,13.63,13.64,13.65,13.66,400,8800,9800,11000,12200,12000,25700,3300,9600,6500,13700,15600,14000,40800,36500,20900,32900,17900,16200,21300
3267.0,13.56,6342500,85160218.0,13.55,13.54,13.53,13.52,13.51,13.5,13.49,13.48,13.47,13.46,13.56,13.57,13.58,13.59,13.6,13.61,13.62,13.63,13.64,13.65,10800,9800,11000,12200,12000,25700,3300,9600,6500,27700,1100,15600,15600,13400,40800,36500,20900,32900,17900,16200
3268.0,13.56,6342500,85160218.0,13.55,13.54,13.53,13.52,13.51,13.5,13.49,13.48,13.47,13.46,13.56,13.57,13.58,13.59,13.6,13.61,13.62,13.63,13.64,13.65,10800,9800,11300,11900,12000,25700,3300,9600,6500,27700,1100,15600,15600,13400,40800,37000,20900,32900,17900,16200
3269.0,13.55,6343200,85169703.0,13.55,13.54,13.53,13.52,13.51,13.5,13.49,13.48,13.47,13.46,13.56,13.57,13.58,13.59,13.6,13.61,13.62,13.63,13.64,13.65,10100,9800,11300,11900,12000,25700,3300,9600,6500,27700,1100,15600,15600,13400,41800,37000,20900,32900,17900,16200
3270.0,13.56,6345000,85194104.0,13.56,13.55,13.54,13.53,13.52,13.51,13.5,13.49,13.48,13.47,13.57,13.58,13.59,13.6,13.61,13.62,13.63,13.64,13.65,13.66,600,9400,9800,11300,11900,12000,25700,3300,9600,6500,15600,15600,13400,42000,37000,20900,32900,17900,16200,21300
3271.0,13.55,6346700,85217151.0,13.55,13.54,13.53,13.52,13.51,13.5,13.49,13.48,13.47,13.46,13.57,13.58,13.59,13.6,13.61,13.62,13.63,13.64,13.65,13.66,8900,9800,11300,11900,12000,25700,3300,9600,6500,27700,15600,15600,13400,42500,37000,20900,32900,17900,16200,21600
3272.0,13.57,6347800,85232064.0,13.56,13.55,13.54,13.53,13.52,13.51,13.5,13.49,13.48,13.47,13.57,13.58,13.59,13.6,13.61,13.62,13.63,13.64,13.65,13.66,2000,8200,9800,11300,11900,12000,25700,3300,9600,6500,15200,15600,13400,42500,37000,20900,32900,17700,16200,21600
3273.0,13.56,6347900,85233420.0,13.56,13.55,13.54,13.53,13.52,13.51,13.5,13.49,13.48,13.47,13.57,13.58,13.59,13.6,13.61,13.62,13.63,13.64,13.65,13.66,6700,8200,10100,11300,11900,12000,25700,3300,9600,6500,16200,15600,13400,42500,37000,20900,32900,17700,16200,21600
3274.0,13.56,6347900,85233420.0,13.56,13.55,13.54,13.53,13.52,13.51,13.5,13.49,13.48,13.47,13.57,13.58,13.59,13.6,13.61,13.62,13.63,13.64,13.65,13.66,6700,11900,10100,11300,11900,12000,26100,3300,9600,6500,16200,16100,13400,42500,37000,20900,32900,17700,16200,21600
3275.0,13.57,6348500,85241562.0,13.56,13.55,13.54,13.53,13.52,13.51,13.5,13.49,13.48,13.47,13.57,13.58,13.59,13.6,13.61,13.62,13.63,13.64,13.65,13.66,6700,10800,10100,11300,11900,12000,26100,3300,9600,6500,15600,16100,13400,42500,37000,20900,32900,17700,16200,21600
3276.0,13.57,6348500,85241562.0,13.56,13.55,13.54,13.53,13.52,13.51,13.5,13.49,13.48,13.47,13.57,13.58,13.59,13.6,13.61,13.62,13.63,13.64,13.65,13.66,6900,10800,10100,11300,11900,12000,26100,3300,9600,6500,15600,16100,13400,42500,36000,20900,33300,17700,16200,21600
3277.0,13.56,6350100,85263258.0,13.56,13.55,13.54,13.53,13.52,13.51,13.5,13.49,13.48,13.47,13.57,13.58,13.59,13.6,13.61,13.62,13.63,13.64,13.65,13.66,5300,10800,10100,11300,11900,12000,26100,3300,9600,6500,15600,16100,13400,42500,36000,20900,33300,17700,19900,21600
3278.0,13.56,6351100,85276818.0,13.56,13.55,13.54,13.53,13.52,13.51,13.5,13.49,13.48,13.47,13.57,13.58,13.59,13.6,13.61,13.62,13.63,13.64,13.65,13.66,4300,10800,10100,11300,11900,12000,26100,3300,9700,6500,15600,16100,13500,42500,37500,20900,33300,17700,19900,21300
3279.0,13.57,6352800,85299887.0,13.56,13.55,13.54,13.53,13.52,13.51,13.5,13.49,13.48,13.47,13.57,13.58,13.59,13.6,13.61,13.62,13.63,13.64,13.65,13.66,4300,10800,10100,11300,11900,12000,26100,3300,9700,6500,13900,16100,13500,42500,37500,20900,33300,17700,19900,21300
3280.0,13.57,6352800,85299887.0,13.56,13.55,13.54,13.53,13.52,13.51,13.5,13.49,13.48,13.47,13.57,13.58,13.59,13.6,13.61,13.62,13.63,13.64,13.65,13.66,4300,10800,10100,11300,11900,12000,26100,3300,9700,6500,13900,16100,13500,42500,37500,20900,33300,17700,19900,21300
3281.0,13.57,6353000,85302601.0,13.56,13.55,13.54,13.53,13.52,13.51,13.5,13.49,13.48,13.47,13.57,13.58,13.59,13.6,13.61,13.62,13.63,13.64,13.65,13.66,4300,10800,10100,11300,11900,12000,26100,3300,9700,6500,14700,16100,13500,42500,37500,20900,33300,17700,19900,21300
3282.0,13.57,6353000,85302601.0,13.56,13.55,13.54,13.53,13.52,13.51,13.5,13.49,13.48,13.47,13.57,13.58,13.59,13.6,13.61,13.62,13.63,13.64,13.65,13.66,4300,10800,10100,11300,11900,12000,26100,3300,9700,6500,11300,16100,13500,42500,37500,20900,33300,17700,19900,21300
3283.0,13.57,6353700,85312100.0,13.56,13.55,13.54,13.53,13.52,13.51,13.5,13.49,13.48,13.47,13.57,13.58,13.59,13.6,13.61,13.62,13.63,13.64,13.65,13.66,4600,10800,10100,11300,11900,12000,26100,3300,9700,6500,10600,16100,13500,42500,37500,20900,33300,17700,19900,21300
3284.0,13.56,6355400,85335153.0,13.56,13.55,13.54,13.53,13.52,13.51,13.5,13.49,13.48,13.47,13.57,13.58,13.59,13.6,13.61,13.62,13.63,13.64,13.65,13.66,3000,10800,10100,11300,11900,12000,26100,3300,9700,6500,10500,16100,13500,42500,37500,20900,33300,17700,19900,21300
3285.0,13.57,6360200,85400289.0,13.56,13.55,13.54,13.53,13.52,13.51,13.5,13.49,13.48,13.47,13.57,13.58,13.59,13.6,13.61,13.62,13.63,13.64,13.65,13.66,3000,10800,10100,11300,11900,12000,26100,3300,9700,6500,5700,16100,13500,42500,37500,20900,33300,17700,19900,21300
3286.0,13.56,6363800,85449111.0,13.55,13.54,13.53,13.52,13.51,13.5,13.49,13.48,13.47,13.46,13.56,13.57,13.58,13.59,13.6,13.61,13.62,13.63,13.64,13.65,10800,10100,11300,11900,12000,26100,3300,9700,6500,27700,2900,5100,16100,13500,42500,37500,20900,33300,17700,19900
3287.0,13.56,6364100,85453179.0,13.55,13.54,13.53,13.52,13.51,13.5,13.49,13.48,13.47,13.46,13.56,13.57,13.58,13.59,13.6,13.61,13.62,13.63,13.64,13.65,10800,10100,11300,11900,12000,26100,3300,9700,6500,27700,3000,5100,16100,13500,42500,37500,20900,33300,17700,19900
3288.0,13.56,6364100,85453179.0,13.55,13.54,13.53,13.52,13.51,13.5,13.49,13.48,13.47,13.46,13.56,13.57,13.58,13.59,13.6,13.61,13.62,13.63,13.64,13.65,10800,10100,11300,11900,12000,26100,3300,9700,6500,27700,3000,5100,16100,13500,42500,37500,20900,33300,17700,19900
3289.0,13.56,6366100,85480285.0,13.55,13.54,13.53,13.52,13.51,13.5,13.49,13.48,13.47,13.46,13.56,13.57,13.58,13.59,13.6,13.61,13.62,13.63,13.64,13.65,9400,10100,11300,11900,12000,26100,3300,9700,6500,27700,2400,5100,16100,13500,42500,37500,20900,33300,17700,19900
3290.0,13.56,6367200,85495201.0,13.55,13.54,13.53,13.52,13.51,13.5,13.49,13.48,13.47,13.46,13.56,13.57,13.58,13.59,13.6,13.61,13.62,13.63,13.64,13.65,9400,10100,11300,12200,12000,26100,3300,9700,6500,27700,1300,5100,16100,13500,42500,37500,20900,33300,17700,19900
3291.0,13.56,6368800,85516890.0,13.55,13.54,13.53,13.52,13.51,13.5,13.49,13.48,13.47,13.46,13.56,13.57,13.58,13.59,13.6,13.61,13.62,13.63,13.64,13.65,8700,10100,11300,12200,12000,26100,3300,9700,6500,27700,1800,7100,16100,13500,42600,37500,20900,33300,17700,19900
3292.0,13.56,6368800,85516890.0,13.55,13.54,13.53,13.52,13.51,13.5,13.49,13.48,13.47,13.46,13.56,13.57,13.58,13.59,13.6,13.61,13.62,13.63,13.64,13.65,8700,10100,11300,12200,12000,26100,3300,9700,6500,27700,1800,7100,16100,13500,42600,37500,20900,33300,15700,19900
3293.0,13.57,6377700,85637645.0,13.57,13.55,13.54,13.53,13.52,13.51,13.5,13.49,13.48,13.47,13.58,13.59,13.6,13.61,13.62,13.63,13.64,13.65,13.66,13.67,5100,8700,10100,11300,12200,12000,26100,3300,9700,6500,16100,13500,42600,38600,20900,33300,15700,19900,21300,1000
3294.0,13.57,6377700,85637645.0,13.57,13.55,13.54,13.53,13.52,13.51,13.5,13.49,13.48,13.47,13.58,13.59,13.6,13.61,13.62,13.63,13.64,13.65,13.66,13.67,5100,8700,9100,11300,12200,12000,26100,3300,9700,6500,16100,13500,42600,38600,20900,33300,15300,19900,21300,1000
3295.0,13.58,6378400,85647151.0,13.57,13.55,13.54,13.53,13.52,13.51,13.5,13.49,13.48,13.47,13.58,13.59,13.6,13.61,13.62,13.63,13.64,13.65,13.66,13.67,5100,10700,9100,11300,12200,12000,26100,3300,9700,6500,15400,13500,42600,38600,20900,33300,15300,19900,21300,1000
3296.0,13.58,6378700,85651225.0,13.57,13.55,13.54,13.53,13.52,13.51,13.5,13.49,13.48,13.47,13.58,13.59,13.6,13.61,13.62,13.63,13.64,13.65,13.66,13.67,5100,10700,9100,11300,12200,12000,26100,3300,9700,6500,10200,13500,42600,38600,20900,33300,15300,19900,21300,1000
3297.0,13.58,6378700,85651225.0,13.57,13.55,13.54,13.53,13.52,13.51,13.5,13.49,13.48,13.47,13.58,13.59,13.6,13.61,13.62,13.63,13.64,13.65,13.66,13.67,5100,10700,9100,11300,12200,12000,26100,3300,9700,6500,10200,13500,42600,38600,20900,33300,15300,19900,21300,1000
3298.0,13.58,6389700,85800597.0,13.58,13.57,13.55,13.54,13.53,13.52,13.51,13.5,13.49,13.48,13.59,13.6,13.61,13.62,13.63,13.64,13.65,13.66,13.67,13.68,10700,4800,10700,9100,11300,12200,12000,25700,3300,9700,13500,42100,38600,20900,33300,15300,19900,21300,1000,6500
3299.0,13.58,6389700,85800597.0,13.58,13.57,13.56,13.55,13.54,13.53,13.52,13.51,13.5,13.49,13.59,13.6,13.61,13.62,13.63,13.64,13.65,13.66,13.67,13.68,10800,4800,3100,10700,8800,11300,12200,12000,25700,3300,13500,42100,38600,20900,33300,15300,19900,21300,1000,6500
3300.0,13.58,6391400,85823683.0,13.58,13.57,13.56,13.55,13.54,13.53,13.52,13.51,13.5,13.49,13.59,13.6,13.61,13.62,13.63,13.64,13.65,13.66,13.67,13.68,9100,4800,3100,10700,8800,11300,12200,12000,25700,3300,13500,42100,38600,20900,33300,15300,19900,21300,1000,6500
3301.0,13.59,6392100,85833196.0,13.58,13.57,13.56,13.55,13.54,13.53,13.52,13.51,13.5,13.49,13.59,13.6,13.61,13.62,13.63,13.64,13.65,13.66,13.67,13.68,9100,4800,4100,10700,8800,11300,12200,12000,25700,3300,12800,42100,38600,20900,33300,15300,19900,21300,1000,6500
3302.0,13.59,6393200,85848136.0,13.58,13.57,13.56,13.55,13.54,13.53,13.52,13.51,13.5,13.49,13.59,13.6,13.61,13.62,13.63,13.64,13.65,13.66,13.67,13.68,8100,4800,4100,10700,8800,11300,12200,12000,25700,3300,12600,42100,38600,20900,33300,15300,19900,21300,1000,6500
3303.0,13.58,6393700,85854926.0,13.58,13.57,13.56,13.55,13.54,13.53,13.52,13.51,13.5,13.49,13.59,13.6,13.61,13.62,13.63,13.64,13.65,13.66,13.67,13.68,7600,4800,4100,10700,8800,11300,12200,12000,25700,3300,11100,42100,38600,20900,33300,15300,19900,21300,1000,6500
3304.0,13.59,6394400,85864439.0,13.58,13.57,13.56,13.55,13.54,13.53,13.52,13.51,13.5,13.49,13.59,13.6,13.61,13.62,13.63,13.64,13.65,13.66,13.67,13.68,7600,4800,4100,10700,7900,11300,12200,12000,25700,3300,9600,42100,38600,20900,33300,15300,19900,21300,1000,6500
3305.0,13.58,6398800,85924213.0,13.58,13.57,13.56,13.55,13.54,13.53,13.52,13.51,13.5,13.49,13.59,13.6,13.61,13.62,13.63,13.64,13.65,13.66,13.67,13.68,6100,4800,4100,12200,7900,11300,12200,12000,24200,3300,7400,42100,38600,20900,33300,15300,16200,21300,1000,6500
3306.0,13.58,6400500,85947306.0,13.58,13.57,13.56,13.55,13.54,13.53,13.52,13.51,13.5,13.49,13.59,13.6,13.61,13.62,13.63,13.64,13.65,13.66,13.67,13.68,5100,4800,4100,12200,7900,11300,12200,12000,24200,3300,6700,42100,38600,20900,33300,15300,16200,21300,1000,6500
3307.0,13.58,6400500,85947306.0,13.58,13.57,13.56,13.55,13.54,13.53,13.52,13.51,13.5,13.49,13.59,13.6,13.61,13.62,13.63,13.64,13.65,13.66,13.67,13.68,5100,5800,4100,12200,7900,11300,12200,12000,24200,3300,6700,42100,38600,20900,33300,15300,16200,21300,1000,7500
3308.0,13.58,6400500,85947306.0,13.58,13.57,13.56,13.55,13.54,13.53,13.52,13.51,13.5,13.49,13.59,13.6,13.61,13.62,13.63,13.64,13.65,13.66,13.67,13.68,5100,5800,4100,12200,7900,11300,12200,12000,24200,3300,6700,42100,38600,20900,33300,15700,16200,21300,1000,7500
3309.0,13.59,6401300,85958178.0,13.58,13.57,13.56,13.55,13.54,13.53,13.52,13.51,13.5,13.49,13.59,13.6,13.61,13.62,13.63,13.64,13.65,13.66,13.67,13.68,5400,5800,4100,12200,7900,11300,12200,12000,24200,3300,5900,42100,38600,20900,33300,15700,16200,21300,1000,7500
3310.0,13.59,6401400,85959537.0,13.58,13.57,13.56,13.55,13.54,13.53,13.52,13.51,13.5,13.49,13.59,13.6,13.61,13.62,13.63,13.64,13.65,13.66,13.67,13.68,5400,5800,4100,12200,7900,11300,12200,12000,24200,3300,5800,42100,38600,20900,33300,15700,16200,21300,1000,7500
3311.0,13.59,6402500,85974476.0,13.58,13.57,13.56,13.55,13.54,13.53,13.52,13.51,13.5,13.49,13.59,13.6,13.61,13.62,13.63,13.64,13.65,13.66,13.67,13.68,1900,5800,4100,12200,7900,12800,12200,12000,24200,3300,6700,42100,38600,20900,33300,15700,16200,21300,1000,7500
3312.0,13.59,6403800,85992143.0,13.58,13.57,13.56,13.55,13.54,13.53,13.52,13.51,13.5,13.49,13.59,13.6,13.61,13.62,13.63,13.64,13.65,13.66,13.67,13.68,1900,5800,4100,12200,7900,12800,12200,12000,24200,3300,6200,42100,38600,20900,33300,15700,16200,21300,1000,7500
3313.0,13.58,6403900,85993501.0,13.58,13.57,13.56,13.55,13.54,13.53,13.52,13.51,13.5,13.49,13.59,13.6,13.61,13.62,13.63,13.64,13.65,13.66,13.67,13.68,1800,5800,4100,12200,7900,12800,12200,12000,24200,3300,6200,42100,38600,20900,33300,15700,16200,21300,1000,7500
3314.0,13.58,6403900,85993501.0,13.58,13.57,13.56,13.55,13.54,13.53,13.52,13.51,13.5,13.49,13.59,13.6,13.61,13.62,13.63,13.64,13.65,13.66,13.67,13.68,2200,5800,4100,12200,7900,12800,12200,12000,24200,3300,11200,42100,38600,20900,33300,15700,16200,21300,1000,7500
3315.0,13.59,6404700,86004373.0,13.58,13.57,13.56,13.55,13.54,13.53,13.52,13.51,13.5,13.49,13.59,13.6,13.61,13.62,13.63,13.64,13.65,13.66,13.67,13.68,2200,5800,4100,12200,7900,12800,12200,12000,24200,3300,10400,42100,41300,20900,33300,15700,16200,21300,1000,7500
3316.0,13.59,6405400,86013886.0,13.58,13.57,13.56,13.55,13.54,13.53,13.52,13.51,13.5,13.49,13.59,13.6,13.61,13.62,13.63,13.64,13.65,13.66,13.67,13.68,2200,5800,4100,12200,7900,12800,12200,12000,24200,3300,9700,42100,41300,20900,33300,15700,16200,21300,1000,7500
3317.0,13.59,6406900,86034271.0,13.58,13.57,13.56,13.55,13.54,13.53,13.52,13.51,13.5,13.49,13.59,13.6,13.61,13.62,13.63,13.64,13.65,13.66,13.67,13.68,2200,5800,4600,12200,7900,12800,12200,12000,24200,3300,8400,42100,41300,20900,33300,15700,16200,21300,1000,7500
3318.0,13.59,6415700,86153859.0,13.59,13.58,13.57,13.56,13.55,13.54,13.53,13.52,13.51,13.5,13.6,13.61,13.62,13.63,13.64,13.65,13.66,13.67,13.68,13.69,20000,1800,5800,4600,12200,7900,12800,12200,12000,24200,42100,41300,20900,33300,15700,16200,21300,1000,7500,15100
3319.0,13.59,6421800,86236758.0,13.59,13.58,13.57,13.56,13.55,13.54,13.53,13.52,13.51,13.5,13.6,13.61,13.62,13.63,13.64,13.65,13.66,13.67,13.68,13.69,13900,1800,5800,4600,12200,7900,12800,12200,12000,24200,42100,41300,20900,33300,15700,16200,21300,1000,7500,15100
3320.0,13.59,6426400,86299304.0,13.59,13.58,13.57,13.56,13.55,13.54,13.53,13.52,13.51,13.5,13.6,13.61,13.62,13.63,13.64,13.65,13.66,13.67,13.68,13.69,20600,1800,5800,4600,12200,7900,12800,12200,12000,24200,38900,42200,20900,33300,15700,16200,21900,1000,7500,15100
3321.0,13.59,6426400,86299304.0,13.59,13.58,13.57,13.56,13.55,13.54,13.53,13.52,13.51,13.5,13.6,13.61,13.62,13.63,13.64,13.65,13.66,13.67,13.68,13.69,20800,1800,5800,4600,12200,7900,12800,12200,12000,24200,38900,42200,20900,33300,15700,16200,21900,1000,7500,15100
3322.0,13.59,6427800,86318330.0,13.59,13.58,13.57,13.56,13.55,13.54,13.53,13.52,13.51,13.5,13.6,13.61,13.62,13.63,13.64,13.65,13.66,13.67,13.68,13.69,19400,1800,5300,4600,12200,7900,12800,12200,12000,24200,38900,42200,20900,33300,15700,16200,21900,1000,7500,15100
3323.0,13.6,6428500,86327850.0,13.59,13.58,13.57,13.56,13.55,13.54,13.53,13.52,13.51,13.5,13.6,13.61,13.62,13.63,13.64,13.65,13.66,13.67,13.68,13.69,19400,1800,5300,4600,12200,7900,12800,12200,12000,24200,38200,42200,20900,33300,15700,16200,21900,1000,7500,15100
3324.0,13.6,6428500,86327850.0,13.59,13.58,13.57,13.56,13.55,13.54,13.53,13.52,13.51,13.5,13.6,13.61,13.62,13.63,13.64,13.65,13.66,13.67,13.68,13.69,19400,1800,5300,4600,12400,7900,12800,12200,12000,24200,38200,42200,20900,33300,15700,16200,21900,1000,7500,15100
3325.0,13.6,6428500,86327850.0,13.59,13.58,13.57,13.56,13.55,13.54,13.53,13.52,13.51,13.5,13.6,13.61,13.62,13.63,13.64,13.65,13.66,13.67,13.68,13.69,19400,1800,5300,4600,12400,7900,12800,12200,12000,24200,38200,42200,21000,33300,15700,16200,21900,1000,7500,15100
3326.0,13.6,6429000,86334650.0,13.59,13.58,13.57,13.56,13.55,13.54,13.53,13.52,13.51,13.5,13.6,13.61,13.62,13.63,13.64,13.65,13.66,13.67,13.68,13.69,19400,1800,4300,4600,12400,7900,12800,12200,12000,24200,37700,42200,21000,33300,15700,16200,21900,1000,7500,15100
3327.0,13.59,6431700,86371343.0,13.59,13.58,13.57,13.56,13.55,13.54,13.53,13.52,13.51,13.5,13.6,13.61,13.62,13.63,13.64,13.65,13.66,13.67,13.68,13.69,16700,1800,4300,4600,12400,7900,12800,12200,12000,24200,37700,42200,21000,33300,15700,16200,21900,1000,7500,15100
3328.0,13.59,6431700,86371343.0,13.59,13.58,13.57,13.56,13.55,13.54,13.53,13.52,13.51,13.5,13.6,13.61,13.62,13.63,13.64,13.65,13.66,13.67,13.68,13.69,16700,1800,4300,4600,12400,7900,12800,12200,12000,24200,37700,42200,21000,33300,15700,16200,21900,1000,7500,15100
3329.0,13.59,6431700,86371343.0,13.59,13.58,13.57,13.56,13.55,13.54,13.53,13.52,13.51,13.5,13.6,13.61,13.62,13.63,13.64,13.65,13.66,13.67,13.68,13.69,16700,1800,4300,4600,12400,7900,12800,12200,12000,24200,37700,42000,21000,33300,15700,16200,21900,1000,7500,15100
3330.0,13.59,6431700,86371343.0,13.59,13.58,13.57,13.56,13.55,13.54,13.53,13.52,13.51,13.5,13.6,13.61,13.62,13.63,13.64,13.65,13.66,13.67,13.68,13.69,16700,1800,4300,4600,12400,7900,12800,12200,12000,24200,37700,42000,21000,33300,15700,16200,21900,1000,7500,15100
3331.0,13.59,6432400,86380856.0,13.59,13.58,13.57,13.56,13.55,13.54,13.53,13.52,13.51,13.5,13.6,13.61,13.62,13.63,13.64,13.65,13.66,13.67,13.68,13.69,16000,1800,4300,4600,12400,7900,12800,12200,12000,24200,37700,42000,21000,33300,15700,16200,21900,1000,7500,15100
3332.0,13.6,6433300,86393096.0,13.59,13.58,13.57,13.56,13.55,13.54,13.53,13.52,13.51,13.5,13.6,13.61,13.62,13.63,13.64,13.65,13.66,13.67,13.68,13.69,16700,1800,4300,4600,12400,7900,12800,12200,12000,24200,38700,42000,21000,33300,15700,16200,21900,1000,7500,15100
3333.0,13.59,6434700,86412122.0,13.59,13.58,13.57,13.56,13.55,13.54,13.53,13.52,13.51,13.5,13.6,13.61,13.62,13.63,13.64,13.65,13.66,13.67,13.68,13.69,16100,1800,4300,4600,12400,7900,12800,12200,12000,24200,38700,42400,21000,33300,15700,16200,21900,1000,7500,15100
3334.0,13.59,6437300,86447464.0,13.59,13.58,13.57,13.56,13.55,13.54,13.53,13.52,13.51,13.5,13.6,13.61,13.62,13.63,13.64,13.65,13.66,13.67,13.68,13.69,14300,1800,4300,4600,12400,7900,12800,12200,12000,24200,38900,42400,21000,33300,15700,16200,21900,1000,7500,15100
3335.0,13.59,6438700,86466490.0,13.59,13.58,13.57,13.56,13.55,13.54,13.53,13.52,13.51,13.5,13.6,13.61,13.62,13.63,13.64,13.65,13.66,13.67,13.68,13.69,12900,1800,4300,4600,12400,7900,12800,12200,12000,24200,38900,42400,21000,33300,15700,16200,21900,1000,7500,15100
3336.0,13.6,6441000,86497770.0,13.59,13.58,13.57,13.56,13.55,13.54,13.53,13.52,13.51,13.5,13.6,13.61,13.62,13.63,13.64,13.65,13.66,13.67,13.68,13.69,13000,1800,4300,4600,12400,7900,12800,12200,12000,24200,36600,42400,21000,33300,15700,16200,21900,1000,7500,15100
3337.0,13.59,6444300,86542617.0,13.59,13.58,13.57,13.56,13.55,13.54,13.53,13.52,13.51,13.5,13.6,13.61,13.62,13.63,13.64,13.65,13.66,13.67,13.68,13.69,9300,1800,4300,4600,12400,7900,12800,12200,12000,24200,36600,42400,21000,33300,15800,16200,21900,1000,7500,15100
3338.0,13.6,6446700,86575257.0,13.59,13.58,13.57,13.56,13.55,13.54,13.53,13.52,13.51,13.5,13.6,13.61,13.62,13.63,13.64,13.65,13.66,13.67,13.68,13.69,9300,1800,4300,4600,12400,7900,12800,12200,12000,24200,34200,42400,21000,33300,15800,16200,21900,1000,7500,15100
3339.0,13.6,6446700,86575257.0,13.59,13.58,13.57,13.56,13.55,13.54,13.53,13.52,13.51,13.5,13.6,13.61,13.62,13.63,13.64,13.65,13.66,13.67,13.68,13.69,9300,1800,4300,4600,12400,7900,12800,12200,12000,24200,34200,42400,21000,33300,15800,16200,21900,1000,7500,15100
3340.0,13.6,6448100,86594290.0,13.59,13.58,13.57,13.56,13.55,13.54,13.53,13.52,13.51,13.5,13.6,13.61,13.62,13.63,13.64,13.65,13.66,13.67,13.68,13.69,8600,1800,4300,4600,12400,7900,14000,12200,12000,24200,33500,42400,21000,33300,15800,16200,21900,1000,7500,15100
3341.0,13.6,6452600,86655483.0,13.59,13.58,13.57,13.56,13.55,13.54,13.53,13.52,13.51,13.5,13.6,13.61,13.62,13.63,13.64,13.65,13.66,13.67,13.68,13.69,8300,1800,4300,4600,12400,7900,14000,12200,12000,24200,29700,42400,21000,33300,15800,16200,21900,1000,7500,15100
3342.0,13.6,6452600,86655483.0,13.59,13.58,13.57,13.56,13.55,13.54,13.53,13.52,13.51,13.5,13.6,13.61,13.62,13.63,13.64,13.65,13.66,13.67,13.68,13.69,8300,1800,4300,4600,12400,7900,14000,12200,12000,24200,29700,42400,21000,33300,15800,16200,21900,1000,7500,15100
3343.0,13.59,6453300,86664996.0,13.59,13.58,13.57,13.56,13.55,13.54,13.53,13.52,13.51,13.5,13.6,13.61,13.62,13.63,13.64,13.65,13.66,13.67,13.68,13.69,7600,1800,4300,4600,12400,7900,14000,12200,12000,24200,29700,42400,21000,33300,15800,16200,21900,1000,7500,15100
3344.0,13.6,6470400,86897542.0,13.59,13.58,13.57,13.56,13.55,13.54,13.53,13.52,13.51,13.5,13.6,13.61,13.62,13.63,13.64,13.65,13.66,13.67,13.68,13.69,8700,1800,4300,4600,12400,7900,14000,12200,12000,24200,14000,42400,21000,33300,15800,16200,21900,1000,7500,15100
3345.0,13.6,6470600,86900262.0,13.59,13.58,13.57,13.56,13.55,13.54,13.53,13.52,13.51,13.5,13.6,13.61,13.62,13.63,13.64,13.65,13.66,13.67,13.68,13.69,8700,2300,4300,4600,12400,7900,14000,12200,12000,24200,13800,42400,21000,33300,15800,16200,21900,1000,7500,15100
3346.0,13.6,6473300,86936975.0,13.59,13.58,13.57,13.56,13.55,13.54,13.53,13.52,13.51,13.5,13.6,13.61,13.62,13.63,13.64,13.65,13.66,13.67,13.68,13.69,8000,2300,4300,4600,12400,7900,14000,12200,12000,24200,11800,42400,22000,24800,15800,16200,21900,1000,7500,15100
3347.0,13.6,6475100,86961455.0,13.59,13.58,13.57,13.56,13.55,13.54,13.53,13.52,13.51,13.5,13.6,13.61,13.62,13.63,13.64,13.65,13.66,13.67,13.68,13.69,8000,2300,4300,4600,12400,7900,14000,12200,12000,24200,10000,42400,22000,24800,15800,16200,21900,1000,7500,15100
3348.0,13.6,6476600,86981848.0,13.59,13.58,13.57,13.56,13.55,13.54,13.53,13.52,13.51,13.5,13.6,13.61,13.62,13.63,13.64,13.65,13.66,13.67,13.68,13.69,7300,2300,4300,4600,12400,7900,14000,12200,12000,24200,9700,42400,22000,24800,15800,16200,21900,1000,7500,15100
3349.0,13.59,6477300,86991361.0,13.59,13.58,13.57,13.56,13.55,13.54,13.53,13.52,13.51,13.5,13.6,13.61,13.62,13.63,13.64,13.65,13.66,13.67,13.68,13.69,6600,2300,4300,4600,12400,7900,14000,12200,12000,22700,10100,42400,22000,24800,15800,16200,21900,1000,7500,15100
3350.0,13.59,6477600,86995438.0,13.59,13.58,13.57,13.56,13.55,13.54,13.53,13.52,13.51,13.5,13.6,13.61,13.62,13.63,13.64,13.65,13.66,13.67,13.68,13.69,6400,10200,4300,4600,12400,7900,14000,12200,12000,22700,10100,42400,22000,24800,15800,16200,21900,1000,7500,15100
3351.0,13.6,6487800,87134156.0,13.59,13.58,13.57,13.56,13.55,13.54,13.53,13.52,13.51,13.5,13.6,13.61,13.62,13.63,13.64,13.65,13.66,13.67,13.68,13.69,6200,10200,4300,4600,12400,7900,14000,12200,12000,22700,100,42400,22000,24800,15800,16200,21900,1000,7500,15100
3352.0,13.61,6489200,87153197.0,13.59,13.58,13.57,13.56,13.55,13.54,13.53,13.52,13.51,13.5,13.61,13.62,13.63,13.64,13.65,13.66,13.67,13.68,13.69,13.7,5600,10200,4300,4600,12400,7900,14000,12200,12000,22700,41700,22000,24800,15800,16200,21900,1000,7500,15100,17400
3353.0,13.61,6496400,87251189.0,13.6,13.59,13.58,13.57,13.56,13.55,13.54,13.53,13.52,13.51,13.61,13.62,13.63,13.64,13.65,13.66,13.67,13.68,13.69,13.7,2400,6300,10200,4300,4600,12400,7900,14000,12200,12000,35200,22000,24800,15800,16200,21900,1000,7500,15100,17400
3354.0,13.61,6498600,87281111.0,13.6,13.59,13.58,13.57,13.56,13.55,13.54,13.53,13.52,13.51,13.61,13.62,13.63,13.64,13.65,13.66,13.67,13.68,13.69,13.7,2800,6300,10200,4300,4600,12400,7900,14000,12200,12000,35000,22000,24800,15800,16200,21900,1000,7500,15100,17400
3355.0,13.61,6501000,87313771.0,13.6,13.59,13.58,13.57,13.56,13.55,13.54,13.53,13.52,13.51,13.61,13.62,13.63,13.64,13.65,13.66,13.67,13.68,13.69,13.7,3100,6300,10200,4000,1500,12400,7900,14000,12200,12000,33000,22000,24800,15800,16200,21900,1000,7500,15100,17400
3356.0,13.6,6501800,87324651.0,13.6,13.59,13.58,13.57,13.56,13.55,13.54,13.53,13.52,13.51,13.61,13.62,13.63,13.64,13.65,13.66,13.67,13.68,13.69,13.7,8300,6300,10200,4300,1500,12400,7900,14000,12200,12000,33000,22000,24800,15800,16200,21900,1000,7500,15100,17400
3357.0,13.61,6513900,87489332.0,13.6,13.59,13.58,13.57,13.56,13.55,13.54,13.53,13.52,13.51,13.61,13.62,13.63,13.64,13.65,13.66,13.67,13.68,13.69,13.7,8300,10100,10200,4300,1500,12400,7900,14000,12200,12000,20900,22000,24800,15800,16200,21900,1000,7500,15100,17400
3358.0,13.63,6564600,88179714.0,13.6,13.59,13.58,13.57,13.56,13.55,13.54,13.53,13.52,13.51,13.63,13.64,13.65,13.66,13.67,13.68,13.69,13.7,13.71,13.72,10700,10100,9300,4300,1500,12400,7900,14000,12200,12000,17700,15800,16200,21900,1000,7500,15100,17400,1900,5900
3359.0,13.61,6564700,88181075.0,13.61,13.6,13.59,13.58,13.57,13.56,13.55,13.54,13.53,13.52,13.63,13.64,13.65,13.66,13.67,13.68,13.69,13.7,13.71,13.72,8900,15200,10100,9300,4300,1500,12400,7900,14000,12200,22600,15800,16200,21900,1000,7500,15100,17400,1900,5900
3360.0,13.63,6565000,88185162.0,13.61,13.6,13.59,13.58,13.57,13.56,13.55,13.54,13.53,13.52,13.63,13.64,13.65,13.66,13.67,13.68,13.69,13.7,13.71,13.72,8800,16700,10100,9300,4300,1500,12400,7900,14000,12200,22400,15800,16200,21900,1000,7500,15100,17400,1900,5900
3361.0,13.63,6565800,88196052.0,13.61,13.6,13.59,13.58,13.57,13.56,13.55,13.54,13.53,13.52,13.63,13.64,13.65,13.66,13.67,13.68,13.69,13.7,13.71,13.72,14000,16700,10100,9300,4300,1500,12400,7900,14000,12200,22300,15800,16200,21900,1000,7500,15100,17400,1900,5900
3362.0,13.63,6577300,88352783.0,13.61,13.6,13.59,13.58,13.57,13.56,13.55,13.54,13.53,13.52,13.63,13.64,13.65,13.66,13.67,13.68,13.69,13.7,13.71,13.72,11400,17000,10100,9300,4300,1500,12400,7900,14000,12200,14100,15800,16200,21900,1000,7500,15100,17400,1900,5900
3363.0,13.63,6578600,88370502.0,13.61,13.6,13.59,13.58,13.57,13.56,13.55,13.54,13.53,13.52,13.63,13.64,13.65,13.66,13.67,13.68,13.69,13.7,13.71,13.72,11400,17000,10100,9300,4300,1500,12400,7900,14000,12200,12800,15800,16200,21900,1000,7500,15100,17400,1900,5900
3364.0,13.63,6583600,88438638.0,13.62,13.61,13.6,13.59,13.58,13.57,13.56,13.55,13.54,13.53,13.63,13.64,13.65,13.66,13.67,13.68,13.69,13.7,13.71,13.72,200,11400,17000,10100,9300,4300,1500,12400,7900,14000,8500,15800,16200,21900,1000,7500,15100,17400,1900,5900
3365.0,13.63,6590200,88528596.0,13.62,13.61,13.6,13.59,13.58,13.57,13.56,13.55,13.54,13.53,13.63,13.64,13.65,13.66,13.67,13.68,13.69,13.7,13.71,13.72,600,12900,17000,9900,9300,4300,1500,12400,7900,14000,3400,15800,16200,21900,1000,7500,15100,17400,1900,5900
3366.0,13.64,6597500,88628132.0,13.63,13.62,13.61,13.6,13.59,13.58,13.57,13.56,13.55,13.54,13.64,13.65,13.66,13.67,13.68,13.69,13.7,13.71,13.72,13.73,6200,500,12900,17000,9900,9300,4300,1500,12400,7900,12000,16200,21900,1000,7500,15100,17400,1900,5900,1300
3367.0,13.64,6602800,88700417.0,13.63,13.62,13.61,13.6,13.59,13.58,13.57,13.56,13.55,13.54,13.64,13.65,13.66,13.67,13.68,13.69,13.7,13.71,13.72,13.73,5500,500,11400,17000,9900,9300,4300,1500,12400,7900,7400,16200,21900,1000,7500,15100,17400,1900,5900,1300
3368.0,13.64,6607000,88757705.0,13.63,13.62,13.61,13.6,13.59,13.58,13.57,13.56,13.55,13.54,13.64,13.65,13.66,13.67,13.68,13.69,13.7,13.71,13.72,13.73,5500,500,11400,17000,9900,9300,4300,1500,12400,5900,4100,16200,21900,1000,7500,15100,17400,1900,5900,1300
3369.0,13.65,6611900,88824539.0,13.64,13.63,13.62,13.61,13.6,13.59,13.58,13.57,13.56,13.55,13.65,13.66,13.67,13.68,13.69,13.7,13.71,13.72,13.73,13.74,2900,6000,500,11400,16200,9900,9300,4300,1500,12400,15900,21900,1000,7500,15100,17400,1900,5900,1300,200
3370.0,13.64,6613400,88844999.0,13.64,13.63,13.62,13.61,13.6,13.59,13.58,13.57,13.56,13.55,13.65,13.66,13.67,13.68,13.69,13.7,13.71,13.72,13.73,13.74,4100,6000,500,11400,16200,9900,9000,4300,1500,12400,15900,21900,1000,7500,15100,17400,1900,5900,1300,200
3371.0,13.64,6613400,88844999.0,13.64,13.63,13.62,13.61,13.6,13.59,13.58,13.57,13.56,13.55,13.65,13.66,13.67,13.68,13.69,13.7,13.71,13.72,13.73,13.74,14100,6000,500,11400,16100,9900,9000,4300,1500,12400,15900,21900,1000,8400,15100,17400,1900,5900,1300,200
3372.0,13.64,6618000,88907784.0,13.64,13.63,13.62,13.61,13.6,13.59,13.58,13.57,13.56,13.55,13.65,13.66,13.67,13.68,13.69,13.7,13.71,13.72,13.73,13.74,23600,6000,500,11400,16100,9900,9000,4300,1500,12400,11800,21900,1000,8300,15100,17400,1900,5900,1300,200
3373.0,13.65,6620300,88939172.0,13.64,13.63,13.62,13.61,13.6,13.59,13.58,13.57,13.56,13.55,13.65,13.66,13.67,13.68,13.69,13.7,13.71,13.72,13.73,13.74,22900,1000,500,11400,16100,9900,9000,4300,1500,12400,10800,21900,1000,8300,15100,17400,1900,5900,1300,200
3374.0,13.65,6627000,89030627.0,13.64,13.63,13.62,13.61,13.6,13.59,13.58,13.57,13.56,13.55,13.65,13.66,13.67,13.68,13.69,13.7,13.71,13.72,13.73,13.74,23200,1000,500,11400,16100,9900,9000,4300,1500,12400,4100,21900,1000,8300,15100,17400,1900,5900,1300,200
3375.0,13.65,6631100,89086592.0,13.65,13.64,13.63,13.62,13.61,13.6,13.59,13.58,13.57,13.56,13.66,13.67,13.68,13.69,13.7,13.71,13.72,13.73,13.74,13.75,8500,24000,2300,500,10700,16100,9900,9000,4300,1500,21900,1000,8300,15100,17400,1900,5900,1300,200,5500
3376.0,13.66,6632300,89102977.0,13.65,13.64,13.63,13.62,13.61,13.6,13.59,13.58,13.57,13.56,13.66,13.67,13.68,13.69,13.7,13.71,13.72,13.73,13.74,13.75,10100,22800,2300,500,10700,16100,9900,9000,4300,1500,20400,1000,8300,15100,17400,1900,5900,1300,200,5500
3377.0,13.65,6634400,89131642.0,13.65,13.64,13.63,13.62,13.61,13.6,13.59,13.58,13.57,13.56,13.66,13.67,13.68,13.69,13.7,13.71,13.72,13.73,13.74,13.75,9800,22800,2300,400,10700,16100,9900,9000,4300,1500,20400,1000,8300,15100,17400,1900,5900,1300,200,5500
3378.0,13.65,6636400,89158942.0,13.65,13.64,13.63,13.62,13.61,13.6,13.59,13.58,13.57,13.56,13.66,13.67,13.68,13.69,13.7,13.71,13.72,13.73,13.74,13.75,11000,22800,2300,400,10700,16100,9900,9000,4300,1500,20400,1000,8500,15100,16400,1900,5900,1300,200,5500
3379.0,13.66,6640100,89209464.0,13.65,13.64,13.63,13.62,13.61,13.6,13.59,13.58,13.57,13.56,13.66,13.67,13.68,13.69,13.7,13.71,13.72,13.73,13.74,13.75,15400,23100,2300,400,9800,16100,9900,9000,4300,1500,18700,1000,8500,15100,18200,1900,5900,1300,200,5500
3380.0,13.66,6645700,89285960.0,13.65,13.64,13.63,13.62,13.61,13.6,13.59,13.58,13.57,13.56,13.66,13.67,13.68,13.69,13.7,13.71,13.72,13.73,13.74,13.75,19400,22100,2300,400,9800,16100,6100,9000,4300,1500,13100,1000,8500,15100,18300,1900,5900,1300,200,5500
3381.0,13.66,6656200,89429385.0,13.65,13.64,13.63,13.62,13.61,13.6,13.59,13.58,13.57,13.56,13.66,13.67,13.68,13.69,13.7,13.71,13.72,13.73,13.74,13.75,21900,22100,1300,400,9800,16100,6100,9000,4300,1500,3100,1000,8500,15100,18300,1900,5900,1300,200,5500
3382.0,13.66,6657100,89441672.0,13.65,13.64,13.63,13.62,13.61,13.6,13.59,13.58,13.57,13.56,13.66,13.67,13.68,13.69,13.7,13.71,13.72,13.73,13.74,13.75,21200,22100,1300,400,9800,16100,6100,9000,4300,1500,2900,1000,8500,15100,18300,1900,5900,1300,200,5500
3383.0,13.66,6665400,89555128.0,13.66,13.65,13.64,13.63,13.62,13.61,13.6,13.59,13.58,13.57,13.68,13.69,13.7,13.71,13.72,13.73,13.74,13.75,13.76,13.77,6200,21500,22100,1300,400,9800,16100,6100,9000,4300,5100,15100,18300,1900,5900,1300,200,5500,7600,2100
3384.0,13.66,6669800,89615252.0,13.66,13.65,13.64,13.63,13.62,13.61,13.6,13.59,13.58,13.57,13.68,13.69,13.7,13.71,13.72,13.73,13.74,13.75,13.76,13.77,7300,20000,22100,1300,400,9800,16100,6100,9000,4300,7300,15100,18300,1900,5900,1300,200,5500,7600,2100
3385.0,13.68,6670900,89630286.0,13.67,13.66,13.65,13.64,13.63,13.62,13.61,13.6,13.59,13.58,13.68,13.69,13.7,13.71,13.72,13.73,13.74,13.75,13.76,13.77,800,9900,20000,22100,1300,400,9800,16100,6100,9000,10200,15100,18300,1900,5900,1300,200,5500,7600,2100
3386.0,13.68,6670900,89630286.0,13.67,13.66,13.65,13.64,13.63,13.62,13.61,13.6,13.59,13.58,13.68,13.69,13.7,13.71,13.72,13.73,13.74,13.75,13.76,13.77,10300,21700,18300,22100,1300,400,9800,16100,5700,9000,10200,15100,18300,1900,5900,1300,200,5500,7600,2100
3387.0,13.68,6670900,89630286.0,13.67,13.66,13.65,13.64,13.63,13.62,13.61,13.6,13.59,13.58,13.68,13.69,13.7,13.71,13.72,13.73,13.74,13.75,13.76,13.77,13800,25400,16000,22100,1300,400,9800,16600,5700,9000,10200,15100,18300,1900,5900,1300,200,5500,7600,2100
3388.0,13.67,6672000,89645323.0,13.67,13.66,13.65,13.64,13.63,13.62,13.61,13.6,13.59,13.58,13.68,13.69,13.7,13.71,13.72,13.73,13.74,13.75,13.76,13.77,12700,25800,17000,22100,1300,400,9800,16600,5700,9000,10200,15100,18300,1900,5900,1300,200,5500,7600,2100
3389.0,13.68,6676300,89704126.0,13.67,13.66,13.65,13.64,13.63,13.62,13.61,13.6,13.59,13.58,13.68,13.69,13.7,13.71,13.72,13.73,13.74,13.75,13.76,13.77,10600,33300,17000,22100,1300,400,9800,16600,5700,9000,8000,15100,18300,1900,5900,1300,200,5500,7600,2100
3390.0,13.68,6676300,89704126.0,13.67,13.66,13.65,13.64,13.63,13.62,13.61,13.6,13.59,13.58,13.68,13.69,13.7,13.71,13.72,13.73,13.74,13.75,13.76,13.77,10600,32300,17000,22100,1300,400,9800,16600,3200,14000,8000,15100,18300,1900,5900,1300,200,5500,7600,2100
3391.0,13.68,6681100,89769781.0,13.67,13.66,13.65,13.64,13.63,13.62,13.61,13.6,13.59,13.58,13.68,13.69,13.7,13.71,13.72,13.73,13.74,13.75,13.76,13.77,9700,32300,17500,21300,1300,400,9800,17400,3200,14000,5900,16200,18300,1900,5900,1300,200,5500,7600,2100
3392.0,13.69,6689900,89890162.0,13.68,13.67,13.66,13.65,13.64,13.63,13.62,13.61,13.6,13.59,13.69,13.7,13.71,13.72,13.73,13.74,13.75,13.76,13.77,13.78,3100,9000,32100,17000,21300,1300,400,9800,17400,3200,15800,18300,1900,5900,1300,200,5500,7600,2100,9700
3393.0,13.69,6689900,89890162.0,13.68,13.67,13.66,13.65,13.64,13.63,13.62,13.61,13.6,13.59,13.69,13.7,13.71,13.72,13.73,13.74,13.75,13.76,13.77,13.78,3500,7500,25600,17000,21300,1300,400,9800,17400,3200,15800,18300,1900,5900,1300,200,5500,7600,2100,9700
3394.0,13.67,6715300,90237880.0,13.68,13.67,13.66,13.65,13.64,13.63,13.62,13.61,13.6,13.59,13.69,13.7,13.71,13.72,13.73,13.74,13.75,13.76,13.77,13.78,3700,7100,19100,17000,20800,1300,400,9800,17400,3200,8100,14400,1900,5900,1300,200,5500,7600,2100,9700
3395.0,13.69,6715800,90244721.0,13.68,13.67,13.66,13.65,13.64,13.63,13.62,13.61,13.6,13.59,13.69,13.7,13.71,13.72,13.73,13.74,13.75,13.76,13.77,13.78,5500,7100,19100,17000,20800,1300,400,4300,17400,3200,8000,15400,1900,5900,1300,200,5500,7600,2100,9700
3396.0,13.69,6717300,90265256.0,13.68,13.67,13.66,13.65,13.64,13.63,13.61,13.6,13.59,13.58,13.69,13.7,13.71,13.72,13.73,13.74,13.75,13.76,13.77,13.78,19800,7100,18900,17000,20800,1300,4300,18400,3200,14000,6500,15400,1900,5900,1300,200,5500,7600,2100,9700
3397.0,13.68,6733300,90484146.0,13.68,13.67,13.66,13.65,13.64,13.63,13.61,13.6,13.59,13.58,13.69,13.7,13.71,13.72,13.73,13.74,13.75,13.76,13.77,13.78,7300,7100,18000,17000,20800,1300,4300,18400,3200,14000,5500,15400,1900,6100,1300,200,5500,7600,2100,9700
3398.0,13.68,6734100,90495090.0,13.68,13.67,13.66,13.65,13.64,13.63,13.61,13.6,13.59,13.58,13.69,13.7,13.71,13.72,13.73,13.74,13.75,13.76,13.77,13.78,20600,7100,18000,17000,20800,1300,4300,18400,3200,14000,5500,15400,1900,6100,1300,200,5500,7600,1100,9700
3399.0,13.68,6736300,90525186.0,13.68,13.67,13.66,13.65,13.64,13.63,13.61,13.6,13.59,13.58,13.69,13.7,13.71,13.72,13.73,13.74,13.75,13.76,13.77,13.78,22200,7100,16900,17000,20600,1300,4300,18400,3200,14000,5500,15400,1900,6100,1300,200,5500,7600,1100,9700
3400.0,13.68,6756500,90801536.0,13.68,13.67,13.66,13.65,13.64,13.63,13.61,13.6,13.59,13.58,13.69,13.7,13.71,13.72,13.73,13.74,13.75,13.76,13.77,13.78,3700,7100,16900,16100,20600,1300,4300,18400,3200,14000,4100,15400,1900,6100,1300,200,5500,7600,1100,9700
3401.0,13.69,6757800,90819330.0,13.68,13.67,13.66,13.65,13.64,13.63,13.61,13.6,13.59,13.58,13.69,13.7,13.71,13.72,13.73,13.74,13.75,13.76,13.77,13.78,3400,7100,16900,15400,10600,1300,4300,18400,3200,14000,3100,15400,1900,6100,1300,200,5500,7600,1100,9700
3402.0,13.69,6764400,90909684.0,13.69,13.68,13.67,13.66,13.65,13.64,13.63,13.61,13.6,13.59,13.7,13.71,13.72,13.73,13.74,13.75,13.76,13.77,13.78,13.79,400,5600,5100,16900,12300,10600,1300,4300,18400,3200,15400,1900,6100,1300,200,6000,7600,1100,9700,15900
3403.0,13.7,6779800,91120478.0,13.68,13.67,13.66,13.65,13.64,13.63,13.61,13.6,13.59,13.58,13.7,13.71,13.72,13.73,13.74,13.75,13.76,13.77,13.78,13.79,7500,5100,16900,11500,10600,1300,4300,18400,3200,6100,11100,1900,6100,1300,200,6000,7600,1100,9700,15900
3404.0,13.69,6784500,91184820.0,13.68,13.67,13.66,13.65,13.64,13.63,13.61,13.6,13.59,13.58,13.69,13.7,13.71,13.72,13.73,13.74,13.75,13.76,13.77,13.78,11000,5100,16900,11600,10600,1300,4300,18400,3200,6100,4300,14700,1900,6100,1300,200,6000,7600,1100,9700
3405.0,13.69,6787700,91228628.0,13.68,13.67,13.66,13.65,13.64,13.63,13.61,13.6,13.59,13.58,13.69,13.7,13.71,13.72,13.73,13.74,13.75,13.76,13.77,13.78,11000,5100,16900,11600,10600,1300,4300,18400,3200,6100,16800,14700,1900,6100,1300,200,6000,7600,1100,9700
3406.0,13.69,6791400,91279274.0,13.68,13.67,13.66,13.65,13.64,13.63,13.61,13.6,13.59,13.58,13.69,13.7,13.71,13.72,13.73,13.74,13.75,13.76,13.77,13.78,14100,5100,16900,11600,10600,1300,4300,18100,3200,6100,13800,15100,1900,6100,1300,200,6000,7600,1100,9700
3407.0,13.68,6808400,91511862.0,13.67,13.66,13.65,13.64,13.63,13.61,13.6,13.59,13.58,13.57,13.68,13.69,13.7,13.71,13.72,13.73,13.74,13.75,13.76,13.77,5100,16900,11600,10600,1300,4300,18100,3200,6100,4300,800,11000,22900,1900,6100,1300,200,6000,7600,1100
3408.0,13.67,6809600,91528266.0,13.67,13.66,13.65,13.64,13.63,13.61,13.6,13.59,13.58,13.57,13.68,13.69,13.7,13.71,13.72,13.73,13.74,13.75,13.76,13.77,3900,16900,10900,10600,1300,4300,18100,3200,6100,4300,9500,11000,22900,1900,6100,1300,200,6000,7600,1100
3409.0,13.68,6817200,91632195.0,13.66,13.65,13.64,13.63,13.61,13.6,13.59,13.58,13.57,13.56,13.68,13.69,13.7,13.71,13.72,13.73,13.74,13.75,13.76,13.77,16900,10900,10600,1300,4300,18100,3200,6100,4300,1500,5800,11400,22900,1900,6100,1300,200,6000,7600,1100
3410.0,13.67,6880700,92501456.0,13.66,13.65,13.64,13.63,13.61,13.6,13.59,13.58,13.57,13.56,13.67,13.68,13.69,13.7,13.71,13.72,13.73,13.74,13.75,13.76,16200,10900,10600,1300,4300,18100,3200,6100,4300,1500,200,6000,1000,2500,1900,7800,1300,7100,6000,7600
3411.0,13.68,6885300,92564354.0,13.67,13.66,13.65,13.64,13.63,13.61,13.6,13.59,13.58,13.57,13.68,13.69,13.7,13.71,13.72,13.73,13.74,13.75,13.76,13.77,2000,14800,10900,10600,1300,4300,18100,3200,6100,4300,3600,1000,2500,1900,7800,1300,7100,6000,7600,1100
3412.0,13.68,6886400,92579402.0,13.67,13.66,13.65,13.64,13.63,13.61,13.6,13.59,13.58,13.57,13.68,13.69,13.7,13.71,13.72,13.73,13.74,13.75,13.76,13.77,2000,14800,10900,10600,1300,4300,18100,3200,6100,4300,2500,1000,2500,1900,7800,1300,7100,6000,7600,1100
3413.0,13.68,6889700,92624542.0,13.68,13.67,13.66,13.65,13.64,13.63,13.61,13.6,13.59,13.58,13.69,13.7,13.71,13.72,13.73,13.74,13.75,13.76,13.77,13.78,500,6300,14800,10900,10600,1300,4300,18100,3200,6100,4000,2500,1900,7800,1300,7100,6000,7600,1100,10500
3414.0,13.68,6890500,92635486.0,13.68,13.67,13.66,13.65,13.64,13.63,13.61,13.6,13.59,13.58,13.69,13.7,13.71,13.72,13.73,13.74,13.75,13.76,13.77,13.78,2500,6800,14800,10900,10600,1300,4300,14900,3200,6100,4000,2500,1900,7800,1300,7100,6000,7600,2100,10500
3415.0,13.67,6899200,92754456.0,13.67,13.66,13.65,13.64,13.63,13.61,13.6,13.59,13.58,13.57,13.68,13.69,13.7,13.71,13.72,13.73,13.74,13.75,13.76,13.77,1400,14800,10900,10600,1300,4300,14900,3200,6100,4300,8900,3200,3400,5800,7800,1300,7100,6000,7600,2100
3416.0,13.68,6909500,92895359.0,13.68,13.67,13.66,13.65,13.64,13.63,13.62,13.61,13.6,13.59,13.69,13.7,13.71,13.72,13.73,13.74,13.75,13.76,13.77,13.78,1100,1300,14800,10100,10600,1300,300,4300,14900,3200,3200,3700,5800,7800,1300,7100,6000,7600,2100,10500
3417.0,13.69,6917700,93007540.0,13.68,13.67,13.66,13.65,13.64,13.63,13.62,13.61,13.6,13.59,13.69,13.7,13.71,13.72,13.73,13.74,13.75,13.76,13.77,13.78,1200,1300,14800,10100,10600,1300,300,4300,14900,3200,2700,3700,5800,7800,1300,7100,6000,7600,2100,10500
3418.0,13.67,6923100,93081412.0,13.66,13.65,13.64,13.63,13.62,13.61,13.6,13.59,13.58,13.57,13.67,13.69,13.7,13.71,13.72,13.73,13.74,13.75,13.76,13.77,14800,10100,10600,1300,300,4300,14900,3200,6100,4300,5800,1100,3700,5800,7800,1300,7100,6000,7600,2100
3419.0,13.68,6930700,93185308.0,13.68,13.67,13.66,13.65,13.64,13.63,13.62,13.61,13.6,13.59,13.69,13.7,13.71,13.72,13.73,13.74,13.75,13.76,13.77,13.78,8800,4000,14100,10100,10600,1300,300,4300,14900,3200,1500,3700,5800,7800,1300,7100,6000,7600,2100,10500
3420.0,13.68,6932400,93208564.0,13.68,13.67,13.66,13.65,13.64,13.63,13.62,13.61,13.6,13.59,13.69,13.7,13.71,13.72,13.73,13.74,13.75,13.76,13.77,13.78,10000,9000,14100,10100,10300,1300,300,4300,14900,3200,4500,4100,5800,7800,1300,7100,6000,7600,2100,10500
3421.0,13.68,6935800,93255076.0,13.68,13.67,13.66,13.65,13.64,13.63,13.62,13.61,13.6,13.59,13.69,13.7,13.71,13.72,13.73,13.74,13.75,13.76,13.77,13.78,9300,9000,14100,10100,10300,1300,300,4300,14900,3200,4500,4100,5800,7800,1300,7100,6000,7600,2100,10500
3422.0,13.67,6949200,93438385.0,13.67,13.66,13.65,13.64,13.63,13.62,13.61,13.6,13.59,13.58,13.68,13.69,13.7,13.71,13.72,13.73,13.74,13.75,13.76,13.77,8700,14200,9600,10300,1300,300,4300,14900,3200,6100,500,6700,17100,5800,7800,1300,7900,6000,10600,2100
3423.0,13.67,6950600,93457523.0,13.67,13.66,13.65,13.64,13.63,13.62,13.61,13.6,13.59,13.58,13.68,13.69,13.7,13.71,13.72,13.73,13.74,13.75,13.76,13.77,7300,14200,9600,10300,1300,300,4300,14900,3200,6100,900,6700,17100,5800,7800,1300,7900,6400,10600,2100
3424.0,13.67,6967300,93685735.0,13.66,13.65,13.64,13.63,13.62,13.61,13.6,13.59,13.58,13.57,13.67,13.68,13.69,13.7,13.71,13.72,13.73,13.74,13.75,13.76,6500,9600,10300,1300,300,4300,14900,3200,6100,4300,2600,3900,6700,17100,5800,7800,1300,7900,6400,10600
3425.0,13.67,6968500,93702133.0,13.66,13.65,13.64,13.63,13.62,13.61,13.6,13.59,13.58,13.57,13.67,13.68,13.69,13.7,13.71,13.72,13.73,13.74,13.75,13.76,5900,9600,10300,1300,300,4300,14900,3200,6100,4300,2000,4900,4500,17400,5800,7800,1300,7900,6400,10600
3426.0,13.68,6975100,93792386.0,13.66,13.65,13.64,13.63,13.62,13.61,13.6,13.59,13.58,13.57,13.68,13.69,13.7,13.71,13.72,13.73,13.74,13.75,13.76,13.77,5900,9600,10300,1300,300,4300,14900,3200,6100,4300,2800,4500,17400,5800,7800,1300,7900,6400,10600,2100
3427.0,13.68,6976100,93806056.0,13.67,13.66,13.65,13.64,13.63,13.62,13.61,13.6,13.59,13.58,13.68,13.69,13.7,13.71,13.72,13.73,13.74,13.75,13.76,13.77,2000,8400,9600,10300,1300,300,4300,14900,3200,6100,5300,8500,17400,5800,7800,1400,7900,6400,10600,2100
3428.0,13.68,6981600,93881294.0,13.68,13.67,13.66,13.65,13.64,13.63,13.62,13.61,13.6,13.59,13.69,13.7,13.71,13.72,13.73,13.74,13.75,13.76,13.77,13.78,4100,2000,8400,9600,10300,1300,300,4300,14900,3200,10700,18400,5800,7800,1900,7900,6400,10600,2100,13200
3429.0,13.68,6981600,93881294.0,13.68,13.67,13.66,13.65,13.64,13.63,13.62,13.61,13.6,13.59,13.69,13.7,13.71,13.72,13.73,13.74,13.75,13.76,13.77,13.78,4100,2300,8000,9600,10300,1300,300,4300,14900,3200,10700,18400,5800,7800,1900,7900,6400,10600,2100,13200
3430.0,13.68,6993000,94037358.0,13.68,13.67,13.66,13.65,13.64,13.63,13.62,13.61,13.6,13.59,13.7,13.71,13.72,13.73,13.74,13.75,13.76,13.77,13.78,13.79,7500,3200,8000,9600,10300,1300,300,4300,14900,3200,18400,5800,7800,1900,7900,6400,10600,2100,13200,15900
3431.0,13.68,7000500,94139992.0,13.68,13.67,13.66,13.65,13.64,13.63,13.62,13.61,13.6,13.59,13.7,13.71,13.72,13.73,13.74,13.75,13.76,13.77,13.78,13.79,2200,3200,8000,7800,10300,1300,300,4300,14900,3200,19800,5800,7800,1900,7900,6500,10600,2100,13200,15900
3432.0,13.68,7000700,94142728.0,13.68,13.67,13.66,13.65,13.64,13.63,13.62,13.61,13.6,13.59,13.7,13.71,13.72,13.73,13.74,13.75,13.76,13.77,13.78,13.79,14000,3400,10700,7800,10300,1300,300,4300,14900,3200,27300,5800,7800,1900,7900,6500,10600,2100,13200,15900
3433.0,13.7,7015100,94339722.0,13.67,13.66,13.65,13.64,13.63,13.62,13.61,13.6,13.59,13.58,13.7,13.71,13.72,13.73,13.74,13.75,13.76,13.77,13.78,13.79,6000,10700,7800,10300,1300,300,4300,14900,3200,5900,27200,5800,7800,1900,7900,6500,10600,2100,13200,15900
3434.0,13.7,7018700,94388966.0,13.68,13.67,13.66,13.65,13.64,13.63,13.62,13.61,13.6,13.59,13.7,13.71,13.72,13.73,13.74,13.75,13.76,13.77,13.78,13.79,7600,6700,10700,7800,10300,1300,300,4300,14900,3200,29300,5800,7800,1900,7900,6500,10600,2100,13200,15900
3435.0,13.68,7023800,94458815.0,13.68,13.67,13.66,13.65,13.64,13.63,13.62,13.61,13.6,13.59,13.7,13.71,13.72,13.73,13.74,13.75,13.76,13.77,13.78,13.79,16200,6700,10700,7800,10300,1300,300,4300,14900,3200,32700,5800,7800,1900,7900,6500,10600,2100,13200,15900
3436.0,13.7,7027600,94510841.0,13.68,13.67,13.66,13.65,13.64,13.63,13.62,13.61,13.6,13.59,13.7,13.71,13.72,13.73,13.74,13.75,13.76,13.77,13.78,13.79,17600,6700,10700,7800,10300,1300,300,4300,14900,3200,33700,6800,7800,1900,7900,6500,10600,2100,13200,15900
3437.0,13.7,7041200,94697149.0,13.68,13.67,13.66,13.65,13.64,13.63,13.62,13.61,13.6,13.59,13.7,13.71,13.72,13.73,13.74,13.75,13.76,13.77,13.78,13.79,18700,6700,10700,7800,10300,1300,300,4300,14900,3200,21100,6800,7800,1900,7900,8600,10600,2100,13200,15900
3438.0,13.7,7041200,94697149.0,13.68,13.67,13.66,13.65,13.64,13.63,13.62,13.61,13.6,13.59,13.69,13.7,13.71,13.72,13.73,13.74,13.75,13.76,13.77,13.78,34900,6700,10700,7800,10300,1300,300,4300,14900,3200,400,31700,6800,7800,1900,7900,8600,10600,2100,13200
3439.0,13.7,7042400,94713571.0,13.68,13.67,13.66,13.65,13.64,13.63,13.62,13.61,13.6,13.59,13.69,13.7,13.71,13.72,13.73,13.74,13.75,13.76,13.77,13.78,34500,9100,11200,7800,10300,1300,300,4300,14900,3200,1000,31600,6800,7800,1900,7900,8600,10600,2100,13200
3440.0,13.68,7047400,94782001.0,13.68,13.67,13.66,13.65,13.64,13.63,13.62,13.61,13.6,13.59,13.7,13.71,13.72,13.73,13.74,13.75,13.76,13.77,13.78,13.79,33800,10000,11200,7800,10300,1300,300,4300,14900,3200,31600,6800,7800,1900,7900,8600,10600,2100,13200,15900
3441.0,13.68,7049100,94805257.0,13.68,13.67,13.66,13.65,13.64,13.63,13.62,13.61,13.6,13.59,13.7,13.71,13.72,13.73,13.74,13.75,13.76,13.77,13.78,13.79,35300,10000,11200,7700,10300,1300,300,4300,14900,3200,35000,6800,7800,1900,7900,8600,10600,2100,13200,15900
3442.0,13.7,7054400,94877827.0,13.68,13.67,13.66,13.65,13.64,13.63,13.62,13.61,13.6,13.59,13.7,13.71,13.72,13.73,13.74,13.75,13.76,13.77,13.78,13.79,33300,10000,11200,7700,10300,1300,300,4300,14900,3200,31700,6800,7800,1900,7900,8600,10600,2100,13100,15900
3443.0,13.69,7056300,94903840.0,13.68,13.67,13.66,13.65,13.64,13.63,13.62,13.61,13.6,13.59,13.69,13.7,13.71,13.72,13.73,13.74,13.75,13.76,13.77,13.78,44100,10000,10600,7700,10300,1300,300,4300,14900,3200,2800,43300,6800,7800,1900,7900,8600,10600,2100,13100
3444.0,13.7,7070300,95095612.0,13.68,13.67,13.66,13.65,13.64,13.62,13.61,13.6,13.59,13.58,13.69,13.7,13.71,13.72,13.73,13.74,13.75,13.76,13.77,13.78,44300,10000,10600,7700,10300,300,4300,14900,3200,900,200,32100,6800,7800,1900,7900,8600,10600,2100,13100
3445.0,13.68,7072400,95124340.0,13.68,13.67,13.66,13.65,13.64,13.62,13.61,13.6,13.59,13.58,13.69,13.7,13.71,13.72,13.73,13.74,13.75,13.76,13.77,13.78,47300,10000,10600,7700,10300,300,4300,14900,3200,900,200,32100,6800,7800,1900,7900,8600,10600,2100,13100
3446.0,13.69,7072700,95128446.0,13.69,13.68,13.67,13.66,13.65,13.64,13.62,13.61,13.6,13.59,13.7,13.71,13.72,13.73,13.74,13.75,13.76,13.77,13.78,13.79,100,47200,10000,10600,7900,10300,300,4300,14900,3200,33300,6800,7800,1900,7900,8600,10600,2100,13100,15900
3447.0,13.69,7072700,95128446.0,13.69,13.68,13.67,13.66,13.65,13.64,13.62,13.61,13.6,13.59,13.7,13.71,13.72,13.73,13.74,13.75,13.76,13.77,13.78,13.79,400,47200,10000,13000,7900,10300,300,4300,14900,3200,34800,6800,7800,1900,7900,8600,10600,2100,13100,15900
3448.0,13.68,7074100,95147610.0,13.68,13.67,13.66,13.65,13.64,13.62,13.61,13.6,13.59,13.58,13.7,13.71,13.72,13.73,13.74,13.75,13.76,13.77,13.78,13.79,46600,10000,12500,7900,10300,300,4300,14900,3200,900,34400,6800,7800,2200,7900,8800,10600,2100,13100,15900
3449.0,13.7,7083100,95270910.0,13.69,13.68,13.67,13.66,13.65,13.64,13.62,13.61,13.6,13.59,13.7,13.71,13.72,13.73,13.74,13.75,13.76,13.77,13.78,13.79,5100,46600,10000,13900,7900,10300,300,4300,8900,3200,25400,6800,7800,2200,7900,8800,10600,2100,13100,15900
3450.0,13.7,7097000,95461340.0,13.69,13.68,13.67,13.66,13.65,13.64,13.62,13.61,13.6,13.59,13.7,13.71,13.72,13.73,13.74,13.75,13.76,13.77,13.78,13.79,5100,46600,10000,13900,7900,10300,300,4300,8900,3200,11500,6800,7800,2200,16400,8800,10600,2100,13100,15900
3451.0,13.7,7102400,95535315.0,13.69,13.68,13.67,13.66,13.65,13.64,13.62,13.61,13.6,13.59,13.7,13.71,13.72,13.73,13.74,13.75,13.76,13.77,13.78,13.79,2600,46600,9900,13900,7900,10300,300,4300,8900,3200,6700,6800,7800,2200,16400,8800,10600,2100,13100,15900
3452.0,13.7,7103900,95555865.0,13.69,13.68,13.67,13.66,13.65,13.64,13.62,13.61,13.6,13.59,13.7,13.71,13.72,13.73,13.74,13.75,13.76,13.77,13.78,13.79,2600,46600,9900,13900,7900,10300,300,4300,8900,3200,12200,6800,17800,2200,16400,8800,10600,2100,14200,15900
3453.0,13.7,7108000,95612035.0,13.69,13.68,13.67,13.66,13.65,13.64,13.62,13.61,13.6,13.59,13.7,13.71,13.72,13.73,13.74,13.75,13.76,13.77,13.78,13.79,2600,46600,9900,13900,7900,10300,300,4300,8900,3200,8100,6800,17800,2200,16400,8800,10600,2100,12100,15900
3454.0,13.69,7108200,95614773.0,13.69,13.68,13.67,13.66,13.65,13.64,13.62,13.61,13.6,13.59,13.7,13.71,13.72,13.73,13.74,13.75,13.76,13.77,13.78,13.79,2400,46600,9900,13900,8600,10300,300,4300,8900,3200,8100,7300,17800,2200,16400,8800,10600,2100,12100,15900
3455.0,13.7,7108700,95621623.0,13.69,13.68,13.67,13.66,13.65,13.64,13.62,13.61,13.6,13.59,13.7,13.71,13.72,13.73,13.74,13.75,13.76,13.77,13.78,13.79,2400,46400,9000,13900,8600,10300,300,4300,8900,3200,7800,12300,17800,2200,16400,10000,10600,2100,12100,15900
3456.0,13.69,7109500,95632575.0,13.69,13.68,13.67,13.66,13.65,13.64,13.62,13.61,13.6,13.59,13.7,13.71,13.72,13.73,13.74,13.75,13.76,13.77,13.78,13.79,1600,46400,9000,13900,8600,10300,300,4300,8900,3200,7800,12300,17800,2200,17100,10100,10600,2100,11500,15900
3457.0,13.7,7111300,95657219.0,13.68,13.67,13.66,13.65,13.64,13.62,13.61,13.6,13.59,13.58,13.7,13.71,13.72,13.73,13.74,13.75,13.76,13.77,13.78,13.79,47600,9000,13900,8600,10300,300,4300,8900,3200,900,7600,15000,17800,2400,17300,10100,10600,2100,11500,15900
3458.0,13.7,7111300,95657219.0,13.68,13.67,13.66,13.65,13.64,13.62,13.61,13.6,13.59,13.58,13.7,13.71,13.72,13.73,13.74,13.75,13.76,13.77,13.78,13.79,47300,9000,13900,8600,10300,300,4300,8900,3200,900,9800,15000,22200,2400,17300,10100,10600,2100,11500,15900
3459.0,13.7,7116900,95733925.0,13.68,13.67,13.66,13.65,13.64,13.62,13.61,13.6,13.59,13.58,13.7,13.71,13.72,13.73,13.74,13.75,13.76,13.77,13.78,13.79,44800,9000,13900,8600,10300,300,4300,8900,3200,900,4900,24100,23000,2400,17300,9700,8500,2100,12500,15900
3460.0,13.7,7130000,95913449.0,13.68,13.67,13.66,13.65,13.64,13.62,13.61,13.6,13.59,13.58,13.7,13.71,13.72,13.73,13.74,13.75,13.76,13.77,13.78,13.79,44800,9000,13900,8600,10300,300,4300,8900,3200,900,4900,25400,23000,2400,17300,9700,8800,2100,12500,15900
3461.0,13.71,7157600,96291767.0,13.68,13.67,13.66,13.65,13.64,13.62,13.61,13.6,13.59,13.58,13.71,13.72,13.73,13.74,13.75,13.76,13.77,13.78,13.79,13.8,47000,9000,13900,8600,10300,300,4300,8900,3200,900,5800,34700,2400,17300,9700,8800,2100,12500,15900,67300
3462.0,13.72,7170900,96474100.0,13.7,13.68,13.67,13.66,13.65,13.64,13.62,13.61,13.6,13.59,13.72,13.73,13.74,13.75,13.76,13.77,13.78,13.79,13.8,13.81,200,51800,9000,13400,8600,300,300,4300,8900,3200,33500,2400,17300,9700,8800,2100,12500,15900,67300,300
3463.0,13.72,7172900,96501537.0,13.7,13.68,13.67,13.66,13.65,13.64,13.62,13.61,13.6,13.59,13.72,13.73,13.74,13.75,13.76,13.77,13.78,13.79,13.8,13.81,200,51800,9000,13400,8600,300,300,4300,8900,3200,31900,2400,17300,9700,8800,2100,12500,15900,67300,300
3464.0,13.72,7172900,96501537.0,13.7,13.69,13.68,13.67,13.66,13.65,13.64,13.62,13.61,13.6,13.71,13.72,13.73,13.74,13.75,13.76,13.77,13.78,13.79,13.8,3400,400,51800,9000,13400,8600,300,300,4300,8900,100,35900,2400,17300,9700,8800,2100,12500,15900,65300
3465.0,13.72,7178300,96575608.0,13.7,13.69,13.68,13.67,13.66,13.65,13.64,13.62,13.61,13.6,13.72,13.73,13.74,13.75,13.76,13.77,13.78,13.79,13.8,13.81,3100,400,51800,9000,13400,7600,300,300,4300,8900,49100,2400,20000,9700,8800,2100,12500,15900,65300,300
3466.0,13.72,7178400,96576980.0,13.7,13.69,13.68,13.67,13.66,13.65,13.64,13.62,13.61,13.6,13.72,13.73,13.74,13.75,13.76,13.77,13.78,13.79,13.8,13.81,9900,400,51800,9000,13400,7600,300,300,4300,8900,51400,2400,20000,10200,8800,2100,9500,15900,65300,300
3467.0,13.7,7180300,96603010.0,13.7,13.69,13.68,13.67,13.66,13.65,13.64,13.62,13.61,13.6,13.72,13.73,13.74,13.75,13.76,13.77,13.78,13.79,13.8,13.81,18900,400,51800,9000,13400,7600,300,300,4300,8900,52600,2400,20000,10200,8800,2100,9500,15900,65300,300
3468.0,13.72,7184400,96659248.0,13.7,13.69,13.68,13.67,13.66,13.65,13.64,13.62,13.61,13.6,13.72,13.73,13.74,13.75,13.76,13.77,13.78,13.79,13.8,13.81,18300,400,51800,9000,13400,7600,300,300,4300,8900,54200,2400,20000,10200,8800,2100,9500,15900,65300,300
3469.0,13.72,7186000,96681200.0,13.7,13.69,13.68,13.67,13.66,13.65,13.64,13.62,13.61,13.6,13.72,13.73,13.74,13.75,13.76,13.77,13.78,13.79,13.8,13.81,21100,400,47800,9000,13400,7600,300,300,4300,8900,54900,2400,20400,10200,8800,2100,9500,15900,65300,300
3470.0,13.72,7187900,96707254.0,13.7,13.69,13.68,13.67,13.66,13.65,13.64,13.62,13.61,13.6,13.72,13.73,13.74,13.75,13.76,13.77,13.78,13.79,13.8,13.81,13700,400,47800,9000,13400,7600,300,300,4300,8900,53700,6400,21300,10200,8800,2100,9500,15900,65300,300
3471.0,13.72,7189300,96726448.0,13.7,13.69,13.68,13.67,13.66,13.65,13.64,13.62,13.61,13.6,13.72,13.73,13.74,13.75,13.76,13.77,13.78,13.79,13.8,13.81,19900,400,47800,9000,13400,7600,300,300,4300,8900,53000,6900,20500,12300,8800,2100,9500,15900,65300,300
3472.0,13.72,7197800,96843068.0,13.7,13.69,13.68,13.67,13.66,13.65,13.64,13.62,13.61,13.6,13.71,13.72,13.73,13.74,13.75,13.76,13.77,13.78,13.79,13.8,23200,400,47800,9000,13400,7600,300,300,4300,8900,3500,55800,10300,20500,12300,8800,2100,9500,15900,65300
3473.0,13.71,7200400,96878705.0,13.7,13.69,13.68,13.67,13.66,13.65,13.64,13.62,13.61,13.6,13.71,13.72,13.73,13.74,13.75,13.76,13.77,13.78,13.79,13.8,22300,400,47800,9000,13400,7600,300,300,4300,8900,1800,51900,10300,20500,12300,8800,2100,10500,15900,65300
3474.0,13.72,7215100,97080337.0,13.71,13.7,13.69,13.68,13.67,13.66,13.65,13.64,13.62,13.61,13.72,13.73,13.74,13.75,13.76,13.77,13.78,13.79,13.8,13.81,600,20500,400,48100,9000,13400,7600,300,300,4300,43500,11800,21000,12300,8800,2100,10500,15900,65300,400
3475.0,13.71,7216600,97100911.0,13.7,13.69,13.68,13.67,13.66,13.65,13.64,13.62,13.61,13.6,13.72,13.73,13.74,13.75,13.76,13.77,13.78,13.79,13.8,13.81,20500,400,48100,9000,13400,7600,300,300,4300,8900,42600,11800,21400,11500,8800,5400,10500,15900,65300,400
3476.0,13.72,7224100,97203811.0,13.7,13.69,13.68,13.67,13.66,13.65,13.64,13.62,13.61,13.6,13.72,13.73,13.74,13.75,13.76,13.77,13.78,13.79,13.8,13.81,20500,400,48100,9000,13400,7600,300,300,4300,8900,35100,13800,21400,11500,8800,5400,10500,15900,65300,400
3477.0,13.72,7226200,97232595.0,13.7,13.69,13.68,13.67,13.66,13.65,13.64,13.62,13.61,13.6,13.72,13.73,13.74,13.75,13.76,13.77,13.78,13.79,13.8,13.81,21400,400,48100,9000,13400,7600,300,300,4300,8900,36700,13800,21400,11700,8800,5400,10500,15900,65300,400
3478.0,13.72,7231900,97310763.0,13.7,13.69,13.68,13.67,13.66,13.65,13.64,13.62,13.61,13.6,13.72,13.73,13.74,13.75,13.76,13.77,13.78,13.79,13.8,13.81,19600,400,48100,9000,13400,7600,300,300,4300,8900,40900,14800,21400,11700,8800,5400,10500,15900,65400,1800
3479.0,13.72,7235700,97362899.0,13.71,13.7,13.69,13.68,13.67,13.66,13.65,13.64,13.62,13.61,13.72,13.73,13.74,13.75,13.76,13.77,13.78,13.79,13.8,13.81,200,20600,400,48100,9000,13400,7600,300,300,4300,39300,16000,23000,11700,8800,5400,10500,15900,65400,1800
3480.0,13.72,7235700,97362899.0,13.71,13.7,13.69,13.68,13.67,13.66,13.65,13.64,13.62,13.61,13.72,13.73,13.74,13.75,13.76,13.77,13.78,13.79,13.8,13.81,200,22800,400,48100,9000,13400,7600,300,300,4300,39500,21000,23000,11700,8800,5400,10500,15900,65400,1800
3481.0,13.72,7237700,97390339.0,13.71,13.7,13.69,13.68,13.67,13.66,13.65,13.64,13.62,13.61,13.72,13.73,13.74,13.75,13.76,13.77,13.78,13.79,13.8,13.81,200,22800,400,48100,9000,13400,7600,300,300,4300,43400,24500,23000,11700,8800,5400,10500,15900,66300,1800
3482.0,13.72,7248900,97544003.0,13.71,13.7,13.69,13.68,13.67,13.66,13.65,13.64,13.62,13.61,13.72,13.73,13.74,13.75,13.76,13.77,13.78,13.79,13.8,13.81,200,21700,400,48100,9000,13400,9600,300,300,4300,32200,31500,23200,11700,8800,5400,10500,15900,66300,1800
3483.0,13.72,7253300,97604371.0,13.71,13.7,13.69,13.68,13.67,13.66,13.65,13.64,13.62,13.61,13.72,13.73,13.74,13.75,13.76,13.77,13.78,13.79,13.8,13.81,200,21700,400,48100,9000,13400,9600,300,300,4300,27900,34400,23200,11700,8800,5400,10500,15900,66300,1800
3484.0,13.7,7273400,97879768.0,13.7,13.69,13.68,13.67,13.66,13.65,13.64,13.62,13.61,13.6,13.71,13.72,13.73,13.74,13.75,13.76,13.77,13.78,13.79,13.8,4300,400,48100,9000,13400,9600,300,300,4300,8900,1700,27900,34400,23200,11700,8800,5900,10500,15900,66300
3485.0,13.71,7274100,97889365.0,13.7,13.69,13.68,13.67,13.66,13.65,13.64,13.62,13.61,13.6,13.71,13.72,13.73,13.74,13.75,13.76,13.77,13.78,13.79,13.8,4300,400,48100,9000,13400,9600,300,300,4300,8900,1000,28700,34900,23200,11900,8800,5900,10500,15900,66300
3486.0,13.69,7279000,97956493.0,13.68,13.67,13.66,13.65,13.64,13.62,13.61,13.6,13.59,13.58,13.69,13.71,13.72,13.73,13.74,13.75,13.76,13.77,13.78,13.79,48100,9000,13400,9600,300,300,4300,8900,3200,900,2100,800,29700,34900,23200,11900,8800,5900,10500,15900
3487.0,13.69,7279300,97960600.0,13.68,13.67,13.66,13.65,13.64,13.62,13.61,13.6,13.59,13.58,13.69,13.71,13.72,13.73,13.74,13.75,13.76,13.77,13.78,13.79,48100,9000,13400,9600,300,300,4300,8900,3200,900,1800,800,31200,35900,23500,11900,8800,5900,10500,15900
3488.0,13.69,7281100,97985242.0,13.7,13.68,13.67,13.66,13.65,13.64,13.62,13.61,13.6,13.59,13.71,13.72,13.73,13.74,13.75,13.76,13.77,13.78,13.79,13.8,5000,48100,10200,13400,9600,300,300,4300,8900,3200,800,31200,35900,23500,12100,8800,5900,10500,15900,66300
3489.0,13.7,7289400,98098991.0,13.7,13.68,13.67,13.66,13.65,13.64,13.62,13.61,13.6,13.59,13.71,13.72,13.73,13.74,13.75,13.76,13.77,13.78,13.79,13.8,600,48100,10200,13400,9600,300,300,4300,8900,3200,6500,34400,35900,23500,12100,9300,5900,10500,15900,66300
3490.0,13.71,7291300,98125040.0,13.7,13.68,13.67,13.66,13.65,13.64,13.62,13.61,13.6,13.59,13.71,13.72,13.73,13.74,13.75,13.76,13.77,13.78,13.79,13.8,600,48100,10200,13400,9600,300,300,4300,8900,3200,4600,34600,35900,23900,12100,9300,5400,10500,15900,66300
3491.0,13.71,7291300,98125040.0,13.7,13.68,13.67,13.66,13.65,13.64,13.62,13.61,13.6,13.59,13.71,13.72,13.73,13.74,13.75,13.76,13.77,13.78,13.79,13.8,600,48100,10200,13400,9600,300,300,4300,8900,3200,4600,34600,36400,23900,12100,9300,5400,10500,15900,66300
3492.0,13.7,7291900,98133260.0,13.68,13.67,13.66,13.65,13.64,13.62,13.61,13.6,13.59,13.58,13.69,13.71,13.72,13.73,13.74,13.75,13.76,13.77,13.78,13.79,48100,10200,13400,9600,300,300,4300,8900,3200,900,700,4600,34600,36500,23900,12100,9300,5400,10500,15900
3493.0,13.69,7292000,98134629.0,13.68,13.67,13.66,13.65,13.64,13.62,13.61,13.6,13.59,13.58,13.69,13.71,13.72,13.73,13.74,13.75,13.76,13.77,13.78,13.79,48100,10200,13400,9600,300,300,4300,8900,3200,900,600,4600,34600,36500,23900,12100,9300,5400,10500,15900
3494.0,13.68,7292700,98144205.0,13.68,13.67,13.66,13.65,13.64,13.62,13.61,13.6,13.59,13.58,13.69,13.71,13.72,13.73,13.74,13.75,13.76,13.77,13.78,13.79,47400,10200,13300,9600,300,300,4300,8900,3200,900,600,4600,34600,36500,23900,12100,9300,5400,10500,15900
3495.0,13.68,7292700,98144205.0,13.68,13.67,13.66,13.65,13.64,13.62,13.61,13.6,13.59,13.58,13.69,13.7,13.71,13.72,13.73,13.74,13.75,13.76,13.77,13.78,47400,10200,13300,9800,300,300,4300,8900,3200,900,600,300,4600,34600,36500,23900,12100,9300,5400,10500
3496.0,13.68,7295000,98175681.0,13.68,13.67,13.66,13.65,13.64,13.62,13.61,13.6,13.59,13.58,13.7,13.71,13.72,13.73,13.74,13.75,13.76,13.77,13.78,13.79,46000,10200,13300,9800,300,300,4300,8900,6100,900,1500,4600,34600,39500,23000,12200,9300,5400,10500,15900
3497.0,13.68,7300600,98252303.0,13.68,13.67,13.66,13.65,13.64,13.62,13.61,13.6,13.59,13.58,13.7,13.71,13.72,13.73,13.74,13.75,13.76,13.77,13.78,13.79,41100,10200,13300,9800,300,300,4300,8900,6100,900,800,4600,34600,40500,23000,12200,9300,5900,10500,15900
3498.0,13.68,7305900,98324807.0,13.68,13.67,13.66,13.65,13.64,13.62,13.61,13.6,13.59,13.58,13.7,13.71,13.72,13.73,13.74,13.75,13.76,13.77,13.78,13.79,35800,6100,13300,9800,300,300,4300,8900,6100,900,800,4600,34600,40500,23000,12200,9300,5900,10500,15900
3499.0,13.68,7306500,98333015.0,13.68,13.67,13.66,13.65,13.64,13.62,13.61,13.6,13.59,13.58,13.7,13.71,13.72,13.73,13.74,13.75,13.76,13.77,13.78,13.79,36900,6100,13300,9800,300,300,4300,8900,6100,900,2500,4600,35500,40500,23000,12200,9300,5900,10500,15900
3500.0,13.68,7307900,98352167.0,13.68,13.67,13.66,13.65,13.64,13.62,13.61,13.6,13.59,13.58,13.7,13.71,13.72,13.73,13.74,13.75,13.76,13.77,13.78,13.79,35500,6100,13300,9800,300,300,4300,8900,6100,900,2600,4600,35500,40500,22600,12300,9300,5900,10500,15900
3501.0,13.7,7308900,98365853.0,13.69,13.68,13.67,13.66,13.65,13.64,13.62,13.61,13.6,13.59,13.7,13.71,13.72,13.73,13.74,13.75,13.76,13.77,13.78,13.79,3900,34800,6100,13300,9800,300,300,4300,8900,6100,8100,4600,35600,40500,22600,12300,9300,5900,10500,15900
3502.0,13.7,7310300,98385033.0,13.69,13.68,13.67,13.66,13.65,13.64,13.62,13.61,13.6,13.59,13.7,13.71,13.72,13.73,13.74,13.75,13.76,13.77,13.78,13.79,3900,36400,6100,13100,9800,300,300,4300,8900,6100,8900,4600,36600,40500,22600,12300,9300,5900,10500,15900
3503.0,13.69,7310400,98386402.0,13.69,13.68,13.67,13.66,13.65,13.64,13.62,13.61,13.6,13.59,13.7,13.71,13.72,13.73,13.74,13.75,13.76,13.77,13.78,13.79,3800,36600,6100,13100,9800,300,300,4300,8900,6100,13900,4600,36600,40500,22600,12300,9300,5900,10500,15900
3504.0,13.69,7311000,98394616.0,13.69,13.68,13.67,13.66,13.65,13.64,13.62,13.61,13.6,13.59,13.7,13.71,13.72,13.73,13.74,13.75,13.76,13.77,13.78,13.79,3200,36600,6100,14100,9800,300,300,4300,8900,6100,13900,4600,36600,40500,22600,12300,9300,5900,10500,15900
3505.0,13.69,7313900,98434317.0,13.69,13.68,13.67,13.66,13.65,13.64,13.62,13.61,13.6,13.59,13.7,13.71,13.72,13.73,13.74,13.75,13.76,13.77,13.78,13.79,300,37300,6100,14100,9800,300,300,3900,8900,6100,14600,4600,36600,40500,22600,12300,9300,5900,10500,15900
3506.0,13.7,7320600,98526010.0,13.68,13.67,13.66,13.65,13.64,13.62,13.61,13.6,13.59,13.58,13.7,13.71,13.72,13.73,13.74,13.75,13.76,13.77,13.78,13.79,32600,6100,13800,10000,300,300,3900,8900,6100,900,12900,4600,36600,40500,23600,12300,9300,5900,10500,15900
3507.0,13.7,7324300,98576686.0,13.68,13.67,13.66,13.65,13.64,13.62,13.61,13.6,13.59,13.58,13.7,13.71,13.72,13.73,13.74,13.75,13.76,13.77,13.78,13.79,33500,6100,13800,10000,300,300,3900,8900,6100,900,12500,4600,36600,40500,23600,12300,9300,5900,10500,15900
3508.0,13.7,7324300,98576686.0,13.68,13.67,13.66,13.65,13.64,13.62,13.61,13.6,13.59,13.58,13.69,13.7,13.71,13.72,13.73,13.74,13.75,13.76,13.77,13.78,33500,6100,13800,10000,300,300,3900,8900,6100,900,600,13000,4600,36600,40500,23600,12300,9300,5900,10500
3509.0,13.68,7339400,98783254.0,13.68,13.67,13.66,13.65,13.64,13.62,13.61,13.6,13.59,13.58,13.69,13.7,13.71,13.72,13.73,13.74,13.75,13.76,13.77,13.78,19100,8000,13800,10000,300,300,3900,8900,6100,900,600,14000,4600,39200,40500,23700,12300,9300,5900,10500
3510.0,13.68,7340100,98792830.0,13.68,13.67,13.66,13.65,13.64,13.62,13.61,13.6,13.59,13.58,13.69,13.7,13.71,13.72,13.73,13.74,13.75,13.76,13.77,13.78,18400,8000,13800,10000,300,300,3900,8900,6100,900,1000,14800,4600,39200,40500,23700,12300,9300,5900,10600
3511.0,13.69,7340400,98796937.0,13.68,13.67,13.66,13.65,13.64,13.62,13.61,13.6,13.59,13.58,13.69,13.7,13.71,13.72,13.73,13.74,13.75,13.76,13.77,13.78,18500,8000,13800,10000,300,300,3900,8900,6100,900,2800,16800,4600,39200,40500,23700,12300,9300,5900,10600
3512.0,13.69,7343800,98843451.0,13.68,13.67,13.66,13.65,13.64,13.62,13.61,13.6,13.59,13.58,13.69,13.7,13.71,13.72,13.73,13.74,13.75,13.76,13.77,13.78,15300,8700,13800,10000,300,300,3900,8900,6100,900,2600,16800,4600,40000,40500,22100,12300,9300,5900,10600
3513.0,13.68,7346000,98873552.0,13.68,13.67,13.66,13.65,13.64,13.62,13.61,13.6,13.59,13.58,13.69,13.7,13.71,13.72,13.73,13.74,13.75,13.76,13.77,13.78,13600,8700,13800,10000,300,300,3900,8900,6100,900,2100,16800,4600,40000,40500,22100,12300,9300,5900,10600
3514.0,13.69,7346400,98879028.0,13.68,13.67,13.66,13.65,13.64,13.62,13.61,13.6,13.59,13.58,13.69,13.7,13.71,13.72,13.73,13.74,13.75,13.76,13.77,13.78,13600,8700,13800,10000,300,300,3900,8900,6100,900,1700,17300,4600,40000,40500,22600,12300,9300,5900,10600
3515.0,13.68,7350500,98935116.0,13.68,13.67,13.66,13.65,13.64,13.62,13.61,13.6,13.59,13.58,13.69,13.7,13.71,13.72,13.73,13.74,13.75,13.76,13.77,13.78,10000,8700,13800,10000,300,300,3900,8900,6100,900,1700,17600,4600,40000,40500,22600,12300,9300,5900,10600
3516.0,13.69,7351400,98947430.0,13.68,13.67,13.66,13.65,13.64,13.62,13.61,13.6,13.59,13.58,13.69,13.7,13.71,13.72,13.73,13.74,13.75,13.76,13.77,13.78,9300,8700,13800,8000,300,300,3900,8900,6100,900,1500,17600,4600,40500,40500,22600,12300,9300,5900,10600
3517.0,13.68,7357600,99032246.0,13.68,13.67,13.66,13.65,13.64,13.62,13.61,13.6,13.59,13.58,13.69,13.7,13.71,13.72,13.73,13.74,13.75,13.76,13.77,13.78,3100,8700,14800,8000,300,400,3900,8900,6100,900,1500,17600,4600,40500,40400,22600,12300,9300,5900,10600
3518.0,13.68,7357600,99032246.0,13.68,13.67,13.66,13.65,13.64,13.62,13.61,13.6,13.59,13.58,13.69,13.7,13.71,13.72,13.73,13.74,13.75,13.76,13.77,13.78,3100,8700,15800,8000,300,400,3900,8900,6100,900,1500,17600,4600,40900,40400,22600,12300,9300,5900,10600
3519.0,13.68,7358000,99037718.0,13.68,13.67,13.66,13.65,13.64,13.62,13.61,13.6,13.59,13.58,13.69,13.7,13.71,13.72,13.73,13.74,13.75,13.76,13.77,13.78,2700,8700,15800,8000,300,400,3900,8900,6100,900,1500,17600,4600,40900,40400,23600,12300,9300,5900,10600
3520.0,13.68,7358200,99040454.0,13.68,13.67,13.66,13.65,13.64,13.62,13.61,13.6,13.59,13.58,13.69,13.7,13.71,13.72,13.73,13.74,13.75,13.76,13.77,13.78,2500,8700,15800,8000,300,400,3900,8900,6100,900,1600,17600,4600,40900,40400,23600,12300,9300,5900,10600
3521.0,13.68,7358600,99045926.0,13.68,13.67,13.66,13.65,13.64,13.63,13.62,13.61,13.6,13.59,13.69,13.7,13.71,13.72,13.73,13.74,13.75,13.76,13.77,13.78,2100,8700,21500,8000,300,800,400,3900,9000,6100,1600,16300,4600,40900,40400,24900,12300,9400,5900,10600
3522.0,13.68,7358800,99048662.0,13.68,13.67,13.66,13.65,13.64,13.63,13.62,13.61,13.6,13.59,13.69,13.7,13.71,13.72,13.73,13.74,13.75,13.76,13.77,13.78,1900,8700,21500,8000,300,800,400,3900,9000,6100,1600,16300,4600,40900,40400,24900,12300,9400,5900,10600
3523.0,13.68,7359100,99052766.0,13.68,13.67,13.66,13.65,13.64,13.63,13.62,13.61,13.6,13.59,13.69,13.7,13.71,13.72,13.73,13.74,13.75,13.76,13.77,13.78,1600,8700,22900,8000,300,15600,400,3900,9000,6100,1500,16300,4600,40900,42000,24900,12300,9400,5900,10600
3524.0,13.67,7366800,99158041.0,13.67,13.66,13.65,13.64,13.63,13.62,13.61,13.6,13.59,13.58,13.69,13.7,13.71,13.72,13.73,13.74,13.75,13.76,13.77,13.78,2600,22900,8000,300,15600,400,3900,9000,6100,1100,1500,16300,4600,40900,42000,24900,12300,9400,6600,10600
3525.0,13.67,7367000,99160775.0,13.67,13.66,13.65,13.64,13.63,13.62,13.61,13.6,13.59,13.58,13.69,13.7,13.71,13.72,13.73,13.74,13.75,13.76,13.77,13.78,3800,22900,8000,300,15600,400,3900,9000,6100,1100,2900,17100,4600,40000,42000,24900,12300,9400,6600,10600
3526.0,13.67,7367000,99160775.0,13.67,13.66,13.65,13.64,13.63,13.62,13.61,13.6,13.59,13.58,13.69,13.7,13.71,13.72,13.73,13.74,13.75,13.76,13.77,13.78,3800,23100,8000,300,15600,400,3900,9000,6100,1100,13900,17100,4600,40000,42000,24900,12300,9400,6600,10600
3527.0,13.67,7367900,99173078.0,13.67,13.66,13.65,13.64,13.63,13.62,13.61,13.6,13.59,13.58,13.69,13.7,13.71,13.72,13.73,13.74,13.75,13.76,13.77,13.78,2900,23200,8000,300,15600,400,3900,9000,6100,1100,13900,17100,4600,40000,42000,25900,12300,9400,6600,10600
3528.0,13.67,7369200,99190849.0,13.67,13.66,13.65,13.64,13.63,13.62,13.61,13.6,13.59,13.58,13.69,13.7,13.71,13.72,13.73,13.74,13.75,13.76,13.77,13.78,2900,23500,8000,1300,15600,400,3900,9000,6100,1100,17800,17100,4600,40000,42000,25900,12300,9400,6600,10600
3529.0,13.67,7369200,99190849.0,13.67,13.66,13.65,13.64,13.63,13.62,13.61,13.6,13.59,13.58,13.69,13.7,13.71,13.72,13.73,13.74,13.75,13.76,13.77,13.78,3400,23500,8000,1500,15600,400,3900,9000,6100,1100,17800,17100,4600,40000,42000,25900,12300,9400,6600,11200
3530.0,13.67,7370200,99204519.0,13.67,13.66,13.65,13.64,13.63,13.62,13.61,13.6,13.59,13.58,13.69,13.7,13.71,13.72,13.73,13.74,13.75,13.76,13.77,13.78,3700,23500,9600,1900,15600,400,3900,9000,6100,1100,19100,16900,4600,40000,42000,25900,12500,9400,6600,11200
3531.0,13.67,7371500,99222290.0,13.67,13.66,13.65,13.64,13.63,13.62,13.61,13.6,13.59,13.58,13.69,13.7,13.71,13.72,13.73,13.74,13.75,13.76,13.77,13.78,3400,23500,9600,1900,15600,400,3900,11000,6100,1100,19100,16900,4600,40000,42000,25900,12500,9400,6600,11200
3532.0,13.67,7371700,99225024.0,13.67,13.66,13.65,13.64,13.63,13.62,13.61,13.6,13.59,13.58,13.69,13.7,13.71,13.72,13.73,13.74,13.75,13.76,13.77,13.78,3200,23500,9800,1900,15600,400,3900,11800,6100,1100,19100,16900,4600,40000,42000,25900,12500,9400,6600,11200
3533.0,13.67,7375000,99270135.0,13.67,13.66,13.65,13.64,13.63,13.62,13.61,13.6,13.59,13.58,13.69,13.7,13.71,13.72,13.73,13.74,13.75,13.76,13.77,13.78,2300,23500,10300,1900,15600,400,3900,12800,6100,1100,20400,16900,4600,42600,42000,25900,12500,9400,6600,11200
3534.0,13.67,7375600,99278337.0,13.67,13.66,13.65,13.64,13.63,13.62,13.61,13.6,13.59,13.58,13.69,13.7,13.71,13.72,13.73,13.74,13.75,13.76,13.77,13.78,1700,23500,10300,900,15600,400,3900,12800,6100,1100,20400,16900,4700,42600,42000,25900,12500,9400,6600,11200
3535.0,13.67,7376800,99294741.0,13.67,13.66,13.65,13.64,13.63,13.62,13.61,13.6,13.59,13.58,13.69,13.7,13.71,13.72,13.73,13.74,13.75,13.76,13.77,13.78,1800,23500,10400,900,15600,400,3900,12800,6100,1100,21700,18200,4700,42600,42000,25900,10400,9400,6600,11200
3536.0,13.67,7377500,99304316.0,13.67,13.66,13.65,13.64,13.63,13.62,13.61,13.6,13.59,13.58,13.69,13.7,13.71,13.72,13.73,13.74,13.75,13.76,13.77,13.78,1400,24100,10400,900,15600,400,3900,12800,6100,1100,21400,18200,4700,42600,42000,25900,10400,9400,6600,11200
3537.0,13.67,7378000,99311151.0,13.67,13.66,13.65,13.64,13.63,13.62,13.61,13.6,13.59,13.58,13.69,13.7,13.71,13.72,13.73,13.74,13.75,13.76,13.77,13.78,900,24100,10600,900,15600,400,3900,12800,6100,1100,21400,18200,4700,42600,42000,25900,10400,9400,6600,11200
3538.0,13.67,7379600,99333023.0,13.67,13.66,13.65,13.64,13.63,13.62,13.61,13.6,13.59,13.58,13.69,13.7,13.71,13.72,13.73,13.74,13.75,13.76,13.77,13.78,500,24100,10600,900,15600,400,3900,12800,6100,1100,22600,18200,4700,42600,42000,25900,10400,9400,2800,11200
3539.0,13.67,7379600,99333023.0,13.67,13.66,13.65,13.64,13.63,13.62,13.61,13.6,13.59,13.58,13.69,13.7,13.71,13.72,13.73,13.74,13.75,13.76,13.77,13.78,500,24100,10800,900,15600,400,3900,12800,6100,1100,22600,18200,4700,42600,42000,25900,10400,9400,2800,11200
3540.0,13.67,7379600,99333023.0,13.67,13.66,13.65,13.64,13.63,13.62,13.61,13.6,13.59,13.58,13.69,13.7,13.71,13.72,13.73,13.74,13.75,13.76,13.77,13.78,1500,24100,11500,900,15600,400,3900,12800,6100,1100,23600,18200,4700,42600,42000,25900,10400,9400,2800,11200
3541.0,13.66,7397200,99573454.0,13.66,13.65,13.64,13.63,13.62,13.61,13.6,13.59,13.58,13.57,13.69,13.7,13.71,13.72,13.73,13.74,13.75,13.76,13.77,13.78,23000,11500,900,15600,400,3900,12800,6100,1100,300,23600,18200,4700,42600,42000,25900,10400,9400,2800,11200
3542.0,13.66,7397900,99583016.0,13.66,13.65,13.64,13.63,13.62,13.61,13.6,13.59,13.58,13.57,13.69,13.7,13.71,13.72,13.73,13.74,13.75,13.76,13.77,13.78,23300,11500,900,15600,400,3900,12800,6100,1100,300,24600,19200,4700,42600,42000,25900,10400,9400,2800,11200
3543.0,13.66,7399400,99603506.0,13.66,13.65,13.64,13.63,13.62,13.61,13.6,13.59,13.58,13.57,13.69,13.7,13.71,13.72,13.73,13.74,13.75,13.76,13.77,13.78,26000,11700,900,15600,400,3900,12800,6100,1100,300,27800,19700,4700,42600,42000,25900,10400,9400,2800,11200
3544.0,13.66,7407400,99712786.0,13.66,13.65,13.64,13.63,13.62,13.61,13.6,13.59,13.58,13.57,13.69,13.7,13.71,13.72,13.73,13.74,13.75,13.76,13.77,13.78,19000,11700,900,15600,400,3900,12800,6100,1100,300,28800,19700,4700,42600,42300,25900,10400,9400,2800,11200
3545.0,13.66,7410600,99756498.0,13.66,13.65,13.64,13.63,13.62,13.61,13.6,13.59,13.58,13.57,13.69,13.7,13.71,13.72,13.73,13.74,13.75,13.76,13.77,13.78,18900,11700,900,15600,400,3900,12800,6100,1100,300,31900,19700,4700,42600,42300,25900,10400,9400,2800,11200
3546.0,13.69,7417300,99848038.0,13.66,13.65,13.64,13.63,13.62,13.61,13.6,13.59,13.58,13.57,13.69,13.7,13.71,13.72,13.73,13.74,13.75,13.76,13.77,13.78,13200,11700,900,20000,400,3900,13800,6100,1100,300,31300,19700,4700,42600,42500,25900,10400,9400,2800,11200
3547.0,13.66,7418000,99857600.0,13.66,13.65,13.64,13.63,13.62,13.61,13.6,13.59,13.58,13.57,13.69,13.7,13.71,13.72,13.73,13.74,13.75,13.76,13.77,13.78,16600,11700,900,20000,400,3900,13800,6100,1100,300,35400,19700,4700,42600,42500,25900,10400,9400,2800,11200
3548.0,13.66,7421200,99901312.0,13.66,13.65,13.64,13.63,13.62,13.61,13.6,13.59,13.58,13.57,13.69,13.7,13.71,13.72,13.73,13.74,13.75,13.76,13.77,13.78,13400,11700,1200,20000,400,3900,13800,6100,1100,300,35400,19700,4700,42600,42500,25900,10400,9400,2800,11200
3549.0,13.66,7423400,99931364.0,13.66,13.65,13.64,13.63,13.62,13.61,13.6,13.59,13.58,13.57,13.69,13.7,13.71,13.72,13.73,13.74,13.75,13.76,13.77,13.78,12300,11700,1200,20000,400,3900,13800,6100,1100,300,36500,19700,4700,42600,42500,25900,10400,9400,2800,11200
3550.0,13.66,7433300,100066598.0,13.66,13.65,13.64,13.63,13.62,13.61,13.6,13.59,13.58,13.57,13.69,13.7,13.71,13.72,13.73,13.74,13.75,13.76,13.77,13.78,5400,11900,1200,20000,400,3900,13800,6100,1100,300,39500,19700,4700,42600,42500,25900,10400,9400,2800,11200
3551.0,13.66,7433300,100066598.0,13.66,13.65,13.64,13.63,13.62,13.61,13.6,13.59,13.58,13.57,13.67,13.69,13.7,13.71,13.72,13.73,13.74,13.75,13.76,13.77,5400,12100,1200,20000,400,3900,13800,6100,1100,300,2400,40500,19700,4700,42600,42500,25900,10400,9400,2800
3552.0,13.66,7433800,100073428.0,13.66,13.65,13.64,13.63,13.62,13.61,13.6,13.59,13.58,13.57,13.67,13.69,13.7,13.71,13.72,13.73,13.74,13.75,13.76,13.77,5900,13100,1200,20000,400,3900,13800,6100,1100,300,2400,40500,21700,4700,42600,42500,25900,10400,9400,2800
3553.0,13.66,7434800,100087088.0,13.66,13.65,13.64,13.63,13.62,13.61,13.6,13.59,13.58,13.57,13.67,13.69,13.7,13.71,13.72,13.73,13.74,13.75,13.76,13.77,13800,13100,1200,20000,400,3900,13800,6100,1100,300,2400,40500,21700,4700,42600,42500,25900,10400,9400,2800
3554.0,13.66,7434800,100087088.0,13.66,13.65,13.64,13.63,13.62,13.61,13.6,13.59,13.58,13.57,13.67,13.69,13.7,13.71,13.72,13.73,13.74,13.75,13.76,13.77,13800,13100,1200,20000,400,3900,13800,6100,600,300,2400,40500,16700,4700,42600,42500,25900,10400,9400,2800
3555.0,13.66,7441500,100178610.0,13.66,13.65,13.64,13.63,13.62,13.61,13.6,13.59,13.58,13.57,13.67,13.69,13.7,13.71,13.72,13.73,13.74,13.75,13.76,13.77,7100,13100,1200,20000,400,3900,13800,6100,600,300,2400,40500,16700,4700,42600,42500,26100,10400,9400,2800
3556.0,13.66,7443600,100207296.0,13.66,13.65,13.64,13.63,13.62,13.61,13.6,13.59,13.58,13.57,13.67,13.69,13.7,13.71,13.72,13.73,13.74,13.75,13.76,13.77,5000,13100,1200,21000,1200,3900,13800,6100,600,300,2400,40500,17700,4700,42600,42500,26100,10400,9400,2800
3557.0,13.67,7444000,100212764.0,13.66,13.65,13.64,13.63,13.62,13.61,13.6,13.59,13.58,13.57,13.67,13.69,13.7,13.71,13.72,13.73,13.74,13.75,13.76,13.77,5000,13100,1200,21100,1200,3900,13800,6100,600,300,2000,40500,17700,4700,42100,42500,26100,10400,9400,2800
3558.0,13.65,7450100,100296099.0,13.65,13.64,13.63,13.62,13.61,13.6,13.59,13.58,13.57,13.56,13.67,13.69,13.7,13.71,13.72,13.73,13.74,13.75,13.76,13.77,13000,2300,28000,1200,3900,13800,6100,600,300,1500,1000,40500,17600,4700,42100,42500,26100,10400,9400,2800
3559.0,13.65,7450100,100296099.0,13.65,13.64,13.63,13.62,13.61,13.6,13.59,13.58,13.57,13.56,13.67,13.69,13.7,13.71,13.72,13.73,13.74,13.75,13.76,13.77,13000,2300,28000,1200,3900,13800,6100,600,300,1500,1000,40500,17600,4700,42100,42500,26100,10400,9400,2800
3560.0,13.65,7450100,100296099.0,13.65,13.64,13.63,13.62,13.61,13.6,13.59,13.58,13.57,13.56,13.67,13.69,13.7,13.71,13.72,13.73,13.74,13.75,13.76,13.77,13000,2300,28000,1200,3900,13800,6100,600,300,1500,1100,40500,17600,4700,42100,42500,26100,10400,9400,2800
3561.0,13.65,7450800,100305654.0,13.65,13.64,13.63,13.62,13.61,13.6,13.59,13.58,13.57,13.56,13.67,13.69,13.7,13.71,13.72,13.73,13.74,13.75,13.76,13.77,12500,2900,28100,1200,3900,13800,6100,5100,300,1500,1100,40500,16600,4700,42100,42500,26100,10400,9400,2800
3562.0,13.65,7450800,100305654.0,13.65,13.64,13.63,13.62,13.61,13.6,13.59,13.58,13.57,13.56,13.67,13.69,13.7,13.71,13.72,13.73,13.74,13.75,13.76,13.77,12500,2900,28100,1200,3900,14800,6100,5100,300,1500,1900,40500,16600,4700,42000,42500,26100,10400,9400,2800
3563.0,13.65,7451500,100315209.0,13.65,13.64,13.63,13.62,13.61,13.6,13.59,13.58,13.57,13.56,13.67,13.69,13.7,13.71,13.72,13.73,13.74,13.75,13.76,13.77,11800,2900,28900,1200,6900,14800,6100,5100,300,1500,1900,40500,16600,4700,42000,42500,26100,11400,9400,2800
3564.0,13.65,7452200,100324764.0,13.65,13.64,13.63,13.62,13.61,13.6,13.59,13.58,13.57,13.56,13.67,13.69,13.7,13.71,13.72,13.73,13.74,13.75,13.76,13.77,11100,2900,28900,1200,6900,14800,6100,5100,300,1500,1900,40500,16600,4700,42000,42500,26100,11400,9400,2800
3565.0,13.65,7452200,100324764.0,13.66,13.65,13.64,13.63,13.62,13.61,13.6,13.59,13.58,13.57,13.67,13.69,13.7,13.71,13.72,13.73,13.74,13.75,13.76,13.77,800,11100,2900,29700,1200,6900,16100,6100,5100,300,1900,41300,16600,4700,42000,42500,26100,11400,9400,2800
3566.0,13.65,7452200,100324764.0,13.66,13.65,13.64,13.63,13.62,13.61,13.6,13.59,13.58,13.57,13.67,13.69,13.7,13.71,13.72,13.73,13.74,13.75,13.76,13.77,800,11100,3400,29700,1200,6900,16100,6100,5100,300,1900,41300,16100,4700,42000,42500,26100,11400,9400,2800
3567.0,13.66,7452300,100326130.0,13.66,13.65,13.64,13.63,13.62,13.61,13.6,13.59,13.58,13.57,13.67,13.69,13.7,13.71,13.72,13.73,13.74,13.75,13.76,13.77,700,11600,3400,29700,1200,6900,16100,12100,5100,300,3900,41300,16100,4700,42000,42500,26100,11400,9400,2800
3568.0,13.66,7452300,100326130.0,13.66,13.65,13.64,13.63,13.62,13.61,13.6,13.59,13.58,13.57,13.67,13.69,13.7,13.71,13.72,13.73,13.74,13.75,13.76,13.77,700,11600,3400,29700,2200,6900,16100,12200,5100,300,3900,41300,16100,4700,42000,42500,26100,11400,9400,2800
3569.0,13.66,7452300,100326130.0,13.66,13.65,13.64,13.63,13.62,13.61,13.6,13.59,13.58,13.57,13.67,13.69,13.7,13.71,13.72,13.73,13.74,13.75,13.76,13.77,700,11600,3400,29700,2200,6900,16600,12200,5100,300,3900,41300,16100,4700,42000,42500,26100,12400,9400,2800
3570.0,13.67,7452600,100330231.0,13.66,13.65,13.64,13.63,13.62,13.61,13.6,13.59,13.58,13.57,13.67,13.69,13.7,13.71,13.72,13.73,13.74,13.75,13.76,13.77,700,11600,3400,30000,2200,6900,16600,12200,5100,300,3600,41500,16100,4700,42000,42500,26100,12400,9400,2800
3571.0,13.66,7452700,100331597.0,13.66,13.65,13.64,13.63,13.62,13.61,13.6,13.59,13.58,13.57,13.67,13.69,13.7,13.71,13.72,13.73,13.74,13.75,13.76,13.77,600,11600,3400,29900,2200,6900,16600,12200,5100,300,3600,41500,16100,4700,42000,42500,26100,12400,9400,2800
3572.0,13.67,7453000,100335698.0,13.66,13.65,13.64,13.63,13.62,13.61,13.6,13.59,13.58,13.57,13.67,13.69,13.7,13.71,13.72,13.73,13.74,13.75,13.76,13.77,600,11700,3400,29900,2300,6900,16600,12200,5100,300,3300,41500,16100,4700,42000,42500,26600,12400,9400,2800
3573.0,13.67,7453000,100335698.0,13.66,13.65,13.64,13.63,13.62,13.61,13.6,13.59,13.58,13.57,13.67,13.69,13.7,13.71,13.72,13.73,13.74,13.75,13.76,13.77,1100,11700,3400,29900,2300,6900,16600,12200,5100,300,12100,41500,15400,4700,42000,44400,26600,12400,9400,2800
3574.0,13.66,7453600,100343894.0,13.66,13.65,13.64,13.63,13.62,13.61,13.6,13.59,13.58,13.57,13.67,13.69,13.7,13.71,13.72,13.73,13.74,13.75,13.76,13.77,500,11700,3400,29900,2300,6900,16600,12200,5100,300,12100,41500,15400,4700,42000,44400,28900,12400,9400,2800
3575.0,13.65,7459900,100429908.0,13.65,13.64,13.63,13.62,13.61,13.6,13.59,13.58,13.57,13.56,13.67,13.69,13.7,13.71,13.72,13.73,13.74,13.75,13.76,13.77,6600,3400,29900,2300,6900,16600,12200,5100,300,1500,11400,41500,15400,4700,42000,44900,28900,12400,9400,2800
3576.0,13.65,7459900,100429908.0,13.65,13.64,13.63,13.62,13.61,13.6,13.59,13.58,13.57,13.56,13.67,13.69,13.7,13.71,13.72,13.73,13.74,13.75,13.76,13.77,6600,3400,29900,2300,6900,16600,12200,5100,300,1500,11400,41500,15400,4700,42000,44900,28900,12400,9400,2800
3577.0,13.65,7460500,100438098.0,13.65,13.64,13.63,13.62,13.61,13.6,13.59,13.58,13.57,13.56,13.66,13.67,13.69,13.7,13.71,13.72,13.73,13.74,13.75,13.76,6800,3400,29900,2300,6900,16600,6200,5100,300,1500,300,11400,41500,15400,4700,42000,44900,30900,12400,9400
3578.0,13.65,7461800,100455843.0,13.65,13.64,13.63,13.62,13.61,13.6,13.59,13.58,13.57,13.56,13.66,13.67,13.69,13.7,13.71,13.72,13.73,13.74,13.75,13.76,5500,3600,29900,2300,6900,16600,6200,5100,300,1500,300,11400,41500,15400,4700,42000,44900,30900,12400,9400
3579.0,13.64,7471100,100582770.0,13.65,13.64,13.63,13.62,13.61,13.6,13.59,13.58,13.57,13.56,13.66,13.67,13.69,13.7,13.71,13.72,13.73,13.74,13.75,13.76,300,1800,29900,2300,6900,16600,6200,5100,300,1500,300,11400,41500,15900,4700,42000,44900,30900,12400,9400
3580.0,13.64,7471100,100582770.0,13.65,13.64,13.63,13.62,13.61,13.6,13.59,13.58,13.57,13.56,13.66,13.67,13.69,13.7,13.71,13.72,13.73,13.74,13.75,13.76,300,1800,30000,2300,6900,16600,6200,5100,300,1500,300,11400,41500,15900,4700,42000,44900,30900,12400,9400
3581.0,13.64,7473200,100611417.0,13.63,13.62,13.61,13.6,13.59,13.58,13.57,13.56,13.55,13.54,13.64,13.66,13.67,13.69,13.7,13.71,13.72,13.73,13.74,13.75,30000,2300,6900,16600,6200,5100,300,500,11100,7100,900,300,11400,41500,15900,8700,42000,44900,30900,12400
3582.0,13.64,7473200,100611417.0,13.63,13.62,13.61,13.6,13.59,13.58,13.57,13.56,13.55,13.54,13.64,13.66,13.67,13.69,13.7,13.71,13.72,13.73,13.74,13.75,30000,2300,6900,16600,6200,5100,300,500,11100,7100,900,300,11400,41500,15900,8700,42000,44900,30900,12400
3583.0,13.64,7474100,100623693.0,13.64,13.63,13.62,13.61,13.6,13.59,13.58,13.57,13.56,13.55,13.66,13.67,13.69,13.7,13.71,13.72,13.73,13.74,13.75,13.76,3900,30000,2300,6900,16600,6200,5100,300,500,11100,300,11400,41500,15900,8700,42400,44900,30900,12400,9400
3584.0,13.64,7474900,100634605.0,13.65,13.64,13.63,13.62,13.61,13.6,13.59,13.58,13.57,13.56,13.66,13.67,13.69,13.7,13.71,13.72,13.73,13.74,13.75,13.76,300,3100,30000,2300,6900,16600,6200,5100,300,500,300,11400,41500,15900,8700,42400,44900,30900,12400,9400
3585.0,13.64,7475900,100648248.0,13.64,13.63,13.62,13.61,13.6,13.59,13.58,13.57,13.56,13.55,13.66,13.67,13.69,13.7,13.71,13.72,13.73,13.74,13.75,13.76,4500,30000,2300,6900,16600,6200,5100,300,500,11100,300,11400,41500,15900,8700,42400,44900,30900,12400,9400
3586.0,13.64,7475900,100648248.0,13.64,13.63,13.62,13.61,13.6,13.59,13.58,13.57,13.56,13.55,13.66,13.67,13.69,13.7,13.71,13.72,13.73,13.74,13.75,13.76,4500,30000,2300,6900,16600,6200,5100,300,500,11100,300,11400,41500,15900,8700,42400,44900,30900,12400,9400
3587.0,13.64,7475900,100648248.0,13.64,13.63,13.62,13.61,13.6,13.59,13.58,13.57,13.56,13.55,13.66,13.67,13.69,13.7,13.71,13.72,13.73,13.74,13.75,13.76,5000,30000,2300,7900,16600,6200,5100,300,500,11100,300,11400,41500,15900,8700,42400,44900,30900,12400,8900
3588.0,13.64,7476900,100661888.0,13.64,13.63,13.62,13.61,13.6,13.59,13.58,13.57,13.56,13.55,13.66,13.67,13.69,13.7,13.71,13.72,13.73,13.74,13.75,13.76,4000,30000,2300,7900,16600,6200,5100,300,500,11100,300,11400,41500,15900,8700,42400,44900,30900,12400,8900
3589.0,13.64,7476900,100661888.0,13.65,13.64,13.63,13.62,13.61,13.6,13.59,13.58,13.57,13.56,13.66,13.67,13.69,13.7,13.71,13.72,13.73,13.74,13.75,13.76,200,10100,30700,2300,7900,16600,6200,5100,300,500,300,11400,41500,17300,8700,42400,44900,30900,12400,8900
3590.0,13.64,7481800,100728726.0,13.64,13.63,13.62,13.61,13.6,13.59,13.58,13.57,13.56,13.55,13.66,13.67,13.69,13.7,13.71,13.72,13.73,13.74,13.75,13.76,5400,30700,2300,7900,16600,6200,5100,300,500,11100,1300,11400,41500,17300,8700,42400,44900,30900,12400,8900
3591.0,13.64,7482800,100742366.0,13.64,13.63,13.62,13.61,13.6,13.59,13.58,13.57,13.56,13.55,13.66,13.67,13.69,13.7,13.71,13.72,13.73,13.74,13.75,13.76,4700,30700,2300,7900,17000,6200,5100,300,500,11100,1300,11400,41500,17300,8700,42400,44900,30900,12400,8900
3592.0,13.66,7483300,100749188.0,13.64,13.63,13.62,13.61,13.6,13.59,13.58,13.57,13.56,13.55,13.65,13.66,13.67,13.69,13.7,13.71,13.72,13.73,13.74,13.75,5000,30700,2300,7900,17000,6200,5100,300,500,11100,1000,1200,11400,41500,17300,8700,42400,44900,30900,12400
3593.0,13.64,7484100,100760100.0,13.64,13.63,13.62,13.61,13.6,13.59,13.58,13.57,13.56,13.55,13.65,13.66,13.67,13.69,13.7,13.71,13.72,13.73,13.74,13.75,10700,30700,2300,7900,17000,6200,5100,300,500,11100,1000,1200,11400,41500,17300,8700,42400,44900,30900,12400
3594.0,13.64,7485100,100773740.0,13.64,13.63,13.62,13.61,13.6,13.59,13.58,13.57,13.56,13.55,13.65,13.66,13.67,13.69,13.7,13.71,13.72,13.73,13.74,13.75,13000,30700,2300,7900,17000,6200,5100,300,500,11100,1500,1200,11400,41500,17300,8700,42400,44900,30900,12400
3595.0,13.64,7485100,100773740.0,13.64,13.63,13.62,13.61,13.6,13.59,13.58,13.57,13.56,13.55,13.65,13.66,13.67,13.69,13.7,13.71,13.72,13.73,13.74,13.75,13000,30700,2300,7900,17000,6200,5100,300,500,11100,1500,1200,11400,41500,17300,8700,42400,44900,31800,12400
3596.0,13.65,7486100,100787390.0,13.64,13.63,13.62,13.61,13.6,13.59,13.58,13.57,13.56,13.55,13.65,13.66,13.67,13.69,13.7,13.71,13.72,13.73,13.74,13.75,13000,30700,4800,7900,17000,6200,5100,300,500,11100,500,1200,11400,41500,17300,8700,42400,44900,31800,12400
3597.0,13.65,7486100,100787390.0,13.64,13.63,13.62,13.61,13.6,13.59,13.58,13.57,13.56,13.55,13.65,13.66,13.67,13.69,13.7,13.71,13.72,13.73,13.74,13.75,14200,30700,4800,9100,17000,6200,5100,300,500,11100,500,1200,11400,41500,17300,8700,42400,44900,31400,12400
3598.0,13.64,7487800,100810578.0,13.64,13.63,13.62,13.61,13.6,13.59,13.58,13.57,13.56,13.55,13.65,13.66,13.67,13.69,13.7,13.71,13.72,13.73,13.74,13.75,12500,30700,4800,9100,17000,6200,5100,300,500,11100,500,2200,11400,41500,17300,8700,42400,44900,31400,12400
3599.0,13.64,7489400,100832403.0,13.64,13.63,13.62,13.61,13.6,13.59,13.58,13.57,13.56,13.55,13.65,13.66,13.67,13.69,13.7,13.71,13.72,13.73,13.74,13.75,11000,30700,4800,9100,17000,6200,5100,300,500,11100,400,4200,11400,41300,17300,8700,42400,44900,31400,14400
3600.0,13.64,7489400,100832403.0,13.64,13.63,13.62,13.61,13.6,13.59,13.58,13.57,13.56,13.55,13.65,13.66,13.67,13.69,13.7,13.71,13.72,13.73,13.74,13.75,11000,30700,4800,9100,17000,6200,5100,300,500,11100,400,4200,11400,41300,17300,8700,42400,44900,31400,14400
3601.0,13.65,7491200,100856959.0,13.65,13.64,13.63,13.62,13.61,13.6,13.59,13.58,13.57,13.56,13.66,13.67,13.69,13.7,13.71,13.72,13.73,13.74,13.75,13.76,1600,9600,30700,4800,9100,17000,6200,5100,300,500,4200,11400,41300,17300,8700,42400,44900,31400,14400,8900
3602.0,13.65,7492000,100867879.0,13.65,13.64,13.63,13.62,13.61,13.6,13.59,13.58,13.57,13.56,13.66,13.67,13.69,13.7,13.71,13.72,13.73,13.74,13.75,13.76,800,9600,30700,4800,9100,17000,6200,5100,300,500,4200,11400,41300,17300,8700,42400,44900,31400,15400,8900
3603.0,13.66,7492400,100873343.0,13.65,13.64,13.63,13.62,13.61,13.6,13.59,13.58,13.57,13.56,13.66,13.67,13.69,13.7,13.71,13.72,13.73,13.74,13.75,13.76,800,9600,31900,4800,9100,19000,6200,5100,300,500,3800,11400,41300,17300,8700,42400,44900,31400,15400,8900
3604.0,13.64,7494800,100906087.0,13.64,13.63,13.62,13.61,13.6,13.59,13.58,13.57,13.56,13.55,13.65,13.66,13.67,13.69,13.7,13.71,13.72,13.73,13.74,13.75,8400,31900,4800,9100,19000,6200,5100,300,500,11100,100,3800,11400,41300,17300,8700,42400,44900,31400,15400
3605.0,13.65,7496500,100929292.0,13.65,13.64,13.63,13.62,13.61,13.6,13.59,13.58,13.57,13.56,13.66,13.67,13.69,13.7,13.71,13.72,13.73,13.74,13.75,13.76,5400,8500,33200,4800,9100,19000,6200,5100,300,500,3800,11400,41300,17300,8700,42400,44900,31400,15400,8900
3606.0,13.65,7502200,101007100.0,13.64,13.63,13.62,13.61,13.6,13.59,13.58,13.57,13.56,13.55,13.65,13.66,13.67,13.69,13.7,13.71,13.72,13.73,13.74,13.75,8500,34200,4800,9100,19000,6200,5100,300,500,11100,9300,3600,11400,41300,17300,8700,42400,44900,31400,15400
3607.0,13.65,7502200,101007100.0,13.64,13.63,13.62,13.61,13.6,13.59,13.58,13.57,13.56,13.55,13.65,13.66,13.67,13.69,13.7,13.71,13.72,13.73,13.74,13.75,8600,34200,4800,9100,19000,6200,5100,300,500,11100,9300,3500,11400,41300,17300,8700,42400,44900,31400,15400
3608.0,13.65,7511600,101135410.0,13.65,13.64,13.63,13.62,13.61,13.6,13.59,13.58,13.57,13.56,13.66,13.67,13.69,13.7,13.71,13.72,13.73,13.74,13.75,13.76,1800,8600,34200,4800,9100,19000,6400,5100,300,500,3500,11400,41300,16800,8700,42400,44900,31400,15400,8900
3609.0,13.66,7511900,101139508.0,13.65,13.64,13.63,13.62,13.61,13.6,13.59,13.58,13.57,13.56,13.66,13.67,13.69,13.7,13.71,13.72,13.73,13.74,13.75,13.76,1800,8600,34200,4800,9100,19000,6400,5100,300,500,3200,11400,41300,16800,8700,42400,44900,31400,15400,8900
3610.0,13.65,7512900,101153158.0,13.65,13.64,13.63,13.62,13.61,13.6,13.59,13.58,13.57,13.56,13.66,13.67,13.69,13.7,13.71,13.72,13.73,13.74,13.75,13.76,800,9600,34200,4800,9100,19000,6400,5100,300,500,3200,11400,41500,16800,8700,42400,44900,31400,15400,8900
3611.0,13.65,7513700,101164078.0,13.64,13.63,13.62,13.61,13.6,13.59,13.58,13.57,13.56,13.55,13.65,13.66,13.67,13.69,13.7,13.71,13.72,13.73,13.74,13.75,10600,34200,4800,9100,19100,6400,5100,300,500,11100,200,3200,11400,41500,16800,8700,42400,44900,31400,15400
3612.0,13.64,7515100,101183174.0,13.64,13.63,13.62,13.61,13.6,13.59,13.58,13.57,13.56,13.55,13.65,13.66,13.67,13.69,13.7,13.71,13.72,13.73,13.74,13.75,9200,34200,4800,9100,19100,6400,5100,1600,500,11100,200,3200,11400,41500,16800,8700,42400,44900,31400,15400
3613.0,13.65,7517900,101221387.0,13.65,13.64,13.63,13.62,13.61,13.6,13.59,13.58,13.57,13.56,13.66,13.67,13.69,13.7,13.71,13.72,13.73,13.74,13.75,13.76,2900,8500,34200,4800,9100,19100,6400,5100,1600,800,3200,11400,41500,17300,8700,40300,44900,31400,15400,8900
3614.0,13.65,7518100,101224117.0,13.65,13.64,13.63,13.62,13.61,13.6,13.59,13.58,13.57,13.56,13.66,13.67,13.69,13.7,13.71,13.72,13.73,13.74,13.75,13.76,2700,8500,29800,4800,9100,19100,6400,5100,1600,800,3200,14400,41500,17300,8700,40300,44900,31400,15400,8900
3615.0,13.64,7524100,101306000.0,13.64,13.63,13.62,13.61,13.6,13.59,13.58,13.57,13.56,13.55,13.65,13.66,13.67,13.69,13.7,13.71,13.72,13.73,13.74,13.75,7000,29800,4800,9100,19100,6400,5100,1600,800,11100,1300,2900,14400,41500,17300,8700,40300,44900,31400,15400
3616.0,13.63,7542000,101550063.0,13.63,13.62,13.61,13.6,13.59,13.58,13.57,13.56,13.55,13.54,13.65,13.66,13.67,13.69,13.7,13.71,13.72,13.73,13.74,13.75,19700,4800,9100,19100,6400,5100,1600,800,11100,13100,600,2900,14400,41500,17300,8700,40300,44900,31400,15400
3617.0,13.63,7550000,101659103.0,13.63,13.62,13.61,13.6,13.59,13.58,13.57,13.56,13.55,13.54,13.64,13.65,13.66,13.67,13.69,13.7,13.71,13.72,13.73,13.74,11700,4800,9100,19100,6400,5100,1600,800,11100,13100,1000,2500,4000,14400,41500,17300,8700,40300,44900,31400
3618.0,13.63,7551200,101675460.0,13.63,13.62,13.61,13.6,13.59,13.58,13.57,13.56,13.55,13.54,13.64,13.65,13.66,13.67,13.69,13.7,13.71,13.72,13.73,13.74,10600,4800,9100,19100,6400,5100,1600,800,11100,13100,900,2500,4000,14400,41500,17300,8700,40300,44900,31400
3619.0,13.63,7559600,101789983.0,13.63,13.62,13.61,13.6,13.59,13.58,13.57,13.56,13.55,13.54,13.65,13.66,13.67,13.69,13.7,13.71,13.72,13.73,13.74,13.75,4200,4800,9100,19100,6400,5100,1600,800,11100,13100,1400,4000,14400,41500,17300,8700,40300,44900,31400,15400
3620.0,13.63,7565400,101869051.0,13.62,13.61,13.6,13.59,13.58,13.57,13.56,13.55,13.54,13.53,13.63,13.64,13.65,13.66,13.67,13.69,13.7,13.71,13.72,13.73,4400,9100,19100,6400,5100,1600,800,11100,13100,2600,400,16500,500,4000,14400,41500,17300,8700,40300,44900
3621.0,13.64,7567200,101893597.0,13.62,13.61,13.6,13.59,13.58,13.57,13.56,13.55,13.54,13.53,13.64,13.65,13.66,13.67,13.69,13.7,13.71,13.72,13.73,13.74,4300,9100,19100,6400,5100,1600,800,11100,13100,2600,15200,500,4600,14400,41500,17300,8700,40300,44900,31400
3622.0,13.62,7571700,101954915.0,13.62,13.61,13.6,13.59,13.58,13.57,13.56,13.55,13.54,13.53,13.63,13.64,13.65,13.66,13.67,13.69,13.7,13.71,13.72,13.73,1200,9100,19100,6400,5100,1600,800,11100,13100,2600,600,13800,500,4600,14400,41500,17300,8700,40300,44900
3623.0,13.62,7571900,101957639.0,13.62,13.61,13.6,13.59,13.58,13.57,13.56,13.55,13.54,13.53,13.63,13.64,13.65,13.66,13.67,13.69,13.7,13.71,13.72,13.73,1000,9100,19100,6400,5100,1600,800,11100,13100,2600,600,13800,500,4600,14400,41500,17300,8700,40300,38100
3624.0,13.64,7572800,101969909.0,13.62,13.61,13.6,13.59,13.58,13.57,13.56,13.55,13.54,13.53,13.64,13.65,13.66,13.67,13.69,13.7,13.71,13.72,13.73,13.74,1000,10400,19100,6400,5100,1600,800,11100,13100,2600,13500,500,4600,14400,41500,17300,8700,40300,38100,25000
3625.0,13.64,7573500,101979457.0,13.62,13.61,13.6,13.59,13.58,13.57,13.56,13.55,13.54,13.53,13.64,13.65,13.66,13.67,13.69,13.7,13.71,13.72,13.73,13.74,1000,10400,23500,6400,5100,1600,800,11100,13100,2600,12800,500,5000,14400,41500,17800,8700,40300,35200,22500
3626.0,13.64,7575000,101999917.0,13.62,13.61,13.6,13.59,13.58,13.57,13.56,13.55,13.54,13.53,13.64,13.65,13.66,13.67,13.69,13.7,13.71,13.72,13.73,13.74,1000,10400,19200,6400,5100,1600,800,11100,13100,2600,11300,500,5000,14400,41500,17800,8700,40300,35200,22500
3627.0,13.62,7575600,102008089.0,13.62,13.61,13.6,13.59,13.58,13.57,13.56,13.55,13.54,13.53,13.64,13.65,13.66,13.67,13.69,13.7,13.71,13.72,13.73,13.74,400,13300,19200,6400,5100,1600,800,11100,13100,2600,11300,500,6500,14400,41500,17800,8700,40300,35200,22500
3628.0,13.64,7576300,102017637.0,13.62,13.61,13.6,13.59,13.58,13.57,13.56,13.55,13.54,13.53,13.64,13.65,13.66,13.67,13.69,13.7,13.71,13.72,13.73,13.74,400,14700,19200,6400,5100,1600,800,11500,13100,2600,10600,500,6500,14400,41500,16400,8700,40300,35200,22500
3629.0,13.64,7576300,102017637.0,13.62,13.61,13.6,13.59,13.58,13.57,13.56,13.55,13.54,13.53,13.64,13.65,13.66,13.67,13.69,13.7,13.71,13.72,13.73,13.74,400,14700,24200,6400,5100,1600,800,11500,7100,2600,10600,500,6500,14400,41500,14200,8700,40300,35200,22500
3630.0,13.64,7586300,102154027.0,13.62,13.61,13.6,13.59,13.58,13.57,13.56,13.55,13.54,13.53,13.64,13.65,13.66,13.67,13.69,13.7,13.71,13.72,13.73,13.74,400,14700,24200,6400,5100,1600,800,11500,7100,2600,1600,500,6500,14400,41500,14200,8700,40300,35200,16900
3631.0,13.62,7586800,102160839.0,13.61,13.6,13.59,13.58,13.57,13.56,13.55,13.54,13.53,13.52,13.62,13.64,13.65,13.66,13.67,13.69,13.7,13.71,13.72,13.73,14700,24200,6400,5100,1600,800,11500,7100,2600,11900,3600,1500,500,6500,14400,41500,14200,8700,40300,35200
3632.0,13.61,7587800,102174449.0,13.61,13.6,13.59,13.58,13.57,13.56,13.55,13.54,13.53,13.52,13.62,13.64,13.65,13.66,13.67,13.69,13.7,13.71,13.72,13.73,13700,24200,6400,5100,1600,800,11500,7100,2600,11900,3600,1500,500,6500,14400,41500,14200,8700,40300,35200
3633.0,13.62,7587900,102175811.0,13.61,13.6,13.59,13.58,13.57,13.56,13.55,13.54,13.53,13.52,13.62,13.64,13.65,13.66,13.67,13.69,13.7,13.71,13.72,13.73,13700,23700,6400,5100,1600,800,11500,7100,2600,11900,3500,1500,500,6500,14400,41500,14200,8700,40300,35200
3634.0,13.61,7588900,102189424.0,13.61,13.6,13.59,13.58,13.57,13.56,13.55,13.54,13.53,13.52,13.62,13.64,13.65,13.66,13.67,13.69,13.7,13.71,13.72,13.73,13000,23700,6400,5100,1600,800,11500,7100,2600,11900,3200,1500,500,6500,14400,41500,14200,8700,40300,35200
3635.0,13.61,7590300,102208478.0,13.61,13.6,13.59,13.58,13.57,13.56,13.55,13.54,13.53,13.52,13.62,13.64,13.65,13.66,13.67,13.69,13.7,13.71,13.72,13.73,11600,23700,6400,5100,1600,800,11500,7100,2600,11900,3300,1600,500,6500,14400,41500,14200,8700,40300,35200
3636.0,13.61,7591700,102227537.0,13.61,13.6,13.59,13.58,13.57,13.56,13.55,13.54,13.53,13.52,13.62,13.64,13.65,13.66,13.67,13.69,13.7,13.71,13.72,13.73,10700,23700,6400,5100,1600,800,11500,7100,2600,11900,2800,2600,500,6500,14400,41500,14200,8700,40300,35200
3637.0,13.62,7594300,102262949.0,13.61,13.6,13.59,13.58,13.57,13.56,13.55,13.54,13.53,13.52,13.62,13.64,13.65,13.66,13.67,13.69,13.7,13.71,13.72,13.73,10700,22900,6400,5100,1600,800,11500,7100,2600,11900,200,2600,500,6500,14400,41500,14300,8700,40300,35200
3638.0,13.62,7594300,102262949.0,13.61,13.6,13.59,13.58,13.57,13.56,13.55,13.54,13.53,13.52,13.62,13.64,13.65,13.66,13.67,13.69,13.7,13.71,13.72,13.73,10700,22900,6400,5100,1600,800,11500,7100,2600,11900,200,2600,500,7300,14400,41500,13400,8700,40300,35200
3639.0,13.62,7594500,102265673.0,13.62,13.61,13.6,13.59,13.58,13.57,13.56,13.55,13.54,13.53,13.64,13.65,13.66,13.67,13.69,13.7,13.71,13.72,13.73,13.74,500,10700,22900,6400,5100,1600,800,12000,7100,2600,2600,1400,9100,14400,41500,13400,8700,40300,35200,16900
3640.0,13.61,7597600,102307875.0,13.61,13.6,13.59,13.58,13.57,13.56,13.55,13.54,13.53,13.52,13.64,13.65,13.66,13.67,13.69,13.7,13.71,13.72,13.73,13.74,9300,22900,6400,5100,1600,800,12000,7100,2600,11900,2400,1400,9100,14400,41500,13400,8700,40300,35200,16900
3641.0,13.62,7598400,102318777.0,13.62,13.61,13.6,13.59,13.58,13.57,13.56,13.55,13.54,13.53,13.64,13.65,13.66,13.67,13.69,13.7,13.71,13.72,13.73,13.74,13000,11000,22900,6400,5100,1600,800,12000,7100,2600,3800,1400,9100,14400,41500,13400,8700,40300,35200,19200
3642.0,13.62,7599100,102328311.0,13.62,13.61,13.6,13.59,13.58,13.57,13.56,13.55,13.54,13.53,13.64,13.65,13.66,13.67,13.69,13.7,13.71,13.72,13.73,13.74,12300,11000,22900,6400,5100,1600,800,12000,7100,2600,3800,1700,9100,14400,40700,13400,8700,40300,35200,19200
3643.0,13.64,7599400,102332403.0,13.62,13.61,13.6,13.59,13.58,13.57,13.56,13.55,13.54,13.53,13.64,13.65,13.66,13.67,13.69,13.7,13.71,13.72,13.73,13.74,12300,11000,22900,6400,5100,1600,800,12000,7100,2600,3500,1700,9100,14400,40700,13400,8700,40300,35200,19200
3644.0,13.62,7603400,102386883.0,13.62,13.61,13.6,13.59,13.58,13.57,13.56,13.55,13.54,13.53,13.63,13.64,13.65,13.66,13.67,13.69,13.7,13.71,13.72,13.73,8300,11600,22900,6400,5100,1600,800,12000,7100,2600,500,3500,1700,9100,14400,40700,13400,8700,40300,35200
3645.0,13.62,7604300,102399141.0,13.62,13.61,13.6,13.59,13.58,13.57,13.56,13.55,13.54,13.53,13.63,13.64,13.65,13.66,13.67,13.69,13.7,13.71,13.72,13.73,9400,11600,22900,6400,5100,1600,800,12000,7100,2600,500,5200,1700,9100,14400,40700,13400,8700,40300,35200
3646.0,13.62,7604300,102399141.0,13.62,13.61,13.6,13.59,13.58,13.57,13.56,13.55,13.54,13.53,13.63,13.64,13.65,13.66,13.67,13.69,13.7,13.71,13.72,13.73,10900,12800,22900,6400,5100,1600,800,12000,7100,2600,500,5200,1700,9100,14400,40700,12900,9400,40300,35200
3647.0,13.62,7605600,102416847.0,13.62,13.61,13.6,13.59,13.58,13.57,13.56,13.55,13.54,13.53,13.63,13.64,13.65,13.66,13.67,13.69,13.7,13.71,13.72,13.73,9600,17000,23200,6400,5100,1600,800,12000,7100,2600,500,5200,1700,9100,14400,40700,12900,9400,40300,35200
3648.0,13.62,7605600,102416847.0,13.62,13.61,13.6,13.59,13.58,13.57,13.56,13.55,13.54,13.53,13.63,13.64,13.65,13.66,13.67,13.69,13.7,13.71,13.72,13.73,16800,17000,23200,5400,5100,1600,800,12000,7100,2600,500,5200,1700,9100,14400,40700,12900,9400,40300,35200
3649.0,13.62,7610000,102476806.0,13.62,13.61,13.6,13.59,13.58,13.57,13.56,13.55,13.54,13.53,13.64,13.65,13.66,13.67,13.69,13.7,13.71,13.72,13.73,13.74,14200,17800,23200,5400,6100,1600,800,12000,7100,2600,3900,1700,9100,14400,40700,12900,9400,40300,35200,19400
3650.0,13.62,7610000,102476806.0,13.62,13.61,13.6,13.59,13.58,13.57,13.56,13.55,13.54,13.53,13.64,13.65,13.66,13.67,13.69,13.7,13.71,13.72,13.73,13.74,15400,18300,24200,5400,6100,1600,800,12000,7100,2600,3900,1700,9100,14400,40700,12900,9400,40300,35200,19400
3651.0,13.64,7610300,102480898.0,13.62,13.61,13.6,13.59,13.58,13.57,13.56,13.55,13.54,13.53,13.64,13.65,13.66,13.67,13.69,13.7,13.71,13.72,13.73,13.74,15400,18300,24200,5400,6300,1600,800,12000,7100,2600,3600,1700,9100,14400,40700,12900,9400,40300,35200,19400
3652.0,13.64,7610300,102480898.0,13.62,13.61,13.6,13.59,13.58,13.57,13.56,13.55,13.54,13.53,13.64,13.65,13.66,13.67,13.69,13.7,13.71,13.72,13.73,13.74,15400,18300,24200,5400,6300,1600,800,12000,7100,2600,3600,1700,9100,14400,40700,12900,9400,40300,35200,19400
3653.0,13.64,7610300,102480898.0,13.62,13.61,13.6,13.59,13.58,13.57,13.56,13.55,13.54,13.53,13.64,13.65,13.66,13.67,13.69,13.7,13.71,13.72,13.73,13.74,15400,18300,24200,5400,6300,1600,800,12000,7100,2600,4100,3200,9100,14400,40700,12900,9400,40300,35200,19400
3654.0,13.64,7611000,102490446.0,13.62,13.61,13.6,13.59,13.58,13.57,13.56,13.55,13.54,13.53,13.64,13.65,13.66,13.67,13.69,13.7,13.71,13.72,13.73,13.74,15400,18300,24200,5400,6300,1600,800,12000,7100,2600,4500,3200,9100,14400,40700,12900,9400,40300,35200,19400
3655.0,13.64,7613700,102527254.0,13.62,13.61,13.6,13.59,13.58,13.57,13.56,13.55,13.54,13.53,13.64,13.65,13.66,13.67,13.69,13.7,13.71,13.72,13.73,13.74,7200,18300,24200,5400,6300,1600,800,12000,7100,2600,2800,3200,9400,14400,40700,12900,9400,40300,35200,19400
3656.0,13.62,7614900,102543598.0,13.62,13.61,13.6,13.59,13.58,13.57,13.56,13.55,13.54,13.53,13.64,13.65,13.66,13.67,13.69,13.7,13.71,13.72,13.73,13.74,31000,18300,25800,5400,6300,1600,800,12000,7100,2600,2800,3200,9400,14400,41200,12900,9400,40300,35200,19400
3657.0,13.64,7615700,102554510.0,13.63,13.62,13.61,13.6,13.59,13.58,13.57,13.56,13.55,13.54,13.64,13.65,13.66,13.67,13.69,13.7,13.71,13.72,13.73,13.74,1000,31000,18300,26300,5400,6300,1600,800,12000,7100,2000,2300,10200,14400,41200,12900,9400,40300,35200,19400
3658.0,13.64,7615700,102554510.0,13.63,13.62,13.61,13.6,13.59,13.58,13.57,13.56,13.55,13.54,13.64,13.65,13.66,13.67,13.69,13.7,13.71,13.72,13.73,13.74,1000,31000,18300,26300,5400,6300,1600,800,12000,7100,2000,2300,10200,14400,41200,12900,9400,40300,35200,19400
3659.0,13.64,7615700,102554510.0,13.63,13.62,13.61,13.6,13.59,13.58,13.57,13.56,13.55,13.54,13.64,13.65,13.66,13.67,13.69,13.7,13.71,13.72,13.73,13.74,1000,31400,18400,26500,5400,6300,1600,800,12000,7100,2200,2300,10200,14400,41200,12900,9400,40300,35200,19400
3660.0,13.64,7615900,102557238.0,13.63,13.62,13.61,13.6,13.59,13.58,13.57,13.56,13.55,13.54,13.64,13.65,13.66,13.67,13.69,13.7,13.71,13.72,13.73,13.74,1000,31400,18400,26500,5400,6300,1600,800,12000,7100,2000,2300,10200,14400,41200,12900,9400,40300,35200,20900
3661.0,13.63,7616900,102570868.0,13.62,13.61,13.6,13.59,13.58,13.57,13.56,13.55,13.54,13.53,13.63,13.64,13.65,13.66,13.67,13.69,13.7,13.71,13.72,13.73,31400,18400,26500,5400,6300,1600,800,12000,7100,2600,6100,2000,2300,10200,14400,41200,12900,9400,40300,35200
3662.0,13.64,7623800,102664909.0,13.62,13.61,13.6,13.59,13.58,13.57,13.56,13.55,13.54,13.53,13.64,13.65,13.66,13.67,13.69,13.7,13.71,13.72,13.73,13.74,32200,18400,26500,5400,6900,1600,800,12000,7100,2600,4100,2300,10200,14400,41200,12900,9400,40300,35200,20900
3663.0,13.62,7624900,102679899.0,13.62,13.61,13.6,13.59,13.58,13.57,13.56,13.55,13.54,13.53,13.64,13.65,13.66,13.67,13.69,13.7,13.71,13.72,13.73,13.74,32000,18400,26500,5600,6900,1600,800,12000,7100,2600,3700,2300,10200,14400,41200,12900,9400,40300,35200,20900
3664.0,13.62,7624900,102679899.0,13.62,13.61,13.6,13.59,13.58,13.57,13.56,13.55,13.54,13.53,13.63,13.64,13.65,13.66,13.67,13.69,13.7,13.71,13.72,13.73,30500,18400,26500,5600,6900,1600,800,12000,7100,2600,500,3700,2300,10200,14400,41200,12900,9400,40300,35200
3665.0,13.62,7625300,102685347.0,13.62,13.61,13.6,13.59,13.58,13.57,13.56,13.55,13.54,13.53,13.63,13.64,13.65,13.66,13.67,13.69,13.7,13.71,13.72,13.73,30100,18400,26500,5600,6900,1600,800,12000,7100,2600,500,3700,2300,10200,14400,41200,12900,9400,40300,35200
3666.0,13.62,7625300,102685347.0,13.62,13.61,13.6,13.59,13.58,13.57,13.56,13.55,13.54,13.53,13.63,13.64,13.65,13.66,13.67,13.69,13.7,13.71,13.72,13.73,31900,18400,26500,5600,6900,1600,800,12000,7100,2600,500,3700,2300,10300,14400,41200,12900,9400,40300,35200
3667.0,13.62,7625300,102685347.0,13.62,13.61,13.6,13.59,13.58,13.57,13.56,13.55,13.54,13.53,13.63,13.64,13.65,13.66,13.67,13.69,13.7,13.71,13.72,13.73,31900,18400,27000,5600,6900,1600,800,12000,7100,2600,500,3700,2300,10300,14400,41200,14300,9400,40300,35200
3668.0,13.63,7625400,102686710.0,13.62,13.61,13.6,13.59,13.58,13.57,13.56,13.55,13.54,13.53,13.63,13.64,13.65,13.66,13.67,13.69,13.7,13.71,13.72,13.73,32100,18400,27000,5600,6900,1600,800,12000,7100,2800,400,3700,2300,10300,14400,41200,14300,9400,40600,35200
3669.0,13.63,7630200,102752134.0,13.62,13.61,13.6,13.59,13.58,13.57,13.56,13.55,13.54,13.53,13.63,13.64,13.65,13.66,13.67,13.69,13.7,13.71,13.72,13.73,32100,18400,27000,5600,6900,1600,800,12000,7100,2800,1400,3700,2300,10300,14400,41200,14300,9400,40600,35200
3670.0,13.62,7631500,102769845.0,13.62,13.61,13.6,13.59,13.58,13.57,13.56,13.55,13.54,13.53,13.63,13.64,13.65,13.66,13.67,13.69,13.7,13.71,13.72,13.73,31300,19400,27200,5600,6900,1600,800,12000,7100,2800,1100,3700,2300,10300,14400,41200,14300,9400,40600,35200
3671.0,13.62,7658000,103130782.0,13.62,13.61,13.6,13.59,13.58,13.57,13.56,13.55,13.54,13.53,13.63,13.64,13.65,13.66,13.67,13.69,13.7,13.71,13.72,13.73,5500,19400,27200,5600,6900,1600,800,12000,7100,2800,400,3700,2300,10300,14400,41200,14300,9400,40600,35200
3672.0,13.62,7659000,103144409.0,13.62,13.61,13.6,13.59,13.58,13.57,13.56,13.55,13.54,13.53,13.63,13.64,13.65,13.66,13.67,13.69,13.7,13.71,13.72,13.73,5100,19400,27200,5600,6900,1600,800,12000,7100,2800,500,3600,2300,10300,14400,41200,14300,9400,40600,35200
3673.0,13.63,7660500,103164854.0,13.63,13.62,13.61,13.6,13.59,13.58,13.57,13.56,13.55,13.54,13.64,13.65,13.66,13.67,13.69,13.7,13.71,13.72,13.73,13.74,500,5100,19400,28000,5600,6900,1600,800,12000,7100,3600,2300,10300,14400,41200,14300,9400,40600,35200,20900
3674.0,13.64,7660800,103168946.0,13.63,13.62,13.61,13.6,13.59,13.58,13.57,13.56,13.55,13.54,13.64,13.65,13.66,13.67,13.69,13.7,13.71,13.72,13.73,13.74,1000,5100,19400,28000,5600,6900,1600,800,12000,7100,3300,2300,10300,14400,41200,14300,9400,40600,35200,20900
3675.0,13.64,7660800,103168946.0,13.63,13.62,13.61,13.6,13.59,13.58,13.57,13.56,13.55,13.54,13.64,13.65,13.66,13.67,13.69,13.7,13.71,13.72,13.73,13.74,2500,5100,19400,28000,5600,6900,1600,800,11600,7100,3300,2300,10300,14400,41200,14300,9400,40600,35200,20900
3676.0,13.63,7661600,103179850.0,13.63,13.62,13.61,13.6,13.59,13.58,13.57,13.56,13.55,13.54,13.64,13.65,13.66,13.67,13.69,13.7,13.71,13.72,13.73,13.74,9300,5100,18200,28000,5600,6900,1600,800,11600,7100,3300,2600,10300,14400,41200,14300,8700,40600,35200,20900
3677.0,13.63,7662400,103190757.0,13.63,13.62,13.61,13.6,13.59,13.58,13.57,13.56,13.55,13.54,13.64,13.65,13.66,13.67,13.69,13.7,13.71,13.72,13.73,13.74,9100,5100,18200,28000,5600,6900,1600,800,11600,7100,3000,3600,10300,14400,41200,15300,8700,40600,35200,20900
3678.0,13.63,7663100,103200298.0,13.63,13.62,13.61,13.6,13.59,13.58,13.57,13.56,13.55,13.54,13.64,13.65,13.66,13.67,13.69,13.7,13.71,13.72,13.73,13.74,8400,5100,18200,28000,5600,6900,1600,800,11600,7100,3000,3600,10300,14400,41200,15300,8700,40600,35200,20900
3679.0,13.64,7663700,103208482.0,13.63,13.62,13.61,13.6,13.59,13.58,13.57,13.56,13.55,13.54,13.64,13.65,13.66,13.67,13.69,13.7,13.71,13.72,13.73,13.74,8400,5100,18200,28000,5600,6900,1600,800,11600,7100,2400,3600,10300,14400,44100,15300,8700,40600,35200,20900
3680.0,13.64,7664200,103215302.0,13.63,13.62,13.61,13.6,13.59,13.58,13.57,13.56,13.55,13.54,13.64,13.65,13.66,13.67,13.69,13.7,13.71,13.72,13.73,13.74,16200,5100,18200,28000,6400,6900,1600,800,11100,7100,1900,4100,10300,14400,44100,15300,8700,40600,35200,20900
3681.0,13.63,7667100,103254838.0,13.63,13.62,13.61,13.6,13.59,13.58,13.57,13.56,13.55,13.54,13.64,13.65,13.66,13.67,13.69,13.7,13.71,13.72,13.73,13.74,14200,5100,18200,28000,6400,6900,1600,800,11100,7100,1000,4100,10300,14400,44100,15300,8700,40600,35200,20900
3682.0,13.63,7667100,103254838.0,13.63,13.62,13.61,13.6,13.59,13.58,13.57,13.56,13.55,13.54,13.64,13.65,13.66,13.67,13.69,13.7,13.71,13.72,13.73,13.74,14200,5100,18200,28000,6400,6900,1600,800,11100,7100,1000,4100,10800,14400,44100,16100,8700,40600,35200,20900
3683.0,13.64,7667400,103258930.0,13.63,13.62,13.61,13.6,13.59,13.58,13.57,13.56,13.55,13.54,13.64,13.65,13.66,13.67,13.69,13.7,13.71,13.72,13.73,13.74,14200,5100,18600,28000,6400,6900,1600,800,11100,7100,700,4100,10800,14400,44100,16100,8700,40600,35200,20900
3684.0,13.64,7667400,103258930.0,13.63,13.62,13.61,13.6,13.59,13.58,13.57,13.56,13.55,13.54,13.64,13.65,13.66,13.67,13.69,13.7,13.71,13.72,13.73,13.74,14200,5100,18600,28000,6400,6900,1600,800,11100,7100,700,4100,10800,14400,44100,16100,8700,40600,35200,20900
3685.0,13.63,7668100,103268471.0,13.63,13.62,13.61,13.6,13.59,13.58,13.57,13.56,13.55,13.54,13.64,13.65,13.66,13.67,13.69,13.7,13.71,13.72,13.73,13.74,14500,3300,18600,28000,6400,6900,1600,800,11100,7100,700,4100,10800,14400,44100,16100,8700,40600,35200,20900
3686.0,13.64,7668800,103278019.0,13.64,13.63,13.62,13.61,13.6,13.59,13.58,13.57,13.56,13.55,13.65,13.66,13.67,13.69,13.7,13.71,13.72,13.73,13.74,13.75,6300,14500,3300,18600,28000,6400,6900,1600,800,11100,4100,10800,14400,44100,16100,8700,40600,35200,20900,15400
3687.0,13.64,7668800,103278019.0,13.64,13.63,13.62,13.61,13.6,13.59,13.58,13.57,13.56,13.55,13.65,13.66,13.67,13.69,13.7,13.71,13.72,13.73,13.74,13.75,6300,14500,3300,18600,28000,6400,6900,1600,800,11100,4100,10800,14400,44100,16100,8700,40600,35200,20900,15400
3688.0,13.64,7668800,103278019.0,13.64,13.63,13.62,13.61,13.6,13.59,13.58,13.57,13.56,13.55,13.65,13.66,13.67,13.69,13.7,13.71,13.72,13.73,13.74,13.75,13000,14500,3300,18600,28000,6400,6900,1600,800,11100,4100,11100,14400,44100,16100,8700,40600,35200,20900,15400
3689.0,13.64,7669700,103290299.0,13.64,13.63,13.62,13.61,13.6,13.59,13.58,13.57,13.56,13.55,13.65,13.66,13.67,13.69,13.7,13.71,13.72,13.73,13.74,13.75,12500,14500,3300,18600,28000,6400,6900,1600,800,11100,3700,11100,14400,44100,16100,8700,40600,35200,20900,15400
3690.0,13.64,7672400,103327134.0,13.64,13.63,13.62,13.61,13.6,13.59,13.58,13.57,13.56,13.55,13.65,13.66,13.67,13.69,13.7,13.71,13.72,13.73,13.74,13.75,10500,14500,3300,18600,28000,6400,6900,1600,800,11100,3000,11100,14400,44100,16100,8700,40600,35200,20900,15400
3691.0,13.64,7672900,103333954.0,13.64,13.63,13.62,13.61,13.6,13.59,13.58,13.57,13.56,13.55,13.65,13.66,13.67,13.69,13.7,13.71,13.72,13.73,13.74,13.75,10000,14500,3300,18600,28000,6400,6900,2600,800,11100,3000,11100,14400,44100,16100,8700,40600,35200,20900,15400
3692.0,13.64,7673900,103347597.0,13.64,13.63,13.62,13.61,13.6,13.59,13.58,13.57,13.56,13.55,13.65,13.66,13.67,13.69,13.7,13.71,13.72,13.73,13.74,13.75,9300,20300,3300,18700,28000,6400,6900,2600,800,11100,4300,11100,14400,44100,16100,8700,40600,35200,20900,15400
3693.0,13.64,7673900,103347597.0,13.64,13.63,13.62,13.61,13.6,13.59,13.58,13.57,13.56,13.55,13.65,13.66,13.67,13.69,13.7,13.71,13.72,13.73,13.74,13.75,9300,20300,3300,18700,28000,6400,6900,2600,800,11100,4400,11100,14400,44100,16100,8700,40600,35200,23000,15400
3694.0,13.65,7675600,103370802.0,13.64,13.63,13.62,13.61,13.6,13.59,13.58,13.57,13.56,13.55,13.65,13.66,13.67,13.69,13.7,13.71,13.72,13.73,13.74,13.75,9300,20300,3300,18700,28000,6400,6900,2600,800,11100,2700,11100,14400,44100,16100,8700,40600,35200,23000,15400
3695.0,13.65,7675800,103373532.0,13.64,13.63,13.62,13.61,13.6,13.59,13.58,13.57,13.56,13.55,13.65,13.66,13.67,13.69,13.7,13.71,13.72,13.73,13.74,13.75,9300,20300,3100,18700,28000,6400,6900,2600,800,11100,2500,11100,14400,44100,16100,8700,40600,35200,23000,15400
3696.0,13.65,7675800,103373532.0,13.64,13.63,13.62,13.61,13.6,13.59,13.58,13.57,13.56,13.55,13.65,13.66,13.67,13.69,13.7,13.71,13.72,13.73,13.74,13.75,9600,20300,3100,18700,28000,6400,6900,2600,800,11100,2500,11100,14400,44100,16100,8700,40600,35200,23000,15400
3697.0,13.64,7676300,103380352.0,13.64,13.63,13.62,13.61,13.6,13.59,13.58,13.57,13.56,13.55,13.65,13.66,13.67,13.69,13.7,13.71,13.72,13.73,13.74,13.75,9100,20300,3100,18700,23600,6400,6900,2600,800,11100,2500,10200,14400,44100,16100,8700,40600,35200,23000,15400
3698.0,13.65,7676500,103383082.0,13.64,13.63,13.62,13.61,13.6,13.59,13.58,13.57,13.56,13.55,13.65,13.66,13.67,13.69,13.7,13.71,13.72,13.73,13.74,13.75,9100,20300,3100,18700,23400,6400,7900,2600,800,11100,2300,10200,14400,44100,16100,8700,40600,35200,23000,15400
3699.0,13.64,7677200,103392630.0,13.64,13.63,13.62,13.61,13.6,13.59,13.58,13.57,13.56,13.55,13.65,13.66,13.67,13.69,13.7,13.71,13.72,13.73,13.74,13.75,8400,20300,3100,18700,23400,6400,7900,2600,800,11100,2300,10200,14400,44100,16100,8700,40600,35200,23000,15400
3700.0,13.64,7678000,103403542.0,13.64,13.63,13.62,13.61,13.6,13.59,13.58,13.57,13.56,13.55,13.65,13.66,13.67,13.69,13.7,13.71,13.72,13.73,13.74,13.75,7600,20300,3100,18700,23400,6400,7900,2600,800,11100,2300,10300,14400,44100,16100,8700,40600,35200,23000,15400
3701.0,13.65,7681600,103452661.0,13.64,13.63,13.62,13.61,13.6,13.59,13.58,13.57,13.56,13.55,13.65,13.66,13.67,13.69,13.7,13.71,13.72,13.73,13.74,13.75,5500,20300,3100,18700,23400,6400,7900,2600,800,11100,800,10300,14400,44100,16100,8700,40600,35200,23000,15400
3702.0,13.65,7682400,103463581.0,13.65,13.64,13.63,13.62,13.61,13.6,13.59,13.58,13.57,13.56,13.66,13.67,13.69,13.7,13.71,13.72,13.73,13.74,13.75,13.76,400,5500,20300,3100,18700,23400,6400,7900,2600,800,10300,14400,44100,16100,8700,40600,35200,23000,15400,8900
3703.0,13.65,7682400,103463581.0,13.65,13.64,13.63,13.62,13.61,13.6,13.59,13.58,13.57,13.56,13.66,13.67,13.69,13.7,13.71,13.72,13.73,13.74,13.75,13.76,20400,5500,20300,3100,18700,23400,6400,7900,2600,800,10300,14400,44100,16100,8700,40600,35200,23000,15400,8900
3704.0,13.66,7683200,103474509.0,13.65,13.64,13.63,13.62,13.61,13.6,13.59,13.58,13.57,13.56,13.66,13.67,13.69,13.7,13.71,13.72,13.73,13.74,13.75,13.76,20400,7700,20300,3100,18700,23400,6400,7900,2600,800,9000,14400,44100,16100,8700,40600,38700,23000,15400,8900
3705.0,13.66,7683200,103474509.0,13.65,13.64,13.63,13.62,13.61,13.6,13.59,13.58,13.57,13.56,13.66,13.67,13.69,13.7,13.71,13.72,13.73,13.74,13.75,13.76,20400,7700,20300,3100,18700,23400,6400,7900,2600,800,9000,14400,44100,16100,8700,40600,38700,23000,15400,8900
3706.0,13.65,7684500,103492254.0,13.65,13.64,13.63,13.62,13.61,13.6,13.59,13.58,13.57,13.56,13.66,13.67,13.69,13.7,13.71,13.72,13.73,13.74,13.75,13.76,19100,7900,20300,3100,18700,23400,6400,7900,2600,800,9000,14400,44100,16100,8700,40600,38700,23000,15400,8900
3707.0,13.66,7691200,103583776.0,13.65,13.64,13.63,13.62,13.61,13.6,13.59,13.58,13.57,13.56,13.66,13.67,13.69,13.7,13.71,13.72,13.73,13.74,13.75,13.76,19100,7900,20300,2700,18700,23400,6400,7900,2600,800,2300,14400,44100,16100,8700,40600,38700,23000,15400,8900
3708.0,13.65,7694000,103621996.0,13.65,13.64,13.63,13.62,13.61,13.6,13.59,13.58,13.57,13.56,13.66,13.67,13.69,13.7,13.71,13.72,13.73,13.74,13.75,13.76,16300,7900,20300,2000,18700,23400,6400,7900,2600,800,2300,14400,44100,16100,8700,40600,38700,23000,15400,8900
3709.0,13.65,7707200,103802176.0,13.65,13.64,13.63,13.62,13.61,13.6,13.59,13.58,13.57,13.56,13.66,13.67,13.69,13.7,13.71,13.72,13.73,13.74,13.75,13.76,3200,7900,14500,2000,18700,23400,6400,7900,2600,800,2300,14400,44100,16100,8700,40900,38700,23000,15400,8900
3710.0,13.65,7713200,103884062.0,13.64,13.63,13.62,13.61,13.6,13.59,13.58,13.57,13.56,13.55,13.65,13.66,13.67,13.69,13.7,13.71,13.72,13.73,13.74,13.75,6300,14500,2000,18700,23400,6400,7900,2600,800,11100,500,2100,14400,44100,16100,8700,40900,38700,23000,15400
3711.0,13.64,7715100,103909978.0,13.64,13.63,13.62,13.61,13.6,13.59,13.58,13.57,13.56,13.55,13.65,13.66,13.67,13.69,13.7,13.71,13.72,13.73,13.74,13.75,4400,14500,2000,18700,23400,6400,7900,2600,800,11100,500,2100,14400,44100,16100,8700,40900,38700,22600,15400
3712.0,13.65,7715200,103911343.0,13.64,13.63,13.62,13.61,13.6,13.59,13.58,13.57,13.56,13.55,13.65,13.66,13.67,13.69,13.7,13.71,13.72,13.73,13.74,13.75,4500,18500,2000,18700,23400,6400,7900,2600,800,11100,3700,2100,14400,44100,16100,8700,40900,37100,22600,15400
3713.0,13.65,7716000,103922259.0,13.64,13.63,13.62,13.61,13.6,13.59,13.58,13.57,13.56,13.55,13.65,13.66,13.67,13.69,13.7,13.71,13.72,13.73,13.74,13.75,4100,18500,2000,18700,23400,6400,7900,1300,800,11100,4300,2100,14400,44100,16100,8700,40900,37100,22600,15400
3714.0,13.65,7716300,103926354.0,13.64,13.63,13.62,13.61,13.6,13.59,13.58,13.57,13.56,13.55,13.65,13.66,13.67,13.69,13.7,13.71,13.72,13.73,13.74,13.75,4000,18500,2000,18700,23400,6400,7900,1300,800,11100,4000,2100,14400,44100,16100,8700,40900,39100,22600,15400
3715.0,13.65,7718200,103952289.0,13.64,13.63,13.62,13.61,13.6,13.59,13.58,13.57,13.56,13.55,13.65,13.66,13.67,13.69,13.7,13.71,13.72,13.73,13.74,13.75,4000,5300,2000,18700,23400,6400,7900,1300,800,11100,2100,2100,15700,44100,16100,8700,40900,39100,22600,15400
3716.0,13.65,7718200,103952289.0,13.64,13.63,13.62,13.61,13.6,13.59,13.58,13.57,13.56,13.55,13.65,13.66,13.67,13.69,13.7,13.71,13.72,13.73,13.74,13.75,4000,5300,2000,18700,23400,6400,7900,1300,800,11100,2600,2100,15700,44100,16100,8700,40900,39100,22600,15400
3717.0,13.65,7718200,103952289.0,13.64,13.63,13.62,13.61,13.6,13.59,13.58,13.57,13.56,13.55,13.65,13.66,13.67,13.69,13.7,13.71,13.72,13.73,13.74,13.75,4000,5300,2000,18700,23400,6400,7900,1300,800,11100,2600,2100,15700,44100,16100,8700,40900,39100,22600,15400
3718.0,13.64,7719700,103972751.0,13.64,13.63,13.62,13.61,13.6,13.59,13.58,13.57,13.56,13.55,13.65,13.66,13.67,13.69,13.7,13.71,13.72,13.73,13.74,13.75,2700,5300,2000,18700,23400,6400,7900,1300,800,11100,2400,2100,15700,44100,16100,8700,40900,39100,22600,15400
3719.0,13.64,7719700,103972751.0,13.64,13.63,13.62,13.61,13.6,13.59,13.58,13.57,13.56,13.55,13.65,13.66,13.67,13.69,13.7,13.71,13.72,13.73,13.74,13.75,2900,5300,2000,18700,23400,6400,7900,1300,800,11100,2400,2100,15700,44100,16100,8700,40900,39100,22600,15400
3720.0,13.65,7721500,103997305.0,13.64,13.63,13.62,13.61,13.6,13.59,13.58,13.57,13.56,13.55,13.65,13.66,13.67,13.69,13.7,13.71,13.72,13.73,13.74,13.75,3100,5300,2000,18700,23400,6400,7900,1300,800,11100,2200,2100,15700,44100,16100,8700,40900,39100,22600,15400
3721.0,13.65,7721700,104000035.0,13.64,13.63,13.62,13.61,13.6,13.59,13.58,13.57,13.56,13.55,13.65,13.66,13.67,13.69,13.7,13.71,13.72,13.73,13.74,13.75,3100,5300,2000,18700,23400,6400,7900,1300,800,11100,2000,2100,15700,44100,16100,8700,40900,39100,22600,15400
3722.0,13.65,7724500,104038254.0,13.64,13.63,13.62,13.61,13.6,13.59,13.58,13.57,13.56,13.55,13.65,13.66,13.67,13.69,13.7,13.71,13.72,13.73,13.74,13.75,3000,5300,2000,18700,23400,6400,7900,1300,800,11100,300,2100,15700,44100,16100,8700,40900,39100,22600,15400
3723.0,13.65,7724500,104038254.0,13.64,13.63,13.62,13.61,13.6,13.59,13.58,13.57,13.56,13.55,13.65,13.66,13.67,13.69,13.7,13.71,13.72,13.73,13.74,13.75,3000,9600,2000,18700,23400,6400,7900,1300,800,11100,300,2100,15700,44100,16100,8700,40900,39100,22600,15400
3724.0,13.65,7740200,104252513.0,13.65,13.64,13.63,13.62,13.61,13.6,13.59,13.58,13.57,13.56,13.66,13.67,13.69,13.7,13.71,13.72,13.73,13.74,13.75,13.76,10400,1400,9600,2000,18700,24400,6400,7900,1300,800,2100,15700,44100,16100,8700,40900,39100,22600,15400,8900
3725.0,13.66,7740600,104257977.0,13.65,13.64,13.63,13.62,13.61,13.6,13.59,13.58,13.57,13.56,13.66,13.67,13.69,13.7,13.71,13.72,13.73,13.74,13.75,13.76,10400,1400,9600,2400,14700,24400,6400,7900,1300,800,1700,15700,44100,16100,8700,41400,39100,22600,15400,8900
3726.0,13.66,7747400,104350799.0,13.65,13.64,13.63,13.62,13.61,13.6,13.59,13.58,13.57,13.56,13.66,13.67,13.69,13.7,13.71,13.72,13.73,13.74,13.75,13.76,3800,6400,9700,2400,14700,24400,6400,7900,1300,800,1500,15700,44100,16600,8700,41400,39100,22600,15400,8900
3727.0,13.65,7747800,104356260.0,13.65,13.64,13.63,13.62,13.61,13.6,13.59,13.58,13.57,13.56,13.66,13.67,13.69,13.7,13.71,13.72,13.73,13.74,13.75,13.76,3500,6400,9700,2400,14700,24400,6400,7900,1300,800,1400,15700,44100,16600,8700,41400,39100,22600,15400,8900
3728.0,13.65,7748200,104361720.0,13.65,13.64,13.63,13.62,13.61,13.6,13.59,13.58,13.57,13.56,13.66,13.67,13.69,13.7,13.71,13.72,13.73,13.74,13.75,13.76,3100,6400,9700,2500,14700,24400,6400,7900,1300,800,1400,15700,44100,16600,8700,41400,39100,22600,15400,8900
3729.0,13.65,7749000,104372641.0,13.65,13.64,13.63,13.62,13.61,13.6,13.59,13.58,13.57,13.56,13.66,13.67,13.69,13.7,13.71,13.72,13.73,13.74,13.75,13.76,3200,6400,9700,2500,14700,24400,6400,7900,1300,800,1300,15700,44100,16600,8700,41400,39100,22600,15400,8900
3730.0,13.65,7749000,104372641.0,13.65,13.64,13.63,13.62,13.61,13.6,13.59,13.58,13.57,13.56,13.66,13.67,13.69,13.7,13.71,13.72,13.73,13.74,13.75,13.76,6300,16000,9700,2500,14700,24400,6400,7900,1300,800,1300,15700,44100,16600,8700,41400,39100,22600,15400,8900
3731.0,13.65,7749000,104372641.0,13.65,13.64,13.63,13.62,13.61,13.6,13.59,13.58,13.57,13.56,13.66,13.67,13.69,13.7,13.71,13.72,13.73,13.74,13.75,13.76,9500,16000,9700,2400,14700,24400,6400,7900,1300,800,2300,15700,44100,16600,8700,41400,39100,22600,15400,8900
3732.0,13.66,7749200,104375373.0,13.65,13.64,13.63,13.62,13.61,13.6,13.59,13.58,13.57,13.56,13.66,13.67,13.69,13.7,13.71,13.72,13.73,13.74,13.75,13.76,9500,16700,9800,2400,14700,24400,6400,7900,1300,800,2100,15700,44100,16600,8700,41400,39100,22600,15400,8900
3733.0,13.66,7749200,104375373.0,13.65,13.64,13.63,13.62,13.61,13.6,13.59,13.58,13.57,13.56,13.66,13.67,13.69,13.7,13.71,13.72,13.73,13.74,13.75,13.76,17500,16700,9800,2400,14700,24400,6400,7900,1300,800,2100,15700,44100,16600,8700,41400,39100,22600,15400,8900
3734.0,13.65,7753800,104438167.0,13.65,13.64,13.63,13.62,13.61,13.6,13.59,13.58,13.57,13.56,13.66,13.67,13.69,13.7,13.71,13.72,13.73,13.74,13.75,13.76,13300,16700,9800,2400,14700,24400,6400,7900,1300,800,2200,15700,44100,16600,8700,41400,39100,22600,15400,8900
3735.0,13.66,7754000,104440899.0,13.65,13.64,13.63,13.62,13.61,13.6,13.59,13.58,13.57,13.56,13.66,13.67,13.69,13.7,13.71,13.72,13.73,13.74,13.75,13.76,21700,18400,9800,2400,14700,24400,6400,7900,1300,800,2000,15700,44100,16600,8700,41400,39100,22600,15400,8900
3736.0,13.66,7754100,104442265.0,13.65,13.64,13.63,13.62,13.61,13.6,13.59,13.58,13.57,13.56,13.66,13.67,13.69,13.7,13.71,13.72,13.73,13.74,13.75,13.76,21700,18400,9800,2400,14700,24400,6400,7900,1300,800,1900,15700,44100,16600,8700,41400,39100,22600,15400,8900
3737.0,13.66,7754900,104453193.0,13.65,13.64,13.63,13.62,13.61,13.6,13.59,13.58,13.57,13.56,13.66,13.67,13.69,13.7,13.71,13.72,13.73,13.74,13.75,13.76,21700,18400,9800,2400,14700,24400,6400,7900,1300,800,1100,15700,44100,16600,8700,41400,39100,22600,15400,8900
3738.0,13.66,7756400,104473683.0,13.66,13.65,13.64,13.63,13.62,13.61,13.6,13.59,13.58,13.57,13.67,13.69,13.7,13.71,13.72,13.73,13.74,13.75,13.76,13.77,1200,22200,18400,9800,2400,14700,24400,6400,7900,1300,15700,44100,16600,8700,41400,39100,22600,15400,8900,4500
3739.0,13.66,7756400,104473683.0,13.66,13.65,13.64,13.63,13.62,13.61,13.6,13.59,13.58,13.57,13.67,13.69,13.7,13.71,13.72,13.73,13.74,13.75,13.76,13.77,1300,22200,18400,9800,2400,14700,24400,6400,7900,1300,15700,44100,16600,8700,41400,39100,22600,15400,8900,4500
3740.0,13.67,7757500,104488720.0,13.66,13.65,13.64,13.63,13.62,13.61,13.6,13.59,13.58,13.57,13.67,13.69,13.7,13.71,13.72,13.73,13.74,13.75,13.76,13.77,5100,22200,18400,9800,2400,14700,24400,6400,7900,1300,14600,44100,16600,8700,41400,39100,22600,15400,8900,4500
3741.0,13.66,7758700,104505119.0,13.66,13.65,13.64,13.63,13.62,13.61,13.6,13.59,13.58,13.57,13.67,13.69,13.7,13.71,13.72,13.73,13.74,13.75,13.76,13.77,14900,22200,18400,9800,2400,14700,24400,6400,7900,1300,13900,44100,16600,8700,41400,39100,22600,15400,8900,4500
3742.0,13.66,7758700,104505119.0,13.66,13.65,13.64,13.63,13.62,13.61,13.6,13.59,13.58,13.57,13.67,13.69,13.7,13.71,13.72,13.73,13.74,13.75,13.76,13.77,14900,22200,18400,9800,2400,14700,24400,6400,7900,1300,13900,44100,16600,8700,41400,39100,22600,15400,8900,4500
3743.0,13.66,7760800,104533821.0,13.66,13.65,13.64,13.63,13.62,13.61,13.6,13.59,13.58,13.57,13.67,13.69,13.7,13.71,13.72,13.73,13.74,13.75,13.76,13.77,18400,22200,12600,9800,2400,14700,24400,6400,7900,1300,12300,44100,16600,8700,41400,39100,24000,15400,8900,4500
3744.0,13.66,7760800,104533821.0,13.66,13.65,13.64,13.63,13.62,13.61,13.6,13.59,13.58,13.57,13.67,13.69,13.7,13.71,13.72,13.73,13.74,13.75,13.76,13.77,18500,22200,12600,9800,2400,14700,24400,6400,7900,1300,12300,44100,16600,8700,41400,39100,24000,15400,8900,4500
3745.0,13.66,7760800,104533821.0,13.66,13.65,13.64,13.63,13.62,13.61,13.6,13.59,13.58,13.57,13.67,13.69,13.7,13.71,13.72,13.73,13.74,13.75,13.76,13.77,16100,22200,12600,9800,2400,14700,24400,6400,7900,1300,12300,44100,16600,8700,41400,39100,24000,15400,8900,4500
3746.0,13.67,7763100,104565262.0,13.66,13.65,13.64,13.63,13.62,13.61,13.6,13.59,13.58,13.57,13.67,13.69,13.7,13.71,13.72,13.73,13.74,13.75,13.76,13.77,19900,22700,12600,9800,2400,14700,24400,6400,7900,1300,10000,44100,16600,8700,41400,39100,24100,15400,8900,4500
3747.0,13.66,7763400,104569360.0,13.66,13.65,13.64,13.63,13.62,13.61,13.6,13.59,13.58,13.57,13.67,13.69,13.7,13.71,13.72,13.73,13.74,13.75,13.76,13.77,19600,22700,12600,9800,2400,14700,24400,6400,7900,1300,10000,44100,16600,8700,41400,39100,24100,15400,8900,4500
3748.0,13.67,7767100,104619932.0,13.66,13.65,13.64,13.63,13.62,13.61,13.6,13.59,13.58,13.57,13.67,13.69,13.7,13.71,13.72,13.73,13.74,13.75,13.76,13.77,21000,22700,12600,25100,2400,14700,24400,6400,7900,1300,7000,44100,16600,8700,41400,39100,24600,15400,8900,4500
3749.0,13.67,7767900,104630868.0,13.66,13.65,13.64,13.63,13.62,13.61,13.6,13.59,13.58,13.57,13.67,13.69,13.7,13.71,13.72,13.73,13.74,13.75,13.76,13.77,21000,22700,12600,25100,2400,14700,24400,6400,7900,1300,6200,44100,16600,8700,41400,39100,24600,15400,8900,4500
3750.0,13.66,7774000,104714229.0,13.66,13.65,13.64,13.63,13.62,13.61,13.6,13.59,13.58,13.57,13.67,13.69,13.7,13.71,13.72,13.73,13.74,13.75,13.76,13.77,18400,22700,12600,25100,2400,14700,24400,6400,7900,1300,2700,44100,16600,8700,41400,39100,22300,15400,8900,4500
3751.0,13.66,7774000,104714229.0,13.66,13.65,13.64,13.63,13.62,13.61,13.6,13.59,13.58,13.57,13.67,13.69,13.7,13.71,13.72,13.73,13.74,13.75,13.76,13.77,18600,18300,12600,25100,2400,14700,24400,6400,7900,1300,2700,44100,16600,8700,41400,39100,22300,15400,8900,4500
3752.0,13.67,7774300,104718330.0,13.66,13.65,13.64,13.63,13.62,13.61,13.6,13.59,13.58,13.57,13.67,13.69,13.7,13.71,13.72,13.73,13.74,13.75,13.76,13.77,20100,18300,12600,25100,2400,14700,27200,6400,7900,1300,2400,44100,16600,8700,41400,39100,22300,15400,8900,4500
3753.0,13.67,7776700,104751138.0,13.67,13.66,13.65,13.64,13.63,13.62,13.61,13.6,13.59,13.58,13.69,13.7,13.71,13.72,13.73,13.74,13.75,13.76,13.77,13.78,3400,20100,18300,8800,25100,2400,14700,27200,6400,7900,44100,16600,8700,41400,39100,22300,15400,8900,4500,14200
3754.0,13.67,7777700,104764808.0,13.67,13.66,13.65,13.64,13.63,13.62,13.61,13.6,13.59,13.58,13.69,13.7,13.71,13.72,13.73,13.74,13.75,13.76,13.77,13.78,2400,18900,18300,8800,25100,7000,14700,27200,6400,7900,44100,15200,8700,41400,39100,22300,15400,8900,4500,14200
3755.0,13.67,7777900,104767542.0,13.67,13.66,13.65,13.64,13.63,13.62,13.61,13.6,13.59,13.58,13.69,13.7,13.71,13.72,13.73,13.74,13.75,13.76,13.77,13.78,2700,18900,18300,8800,25100,7000,14700,27200,6400,7900,45100,15200,8700,41400,39100,22300,15400,8900,4500,14200
3756.0,13.67,7777900,104767542.0,13.67,13.66,13.65,13.64,13.63,13.62,13.61,13.6,13.59,13.58,13.69,13.7,13.71,13.72,13.73,13.74,13.75,13.76,13.77,13.78,3400,18900,18300,8800,25100,7000,14700,27200,6400,7900,45800,15200,8700,41400,39100,22300,15400,8900,4500,14200
3757.0,13.69,7779300,104786708.0,13.67,13.66,13.65,13.64,13.63,13.62,13.61,13.6,13.59,13.58,13.69,13.7,13.71,13.72,13.73,13.74,13.75,13.76,13.77,13.78,3400,18900,18300,8800,25100,7000,14700,28200,6400,7900,44400,15200,8700,41400,39100,22300,15400,8900,4500,14200
3758.0,13.67,7779600,104790809.0,13.67,13.66,13.65,13.64,13.63,13.62,13.61,13.6,13.59,13.58,13.69,13.7,13.71,13.72,13.73,13.74,13.75,13.76,13.77,13.78,4300,18900,18300,8800,25100,7000,14200,28200,6400,7900,45600,15200,8700,41400,39100,22300,15400,8900,4500,14200
3759.0,13.67,7779600,104790809.0,13.67,13.66,13.65,13.64,13.63,13.62,13.61,13.6,13.59,13.58,13.69,13.7,13.71,13.72,13.73,13.74,13.75,13.76,13.77,13.78,6100,18900,15200,8800,25100,7000,14200,28200,6400,7900,45600,15200,8700,41400,39100,22300,15400,8900,4500,14500
3760.0,13.67,7779600,104790809.0,13.67,13.66,13.65,13.64,13.63,13.62,13.61,13.6,13.59,13.58,13.69,13.7,13.71,13.72,13.73,13.74,13.75,13.76,13.77,13.78,7300,18900,15200,8800,25100,7000,14200,28200,6400,7900,45600,15200,8700,41400,39100,22300,15400,8900,4500,14500
3761.0,13.67,7780300,104800378.0,13.67,13.66,13.65,13.64,13.63,13.62,13.61,13.6,13.59,13.58,13.69,13.7,13.71,13.72,13.73,13.74,13.75,13.76,13.77,13.78,23000,18900,15200,8800,25100,7000,14200,28200,6400,7900,46800,15200,8700,41400,39100,22300,15400,8900,4500,14500
3762.0,13.67,7781000,104809947.0,13.67,13.66,13.65,13.64,13.63,13.62,13.61,13.6,13.59,13.58,13.69,13.7,13.71,13.72,13.73,13.74,13.75,13.76,13.77,13.78,22900,18900,15200,8800,25100,7000,14200,28200,6400,7900,46800,15400,8700,41400,39100,22300,15400,8900,4500,14500
3763.0,13.67,7782000,104823617.0,13.67,13.66,13.65,13.64,13.63,13.62,13.61,13.6,13.59,13.58,13.69,13.7,13.71,13.72,13.73,13.74,13.75,13.76,13.77,13.78,25400,19000,15200,8800,25100,7000,14200,28200,6400,6900,47500,15400,8700,41400,39100,22300,15400,8900,4500,14500
3764.0,13.67,7783000,104837287.0,13.67,13.66,13.65,13.64,13.63,13.62,13.61,13.6,13.59,13.58,13.69,13.7,13.71,13.72,13.73,13.74,13.75,13.76,13.77,13.78,28700,19000,15200,8800,25100,7000,14200,28200,6400,6900,48000,15400,8700,41400,39100,21800,15400,8900,4500,14500
3765.0,13.67,7783000,104837287.0,13.67,13.66,13.65,13.64,13.63,13.62,13.61,13.6,13.59,13.58,13.69,13.7,13.71,13.72,13.73,13.74,13.75,13.76,13.77,13.78,28700,20000,14700,8800,25100,7000,14200,28200,6400,6900,48000,15400,8700,41400,39100,21800,15400,8900,4500,14500
3766.0,13.67,7783700,104846856.0,13.67,13.66,13.65,13.64,13.63,13.62,13.61,13.6,13.59,13.58,13.69,13.7,13.71,13.72,13.73,13.74,13.75,13.76,13.77,13.78,20200,23000,14700,8800,25100,7000,14200,28200,6400,6900,48700,15500,8700,41400,39100,21800,15400,8900,4500,14500
3767.0,13.69,7783900,104849594.0,13.67,13.66,13.65,13.64,13.63,13.62,13.61,13.6,13.59,13.58,13.68,13.69,13.7,13.71,13.72,13.73,13.74,13.75,13.76,13.77,21500,23000,14700,8800,21100,7000,13600,28200,6400,6900,100,49000,15500,8700,41400,39100,21800,15400,8900,4500
3768.0,13.69,7786800,104889294.0,13.67,13.66,13.65,13.64,13.63,13.62,13.61,13.6,13.59,13.58,13.69,13.7,13.71,13.72,13.73,13.74,13.75,13.76,13.77,13.78,21500,23000,14700,8800,21000,7000,13600,28200,6400,6900,46200,15500,8700,41400,39100,21800,15400,8900,4500,14500
3769.0,13.67,7788200,104908432.0,13.67,13.66,13.65,13.64,13.63,13.62,13.61,13.6,13.59,13.58,13.69,13.7,13.71,13.72,13.73,13.74,13.75,13.76,13.77,13.78,20600,23000,14700,8800,21000,7000,13600,28200,6400,6900,46700,15500,8700,41400,35600,21800,15400,8900,4500,14500
3770.0,13.67,7788200,104908432.0,13.67,13.66,13.65,13.64,13.63,13.62,13.61,13.6,13.59,13.58,13.69,13.7,13.71,13.72,13.73,13.74,13.75,13.76,13.77,13.78,20600,23000,14700,8800,21000,7000,13600,28200,6400,6900,46700,15500,8700,41400,35600,21800,15400,8900,4500,14500
3771.0,13.67,7788200,104908432.0,13.67,13.66,13.65,13.64,13.63,13.62,13.61,13.6,13.59,13.58,13.69,13.7,13.71,13.72,13.73,13.74,13.75,13.76,13.77,13.78,21500,23300,14700,8800,21000,7000,13600,28200,6400,6900,47400,15500,8700,41400,35600,21800,15400,8900,4500,14500
3772.0,13.69,7790400,104938530.0,13.67,13.66,13.65,13.64,13.63,13.62,13.61,13.6,13.59,13.58,13.69,13.7,13.71,13.72,13.73,13.74,13.75,13.76,13.77,13.78,21300,23300,14700,8800,21000,7000,13600,28200,6400,6900,48000,15500,8700,41400,35600,21800,15400,8900,4500,14500
3773.0,13.69,7794900,105000135.0,13.67,13.66,13.65,13.64,13.63,13.62,13.61,13.6,13.59,13.58,13.69,13.7,13.71,13.72,13.73,13.74,13.75,13.76,13.77,13.78,22100,23300,14700,8800,21000,7000,13600,28200,6400,6900,44300,15500,8700,41400,35600,21800,15400,8900,4500,14500
3774.0,13.69,7794900,105000135.0,13.67,13.66,13.65,13.64,13.63,13.62,13.61,13.6,13.59,13.58,13.69,13.7,13.71,13.72,13.73,13.74,13.75,13.76,13.77,13.78,21800,23300,14700,8800,21000,7000,13600,28200,6400,6900,44300,15500,8700,41400,35600,21800,15400,8900,4500,14500
3775.0,13.67,7795600,105009704.0,13.67,13.66,13.65,13.64,13.63,13.62,13.61,13.6,13.59,13.58,13.69,13.7,13.71,13.72,13.73,13.74,13.75,13.76,13.77,13.78,21600,23300,14700,8800,21000,8000,13600,28200,6400,6900,44800,15500,8700,41400,35600,21800,15400,8900,4500,14500
3776.0,13.69,7800900,105082247.0,13.67,13.66,13.65,13.64,13.63,13.62,13.61,13.6,13.59,13.58,13.68,13.69,13.7,13.71,13.72,13.73,13.74,13.75,13.76,13.77,21700,23800,18700,8800,21000,8000,13600,28200,6400,6900,3900,41000,15500,8700,41400,35600,21800,15400,8900,4500
3777.0,13.68,7801400,105089087.0,13.67,13.66,13.65,13.64,13.63,13.62,13.61,13.6,13.59,13.58,13.68,13.69,13.7,13.71,13.72,13.73,13.74,13.75,13.76,13.77,22800,23800,18700,8800,21000,8000,13600,28200,6400,6900,3400,41400,15500,8700,41400,35600,21800,15400,8900,4600
3778.0,13.68,7804000,105124655.0,13.67,13.66,13.65,13.64,13.63,13.62,13.61,13.6,13.59,13.58,13.68,13.69,13.7,13.71,13.72,13.73,13.74,13.75,13.76,13.77,22800,23800,18700,8800,21000,8000,13600,28200,6400,6900,800,41400,15500,8700,41400,35600,21800,15400,8900,4600
3779.0,13.69,7809200,105195821.0,13.67,13.66,13.65,13.64,13.63,13.62,13.61,13.6,13.59,13.58,13.69,13.7,13.71,13.72,13.73,13.74,13.75,13.76,13.77,13.78,22100,21900,18700,8800,21000,8000,13600,28200,6400,6900,37700,15500,8700,41400,35800,21800,15400,8900,4600,14500
3780.0,13.69,7809300,105197190.0,13.67,13.66,13.65,13.64,13.63,13.62,13.61,13.6,13.59,13.58,13.69,13.7,13.71,13.72,13.73,13.74,13.75,13.76,13.77,13.78,17300,21900,18700,9000,21000,8000,13600,28200,6400,6900,38800,15500,8700,41400,35800,21800,15400,8900,4600,14500
3781.0,13.69,7809800,105204035.0,13.67,13.66,13.65,13.64,13.63,13.62,13.61,13.6,13.59,13.58,13.69,13.7,13.71,13.72,13.73,13.74,13.75,13.76,13.77,13.78,18300,21900,18700,9000,21000,8000,13600,28200,6400,6900,38500,15500,8700,41400,35800,21800,15400,8900,4600,14500
3782.0,13.67,7810500,105213604.0,13.67,13.66,13.65,13.64,13.63,13.62,13.61,13.6,13.59,13.58,13.69,13.7,13.71,13.72,13.73,13.74,13.75,13.76,13.77,13.78,17600,21900,18700,9000,21000,8000,13600,28200,6400,6900,38100,15500,8700,41400,35800,21800,15400,8900,4600,14500
3783.0,13.67,7811200,105223173.0,13.68,13.67,13.66,13.65,13.64,13.63,13.62,13.61,13.6,13.59,13.69,13.7,13.71,13.72,13.73,13.74,13.75,13.76,13.77,13.78,300,18000,21900,18700,9000,21000,8000,13600,28200,6400,39200,15500,8700,41400,35800,21800,15400,8900,4600,14500
3784.0,13.69,7815900,105287516.0,13.68,13.67,13.66,13.65,13.64,13.63,13.62,13.61,13.6,13.59,13.69,13.7,13.71,13.72,13.73,13.74,13.75,13.76,13.77,13.78,300,18000,21900,18700,9000,21000,8000,13600,28200,6300,34500,15500,8700,40400,35800,21800,15400,8900,4600,14500
3785.0,13.67,7816300,105292987.0,13.68,13.67,13.66,13.65,13.64,13.63,13.62,13.61,13.6,13.59,13.69,13.7,13.71,13.72,13.73,13.74,13.75,13.76,13.77,13.78,3100,17900,21900,18700,9000,21000,8000,13600,28200,6300,38600,15500,8700,40400,35800,21800,15400,8900,4600,14500
3786.0,13.68,7817100,105303938.0,13.68,13.67,13.66,13.65,13.64,13.63,13.62,13.61,13.6,13.59,13.69,13.7,13.71,13.72,13.73,13.74,13.75,13.76,13.77,13.78,3000,17600,21900,18700,9000,21000,8000,13600,28200,6300,41000,15800,8700,40400,35800,21800,15400,8900,4600,14500
3787.0,13.69,7817500,105309414.0,13.68,13.67,13.66,13.65,13.64,13.63,13.62,13.61,13.6,13.59,13.69,13.7,13.71,13.72,13.73,13.74,13.75,13.76,13.77,13.78,3600,17600,21900,18700,9000,21000,8000,13600,28200,6300,40700,15800,8700,40400,36600,21800,15400,8900,4600,14500
3788.0,13.69,7823200,105387444.0,13.68,13.67,13.66,13.65,13.64,13.63,13.62,13.61,13.6,13.59,13.69,13.7,13.71,13.72,13.73,13.74,13.75,13.76,13.77,13.78,7400,17600,21900,15000,9000,21000,8000,13600,28200,6300,35600,15800,10000,40400,36600,21800,15400,8900,4600,14500
3789.0,13.69,7823200,105387444.0,13.68,13.67,13.66,13.65,13.64,13.63,13.62,13.61,13.6,13.59,13.69,13.7,13.71,13.72,13.73,13.74,13.75,13.76,13.77,13.78,7400,17600,21900,15000,9000,21000,8000,13600,26600,6300,35600,15800,11000,40400,36600,21800,15400,8900,4600,14500
3790.0,13.68,7824600,105406598.0,13.68,13.67,13.66,13.65,13.64,13.63,13.62,13.61,13.6,13.59,13.69,13.7,13.71,13.72,13.73,13.74,13.75,13.76,13.77,13.78,6500,17600,21900,15000,9000,21000,8000,13600,26600,6300,35400,15800,11000,40400,36600,21800,15400,8900,4600,14500
3791.0,13.68,7826600,105433972.0,13.68,13.67,13.66,13.65,13.64,13.63,13.62,13.61,13.6,13.59,13.69,13.7,13.71,13.72,13.73,13.74,13.75,13.76,13.77,13.78,5900,17600,21900,15000,9000,21000,8000,13600,26600,6300,38300,15800,11000,40400,36600,22800,15400,8900,4600,14500
3792.0,13.68,7828500,105459964.0,13.68,13.67,13.66,13.65,13.64,13.63,13.62,13.61,13.6,13.59,13.69,13.7,13.71,13.72,13.73,13.74,13.75,13.76,13.77,13.78,5700,17600,21900,15000,9000,21000,8000,13600,26600,6300,41800,15800,11000,40400,36600,22800,15400,8900,4600,14500
3793.0,13.69,7835200,105551676.0,13.68,13.67,13.66,13.65,13.64,13.63,13.62,13.61,13.6,13.59,13.69,13.7,13.71,13.72,13.73,13.74,13.75,13.76,13.77,13.78,4600,15700,21900,15000,9000,21000,8000,13600,26600,6300,36500,15800,11000,40400,36600,22800,15400,8900,4600,14500
3794.0,13.69,7835800,105559886.0,13.68,13.67,13.66,13.65,13.64,13.63,13.62,13.61,13.6,13.59,13.69,13.7,13.71,13.72,13.73,13.74,13.75,13.76,13.77,13.78,4200,15700,21900,15000,9000,5700,8000,13600,26600,6300,36300,15800,11000,40400,36600,22800,15400,8900,4600,14500
3795.0,13.68,7837800,105587246.0,13.68,13.67,13.66,13.65,13.64,13.63,13.62,13.61,13.6,13.59,13.69,13.7,13.71,13.72,13.73,13.74,13.75,13.76,13.77,13.78,4600,11900,21900,15000,9000,5700,8000,13600,26600,6300,36300,15800,11000,40400,36600,22800,15400,8900,4600,14500
3796.0,13.69,7840800,105628316.0,13.68,13.67,13.66,13.65,13.64,13.63,13.62,13.61,13.6,13.59,13.69,13.7,13.71,13.72,13.73,13.74,13.75,13.76,13.77,13.78,4600,11900,21900,15000,9000,5700,8000,13600,26600,6300,33300,15800,11000,40400,36600,22800,15400,8900,4600,14500
3797.0,13.69,7840800,105628316.0,13.68,13.67,13.66,13.65,13.64,13.63,13.62,13.61,13.6,13.59,13.69,13.7,13.71,13.72,13.73,13.74,13.75,13.76,13.77,13.78,4600,11900,21900,15000,9000,5700,8000,13600,26600,6300,33300,15800,11000,40400,36600,22800,15400,8900,4600,14500
3798.0,13.68,7841600,105639260.0,13.68,13.67,13.66,13.65,13.64,13.63,13.62,13.61,13.6,13.59,13.69,13.7,13.71,13.72,13.73,13.74,13.75,13.76,13.77,13.78,4300,11900,21900,15000,9000,5700,8000,13600,26600,6300,37700,21400,11000,40400,36600,22800,14400,8900,4600,14500
3799.0,13.69,7842600,105652950.0,13.68,13.67,13.66,13.65,13.64,13.63,13.62,13.61,13.6,13.59,13.69,13.7,13.71,13.72,13.73,13.74,13.75,13.76,13.77,13.78,4300,11900,21900,15000,9000,5700,8000,13600,26600,6300,36700,21400,11000,40400,41600,22800,14400,8900,4600,14500
3800.0,13.69,7845000,105685806.0,13.68,13.67,13.66,13.65,13.64,13.63,13.62,13.61,13.6,13.59,13.69,13.7,13.71,13.72,13.73,13.74,13.75,13.76,13.77,13.78,4300,11900,33200,15000,9000,5700,8000,13600,27100,6300,34300,21500,11000,40400,41600,22800,14400,8900,4600,14500
3801.0,13.69,7847700,105722760.0,13.68,13.67,13.66,13.65,13.64,13.63,13.62,13.61,13.6,13.59,13.69,13.7,13.71,13.72,13.73,13.74,13.75,13.76,13.77,13.78,3500,11900,33200,15000,9000,5700,8000,13600,27100,6300,32800,21500,11100,40400,41600,22800,14400,8900,4600,14500
3802.0,13.69,7850100,105755616.0,13.68,13.67,13.66,13.65,13.64,13.63,13.62,13.61,13.6,13.59,13.69,13.7,13.71,13.72,13.73,13.74,13.75,13.76,13.77,13.78,3500,11900,29400,15000,9000,5700,8000,13600,27100,6300,30800,21500,11100,40400,41600,22800,14400,8900,4600,15100
3803.0,13.69,7863800,105943169.0,13.68,13.67,13.66,13.65,13.64,13.63,13.62,13.61,13.6,13.59,13.69,13.7,13.71,13.72,13.73,13.74,13.75,13.76,13.77,13.78,3500,11200,29400,15000,9000,5700,8000,13600,27100,6300,21400,25600,11100,40400,41600,22800,14400,8900,4600,15100
3804.0,13.68,7868600,106008843.0,13.67,13.66,13.65,13.64,13.63,13.62,13.61,13.6,13.59,13.58,13.68,13.69,13.7,13.71,13.72,13.73,13.74,13.75,13.76,13.77,11200,29400,15000,9000,5700,8000,13600,27100,6300,6300,100,21400,25600,11100,40400,41600,22800,14400,8900,4600
3805.0,13.67,7869300,106018412.0,13.67,13.66,13.65,13.64,13.63,13.62,13.61,13.6,13.59,13.58,13.68,13.69,13.7,13.71,13.72,13.73,13.74,13.75,13.76,13.77,10500,29200,15000,9000,5700,8000,13600,27100,6300,6300,100,21400,25600,11100,40400,41600,22800,15800,8900,4600
3806.0,13.67,7869300,106018412.0,13.67,13.66,13.65,13.64,13.63,13.62,13.61,13.6,13.59,13.58,13.68,13.69,13.7,13.71,13.72,13.73,13.74,13.75,13.76,13.77,10500,29200,15000,9000,5700,8000,13600,27100,6300,6300,100,21700,25600,11100,40400,41600,22800,15800,8900,4600
3807.0,13.67,7869300,106018412.0,13.67,13.66,13.65,13.64,13.63,13.62,13.61,13.6,13.59,13.58,13.68,13.69,13.7,13.71,13.72,13.73,13.74,13.75,13.76,13.77,10500,29200,15000,9000,5700,8000,13600,27100,6300,6300,100,21700,25600,11100,40700,41600,22800,15800,8900,4600
3808.0,13.67,7870000,106027981.0,13.67,13.66,13.65,13.64,13.63,13.62,13.61,13.6,13.59,13.58,13.68,13.69,13.7,13.71,13.72,13.73,13.74,13.75,13.76,13.77,9800,29200,15000,9000,5700,8000,13600,27100,6300,6300,100,21700,25600,11100,40700,41600,22800,15800,8900,4600
3809.0,13.69,7870200,106030718.0,13.67,13.66,13.65,13.64,13.63,13.62,13.61,13.6,13.59,13.58,13.68,13.69,13.7,13.71,13.72,13.73,13.74,13.75,13.76,13.77,9800,29200,15000,9000,5700,8000,13600,26600,6300,6300,2500,21900,25600,11100,40700,41600,22800,15800,8900,4600
3810.0,13.69,7870200,106030718.0,13.67,13.66,13.65,13.64,13.63,13.62,13.61,13.6,13.59,13.58,13.68,13.69,13.7,13.71,13.72,13.73,13.74,13.75,13.76,13.77,9800,29200,15000,9000,5700,8000,13600,26600,6300,6300,2500,21900,25600,11100,40700,41600,22800,15800,8900,4600
3811.0,13.68,7872900,106067647.0,13.67,13.66,13.65,13.64,13.63,13.62,13.61,13.6,13.59,13.58,13.68,13.69,13.7,13.71,13.72,13.73,13.74,13.75,13.76,13.77,9100,31700,15000,9000,5700,8000,13600,26600,6300,6300,1300,21900,25600,11100,40700,38600,22800,15800,8900,4600
3812.0,13.67,7873600,106077216.0,13.67,13.66,13.65,13.64,13.63,13.62,13.61,13.6,13.59,13.58,13.68,13.69,13.7,13.71,13.72,13.73,13.74,13.75,13.76,13.77,8400,31700,15000,9000,5700,8000,13600,26600,6300,6300,1300,21900,25600,11100,40700,38600,22800,15800,8900,4600
3813.0,13.68,7875600,106104576.0,13.67,13.66,13.65,13.64,13.63,13.62,13.61,13.6,13.59,13.58,13.68,13.69,13.7,13.71,13.72,13.73,13.74,13.75,13.76,13.77,8400,31700,15000,9000,5700,8000,13600,26600,6300,6300,2200,27400,25600,11100,40700,38600,22800,15800,8900,4600
3814.0,13.67,7876300,106114145.0,13.67,13.66,13.65,13.64,13.63,13.62,13.61,13.6,13.59,13.58,13.68,13.69,13.7,13.71,13.72,13.73,13.74,13.75,13.76,13.77,7700,31700,15000,9000,5700,8000,13600,26600,6300,6300,2200,27400,26200,11100,40700,38600,25800,15800,8900,4600
3815.0,13.68,7880600,106172969.0,13.67,13.66,13.65,13.64,13.63,13.62,13.61,13.6,13.59,13.58,13.68,13.69,13.7,13.71,13.72,13.73,13.74,13.75,13.76,13.77,7700,31700,15000,9000,5700,8000,13600,26600,6300,6300,2500,31900,26200,11100,40700,39400,25800,15800,8900,4600
3816.0,13.69,7885100,106234549.0,13.67,13.66,13.65,13.64,13.63,13.62,13.61,13.6,13.59,13.58,13.68,13.69,13.7,13.71,13.72,13.73,13.74,13.75,13.76,13.77,7700,31700,15000,9000,5700,8000,13600,26600,6300,6300,2700,29900,26200,11100,40700,39400,24900,15800,8900,4600
3817.0,13.67,7885800,106244118.0,13.67,13.66,13.65,13.64,13.63,13.62,13.61,13.6,13.59,13.58,13.68,13.69,13.7,13.71,13.72,13.73,13.74,13.75,13.76,13.77,7000,31700,15000,9000,5700,8000,13600,26600,6300,6300,8300,30900,26200,11100,40700,39400,24900,15800,8900,4600
3818.0,13.67,7885800,106244118.0,13.67,13.66,13.65,13.64,13.63,13.62,13.61,13.6,13.59,13.58,13.68,13.69,13.7,13.71,13.72,13.73,13.74,13.75,13.76,13.77,7000,31700,15000,9000,5700,8000,13600,26600,6300,6300,8300,30900,26200,11100,40700,39400,24900,15800,8900,4600
3819.0,13.67,7890400,106307000.0,13.67,13.66,13.65,13.64,13.63,13.62,13.61,13.6,13.59,13.58,13.68,13.69,13.7,13.71,13.72,13.73,13.74,13.75,13.76,13.77,2700,31700,15000,9000,5700,8000,13600,26600,6300,6300,8300,30900,26200,11100,40700,39400,24900,15800,8900,4600
3820.0,13.68,7891100,106316576.0,13.67,13.66,13.65,13.64,13.63,13.62,13.61,13.6,13.59,13.58,13.68,13.69,13.7,13.71,13.72,13.73,13.74,13.75,13.76,13.77,2700,31700,15000,9000,5700,8000,13600,26600,6300,6300,7600,30900,26200,11100,40700,39400,24900,15800,8900,4900
3821.0,13.67,7891300,106319310.0,13.67,13.66,13.65,13.64,13.63,13.62,13.61,13.6,13.59,13.58,13.68,13.69,13.7,13.71,13.72,13.73,13.74,13.75,13.76,13.77,2500,31800,15000,9000,5700,8000,13600,26600,6300,6300,8200,30900,27200,11100,40700,39400,24900,15800,8900,4900
3822.0,13.67,7891600,106323411.0,13.67,13.66,13.65,13.64,13.63,13.62,13.61,13.6,13.59,13.58,13.68,13.69,13.7,13.71,13.72,13.73,13.74,13.75,13.76,13.77,2500,31800,15000,9000,5700,8000,13600,26600,6300,6300,9200,31900,27200,11100,40700,39400,24900,15800,8900,4900
3823.0,13.67,7893700,106352118.0,13.67,13.66,13.65,13.64,13.63,13.62,13.61,13.6,13.59,13.58,13.68,13.69,13.7,13.71,13.72,13.73,13.74,13.75,13.76,13.77,400,31800,15000,9000,5700,8000,13600,26600,6300,6300,9200,31900,27400,11100,40700,39400,24900,15800,8900,4900
3824.0,13.67,7894100,106357586.0,13.66,13.65,13.64,13.63,13.62,13.61,13.6,13.59,13.58,13.57,13.67,13.68,13.69,13.7,13.71,13.72,13.73,13.74,13.75,13.76,31800,15000,9000,5700,8000,13600,26600,6300,6300,300,200,10700,32600,27400,11100,40700,39400,24900,15800,8900
3825.0,13.67,7894100,106357586.0,13.66,13.65,13.64,13.63,13.62,13.61,13.6,13.59,13.58,13.57,13.67,13.68,13.69,13.7,13.71,13.72,13.73,13.74,13.75,13.76,31800,13700,9000,5700,8000,13600,26600,6300,6300,300,200,10700,32600,27400,11100,40700,39400,24900,15800,8900
3826.0,13.66,7894800,106367148.0,13.66,13.65,13.64,13.63,13.62,13.61,13.6,13.59,13.58,13.57,13.67,13.68,13.69,13.7,13.71,13.72,13.73,13.74,13.75,13.76,31100,13700,9000,5700,8000,13600,26600,6300,6300,300,200,13500,32600,27400,11100,40700,39400,24900,15800,8900
3827.0,13.66,7895500,106376710.0,13.66,13.65,13.64,13.63,13.62,13.61,13.6,13.59,13.58,13.57,13.67,13.68,13.69,13.7,13.71,13.72,13.73,13.74,13.75,13.76,30400,13700,9000,5700,8000,13600,26600,6300,6300,300,200,13500,32600,27400,11100,39200,39700,24900,25800,8900
3828.0,13.67,7923300,106756462.0,13.66,13.65,13.64,13.63,13.62,13.61,13.6,13.59,13.58,13.57,13.67,13.68,13.69,13.7,13.71,13.72,13.73,13.74,13.75,13.76,3000,13700,9000,5700,8000,13600,26600,6300,6300,300,1200,13500,32600,28500,10100,39200,39700,24900,25800,8900
3829.0,13.67,7925800,106790637.0,13.66,13.65,13.64,13.63,13.62,13.61,13.6,13.59,13.58,13.57,13.67,13.68,13.69,13.7,13.71,13.72,13.73,13.74,13.75,13.76,3000,13700,9000,5700,8000,13600,26600,6300,6300,300,2800,13500,32600,28500,10100,39200,39700,24900,25800,8900
3830.0,13.66,7927400,106812504.0,13.66,13.65,13.64,13.63,13.62,13.61,13.6,13.59,13.58,13.57,13.67,13.68,13.69,13.7,13.71,13.72,13.73,13.74,13.75,13.76,2500,13700,9000,5700,8000,13600,26600,6300,6300,300,1900,13500,32600,29300,10100,39200,39700,24900,25800,8900
3831.0,13.67,7930400,106853514.0,13.66,13.65,13.64,13.63,13.62,13.61,13.6,13.59,13.58,13.57,13.67,13.68,13.69,13.7,13.71,13.72,13.73,13.74,13.75,13.76,2500,13700,9000,5700,8000,13600,26600,6300,6300,300,200,13500,32600,29300,10100,39200,39700,24900,25800,8900
3832.0,13.67,7930400,106853514.0,13.66,13.65,13.64,13.63,13.62,13.61,13.6,13.59,13.58,13.57,13.67,13.68,13.69,13.7,13.71,13.72,13.73,13.74,13.75,13.76,2500,13700,9000,5700,8000,13600,26600,6300,6300,300,200,13500,31900,29300,10100,39200,39700,24900,25800,8900
3833.0,13.67,7931000,106861712.0,13.67,13.66,13.65,13.64,13.63,13.62,13.61,13.6,13.59,13.58,13.68,13.69,13.7,13.71,13.72,13.73,13.74,13.75,13.76,13.77,400,2100,13700,8300,5700,8000,13600,26600,6300,6300,13500,31900,30100,10100,39200,39700,24900,25800,8900,4900
3834.0,13.67,7931000,106861712.0,13.67,13.66,13.65,13.64,13.63,13.62,13.61,13.6,13.59,13.58,13.68,13.69,13.7,13.71,13.72,13.73,13.74,13.75,13.76,13.77,400,2100,13700,8300,5700,8000,13600,26600,6300,6300,13500,32700,30100,10100,39200,39700,24900,25800,8900,4900
3835.0,13.65,7938000,106957291.0,13.65,13.64,13.63,13.62,13.61,13.6,13.59,13.58,13.57,13.56,13.67,13.68,13.69,13.7,13.71,13.72,13.73,13.74,13.75,13.76,9200,8300,5700,8000,13600,26600,6300,6300,300,500,500,11700,34700,30100,10100,39200,39700,24900,25800,8900
3836.0,13.67,7940200,106987337.0,13.65,13.64,13.63,13.62,13.61,13.6,13.59,13.58,13.57,13.56,13.67,13.68,13.69,13.7,13.71,13.72,13.73,13.74,13.75,13.76,8500,8300,5700,8000,13600,26600,6300,6300,300,500,1200,12700,30200,30100,10100,39200,39700,24900,25800,8900
3837.0,13.67,7940200,106987337.0,13.65,13.64,13.63,13.62,13.61,13.6,13.59,13.58,13.57,13.56,13.67,13.68,13.69,13.7,13.71,13.72,13.73,13.74,13.75,13.76,9600,8300,5700,8000,13600,26600,6300,6300,300,500,3300,12700,30200,30100,10100,39200,39700,24900,25800,8900
3838.0,13.67,7940700,106994172.0,13.65,13.64,13.63,13.62,13.61,13.6,13.59,13.58,13.57,13.56,13.67,13.68,13.69,13.7,13.71,13.72,13.73,13.74,13.75,13.76,11500,8300,5700,8000,13900,26600,6300,6300,300,500,5700,12700,30200,32700,10100,39200,39700,25000,25800,8900
3839.0,13.67,7942200,107014663.0,13.65,13.64,13.63,13.62,13.61,13.6,13.59,13.58,13.57,13.56,13.67,13.68,13.69,13.7,13.71,13.72,13.73,13.74,13.75,13.76,12600,8300,5700,8000,13900,26600,6300,6300,300,500,8000,12700,29700,32700,10100,39200,39700,25000,25800,8900
3840.0,13.67,7949600,107115797.0,13.65,13.64,13.63,13.62,13.61,13.6,13.59,13.58,13.57,13.56,13.67,13.68,13.69,13.7,13.71,13.72,13.73,13.74,13.75,13.76,13200,8300,5700,8000,13900,26600,6300,6300,300,500,9300,11900,29700,32700,10100,39200,39700,25000,25800,8900
3841.0,13.67,7952900,107160908.0,13.65,13.64,13.63,13.62,13.61,13.6,13.59,13.58,13.57,13.56,13.67,13.68,13.69,13.7,13.71,13.72,13.73,13.74,13.75,13.76,14000,8300,5700,8000,13900,26600,6300,6300,300,500,6800,10900,28700,32700,10100,39200,39700,25000,25800,8900
3842.0,13.67,7957300,107221028.0,13.65,13.64,13.63,13.62,13.61,13.6,13.59,13.58,13.57,13.56,13.67,13.68,13.69,13.7,13.71,13.72,13.73,13.74,13.75,13.76,16400,8300,5700,8000,13900,26600,6300,6300,300,500,7700,10900,28700,32700,10100,39200,39700,25000,25800,8900
3843.0,13.67,7957300,107221028.0,13.65,13.64,13.63,13.62,13.61,13.6,13.59,13.58,13.57,13.56,13.67,13.68,13.69,13.7,13.71,13.72,13.73,13.74,13.75,13.76,16400,8300,5700,8000,13900,26600,6300,6300,300,500,7700,10900,33700,32700,10100,39200,39700,25000,25800,8900
3844.0,13.67,7957300,107221028.0,13.65,13.64,13.63,13.62,13.61,13.6,13.59,13.58,13.57,13.56,13.67,13.68,13.69,13.7,13.71,13.72,13.73,13.74,13.75,13.76,18400,8300,5700,8000,14600,26600,6300,6300,300,500,13800,10900,33900,32700,10100,39200,39700,25000,25800,8900
3845.0,13.67,7962400,107290731.0,13.65,13.64,13.63,13.62,13.61,13.6,13.59,13.58,13.57,13.56,13.67,13.68,13.69,13.7,13.71,13.72,13.73,13.74,13.75,13.76,17700,8300,5700,8000,14600,26600,6300,6300,300,500,9600,10900,33900,33200,10100,39200,39700,25000,25800,8900
3846.0,13.65,7963100,107300286.0,13.65,13.64,13.63,13.62,13.61,13.6,13.59,13.58,13.57,13.56,13.67,13.68,13.69,13.7,13.71,13.72,13.73,13.74,13.75,13.76,19000,8300,5700,8000,14600,26600,6300,6300,300,500,13900,10900,33900,34100,10100,39200,39700,25000,25800,8900
3847.0,13.65,7964800,107323491.0,13.65,13.64,13.63,13.62,13.61,13.6,13.59,13.58,13.57,13.56,13.67,13.68,13.69,13.7,13.71,13.72,13.73,13.74,13.75,13.76,17400,8100,5700,8000,14600,26600,6300,6300,300,500,15400,10900,35900,34100,10100,39200,39700,25000,25800,8900
3848.0,13.65,7965500,107333046.0,13.65,13.64,13.63,13.62,13.61,13.6,13.59,13.58,13.57,13.56,13.67,13.68,13.69,13.7,13.71,13.72,13.73,13.74,13.75,13.76,17500,8100,5700,8000,14600,26600,6300,6300,300,500,17300,10900,35900,34100,10100,39200,39700,25000,25800,8900
3849.0,13.65,7971300,107412216.0,13.65,13.64,13.63,13.62,13.61,13.6,13.59,13.58,13.57,13.56,13.67,13.68,13.69,13.7,13.71,13.72,13.73,13.74,13.75,13.76,12800,8100,5700,8000,15100,26600,6300,6300,300,500,21400,10900,35900,34100,10100,39200,40200,25000,25800,8900
3850.0,13.67,7971700,107417684.0,13.65,13.64,13.63,13.62,13.61,13.6,13.59,13.58,13.57,13.56,13.67,13.68,13.69,13.7,13.71,13.72,13.73,13.74,13.75,13.76,18800,8100,5700,8000,15100,26600,6300,6300,300,500,21000,10900,35900,34100,10100,39200,40200,25000,25800,8900
3851.0,13.65,7988400,107645639.0,13.65,13.64,13.63,13.62,13.61,13.6,13.59,13.58,13.57,13.56,13.67,13.68,13.69,13.7,13.71,13.72,13.73,13.74,13.75,13.76,4100,8100,5700,8000,15100,26600,6300,6300,300,500,23000,10900,35900,34100,10100,39200,40200,25000,25800,8900
3852.0,13.65,7993700,107718024.0,13.65,13.64,13.63,13.62,13.61,13.6,13.59,13.58,13.57,13.56,13.67,13.68,13.69,13.7,13.71,13.72,13.73,13.74,13.75,13.76,800,8100,5700,8000,15100,26600,6300,6300,300,500,23000,10900,35900,34100,10100,39200,40200,25000,25800,8900
3853.0,13.65,7993700,107718024.0,13.65,13.64,13.63,13.62,13.61,13.6,13.59,13.58,13.57,13.56,13.67,13.68,13.69,13.7,13.71,13.72,13.73,13.74,13.75,13.76,3000,8100,5700,8000,15100,26600,6300,6300,300,500,30400,10900,35900,35100,10100,39200,40200,25000,25800,8900
3854.0,13.65,7994300,107726214.0,13.65,13.64,13.63,13.62,13.61,13.6,13.59,13.58,13.57,13.56,13.67,13.68,13.69,13.7,13.71,13.72,13.73,13.74,13.75,13.76,2400,8100,5700,8000,15100,26600,6300,6300,300,500,31100,10900,35900,35100,10100,39200,40200,25000,25800,8900
3855.0,13.65,7994300,107726214.0,13.65,13.64,13.63,13.62,13.61,13.6,13.59,13.58,13.57,13.56,13.67,13.68,13.69,13.7,13.71,13.72,13.73,13.74,13.75,13.76,3300,8100,5700,8000,15100,26600,6300,6300,300,500,32000,10900,35900,35100,10100,39200,40200,25000,25800,8900
3856.0,13.65,7994300,107726214.0,13.65,13.64,13.63,13.62,13.61,13.6,13.59,13.58,13.57,13.56,13.67,13.68,13.69,13.7,13.71,13.72,13.73,13.74,13.75,13.76,3300,8100,5700,8000,15100,26600,6300,6300,300,500,32000,10900,35900,35100,10100,39200,40200,25000,25800,8900
3857.0,13.65,7994600,107730309.0,13.65,13.64,13.63,13.62,13.61,13.6,13.59,13.58,13.57,13.56,13.67,13.68,13.69,13.7,13.71,13.72,13.73,13.74,13.75,13.76,3000,8400,5700,8000,15100,26600,6300,6300,300,500,32000,13000,35900,35100,10100,39200,40200,25000,27500,8900
3858.0,13.65,7995200,107738499.0,13.65,13.64,13.63,13.62,13.61,13.6,13.59,13.58,13.57,13.56,13.67,13.68,13.69,13.7,13.71,13.72,13.73,13.74,13.75,13.76,3200,8400,5700,8000,15100,26600,6300,6300,300,500,34800,13000,35900,35100,10100,39200,40200,25200,27500,8900
3859.0,13.65,7995600,107743959.0,13.65,13.64,13.63,13.62,13.61,13.6,13.59,13.58,13.57,13.56,13.67,13.68,13.69,13.7,13.71,13.72,13.73,13.74,13.75,13.76,2800,8400,5700,8000,15100,26600,6300,6300,300,500,34800,13000,35900,35100,10100,39200,40200,25200,27500,8900
3860.0,13.65,7999200,107793099.0,13.64,13.63,13.62,13.61,13.6,13.59,13.58,13.57,13.56,13.55,13.65,13.67,13.68,13.69,13.7,13.71,13.72,13.73,13.74,13.75,8400,5700,8000,15100,26600,6300,6300,300,500,11100,6800,35600,13000,35900,35100,10100,39200,40200,25200,27500
3861.0,13.65,7999200,107793099.0,13.64,13.63,13.62,13.61,13.6,13.59,13.58,13.57,13.56,13.55,13.65,13.67,13.68,13.69,13.7,13.71,13.72,13.73,13.74,13.75,8400,5700,8000,15100,26600,6300,6300,300,500,11100,7500,38200,13000,35900,35100,10100,39200,40200,25200,27500
3862.0,13.65,7999200,107793099.0,13.64,13.63,13.62,13.61,13.6,13.59,13.58,13.57,13.56,13.55,13.65,13.66,13.67,13.68,13.69,13.7,13.71,13.72,13.73,13.74,8400,5700,8000,15100,26600,6300,6300,300,500,11100,8500,700,38200,12000,35900,35100,10100,39200,40200,25200
3863.0,13.64,8001200,107820386.0,13.64,13.63,13.62,13.61,13.6,13.59,13.58,13.57,13.56,13.55,13.65,13.66,13.67,13.68,13.69,13.7,13.71,13.72,13.73,13.74,7100,5700,8000,15100,23600,6300,6300,300,500,11100,7900,700,38200,12000,35900,35300,10100,39200,40200,23800
3864.0,13.64,8005900,107884494.0,13.64,13.63,13.62,13.61,13.6,13.59,13.58,13.57,13.56,13.55,13.65,13.66,13.67,13.68,13.69,13.7,13.71,13.72,13.73,13.74,2400,5700,8000,15100,23600,6300,6300,300,500,11100,7900,700,38200,12000,35900,35300,10100,36600,40200,23800
3865.0,13.64,8006100,107887222.0,13.64,13.63,13.62,13.61,13.6,13.59,13.58,13.57,13.56,13.55,13.65,13.66,13.67,13.68,13.69,13.7,13.71,13.72,13.73,13.74,2200,5700,8000,15100,23600,6300,6300,300,500,11100,7900,700,38200,12000,35900,31200,10100,36600,40200,23800
3866.0,13.65,8007600,107907695.0,13.64,13.63,13.62,13.61,13.6,13.59,13.58,13.57,13.56,13.55,13.65,13.66,13.67,13.68,13.69,13.7,13.71,13.72,13.73,13.74,2000,5700,8000,15100,23600,6300,6300,300,500,11100,6600,700,38200,12000,35900,31200,10600,36600,39400,23800
3867.0,13.64,8008400,107918607.0,13.64,13.63,13.62,13.61,13.6,13.59,13.58,13.57,13.56,13.55,13.65,13.66,13.67,13.68,13.69,13.7,13.71,13.72,13.73,13.74,1200,5700,8000,15100,23600,5600,6300,300,500,11100,6800,700,38200,12000,35900,31400,10600,36600,39400,23800
3868.0,13.64,8009700,107936340.0,13.63,13.62,13.61,13.6,13.59,13.58,13.57,13.56,13.55,13.54,13.64,13.65,13.66,13.67,13.68,13.69,13.7,13.71,13.72,13.73,5700,8000,15100,23600,5600,6300,300,500,11100,7900,4200,6700,700,38200,12000,35900,31900,10600,36600,39400
3869.0,13.64,8014800,108005904.0,13.64,13.63,13.62,13.61,13.6,13.59,13.58,13.57,13.56,13.55,13.65,13.66,13.67,13.68,13.69,13.7,13.71,13.72,13.73,13.74,6700,5700,8000,15100,23600,5600,6300,300,500,11100,7700,700,38200,12000,35900,31900,10600,36600,39400,24300
3870.0,13.64,8016100,108023636.0,13.64,13.63,13.62,13.61,13.6,13.59,13.58,13.57,13.56,13.55,13.65,13.66,13.67,13.68,13.69,13.7,13.71,13.72,13.73,13.74,5400,5700,8000,15100,23600,5600,6300,300,500,11100,7700,700,38200,12000,35900,31900,10600,36600,39400,24300
3871.0,13.63,8024100,108132738.0,13.63,13.62,13.61,13.6,13.59,13.58,13.57,13.56,13.55,13.54,13.65,13.66,13.67,13.68,13.69,13.7,13.71,13.72,13.73,13.74,3500,8000,15100,23600,5600,6300,300,500,11100,7900,7300,700,38200,6400,35900,33300,10600,36600,40400,24300
3872.0,13.64,8024400,108136830.0,13.63,13.62,13.61,13.6,13.59,13.58,13.57,13.56,13.55,13.54,13.64,13.65,13.66,13.67,13.68,13.69,13.7,13.71,13.72,13.73,4400,8000,15100,23600,5600,6300,300,500,11100,7900,1700,8200,700,37200,6400,35900,33300,10600,36600,40400
3873.0,13.63,8026100,108160001.0,13.63,13.62,13.61,13.6,13.59,13.58,13.57,13.56,13.55,13.54,13.64,13.65,13.66,13.67,13.68,13.69,13.7,13.71,13.72,13.73,2700,8000,15100,23600,5600,6500,300,100,11100,7900,1700,8200,700,37200,7200,35900,33300,10600,36600,40400
3874.0,13.63,8026300,108162727.0,13.63,13.62,13.61,13.6,13.59,13.58,13.57,13.56,13.55,13.54,13.64,13.65,13.66,13.67,13.68,13.69,13.7,13.71,13.72,13.73,4700,8000,15100,23600,5600,6500,300,100,11100,7900,1700,8200,700,37200,7200,30900,33300,10600,36600,40400
3875.0,13.63,8026300,108162727.0,13.63,13.62,13.61,13.6,13.59,13.58,13.57,13.56,13.55,13.54,13.64,13.65,13.66,13.67,13.68,13.69,13.7,13.71,13.72,13.73,4700,8000,15100,23600,5600,6500,300,100,11100,7900,1700,8200,700,46200,7200,30900,33300,10600,36600,40400
3876.0,13.63,8026800,108169542.0,13.63,13.62,13.61,13.6,13.59,13.58,13.57,13.56,13.55,13.54,13.64,13.65,13.66,13.67,13.68,13.69,13.7,13.71,13.72,13.73,4200,8000,15100,24100,5600,6700,300,100,11100,7900,1700,8200,700,41000,7300,30900,33300,10600,36600,40400
3877.0,13.63,8031000,108226788.0,13.62,13.61,13.6,13.59,13.58,13.57,13.56,13.55,13.54,13.53,13.63,13.64,13.65,13.66,13.67,13.68,13.69,13.7,13.71,13.72,8000,15100,24100,5600,6700,300,100,11100,7900,3200,8900,1700,8200,700,41000,7300,30900,33300,10600,36600
3878.0,13.63,8032400,108245870.0,13.62,13.61,13.6,13.59,13.58,13.57,13.56,13.55,13.54,13.53,13.63,13.64,13.65,13.66,13.67,13.68,13.69,13.7,13.71,13.72,8000,15100,24100,5600,9600,300,100,11100,7900,3200,7500,8500,8200,700,41500,7300,30900,33300,10600,36600
3879.0,13.63,8032700,108249959.0,13.62,13.61,13.6,13.59,13.58,13.57,13.56,13.55,13.54,13.53,13.63,13.64,13.65,13.66,13.67,13.68,13.69,13.7,13.71,13.72,8000,15100,24100,5600,9600,300,100,11100,7900,3200,7200,8500,8200,700,41500,7300,30900,33300,10600,36600
3880.0,13.62,8033400,108259493.0,13.62,13.61,13.6,13.59,13.58,13.57,13.56,13.55,13.54,13.53,13.63,13.64,13.65,13.66,13.67,13.68,13.69,13.7,13.71,13.72,7300,15100,24100,5600,9600,300,100,11100,7900,3200,7200,10800,9200,700,41600,7300,30900,33300,10600,36600
3881.0,13.63,8035600,108289458.0,13.62,13.61,13.6,13.59,13.58,13.57,13.56,13.55,13.54,13.53,13.63,13.64,13.65,13.66,13.67,13.68,13.69,13.7,13.71,13.72,5200,15100,23600,5600,9600,300,100,11100,7900,3200,5000,10800,10800,700,41600,7300,30900,32300,10600,36600
3882.0,13.63,8035600,108289458.0,13.62,13.61,13.6,13.59,13.58,13.57,13.56,13.55,13.54,13.53,13.63,13.64,13.65,13.66,13.67,13.68,13.69,13.7,13.71,13.72,5200,15100,23600,5600,9600,300,100,11100,7900,3200,5000,10800,10800,700,41600,7300,30900,32300,10600,36600
3883.0,13.62,8036100,108296268.0,13.62,13.61,13.6,13.59,13.58,13.57,13.56,13.55,13.54,13.53,13.63,13.64,13.65,13.66,13.67,13.68,13.69,13.7,13.71,13.72,4700,15100,23600,5600,9600,300,100,11100,7900,3200,5000,10900,10800,700,41600,7300,30900,32300,10600,36600
3884.0,13.62,8040800,108360282.0,13.61,13.6,13.59,13.58,13.57,13.56,13.55,13.54,13.53,13.52,13.62,13.63,13.64,13.65,13.66,13.67,13.68,13.69,13.7,13.71,15100,23600,6700,9600,300,100,11100,7900,3200,11600,8900,5000,11800,10800,700,41600,7300,30900,32300,10600
3885.0,13.61,8041500,108369809.0,13.61,13.6,13.59,13.58,13.57,13.56,13.55,13.54,13.53,13.52,13.62,13.63,13.64,13.65,13.66,13.67,13.68,13.69,13.7,13.71,14400,23600,6700,9600,300,100,11100,7900,3200,11600,8900,5000,11800,10800,700,41600,7300,30900,32300,10600
3886.0,13.61,8041500,108369809.0,13.61,13.6,13.59,13.58,13.57,13.56,13.55,13.54,13.53,13.52,13.62,13.63,13.64,13.65,13.66,13.67,13.68,13.69,13.7,13.71,14400,23600,6700,9600,300,100,11100,7900,3200,11600,13300,5000,11800,10800,700,41700,7300,30900,32300,10600
3887.0,13.61,8041500,108369809.0,13.61,13.6,13.59,13.58,13.57,13.56,13.55,13.54,13.53,13.52,13.62,13.63,13.64,13.65,13.66,13.67,13.68,13.69,13.7,13.71,14400,23600,6700,9600,300,100,11100,7900,3200,11600,14300,6500,11800,10800,700,41700,7300,30900,32700,10600
3888.0,13.61,8042900,108388863.0,13.61,13.6,13.59,13.58,13.57,13.56,13.55,13.54,13.53,13.52,13.62,13.63,13.64,13.65,13.66,13.67,13.68,13.69,13.7,13.71,13000,23600,6700,9600,300,100,11100,7900,3200,11600,14400,6900,11800,10800,700,41700,7300,30900,32700,10600
3889.0,13.61,8042900,108388863.0,13.61,13.6,13.59,13.58,13.57,13.56,13.55,13.54,13.53,13.52,13.62,13.63,13.64,13.65,13.66,13.67,13.68,13.69,13.7,13.71,13000,23600,6700,9600,300,100,11100,7900,3200,11600,21400,6900,11800,10800,700,41700,7300,30900,32700,10600
3890.0,13.61,8042900,108388863.0,13.61,13.6,13.59,13.58,13.57,13.56,13.55,13.54,13.53,13.52,13.62,13.63,13.64,13.65,13.66,13.67,13.68,13.69,13.7,13.71,13000,24600,6700,9600,300,100,11100,7900,3200,11600,21400,8300,11800,10800,700,41700,7300,30900,32700,10600
3891.0,13.61,8044300,108407917.0,13.61,13.6,13.59,13.58,13.57,13.56,13.55,13.54,13.53,13.52,13.62,13.63,13.64,13.65,13.66,13.67,13.68,13.69,13.7,13.71,11600,24600,6700,5100,300,100,11100,7900,3200,11600,21400,8300,11800,10800,700,41700,7300,30900,32700,10600
3892.0,13.62,8045900,108429695.0,13.61,13.6,13.59,13.58,13.57,13.56,13.55,13.54,13.53,13.52,13.62,13.63,13.64,13.65,13.66,13.67,13.68,13.69,13.7,13.71,10200,24600,6700,5100,300,100,11100,7900,3200,11600,21200,8300,11800,10800,700,41700,7300,30900,32700,10600
3893.0,13.62,8046000,108431057.0,13.61,13.6,13.59,13.58,13.57,13.56,13.55,13.54,13.53,13.52,13.62,13.63,13.64,13.65,13.66,13.67,13.68,13.69,13.7,13.71,10200,24600,6700,5100,300,100,11100,7900,3200,11600,21800,8300,10200,10800,700,41700,7600,30100,32700,10600
3894.0,13.61,8046700,108440584.0,13.61,13.6,13.59,13.58,13.57,13.56,13.55,13.54,13.53,13.52,13.62,13.63,13.64,13.65,13.66,13.67,13.68,13.69,13.7,13.71,9500,24600,6700,5100,300,100,11100,7900,3200,11600,21800,10100,10200,10800,700,41700,7600,30100,32700,10600
3895.0,13.62,8049000,108471890.0,13.61,13.6,13.59,13.58,13.57,13.56,13.55,13.54,13.53,13.52,13.62,13.63,13.64,13.65,13.66,13.67,13.68,13.69,13.7,13.71,7200,24600,6700,5100,300,100,11100,7900,3200,11600,21500,10100,10200,10800,700,41700,7600,30100,32500,10600
3896.0,13.61,8050400,108490950.0,13.61,13.6,13.59,13.58,13.57,13.56,13.55,13.54,13.53,13.52,13.62,13.63,13.64,13.65,13.66,13.67,13.68,13.69,13.7,13.71,6400,24200,6700,5100,300,100,11100,7900,3200,11600,20900,10100,10200,10800,700,41700,7600,30100,32500,10600
3897.0,13.61,8050900,108497755.0,13.61,13.6,13.59,13.58,13.57,13.56,13.55,13.54,13.53,13.52,13.62,13.63,13.64,13.65,13.66,13.67,13.68,13.69,13.7,13.71,5900,25500,6700,5100,300,100,11100,7900,3200,11600,19900,10100,10200,10800,700,41700,7600,30100,32500,10600
3898.0,13.61,8050900,108497755.0,13.61,13.6,13.59,13.58,13.57,13.56,13.55,13.54,13.53,13.52,13.62,13.63,13.64,13.65,13.66,13.67,13.68,13.69,13.7,13.71,5900,25500,6700,5100,300,100,11100,7900,3200,11600,19900,10100,11400,10100,700,41700,7600,30100,32500,10600
3899.0,13.61,8051000,108499116.0,13.61,13.6,13.59,13.58,13.57,13.56,13.55,13.54,13.53,13.52,13.62,13.63,13.64,13.65,13.66,13.67,13.68,13.69,13.7,13.71,5800,25500,6700,5100,300,100,11100,7900,3200,11600,19900,10100,11400,10100,700,41700,7600,30100,32500,10600
3900.0,13.61,8053500,108533141.0,13.61,13.6,13.59,13.58,13.57,13.56,13.55,13.54,13.53,13.52,13.62,13.63,13.64,13.65,13.66,13.67,13.68,13.69,13.7,13.71,4800,25500,6700,5100,300,100,11100,7900,3200,11600,13800,10100,11400,10100,700,41700,7600,30100,32500,10600
3901.0,13.61,8053900,108538585.0,13.61,13.6,13.59,13.58,13.57,13.56,13.55,13.54,13.53,13.52,13.62,13.63,13.64,13.65,13.66,13.67,13.68,13.69,13.7,13.71,4400,25500,6700,5100,300,100,11100,7900,3200,11600,14800,10100,10500,10100,700,41700,5600,30100,32100,10600
3902.0,13.61,8058500,108601191.0,13.61,13.6,13.59,13.58,13.57,13.56,13.55,13.54,13.53,13.52,13.62,13.63,13.64,13.65,13.66,13.67,13.68,13.69,13.7,13.71,2800,25500,6700,5100,300,100,11100,7900,3200,11600,14800,10100,10500,10700,700,41700,5600,30100,32100,10600
3903.0,13.61,8060100,108622974.0,13.61,13.6,13.59,13.58,13.57,13.56,13.55,13.54,13.53,13.52,13.62,13.63,13.64,13.65,13.66,13.67,13.68,13.69,13.7,13.71,1900,25500,6700,5100,300,100,11100,7900,3200,11600,14100,10100,10900,10700,700,41700,5600,30100,32300,10600
3904.0,13.61,8061100,108636584.0,13.61,13.6,13.59,13.58,13.57,13.56,13.55,13.54,13.53,13.52,13.62,13.63,13.64,13.65,13.66,13.67,13.68,13.69,13.7,13.71,6400,20500,6700,5100,300,100,11100,7900,3200,11600,14100,10100,10900,10700,700,41700,5600,30100,32300,10600
3905.0,13.61,8061700,108644750.0,13.61,13.6,13.59,13.58,13.57,13.56,13.55,13.54,13.53,13.52,13.62,13.63,13.64,13.65,13.66,13.67,13.68,13.69,13.7,13.71,5800,20500,6700,5100,300,100,11100,7900,3200,11600,14100,10100,10900,10700,700,41700,5600,30100,32300,10600
3906.0,13.6,8078700,108876014.0,13.6,13.59,13.58,13.57,13.56,13.55,13.54,13.53,13.52,13.51,13.62,13.63,13.64,13.65,13.66,13.67,13.68,13.69,13.7,13.71,9900,6700,5100,300,100,11100,7900,3200,11600,15800,14100,10100,10900,10700,700,41600,5600,30100,32300,6000
3907.0,13.6,8080200,108896428.0,13.61,13.6,13.59,13.58,13.57,13.56,13.55,13.54,13.53,13.52,13.62,13.63,13.64,13.65,13.66,13.67,13.68,13.69,13.7,13.71,500,9800,6700,5100,300,100,11100,7900,3200,11600,14100,10100,10900,10700,700,41600,5600,30100,32300,6000
3908.0,13.6,8080200,108896428.0,13.61,13.6,13.59,13.58,13.57,13.56,13.55,13.54,13.53,13.52,13.62,13.63,13.64,13.65,13.66,13.67,13.68,13.69,13.7,13.71,500,9900,6700,5100,300,100,11100,7900,3200,11600,14100,10100,10900,6400,700,41600,5600,30100,32300,6000
3909.0,13.6,8080200,108896428.0,13.61,13.6,13.59,13.58,13.57,13.56,13.55,13.54,13.53,13.52,13.62,13.63,13.64,13.65,13.66,13.67,13.68,13.69,13.7,13.71,500,9900,6700,5100,300,100,11100,7900,3200,11600,14300,10100,10900,6400,700,41600,5600,30100,32300,11000
3910.0,13.62,8080900,108905962.0,13.61,13.6,13.59,13.58,13.57,13.56,13.55,13.54,13.53,13.52,13.62,13.63,13.64,13.65,13.66,13.67,13.68,13.69,13.7,13.71,500,9900,3800,5100,300,100,11100,7900,3200,11600,13600,10100,10900,6400,700,41600,5600,30100,32300,11000
3911.0,13.62,8080900,108905962.0,13.61,13.6,13.59,13.58,13.57,13.56,13.55,13.54,13.53,13.52,13.62,13.63,13.64,13.65,13.66,13.67,13.68,13.69,13.7,13.71,500,9900,3800,5100,300,100,11100,7900,3200,11600,14800,10100,10900,6400,700,41600,5600,30100,32300,11000
3912.0,13.61,8081100,108908684.0,13.61,13.6,13.59,13.58,13.57,13.56,13.55,13.54,13.53,13.52,13.62,13.63,13.64,13.65,13.66,13.67,13.68,13.69,13.7,13.71,300,9900,3800,5100,300,100,11100,7900,3200,11600,14800,10100,10900,6400,1700,41600,5600,30100,32300,11000
3913.0,13.62,8082100,108922304.0,13.61,13.6,13.59,13.58,13.57,13.56,13.55,13.54,13.53,13.52,13.62,13.63,13.64,13.65,13.66,13.67,13.68,13.69,13.7,13.71,300,9900,3800,5100,300,100,11100,7900,3200,11600,18800,10100,10900,6400,1700,41600,5600,30100,32300,11000
3914.0,13.61,8082400,108926387.0,13.6,13.59,13.58,13.57,13.56,13.55,13.54,13.53,13.52,13.51,13.61,13.62,13.63,13.64,13.65,13.66,13.67,13.68,13.69,13.7,9900,3800,5100,300,100,11100,7900,3200,11600,15800,1700,18800,10100,10900,6400,1700,41600,5600,30100,32300
3915.0,13.6,8085900,108973987.0,13.6,13.59,13.58,13.57,13.56,13.55,13.54,13.53,13.52,13.51,13.61,13.62,13.63,13.64,13.65,13.66,13.67,13.68,13.69,13.7,7300,3800,5100,300,100,11100,7900,3200,11600,15800,1700,18200,10100,10900,6400,1700,41600,5600,30100,32300
3916.0,13.6,8086200,108978068.0,13.6,13.59,13.58,13.57,13.56,13.55,13.54,13.53,13.52,13.51,13.61,13.62,13.63,13.64,13.65,13.66,13.67,13.68,13.69,13.7,7100,3800,5100,300,100,11100,7900,3200,11600,15800,1600,18200,10100,10900,6400,1700,41600,5600,30100,32300
3917.0,13.6,8086200,108978068.0,13.6,13.59,13.58,13.57,13.56,13.55,13.54,13.53,13.52,13.51,13.61,13.62,13.63,13.64,13.65,13.66,13.67,13.68,13.69,13.7,7100,3800,5100,300,100,11100,7900,3200,11600,15800,1600,18200,9100,10900,6400,1700,41600,5600,30100,32300
3918.0,13.6,8086200,108978068.0,13.6,13.59,13.58,13.57,13.56,13.55,13.54,13.53,13.52,13.51,13.61,13.62,13.63,13.64,13.65,13.66,13.67,13.68,13.69,13.7,7100,3800,5100,300,100,9600,7900,3200,11600,15800,1600,18200,9100,10900,6400,1700,41600,5600,30100,32300
3919.0,13.61,8086300,108979429.0,13.6,13.59,13.58,13.57,13.56,13.55,13.54,13.53,13.52,13.51,13.61,13.62,13.63,13.64,13.65,13.66,13.67,13.68,13.69,13.7,7900,3800,5100,300,100,9600,7900,3200,11600,15800,1500,18200,9100,10900,6400,1700,41600,5600,30100,32300
3920.0,13.6,8094200,109086869.0,13.59,13.58,13.57,13.56,13.55,13.54,13.53,13.52,13.51,13.5,13.6,13.61,13.62,13.63,13.64,13.65,13.66,13.67,13.68,13.69,3800,5100,300,100,9600,7900,3200,11600,15800,19500,3400,1500,18200,4700,10900,6400,1700,41600,5600,30100
3921.0,13.59,8096400,109116767.0,13.59,13.58,13.57,13.56,13.55,13.54,13.53,13.52,13.51,13.5,13.6,13.61,13.62,13.63,13.64,13.65,13.66,13.67,13.68,13.69,1600,5100,300,100,9600,7900,3200,11600,15800,19500,3400,1800,18200,4700,10900,6400,1700,41600,5600,30100
3922.0,13.59,8096800,109122206.0,13.59,13.58,13.57,13.56,13.55,13.54,13.53,13.52,13.51,13.5,13.6,13.61,13.62,13.63,13.64,13.65,13.66,13.67,13.68,13.69,1500,5100,300,100,9600,7900,3200,11600,15800,19500,3100,1800,18200,4700,10900,6400,1700,41600,5600,30100
3923.0,13.59,8097100,109126283.0,13.59,13.58,13.57,13.56,13.55,13.54,13.53,13.52,13.51,13.5,13.6,13.61,13.62,13.63,13.64,13.65,13.66,13.67,13.68,13.69,1200,5100,300,100,9600,7900,3200,11600,15800,19500,7100,1800,18200,4700,10900,6400,1700,41600,5600,30100
3924.0,13.59,8097100,109126283.0,13.59,13.58,13.57,13.56,13.55,13.54,13.53,13.52,13.51,13.5,13.6,13.61,13.62,13.63,13.64,13.65,13.66,13.67,13.68,13.69,1200,5100,300,100,9600,7900,3200,11600,15800,19500,19300,1800,18200,4700,10900,6400,1700,41600,5600,30100
3925.0,13.59,8098000,109138521.0,13.59,13.58,13.57,13.56,13.55,13.54,13.53,13.52,13.51,13.5,13.6,13.61,13.62,13.63,13.64,13.65,13.66,13.67,13.68,13.69,3000,5100,300,100,9600,7900,3200,11600,15800,19500,24600,1800,18200,4700,10900,6400,1700,41600,5600,30100
3926.0,13.59,8099800,109162993.0,13.59,13.58,13.57,13.56,13.55,13.54,13.53,13.52,13.51,13.5,13.6,13.61,13.62,13.63,13.64,13.65,13.66,13.67,13.68,13.69,2200,5100,300,100,9700,7900,3200,11600,15800,19500,23600,1800,18200,4700,10900,6400,1700,41600,5600,30100
3927.0,13.6,8100800,109176593.0,13.59,13.58,13.57,13.56,13.55,13.54,13.53,13.52,13.51,13.5,13.6,13.61,13.62,13.63,13.64,13.65,13.66,13.67,13.68,13.69,2200,5100,300,100,9700,7900,3200,11600,15800,20000,22600,1800,18200,4700,10900,6400,1700,41600,6500,30100
3928.0,13.59,8102700,109202421.0,13.59,13.58,13.57,13.56,13.55,13.54,13.53,13.52,13.51,13.5,13.6,13.61,13.62,13.63,13.64,13.65,13.66,13.67,13.68,13.69,2000,5100,300,100,9700,7900,3200,11600,15800,20600,21900,1800,18200,4700,10900,6400,1700,41600,6500,30100
3929.0,13.59,8103200,109209216.0,13.59,13.58,13.57,13.56,13.55,13.54,13.53,13.52,13.51,13.5,13.6,13.61,13.62,13.63,13.64,13.65,13.66,13.67,13.68,13.69,2500,5100,300,100,9700,7900,3200,11600,15800,20600,21900,1800,18200,4700,10900,6400,1700,41600,6500,30100
3930.0,13.59,8103400,109211934.0,13.59,13.58,13.57,13.56,13.55,13.54,13.53,13.52,13.51,13.5,13.6,13.61,13.62,13.63,13.64,13.65,13.66,13.67,13.68,13.69,2300,5100,300,100,9700,7900,3200,11600,15800,20600,21900,1800,18200,4700,10900,6400,1000,41600,6500,30100
3931.0,13.6,8105400,109239134.0,13.59,13.58,13.57,13.56,13.55,13.54,13.53,13.52,13.51,13.5,13.6,13.61,13.62,13.63,13.64,13.65,13.66,13.67,13.68,13.69,2300,5100,300,100,9700,7900,3400,11600,16100,20600,19900,1800,18200,4700,10900,6400,1000,41600,6500,30100
3932.0,13.6,8106100,109248654.0,13.59,13.58,13.57,13.56,13.55,13.54,13.53,13.52,13.51,13.5,13.6,13.61,13.62,13.63,13.64,13.65,13.66,13.67,13.68,13.69,2300,5100,300,1300,9700,7900,3400,11600,16100,20600,19200,1800,18200,4700,10900,5800,1000,41600,6500,30100
3933.0,13.6,8106100,109248654.0,13.59,13.58,13.57,13.56,13.55,13.54,13.53,13.52,13.51,13.5,13.6,13.61,13.62,13.63,13.64,13.65,13.66,13.67,13.68,13.69,2300,6000,300,1300,9700,7900,3400,11600,16100,20600,19200,1800,18000,4700,10900,5800,1000,41600,6500,30100
3934.0,13.6,8107000,109260890.0,13.59,13.58,13.57,13.56,13.55,13.54,13.53,13.52,13.51,13.5,13.6,13.61,13.62,13.63,13.64,13.65,13.66,13.67,13.68,13.69,1900,6000,300,1300,9700,7900,3400,11600,16100,20600,18700,1800,18000,4700,10900,5800,1000,41600,6500,30100
3935.0,13.59,8108500,109281282.0,13.59,13.58,13.57,13.56,13.55,13.54,13.53,13.52,13.51,13.5,13.6,13.61,13.62,13.63,13.64,13.65,13.66,13.67,13.68,13.69,1100,6000,300,1300,9700,7900,3400,11600,16100,20600,18000,1800,18000,4700,10900,6300,1000,41600,6500,30100
3936.0,13.59,8108700,109284000.0,13.59,13.58,13.57,13.56,13.55,13.54,13.53,13.52,13.51,13.5,13.6,13.61,13.62,13.63,13.64,13.65,13.66,13.67,13.68,13.69,900,6000,300,1300,9700,7900,3400,11600,16100,20600,18000,1800,18000,4700,10900,6300,1000,41600,6500,30100
3937.0,13.59,8111600,109323431.0,13.58,13.57,13.56,13.55,13.54,13.53,13.52,13.51,13.5,13.49,13.59,13.6,13.61,13.62,13.63,13.64,13.65,13.66,13.67,13.68,6000,300,1300,9700,7900,3400,11600,16100,20600,100,200,16000,1800,18000,4700,10900,6300,1000,41600,6500
3938.0,13.59,8111600,109323431.0,13.58,13.57,13.56,13.55,13.54,13.53,13.52,13.51,13.5,13.49,13.59,13.6,13.61,13.62,13.63,13.64,13.65,13.66,13.67,13.68,6000,300,1300,9700,7900,3400,11600,16100,20600,100,2400,16000,1800,18000,4700,10900,5300,1000,41600,6500
3939.0,13.59,8111600,109323431.0,13.58,13.57,13.56,13.55,13.54,13.53,13.52,13.51,13.5,13.49,13.59,13.6,13.61,13.62,13.63,13.64,13.65,13.66,13.67,13.68,6000,300,1300,9700,7900,3400,11600,16100,20600,100,2400,16000,1800,18000,4700,10900,5300,1000,41600,6500
3940.0,13.59,8111600,109323431.0,13.58,13.57,13.56,13.55,13.54,13.53,13.52,13.51,13.5,13.49,13.59,13.6,13.61,13.62,13.63,13.64,13.65,13.66,13.67,13.68,6000,300,1600,9700,7900,3400,11600,16100,20600,100,2400,16000,1800,18000,4700,10900,5300,1000,41600,6500
3941.0,13.59,8112000,109328867.0,13.58,13.57,13.56,13.55,13.54,13.53,13.52,13.51,13.5,13.49,13.59,13.6,13.61,13.62,13.63,13.64,13.65,13.66,13.67,13.68,6000,300,1600,9700,7900,3400,11600,16100,20600,100,3000,16000,1800,16800,4700,10900,5300,1000,41600,6500
3942.0,13.59,8112000,109328867.0,13.58,13.57,13.56,13.55,13.54,13.53,13.52,13.51,13.5,13.49,13.59,13.6,13.61,13.62,13.63,13.64,13.65,13.66,13.67,13.68,6000,300,1600,9700,7900,3400,11600,16100,20600,100,8100,16000,1800,16800,4700,10900,5300,1000,41600,6500
3943.0,13.59,8112000,109328867.0,13.58,13.57,13.56,13.55,13.54,13.53,13.52,13.51,13.5,13.49,13.59,13.6,13.61,13.62,13.63,13.64,13.65,13.66,13.67,13.68,6000,300,1600,9700,7900,3400,11600,16100,20600,100,8100,16000,1800,16800,4700,9700,5300,1000,41600,6500
3944.0,13.59,8114100,109357400.0,13.58,13.57,13.56,13.55,13.54,13.53,13.52,13.51,13.5,13.49,13.59,13.6,13.61,13.62,13.63,13.64,13.65,13.66,13.67,13.68,5400,300,1600,9700,7900,3400,11600,16100,20600,100,6600,16000,1800,16800,4700,9700,5300,1000,42300,6500
3945.0,13.58,8116300,109387276.0,13.58,13.57,13.56,13.55,13.54,13.53,13.52,13.51,13.5,13.49,13.59,13.6,13.61,13.62,13.63,13.64,13.65,13.66,13.67,13.68,3200,300,1600,11600,7900,3400,11600,16100,20600,100,7600,18000,1800,16800,4700,9700,5300,1000,42300,6500
3946.0,13.58,8117800,109407646.0,13.58,13.57,13.56,13.55,13.54,13.53,13.52,13.51,13.5,13.49,13.59,13.6,13.61,13.62,13.63,13.64,13.65,13.66,13.67,13.68,1700,300,1600,11600,7900,3400,11600,16100,20600,100,7600,18000,1800,16800,4700,9700,5300,1000,42300,6500
3947.0,13.59,8120900,109449775.0,13.58,13.57,13.56,13.55,13.54,13.53,13.52,13.51,13.5,13.49,13.59,13.6,13.61,13.62,13.63,13.64,13.65,13.66,13.67,13.68,1700,300,1600,11600,7900,3400,11600,16100,20600,100,5800,18000,1800,16800,4700,9700,5300,1000,42300,6500
3948.0,13.59,8120900,109449775.0,13.58,13.57,13.56,13.55,13.54,13.53,13.52,13.51,13.5,13.49,13.59,13.6,13.61,13.62,13.63,13.64,13.65,13.66,13.67,13.68,2400,300,1600,11600,7900,3400,11600,16100,20500,100,5800,18000,1800,16800,4700,9700,5300,1000,42300,6500
3949.0,13.59,8120900,109449775.0,13.58,13.57,13.56,13.55,13.54,13.53,13.52,13.51,13.5,13.49,13.59,13.6,13.61,13.62,13.63,13.64,13.65,13.66,13.67,13.68,2400,300,1600,11600,7900,3400,11600,16100,20500,100,5800,19500,1800,16800,4700,9700,5300,1000,42300,6500
3950.0,13.59,8121400,109456570.0,13.58,13.57,13.56,13.55,13.54,13.53,13.52,13.51,13.5,13.49,13.59,13.6,13.61,13.62,13.63,13.64,13.65,13.66,13.67,13.68,2400,300,4500,11600,7900,3400,11600,16100,20500,100,5300,19500,1800,16800,4700,9700,5300,1000,42300,6500
3951.0,13.58,8121600,109459286.0,13.58,13.57,13.56,13.55,13.54,13.53,13.52,13.51,13.5,13.49,13.59,13.6,13.61,13.62,13.63,13.64,13.65,13.66,13.67,13.68,2200,300,5500,11600,7900,3400,11600,16100,22500,100,5300,19500,1800,16800,4700,9700,5300,1000,42300,6500
3952.0,13.59,8122100,109466081.0,13.58,13.57,13.56,13.55,13.54,13.53,13.52,13.51,13.5,13.49,13.59,13.6,13.61,13.62,13.63,13.64,13.65,13.66,13.67,13.68,2200,300,6500,11600,7900,3400,11600,16100,22500,100,4800,19500,1800,16800,4300,9700,5300,1000,42300,6500
3953.0,13.59,8122700,109474235.0,13.58,13.57,13.56,13.55,13.54,13.53,13.52,13.51,13.5,13.49,13.59,13.6,13.61,13.62,13.63,13.64,13.65,13.66,13.67,13.68,2200,300,6500,11600,7900,3400,11600,16100,22500,100,4900,19500,1800,16800,4300,9700,5100,1000,42300,6500
3954.0,13.58,8123200,109481025.0,13.58,13.57,13.56,13.55,13.54,13.53,13.52,13.51,13.5,13.49,13.59,13.6,13.61,13.62,13.63,13.64,13.65,13.66,13.67,13.68,1700,300,6500,11600,7900,3400,11600,16100,22500,100,5200,19500,1800,16800,4300,9700,5100,1000,42300,6500
3955.0,13.59,8123800,109489179.0,13.58,13.57,13.56,13.55,13.54,13.53,13.52,13.51,13.5,13.49,13.59,13.6,13.61,13.62,13.63,13.64,13.65,13.66,13.67,13.68,1700,300,6500,11600,7900,3400,11600,16100,22500,100,4600,19500,1800,12200,4300,9700,5100,1000,42300,6500
3956.0,13.59,8123800,109489179.0,13.58,13.57,13.56,13.55,13.54,13.53,13.52,13.51,13.5,13.49,13.59,13.6,13.61,13.62,13.63,13.64,13.65,13.66,13.67,13.68,1700,300,6500,11600,7900,3400,11600,16100,22500,100,5100,19500,300,12200,4300,9700,5100,1000,42300,5600
3957.0,13.58,8124500,109498685.0,13.58,13.57,13.56,13.55,13.54,13.53,13.52,13.51,13.5,13.49,13.59,13.6,13.61,13.62,13.63,13.64,13.65,13.66,13.67,13.68,1000,300,6500,14500,7900,3400,11600,16100,22500,100,5100,19500,300,12200,2900,9700,5100,1000,42300,5600
3958.0,13.59,8125100,109506838.0,13.58,13.57,13.56,13.55,13.54,13.53,13.52,13.51,13.5,13.49,13.59,13.6,13.61,13.62,13.63,13.64,13.65,13.66,13.67,13.68,900,300,6500,14500,7900,3400,11600,16100,22500,100,4600,19500,300,12200,2900,9700,5100,1000,42300,5600
3959.0,13.59,8126000,109519069.0,13.58,13.57,13.56,13.55,13.54,13.53,13.52,13.51,13.5,13.49,13.59,13.6,13.61,13.62,13.63,13.64,13.65,13.66,13.67,13.68,900,300,6500,14500,7900,3400,11600,16100,22500,100,3700,19500,300,12200,2900,9700,5100,1000,42300,5600
3960.0,13.58,8126900,109531291.0,13.57,13.56,13.55,13.54,13.53,13.52,13.51,13.5,13.49,13.48,13.58,13.59,13.6,13.61,13.62,13.63,13.64,13.65,13.66,13.67,1300,6500,14500,7900,3400,11600,16100,22500,100,12100,2300,3700,19500,300,12200,2900,9700,5100,1000,38200
3961.0,13.58,8127100,109534007.0,13.57,13.56,13.55,13.54,13.53,13.52,13.51,13.5,13.49,13.48,13.58,13.59,13.6,13.61,13.62,13.63,13.64,13.65,13.66,13.67,1300,6500,14500,7900,3400,11600,16100,22500,100,12100,2100,4700,20300,300,12200,2900,9700,5100,1000,38200
3962.0,13.58,8127100,109534007.0,13.57,13.56,13.55,13.54,13.53,13.52,13.51,13.5,13.49,13.48,13.58,13.59,13.6,13.61,13.62,13.63,13.64,13.65,13.66,13.67,1300,6500,14500,7900,3400,11600,16100,22500,100,12100,2100,4700,20300,300,12200,2900,9700,5100,1000,38200
3963.0,13.58,8127100,109534007.0,13.57,13.56,13.55,13.54,13.53,13.52,13.51,13.5,13.49,13.48,13.58,13.59,13.6,13.61,13.62,13.63,13.64,13.65,13.66,13.67,1300,6500,14500,7900,3400,11600,16100,22500,100,12100,5500,4700,20300,300,12200,2900,9700,5100,1000,38200
3964.0,13.58,8127600,109540797.0,13.57,13.56,13.55,13.54,13.53,13.52,13.51,13.5,13.49,13.48,13.58,13.59,13.6,13.61,13.62,13.63,13.64,13.65,13.66,13.67,1300,7000,15500,7900,3400,11600,16100,22500,100,12100,5300,4700,20300,300,12200,2900,9700,5100,1000,38200
3965.0,13.57,8127700,109542154.0,13.57,13.56,13.55,13.54,13.53,13.52,13.51,13.5,13.49,13.48,13.58,13.59,13.6,13.61,13.62,13.63,13.64,13.65,13.66,13.67,1200,7000,15500,7900,3400,11600,16100,22500,100,12100,8100,4700,20300,300,7200,2900,9700,5100,1000,38200
3966.0,13.58,8129000,109559808.0,13.57,13.56,13.55,13.54,13.53,13.52,13.51,13.5,13.49,13.48,13.58,13.59,13.6,13.61,13.62,13.63,13.64,13.65,13.66,13.67,1200,7000,15500,7900,3400,11600,16100,22500,100,12100,6800,3800,20700,300,7200,2900,9700,5100,1000,38200
3967.0,13.58,8129600,109567956.0,13.57,13.56,13.55,13.54,13.53,13.52,13.51,13.5,13.49,13.48,13.58,13.59,13.6,13.61,13.62,13.63,13.64,13.65,13.66,13.67,1200,8000,15500,7900,3400,11600,16100,22500,100,12100,7200,3800,20700,300,7200,2900,9700,5100,1000,38200
3968.0,13.58,8129600,109567956.0,13.57,13.56,13.55,13.54,13.53,13.52,13.51,13.5,13.49,13.48,13.58,13.59,13.6,13.61,13.62,13.63,13.64,13.65,13.66,13.67,1200,8000,15500,7900,3400,11600,16100,22500,100,12100,12200,2800,20700,300,7200,2900,9700,5100,1000,38200
3969.0,13.58,8129600,109567956.0,13.57,13.56,13.55,13.54,13.53,13.52,13.51,13.5,13.49,13.48,13.58,13.59,13.6,13.61,13.62,13.63,13.64,13.65,13.66,13.67,1200,8000,15500,7900,3400,11600,16100,22500,100,12100,13300,2800,20700,300,7200,2900,8000,5100,1000,38200
3970.0,13.58,8134900,109639929.0,13.57,13.56,13.55,13.54,13.53,13.52,13.51,13.5,13.49,13.48,13.58,13.59,13.6,13.61,13.62,13.63,13.64,13.65,13.66,13.67,1100,8000,15500,7900,3400,11600,16100,22500,100,12100,8100,2800,18700,300,7200,2900,8000,4100,1000,38200
3971.0,13.58,8134900,109639929.0,13.57,13.56,13.55,13.54,13.53,13.52,13.51,13.5,13.49,13.48,13.58,13.59,13.6,13.61,13.62,13.63,13.64,13.65,13.66,13.67,1100,8000,15500,7900,3400,11600,16100,22500,100,12100,8100,2800,18700,300,7200,2900,8000,4100,1000,38200
3972.0,13.57,8135000,109641286.0,13.57,13.56,13.55,13.54,13.53,13.52,13.51,13.5,13.49,13.48,13.58,13.59,13.6,13.61,13.62,13.63,13.64,13.65,13.66,13.67,1000,8000,15500,7900,3400,11600,16100,22500,100,12100,8100,2800,18700,300,7200,2900,8000,4100,1000,38200
3973.0,13.58,8135700,109650792.0,13.57,13.56,13.55,13.54,13.53,13.52,13.51,13.5,13.49,13.48,13.58,13.59,13.6,13.61,13.62,13.63,13.64,13.65,13.66,13.67,1000,8000,16500,7900,3400,11600,15800,22500,100,12100,7400,2800,18700,300,7200,2900,8000,4100,1000,38200
3974.0,13.58,8135700,109650792.0,13.57,13.56,13.55,13.54,13.53,13.52,13.51,13.5,13.49,13.48,13.58,13.59,13.6,13.61,13.62,13.63,13.64,13.65,13.66,13.67,1000,8000,16500,7900,3400,11600,15800,22500,100,12100,7400,2800,18700,300,7200,2900,8400,4100,1000,38200
3975.0,13.57,8137800,109679290.0,13.57,13.56,13.55,13.54,13.53,13.52,13.51,13.5,13.49,13.48,13.58,13.59,13.6,13.61,13.62,13.63,13.64,13.65,13.66,13.67,4400,8000,16500,7900,3400,11600,15800,22500,100,12100,7300,2800,18700,300,7200,2900,8400,4100,1000,38200
3976.0,13.58,8138600,109690154.0,13.57,13.56,13.55,13.54,13.53,13.52,13.51,13.5,13.49,13.48,13.58,13.59,13.6,13.61,13.62,13.63,13.64,13.65,13.66,13.67,4400,8000,16500,7900,3400,11600,15800,22500,100,12100,6500,2800,18700,300,7200,2900,8400,4100,1000,38200
3977.0,13.57,8139200,109698296.0,13.57,13.56,13.55,13.54,13.53,13.52,13.51,13.5,13.49,13.48,13.58,13.59,13.6,13.61,13.62,13.63,13.64,13.65,13.66,13.67,7800,8000,16500,7900,3400,11600,15800,22500,100,12100,6500,2800,18700,300,7200,2900,8400,4100,1000,38200
3978.0,13.57,8147000,109804142.0,13.56,13.55,13.54,13.53,13.52,13.51,13.5,13.49,13.48,13.47,13.57,13.58,13.59,13.6,13.61,13.62,13.63,13.64,13.65,13.66,8000,16500,7900,3400,11600,15800,22500,100,12100,7400,7200,7100,2800,18700,300,7200,2900,8400,4100,1000
3979.0,13.56,8147700,109813634.0,13.56,13.55,13.54,13.53,13.52,13.51,13.5,13.49,13.48,13.47,13.57,13.58,13.59,13.6,13.61,13.62,13.63,13.64,13.65,13.66,7300,16500,7900,3400,12100,15800,22500,100,12100,7400,8200,7100,2800,18700,300,2800,2900,8400,4100,1000
3980.0,13.57,8152500,109878730.0,13.56,13.55,13.54,13.53,13.52,13.51,13.5,13.49,13.48,13.47,13.57,13.58,13.59,13.6,13.61,13.62,13.63,13.64,13.65,13.66,3300,16500,7900,3400,12100,15800,22500,100,12100,7400,7400,7100,2800,18700,300,1800,2900,8400,4100,1000
3981.0,13.57,8153900,109897728.0,13.56,13.55,13.54,13.53,13.52,13.51,13.5,13.49,13.48,13.47,13.57,13.58,13.59,13.6,13.61,13.62,13.63,13.64,13.65,13.66,3300,16500,7900,3400,12400,15800,22500,100,12100,7400,6000,7100,2800,18700,300,1800,2900,8400,4100,1000
3982.0,13.56,8156000,109926204.0,13.56,13.55,13.54,13.53,13.52,13.51,13.5,13.49,13.48,13.47,13.57,13.58,13.59,13.6,13.61,13.62,13.63,13.64,13.65,13.66,1200,16500,7900,3400,12400,15800,22500,100,12100,7400,7000,7100,2800,18700,300,1800,2900,8400,3100,1000
3983.0,13.57,8158800,109964200.0,13.56,13.55,13.54,13.53,13.52,13.51,13.5,13.49,13.48,13.47,13.57,13.58,13.59,13.6,13.61,13.62,13.63,13.64,13.65,13.66,1200,16500,8500,3400,12400,15800,22500,100,12100,7400,4200,7100,2800,18700,300,1800,2900,8400,3100,1000
3984.0,13.56,8159900,109979117.0,13.56,13.55,13.54,13.53,13.52,13.51,13.5,13.49,13.48,13.47,13.57,13.58,13.59,13.6,13.61,13.62,13.63,13.64,13.65,13.66,800,16500,8500,3400,12400,15800,22500,100,12100,7400,4100,7100,2800,18700,300,1800,2900,8400,3100,1000
3985.0,13.56,8160000,109980473.0,13.56,13.55,13.54,13.53,13.52,13.51,13.5,13.49,13.48,13.47,13.57,13.58,13.59,13.6,13.61,13.62,13.63,13.64,13.65,13.66,700,16500,8500,3400,12400,15800,22500,100,12100,7400,4100,7100,2800,18700,300,1800,2900,8400,3100,1000
3986.0,13.57,8160400,109985901.0,13.56,13.55,13.54,13.53,13.52,13.51,13.5,13.49,13.48,13.47,13.57,13.58,13.59,13.6,13.61,13.62,13.63,13.64,13.65,13.66,700,16500,8500,3400,12400,15800,22500,100,12100,7400,3700,7100,2400,17200,300,1800,2900,8400,3100,1000
3987.0,13.57,8162200,110010317.0,13.55,13.54,13.53,13.52,13.51,13.5,13.49,13.48,13.47,13.46,13.57,13.58,13.59,13.6,13.61,13.62,13.63,13.64,13.65,13.66,16400,8500,3400,12400,15800,22500,100,12100,7400,27900,2900,7100,1900,17200,300,1800,2900,8400,3100,1000
3988.0,13.56,8163100,110022524.0,13.55,13.54,13.53,13.52,13.51,13.5,13.49,13.48,13.47,13.46,13.56,13.57,13.58,13.59,13.6,13.61,13.62,13.63,13.64,13.65,16700,8500,3400,12400,15800,22500,100,12100,7400,27900,700,2900,7100,1900,17200,300,1800,2900,8400,3100
3989.0,13.56,8164700,110044220.0,13.55,13.54,13.53,13.52,13.51,13.5,13.49,13.48,13.47,13.46,13.56,13.57,13.58,13.59,13.6,13.61,13.62,13.63,13.64,13.65,16900,8500,3400,12400,15800,22500,100,12100,7400,27900,300,2900,7100,1100,17200,300,3800,2900,8400,3100
3990.0,13.56,8164700,110044220.0,13.55,13.54,13.53,13.52,13.51,13.5,13.49,13.48,13.47,13.46,13.56,13.57,13.58,13.59,13.6,13.61,13.62,13.63,13.64,13.65,16900,8500,3400,12400,15800,22500,100,12100,7400,27900,300,2900,7100,1100,17200,300,3800,2900,8400,3100
3991.0,13.56,8164700,110044220.0,13.55,13.54,13.53,13.52,13.51,13.5,13.49,13.48,13.47,13.46,13.56,13.57,13.58,13.59,13.6,13.61,13.62,13.63,13.64,13.65,16500,8500,3400,12400,15800,22500,100,12100,7400,27900,300,2900,7100,1100,17200,300,3800,2900,8400,3100
3992.0,13.56,8164700,110044220.0,13.55,13.54,13.53,13.52,13.51,13.5,13.49,13.48,13.47,13.46,13.56,13.57,13.58,13.59,13.6,13.61,13.62,13.63,13.64,13.65,16500,8500,3400,12400,16100,22500,100,12100,7400,27900,300,3900,7100,1100,17200,300,3800,2900,8400,3100
3993.0,13.55,8166300,110065906.0,13.55,13.54,13.53,13.52,13.51,13.5,13.49,13.48,13.47,13.46,13.56,13.57,13.58,13.59,13.6,13.61,13.62,13.63,13.64,13.65,15500,8500,3400,12400,16100,22500,100,12100,7400,27900,200,4300,7100,1100,17200,300,3800,2900,8400,3100
3994.0,13.55,8166300,110065906.0,13.55,13.54,13.53,13.52,13.51,13.5,13.49,13.48,13.47,13.46,13.56,13.57,13.58,13.59,13.6,13.61,13.62,13.63,13.64,13.65,15500,8500,3400,12400,16100,22500,100,12100,7400,27900,200,4300,7100,800,17200,300,3800,2900,8400,3100
3995.0,13.55,8166300,110065906.0,13.55,13.54,13.53,13.52,13.51,13.5,13.49,13.48,13.47,13.46,13.56,13.57,13.58,13.59,13.6,13.61,13.62,13.63,13.64,13.65,15500,8500,10900,12400,16100,22500,100,12100,7400,27900,200,4300,7100,800,17200,300,3800,2900,8400,3100
3996.0,13.55,8166300,110065906.0,13.55,13.54,13.53,13.52,13.51,13.5,13.49,13.48,13.47,13.46,13.56,13.57,13.58,13.59,13.6,13.61,13.62,13.63,13.64,13.65,15500,8500,10900,12400,16100,22500,100,12100,7400,27900,200,4300,7100,800,17200,300,3800,2900,8400,3100
3997.0,13.57,8172800,110154089.0,13.57,13.55,13.54,13.53,13.52,13.51,13.5,13.49,13.48,13.47,13.58,13.59,13.6,13.61,13.62,13.63,13.64,13.65,13.66,13.67,300,15500,8500,11400,12400,16100,22500,100,15100,7400,7100,800,17200,300,3800,2900,8400,3100,1900,38200
3998.0,13.58,8173500,110163595.0,13.57,13.56,13.55,13.54,13.53,13.52,13.51,13.5,13.49,13.48,13.58,13.59,13.6,13.61,13.62,13.63,13.64,13.65,13.66,13.67,2300,3400,15500,8500,12400,12400,16100,22500,100,15100,6400,800,17200,300,3800,2900,8400,3100,1900,38200
3999.0,13.57,8175000,110183950.0,13.57,13.56,13.55,13.54,13.53,13.52,13.51,13.5,13.49,13.48,13.58,13.59,13.6,13.61,13.62,13.63,13.64,13.65,13.66,13.67,800,3400,16800,8500,12400,12400,16100,22500,100,15100,6400,800,17200,300,3800,2900,8400,3100,1900,38200
4000.0,13.57,8175100,110185307.0,13.57,13.56,13.55,13.54,13.53,13.52,13.51,13.5,13.49,13.48,13.58,13.59,13.6,13.61,13.62,13.63,13.64,13.65,13.66,13.67,700,4800,15400,8500,12400,12400,16100,22500,100,15100,6400,800,17200,300,3800,2900,8400,3100,1900,38200
4001.0,13.58,8181200,110268076.0,13.58,13.57,13.56,13.55,13.54,13.53,13.52,13.51,13.5,13.49,13.59,13.6,13.61,13.62,13.63,13.64,13.65,13.66,13.67,13.68,3900,300,12600,15900,8500,12400,12400,16100,22500,100,800,17200,300,3800,2900,8400,3100,1900,38200,2700
4002.0,13.58,8183300,110296594.0,13.58,13.57,13.56,13.55,13.54,13.53,13.52,13.51,13.5,13.49,13.59,13.6,13.61,13.62,13.63,13.64,13.65,13.66,13.67,13.68,1800,5600,17600,15900,8500,12400,12400,16100,22500,100,800,17200,300,3800,2900,8400,3100,1900,38200,2700
4003.0,13.58,8183300,110296594.0,13.58,13.57,13.56,13.55,13.54,13.53,13.52,13.51,13.5,13.49,13.59,13.6,13.61,13.62,13.63,13.64,13.65,13.66,13.67,13.68,1800,5600,17600,15900,8500,12400,12400,16100,23700,100,800,17200,300,3800,2900,8400,3100,1900,38200,2700
4004.0,13.59,8184100,110307466.0,13.59,13.58,13.57,13.56,13.55,13.54,13.53,13.52,13.51,13.5,13.6,13.61,13.62,13.63,13.64,13.65,13.66,13.67,13.68,13.69,1600,11800,1200,25700,15900,8500,12400,12400,16500,23700,17200,300,3800,2900,9400,3100,1900,38200,2700,28100
4005.0,13.59,8184100,110307466.0,13.59,13.58,13.57,13.56,13.55,13.54,13.53,13.52,13.51,13.5,13.6,13.61,13.62,13.63,13.64,13.65,13.66,13.67,13.68,13.69,1600,11800,1200,25700,15900,8500,12400,12400,16500,23700,17200,300,3800,2900,9400,3100,1900,38200,2700,27900
4006.0,13.59,8184800,110316979.0,13.59,13.58,13.57,13.56,13.55,13.54,13.53,13.52,13.51,13.5,13.6,13.61,13.62,13.63,13.64,13.65,13.66,13.67,13.68,13.69,900,11800,1200,25700,15900,8500,12400,12400,16600,23700,17200,300,3800,2900,9400,3100,1900,38200,2700,27900
4007.0,13.6,8185500,110326499.0,13.59,13.58,13.57,13.56,13.55,13.54,13.53,13.52,13.51,13.5,13.6,13.61,13.62,13.63,13.64,13.65,13.66,13.67,13.68,13.69,900,11800,1200,25900,15900,8500,12400,12400,16600,23700,16500,300,3800,2900,9400,3100,1900,38200,2700,27900
4008.0,13.58,8186500,110340088.0,13.58,13.57,13.56,13.55,13.54,13.53,13.52,13.51,13.5,13.49,13.6,13.61,13.62,13.63,13.64,13.65,13.66,13.67,13.68,13.69,11700,1200,25900,15900,8500,12400,12400,16600,23700,100,16500,300,3800,2900,9400,3100,1900,38200,2700,27900
4009.0,13.58,8186500,110340088.0,13.58,13.57,13.56,13.55,13.54,13.53,13.52,13.51,13.5,13.49,13.6,13.61,13.62,13.63,13.64,13.65,13.66,13.67,13.68,13.69,12700,1200,25900,15900,8500,12400,12400,16600,23700,100,17400,300,3800,2900,9400,3100,1900,38200,2700,27900
4010.0,13.6,8187200,110349608.0,13.58,13.57,13.56,13.55,13.54,13.53,13.52,13.51,13.5,13.49,13.6,13.61,13.62,13.63,13.64,13.65,13.66,13.67,13.68,13.69,14100,1200,25900,15900,8500,12400,12400,16600,23700,100,17500,300,2900,2900,9400,3100,1900,38200,2700,27900
4011.0,13.6,8187200,110349608.0,13.58,13.57,13.56,13.55,13.54,13.53,13.52,13.51,13.5,13.49,13.6,13.61,13.62,13.63,13.64,13.65,13.66,13.67,13.68,13.69,14700,2300,25900,15400,8500,12400,12400,16600,23700,100,17500,300,2900,2900,9400,3100,1900,38200,2700,27900
4012.0,13.6,8187200,110349608.0,13.58,13.57,13.56,13.55,13.54,13.53,13.52,13.51,13.5,13.49,13.6,13.61,13.62,13.63,13.64,13.65,13.66,13.67,13.68,13.69,15500,2300,26100,15200,8500,12400,12400,16600,23700,100,18300,300,2900,2900,9400,3100,1900,38200,2700,27900
4013.0,13.58,8190200,110390362.0,13.58,13.57,13.56,13.55,13.54,13.53,13.52,13.51,13.5,13.49,13.6,13.61,13.62,13.63,13.64,13.65,13.66,13.67,13.68,13.69,14000,2300,26100,15200,8500,12400,12400,16600,23700,100,18400,300,2900,2900,9400,3100,1900,38200,2700,27900
4014.0,13.58,8190200,110390362.0,13.59,13.58,13.57,13.56,13.55,13.54,13.53,13.52,13.51,13.5,13.6,13.61,13.62,13.63,13.64,13.65,13.66,13.67,13.68,13.69,2000,14800,6300,26100,15200,8500,12400,12400,16600,23700,19200,300,2900,2900,9400,3100,1900,38200,2700,27900
4015.0,13.6,8191600,110409402.0,13.59,13.58,13.57,13.56,13.55,13.54,13.53,13.52,13.51,13.5,13.6,13.61,13.62,13.63,13.64,13.65,13.66,13.67,13.68,13.69,2000,31400,6300,26100,15200,8500,12400,14300,16600,23700,17800,300,2900,2900,9400,3100,1900,38200,2700,27900
4016.0,13.6,8192300,110418922.0,13.59,13.58,13.57,13.56,13.55,13.54,13.53,13.52,13.51,13.5,13.6,13.61,13.62,13.63,13.64,13.65,13.66,13.67,13.68,13.69,2000,32400,6300,26300,15200,8500,12400,14300,16600,23700,17100,300,2900,2900,9400,3100,1900,38200,2700,27900
4017.0,13.6,8192300,110418922.0,13.59,13.58,13.57,13.56,13.55,13.54,13.53,13.52,13.51,13.5,13.6,13.61,13.62,13.63,13.64,13.65,13.66,13.67,13.68,13.69,5800,32400,6300,26300,15200,8500,12400,14300,16600,23700,17100,300,2900,2900,9400,3100,1900,38200,2700,27900
4018.0,13.6,8192500,110421642.0,13.59,13.58,13.57,13.56,13.55,13.54,13.53,13.52,13.51,13.5,13.6,13.61,13.62,13.63,13.64,13.65,13.66,13.67,13.68,13.69,5800,32700,8300,26300,15200,8500,12400,14300,16600,23700,16900,300,2900,2900,9400,3100,1900,38200,2700,27900
4019.0,13.6,8193200,110431162.0,13.59,13.58,13.57,13.56,13.55,13.54,13.53,13.52,13.51,13.5,13.6,13.61,13.62,13.63,13.64,13.65,13.66,13.67,13.68,13.69,6900,32700,8300,26300,15200,8500,12400,14300,16600,23700,16200,300,2900,2900,9400,3100,1900,38200,2700,27900
4020.0,13.61,8210700,110669153.0,13.6,13.59,13.58,13.57,13.56,13.55,13.54,13.53,13.52,13.51,13.61,13.62,13.63,13.64,13.65,13.66,13.67,13.68,13.69,13.7,46700,6100,32700,8300,26300,15200,8500,12400,14300,16600,100,2900,2900,9400,3100,1900,38200,2700,27900,30300
4021.0,13.61,8210700,110669153.0,13.6,13.59,13.58,13.57,13.56,13.55,13.54,13.53,13.52,13.51,13.61,13.62,13.63,13.64,13.65,13.66,13.67,13.68,13.69,13.7,46700,6100,32700,8300,26300,15200,8500,12400,14300,16600,100,2900,2900,9400,3100,1900,38200,2700,27900,30300
4022.0,13.6,8231800,110956172.0,13.6,13.59,13.58,13.57,13.56,13.55,13.54,13.53,13.52,13.51,13.62,13.63,13.64,13.65,13.66,13.67,13.68,13.69,13.7,13.71,9000,6100,16100,8300,26300,15200,8500,12400,14300,16600,2900,2900,9400,3100,1900,38200,2700,27900,30300,9700
4023.0,13.62,8233800,110983412.0,13.6,13.59,13.58,13.57,13.56,13.55,13.54,13.53,13.52,13.51,13.62,13.63,13.64,13.65,13.66,13.67,13.68,13.69,13.7,13.71,13000,6100,16100,8300,26300,15200,8500,11900,14300,16600,3000,2900,9400,3100,1900,38200,2700,27900,30300,9700
4024.0,13.63,8237600,111035171.0,13.6,13.59,13.58,13.57,13.56,13.55,13.54,13.53,13.52,13.51,13.63,13.64,13.65,13.66,13.67,13.68,13.69,13.7,13.71,13.72,15800,6900,16100,8300,26300,15200,8500,4400,14300,16600,2600,9400,3100,1900,38200,2700,27900,30300,9700,40600
4025.0,13.63,8237600,111035171.0,13.6,13.59,13.58,13.57,13.56,13.55,13.54,13.53,13.52,13.51,13.63,13.64,13.65,13.66,13.67,13.68,13.69,13.7,13.71,13.72,15800,6900,16100,8300,26300,15200,8500,4400,14300,16600,2800,9400,3100,1900,38200,2700,27900,30300,9700,39800
4026.0,13.63,8238300,111044712.0,13.6,13.59,13.58,13.57,13.56,13.55,13.54,13.53,13.52,13.51,13.63,13.64,13.65,13.66,13.67,13.68,13.69,13.7,13.71,13.72,18500,6900,16100,8300,26300,15200,8500,4400,14300,16600,4800,9400,6600,1900,38200,2700,27900,30300,9700,39800
4027.0,13.6,8239000,111054232.0,13.61,13.6,13.59,13.58,13.57,13.56,13.55,13.54,13.53,13.52,13.63,13.64,13.65,13.66,13.67,13.68,13.69,13.7,13.71,13.72,300,25400,3100,16100,8300,26300,15200,8500,4400,14300,4800,9400,6600,1900,38200,2700,27900,30300,9700,39800
4028.0,13.6,8239000,111054232.0,13.61,13.6,13.59,13.58,13.57,13.56,13.55,13.54,13.53,13.52,13.63,13.64,13.65,13.66,13.67,13.68,13.69,13.7,13.71,13.72,2500,25400,3100,16100,8300,26300,15200,8500,4400,14300,7000,9400,6600,1900,38200,2700,27900,30300,9700,39800
4029.0,13.63,8240400,111073314.0,13.61,13.6,13.59,13.58,13.57,13.56,13.55,13.54,13.53,13.52,13.63,13.64,13.65,13.66,13.67,13.68,13.69,13.7,13.71,13.72,3000,25400,2000,16100,8300,26300,15200,8500,4400,14300,6100,9400,6600,1000,38200,2700,27900,30300,9700,39800
4030.0,13.63,8240400,111073314.0,13.61,13.6,13.59,13.58,13.57,13.56,13.55,13.54,13.53,13.52,13.63,13.64,13.65,13.66,13.67,13.68,13.69,13.7,13.71,13.72,5200,25400,2000,16100,8300,26300,15800,8500,4400,14300,8600,9400,6600,1000,38200,2700,27900,30300,9700,39800
4031.0,13.63,8240900,111080129.0,13.62,13.61,13.6,13.59,13.58,13.57,13.56,13.55,13.54,13.53,13.63,13.64,13.65,13.66,13.67,13.68,13.69,13.7,13.71,13.72,500,5200,26900,2000,16100,8300,26300,15800,8500,4400,8100,9400,6600,1000,38200,2700,27900,30300,9700,39800
4032.0,13.63,8243600,111116930.0,13.62,13.61,13.6,13.59,13.58,13.57,13.56,13.55,13.54,13.53,13.63,13.64,13.65,13.66,13.67,13.68,13.69,13.7,13.71,13.72,600,5200,27600,2000,16100,8300,26300,15800,8500,4400,11400,9400,6600,1000,38200,2700,27900,30300,9700,39800
4033.0,13.63,8245000,111136012.0,13.62,13.61,13.6,13.59,13.58,13.57,13.56,13.55,13.54,13.53,13.63,13.64,13.65,13.66,13.67,13.68,13.69,13.7,13.71,13.72,600,5200,25700,2000,16100,8300,26300,15800,8500,4400,10100,9400,6600,1000,38200,2700,27900,30300,9700,39800
4034.0,13.63,8247100,111164635.0,13.62,13.61,13.6,13.59,13.58,13.57,13.56,13.55,13.54,13.53,13.63,13.64,13.65,13.66,13.67,13.68,13.69,13.7,13.71,13.72,600,5200,25700,2000,16100,8300,26300,15800,8500,4400,8000,9400,6600,1000,38200,2700,27900,30300,9700,39800
4035.0,13.63,8247100,111164635.0,13.62,13.61,13.6,13.59,13.58,13.57,13.56,13.55,13.54,13.53,13.63,13.64,13.65,13.66,13.67,13.68,13.69,13.7,13.71,13.72,600,5200,23400,1200,16100,8300,26300,15300,8500,6200,8000,9400,6600,1000,38200,2700,27900,30300,9700,39800
4036.0,13.63,8248400,111182354.0,13.62,13.61,13.6,13.59,13.58,13.57,13.56,13.55,13.54,13.53,13.63,13.64,13.65,13.66,13.67,13.68,13.69,13.7,13.71,13.72,600,5200,23400,1200,16100,8300,26300,15300,8500,6200,6700,9400,6600,1000,38200,2700,27900,30300,9700,39800
4037.0,13.64,8255800,111283223.0,13.62,13.61,13.6,13.59,13.58,13.57,13.56,13.55,13.54,13.53,13.64,13.65,13.66,13.67,13.68,13.69,13.7,13.71,13.72,13.73,600,5200,23400,1200,16100,8300,26300,15300,8500,6200,8700,6600,1000,38200,2700,27900,30300,9700,39800,44100
4038.0,13.64,8255800,111283223.0,13.62,13.61,13.6,13.59,13.58,13.57,13.56,13.55,13.54,13.53,13.64,13.65,13.66,13.67,13.68,13.69,13.7,13.71,13.72,13.73,3000,5200,23400,1200,16100,8300,26300,15300,8500,5700,11100,6600,1000,38200,2700,27900,30300,9700,39800,44100
4039.0,13.64,8256400,111291407.0,13.62,13.61,13.6,13.59,13.58,13.57,13.56,13.55,13.54,13.53,13.64,13.65,13.66,13.67,13.68,13.69,13.7,13.71,13.72,13.73,3600,5200,23400,1200,16100,8300,26300,15300,8500,5700,11100,6600,1000,38200,2400,27900,30300,9700,39800,44100
4040.0,13.64,8259400,111332327.0,13.62,13.61,13.6,13.59,13.58,13.57,13.56,13.55,13.54,13.53,13.64,13.65,13.66,13.67,13.68,13.69,13.7,13.71,13.72,13.73,3600,5200,23400,1200,16100,8300,26300,15300,8500,5700,8100,6600,1000,38200,2400,27900,30300,9700,39800,44100
4041.0,13.63,8260600,111348687.0,13.63,13.62,13.61,13.6,13.59,13.58,13.57,13.56,13.55,13.54,13.64,13.65,13.66,13.67,13.68,13.69,13.7,13.71,13.72,13.73,400,5700,5200,23400,1200,16100,8300,26300,15300,8500,9800,6600,1000,38200,2400,27900,30300,9700,39800,44100
4042.0,13.63,8261300,111358231.0,13.63,13.62,13.61,13.6,13.59,13.58,13.57,13.56,13.55,13.54,13.64,13.65,13.66,13.67,13.68,13.69,13.7,13.71,13.72,13.73,300,6400,5200,36400,1200,15400,8300,26300,15300,8500,9500,6600,1000,38200,2400,27900,30300,9700,39800,44100
4043.0,13.64,8267700,111445527.0,13.63,13.62,13.61,13.6,13.59,13.58,13.57,13.56,13.55,13.54,13.64,13.65,13.66,13.67,13.68,13.69,13.7,13.71,13.72,13.73,5300,6400,5200,36400,1200,15400,8300,26300,15300,8500,3100,6600,1000,38200,2400,27900,30300,9700,39800,44100
4044.0,13.64,8269500,111470079.0,13.63,13.62,13.61,13.6,13.59,13.58,13.57,13.56,13.55,13.54,13.64,13.65,13.66,13.67,13.68,13.69,13.7,13.71,13.72,13.73,5300,6400,5200,36400,1200,15400,8300,26300,15300,8500,1300,6600,1000,38200,2400,27900,30300,9700,39800,44100
4045.0,13.64,8269500,111470079.0,13.63,13.62,13.61,13.6,13.59,13.58,13.57,13.56,13.55,13.54,13.64,13.65,13.66,13.67,13.68,13.69,13.7,13.71,13.72,13.73,5300,6400,5200,36400,1200,15400,8300,26300,15300,8500,2200,6600,1000,38200,2400,27900,30300,9700,39800,44100
4046.0,13.63,8270500,111483709.0,13.63,13.62,13.61,13.6,13.59,13.58,13.57,13.56,13.55,13.54,13.64,13.65,13.66,13.67,13.68,13.69,13.7,13.71,13.72,13.73,4600,6400,5200,36400,1200,15400,8300,26300,15300,8500,2200,6600,1000,38200,2400,27900,30300,9700,39800,44100
4047.0,13.64,8270700,111486437.0,13.63,13.62,13.61,13.6,13.59,13.58,13.57,13.56,13.55,13.54,13.64,13.65,13.66,13.67,13.68,13.69,13.7,13.71,13.72,13.73,4600,6400,5200,36400,1200,15400,8300,26300,15300,8500,2000,6600,1000,38200,2400,27900,30300,9700,39800,44100
4048.0,13.63,8271500,111497345.0,13.63,13.62,13.61,13.6,13.59,13.58,13.57,13.56,13.55,13.54,13.64,13.65,13.66,13.67,13.68,13.69,13.7,13.71,13.72,13.73,5900,7400,5200,36400,1200,15400,8300,26300,15300,8500,2200,6600,1000,38200,2400,27900,30300,9700,39800,44100
4049.0,13.63,8271500,111497345.0,13.63,13.62,13.61,13.6,13.59,13.58,13.57,13.56,13.55,13.54,13.64,13.65,13.66,13.67,13.68,13.69,13.7,13.71,13.72,13.73,5900,7400,4900,36400,1200,15400,8300,26300,15300,8500,2200,6600,1000,38200,2400,27900,30300,9700,39800,44100
4050.0,13.64,8273700,111527353.0,13.64,13.63,13.62,13.61,13.6,13.59,13.58,13.57,13.56,13.55,13.65,13.66,13.67,13.68,13.69,13.7,13.71,13.72,13.73,13.74,4000,5900,7400,4900,36400,1200,15400,8300,26300,15300,6600,1000,38200,2400,27900,30300,9700,39800,44100,26800
4051.0,13.64,8273700,111527353.0,13.64,13.63,13.62,13.61,13.6,13.59,13.58,13.57,13.56,13.55,13.65,13.66,13.67,13.68,13.69,13.7,13.71,13.72,13.73,13.74,4200,5900,7400,6800,36400,1200,15100,7200,26300,15300,6600,5300,38200,2400,27900,30300,9700,39800,44100,26800
4052.0,13.65,8276100,111560113.0,13.64,13.63,13.62,13.61,13.6,13.59,13.58,13.57,13.56,13.55,13.65,13.66,13.67,13.68,13.69,13.7,13.71,13.72,13.73,13.74,4200,5900,7400,6800,36700,1200,15100,7200,26300,15300,700,5300,38200,2400,27900,30300,9700,39800,44100,26800
4053.0,13.64,8277100,111573753.0,13.64,13.63,13.62,13.61,13.6,13.59,13.58,13.57,13.56,13.55,13.65,13.66,13.67,13.68,13.69,13.7,13.71,13.72,13.73,13.74,3200,5900,7400,6800,36700,1200,15100,7200,26300,15300,700,5300,38200,2400,27900,30300,9700,39800,44100,26800
4054.0,13.64,8277600,111580573.0,13.64,13.63,13.62,13.61,13.6,13.59,13.58,13.57,13.56,13.55,13.65,13.66,13.67,13.68,13.69,13.7,13.71,13.72,13.73,13.74,3800,5900,7400,6800,36700,1200,15100,7200,26300,15300,700,5300,38200,2400,27900,30300,9700,39800,44100,26800
4055.0,13.65,8278400,111591490.0,13.64,13.63,13.62,13.61,13.6,13.59,13.58,13.57,13.56,13.55,13.65,13.66,13.67,13.68,13.69,13.7,13.71,13.72,13.73,13.74,3500,5600,7400,6800,36700,1200,15100,7200,26300,15400,200,5300,38200,2400,27900,30300,9700,39800,44100,26800
4056.0,13.65,8278600,111594220.0,13.65,13.64,13.63,13.62,13.61,13.6,13.59,13.58,13.57,13.56,13.66,13.67,13.68,13.69,13.7,13.71,13.72,13.73,13.74,13.75,18600,3500,5600,7400,6800,41100,1200,15100,7200,26300,7100,38200,2400,27900,30300,9700,39800,44100,26800,27900
4057.0,13.65,8280000,111613330.0,13.65,13.64,13.63,13.62,13.61,13.6,13.59,13.58,13.57,13.56,13.66,13.67,13.68,13.69,13.7,13.71,13.72,13.73,13.74,13.75,18700,3500,5600,7400,6800,41100,1200,15100,7200,26300,7100,38200,2400,27900,30300,9700,39800,44100,26800,27900
4058.0,13.65,8280000,111613330.0,13.65,13.64,13.63,13.62,13.61,13.6,13.59,13.58,13.57,13.56,13.66,13.67,13.68,13.69,13.7,13.71,13.72,13.73,13.74,13.75,18700,3700,5600,7400,6800,41100,1200,15100,7200,26300,7100,38200,2400,27900,31100,9700,39800,44100,26800,27900
4059.0,13.66,8282200,111643382.0,13.65,13.64,13.63,13.62,13.61,13.6,13.59,13.58,13.57,13.56,13.66,13.67,13.68,13.69,13.7,13.71,13.72,13.73,13.74,13.75,18700,3700,3900,7400,6800,41100,1200,15100,7200,26300,5900,38200,2400,27900,31100,9700,39800,44100,26800,27900
4060.0,13.66,8282400,111646114.0,13.65,13.64,13.63,13.62,13.61,13.6,13.59,13.58,13.57,13.56,13.66,13.67,13.68,13.69,13.7,13.71,13.72,13.73,13.74,13.75,3500,3700,3900,7400,6800,41100,1200,15100,5200,26300,5700,38200,2400,27900,31100,9700,39800,44100,26800,27900
4061.0,13.66,8282400,111646114.0,13.65,13.64,13.63,13.62,13.61,13.6,13.59,13.58,13.57,13.56,13.66,13.67,13.68,13.69,13.7,13.71,13.72,13.73,13.74,13.75,3500,3700,3900,7400,6800,41100,1200,15100,5200,26300,5700,38200,2400,27900,31100,9700,39800,44100,26800,27900
4062.0,13.66,8282900,111652944.0,13.65,13.64,13.63,13.62,13.61,13.6,13.59,13.58,13.57,13.56,13.66,13.67,13.68,13.69,13.7,13.71,13.72,13.73,13.74,13.75,3500,3700,3900,7400,6800,41100,1200,15100,5200,26300,5200,38200,2400,27900,31100,9700,39800,44100,26800,27900
4063.0,13.66,8284200,111670702.0,13.65,13.64,13.63,13.62,13.61,13.6,13.59,13.58,13.57,13.56,13.66,13.67,13.68,13.69,13.7,13.71,13.72,13.73,13.74,13.75,3500,5700,3900,7400,6800,41100,1200,15100,5200,26300,3900,38200,2400,27900,31100,9700,39800,44100,26800,27900
4064.0,13.66,8285600,111689826.0,13.65,13.64,13.63,13.62,13.61,13.6,13.59,13.58,13.57,13.56,13.66,13.67,13.68,13.69,13.7,13.71,13.72,13.73,13.74,13.75,3500,5700,3900,7400,6800,41100,1200,15100,5200,26300,2500,38200,2400,27900,31100,9700,39800,44100,26800,27900
4065.0,13.66,8285600,111689826.0,13.65,13.64,13.63,13.62,13.61,13.6,13.59,13.58,13.57,13.56,13.66,13.67,13.68,13.69,13.7,13.71,13.72,13.73,13.74,13.75,3500,5700,3900,7400,6800,41100,1200,15100,5200,26300,2500,38200,2400,27900,31100,9700,39800,44100,26800,27900
4066.0,13.66,8287900,111721244.0,13.65,13.64,13.63,13.62,13.61,13.6,13.59,13.58,13.57,13.56,13.66,13.67,13.68,13.69,13.7,13.71,13.72,13.73,13.74,13.75,3500,5700,3900,7400,6800,42400,1200,15100,5200,26300,200,38200,2400,27900,31100,9700,39800,44100,26800,27900
4067.0,13.67,8307400,111987767.0,13.66,13.65,13.64,13.63,13.62,13.61,13.6,13.59,13.58,13.57,13.67,13.68,13.69,13.7,13.71,13.72,13.73,13.74,13.75,13.76,1000,1500,5700,3900,7400,6800,42400,1200,15100,5200,20900,2400,27900,31100,9700,39800,44100,26800,27900,8800
4068.0,13.65,8311300,112041012.0,13.65,13.64,13.63,13.62,13.61,13.6,13.59,13.58,13.57,13.56,13.67,13.68,13.69,13.7,13.71,13.72,13.73,13.74,13.75,13.76,1600,5700,5300,7400,6800,44200,1200,15100,5200,26300,20900,2400,28900,31100,9700,39800,44100,26800,27900,8800
4069.0,13.67,8312000,112050581.0,13.65,13.64,13.63,13.62,13.61,13.6,13.59,13.58,13.57,13.56,13.67,13.68,13.69,13.7,13.71,13.72,13.73,13.74,13.75,13.76,3300,5700,5300,7400,6800,44200,1200,15100,5200,26300,21900,2400,28900,31200,9700,39800,44100,26800,27900,8800
4070.0,13.67,8313700,112073814.0,13.65,13.64,13.63,13.62,13.61,13.6,13.59,13.58,13.57,13.56,13.67,13.68,13.69,13.7,13.71,13.72,13.73,13.74,13.75,13.76,3000,4600,5300,7400,6800,44200,1200,15100,5200,26300,20500,2400,28900,31200,9700,39800,44100,26800,28600,8800
4071.0,13.67,8313700,112073814.0,13.65,13.64,13.63,13.62,13.61,13.6,13.59,13.58,13.57,13.56,13.67,13.68,13.69,13.7,13.71,13.72,13.73,13.74,13.75,13.76,4600,4600,5300,7400,6800,44200,1200,15100,5200,26300,22100,2400,28900,31200,9700,39800,44100,26800,28600,8800
4072.0,13.67,8313700,112073814.0,13.66,13.65,13.64,13.63,13.62,13.61,13.6,13.59,13.58,13.57,13.67,13.68,13.69,13.7,13.71,13.72,13.73,13.74,13.75,13.76,2800,4600,4600,5300,7400,6800,44200,1200,15100,5200,22100,2400,28900,31200,10500,39800,44100,26800,28600,8800
4073.0,13.66,8314400,112083376.0,13.66,13.65,13.64,13.63,13.62,13.61,13.6,13.59,13.58,13.57,13.67,13.68,13.69,13.7,13.71,13.72,13.73,13.74,13.75,13.76,2100,4600,4600,5300,7400,6800,44200,1200,15100,5200,22100,2400,28900,31200,10500,39800,44100,26800,28600,8800
4074.0,13.66,8314400,112083376.0,13.66,13.65,13.64,13.63,13.62,13.61,13.6,13.59,13.58,13.57,13.67,13.68,13.69,13.7,13.71,13.72,13.73,13.74,13.75,13.76,2100,4600,4600,5300,7400,6800,44200,1200,15100,5200,22100,2400,28900,31200,10500,39800,44100,26800,28600,8800
4075.0,13.65,8317400,112124347.0,13.65,13.64,13.63,13.62,13.61,13.6,13.59,13.58,13.57,13.56,13.67,13.68,13.69,13.7,13.71,13.72,13.73,13.74,13.75,13.76,3700,4600,5300,7400,6800,44200,1200,15100,5200,26300,22100,2700,28900,31200,10500,39800,44100,26800,28600,8800
4076.0,13.65,8318900,112144836.0,13.65,13.64,13.63,13.62,13.61,13.6,13.59,13.58,13.57,13.56,13.66,13.67,13.68,13.69,13.7,13.71,13.72,13.73,13.74,13.75,3600,4600,5300,7400,12600,44200,1200,15100,5200,26300,900,22100,2700,28900,31200,10500,39800,44100,26800,28600
4077.0,13.65,8318900,112144836.0,13.65,13.64,13.63,13.62,13.61,13.6,13.59,13.58,13.57,13.56,13.66,13.67,13.68,13.69,13.7,13.71,13.72,13.73,13.74,13.75,3600,4600,5300,7400,12600,44200,1200,15100,5200,26300,4500,22100,2700,28900,31200,10500,39800,44100,26800,28600
4078.0,13.66,8322200,112189911.0,13.65,13.64,13.63,13.62,13.61,13.6,13.59,13.58,13.57,13.56,13.66,13.67,13.68,13.69,13.7,13.71,13.72,13.73,13.74,13.75,3300,4600,5300,7400,12600,44200,1200,15100,5200,26300,1500,22100,2500,28900,31200,10500,39800,44100,26800,28600
4079.0,13.66,8326400,112247263.0,13.65,13.64,13.63,13.62,13.61,13.6,13.59,13.58,13.57,13.56,13.66,13.67,13.68,13.69,13.7,13.71,13.72,13.73,13.74,13.75,1300,4600,5300,7400,12600,44200,1200,15100,5200,26300,700,22100,2500,29700,31200,10500,39800,44100,26800,28800
4080.0,13.66,8326400,112247263.0,13.65,13.64,13.63,13.62,13.61,13.6,13.59,13.58,13.57,13.56,13.66,13.67,13.68,13.69,13.7,13.71,13.72,13.73,13.74,13.75,1300,4600,5300,7400,12600,44200,1200,15100,5200,26300,700,22100,2500,29700,30700,10500,39800,44100,26800,28800
4081.0,13.66,8326700,112251360.0,13.65,13.64,13.63,13.62,13.61,13.6,13.59,13.58,13.57,13.56,13.66,13.67,13.68,13.69,13.7,13.71,13.72,13.73,13.74,13.75,1200,4600,5300,7400,12600,44200,1200,15100,5200,26300,800,22100,2500,29700,30700,10500,39800,41700,26800,28800
4082.0,13.66,8327400,112260922.0,13.65,13.64,13.63,13.62,13.61,13.6,13.59,13.58,13.57,13.56,13.66,13.67,13.68,13.69,13.7,13.71,13.72,13.73,13.74,13.75,1200,4600,5300,7400,12600,36600,1200,15100,5200,26300,100,22100,2500,29700,30700,10500,39800,41700,26800,28800
4083.0,13.66,8327400,112260922.0,13.65,13.64,13.63,13.62,13.61,13.6,13.59,13.58,13.57,13.56,13.66,13.67,13.68,13.69,13.7,13.71,13.72,13.73,13.74,13.75,1200,4600,5300,7400,12600,36600,1200,15100,5200,26300,700,22100,2500,29700,30700,10500,39800,41700,26800,28800
4084.0,13.66,8328300,112273215.0,13.65,13.64,13.63,13.62,13.61,13.6,13.59,13.58,13.57,13.56,13.66,13.67,13.68,13.69,13.7,13.71,13.72,13.73,13.74,13.75,1100,4600,5300,7400,12600,36600,1200,15100,5200,26300,1300,22100,2500,29700,30700,10500,39800,41700,26800,28800
4085.0,13.65,8329100,112284138.0,13.65,13.64,13.63,13.62,13.61,13.6,13.59,13.58,13.57,13.56,13.66,13.67,13.68,13.69,13.7,13.71,13.72,13.73,13.74,13.75,600,4600,5300,7400,10700,36600,1200,15100,5200,26300,1000,22100,2500,29700,30700,10500,39800,41700,26800,28800
4086.0,13.65,8330200,112299158.0,13.64,13.63,13.62,13.61,13.6,13.59,13.58,13.57,13.56,13.55,13.65,13.66,13.67,13.68,13.69,13.7,13.71,13.72,13.73,13.74,4600,5300,7400,10700,36600,1200,15100,5200,26300,18400,1200,1200,22100,2500,29700,30700,10500,39800,41700,26800
4087.0,13.66,8332800,112334648.0,13.64,13.63,13.62,13.61,13.6,13.59,13.58,13.57,13.56,13.55,13.66,13.67,13.68,13.69,13.7,13.71,13.72,13.73,13.74,13.75,4200,5300,7400,10700,36600,1200,15100,5200,26300,18400,2800,22100,2500,29700,30700,10500,39800,41700,26800,28800
4088.0,13.66,8334300,112355138.0,13.64,13.63,13.62,13.61,13.6,13.59,13.58,13.57,13.56,13.55,13.66,13.67,13.68,13.69,13.7,13.71,13.72,13.73,13.74,13.75,4900,5300,7400,10700,36600,1200,15100,5200,26300,18400,2000,22100,2500,29700,30700,10500,39800,41700,26800,28800
4089.0,13.66,8334300,112355138.0,13.64,13.63,13.62,13.61,13.6,13.59,13.58,13.57,13.56,13.55,13.66,13.67,13.68,13.69,13.7,13.71,13.72,13.73,13.74,13.75,5600,5300,7400,10700,36600,1200,15100,5200,26300,18400,2800,22100,2500,29700,30700,10500,39800,41700,26800,28800
4090.0,13.66,8335400,112370154.0,13.64,13.63,13.62,13.61,13.6,13.59,13.58,13.57,13.56,13.55,13.66,13.67,13.68,13.69,13.7,13.71,13.72,13.73,13.74,13.75,5800,5300,7400,10700,36600,1200,15100,5200,26300,18400,2900,22100,2500,29700,30700,10500,39800,41700,26800,28800
4091.0,13.66,8335400,112370154.0,13.64,13.63,13.62,13.61,13.6,13.59,13.58,13.57,13.56,13.55,13.66,13.67,13.68,13.69,13.7,13.71,13.72,13.73,13.74,13.75,5800,5300,7400,10700,36600,1200,15100,5200,26300,18400,4000,24100,2500,29700,30700,10500,39800,41700,26800,28800
4092.0,13.64,8336700,112387902.0,13.64,13.63,13.62,13.61,13.6,13.59,13.58,13.57,13.56,13.55,13.66,13.67,13.68,13.69,13.7,13.71,13.72,13.73,13.74,13.75,6500,5300,7400,10700,36600,1200,15100,5200,26300,18400,4600,24100,2500,29700,30700,10500,39800,41700,26800,28800
4093.0,13.64,8336700,112387902.0,13.64,13.63,13.62,13.61,13.6,13.59,13.58,13.57,13.56,13.55,13.65,13.66,13.67,13.68,13.69,13.7,13.71,13.72,13.73,13.74,6500,7000,7400,11000,36600,1200,15100,5200,26300,18400,600,7600,24100,2500,29700,30700,10500,39800,41700,26800
4094.0,13.64,8338800,112416546.0,13.64,13.63,13.62,13.61,13.6,13.59,13.58,13.57,13.56,13.55,13.65,13.66,13.67,13.68,13.69,13.7,13.71,13.72,13.73,13.74,4400,7000,7400,11000,36600,1200,15100,5200,26300,18400,600,7700,24100,2500,29700,30700,10500,39800,41700,26800
4095.0,13.64,8339200,112422002.0,13.64,13.63,13.62,13.61,13.6,13.59,13.58,13.57,13.56,13.55,13.65,13.66,13.67,13.68,13.69,13.7,13.71,13.72,13.73,13.74,4000,7000,7400,11000,36600,1200,15100,5200,26300,18400,1700,7700,24100,2500,29700,31800,10500,39800,41700,26800
4096.0,13.65,8345000,112501128.0,13.63,13.62,13.61,13.6,13.59,13.58,13.57,13.56,13.55,13.54,13.65,13.66,13.67,13.68,13.69,13.7,13.71,13.72,13.73,13.74,7000,7400,11000,36600,1200,15100,5200,26300,18400,8500,800,7700,24100,2500,29700,31800,10500,39800,41700,26800
4097.0,13.65,8345000,112501128.0,13.63,13.62,13.61,13.6,13.59,13.58,13.57,13.56,13.55,13.54,13.64,13.65,13.66,13.67,13.68,13.69,13.7,13.71,13.72,13.73,7500,7400,11000,36600,1200,15100,5200,26300,18400,8500,2000,4800,7700,24800,2500,44700,31800,10500,39800,41700
4098.0,13.65,8350300,112573439.0,13.63,13.62,13.61,13.6,13.59,13.58,13.57,13.56,13.55,13.54,13.65,13.66,13.67,13.68,13.69,13.7,13.71,13.72,13.73,13.74,6800,7400,11000,36600,1200,15100,5200,26300,18400,8500,2200,7700,24800,2500,44700,31800,10500,39800,41700,26800
4099.0,13.65,8350300,112573439.0,13.63,13.62,13.61,13.6,13.59,13.58,13.57,13.56,13.55,13.54,13.65,13.66,13.67,13.68,13.69,13.7,13.71,13.72,13.73,13.74,7300,7400,11000,36600,1200,15100,5200,26300,18400,8500,2700,7700,24800,2500,44700,31800,10500,39800,41700,26800
4100.0,13.65,8350400,112574804.0,13.63,13.62,13.61,13.6,13.59,13.58,13.57,13.56,13.55,13.54,13.65,13.66,13.67,13.68,13.69,13.7,13.71,13.72,13.73,13.74,8000,7400,11000,36600,1200,15100,5200,26300,18400,8500,3300,7700,24800,2500,44700,31800,10500,39900,41700,26800
4101.0,13.63,8351100,112584345.0,13.63,13.62,13.61,13.6,13.59,13.58,13.57,13.56,13.55,13.54,13.65,13.66,13.67,13.68,13.69,13.7,13.71,13.72,13.73,13.74,7800,7400,12100,31600,1200,15100,5200,26300,18400,8500,3800,7700,24800,2500,44700,31800,10500,39900,41700,26800
4102.0,13.65,8351300,112587075.0,13.63,13.62,13.61,13.6,13.59,13.58,13.57,13.56,13.55,13.54,13.65,13.66,13.67,13.68,13.69,13.7,13.71,13.72,13.73,13.74,8500,7400,12100,31600,1200,15100,5200,26300,18400,8500,4300,7700,24800,2500,44700,31800,10500,39900,41700,26800
4103.0,13.66,8363800,112757777.0,13.66,13.63,13.62,13.61,13.6,13.59,13.58,13.57,13.56,13.55,13.67,13.68,13.69,13.7,13.71,13.72,13.73,13.74,13.75,13.76,2600,8500,7400,12100,31600,1200,15100,5200,26300,18400,24800,2500,44700,31800,10500,39900,41700,26800,28800,8800
4104.0,13.66,8366100,112789216.0,13.66,13.63,13.62,13.61,13.6,13.59,13.58,13.57,13.56,13.55,13.67,13.68,13.69,13.7,13.71,13.72,13.73,13.74,13.75,13.76,2400,9000,7400,12100,31600,1200,15100,5200,26300,18400,22700,2500,44700,31800,10500,39900,41700,26800,28800,8800
4105.0,13.66,8368500,112822000.0,13.63,13.62,13.61,13.6,13.59,13.58,13.57,13.56,13.55,13.54,13.65,13.67,13.68,13.69,13.7,13.71,13.72,13.73,13.74,13.75,9000,7400,12100,31600,1200,15100,5200,26300,18400,8500,2100,22700,2900,44700,31800,10500,39900,41700,26800,28800
4106.0,13.63,8378900,112963752.0,13.62,13.61,13.6,13.59,13.58,13.57,13.56,13.55,13.54,13.53,13.63,13.64,13.65,13.67,13.68,13.69,13.7,13.71,13.72,13.73,7400,12100,31600,1200,15100,5200,26300,18400,8500,5900,400,7000,3500,22700,2900,44700,31800,10500,39900,41700
4107.0,13.64,8382400,113011474.0,13.62,13.61,13.6,13.59,13.58,13.57,13.56,13.55,13.54,13.53,13.64,13.65,13.67,13.68,13.69,13.7,13.71,13.72,13.73,13.74,6700,12100,31600,1200,15100,5200,18200,18400,8500,5900,4600,3900,22700,2900,44700,30700,10500,39900,41700,26800
4108.0,13.64,8382400,113011474.0,13.62,13.61,13.6,13.59,13.58,13.57,13.56,13.55,13.54,13.53,13.64,13.65,13.67,13.68,13.69,13.7,13.71,13.72,13.73,13.74,7300,12100,32000,1200,15100,5200,18000,18400,8500,5900,5200,3900,22700,2900,44700,31200,10500,39900,41700,26800
4109.0,13.63,8384300,113037376.0,13.62,13.61,13.6,13.59,13.58,13.57,13.56,13.55,13.54,13.53,13.63,13.64,13.65,13.67,13.68,13.69,13.7,13.71,13.72,13.73,7300,12100,32000,1200,15100,5200,18000,18400,8500,5900,300,4700,4900,22700,2900,44700,31200,10500,39900,41700
4110.0,13.63,8384300,113037376.0,13.62,13.61,13.6,13.59,13.58,13.57,13.56,13.55,13.54,13.53,13.63,13.64,13.65,13.67,13.68,13.69,13.7,13.71,13.72,13.73,7300,12100,32000,1200,14900,5200,18000,18400,8500,5900,300,4700,4900,22700,2900,44700,31200,10500,39900,41700
4111.0,13.63,8385100,113048273.0,13.62,13.61,13.6,13.59,13.58,13.57,13.56,13.55,13.54,13.53,13.63,13.64,13.65,13.67,13.68,13.69,13.7,13.71,13.72,13.73,6600,12100,32000,1200,14900,5200,18000,18400,8500,5900,200,4700,4900,22700,2900,44700,31200,10500,39900,41700
4112.0,13.63,8385200,113049636.0,13.62,13.61,13.6,13.59,13.58,13.57,13.56,13.55,13.54,13.53,13.63,13.64,13.65,13.67,13.68,13.69,13.7,13.71,13.72,13.73,6600,12100,32000,1200,14900,5200,18000,18400,8500,5900,100,4700,4900,22700,2900,44700,31200,10500,39900,41700
4113.0,13.63,8385200,113049636.0,13.62,13.61,13.6,13.59,13.58,13.57,13.56,13.55,13.54,13.53,13.63,13.64,13.65,13.67,13.68,13.69,13.7,13.71,13.72,13.73,6600,12100,32000,1200,14900,5200,18000,18400,8500,5900,600,4700,5000,22700,2900,46200,31200,10500,39900,41700
4114.0,13.62,8385800,113057808.0,13.62,13.61,13.6,13.59,13.58,13.57,13.56,13.55,13.54,13.53,13.63,13.64,13.65,13.67,13.68,13.69,13.7,13.71,13.72,13.73,6000,12100,32000,1200,14900,5200,18000,18400,8500,5900,600,4700,5000,22700,2900,45200,31200,10500,39900,41700
4115.0,13.63,8385900,113059171.0,13.62,13.61,13.6,13.59,13.58,13.57,13.56,13.55,13.54,13.53,13.63,13.64,13.65,13.67,13.68,13.69,13.7,13.71,13.72,13.73,6000,12100,32000,1200,14900,5200,18000,18400,8500,5900,500,4700,7000,22700,2900,45200,31200,10500,39900,41700
4116.0,13.63,8385900,113059171.0,13.62,13.61,13.6,13.59,13.58,13.57,13.56,13.55,13.54,13.53,13.63,13.64,13.65,13.67,13.68,13.69,13.7,13.71,13.72,13.73,6000,12100,32000,1200,14900,5200,18000,18400,8500,5900,500,4700,7000,22700,3400,45200,31200,10500,39900,41700
4117.0,13.63,8386600,113068706.0,13.62,13.61,13.6,13.59,13.58,13.57,13.56,13.55,13.54,13.53,13.63,13.64,13.65,13.67,13.68,13.69,13.7,13.71,13.72,13.73,5400,12100,33000,1200,14900,5200,18000,18400,8500,5900,400,5000,8000,22700,4200,45200,31200,10500,35900,41700
4118.0,13.63,8386600,113068706.0,13.62,13.61,13.6,13.59,13.58,13.57,13.56,13.55,13.54,13.53,13.63,13.64,13.65,13.66,13.67,13.68,13.69,13.7,13.71,13.72,5400,14000,33000,1200,14900,5200,13000,18400,8500,5900,400,5000,8000,900,22700,4200,45200,31200,10500,35900
4119.0,13.63,8386600,113068706.0,13.62,13.61,13.6,13.59,13.58,13.57,13.56,13.55,13.54,13.53,13.63,13.64,13.65,13.66,13.67,13.68,13.69,13.7,13.71,13.72,5400,14000,33000,1200,14900,5200,13000,18400,8500,5900,400,5000,8000,900,22700,4200,45200,31200,10500,35900
4120.0,13.62,8387100,113075516.0,13.62,13.61,13.6,13.59,13.58,13.57,13.56,13.55,13.54,13.53,13.63,13.64,13.65,13.66,13.67,13.68,13.69,13.7,13.71,13.72,4900,14000,33000,1200,14900,5200,13000,18400,8500,5900,400,5000,8000,900,22700,4200,45200,31200,10500,35900
4121.0,13.62,8387900,113086412.0,13.62,13.61,13.6,13.59,13.58,13.57,13.56,13.55,13.54,13.53,13.63,13.64,13.65,13.66,13.67,13.68,13.69,13.7,13.71,13.72,4100,14000,33000,1200,14900,5200,13000,18400,8500,5900,400,5000,8500,900,22700,4200,45200,31200,10500,35900
4122.0,13.63,8388800,113098679.0,13.62,13.61,13.6,13.59,13.58,13.57,13.56,13.55,13.54,13.53,13.64,13.65,13.66,13.67,13.68,13.69,13.7,13.71,13.72,13.73,4100,14000,33000,1200,14900,5200,13000,18400,8500,5900,5000,8500,900,22700,4200,45200,31200,10500,35900,41700
4123.0,13.64,8389500,113108219.0,13.62,13.61,13.6,13.59,13.58,13.57,13.56,13.55,13.54,13.53,13.64,13.65,13.66,13.67,13.68,13.69,13.7,13.71,13.72,13.73,4200,14000,33000,1200,14900,5200,13000,18400,8500,5900,5200,8500,900,22700,4200,45200,31200,10500,35900,41700
4124.0,13.64,8389500,113108219.0,13.62,13.61,13.6,13.59,13.58,13.57,13.56,13.55,13.54,13.53,13.63,13.64,13.65,13.66,13.67,13.68,13.69,13.7,13.71,13.72,4200,14000,33000,1200,14900,1200,13000,18400,8500,5900,100,5200,8500,900,22700,4200,45200,31200,10500,35900
4125.0,13.64,8389500,113108219.0,13.62,13.61,13.6,13.59,13.58,13.57,13.56,13.55,13.54,13.53,13.63,13.64,13.65,13.66,13.67,13.68,13.69,13.7,13.71,13.72,4200,14000,33000,1200,14900,1200,13000,18400,8500,5900,100,5200,8500,900,22700,4200,45200,31200,10500,35900
4126.0,13.62,8389900,113113667.0,13.62,13.61,13.6,13.59,13.58,13.57,13.56,13.55,13.54,13.53,13.63,13.64,13.65,13.66,13.67,13.68,13.69,13.7,13.71,13.72,3800,14000,33000,1200,14900,1200,13000,18400,8500,5900,100,5200,9500,900,22700,4200,45200,31200,10500,35900
4127.0,13.62,8389900,113113667.0,13.62,13.61,13.6,13.59,13.58,13.57,13.56,13.55,13.54,13.53,13.63,13.64,13.65,13.66,13.67,13.68,13.69,13.7,13.71,13.72,3800,14000,33000,1200,14900,1200,13000,18400,8500,5900,100,5200,9500,900,22700,4200,45200,31200,10500,35900
4128.0,13.62,8389900,113113667.0,13.62,13.61,13.6,13.59,13.58,13.57,13.56,13.55,13.54,13.53,13.63,13.64,13.65,13.66,13.67,13.68,13.69,13.7,13.71,13.72,3800,14000,33000,1200,14900,1200,13000,18400,8500,5900,100,6700,9500,900,22700,4200,45200,31200,10500,35900
4129.0,13.62,8390200,113117753.0,13.62,13.61,13.6,13.59,13.58,13.57,13.56,13.55,13.54,13.53,13.63,13.64,13.65,13.66,13.67,13.68,13.69,13.7,13.71,13.72,3500,14000,33000,1200,14900,1200,13000,18400,8500,5900,100,6700,9500,900,22700,4200,45200,31200,10500,35900
4130.0,13.62,8390200,113117753.0,13.62,13.61,13.6,13.59,13.58,13.57,13.56,13.55,13.54,13.53,13.63,13.64,13.65,13.66,13.67,13.68,13.69,13.7,13.71,13.72,3500,14000,33000,1200,14900,1200,13000,18400,8500,5900,100,6700,9500,1000,22700,4200,45200,31200,10500,35900
4131.0,13.62,8393700,113165423.0,13.61,13.6,13.59,13.58,13.57,13.56,13.55,13.54,13.53,13.52,13.62,13.63,13.64,13.65,13.66,13.67,13.68,13.69,13.7,13.71,14000,33000,1200,14900,1200,13000,18400,8500,5900,14000,10800,100,6700,9500,1000,22700,4200,45200,31200,10500
4132.0,13.62,8394400,113174957.0,13.61,13.6,13.59,13.58,13.57,13.56,13.55,13.54,13.53,13.52,13.62,13.63,13.64,13.65,13.66,13.67,13.68,13.69,13.7,13.71,14000,32500,1200,14900,1200,13000,18400,8500,5900,14000,10100,100,6700,9500,2000,22700,4200,45200,31200,10500
4133.0,13.61,8395400,113188567.0,13.61,13.6,13.59,13.58,13.57,13.56,13.55,13.54,13.53,13.52,13.62,13.63,13.64,13.65,13.66,13.67,13.68,13.69,13.7,13.71,13000,32500,1200,14900,1200,13000,18400,8500,5900,14000,10100,100,6700,9500,2000,22700,4200,45200,31200,10500
4134.0,13.62,8395900,113195377.0,13.61,13.6,13.59,13.58,13.57,13.56,13.55,13.54,13.53,13.52,13.62,13.63,13.64,13.65,13.66,13.67,13.68,13.69,13.7,13.71,13000,32500,1200,14900,1200,13000,18400,8500,5900,14000,9600,100,6700,9500,2000,22700,4200,45200,31200,10500
4135.0,13.62,8395900,113195377.0,13.61,13.6,13.59,13.58,13.57,13.56,13.55,13.54,13.53,13.52,13.62,13.63,13.64,13.65,13.66,13.67,13.68,13.69,13.7,13.71,13000,32500,1200,14900,1200,13000,18400,8500,5900,14000,9600,100,6700,9500,2000,22700,4200,45200,31200,10500
4136.0,13.61,8397600,113218514.0,13.61,13.6,13.59,13.58,13.57,13.56,13.55,13.54,13.53,13.52,13.62,13.63,13.64,13.65,13.66,13.67,13.68,13.69,13.7,13.71,11300,32500,1200,14900,1200,13000,18400,8500,5900,14000,10100,100,6700,9500,2000,22700,4200,45200,31200,10500
4137.0,13.61,8399000,113237568.0,13.61,13.6,13.59,13.58,13.57,13.56,13.55,13.54,13.53,13.52,13.62,13.63,13.64,13.65,13.66,13.67,13.68,13.69,13.7,13.71,9900,32500,1200,14900,1200,13000,18400,8500,5900,14000,10100,100,6700,9500,2000,22700,4200,45200,31200,10500
4138.0,13.61,8399000,113237568.0,13.61,13.6,13.59,13.58,13.57,13.56,13.55,13.54,13.53,13.52,13.62,13.63,13.64,13.65,13.66,13.67,13.68,13.69,13.7,13.71,9900,28100,1200,14900,1200,13000,18400,8500,5900,14000,10100,100,6700,8500,2000,22700,4200,45200,31200,10500
4139.0,13.61,8399700,113247095.0,13.61,13.6,13.59,13.58,13.57,13.56,13.55,13.54,13.53,13.52,13.62,13.63,13.64,13.65,13.66,13.67,13.68,13.69,13.7,13.71,9500,28100,1200,14900,1200,13000,18400,8500,5900,14000,10100,100,6700,8500,2000,22700,4200,45200,31200,10500
4140.0,13.62,8400400,113256629.0,13.61,13.6,13.59,13.58,13.57,13.56,13.55,13.54,13.53,13.52,13.62,13.63,13.64,13.65,13.66,13.67,13.68,13.69,13.7,13.71,9500,28100,1200,14900,1200,13000,18400,8500,5900,14000,9400,100,6700,8500,2000,22700,4200,47200,31200,10500
4141.0,13.62,8400400,113256629.0,13.61,13.6,13.59,13.58,13.57,13.56,13.55,13.54,13.53,13.52,13.62,13.63,13.64,13.65,13.66,13.67,13.68,13.69,13.7,13.71,9500,27400,1200,13900,1200,13000,18400,8500,5900,14000,9400,100,6700,8500,2000,22700,4200,47200,31200,10500
4142.0,13.61,8403900,113304264.0,13.61,13.6,13.59,13.58,13.57,13.56,13.55,13.54,13.53,13.52,13.62,13.64,13.65,13.66,13.67,13.68,13.69,13.7,13.71,13.72,6000,27400,1200,15100,1200,13000,18400,8500,5900,14000,9400,6700,8500,2000,22700,4200,47200,31200,10500,35900
4143.0,13.61,8403900,113304264.0,13.61,13.6,13.59,13.58,13.57,13.56,13.55,13.54,13.53,13.52,13.62,13.64,13.65,13.66,13.67,13.68,13.69,13.7,13.71,13.72,6000,27400,1200,15100,1200,13000,18400,8500,5900,14000,10400,6700,8500,2000,22700,4200,47200,31200,10500,35900
4144.0,13.62,8404000,113305626.0,13.61,13.6,13.59,13.58,13.57,13.56,13.55,13.54,13.53,13.52,13.62,13.63,13.64,13.65,13.66,13.67,13.68,13.69,13.7,13.71,6000,27400,1200,15100,1200,13000,18400,8500,5900,14000,10300,800,6700,9500,2000,22700,4200,47200,31200,10500
4145.0,13.62,8404000,113305626.0,13.61,13.6,13.59,13.58,13.57,13.56,13.55,13.54,13.53,13.52,13.62,13.63,13.64,13.65,13.66,13.67,13.68,13.69,13.7,13.71,5700,27400,1200,15100,1200,13000,18400,8500,5900,14000,10300,800,6700,9500,2000,22700,4200,47200,31200,10500
4146.0,13.61,8405000,113319236.0,13.61,13.6,13.59,13.58,13.57,13.56,13.55,13.54,13.53,13.52,13.62,13.63,13.64,13.65,13.66,13.67,13.68,13.69,13.7,13.71,4700,27400,1200,15100,1200,13000,18400,8500,5900,14000,10300,800,6700,9500,2000,22700,4200,47200,31200,10500
4147.0,13.61,8406700,113342380.0,13.61,13.6,13.59,13.58,13.57,13.56,13.55,13.54,13.53,13.52,13.62,13.63,13.64,13.65,13.66,13.67,13.68,13.69,13.7,13.71,3700,25600,1200,15100,1200,13000,18400,8500,5900,14000,9600,800,6700,9800,2000,22700,4200,47200,31200,10500
4148.0,13.61,8409400,113379127.0,13.61,13.6,13.59,13.58,13.57,13.56,13.55,13.54,13.53,13.52,13.62,13.63,13.64,13.65,13.66,13.67,13.68,13.69,13.7,13.71,1000,25600,1200,15100,1200,13000,18400,8500,5900,14000,9600,800,6700,9800,2000,22700,4200,47200,31200,10500
4149.0,13.61,8409500,113380488.0,13.61,13.6,13.59,13.58,13.57,13.56,13.55,13.54,13.53,13.52,13.62,13.63,13.64,13.65,13.66,13.67,13.68,13.69,13.7,13.71,1600,25600,1200,15100,1200,13000,18400,8500,5900,14000,2600,800,6700,9800,2000,22700,4200,47200,31200,10500
4150.0,13.62,8414100,113443120.0,13.62,13.61,13.6,13.59,13.58,13.57,13.56,13.55,13.54,13.53,13.63,13.64,13.65,13.66,13.67,13.68,13.69,13.7,13.71,13.72,2100,2600,17300,1200,15100,1200,13000,18400,8500,5900,800,6700,9800,2000,22700,4200,47200,31200,10500,35900
4151.0,13.62,8414200,113444482.0,13.62,13.61,13.6,13.59,13.58,13.57,13.56,13.55,13.54,13.53,13.63,13.64,13.65,13.66,13.67,13.68,13.69,13.7,13.71,13.72,2000,2600,17300,1200,15100,1200,13000,18400,8500,5900,800,6700,9800,4000,22700,4200,47200,31200,10500,35900
4152.0,13.62,8414400,113447206.0,13.62,13.61,13.6,13.59,13.58,13.57,13.56,13.55,13.54,13.53,13.63,13.64,13.65,13.66,13.67,13.68,13.69,13.7,13.71,13.72,1800,2600,17300,1200,15100,1200,13000,18400,8500,5900,800,6700,9800,4000,22700,4200,47200,31200,10500,36000
4153.0,13.62,8414400,113447206.0,13.62,13.61,13.6,13.59,13.58,13.57,13.56,13.55,13.54,13.53,13.63,13.64,13.65,13.66,13.67,13.68,13.69,13.7,13.71,13.72,1800,2600,17300,1200,15100,1200,13000,18400,8500,5900,800,6700,9800,4000,22700,4200,47200,31400,10500,36000
4154.0,13.62,8414400,113447206.0,13.62,13.61,13.6,13.59,13.58,13.57,13.56,13.55,13.54,13.53,13.63,13.64,13.65,13.66,13.67,13.68,13.69,13.7,13.71,13.72,4300,2600,17300,1200,15100,1200,13000,18400,8500,5900,800,6700,10800,4000,20700,4200,47200,31400,11600,36000
4155.0,13.62,8415800,113466274.0,13.62,13.61,13.6,13.59,13.58,13.57,13.56,13.55,13.54,13.53,13.63,13.64,13.65,13.66,13.67,13.68,13.69,13.7,13.71,13.72,3200,2500,17300,1200,15100,1200,13000,18400,8500,5900,800,6700,10800,4000,20700,4200,47200,31400,11600,36000
4156.0,13.62,8415800,113466274.0,13.62,13.61,13.6,13.59,13.58,13.57,13.56,13.55,13.54,13.53,13.63,13.64,13.65,13.66,13.67,13.68,13.69,13.7,13.71,13.72,3200,2500,17300,1200,15100,1200,13000,18400,8500,5900,800,6700,10800,4000,20700,4200,47200,31400,11600,36000
4157.0,13.62,8416000,113468998.0,13.62,13.61,13.6,13.59,13.58,13.57,13.56,13.55,13.54,13.53,13.63,13.64,13.65,13.66,13.67,13.68,13.69,13.7,13.71,13.72,3000,2500,17300,1200,15100,1200,13000,18400,8500,5900,800,6700,10800,4000,20700,4200,47200,31400,11600,36000
4158.0,13.62,8416000,113468998.0,13.62,13.61,13.6,13.59,13.58,13.57,13.56,13.55,13.54,13.53,13.63,13.64,13.65,13.66,13.67,13.68,13.69,13.7,13.71,13.72,3000,2500,17300,1200,15100,1200,13000,18400,8500,5900,800,6700,10500,4000,20700,4200,47200,28900,13200,36000
4159.0,13.62,8416300,113473084.0,13.62,13.61,13.6,13.59,13.58,13.57,13.56,13.55,13.54,13.53,13.63,13.64,13.65,13.66,13.67,13.68,13.69,13.7,13.71,13.72,2800,2900,17300,1200,15100,1200,13000,18400,8500,5900,5800,6700,10500,5000,20700,4200,47200,28900,13200,36000
4160.0,13.62,8417000,113482618.0,13.62,13.61,13.6,13.59,13.58,13.57,13.56,13.55,13.54,13.53,13.63,13.64,13.65,13.66,13.67,13.68,13.69,13.7,13.71,13.72,2300,2900,17300,1200,15100,1200,13000,18400,8500,5900,5800,6700,10500,5000,20700,4200,47200,28900,13200,36000
4161.0,13.63,8417500,113489433.0,13.62,13.61,13.6,13.59,13.58,13.57,13.56,13.55,13.54,13.53,13.63,13.64,13.65,13.66,13.67,13.68,13.69,13.7,13.71,13.72,3100,2900,17300,1200,15100,1200,13300,18400,8500,5900,5300,6700,10500,5000,20700,4200,47200,28900,13200,36000
4162.0,13.62,8417900,113494881.0,13.62,13.61,13.6,13.59,13.58,13.57,13.56,13.55,13.54,13.53,13.63,13.64,13.65,13.66,13.67,13.68,13.69,13.7,13.71,13.72,5700,2900,17300,2200,15100,1200,13300,18400,8500,5900,5300,6700,10500,5000,20700,4200,47200,28900,13200,36000
4163.0,13.62,8417900,113494881.0,13.62,13.61,13.6,13.59,13.58,13.57,13.56,13.55,13.54,13.53,13.63,13.64,13.65,13.66,13.67,13.68,13.69,13.7,13.71,13.72,7300,2900,17300,2200,15100,1200,13300,18400,8500,5900,5300,6700,10500,5000,20700,4200,47200,28900,13200,36000
4164.0,13.62,8417900,113494881.0,13.62,13.61,13.6,13.59,13.58,13.57,13.56,13.55,13.54,13.53,13.63,13.64,13.65,13.66,13.67,13.68,13.69,13.7,13.71,13.72,7300,2900,17300,2200,15100,1200,13300,18400,8500,5900,5300,6700,10500,5000,20700,4700,47200,28900,13200,36000
4165.0,13.62,8420700,113533018.0,13.62,13.61,13.6,13.59,13.58,13.57,13.56,13.55,13.54,13.53,13.63,13.64,13.65,13.66,13.67,13.68,13.69,13.7,13.71,13.72,4800,2900,17300,2200,15100,1200,13300,18400,8500,5900,5200,6700,10500,5000,20700,4700,47200,28900,13200,36000
4166.0,13.62,8421400,113542552.0,13.62,13.61,13.6,13.59,13.58,13.57,13.56,13.55,13.54,13.53,13.63,13.64,13.65,13.66,13.67,13.68,13.69,13.7,13.71,13.72,4100,2900,17300,2200,15100,1200,13300,18400,8500,5900,5200,6700,10500,5000,20700,4700,47200,28900,13200,36000
4167.0,13.63,8421700,113546641.0,13.62,13.61,13.6,13.59,13.58,13.57,13.56,13.55,13.54,13.53,13.63,13.64,13.65,13.66,13.67,13.68,13.69,13.7,13.71,13.72,4200,2900,17300,2200,15100,1200,13300,18400,8500,5900,4900,6700,10500,5000,20700,4700,47200,28900,13200,36000
4168.0,13.63,8421700,113546641.0,13.62,13.61,13.6,13.59,13.58,13.57,13.56,13.55,13.54,13.53,13.63,13.64,13.65,13.66,13.67,13.68,13.69,13.7,13.71,13.72,4200,2900,17300,2200,15100,1200,13300,18400,8500,5900,4900,6700,10500,5000,20700,4700,47200,28900,13200,36100
4169.0,13.62,8422900,113562989.0,13.62,13.61,13.6,13.59,13.58,13.57,13.56,13.55,13.54,13.53,13.63,13.64,13.65,13.66,13.67,13.68,13.69,13.7,13.71,13.72,3400,2900,17300,2200,15100,1200,13300,18400,8500,5900,4500,6700,10500,5000,20700,4700,47200,28900,13200,36100
4170.0,13.62,8423500,113571161.0,13.62,13.61,13.6,13.59,13.58,13.57,13.56,13.55,13.54,13.53,13.63,13.64,13.65,13.66,13.67,13.68,13.69,13.7,13.71,13.72,2800,2900,17300,2200,15100,1200,13300,18400,8500,5900,4500,6700,10500,5000,20700,4700,47200,28900,13200,36100
4171.0,13.62,8424000,113577971.0,13.62,13.61,13.6,13.59,13.58,13.57,13.56,13.55,13.54,13.53,13.63,13.64,13.65,13.66,13.67,13.68,13.69,13.7,13.71,13.72,2300,2900,17300,2200,15100,1200,13300,18400,8500,5900,4500,6700,10500,5000,20700,4700,47200,28900,13200,37100
4172.0,13.62,8424200,113580695.0,13.62,13.61,13.6,13.59,13.58,13.57,13.56,13.55,13.54,13.53,13.63,13.64,13.65,13.66,13.67,13.68,13.69,13.7,13.71,13.72,3000,2900,17300,2200,15100,1200,13300,18400,8500,5900,4500,6700,10500,5000,20700,4700,47200,28900,13200,37100
4173.0,13.63,8424500,113584784.0,13.62,13.61,13.6,13.59,13.58,13.57,13.56,13.55,13.54,13.53,13.63,13.64,13.65,13.66,13.67,13.68,13.69,13.7,13.71,13.72,3000,2900,17300,2200,15100,1200,13300,18400,8500,5900,4200,6700,10500,5000,20700,4700,47200,28900,13200,37100
4174.0,13.63,8424700,113587510.0,13.62,13.61,13.6,13.59,13.58,13.57,13.56,13.55,13.54,13.53,13.63,13.64,13.65,13.66,13.67,13.68,13.69,13.7,13.71,13.72,3000,2900,17300,2200,15100,1200,13300,18400,8500,5900,4000,6700,10500,5000,20700,4700,47200,28900,13200,37100
4175.0,13.62,8426100,113606578.0,13.62,13.61,13.6,13.59,13.58,13.57,13.56,13.55,13.54,13.53,13.63,13.64,13.65,13.66,13.67,13.68,13.69,13.7,13.71,13.72,1600,2900,17300,2200,15100,1200,13300,18400,8500,5900,6000,6700,10500,5000,20700,4700,47200,30900,13200,37100
4176.0,13.63,8426900,113617482.0,13.62,13.61,13.6,13.59,13.58,13.57,13.56,13.55,13.54,13.53,13.63,13.64,13.65,13.66,13.67,13.68,13.69,13.7,13.71,13.72,1600,2900,17300,2200,15100,1200,13300,18400,8500,5900,5200,6700,10500,5000,20700,4700,47200,30900,13200,37100
4177.0,13.63,8428700,113642016.0,13.62,13.61,13.6,13.59,13.58,13.57,13.56,13.55,13.54,13.53,13.63,13.64,13.65,13.66,13.67,13.68,13.69,13.7,13.71,13.72,1600,2900,17300,2200,15100,1200,13300,18400,8500,5900,3400,6700,10500,5500,20700,4700,47200,30900,13200,37100
4178.0,13.63,8432100,113688358.0,13.63,13.62,13.61,13.6,13.59,13.58,13.57,13.56,13.55,13.54,13.64,13.65,13.66,13.67,13.68,13.69,13.7,13.71,13.72,13.73,1900,1600,2900,17300,2200,15100,1200,13300,18400,8500,6700,10500,5500,20700,4700,47200,30900,13200,37100,41700
4179.0,13.63,8432700,113696536.0,13.63,13.62,13.61,13.6,13.59,13.58,13.57,13.56,13.55,13.54,13.64,13.65,13.66,13.67,13.68,13.69,13.7,13.71,13.72,13.73,1300,1800,2900,17300,2200,15100,1200,13300,18400,8500,6700,10500,5500,20700,4700,47200,30900,13200,37100,41700
4180.0,13.63,8432700,113696536.0,13.63,13.62,13.61,13.6,13.59,13.58,13.57,13.56,13.55,13.54,13.64,13.65,13.66,13.67,13.68,13.69,13.7,13.71,13.72,13.73,1300,1800,2900,17300,2200,15100,1200,13300,18400,8500,6700,10500,5500,20700,4700,47200,30900,13200,37100,41700
4181.0,13.63,8432700,113696536.0,13.63,13.62,13.61,13.6,13.59,13.58,13.57,13.56,13.55,13.54,13.64,13.65,13.66,13.67,13.68,13.69,13.7,13.71,13.72,13.73,1800,1800,2900,17300,2200,15100,1200,13300,18400,8500,6700,10500,5500,20700,4700,47200,30900,13200,37100,41700
4182.0,13.63,8433100,113701988.0,13.63,13.62,13.61,13.6,13.59,13.58,13.57,13.56,13.55,13.54,13.64,13.65,13.66,13.67,13.68,13.69,13.7,13.71,13.72,13.73,2500,1800,2900,17300,2200,15100,1200,13300,18400,8500,6700,10600,5500,20700,4700,47200,30900,13200,37100,41700
4183.0,13.64,8433700,113710172.0,13.63,13.62,13.61,13.6,13.59,13.58,13.57,13.56,13.55,13.54,13.64,13.65,13.66,13.67,13.68,13.69,13.7,13.71,13.72,13.73,2500,1800,2900,17300,1200,15100,1200,13300,18400,8500,6100,10600,5500,20700,4700,47200,30900,13200,37100,41700
4184.0,13.64,8433700,113710172.0,13.63,13.62,13.61,13.6,13.59,13.58,13.57,13.56,13.55,13.54,13.64,13.65,13.66,13.67,13.68,13.69,13.7,13.71,13.72,13.73,2500,2500,2900,17300,1200,15100,1200,13300,18400,8500,6100,10600,5500,20700,4700,47200,30900,13200,37100,41700
4185.0,13.63,8433900,113712898.0,13.63,13.62,13.61,13.6,13.59,13.58,13.57,13.56,13.55,13.54,13.64,13.65,13.66,13.67,13.68,13.69,13.7,13.71,13.72,13.73,2300,2500,3100,17300,1200,15100,1200,13000,18400,8500,6100,10600,5500,20700,4700,47200,30900,13200,37100,36700
4186.0,13.64,8434000,113714262.0,13.63,13.62,13.61,13.6,13.59,13.58,13.57,13.56,13.55,13.54,13.64,13.65,13.66,13.67,13.68,13.69,13.7,13.71,13.72,13.73,2300,17800,8100,17300,1200,15100,1200,13000,18400,8500,6000,11600,5500,20700,4700,47200,30900,13200,37100,36700
4187.0,13.64,8434000,113714262.0,13.63,13.62,13.61,13.6,13.59,13.58,13.57,13.56,13.55,13.54,13.64,13.65,13.66,13.67,13.68,13.69,13.7,13.71,13.72,13.73,2300,17800,8100,17300,1200,15100,1200,13000,18400,8500,6000,11600,5500,20700,4700,47200,30900,13200,37100,36700
4188.0,13.64,8434000,113714262.0,13.63,13.62,13.61,13.6,13.59,13.58,13.57,13.56,13.55,13.54,13.64,13.65,13.66,13.67,13.68,13.69,13.7,13.71,13.72,13.73,2300,17800,8700,17300,1200,15100,1200,13000,18400,8500,6000,11600,5500,20700,4700,47200,30900,13200,37100,36700
4189.0,13.63,8435600,113736070.0,13.63,13.62,13.61,13.6,13.59,13.58,13.57,13.56,13.55,13.54,13.64,13.65,13.66,13.67,13.68,13.69,13.7,13.71,13.72,13.73,2700,17800,8700,17600,1200,15100,1200,13000,18400,8500,6300,11600,5500,20700,4700,47200,30900,13200,37100,36700
4190.0,13.63,8435600,113736070.0,13.63,13.62,13.61,13.6,13.59,13.58,13.57,13.56,13.55,13.54,13.64,13.65,13.66,13.67,13.68,13.69,13.7,13.71,13.72,13.73,2700,17800,8700,17600,1200,15100,1200,13000,18400,8500,6300,11600,5500,20700,4700,47200,32900,13200,37100,36700
4191.0,13.64,8436200,113744254.0,13.63,13.62,13.61,13.6,13.59,13.58,13.57,13.56,13.55,13.54,13.64,13.65,13.66,13.67,13.68,13.69,13.7,13.71,13.72,13.73,2700,17800,8700,17600,1200,15100,1200,13000,18400,8500,5700,11600,5500,20700,4700,47200,32900,13200,37100,36700
4192.0,13.63,8436400,113746980.0,13.63,13.62,13.61,13.6,13.59,13.58,13.57,13.56,13.55,13.54,13.64,13.65,13.66,13.67,13.68,13.69,13.7,13.71,13.72,13.73,2500,17700,8700,17600,1500,15100,1200,13000,18400,8500,5700,11600,5500,20700,4700,47200,32900,13200,37100,36700
4193.0,13.63,8436900,113753795.0,13.63,13.62,13.61,13.6,13.59,13.58,13.57,13.56,13.55,13.54,13.64,13.65,13.66,13.67,13.68,13.69,13.7,13.71,13.72,13.73,2000,17700,8700,17600,2100,15100,1200,13000,18400,8500,5700,11600,5500,20700,4700,47200,32900,13200,37100,36700
4194.0,13.63,8436900,113753795.0,13.63,13.62,13.61,13.6,13.59,13.58,13.57,13.56,13.55,13.54,13.64,13.65,13.66,13.67,13.68,13.69,13.7,13.71,13.72,13.73,2000,17700,8700,17600,2100,15100,1200,13000,18400,8500,5700,11600,5500,20700,4200,47200,32900,13200,37100,36700
4195.0,13.63,8437500,113761973.0,13.63,13.62,13.61,13.6,13.59,13.58,13.57,13.56,13.55,13.54,13.64,13.65,13.66,13.67,13.68,13.69,13.7,13.71,13.72,13.73,1400,17700,8700,17600,2100,15100,1200,13000,18400,8500,5700,11600,5500,20700,4200,48200,32900,13200,37100,36700
4196.0,13.64,8441100,113811077.0,13.63,13.62,13.61,13.6,13.59,13.58,13.57,13.56,13.55,13.54,13.64,13.65,13.66,13.67,13.68,13.69,13.7,13.71,13.72,13.73,1400,17900,8700,17600,2100,15100,1200,13000,18900,8500,2100,11600,5500,20700,4200,48200,32900,13200,37100,36700
4197.0,13.64,8441100,113811077.0,13.63,13.62,13.61,13.6,13.59,13.58,13.57,13.56,13.55,13.54,13.64,13.65,13.66,13.67,13.68,13.69,13.7,13.71,13.72,13.73,1400,17900,8700,17600,2100,15100,1200,13000,18900,8500,2100,11700,5500,20700,4200,48200,32900,13200,37100,36700
4198.0,13.63,8441700,113819258.0,13.63,13.62,13.61,13.6,13.59,13.58,13.57,13.56,13.55,13.54,13.64,13.65,13.66,13.67,13.68,13.69,13.7,13.71,13.72,13.73,1100,17900,8700,17600,2100,15100,1200,13000,18900,8500,1800,11700,5500,20700,4200,48200,32900,13200,37100,36700
4199.0,13.64,8443000,113836989.0,13.63,13.62,13.61,13.6,13.59,13.58,13.57,13.56,13.55,13.54,13.64,13.65,13.66,13.67,13.68,13.69,13.7,13.71,13.72,13.73,1000,17900,8700,17600,2100,15100,1200,13000,18900,8500,600,11700,5500,20700,4200,48200,32900,13200,37100,36700
4200.0,13.64,8443000,113836989.0,13.63,13.62,13.61,13.6,13.59,13.58,13.57,13.56,13.55,13.54,13.64,13.65,13.66,13.67,13.68,13.69,13.7,13.71,13.72,13.73,1000,17900,8700,18000,2100,15100,1200,13000,18900,8500,600,11700,5500,20700,4200,48200,32900,13200,37100,36700
4201.0,13.64,8443000,113836989.0,13.63,13.62,13.61,13.6,13.59,13.58,13.57,13.56,13.55,13.54,13.64,13.65,13.66,13.67,13.68,13.69,13.7,13.71,13.72,13.73,1000,17900,8500,18000,2100,15100,1200,13000,18900,8500,600,11700,6000,20700,4200,48200,32900,13200,37100,36700
4202.0,13.64,8448700,113914686.0,13.64,13.62,13.61,13.6,13.59,13.58,13.57,13.56,13.55,13.54,13.65,13.66,13.67,13.68,13.69,13.7,13.71,13.72,13.73,13.74,7400,17900,8500,18000,2100,15100,1200,13000,18900,8500,11700,6000,20700,4200,48200,32900,13200,37100,36700,27800
4203.0,13.64,8449300,113922870.0,13.64,13.62,13.61,13.6,13.59,13.58,13.57,13.56,13.55,13.54,13.65,13.66,13.67,13.68,13.69,13.7,13.71,13.72,13.73,13.74,15500,17300,8500,18000,2100,15100,1200,12800,18900,8500,11700,6000,20700,4200,48200,32900,13200,37100,36700,27800
4204.0,13.64,8450700,113941966.0,13.64,13.63,13.62,13.61,13.6,13.59,13.58,13.57,13.56,13.55,13.65,13.66,13.67,13.68,13.69,13.7,13.71,13.72,13.73,13.74,14100,5800,17300,8500,18000,2100,15100,1200,12800,18900,11700,6000,20700,4200,48200,32900,13200,37100,36700,27800
4205.0,13.64,8452200,113962433.0,13.64,13.63,13.62,13.61,13.6,13.59,13.58,13.57,13.56,13.55,13.65,13.66,13.67,13.68,13.69,13.7,13.71,13.72,13.73,13.74,13800,5800,17300,8500,18000,2100,15100,1200,12800,18900,11000,6000,20700,4200,48200,32900,13200,37100,36700,27800
4206.0,13.64,8452200,113962433.0,13.64,13.63,13.62,13.61,13.6,13.59,13.58,13.57,13.56,13.55,13.65,13.66,13.67,13.68,13.69,13.7,13.71,13.72,13.73,13.74,15400,5800,17300,9800,18000,2100,15100,1200,12800,18900,11000,6000,20700,4200,48200,32900,13200,37100,36700,27800
4207.0,13.65,8452600,113967893.0,13.64,13.63,13.62,13.61,13.6,13.59,13.58,13.57,13.56,13.55,13.65,13.66,13.67,13.68,13.69,13.7,13.71,13.72,13.73,13.74,15400,5800,17300,9800,18000,2100,15100,1200,12800,18900,10400,6000,20700,4200,48200,32900,13200,37100,36700,27800
4208.0,13.64,8453300,113977441.0,13.64,13.63,13.62,13.61,13.6,13.59,13.58,13.57,13.56,13.55,13.65,13.66,13.67,13.68,13.69,13.7,13.71,13.72,13.73,13.74,14700,5800,17300,9800,18000,2100,15100,1200,12800,18900,10400,6000,20700,4200,48200,32900,13200,37100,36700,27800
4209.0,13.64,8453300,113977441.0,13.64,13.63,13.62,13.61,13.6,13.59,13.58,13.57,13.56,13.55,13.65,13.66,13.67,13.68,13.69,13.7,13.71,13.72,13.73,13.74,14900,5800,17300,9800,18000,2100,15100,1200,12800,18900,10400,6000,20700,4200,48200,32900,13200,37100,36700,27800
4210.0,13.65,8453400,113978806.0,13.64,13.63,13.62,13.61,13.6,13.59,13.58,13.57,13.56,13.55,13.65,13.66,13.67,13.68,13.69,13.7,13.71,13.72,13.73,13.74,14900,5800,17300,9800,18000,2100,15100,1200,12800,18900,10300,6000,20700,4200,48200,32900,13200,37100,36700,27800
4211.0,13.64,8454100,113988354.0,13.64,13.63,13.62,13.61,13.6,13.59,13.58,13.57,13.56,13.55,13.65,13.66,13.67,13.68,13.69,13.7,13.71,13.72,13.73,13.74,14200,5800,17300,9800,18000,2100,15100,1200,12800,18900,10300,6000,20700,4200,48200,32900,13200,37100,36700,27800
4212.0,13.65,8454600,113995179.0,13.64,13.63,13.62,13.61,13.6,13.59,13.58,13.57,13.56,13.55,13.65,13.66,13.67,13.68,13.69,13.7,13.71,13.72,13.73,13.74,14200,5800,17300,9800,18000,2100,15100,1200,12800,18900,9800,6000,20700,4200,48200,32900,13200,37100,36700,27800
4213.0,13.64,8455800,114011554.0,13.64,13.63,13.62,13.61,13.6,13.59,13.58,13.57,13.56,13.55,13.65,13.66,13.67,13.68,13.69,13.7,13.71,13.72,13.73,13.74,13700,5800,17300,9800,18500,2100,15100,1200,12800,18900,9100,6000,20700,4200,48200,32900,13200,37100,36700,27800
4214.0,13.65,8460200,114071614.0,13.64,13.63,13.62,13.61,13.6,13.59,13.58,13.57,13.56,13.55,13.65,13.66,13.67,13.68,13.69,13.7,13.71,13.72,13.73,13.74,18700,5800,17300,9800,18500,2100,15100,1200,12800,18900,4700,6000,20700,4200,48200,32900,12100,37100,36700,27800
4215.0,13.65,8462400,114101623.0,13.64,13.63,13.62,13.61,13.6,13.59,13.58,13.57,13.56,13.55,13.65,13.66,13.67,13.68,13.69,13.7,13.71,13.72,13.73,13.74,8400,5800,17300,9800,18500,2100,15100,1200,12800,18900,4600,6000,20700,4200,48200,32900,12100,37100,36700,27800
4216.0,13.65,8462400,114101623.0,13.64,13.63,13.62,13.61,13.6,13.59,13.58,13.57,13.56,13.55,13.65,13.66,13.67,13.68,13.69,13.7,13.71,13.72,13.73,13.74,8400,5800,17300,9800,18500,2100,15100,1200,12800,18900,4600,6000,20700,4200,48200,32900,12100,37100,36700,27800
4217.0,13.65,8462900,114108448.0,13.64,13.63,13.62,13.61,13.6,13.59,13.58,13.57,13.56,13.55,13.65,13.66,13.67,13.68,13.69,13.7,13.71,13.72,13.73,13.74,8400,5800,17300,9800,18500,2100,15100,1200,12800,18900,4100,6000,20700,4200,48200,32900,12100,37100,36700,27800
4218.0,13.64,8463600,114117996.0,13.64,13.63,13.62,13.61,13.6,13.59,13.58,13.57,13.56,13.55,13.65,13.66,13.67,13.68,13.69,13.7,13.71,13.72,13.73,13.74,7700,1500,17300,9800,18500,2100,15100,1200,12800,18900,4100,6000,20700,4200,46200,36900,12100,37100,36700,27800
4219.0,13.64,8463600,114117996.0,13.64,13.63,13.62,13.61,13.6,13.59,13.58,13.57,13.56,13.55,13.65,13.66,13.67,13.68,13.69,13.7,13.71,13.72,13.73,13.74,7200,1500,17300,9800,18500,2100,15100,1200,12800,18900,4100,6000,20700,4200,46200,36900,12100,37100,36700,27800
4220.0,13.65,8464900,114135741.0,13.64,13.63,13.62,13.61,13.6,13.59,13.58,13.57,13.56,13.55,13.65,13.66,13.67,13.68,13.69,13.7,13.71,13.72,13.73,13.74,7200,1500,17300,9800,18500,2100,15100,1200,12800,18900,2800,6000,20700,4200,46200,36900,12100,37100,36700,27800
4221.0,13.65,8466100,114152114.0,13.64,13.63,13.62,13.61,13.6,13.59,13.58,13.57,13.56,13.55,13.65,13.66,13.67,13.68,13.69,13.7,13.71,13.72,13.73,13.74,14500,1500,17300,9800,18500,2100,15100,1200,12800,18900,2300,6000,20700,4200,46200,36900,12100,37100,36700,27800
4222.0,13.65,8466800,114161669.0,13.64,13.63,13.62,13.61,13.6,13.59,13.58,13.57,13.56,13.55,13.65,13.66,13.67,13.68,13.69,13.7,13.71,13.72,13.73,13.74,14500,1500,17300,9800,18500,2100,15100,1200,12800,18900,1600,6000,20700,4200,46200,36900,12100,37100,36700,27800
4223.0,13.65,8468400,114183509.0,13.65,13.64,13.63,13.62,13.61,13.6,13.59,13.58,13.57,13.56,13.66,13.67,13.68,13.69,13.7,13.71,13.72,13.73,13.74,13.75,300,14500,1500,17300,9800,18500,2100,15100,1200,12800,6000,20700,4200,46200,36900,12100,37100,36700,27800,19400
4224.0,13.65,8468400,114183509.0,13.65,13.64,13.63,13.62,13.61,13.6,13.59,13.58,13.57,13.56,13.66,13.67,13.68,13.69,13.7,13.71,13.72,13.73,13.74,13.75,800,14500,2500,17300,9800,18500,2100,15100,1200,12800,5100,20700,4200,46200,36900,12100,37100,36700,27800,19400
4225.0,13.66,8468700,114187607.0,13.65,13.64,13.63,13.62,13.61,13.6,13.59,13.58,13.57,13.56,13.66,13.67,13.68,13.69,13.7,13.71,13.72,13.73,13.74,13.75,6800,6700,2500,17300,9800,18500,2100,15100,1200,12800,4800,20700,4200,46200,36900,12100,37100,36700,27800,19400
4226.0,13.66,8468700,114187607.0,13.65,13.64,13.63,13.62,13.61,13.6,13.59,13.58,13.57,13.56,13.66,13.67,13.68,13.69,13.7,13.71,13.72,13.73,13.74,13.75,8800,6700,2500,17300,7300,18500,2100,15100,1200,12800,4800,20700,4200,46200,36900,12100,37100,36700,27800,19400
4227.0,13.66,8471200,114221736.0,13.65,13.64,13.63,13.62,13.61,13.6,13.59,13.58,13.57,13.56,13.66,13.67,13.68,13.69,13.7,13.71,13.72,13.73,13.74,13.75,6700,6700,2500,17300,7300,18500,2100,15100,1200,12800,4400,20700,4200,46200,36900,12100,37100,36700,27800,20100
4228.0,13.65,8471700,114228562.0,13.65,13.64,13.63,13.62,13.61,13.6,13.59,13.58,13.57,13.56,13.66,13.67,13.68,13.69,13.7,13.71,13.72,13.73,13.74,13.75,13800,6700,2500,17300,7300,18500,2100,15100,1200,12800,4300,20700,4200,46200,36900,12100,37100,36700,27800,20100
4229.0,13.66,8475500,114280470.0,13.66,13.65,13.64,13.63,13.62,13.61,13.6,13.59,13.58,13.57,13.67,13.68,13.69,13.7,13.71,13.72,13.73,13.74,13.75,13.76,4200,13800,6700,1000,17300,6700,18500,2100,15100,1200,20700,4200,46200,36900,12100,37100,36700,27800,20100,8800
4230.0,13.66,8476500,114294130.0,13.66,13.65,13.64,13.63,13.62,13.61,13.6,13.59,13.58,13.57,13.67,13.68,13.69,13.7,13.71,13.72,13.73,13.74,13.75,13.76,3200,13800,6700,1000,17300,6700,18500,2100,15100,1200,20700,4200,46200,36900,12100,37100,36700,27800,20100,8800
4231.0,13.66,8476500,114294130.0,13.66,13.65,13.64,13.63,13.62,13.61,13.6,13.59,13.58,13.57,13.67,13.68,13.69,13.7,13.71,13.72,13.73,13.74,13.75,13.76,20500,17100,6700,1000,17300,6700,18500,2100,15100,1200,20700,4500,46200,36900,12100,37100,36700,27800,20100,8800
4232.0,13.66,8476500,114294130.0,13.66,13.65,13.64,13.63,13.62,13.61,13.6,13.59,13.58,13.57,13.67,13.68,13.69,13.7,13.71,13.72,13.73,13.74,13.75,13.76,20500,17600,1700,1000,17300,6700,18500,2100,15100,1200,20700,4500,46200,36900,12100,37100,36700,27800,20100,8800
4233.0,13.66,8476500,114294130.0,13.66,13.65,13.64,13.63,13.62,13.61,13.6,13.59,13.58,13.57,13.67,13.68,13.69,13.7,13.71,13.72,13.73,13.74,13.75,13.76,23700,17600,3500,1000,17300,6700,18500,2100,15100,1200,21300,4500,46200,36900,12100,37100,36700,27800,20100,8800
4234.0,13.67,8477200,114303699.0,13.66,13.65,13.64,13.63,13.62,13.61,13.6,13.59,13.58,13.57,13.67,13.68,13.69,13.7,13.71,13.72,13.73,13.74,13.75,13.76,25100,17600,3300,1000,17300,6700,18500,2100,15100,1200,20600,5300,46200,36900,12100,37100,36700,27800,20100,8800
4235.0,13.66,8478400,114320096.0,13.66,13.65,13.64,13.63,13.62,13.61,13.6,13.59,13.58,13.57,13.67,13.68,13.69,13.7,13.71,13.72,13.73,13.74,13.75,13.76,24400,17600,3300,1000,17300,6700,18500,2100,15100,1200,20100,5300,46200,36900,12100,37100,36700,27800,20100,8800
4236.0,13.67,8479600,114336500.0,13.66,13.65,13.64,13.63,13.62,13.61,13.6,13.59,13.58,13.57,13.67,13.68,13.69,13.7,13.71,13.72,13.73,13.74,13.75,13.76,24600,17600,3300,1000,17300,6700,18500,2100,15100,1200,18900,7300,46200,36900,12100,37100,36700,27800,20100,8800
4237.0,13.66,8480100,114343330.0,13.66,13.65,13.64,13.63,13.62,13.61,13.6,13.59,13.58,13.57,13.67,13.68,13.69,13.7,13.71,13.72,13.73,13.74,13.75,13.76,6800,17600,3300,1000,17300,6700,18500,2100,15100,1200,18900,7300,46200,36900,12100,37100,36700,27800,20100,8800
4238.0,13.66,8481400,114361088.0,13.66,13.65,13.64,13.63,13.62,13.61,13.6,13.59,13.58,13.57,13.67,13.68,13.69,13.7,13.71,13.72,13.73,13.74,13.75,13.76,5000,17600,3300,1000,17300,6700,18500,2100,15100,1200,18900,7300,46200,36900,12100,37100,36700,27800,20100,8800
4239.0,13.67,8483600,114391162.0,13.66,13.65,13.64,13.63,13.62,13.61,13.6,13.59,13.58,13.57,13.67,13.68,13.69,13.7,13.71,13.72,13.73,13.74,13.75,13.76,5000,17600,3300,1000,17300,6700,18500,2100,15100,1200,16700,7300,46200,36900,12100,37100,36700,27800,20100,8800
4240.0,13.67,8485000,114410300.0,13.66,13.65,13.64,13.63,13.62,13.61,13.6,13.59,13.58,13.57,13.67,13.68,13.69,13.7,13.71,13.72,13.73,13.74,13.75,13.76,3600,17600,3300,1000,17300,6700,18500,2100,15100,1200,15300,7300,46200,36900,12100,37100,36700,27800,20100,8800
4241.0,13.66,8485100,114411666.0,13.66,13.65,13.64,13.63,13.62,13.61,13.6,13.59,13.58,13.57,13.67,13.68,13.69,13.7,13.71,13.72,13.73,13.74,13.75,13.76,3700,17600,3300,1000,17300,6700,18500,1500,15100,1200,15300,7300,46200,36900,12100,37100,36700,27800,20100,8800
4242.0,13.67,8491300,114496420.0,13.66,13.65,13.64,13.63,13.62,13.61,13.6,13.59,13.58,13.57,13.67,13.68,13.69,13.7,13.71,13.72,13.73,13.74,13.75,13.76,3700,14400,3300,1000,17300,6700,18500,1500,15100,1200,9100,7300,46200,36900,12100,37100,36700,27800,20100,8800
4243.0,13.67,8498800,114598945.0,13.66,13.65,13.64,13.63,13.62,13.61,13.6,13.59,13.58,13.57,13.67,13.68,13.69,13.7,13.71,13.72,13.73,13.74,13.75,13.76,3700,14400,3300,1000,17300,6700,18500,1500,15100,1200,1600,7300,46200,36900,12200,37100,36700,29600,20100,8800
4244.0,13.67,8500400,114620817.0,13.67,13.66,13.65,13.64,13.63,13.62,13.61,13.6,13.59,13.58,13.68,13.69,13.7,13.71,13.72,13.73,13.74,13.75,13.76,13.77,15300,3100,14200,3300,1000,17300,6700,18500,1500,15100,7300,46200,36900,12200,37100,36700,29600,20100,8800,4900
4245.0,13.68,8501800,114639969.0,13.67,13.66,13.65,13.64,13.63,13.62,13.61,13.6,13.59,13.58,13.68,13.69,13.7,13.71,13.72,13.73,13.74,13.75,13.76,13.77,15300,2900,14200,3300,1000,17300,6700,18500,1500,15100,5900,46200,36900,12200,37100,36700,29600,20100,8800,4900
4246.0,13.68,8501800,114639969.0,13.67,13.66,13.65,13.64,13.63,13.62,13.61,13.6,13.59,13.58,13.68,13.69,13.7,13.71,13.72,13.73,13.74,13.75,13.76,13.77,19600,2900,14200,3300,1000,17300,6700,18500,1500,15100,5900,46200,36800,12200,37100,36700,29600,20100,8800,4900
4247.0,13.68,8507700,114720681.0,13.68,13.67,13.66,13.65,13.64,13.63,13.62,13.61,13.6,13.59,13.69,13.7,13.71,13.72,13.73,13.74,13.75,13.76,13.77,13.78,6200,19600,2900,14200,3300,1000,17300,6700,18500,1500,46200,36700,12200,37100,36700,29600,20100,8800,4900,12200
4248.0,13.68,8509000,114738468.0,13.68,13.67,13.66,13.65,13.64,13.63,13.62,13.61,13.6,13.59,13.69,13.7,13.71,13.72,13.73,13.74,13.75,13.76,13.77,13.78,5200,19600,2900,12200,3300,1000,17300,6700,18500,1500,46200,36700,12200,37100,36700,29600,20100,8800,4900,12200
4249.0,13.68,8511000,114765838.0,13.68,13.67,13.66,13.65,13.64,13.63,13.62,13.61,13.6,13.59,13.69,13.7,13.71,13.72,13.73,13.74,13.75,13.76,13.77,13.78,6600,19600,200,6300,3300,1000,2000,6700,18500,1500,45200,36700,12200,37100,36700,29600,20100,8800,4900,12200
4250.0,13.69,8511700,114775421.0,13.68,13.67,13.66,13.65,13.64,13.63,13.62,13.61,13.6,13.59,13.69,13.7,13.71,13.72,13.73,13.74,13.75,13.76,13.77,13.78,7800,19600,200,6300,3300,1000,2000,6700,18500,1500,44500,36200,12200,37100,36700,29600,20100,8800,4900,12200
4251.0,13.69,8511700,114775421.0,13.68,13.67,13.66,13.65,13.64,13.63,13.62,13.61,13.6,13.59,13.69,13.7,13.71,13.72,13.73,13.74,13.75,13.76,13.77,13.78,7800,19600,200,6300,3300,1000,2000,6700,18500,1500,44500,36200,12200,37100,36700,29600,20100,8800,4900,12200
4252.0,13.69,8511700,114775421.0,13.68,13.67,13.66,13.65,13.64,13.63,13.62,13.61,13.6,13.59,13.69,13.7,13.71,13.72,13.73,13.74,13.75,13.76,13.77,13.78,32700,19600,200,6300,3300,1000,2000,6700,18500,1500,44500,36200,12200,37100,36700,29600,20100,8800,4900,12200
4253.0,13.69,8512500,114786372.0,13.68,13.67,13.66,13.65,13.64,13.63,13.62,13.61,13.6,13.59,13.69,13.7,13.71,13.72,13.73,13.74,13.75,13.76,13.77,13.78,34100,19600,200,3300,2000,1000,2500,6700,18500,1500,43800,36200,12200,37100,36700,29600,20100,8800,4900,12200
4254.0,13.69,8518400,114867143.0,13.68,13.67,13.66,13.65,13.64,13.63,13.62,13.61,13.6,13.59,13.69,13.7,13.71,13.72,13.73,13.74,13.75,13.76,13.77,13.78,34100,19600,200,3300,2000,1000,2500,6700,18500,1500,37900,36200,12200,37100,36700,29600,20100,8800,4900,12200
4255.0,13.69,8522700,114926010.0,13.68,13.67,13.66,13.65,13.64,13.63,13.62,13.61,13.6,13.59,13.69,13.7,13.71,13.72,13.73,13.74,13.75,13.76,13.77,13.78,34600,19600,200,2200,2000,1000,2500,6700,18500,1500,33600,36200,12200,37100,36700,29600,20100,8800,4900,12200
4256.0,13.69,8524100,114945176.0,13.68,13.67,13.66,13.65,13.64,13.63,13.62,13.61,13.6,13.59,13.69,13.7,13.71,13.72,13.73,13.74,13.75,13.76,13.77,13.78,34600,19600,200,2200,3500,1000,2500,6700,18500,1500,32200,36200,12200,37100,36700,29600,20100,8800,4900,12200
4257.0,13.69,8527000,114984877.0,13.68,13.67,13.66,13.65,13.64,13.63,13.62,13.61,13.6,13.59,13.69,13.7,13.71,13.72,13.73,13.74,13.75,13.76,13.77,13.78,35300,19600,200,2200,3500,1000,2500,6700,18500,1500,29300,36200,12200,37100,36700,29600,20100,8800,4900,12200
4258.0,13.68,8528800,115009509.0,13.68,13.67,13.66,13.65,13.64,13.63,13.62,13.61,13.6,13.59,13.69,13.7,13.71,13.72,13.73,13.74,13.75,13.76,13.77,13.78,34300,4300,200,2200,3500,1000,2500,6700,18500,1500,28500,36200,12200,37100,36700,29600,20100,8800,4900,12200
4259.0,13.68,8528800,115009509.0,13.68,13.67,13.66,13.65,13.64,13.63,13.62,13.61,13.6,13.59,13.69,13.7,13.71,13.72,13.73,13.74,13.75,13.76,13.77,13.78,34300,4100,200,2200,3500,1000,2500,6700,18500,1500,28500,36700,12200,37100,36700,29600,20100,8800,4900,12200
4260.0,13.69,8529000,115012247.0,13.68,13.67,13.66,13.65,13.64,13.63,13.62,13.61,13.6,13.59,13.69,13.7,13.71,13.72,13.73,13.74,13.75,13.76,13.77,13.78,34300,4100,200,2200,3500,1000,2500,6700,18500,1500,28600,36700,12200,37100,36700,29600,20100,8800,4900,12200
4261.0,13.69,8554800,115365435.0,13.68,13.67,13.66,13.65,13.64,13.63,13.62,13.61,13.6,13.59,13.69,13.7,13.71,13.72,13.73,13.74,13.75,13.76,13.77,13.78,32900,4100,200,2200,3500,1000,2500,6700,18500,1500,4200,36700,12200,37100,36600,29600,20100,8800,4900,12200
4262.0,13.68,8555500,115375011.0,13.68,13.67,13.66,13.65,13.64,13.63,13.62,13.61,13.6,13.59,13.69,13.7,13.71,13.72,13.73,13.74,13.75,13.76,13.77,13.78,32200,4100,200,2200,3500,1000,2500,6700,18500,1500,4200,32600,12200,37100,36600,29600,20100,8800,4900,12200
4263.0,13.69,8557300,115399653.0,13.68,13.67,13.66,13.65,13.64,13.63,13.62,13.61,13.6,13.59,13.69,13.7,13.71,13.72,13.73,13.74,13.75,13.76,13.77,13.78,32200,4100,200,2200,3500,1000,2500,6700,18500,1500,2400,32600,12200,37100,36600,29600,20100,8800,4900,12200
4264.0,13.69,8559700,115432509.0,13.69,13.68,13.67,13.66,13.65,13.64,13.63,13.62,13.61,13.6,13.7,13.71,13.72,13.73,13.74,13.75,13.76,13.77,13.78,13.79,6800,32200,4100,200,2200,3500,1000,2500,6700,18500,32600,12200,37100,36600,29600,20100,8800,4900,12200,17400
4265.0,13.7,8560700,115446203.0,13.69,13.68,13.67,13.66,13.65,13.64,13.63,13.62,13.61,13.6,13.7,13.71,13.72,13.73,13.74,13.75,13.76,13.77,13.78,13.79,6200,32200,4100,200,2200,3500,1000,2500,6700,18500,32200,12200,37100,36600,29600,20100,8800,4900,12200,17400
4266.0,13.69,8561200,115453048.0,13.69,13.68,13.67,13.66,13.65,13.64,13.63,13.62,13.61,13.6,13.7,13.71,13.72,13.73,13.74,13.75,13.76,13.77,13.78,13.79,10900,32200,4100,200,2200,3500,1000,2500,6700,18500,32200,12200,36800,36600,29600,20100,8800,4900,12200,17400
4267.0,13.7,8576500,115662658.0,13.69,13.68,13.67,13.66,13.65,13.64,13.63,13.62,13.61,13.6,13.7,13.71,13.72,13.73,13.74,13.75,13.76,13.77,13.78,13.79,15200,32200,4100,200,2200,3500,1000,2500,6700,18500,16900,12200,36800,36600,29600,20100,8800,4900,12200,17400
4268.0,13.7,8577300,115673611.0,13.69,13.68,13.67,13.66,13.65,13.64,13.63,13.62,13.61,13.6,13.7,13.71,13.72,13.73,13.74,13.75,13.76,13.77,13.78,13.79,14500,32200,4100,200,2200,3500,1000,2500,6700,18500,16800,12200,36800,36600,29600,20100,8800,4900,12200,17400
4269.0,13.7,8577300,115673611.0,13.69,13.68,13.67,13.66,13.65,13.64,13.63,13.62,13.61,13.6,13.7,13.71,13.72,13.73,13.74,13.75,13.76,13.77,13.78,13.79,14800,32200,4100,200,2200,3500,1000,2500,6700,18500,16800,12200,36800,36600,30100,20100,8800,4900,12200,17400
4270.0,13.69,8579100,115698266.0,13.69,13.68,13.67,13.66,13.65,13.64,13.63,13.62,13.61,13.6,13.7,13.71,13.72,13.73,13.74,13.75,13.76,13.77,13.78,13.79,14300,31900,4100,200,2200,3500,1000,2500,6700,18500,15500,12200,36800,36600,30100,20100,8800,4900,12200,17400
4271.0,13.69,8580000,115710587.0,13.69,13.68,13.67,13.66,13.65,13.64,13.63,13.62,13.61,13.6,13.7,13.71,13.72,13.73,13.74,13.75,13.76,13.77,13.78,13.79,13400,31900,4100,200,2200,3500,1000,2500,6700,18500,15500,12200,36800,36600,30100,20100,8800,4900,12200,17400
4272.0,13.7,8597200,115946213.0,13.7,13.69,13.68,13.67,13.66,13.65,13.64,13.63,13.62,13.61,13.71,13.72,13.73,13.74,13.75,13.76,13.77,13.78,13.79,13.8,100,12000,31900,4100,200,2200,3500,1000,2500,6700,12200,36800,36300,30100,20100,8800,4900,12200,17400,71800
4273.0,13.71,8602400,116017504.0,13.69,13.68,13.67,13.66,13.65,13.64,13.63,13.62,13.61,13.6,13.71,13.72,13.73,13.74,13.75,13.76,13.77,13.78,13.79,13.8,12000,31900,4100,200,2200,3500,1000,2500,6700,18500,7100,36800,36300,30100,20100,8800,4900,12200,17400,71800
4274.0,13.7,8603800,116036684.0,13.7,13.69,13.68,13.67,13.66,13.65,13.64,13.63,13.62,13.61,13.71,13.72,13.73,13.74,13.75,13.76,13.77,13.78,13.79,13.8,11400,14900,31900,4100,200,2200,3500,1000,2500,6700,10000,36800,36300,30100,20100,8800,4900,12200,17400,71800
4275.0,13.7,8617300,116221645.0,13.69,13.68,13.67,13.66,13.65,13.64,13.63,13.62,13.61,13.6,13.7,13.71,13.72,13.73,13.74,13.75,13.76,13.77,13.78,13.79,14900,31900,4100,200,2200,3500,1000,2500,6700,18500,4300,8900,36800,36300,27800,20100,8800,4900,12200,17400
4276.0,13.69,8618100,116232597.0,13.69,13.68,13.67,13.66,13.65,13.64,13.63,13.62,13.61,13.6,13.7,13.71,13.72,13.73,13.74,13.75,13.76,13.77,13.78,13.79,14100,29800,4100,200,2200,3500,1000,2500,6700,18500,4300,8900,36800,36300,27800,20100,8800,4900,12200,17400
4277.0,13.7,8618500,116238077.0,13.69,13.68,13.67,13.66,13.65,13.64,13.63,13.62,13.61,13.6,13.7,13.71,13.72,13.73,13.74,13.75,13.76,13.77,13.78,13.79,14100,27600,4100,200,2200,3500,1000,2500,6700,18500,4700,8900,36800,36300,27800,20100,8800,4900,12200,17400
4278.0,13.7,8619000,116244927.0,13.69,13.68,13.67,13.66,13.65,13.64,13.63,13.62,13.61,13.6,13.7,13.71,13.72,13.73,13.74,13.75,13.76,13.77,13.78,13.79,14100,27600,4100,200,2200,3500,1000,2500,6700,18500,4200,8900,36800,36300,27800,20100,8800,4900,12200,17400
4279.0,13.7,8624200,116316160.0,13.69,13.68,13.67,13.66,13.65,13.64,13.63,13.62,13.61,13.6,13.7,13.71,13.72,13.73,13.74,13.75,13.76,13.77,13.78,13.79,13400,27600,4100,200,2200,3500,1000,2500,6700,18500,6300,8900,36800,36300,27500,20100,8800,4900,12200,17400
4280.0,13.7,8626300,116344930.0,13.69,13.68,13.67,13.66,13.65,13.64,13.63,13.62,13.61,13.6,13.7,13.71,13.72,13.73,13.74,13.75,13.76,13.77,13.78,13.79,13400,27600,4100,200,2100,3500,1000,2500,6700,18500,7900,8900,36800,36300,27500,20100,8800,4900,12200,17400
4281.0,13.7,8630000,116395620.0,13.69,13.68,13.67,13.66,13.65,13.64,13.63,13.62,13.61,13.6,13.7,13.71,13.72,13.73,13.74,13.75,13.76,13.77,13.78,13.79,13400,27600,800,200,2100,3500,1000,2500,6700,18500,4200,8900,36800,36300,27500,20100,8800,4900,12200,17400
4282.0,13.69,8630700,116405203.0,13.69,13.68,13.67,13.66,13.65,13.64,13.63,13.62,13.61,13.6,13.7,13.71,13.72,13.73,13.74,13.75,13.76,13.77,13.78,13.79,12700,27600,800,200,2100,3500,1000,2500,6700,18500,4400,8900,36800,37300,27500,20100,8800,4900,12200,17400
4283.0,13.7,8632400,116428479.0,13.69,13.68,13.67,13.66,13.65,13.64,13.63,13.62,13.61,13.6,13.7,13.71,13.72,13.73,13.74,13.75,13.76,13.77,13.78,13.79,11300,27600,800,200,2100,3500,1000,2500,6700,18500,4100,8900,36800,37300,27500,20000,8800,4900,12200,17400
4284.0,13.7,8633600,116444919.0,13.69,13.68,13.67,13.66,13.65,13.64,13.63,13.62,13.61,13.6,13.7,13.71,13.72,13.73,13.74,13.75,13.76,13.77,13.78,13.79,11300,27600,800,200,2100,3500,1000,2500,6700,18500,2900,9200,36800,37300,27500,20000,8800,4900,12200,17400
4285.0,13.7,8635300,116468202.0,13.69,13.68,13.67,13.66,13.65,13.64,13.63,13.62,13.61,13.6,13.7,13.71,13.72,13.73,13.74,13.75,13.76,13.77,13.78,13.79,10600,27600,800,200,2100,3500,1000,2500,6700,18500,1900,9200,36800,37300,27500,20000,8800,4900,12200,17400
4286.0,13.7,8636800,116488752.0,13.69,13.68,13.67,13.66,13.65,13.64,13.63,13.62,13.61,13.6,13.7,13.71,13.72,13.73,13.74,13.75,13.76,13.77,13.78,13.79,10600,27600,800,200,2100,3500,1000,2500,7200,18500,400,10500,36800,37300,27000,20000,8800,4900,12200,17400
4287.0,13.7,8636800,116488752.0,13.69,13.68,13.67,13.66,13.65,13.64,13.63,13.62,13.61,13.6,13.7,13.71,13.72,13.73,13.74,13.75,13.76,13.77,13.78,13.79,10600,27600,800,200,2100,3500,1000,2500,7200,18500,400,10500,36800,37300,27000,20000,8800,4900,12200,17400
4288.0,13.7,8637600,116499705.0,13.69,13.68,13.67,13.66,13.65,13.64,13.63,13.62,13.61,13.6,13.7,13.71,13.72,13.73,13.74,13.75,13.76,13.77,13.78,13.79,9900,27600,800,200,2100,3500,1000,2500,7200,18500,300,10500,36800,37300,27000,20000,8800,4900,12200,17400
4289.0,13.7,8638400,116510665.0,13.7,13.69,13.68,13.67,13.66,13.65,13.64,13.63,13.62,13.61,13.71,13.72,13.73,13.74,13.75,13.76,13.77,13.78,13.79,13.8,200,9900,27600,800,200,2100,3500,1000,2500,7200,11300,36800,37300,27000,20000,8800,4900,12100,17400,71800
4290.0,13.7,8640400,116538065.0,13.69,13.68,13.67,13.66,13.65,13.64,13.63,13.62,13.61,13.6,13.7,13.71,13.72,13.73,13.74,13.75,13.76,13.77,13.78,13.79,9600,27600,800,200,2100,3500,1000,2500,7200,18500,900,15600,36900,37300,24000,20000,8800,4900,12100,17400
4291.0,13.7,8641500,116553128.0,13.69,13.68,13.67,13.66,13.65,13.64,13.63,13.62,13.61,13.6,13.7,13.71,13.72,13.73,13.74,13.75,13.76,13.77,13.78,13.79,8900,26100,800,200,2100,3500,1000,2500,7200,18500,500,16600,36900,37300,24000,20000,8800,4900,12100,17400
4292.0,13.71,8643800,116584650.0,13.69,13.68,13.67,13.66,13.65,13.64,13.63,13.62,13.61,13.6,13.71,13.72,13.73,13.74,13.75,13.76,13.77,13.78,13.79,13.8,8600,26100,800,200,2100,3500,1000,2500,7200,18500,15100,36900,37100,24000,20000,8800,4900,12100,17400,71800
4293.0,13.71,8643800,116584650.0,13.69,13.68,13.67,13.66,13.65,13.64,13.63,13.62,13.61,13.6,13.71,13.72,13.73,13.74,13.75,13.76,13.77,13.78,13.79,13.8,10700,26100,800,200,2100,3500,1000,2500,7200,18500,18000,36900,37100,23500,20000,8800,4900,12100,17400,71800
4294.0,13.69,8644500,116594233.0,13.69,13.68,13.67,13.66,13.65,13.64,13.63,13.62,13.61,13.6,13.71,13.72,13.73,13.74,13.75,13.76,13.77,13.78,13.79,13.8,12000,26100,800,200,2100,3500,1000,2500,7200,18500,19200,33700,37100,23500,20000,8800,4900,12100,17400,71800
4295.0,13.69,8645900,116613399.0,13.69,13.68,13.67,13.66,13.65,13.64,13.63,13.62,13.61,13.6,13.71,13.72,13.73,13.74,13.75,13.76,13.77,13.78,13.79,13.8,10600,26100,800,200,2100,3500,1000,2500,7200,18500,21300,33700,37100,23500,20000,8800,4900,12100,17400,71800
4296.0,13.7,8648000,116642188.0,13.7,13.69,13.68,13.67,13.66,13.65,13.64,13.63,13.62,13.61,13.71,13.72,13.73,13.74,13.75,13.76,13.77,13.78,13.79,13.8,1800,14700,26100,800,200,2100,3500,1000,2500,7200,21400,34700,37100,23500,20000,8800,4900,12400,17400,71800
4297.0,13.7,8649800,116666848.0,13.69,13.68,13.67,13.66,13.65,13.64,13.63,13.62,13.61,13.6,13.7,13.71,13.72,13.73,13.74,13.75,13.76,13.77,13.78,13.79,14700,26100,800,200,2100,3500,1000,2500,7200,18500,100,23400,34700,37100,23500,20000,8800,4900,11800,17400
4298.0,13.69,8653500,116717501.0,13.69,13.68,13.67,13.66,13.65,13.64,13.63,13.62,13.61,13.6,13.7,13.71,13.72,13.73,13.74,13.75,13.76,13.77,13.78,13.79,11000,26100,800,200,2100,3500,1000,2500,7200,18500,100,23400,34800,37100,23500,20000,9100,4900,11800,18600
4299.0,13.71,8663200,116850486.0,13.69,13.68,13.67,13.66,13.65,13.64,13.63,13.62,13.61,13.6,13.71,13.72,13.73,13.74,13.75,13.76,13.77,13.78,13.79,13.8,11000,26100,800,200,2100,3500,1000,2500,7200,18500,16200,34800,38100,23500,20000,9100,4900,11800,18600,71800
4300.0,13.71,8669600,116938188.0,13.7,13.69,13.68,13.67,13.66,13.65,13.64,13.63,13.62,13.61,13.71,13.72,13.73,13.74,13.75,13.76,13.77,13.78,13.79,13.8,600,12200,26100,800,200,2100,3500,1000,2500,7200,26600,35300,38100,23500,20000,9100,4900,11800,18600,71800
4301.0,13.71,8670700,116953269.0,13.7,13.69,13.68,13.67,13.66,13.65,13.64,13.63,13.62,13.61,13.71,13.72,13.73,13.74,13.75,13.76,13.77,13.78,13.79,13.8,600,12200,26100,800,200,2100,3500,1000,2500,7200,25500,38700,38100,23500,20000,9100,4900,11800,18600,71800
4302.0,13.7,8671400,116962859.0,13.69,13.68,13.67,13.66,13.65,13.64,13.63,13.62,13.61,13.6,13.71,13.72,13.73,13.74,13.75,13.76,13.77,13.78,13.79,13.8,12200,26100,800,200,2100,3500,1000,2500,7200,18500,25500,38700,38100,23500,20000,9100,4900,11800,18600,71800
4303.0,13.7,8676100,117027242.0,13.69,13.68,13.67,13.66,13.65,13.64,13.63,13.62,13.61,13.6,13.7,13.71,13.72,13.73,13.74,13.75,13.76,13.77,13.78,13.79,12900,26100,800,200,2100,3500,1000,2500,7200,18500,7200,26900,39100,38100,23500,20000,9100,4900,11800,18600
4304.0,13.71,8692100,117246530.0,13.69,13.68,13.67,13.66,13.65,13.64,13.63,13.62,13.61,13.6,13.71,13.72,13.73,13.74,13.75,13.76,13.77,13.78,13.79,13.8,12900,26100,800,200,2100,3500,1000,2500,7200,18500,18100,39300,38100,23500,20000,9100,4900,11800,18600,71800
4305.0,13.71,8694800,117283547.0,13.7,13.69,13.68,13.67,13.66,13.65,13.64,13.63,13.62,13.61,13.71,13.72,13.73,13.74,13.75,13.76,13.77,13.78,13.79,13.8,2500,14400,26100,800,200,2100,3500,1000,2500,7200,17100,39300,38100,23500,20000,9100,4900,11800,18600,71800
4306.0,13.71,8696700,117309589.0,13.7,13.69,13.68,13.67,13.66,13.65,13.64,13.63,13.62,13.61,13.71,13.72,13.73,13.74,13.75,13.76,13.77,13.78,13.79,13.8,1800,14400,26100,800,200,2100,3500,1000,2500,7200,18900,39300,38400,23500,20000,9100,4900,11800,18600,71800
4307.0,13.7,8701600,117376763.0,13.7,13.69,13.68,13.67,13.66,13.65,13.64,13.63,13.62,13.61,13.71,13.72,13.73,13.74,13.75,13.76,13.77,13.78,13.79,13.8,12300,14400,26100,800,200,2100,3500,1000,2500,7200,14500,39500,38400,23500,20000,9100,4900,11800,18600,71800
4308.0,13.71,8704900,117421986.0,13.7,13.69,13.68,13.67,13.66,13.65,13.64,13.63,13.62,13.61,13.71,13.72,13.73,13.74,13.75,13.76,13.77,13.78,13.79,13.8,10300,14400,26100,800,200,2100,3500,1000,2500,7200,13400,40200,38400,23500,20000,9100,4900,14800,18600,71800
4309.0,13.7,8708100,117465826.0,13.7,13.69,13.68,13.67,13.66,13.65,13.64,13.63,13.62,13.61,13.71,13.72,13.73,13.74,13.75,13.76,13.77,13.78,13.79,13.8,7500,14400,26100,800,200,2100,3500,1000,2500,7200,13400,40200,38400,23500,20000,9200,4900,14800,18600,71800
4310.0,13.71,8711500,117512413.0,13.7,13.69,13.68,13.67,13.66,13.65,13.64,13.63,13.62,13.61,13.71,13.72,13.73,13.74,13.75,13.76,13.77,13.78,13.79,13.8,6200,14400,26100,800,200,2100,3500,1000,2500,7200,15600,40200,38400,23500,20000,9200,4900,14800,18600,72400
4311.0,13.71,8712200,117522010.0,13.7,13.69,13.68,13.67,13.66,13.65,13.64,13.63,13.62,13.61,13.71,13.72,13.73,13.74,13.75,13.76,13.77,13.78,13.79,13.8,6700,14400,26500,800,200,2100,3500,1000,2500,7200,14900,40200,38600,23500,20000,9200,4900,14800,18600,72400
4312.0,13.71,8718500,117608377.0,13.7,13.69,13.68,13.67,13.66,13.65,13.64,13.63,13.62,13.61,13.71,13.72,13.73,13.74,13.75,13.76,13.77,13.78,13.79,13.8,6400,14400,26500,800,200,2100,3500,1000,2500,7200,9200,40200,40900,23600,20000,9200,4900,14800,18600,72400
4313.0,13.71,8719200,117617974.0,13.7,13.69,13.68,13.67,13.66,13.65,13.64,13.63,13.62,13.61,13.71,13.72,13.73,13.74,13.75,13.76,13.77,13.78,13.79,13.8,6400,14900,26500,800,200,2100,3500,1000,2500,7200,9500,40200,40900,23600,20000,9200,4900,14800,18600,73400
4314.0,13.71,8719200,117617974.0,13.7,13.69,13.68,13.66,13.65,13.64,13.63,13.62,13.61,13.6,13.71,13.72,13.73,13.74,13.75,13.76,13.77,13.78,13.79,13.8,6400,14900,26500,200,2100,3500,1000,2500,7200,18200,9500,40200,40700,23600,20000,9700,4900,14800,18600,73400
4315.0,13.7,8719800,117626194.0,13.7,13.69,13.68,13.66,13.65,13.64,13.63,13.62,13.61,13.6,13.71,13.72,13.73,13.74,13.75,13.76,13.77,13.78,13.79,13.8,5800,14900,26500,200,2100,3500,1000,2500,7200,18200,10100,40200,41700,23600,20000,9700,4900,14800,18600,73400
4316.0,13.71,8726100,117712567.0,13.7,13.69,13.68,13.66,13.65,13.64,13.63,13.62,13.61,13.6,13.71,13.72,13.73,13.74,13.75,13.76,13.77,13.78,13.79,13.8,5800,14900,26500,200,2100,3500,1000,2500,7200,18200,3800,41500,41700,23600,20000,9700,4900,14800,18600,73400
4317.0,13.71,8727500,117731750.0,13.7,13.69,13.68,13.66,13.65,13.64,13.63,13.62,13.61,13.6,13.71,13.72,13.73,13.74,13.75,13.76,13.77,13.78,13.79,13.8,5300,14900,26500,200,2100,3500,1000,2500,7200,18200,3500,42500,41700,23600,20000,9700,4900,14800,18600,73400
4318.0,13.71,8733300,117811263.0,13.71,13.7,13.69,13.68,13.66,13.65,13.64,13.63,13.62,13.61,13.72,13.73,13.74,13.75,13.76,13.77,13.78,13.79,13.8,13.81,10000,4800,14900,26500,200,2100,3500,1000,2500,7200,42500,41700,23600,20000,9700,4900,14800,18600,73400,2400
4319.0,13.71,8735200,117837312.0,13.71,13.7,13.69,13.68,13.66,13.65,13.64,13.63,13.62,13.61,13.72,13.73,13.74,13.75,13.76,13.77,13.78,13.79,13.8,13.81,8100,4800,14900,26500,200,2100,3500,1000,2500,7200,42500,42400,23600,20000,9700,4900,14800,18600,73400,2400
4320.0,13.71,8736000,117848287.0,13.71,13.7,13.69,13.68,13.66,13.65,13.64,13.63,13.62,13.61,13.72,13.73,13.74,13.75,13.76,13.77,13.78,13.79,13.8,13.81,8000,4800,14900,26500,200,2100,3500,1000,2500,7200,43100,42400,23600,20000,9700,4900,14800,18600,73400,2400
4321.0,13.71,8746200,117988216.0,13.71,13.7,13.69,13.68,13.66,13.65,13.64,13.63,13.62,13.61,13.72,13.73,13.74,13.75,13.76,13.77,13.78,13.79,13.8,13.81,6500,4800,14900,26500,200,2100,3700,1000,2500,7200,34400,42400,23600,20000,9700,4900,14800,18600,73300,2400
4322.0,13.71,8746400,117990958.0,13.71,13.7,13.69,13.68,13.66,13.65,13.64,13.63,13.62,13.61,13.72,13.73,13.74,13.75,13.76,13.77,13.78,13.79,13.8,13.81,6300,9800,14900,26500,200,2100,3700,1000,2500,7200,34400,42400,24000,20000,9700,4900,14800,18600,73300,2400
4323.0,13.72,8752100,118069156.0,13.71,13.7,13.69,13.68,13.66,13.65,13.64,13.63,13.62,13.61,13.72,13.73,13.74,13.75,13.76,13.77,13.78,13.79,13.8,13.81,6200,9800,14900,26500,200,2100,3700,1000,2500,7200,29300,42400,24000,20000,9700,4900,14800,18600,73300,2400
4324.0,13.72,8753100,118082876.0,13.71,13.7,13.69,13.68,13.66,13.65,13.64,13.63,13.62,13.61,13.72,13.73,13.74,13.75,13.76,13.77,13.78,13.79,13.8,13.81,6200,9800,14900,26500,200,2100,3700,1000,2500,7200,28300,42400,24000,20000,9700,4900,14800,18600,73300,2400
4325.0,13.72,8753100,118082876.0,13.71,13.7,13.69,13.68,13.66,13.65,13.64,13.63,13.62,13.61,13.72,13.73,13.74,13.75,13.76,13.77,13.78,13.79,13.8,13.81,6200,8200,14900,26500,200,2100,3700,1000,2500,7200,31100,42700,24000,20000,9700,4900,14800,18600,73300,2400
4326.0,13.72,8756600,118130890.0,13.71,13.7,13.69,13.68,13.66,13.65,13.64,13.63,13.62,13.61,13.72,13.73,13.74,13.75,13.76,13.77,13.78,13.79,13.8,13.81,10700,8200,14900,26500,200,2100,3700,1000,2500,7200,28600,42700,24000,20000,9700,4900,14800,18600,73300,2400
4327.0,13.72,8758200,118152835.0,13.71,13.7,13.69,13.68,13.66,13.65,13.64,13.63,13.62,13.61,13.72,13.73,13.74,13.75,13.76,13.77,13.78,13.79,13.8,13.81,10800,8200,14900,26500,200,2100,3700,1000,2500,7200,27700,42700,24000,20000,9700,4900,14800,18600,73300,2400
4328.0,13.72,8759800,118174787.0,13.71,13.7,13.69,13.68,13.66,13.65,13.64,13.63,13.62,13.61,13.72,13.73,13.74,13.75,13.76,13.77,13.78,13.79,13.8,13.81,10800,8200,14900,26500,200,2100,3700,1000,2500,7200,26100,42700,24000,20000,9700,4900,14800,18600,73300,2400
4329.0,13.72,8772900,118354498.0,13.71,13.7,13.69,13.68,13.66,13.65,13.64,13.63,13.62,13.61,13.72,13.73,13.74,13.75,13.76,13.77,13.78,13.79,13.8,13.81,8700,8200,14900,26500,200,2100,3700,1000,2500,7200,16100,42700,23000,20000,9700,4900,14800,18600,73300,2400
4330.0,13.73,8790100,118590483.0,13.71,13.7,13.69,13.68,13.66,13.65,13.64,13.63,13.62,13.61,13.73,13.74,13.75,13.76,13.77,13.78,13.79,13.8,13.81,13.82,8700,8200,14900,26500,200,2100,3700,1000,2500,7200,42600,23000,20000,9700,4900,14800,18600,73300,2400,13200
4331.0,13.71,8790800,118600080.0,13.71,13.7,13.69,13.68,13.66,13.65,13.64,13.63,13.62,13.61,13.72,13.73,13.74,13.75,13.76,13.77,13.78,13.79,13.8,13.81,10600,8200,14900,26500,200,2100,3700,1000,2500,7200,1000,45500,23000,20000,9700,4900,14800,18600,73300,2400
4332.0,13.71,8790800,118600080.0,13.71,13.7,13.69,13.68,13.66,13.65,13.64,13.63,13.62,13.61,13.72,13.73,13.74,13.75,13.76,13.77,13.78,13.79,13.8,13.81,10600,8200,14900,26500,200,2100,3700,1000,2500,7200,1000,45500,23000,20000,9700,4900,14800,18600,73300,2400
4333.0,13.73,8794400,118649498.0,13.71,13.7,13.69,13.68,13.66,13.65,13.64,13.63,13.62,13.61,13.73,13.74,13.75,13.76,13.77,13.78,13.79,13.8,13.81,13.82,11100,8200,14900,26500,200,2100,3700,1000,2500,7200,42900,23000,20000,9700,4900,14800,18600,73300,2400,13200
4334.0,13.71,8795800,118668692.0,13.71,13.7,13.69,13.68,13.66,13.65,13.64,13.63,13.62,13.61,13.72,13.73,13.74,13.75,13.76,13.77,13.78,13.79,13.8,13.81,11300,3200,14900,26500,200,2100,3700,1000,2500,7200,400,44500,23000,20000,9700,4900,14800,18600,73300,2400
4335.0,13.72,8796000,118671436.0,13.71,13.7,13.69,13.68,13.66,13.65,13.64,13.63,13.62,13.61,13.72,13.73,13.74,13.75,13.76,13.77,13.78,13.79,13.8,13.81,11300,3200,14900,26500,200,2100,3700,1000,2500,7200,300,44500,23000,19100,9900,4900,14800,18600,73300,2400
4336.0,13.73,8799600,118720841.0,13.71,13.7,13.69,13.68,13.66,13.65,13.64,13.63,13.62,13.61,13.73,13.74,13.75,13.76,13.77,13.78,13.79,13.8,13.81,13.82,10300,3200,14900,26500,200,2100,3700,1000,2500,7200,42200,23000,19100,9900,4900,14800,18600,73300,2400,13200
4337.0,13.71,8800300,118730438.0,13.71,13.7,13.69,13.68,13.66,13.65,13.64,13.63,13.62,13.61,13.73,13.74,13.75,13.76,13.77,13.78,13.79,13.8,13.81,13.82,13100,3200,14900,26500,200,2100,3700,1000,2500,7200,45700,23300,19100,9900,4900,14800,18600,73300,2400,13200
4338.0,13.73,8802100,118755152.0,13.71,13.7,13.69,13.68,13.66,13.65,13.64,13.63,13.62,13.61,13.73,13.74,13.75,13.76,13.77,13.78,13.79,13.8,13.81,13.82,14700,3400,14900,26500,200,2100,3700,1000,2500,7200,45500,21300,18100,9900,4900,14800,18600,73300,2600,13200
4339.0,13.72,8803200,118770252.0,13.71,13.7,13.69,13.68,13.66,13.65,13.64,13.63,13.62,13.61,13.72,13.73,13.74,13.75,13.76,13.77,13.78,13.79,13.8,13.81,18100,3400,14900,26500,200,2100,3700,1000,2500,7200,2700,48100,21300,18100,9900,4900,14800,18600,73300,2600
4340.0,13.72,8806300,118812763.0,13.71,13.7,13.69,13.68,13.66,13.65,13.64,13.63,13.62,13.61,13.72,13.73,13.74,13.75,13.76,13.77,13.78,13.79,13.8,13.81,16000,3400,14900,26500,200,2100,3700,1000,2500,7200,1700,48100,21300,17700,9900,4900,14800,18600,73300,2600
4341.0,13.72,8806300,118812763.0,13.71,13.7,13.69,13.68,13.66,13.65,13.64,13.63,13.62,13.61,13.72,13.73,13.74,13.75,13.76,13.77,13.78,13.79,13.8,13.81,16000,3400,14900,26500,200,2100,3700,1000,2500,7200,1700,48100,22300,17700,9900,4900,14800,18600,73300,2600
4342.0,13.72,8808300,118840189.0,13.71,13.7,13.69,13.68,13.66,13.65,13.64,13.63,13.62,13.61,13.72,13.73,13.74,13.75,13.76,13.77,13.78,13.79,13.8,13.81,14600,3400,14900,26100,200,2100,3700,1000,2500,7200,1100,48100,22300,17700,9900,4900,14800,18600,73300,2600
4343.0,13.73,8813100,118906082.0,13.71,13.7,13.69,13.68,13.66,13.65,13.64,13.63,13.62,13.61,13.73,13.74,13.75,13.76,13.77,13.78,13.79,13.8,13.81,13.82,14600,3400,14900,26100,200,2100,3700,1000,2500,7200,53500,22300,17700,9900,4900,14800,17100,73300,2600,13200
4344.0,13.73,8816600,118954137.0,13.71,13.7,13.69,13.68,13.66,13.65,13.64,13.63,13.62,13.61,13.73,13.74,13.75,13.76,13.77,13.78,13.79,13.8,13.81,13.82,17900,3400,14900,26100,200,2100,3700,1000,2500,7200,56600,22300,17700,9900,4900,14800,17100,73300,2600,13200
4345.0,13.73,8822200,119031011.0,13.71,13.7,13.69,13.68,13.66,13.65,13.64,13.63,13.62,13.61,13.73,13.74,13.75,13.76,13.77,13.78,13.79,13.8,13.81,13.82,18600,3400,14900,26100,200,2100,3700,1000,2500,7200,54100,22300,18200,9900,6900,14800,17100,73300,2600,13200
4346.0,13.73,8824500,119062590.0,13.71,13.7,13.69,13.68,13.66,13.65,13.64,13.63,13.62,13.61,13.73,13.74,13.75,13.76,13.77,13.78,13.79,13.8,13.81,13.82,20900,3400,14900,26100,200,2100,3700,1000,2500,7200,55500,22300,18200,9900,6900,14800,17100,73300,2600,13200
4347.0,13.73,8829400,119129867.0,13.71,13.7,13.69,13.68,13.66,13.65,13.64,13.63,13.62,13.61,13.73,13.74,13.75,13.76,13.77,13.78,13.79,13.8,13.81,13.82,23300,3400,14900,26100,200,2100,3700,1000,2500,7200,53000,22300,18200,9900,6900,20400,17100,73300,2600,13200
4348.0,13.73,8830900,119150448.0,13.71,13.7,13.69,13.68,13.66,13.65,13.64,13.62,13.61,13.6,13.73,13.74,13.75,13.76,13.77,13.78,13.79,13.8,13.81,13.82,25000,3400,14900,25600,200,2100,3700,2500,7200,18200,54600,22300,18300,9900,6900,20400,17100,71500,2600,13200
4349.0,13.73,8837100,119235560.0,13.71,13.7,13.69,13.68,13.66,13.65,13.64,13.62,13.61,13.6,13.73,13.74,13.75,13.76,13.77,13.78,13.79,13.8,13.81,13.82,25300,3400,14900,25600,200,2100,3700,2500,7200,18200,50100,22300,18300,9900,6900,20400,17100,71500,2600,13200
4350.0,13.73,8838200,119250663.0,13.71,13.7,13.69,13.68,13.66,13.65,13.64,13.62,13.61,13.6,13.73,13.74,13.75,13.76,13.77,13.78,13.79,13.8,13.81,13.82,29300,3400,14900,25600,200,2100,3700,2500,7200,18200,53000,22800,18300,9900,6900,20900,17100,71500,2600,13200
4351.0,13.73,8848500,119392040.0,13.71,13.7,13.69,13.68,13.66,13.65,13.64,13.62,13.61,13.6,13.73,13.74,13.75,13.76,13.77,13.78,13.79,13.8,13.81,13.82,27200,3400,14900,25600,200,2100,3700,2500,7200,18200,44800,22800,18600,9900,6900,20900,17100,71500,3500,13200
4352.0,13.73,8849600,119407143.0,13.71,13.7,13.69,13.68,13.66,13.65,13.64,13.62,13.61,13.6,13.73,13.74,13.75,13.76,13.77,13.78,13.79,13.8,13.81,13.82,29800,3400,14900,25600,200,2100,3700,2500,7200,18200,46300,22800,19100,9900,6900,20900,17100,71500,3500,13200
4353.0,13.73,8849700,119408516.0,13.71,13.7,13.69,13.68,13.66,13.65,13.64,13.62,13.61,13.6,13.73,13.74,13.75,13.76,13.77,13.78,13.79,13.8,13.81,13.82,29800,3400,14900,25600,200,2100,3700,2500,7200,18200,46200,22800,19100,9900,6900,20900,17100,71500,3500,13200
4354.0,13.73,8853400,119459303.0,13.71,13.7,13.69,13.68,13.66,13.65,13.64,13.62,13.61,13.6,13.73,13.74,13.75,13.76,13.77,13.78,13.79,13.8,13.81,13.82,29100,3400,14900,25600,200,2100,3700,2500,7200,18200,43200,22800,19100,9900,6900,20900,17100,71500,3500,13200
4355.0,13.73,8853400,119459303.0,13.71,13.7,13.69,13.68,13.66,13.65,13.64,13.62,13.61,13.6,13.73,13.74,13.75,13.76,13.77,13.78,13.79,13.8,13.81,13.82,31800,3400,14900,25600,200,2100,3700,2500,7200,18200,45900,22800,19200,9900,6900,20900,17100,71500,3500,13200
4356.0,13.73,8855800,119492227.0,13.71,13.7,13.69,13.68,13.66,13.65,13.64,13.62,13.61,13.6,13.73,13.74,13.75,13.76,13.77,13.78,13.79,13.8,13.81,13.82,30400,3300,14900,25600,200,2100,3700,2500,7200,18200,44900,22800,19200,9900,7400,20900,17100,71500,3500,13200
4357.0,13.73,8896700,120053784.0,13.71,13.7,13.69,13.68,13.66,13.65,13.64,13.62,13.61,13.6,13.73,13.74,13.75,13.76,13.77,13.78,13.79,13.8,13.81,13.82,33000,3300,14900,25600,200,2100,3700,2500,7200,18200,6600,24800,20200,9900,7400,20900,17100,71500,3500,13200
4358.0,13.73,8900300,120103212.0,13.71,13.7,13.69,13.68,13.66,13.65,13.64,13.62,13.61,13.6,13.73,13.74,13.75,13.76,13.77,13.78,13.79,13.8,13.81,13.82,33000,3300,14900,25600,200,2100,3700,2500,7200,18200,3000,24800,20200,23700,11400,20900,17100,71500,3500,13200
4359.0,13.74,8922200,120404048.0,13.71,13.7,13.69,13.68,13.67,13.66,13.65,13.64,13.63,13.62,13.74,13.75,13.76,13.77,13.78,13.79,13.8,13.81,13.82,13.83,34200,8500,14900,25600,4900,200,2100,3700,4900,2500,9500,20400,23700,11400,20900,17100,71500,3500,13200,12100
4360.0,13.74,8924000,120428780.0,13.71,13.7,13.69,13.68,13.67,13.66,13.65,13.64,13.63,13.62,13.74,13.75,13.76,13.77,13.78,13.79,13.8,13.81,13.82,13.83,35600,8500,14900,25600,4900,200,2100,3700,4900,2500,9100,21400,23700,12200,20900,17100,70800,3500,13200,12100
4361.0,13.74,8927800,120480992.0,13.71,13.7,13.69,13.68,13.67,13.66,13.65,13.64,13.63,13.62,13.74,13.75,13.76,13.77,13.78,13.79,13.8,13.81,13.82,13.83,41100,8500,14900,25600,4900,200,2100,3700,4900,2500,10800,21400,25200,12200,20900,17100,70800,3500,13200,12100
4362.0,13.74,8928800,120494711.0,13.71,13.7,13.69,13.68,13.67,13.66,13.65,13.64,13.63,13.62,13.74,13.75,13.76,13.77,13.78,13.79,13.8,13.81,13.82,13.83,41800,8500,14900,25600,4900,200,2100,3700,4900,2500,11900,21400,25200,12200,20900,17100,70800,3500,13200,12100
4363.0,13.74,8931800,120535868.0,13.71,13.7,13.69,13.68,13.67,13.66,13.65,13.64,13.63,13.62,13.74,13.75,13.76,13.77,13.78,13.79,13.8,13.81,13.82,13.83,43000,8500,14900,25600,4900,200,2100,3700,4900,2500,14300,21400,25200,12200,20900,17100,70800,3500,13200,12100
4364.0,13.74,8934200,120568823.0,13.71,13.7,13.69,13.68,13.67,13.66,13.65,13.64,13.63,13.62,13.74,13.75,13.76,13.77,13.78,13.79,13.8,13.81,13.82,13.83,45800,8500,14900,25600,4900,200,2100,3700,4900,2500,17100,21400,25200,12200,20900,17100,70800,3500,13200,12100
4365.0,13.74,8934300,120570197.0,13.71,13.7,13.69,13.68,13.67,13.66,13.65,13.64,13.63,13.62,13.74,13.75,13.76,13.77,13.78,13.79,13.8,13.81,13.82,13.83,49000,9000,14900,15900,4900,200,2100,3700,4900,2500,20200,21400,25400,12200,20900,17100,70800,3500,13200,12100
4366.0,13.74,8935500,120586685.0,13.71,13.7,13.69,13.68,13.67,13.66,13.65,13.64,13.63,13.62,13.74,13.75,13.76,13.77,13.78,13.79,13.8,13.81,13.82,13.83,51100,9000,14900,15900,4900,200,2100,3700,4900,2500,21100,21400,25400,13400,20900,17100,70800,3500,13200,12100
4367.0,13.75,8973300,121106150.0,13.71,13.7,13.69,13.68,13.67,13.66,13.65,13.64,13.63,13.62,13.75,13.76,13.77,13.78,13.79,13.8,13.81,13.82,13.83,13.84,55000,9000,14900,15900,4900,200,2100,3700,4900,2500,11000,25400,13900,20900,17100,70800,3500,13200,12100,56500
4368.0,13.76,8997700,121441762.0,13.71,13.7,13.69,13.68,13.67,13.66,13.65,13.64,13.63,13.62,13.76,13.77,13.78,13.79,13.8,13.81,13.82,13.83,13.84,13.85,57200,9000,14900,15900,4900,200,2100,3700,4900,2500,14200,13900,25100,17100,70800,3500,13200,12100,56500,14000
4369.0,13.76,9001600,121495426.0,13.71,13.7,13.69,13.68,13.67,13.66,13.65,13.64,13.63,13.62,13.76,13.77,13.78,13.79,13.8,13.81,13.82,13.83,13.84,13.85,62600,9000,14900,15900,4900,200,2100,3700,4900,2500,15700,13900,25100,17100,70800,3500,13200,12100,56500,14000
4370.0,13.76,9005800,121553178.0,13.71,13.7,13.69,13.68,13.67,13.66,13.65,13.64,13.63,13.62,13.76,13.77,13.78,13.79,13.8,13.81,13.82,13.83,13.84,13.85,61900,9000,14900,700,4900,200,2100,3700,4900,2500,12500,14600,25100,17100,70800,3500,13200,12100,56500,14000
4371.0,13.77,9024900,121815971.0,13.71,13.7,13.69,13.68,13.67,13.66,13.65,13.64,13.63,13.62,13.77,13.78,13.79,13.8,13.81,13.82,13.83,13.84,13.85,13.86,61200,9000,14900,700,4900,200,2100,3700,4900,2500,12900,25700,17100,70800,3500,13200,12100,56500,14000,4200
4372.0,13.78,9042200,122054214.0,13.76,13.75,13.71,13.7,13.69,13.68,13.67,13.66,13.65,13.64,13.78,13.79,13.8,13.81,13.82,13.83,13.84,13.85,13.86,13.87,800,400,66700,8500,14900,700,4900,200,2100,3700,23300,17100,70800,4000,13200,12100,56500,14000,4200,43500
4373.0,13.78,9048100,122135514.0,13.76,13.75,13.71,13.7,13.69,13.68,13.67,13.66,13.65,13.64,13.78,13.79,13.8,13.81,13.82,13.83,13.84,13.85,13.86,13.87,700,400,66700,8500,14900,700,4900,200,2100,1900,17500,18100,70000,4000,13200,12100,58500,14000,4200,43500
4374.0,13.78,9063200,122343590.0,13.77,13.76,13.75,13.71,13.7,13.69,13.68,13.67,13.66,13.65,13.78,13.79,13.8,13.81,13.82,13.83,13.84,13.85,13.86,13.87,200,600,400,66700,8500,14900,700,4900,200,2100,5700,18100,70500,4000,13200,12100,58500,14000,4200,43500
4375.0,13.79,9069100,122424894.0,13.78,13.77,13.76,13.75,13.71,13.7,13.69,13.68,13.67,13.66,13.79,13.8,13.81,13.82,13.83,13.84,13.85,13.86,13.87,13.88,7400,200,600,400,66700,8300,14900,700,4900,200,18000,70500,3100,13200,12100,58500,14000,4200,43500,27400
4376.0,13.79,9072600,122473152.0,13.78,13.77,13.76,13.75,13.71,13.7,13.69,13.68,13.67,13.66,13.79,13.8,13.81,13.82,13.83,13.84,13.85,13.86,13.87,13.88,9800,200,600,400,66700,8300,14900,700,4900,200,15200,70500,3100,13200,12100,58500,14000,4200,43500,27400
4377.0,13.79,9072600,122473152.0,13.78,13.77,13.76,13.71,13.7,13.69,13.68,13.67,13.66,13.65,13.79,13.8,13.81,13.82,13.83,13.84,13.85,13.86,13.87,13.88,10500,200,1000,66700,8300,14900,700,4900,200,2100,16200,70500,3100,13200,12100,58500,14000,4200,43500,27400
4378.0,13.79,9079200,122564149.0,13.78,13.77,13.76,13.71,13.7,13.69,13.68,13.67,13.66,13.65,13.79,13.8,13.81,13.82,13.83,13.84,13.85,13.86,13.87,13.88,8800,200,1000,66700,8300,14900,700,4900,200,2100,11300,70500,2200,13200,11700,58500,14000,4200,43500,27400
4379.0,13.79,9081300,122593101.0,13.78,13.77,13.76,13.71,13.7,13.69,13.68,13.67,13.66,13.65,13.79,13.8,13.81,13.82,13.83,13.84,13.85,13.86,13.87,13.88,8100,200,1000,66700,8300,14900,700,4900,200,2100,9900,70500,2200,13200,11700,58500,14000,4200,43500,27400
4380.0,13.79,9091600,122735138.0,13.79,13.78,13.77,13.76,13.73,13.71,13.7,13.69,13.68,13.66,13.8,13.81,13.82,13.83,13.84,13.85,13.86,13.87,13.88,13.89,3000,9100,5100,1000,4900,66700,8300,14900,700,5100,70400,2200,13200,11700,58500,14000,4200,43500,27400,4900
4381.0,13.79,9091600,122735138.0,13.79,13.78,13.77,13.76,13.73,13.71,13.7,13.69,13.68,13.66,13.8,13.81,13.82,13.83,13.84,13.85,13.86,13.87,13.88,13.89,4000,9100,5100,1000,4900,66700,8300,14900,700,5100,70400,2200,14200,11700,56400,14500,4200,43500,27400,4900
4382.0,13.79,9101300,122868982.0,13.79,13.78,13.77,13.76,13.73,13.71,13.7,13.69,13.68,13.66,13.8,13.81,13.82,13.83,13.84,13.85,13.86,13.87,13.88,13.89,5100,9100,5100,1000,4900,66700,8300,14900,700,5100,68600,2200,14200,11700,56400,14500,4200,43500,27600,4900
4383.0,13.79,9107500,122954480.0,13.79,13.78,13.77,13.76,13.75,13.73,13.71,13.7,13.69,13.68,13.8,13.81,13.82,13.83,13.84,13.85,13.86,13.87,13.88,13.89,1000,9100,5100,1000,900,4900,66700,8300,14900,700,68600,2200,14200,11700,56400,14500,4200,43500,27600,4900
4384.0,13.79,9122800,123165515.0,13.78,13.77,13.76,13.75,13.73,13.71,13.7,13.69,13.68,13.66,13.79,13.8,13.81,13.82,13.83,13.84,13.85,13.86,13.87,13.88,7700,5100,1000,900,4900,66700,8300,14900,700,5100,300,63800,2200,14200,11700,56400,14500,4200,43500,27600
4385.0,13.78,9130600,123273000.0,13.77,13.76,13.75,13.73,13.71,13.7,13.69,13.68,13.66,13.65,13.79,13.8,13.81,13.82,13.83,13.84,13.85,13.86,13.87,13.88,5100,1000,900,7100,66700,8300,14900,700,5100,2100,13900,63800,2200,14200,11700,56400,14500,5100,43500,27600
4386.0,13.79,9141200,123419174.0,13.77,13.76,13.75,13.73,13.71,13.7,13.69,13.68,13.66,13.65,13.79,13.8,13.81,13.82,13.83,13.84,13.85,13.86,13.87,13.88,5100,1000,900,7100,66700,8600,14900,700,5100,2100,5700,63800,2200,14200,11700,56400,14500,5100,43500,27600
4387.0,13.77,9143800,123455016.0,13.77,13.76,13.75,13.73,13.71,13.7,13.69,13.68,13.66,13.65,13.79,13.8,13.81,13.82,13.83,13.84,13.85,13.86,13.87,13.88,4800,1000,900,7100,66700,8600,14900,700,5100,2100,3700,63800,2200,14200,11700,56400,14500,5100,43500,27600
4388.0,13.79,9146800,123496386.0,13.78,13.77,13.76,13.75,13.73,13.71,13.7,13.69,13.68,13.66,13.79,13.8,13.81,13.82,13.83,13.84,13.85,13.86,13.87,13.88,2000,4800,1000,900,7100,66700,8600,14900,700,5100,700,63800,2200,14800,11700,56400,14500,5100,43500,27600
4389.0,13.79,9147700,123508795.0,13.78,13.77,13.76,13.75,13.73,13.71,13.7,13.69,13.68,13.66,13.79,13.8,13.81,13.82,13.83,13.84,13.85,13.86,13.87,13.88,1800,4800,1000,900,7100,66700,8600,14900,700,5100,1600,63800,2200,14800,11700,56400,14500,5100,43500,27600
4390.0,13.79,9150800,123551541.0,13.78,13.77,13.76,13.75,13.73,13.71,13.7,13.69,13.68,13.66,13.79,13.8,13.81,13.82,13.83,13.84,13.85,13.86,13.87,13.88,1500,4800,1000,900,7100,66700,8600,14900,700,5100,200,63800,2200,14800,11700,56400,15400,5100,43500,27600
4391.0,13.77,9155200,123612196.0,13.77,13.76,13.75,13.73,13.71,13.7,13.69,13.68,13.66,13.65,13.78,13.79,13.8,13.81,13.82,13.83,13.84,13.85,13.86,13.87,4500,1000,900,7100,66700,8600,14900,700,5100,2100,39200,7300,63800,2200,14800,11700,56400,15400,5100,43500
4392.0,13.78,9157100,123638374.0,13.77,13.76,13.75,13.73,13.71,13.7,13.69,13.68,13.66,13.65,13.78,13.79,13.8,13.81,13.82,13.83,13.84,13.85,13.86,13.87,4100,400,900,7100,66700,8600,14900,700,5100,2100,39700,5700,63600,2200,14800,11700,56400,15400,5100,43500
4393.0,13.78,9167900,123787194.0,13.77,13.76,13.75,13.73,13.71,13.7,13.69,13.68,13.66,13.65,13.78,13.79,13.8,13.81,13.82,13.83,13.84,13.85,13.86,13.87,3700,400,900,7100,66700,8600,14900,700,5100,2100,29300,6100,63700,2200,14800,11700,56400,15400,5100,43500
4394.0,13.77,9171900,123842277.0,13.76,13.75,13.73,13.71,13.7,13.69,13.68,13.66,13.65,13.64,13.77,13.78,13.79,13.8,13.81,13.82,13.83,13.84,13.85,13.86,400,900,7100,66700,8600,14900,700,5100,2100,1700,5700,34100,6600,63700,2200,14800,11700,56400,15400,5100
4395.0,13.77,9173500,123864309.0,13.76,13.75,13.73,13.71,13.7,13.69,13.68,13.66,13.65,13.64,13.77,13.78,13.79,13.8,13.81,13.82,13.83,13.84,13.85,13.86,400,900,7100,66700,8600,14900,700,5100,2100,1700,4100,34100,8100,63900,2200,14800,11700,56400,15400,5100
4396.0,13.77,9175800,123895980.0,13.76,13.75,13.73,13.71,13.7,13.69,13.68,13.66,13.65,13.64,13.77,13.78,13.79,13.8,13.81,13.82,13.83,13.84,13.85,13.86,400,900,7100,66700,8600,14900,700,5100,2100,1700,5800,34100,8300,63900,2200,14800,11700,56400,17400,5100
4397.0,13.77,9175800,123895980.0,13.76,13.75,13.73,13.71,13.7,13.69,13.68,13.66,13.65,13.64,13.77,13.78,13.79,13.8,13.81,13.82,13.83,13.84,13.85,13.86,400,900,7100,66700,8600,14900,700,5100,2100,1700,13200,34200,8500,63900,2200,14800,11700,56400,17400,5100
4398.0,13.77,9176300,123902865.0,13.76,13.75,13.73,13.71,13.7,13.69,13.68,13.66,13.65,13.64,13.77,13.78,13.79,13.8,13.81,13.82,13.83,13.84,13.85,13.86,400,900,7100,66700,8600,14900,700,5100,2100,1700,12700,35200,8500,63900,2200,14800,11700,56400,17400,5100
4399.0,13.76,9176700,123908369.0,13.75,13.73,13.71,13.7,13.69,13.68,13.66,13.65,13.64,13.63,13.76,13.77,13.78,13.79,13.8,13.81,13.82,13.83,13.84,13.85,900,7100,66700,8600,14900,700,5100,2100,1700,200,600,12700,35200,8500,64000,2200,14800,11700,56400,17400
4400.0,13.76,9176900,123911121.0,13.75,13.73,13.71,13.7,13.69,13.68,13.66,13.65,13.64,13.63,13.76,13.77,13.78,13.79,13.8,13.81,13.82,13.83,13.84,13.85,900,7100,66700,8700,14900,700,5100,2100,1700,200,400,16600,35500,8900,64000,2200,14800,11700,56400,17400
4401.0,13.76,9176900,123911121.0,13.75,13.73,13.71,13.7,13.69,13.68,13.66,13.65,13.64,13.63,13.76,13.77,13.78,13.79,13.8,13.81,13.82,13.83,13.84,13.85,900,7100,66700,8700,14900,700,5100,2100,1700,200,400,17000,36500,11600,65000,2200,14800,11700,56400,17400
4402.0,13.77,9184000,124008884.0,13.75,13.73,13.71,13.7,13.69,13.68,13.66,13.65,13.64,13.63,13.77,13.78,13.79,13.8,13.81,13.82,13.83,13.84,13.85,13.86,900,7100,66700,8700,14900,700,5100,2100,1700,200,12100,38700,12800,65300,2200,14800,11700,56400,17400,5100
4403.0,13.77,9186100,124037797.0,13.75,13.73,13.71,13.7,13.69,13.68,13.66,13.65,13.64,13.63,13.77,13.78,13.79,13.8,13.81,13.82,13.83,13.84,13.85,13.86,700,7100,66700,8700,14900,700,5200,2100,1700,200,10800,41900,14000,65300,2200,14800,11700,56400,17400,5100
4404.0,13.76,9186300,124040549.0,13.75,13.73,13.71,13.7,13.69,13.68,13.66,13.65,13.64,13.63,13.76,13.77,13.78,13.79,13.8,13.81,13.82,13.83,13.84,13.85,700,7100,66700,8700,14900,700,5200,2100,1700,200,100,16300,42900,15000,65300,2200,14800,11700,56400,17400
4405.0,13.77,9189200,124080481.0,13.75,13.73,13.71,13.7,13.69,13.68,13.66,13.65,13.64,13.63,13.77,13.78,13.79,13.8,13.81,13.82,13.83,13.84,13.85,13.86,700,7100,66700,8700,14900,700,5200,2100,1700,200,14500,43400,15000,65300,2200,14800,11700,56400,17400,5100
4406.0,13.77,9207700,124335224.0,13.75,13.73,13.71,13.7,13.69,13.68,13.66,13.65,13.64,13.63,13.78,13.79,13.8,13.81,13.82,13.83,13.84,13.85,13.86,13.87,600,7100,66700,8700,14900,700,5200,2100,1700,200,48500,25300,65300,2200,14800,11700,56400,17400,5100,43500
4407.0,13.77,9207700,124335224.0,13.75,13.73,13.71,13.7,13.69,13.68,13.66,13.65,13.64,13.63,13.77,13.78,13.79,13.8,13.81,13.82,13.83,13.84,13.85,13.86,600,7100,66700,8700,14900,700,5200,2100,1700,200,4700,49300,25300,65300,2200,14800,11700,56400,18400,5100
4408.0,13.78,9214100,124423357.0,13.75,13.74,13.73,13.71,13.7,13.69,13.68,13.66,13.65,13.64,13.77,13.78,13.79,13.8,13.81,13.82,13.83,13.84,13.85,13.86,600,600,7100,66700,8700,14900,700,5200,2300,1700,4600,49000,25300,65300,2200,14800,11700,56400,18400,5100
4409.0,13.77,9214700,124431619.0,13.75,13.74,13.73,13.71,13.7,13.69,13.68,13.66,13.65,13.64,13.77,13.78,13.79,13.8,13.81,13.82,13.83,13.84,13.85,13.86,600,600,7100,66700,9100,14900,700,5200,2300,1700,4800,49100,26600,65300,2200,14800,11700,56400,18400,5100
4410.0,13.77,9214700,124431619.0,13.75,13.74,13.73,13.71,13.7,13.69,13.68,13.66,13.65,13.64,13.77,13.78,13.79,13.8,13.81,13.82,13.83,13.84,13.85,13.86,600,600,7100,66700,9100,14900,700,5200,2300,1700,13800,49400,28500,65800,3200,14800,11700,56400,18400,5100
4411.0,13.77,9214700,124431619.0,13.75,13.74,13.73,13.71,13.7,13.69,13.68,13.66,13.65,13.64,13.77,13.78,13.79,13.8,13.81,13.82,13.83,13.84,13.85,13.86,600,600,7100,66700,9100,14900,700,5200,2300,1700,13800,55500,29700,66000,3200,14800,13100,56400,18400,5100
4412.0,13.75,9219100,124492203.0,13.75,13.74,13.73,13.71,13.7,13.69,13.68,13.66,13.65,13.64,13.77,13.78,13.79,13.8,13.81,13.82,13.83,13.84,13.85,13.86,5100,600,7100,66700,9100,14900,700,5200,2300,1700,9300,66000,29700,66000,3200,14800,13100,56400,18400,5100
4413.0,13.77,9223500,124552781.0,13.75,13.74,13.73,13.71,13.7,13.69,13.68,13.66,13.65,13.64,13.77,13.78,13.79,13.8,13.81,13.82,13.83,13.84,13.85,13.86,4600,600,8500,66700,9100,14900,700,5200,2300,1700,5500,67000,29700,66000,3200,14800,13100,56400,18400,5100
4414.0,13.77,9223500,124552781.0,13.75,13.74,13.73,13.71,13.7,13.69,13.68,13.66,13.65,13.64,13.77,13.78,13.79,13.8,13.81,13.82,13.83,13.84,13.85,13.86,4600,600,8500,66700,9000,14900,700,5200,2300,1700,11800,67000,30900,66000,3200,14800,13100,56400,18900,5100
4415.0,13.75,9223900,124558281.0,13.75,13.74,13.73,13.71,13.7,13.69,13.68,13.66,13.65,13.64,13.77,13.78,13.79,13.8,13.81,13.82,13.83,13.84,13.85,13.86,4200,600,8500,66700,9000,14900,700,5200,2300,1700,12100,68500,30900,65000,3200,14800,13100,56400,18900,5100
4416.0,13.77,9225000,124573428.0,13.75,13.74,13.73,13.71,13.7,13.69,13.68,13.66,13.65,13.64,13.77,13.78,13.79,13.8,13.81,13.82,13.83,13.84,13.85,13.86,4200,600,8500,66700,9000,14900,700,5200,2300,1700,12400,69500,30900,65000,3200,14800,13400,56400,18900,5100
4417.0,13.75,9226800,124598188.0,13.75,13.74,13.73,13.71,13.7,13.69,13.68,13.66,13.65,13.64,13.77,13.78,13.79,13.8,13.81,13.82,13.83,13.84,13.85,13.86,2900,600,8500,66700,9000,14900,700,5200,2300,1700,12200,70600,30900,65000,3200,14800,13400,56400,18900,5100
4418.0,13.77,9229500,124635363.0,13.75,13.74,13.73,13.71,13.7,13.69,13.68,13.66,13.65,13.64,13.77,13.78,13.79,13.8,13.81,13.82,13.83,13.84,13.85,13.86,2700,600,8500,66700,9300,14900,700,5200,2300,1700,9700,71100,28200,65000,3200,14800,13400,56400,18900,5100
4419.0,13.75,9235000,124711058.0,13.75,13.74,13.73,13.72,13.71,13.7,13.69,13.68,13.66,13.65,13.77,13.78,13.79,13.8,13.81,13.82,13.83,13.84,13.85,13.86,700,600,8500,1000,66700,9300,14900,700,5200,2300,6200,73100,28200,64800,3200,14800,13400,56400,18900,5100
4420.0,13.77,9241200,124796432.0,13.77,13.75,13.74,13.73,13.72,13.71,13.7,13.69,13.68,13.66,13.78,13.79,13.8,13.81,13.82,13.83,13.84,13.85,13.86,13.87,1900,700,600,8500,1000,66700,9300,14900,700,5200,73800,28200,64800,3200,14800,13400,56400,18900,5100,43500
4421.0,13.77,9241300,124797809.0,13.77,13.75,13.74,13.73,13.72,13.71,13.7,13.69,13.68,13.66,13.78,13.79,13.8,13.81,13.82,13.83,13.84,13.85,13.86,13.87,2400,700,600,8500,1000,66700,9300,14900,700,5200,76400,30200,64800,3200,14800,13400,56400,18900,5100,43500
4422.0,13.77,9242300,124811579.0,13.77,13.75,13.74,13.73,13.72,13.71,13.7,13.69,13.68,13.66,13.78,13.79,13.8,13.81,13.82,13.83,13.84,13.85,13.86,13.87,2400,700,600,8500,1000,67900,9300,14900,700,5200,76400,30200,64800,3200,14800,13400,56400,18900,5100,43500
4423.0,13.77,9242600,124815710.0,13.77,13.75,13.74,13.73,13.72,13.71,13.7,13.69,13.68,13.66,13.78,13.79,13.8,13.81,13.82,13.83,13.84,13.85,13.86,13.87,2100,700,600,8500,1000,67900,9300,14900,700,5200,76400,30200,64800,3200,14800,13400,56400,18900,5100,43500
4424.0,13.78,9243900,124833615.0,13.77,13.75,13.74,13.73,13.72,13.71,13.7,13.69,13.68,13.66,13.78,13.79,13.8,13.81,13.82,13.83,13.84,13.85,13.86,13.87,1200,700,600,8500,1000,67900,9300,14900,700,5200,75800,19900,65100,3200,14800,13400,56400,18900,5100,43500
4425.0,13.78,9246900,124874942.0,13.77,13.75,13.74,13.73,13.72,13.71,13.7,13.69,13.68,13.66,13.78,13.79,13.8,13.81,13.82,13.83,13.84,13.85,13.86,13.87,100,700,600,8500,1000,67900,9300,14900,700,5200,74100,19900,65100,3200,14800,13400,56400,18900,5100,43500
4426.0,13.77,9247000,124876319.0,13.75,13.74,13.73,13.72,13.71,13.7,13.69,13.68,13.66,13.65,13.77,13.78,13.79,13.8,13.81,13.82,13.83,13.84,13.85,13.86,700,600,8500,1000,67900,9300,14900,700,5200,2300,4000,73600,19900,66400,3200,14800,13400,56400,18900,5100
4427.0,13.77,9251300,124935524.0,13.77,13.75,13.74,13.73,13.72,13.71,13.7,13.69,13.68,13.66,13.78,13.79,13.8,13.81,13.82,13.83,13.84,13.85,13.86,13.87,1000,400,600,8500,1000,67900,9300,14900,700,5200,73500,19900,66400,3200,14800,13400,56400,19300,5100,43500
4428.0,13.77,9251600,124939655.0,13.77,13.75,13.74,13.73,13.72,13.71,13.7,13.69,13.68,13.66,13.78,13.79,13.8,13.81,13.82,13.83,13.84,13.85,13.86,13.87,1900,400,600,8500,1000,67900,9300,14900,2700,5200,73500,19900,66400,3200,14800,13600,56400,19300,5100,43500
4429.0,13.77,9253500,124965818.0,13.75,13.74,13.73,13.72,13.71,13.7,13.69,13.68,13.66,13.65,13.77,13.78,13.79,13.8,13.81,13.82,13.83,13.84,13.85,13.86,700,600,8500,1000,67900,9300,14900,2700,5200,2300,300,73500,19900,66400,3200,14800,13600,56400,19300,5100
4430.0,13.77,9253500,124965818.0,13.75,13.74,13.73,13.72,13.71,13.7,13.69,13.68,13.66,13.65,13.76,13.77,13.78,13.79,13.8,13.81,13.82,13.83,13.84,13.85,700,600,8500,1000,67900,9300,14900,2700,5200,2300,400,800,73500,20300,66400,3200,14800,13600,56400,19300
4431.0,13.75,9254200,124975443.0,13.74,13.73,13.72,13.71,13.7,13.69,13.68,13.66,13.65,13.64,13.75,13.76,13.77,13.78,13.79,13.8,13.81,13.82,13.83,13.84,600,8500,1000,67900,9300,14900,2700,5200,2300,1700,22400,1200,3700,73600,20300,66400,3200,14900,13600,56400
4432.0,13.75,9256100,125001562.0,13.73,13.72,13.71,13.7,13.69,13.68,13.66,13.65,13.64,13.63,13.75,13.76,13.77,13.78,13.79,13.8,13.81,13.82,13.83,13.84,8500,1000,67900,33600,14900,2700,5200,2300,1700,200,22100,1200,4200,73600,20500,66400,3200,14900,13600,56400
4433.0,13.75,9256600,125008437.0,13.73,13.72,13.71,13.7,13.69,13.68,13.66,13.65,13.64,13.63,13.75,13.76,13.77,13.78,13.79,13.8,13.81,13.82,13.83,13.84,8500,1000,67900,33600,14900,2700,5200,2300,1700,200,21600,1200,6200,73600,21300,66400,3200,14600,13600,56400
4434.0,13.73,9258000,125027659.0,13.73,13.72,13.71,13.7,13.69,13.68,13.66,13.65,13.64,13.63,13.75,13.76,13.77,13.78,13.79,13.8,13.81,13.82,13.83,13.84,7100,1000,67900,33600,14900,2700,5200,2300,1700,200,21600,1200,6200,73800,21600,66900,3200,14000,13600,56400
4435.0,13.73,9258000,125027659.0,13.73,13.72,13.71,13.7,13.69,13.68,13.66,13.65,13.64,13.63,13.75,13.76,13.77,13.78,13.79,13.8,13.81,13.82,13.83,13.84,7100,1000,67900,33600,14900,2700,5200,2300,1700,200,21600,1200,6600,73800,21600,66900,3200,14000,13600,56400
4436.0,13.73,9258000,125027659.0,13.73,13.72,13.71,13.7,13.69,13.68,13.66,13.65,13.64,13.63,13.74,13.75,13.76,13.77,13.78,13.79,13.8,13.81,13.82,13.83,7100,1000,67900,33600,14900,2700,5200,2300,1700,200,2000,21600,1200,7100,75200,21900,66600,3200,14000,13600
4437.0,13.74,9259000,125041392.0,13.73,13.72,13.71,13.7,13.69,13.68,13.66,13.65,13.64,13.63,13.74,13.75,13.76,13.77,13.78,13.79,13.8,13.81,13.82,13.83,6400,1000,67900,33600,14900,2700,5200,2300,1700,200,2200,21600,1200,8200,75200,21900,66600,3200,14000,13600
4438.0,13.74,9259500,125048262.0,13.73,13.72,13.71,13.7,13.69,13.68,13.66,13.65,13.64,13.63,13.74,13.75,13.76,13.77,13.78,13.79,13.8,13.81,13.82,13.83,6400,1000,67900,33600,14900,2700,5200,2300,1700,200,2700,21600,1200,7800,75200,21900,66500,3200,14000,13600
4439.0,13.74,9263300,125100456.0,13.73,13.72,13.71,13.7,13.69,13.68,13.66,13.65,13.64,13.63,13.74,13.75,13.76,13.77,13.78,13.79,13.8,13.81,13.82,13.83,4600,1000,67900,33600,14900,2700,5200,2300,1700,200,700,22800,1200,7300,75200,21900,66000,3200,14000,13600
4440.0,13.75,9283900,125383699.0,13.73,13.72,13.71,13.7,13.69,13.68,13.66,13.65,13.64,13.63,13.75,13.76,13.77,13.78,13.79,13.8,13.81,13.82,13.83,13.84,4600,1000,67900,9300,14900,2700,5200,2700,1700,200,6200,1200,8300,75200,22400,66000,3200,14000,13600,56400
4441.0,13.73,9286700,125422143.0,13.73,13.72,13.71,13.7,13.69,13.68,13.66,13.65,13.64,13.63,13.74,13.75,13.76,13.77,13.78,13.79,13.8,13.81,13.82,13.83,1800,1000,67900,9300,14900,2700,5200,2700,1700,200,1600,6200,800,8300,75700,22400,66000,3200,14000,13600
4442.0,13.74,9287900,125438625.0,13.73,13.72,13.71,13.7,13.69,13.68,13.66,13.65,13.64,13.63,13.74,13.75,13.76,13.77,13.78,13.79,13.8,13.81,13.82,13.83,1200,1000,67900,9300,14900,2700,5200,2700,1700,200,1000,6200,800,8300,75700,22400,66000,3300,14100,13600
4443.0,13.74,9287900,125438625.0,13.73,13.72,13.71,13.7,13.69,13.68,13.66,13.65,13.64,13.63,13.74,13.75,13.76,13.77,13.78,13.79,13.8,13.81,13.82,13.83,2000,1000,67900,9300,14900,2700,5200,2700,1700,200,1000,6200,800,8300,75700,22400,66000,3300,14100,13600
4444.0,13.74,9287900,125438625.0,13.73,13.72,13.71,13.7,13.69,13.68,13.66,13.65,13.64,13.63,13.74,13.75,13.76,13.77,13.78,13.79,13.8,13.81,13.82,13.83,2000,1000,67900,9000,14900,2700,5200,2700,1700,200,1400,6400,800,8300,76400,22400,66000,3300,14100,13600
4445.0,13.72,9290100,125468829.0,13.72,13.71,13.7,13.69,13.68,13.66,13.65,13.64,13.63,13.62,13.74,13.75,13.76,13.77,13.78,13.79,13.8,13.81,13.82,13.83,800,67900,9000,14900,2700,5200,2700,1700,200,18800,1400,5300,800,7800,76400,24700,66000,3300,14100,13600
4446.0,13.74,9290300,125471577.0,13.72,13.71,13.7,13.69,13.68,13.66,13.65,13.64,13.63,13.62,13.74,13.75,13.76,13.77,13.78,13.79,13.8,13.81,13.82,13.83,800,67900,9000,14900,2700,5200,2700,1700,200,18800,3200,6300,800,7800,76400,24700,66000,3300,14100,13600
4447.0,13.74,9290500,125474325.0,13.72,13.71,13.7,13.69,13.68,13.66,13.65,13.64,13.63,13.62,13.73,13.74,13.75,13.76,13.77,13.78,13.79,13.8,13.81,13.82,800,68200,9000,14900,2700,5200,2700,1700,200,18300,100,3000,6300,800,7800,76000,24700,66000,3300,14100
4448.0,13.74,9290500,125474325.0,13.72,13.71,13.7,13.69,13.68,13.66,13.65,13.64,13.63,13.62,13.73,13.74,13.75,13.76,13.77,13.78,13.79,13.8,13.81,13.82,800,68200,9000,14900,2700,5200,2700,1700,200,18300,100,3000,6300,800,7800,76000,24700,66000,3300,14100
4449.0,13.72,9291300,125485301.0,13.71,13.7,13.69,13.68,13.66,13.65,13.64,13.63,13.62,13.61,13.72,13.73,13.74,13.75,13.76,13.77,13.78,13.79,13.8,13.81,68200,9000,14900,2700,5200,2700,1700,200,18300,7200,3400,600,3000,6100,800,7800,76000,24700,66000,3300
4450.0,13.71,9293400,125514092.0,13.71,13.7,13.69,13.68,13.66,13.65,13.64,13.63,13.62,13.61,13.72,13.73,13.74,13.75,13.76,13.77,13.78,13.79,13.8,13.81,66100,9000,14900,2700,5200,1100,1700,200,18300,7200,3400,700,3000,6100,800,8300,74900,24500,67000,3300
4451.0,13.72,9295400,125541532.0,13.71,13.7,13.69,13.68,13.66,13.65,13.64,13.63,13.62,13.61,13.72,13.73,13.74,13.75,13.76,13.77,13.78,13.79,13.8,13.81,66100,9000,14900,2700,5200,1100,1700,200,18300,7200,1400,800,3000,6000,1100,8300,74400,24500,67000,3300
4452.0,13.72,9295400,125541532.0,13.71,13.7,13.69,13.68,13.66,13.65,13.64,13.63,13.62,13.61,13.72,13.73,13.74,13.75,13.76,13.77,13.78,13.79,13.8,13.81,66100,9000,14900,2700,5200,1100,1700,200,18300,7200,1400,11600,8100,6000,1100,8300,74400,24500,67000,3300
4453.0,13.73,9299700,125600543.0,13.71,13.7,13.69,13.68,13.66,13.65,13.64,13.63,13.62,13.61,13.73,13.74,13.75,13.76,13.77,13.78,13.79,13.8,13.81,13.82,65400,9000,14900,2700,5200,1100,1700,200,18300,7200,9400,8500,6000,1100,8300,74400,20500,67000,3300,14100
4454.0,13.73,9300200,125607408.0,13.71,13.7,13.69,13.68,13.66,13.65,13.64,13.63,13.62,13.61,13.73,13.74,13.75,13.76,13.77,13.78,13.79,13.8,13.81,13.82,65400,9000,14900,2700,5200,1100,1700,200,20500,7200,9000,8600,6000,2100,8300,64400,20500,67000,3300,14100
4455.0,13.71,9300900,125617005.0,13.71,13.7,13.69,13.68,13.66,13.65,13.64,13.63,13.62,13.61,13.73,13.74,13.75,13.76,13.77,13.78,13.79,13.8,13.81,13.82,64700,9000,14900,2700,5200,1100,1700,200,20500,7200,17100,8600,6000,2100,8300,64400,20500,67000,3300,14100
4456.0,13.71,9301600,125626602.0,13.71,13.7,13.69,13.68,13.66,13.65,13.64,13.63,13.62,13.61,13.73,13.74,13.75,13.76,13.77,13.78,13.79,13.8,13.81,13.82,64000,10000,14900,2700,5200,1100,1700,200,20500,7200,18000,8800,6000,2100,8300,64400,20500,67000,3300,14100
4457.0,13.73,9301900,125630721.0,13.71,13.7,13.69,13.68,13.66,13.65,13.64,13.63,13.62,13.61,13.73,13.74,13.75,13.76,13.77,13.78,13.79,13.8,13.81,13.82,64000,10000,14900,3200,5200,1100,1700,200,20500,7200,17700,8800,6000,2100,8300,64400,20500,66700,3300,14100
4458.0,13.73,9302500,125638959.0,13.71,13.7,13.69,13.68,13.66,13.65,13.64,13.63,13.62,13.61,13.73,13.74,13.75,13.76,13.77,13.78,13.79,13.8,13.81,13.82,64000,10000,14900,3200,5200,1100,1700,200,20500,7200,17100,8800,6500,2100,9300,64200,19500,67800,3300,14400
4459.0,13.71,9303200,125648556.0,13.71,13.7,13.69,13.68,13.66,13.65,13.64,13.63,13.62,13.61,13.73,13.74,13.75,13.76,13.77,13.78,13.79,13.8,13.81,13.82,63300,10000,14900,3200,5200,1100,1700,200,20500,7200,17100,8800,6500,2100,9300,64200,26700,67800,3300,14400
4460.0,13.71,9303200,125648556.0,13.71,13.7,13.69,13.68,13.66,13.65,13.64,13.63,13.62,13.61,13.73,13.74,13.75,13.76,13.77,13.78,13.79,13.8,13.81,13.82,63300,8600,14900,3200,5200,1100,1700,200,20500,7200,17100,8800,6500,2100,9300,64200,26700,67800,3300,14400
4461.0,13.71,9304600,125667750.0,13.71,13.7,13.69,13.68,13.66,13.65,13.64,13.63,13.62,13.61,13.73,13.74,13.75,13.76,13.77,13.78,13.79,13.8,13.81,13.82,61900,16700,14900,3200,5200,1100,1700,200,20500,7200,17100,8800,6500,3900,9300,64200,26700,67800,3300,14700
4462.0,13.71,9306000,125686944.0,13.71,13.7,13.69,13.68,13.66,13.65,13.64,13.63,13.62,13.61,13.73,13.74,13.75,13.76,13.77,13.78,13.79,13.8,13.81,13.82,60500,16700,14900,3200,5200,1100,1700,200,20500,7200,17100,8800,6500,3900,9300,64200,26800,67800,3300,14700
4463.0,13.71,9306000,125686944.0,13.71,13.7,13.69,13.68,13.66,13.65,13.64,13.63,13.62,13.61,13.73,13.74,13.75,13.76,13.77,13.78,13.79,13.8,13.81,13.82,60500,16700,14900,3200,5200,1100,1700,200,20500,7200,17100,8800,6500,3900,9800,64200,26800,67800,3300,14700
4464.0,13.73,9306200,125689690.0,13.71,13.7,13.69,13.68,13.66,13.65,13.64,13.63,13.62,13.61,13.73,13.74,13.75,13.76,13.77,13.78,13.79,13.8,13.81,13.82,60500,16700,14900,3200,5200,1100,1700,200,20500,7200,19900,8400,6500,3900,9800,64200,26800,67800,3300,14700
4465.0,13.71,9306900,125699287.0,13.71,13.7,13.69,13.68,13.66,13.65,13.64,13.63,13.62,13.61,13.72,13.73,13.74,13.75,13.76,13.77,13.78,13.79,13.8,13.81,59800,16700,14900,3200,5200,1100,1700,200,20500,7200,3000,19900,8400,6500,3900,9800,64200,26800,67800,3300
4466.0,13.71,9306900,125699287.0,13.71,13.7,13.69,13.68,13.66,13.65,13.64,13.63,13.62,13.61,13.72,13.73,13.74,13.75,13.76,13.77,13.78,13.79,13.8,13.81,59800,16700,14900,3200,5200,1100,1700,200,20500,7200,3000,19900,8400,6500,3900,9800,64200,26800,67800,3300
4467.0,13.72,9309200,125730843.0,13.71,13.7,13.69,13.68,13.66,13.65,13.64,13.63,13.62,13.61,13.72,13.73,13.74,13.75,13.76,13.77,13.78,13.79,13.8,13.81,59800,16700,14900,3200,5200,1100,1700,200,20500,7200,700,16300,8400,6500,3900,9800,64200,27800,66700,3300
4468.0,13.71,9309900,125740440.0,13.71,13.7,13.69,13.68,13.66,13.65,13.64,13.63,13.62,13.61,13.72,13.73,13.74,13.75,13.76,13.77,13.78,13.79,13.8,13.81,59600,16700,14900,3200,5200,1100,1700,200,20500,7200,9300,16800,8400,6500,3900,9800,64200,27800,66700,3300
4469.0,13.71,9310600,125750037.0,13.71,13.7,13.69,13.68,13.66,13.65,13.64,13.63,13.62,13.61,13.72,13.73,13.74,13.75,13.76,13.77,13.78,13.79,13.8,13.81,58900,16700,14900,3200,5200,1100,1700,200,20500,7200,9300,17100,8400,6700,3900,9800,64200,27800,66700,3300
4470.0,13.72,9314100,125798057.0,13.71,13.7,13.69,13.68,13.66,13.65,13.64,13.63,13.62,13.61,13.72,13.73,13.74,13.75,13.76,13.77,13.78,13.79,13.8,13.81,58900,16700,14900,3200,5200,1100,1700,200,20500,7200,5800,17100,8400,6700,3900,9800,63200,27800,66700,3300
4471.0,13.71,9317000,125837816.0,13.71,13.7,13.69,13.68,13.66,13.65,13.64,13.63,13.62,13.61,13.72,13.73,13.74,13.75,13.76,13.77,13.78,13.79,13.8,13.81,56000,16700,14900,3200,5200,1100,1700,200,20500,7200,16500,17100,8400,6700,3900,9800,63200,27800,69200,3300
4472.0,13.72,9318800,125862506.0,13.71,13.7,13.69,13.68,13.66,13.65,13.64,13.63,13.62,13.61,13.72,13.73,13.74,13.75,13.76,13.77,13.78,13.79,13.8,13.81,55400,16700,14900,3200,5200,1100,1700,200,20500,7200,15300,17100,8400,6700,3900,9800,63100,27800,69200,3300
4473.0,13.72,9323100,125921488.0,13.71,13.7,13.69,13.68,13.66,13.65,13.64,13.63,13.62,13.61,13.72,13.73,13.74,13.75,13.76,13.77,13.78,13.79,13.8,13.81,54000,16700,14900,3200,5200,1100,1700,200,20500,7200,13900,17100,3300,6700,3900,9800,63100,27800,69200,3300
4474.0,13.71,9324500,125940682.0,13.71,13.7,13.69,13.68,13.66,13.65,13.64,13.63,13.62,13.61,13.72,13.73,13.74,13.75,13.76,13.77,13.78,13.79,13.8,13.81,52600,16700,14900,3200,5200,1100,1700,200,20500,7200,13900,17100,3300,6700,3900,9800,63100,27800,69200,3300
4475.0,13.71,9344600,126216253.0,13.71,13.7,13.69,13.68,13.66,13.65,13.64,13.63,13.62,13.61,13.72,13.73,13.74,13.75,13.76,13.77,13.78,13.79,13.8,13.81,32500,16700,14900,3200,5200,1100,1700,200,20500,7200,13900,15700,3300,6700,3900,9800,63100,27800,69200,3300
4476.0,13.71,9350200,126293029.0,13.71,13.7,13.69,13.68,13.66,13.65,13.64,13.63,13.62,13.61,13.72,13.73,13.74,13.75,13.76,13.77,13.78,13.79,13.8,13.81,27800,16700,14900,3200,5200,1100,1700,200,20500,7200,13900,15700,3300,6700,3900,10200,63100,27800,69200,3300
4477.0,13.71,9354200,126347869.0,13.71,13.7,13.69,13.68,13.66,13.65,13.64,13.63,13.62,13.61,13.72,13.73,13.74,13.75,13.76,13.77,13.78,13.79,13.8,13.81,23800,16700,14900,3200,5200,1100,1700,200,20500,7200,14200,15700,3300,6700,3900,10200,63100,27800,69200,3300
4478.0,13.71,9354200,126347869.0,13.71,13.7,13.69,13.68,13.66,13.65,13.64,13.63,13.62,13.61,13.72,13.73,13.74,13.75,13.76,13.77,13.78,13.79,13.8,13.81,25800,16700,14900,3200,5200,1100,1700,200,20500,7200,14200,15700,3300,6700,3900,10200,63100,27800,69200,3300
4479.0,13.71,9357000,126386262.0,13.71,13.7,13.69,13.68,13.66,13.65,13.64,13.62,13.61,13.6,13.72,13.73,13.74,13.75,13.76,13.77,13.78,13.79,13.8,13.81,23500,16700,14900,3200,5200,1100,1700,20500,7200,17800,13700,15700,3300,6700,3900,10200,63100,27800,69200,3300
4480.0,13.72,9358200,126402726.0,13.71,13.7,13.69,13.68,13.66,13.65,13.64,13.62,13.61,13.6,13.72,13.73,13.74,13.75,13.76,13.77,13.78,13.79,13.8,13.81,23500,16700,14900,3200,5200,1100,1700,20500,7200,17800,12500,15700,3300,6700,3900,10200,63100,26800,69900,3300
4481.0,13.71,9358500,126406839.0,13.71,13.7,13.69,13.68,13.66,13.65,13.64,13.62,13.61,13.6,13.72,13.73,13.74,13.75,13.76,13.77,13.78,13.79,13.8,13.81,23200,16700,14900,3200,5200,1100,1700,20500,7200,17800,12500,15700,3300,6700,3900,10500,63100,26800,69900,3300
4482.0,13.71,9373200,126608376.0,13.71,13.7,13.69,13.68,13.66,13.65,13.64,13.62,13.61,13.6,13.72,13.73,13.74,13.75,13.76,13.77,13.78,13.79,13.8,13.81,8500,16700,14900,3200,5200,1100,1700,20500,7200,17800,12500,14800,3300,6700,3900,10500,63100,26800,69900,3300
4483.0,13.71,9374200,126622086.0,13.71,13.7,13.69,13.68,13.66,13.65,13.64,13.62,13.61,13.6,13.72,13.73,13.74,13.75,13.76,13.77,13.78,13.79,13.8,13.81,7800,18600,14900,3200,5200,1100,1700,20500,7200,17800,12500,14800,3300,6700,3900,10500,63100,26800,69900,3300
4484.0,13.71,9375600,126641280.0,13.71,13.7,13.69,13.68,13.66,13.65,13.64,13.62,13.61,13.6,13.72,13.73,13.74,13.75,13.76,13.77,13.78,13.79,13.8,13.81,9000,19800,14900,3200,5200,1100,1700,20500,7200,17800,11500,14800,3300,6700,3900,13400,63100,26800,70100,3300
4485.0,13.71,9376900,126659103.0,13.71,13.7,13.69,13.68,13.66,13.65,13.64,13.62,13.61,13.6,13.72,13.73,13.74,13.75,13.76,13.77,13.78,13.79,13.8,13.81,7700,19800,14900,3200,5200,1100,1700,20500,7200,17800,11500,14800,3300,6700,3900,13400,63100,26800,70100,3300
4486.0,13.71,9376900,126659103.0,13.71,13.7,13.69,13.68,13.66,13.65,13.64,13.62,13.61,13.6,13.72,13.73,13.74,13.75,13.76,13.77,13.78,13.79,13.8,13.81,7700,19800,14900,3200,5200,1100,1700,20500,7200,17800,11500,14800,3300,6700,3900,13400,63100,26800,70100,3300
4487.0,13.71,9376900,126659103.0,13.71,13.7,13.69,13.68,13.67,13.66,13.65,13.64,13.62,13.61,13.72,13.73,13.74,13.75,13.76,13.77,13.78,13.79,13.8,13.81,7700,19800,14900,3200,6800,5200,1100,1700,20500,7200,11500,14800,3300,6700,3900,13400,63100,26800,70100,3300
4488.0,13.71,9377600,126668700.0,13.71,13.7,13.69,13.68,13.67,13.66,13.65,13.64,13.62,13.61,13.72,13.73,13.74,13.75,13.76,13.77,13.78,13.79,13.8,13.81,7000,19800,14900,3200,6800,5200,1100,1700,20500,7200,11500,14800,3300,6700,3900,13400,63100,26800,70100,3300
4489.0,13.71,9377600,126668700.0,13.71,13.7,13.69,13.68,13.67,13.66,13.65,13.64,13.62,13.61,13.72,13.73,13.74,13.75,13.76,13.77,13.78,13.79,13.8,13.81,7000,19800,14900,3200,6800,5200,1100,1700,20500,7200,11500,14800,3300,6700,3900,13400,63100,26800,70100,3300
4490.0,13.71,9378300,126678297.0,13.71,13.7,13.69,13.68,13.67,13.66,13.65,13.64,13.62,13.61,13.72,13.73,13.74,13.75,13.76,13.77,13.78,13.79,13.8,13.81,6300,19800,14900,3200,6800,5200,1100,1700,20500,7200,11500,14800,3300,6700,3900,13400,63100,26800,70100,3300
4491.0,13.71,9378900,126686523.0,13.71,13.7,13.69,13.68,13.67,13.66,13.65,13.64,13.62,13.61,13.72,13.73,13.74,13.75,13.76,13.77,13.78,13.79,13.8,13.81,5700,19800,14900,3200,6800,5200,1100,1700,20500,7200,11500,14800,3300,6700,3900,13400,63100,26800,70100,3300
4492.0,13.71,9378900,126686523.0,13.71,13.7,13.69,13.68,13.67,13.66,13.65,13.64,13.62,13.61,13.72,13.73,13.74,13.75,13.76,13.77,13.78,13.79,13.8,13.81,5700,19800,14900,3900,6800,5200,1100,1700,20500,7200,11500,14800,3300,6700,3900,13400,63100,26800,70100,3300
4493.0,13.71,9378900,126686523.0,13.71,13.7,13.69,13.68,13.67,13.66,13.65,13.64,13.62,13.61,13.72,13.73,13.74,13.75,13.76,13.77,13.78,13.79,13.8,13.81,5700,19800,14900,3900,6800,5200,5100,1700,20500,7200,11500,14800,3300,6700,3900,12900,63700,26800,70100,3300
4494.0,13.71,9380900,126713943.0,13.71,13.7,13.69,13.68,13.67,13.66,13.65,13.64,13.62,13.61,13.72,13.73,13.74,13.75,13.76,13.77,13.78,13.79,13.8,13.81,3700,19800,14900,5700,6800,5200,5100,1700,20500,7200,11500,14800,3300,9100,3900,12900,63700,26800,71400,3300
4495.0,13.71,9381600,126723540.0,13.71,13.7,13.69,13.68,13.67,13.66,13.65,13.64,13.62,13.61,13.72,13.73,13.74,13.75,13.76,13.77,13.78,13.79,13.8,13.81,3000,19800,14900,5700,6800,15200,5100,1700,20500,7200,11500,7000,3300,9100,3900,12900,63200,26800,71400,3300
4496.0,13.71,9382300,126733137.0,13.71,13.7,13.69,13.68,13.67,13.66,13.65,13.64,13.63,13.62,13.72,13.73,13.74,13.75,13.76,13.77,13.78,13.79,13.8,13.81,2300,19800,14900,10700,6800,15200,5100,1700,5000,20500,11600,7000,3300,9100,3900,12900,63200,26800,71400,3300
4497.0,13.7,9385300,126774260.0,13.7,13.69,13.68,13.67,13.66,13.65,13.64,13.63,13.62,13.61,13.72,13.73,13.74,13.75,13.76,13.77,13.78,13.79,13.8,13.81,19100,14900,10900,6800,15200,5100,1700,5000,20500,7200,11600,7000,3300,9100,3900,12900,63200,26800,71400,3300
4498.0,13.7,9386300,126787960.0,13.7,13.69,13.68,13.67,13.66,13.65,13.64,13.63,13.62,13.61,13.72,13.73,13.74,13.75,13.76,13.77,13.78,13.79,13.8,13.81,18100,14900,19600,6800,15200,5100,1700,5000,20500,7200,11600,7000,3300,9100,3900,12900,63200,26800,71400,3300
4499.0,13.7,9386300,126787960.0,13.7,13.69,13.68,13.66,13.65,13.64,13.63,13.62,13.61,13.6,13.72,13.73,13.74,13.75,13.76,13.77,13.78,13.79,13.8,13.81,18100,20900,22000,15200,5100,1700,5000,20500,7200,17900,11600,7000,3300,9100,3900,12900,63200,26800,71400,3300
4500.0,13.72,9386600,126792076.0,13.7,13.69,13.68,13.66,13.65,13.64,13.63,13.62,13.61,13.6,13.72,13.73,13.74,13.75,13.76,13.77,13.78,13.79,13.8,13.81,18100,20900,22000,15200,5100,3700,5000,20500,7200,17900,11300,7000,1300,9100,3900,11900,63200,26800,71400,3300
4501.0,13.7,9387100,126798926.0,13.7,13.69,13.68,13.66,13.65,13.64,13.63,13.62,13.61,13.6,13.71,13.72,13.73,13.74,13.75,13.76,13.77,13.78,13.79,13.8,17600,20900,22000,15200,5100,3700,6100,20500,7200,17900,1900,11300,7000,1300,9100,3900,11900,63200,26800,71400
4502.0,13.71,9387300,126801668.0,13.7,13.69,13.68,13.66,13.65,13.64,13.63,13.62,13.61,13.6,13.71,13.72,13.73,13.74,13.75,13.76,13.77,13.78,13.79,13.8,17600,20900,22000,15200,5100,3700,6100,20500,7200,17900,1700,11300,7000,1300,9100,2100,11900,63200,26800,75400
4503.0,13.7,9392000,126866058.0,13.7,13.69,13.68,13.66,13.65,13.64,13.63,13.62,13.61,13.6,13.71,13.72,13.73,13.74,13.75,13.76,13.77,13.78,13.79,13.8,12900,20900,22100,15200,5100,3700,6100,20500,7200,17900,1700,11300,7000,1300,9100,2100,11900,63200,26800,75400
4504.0,13.7,9392100,126867428.0,13.7,13.69,13.68,13.66,13.65,13.64,13.63,13.62,13.61,13.6,13.71,13.72,13.73,13.74,13.75,13.76,13.77,13.78,13.79,13.8,12800,20900,22100,15200,5100,3700,6100,20500,7200,17900,1700,11300,7000,1300,9100,2100,11900,63200,26800,75400
4505.0,13.7,9392100,126867428.0,13.7,13.69,13.68,13.66,13.65,13.64,13.63,13.62,13.61,13.6,13.71,13.72,13.73,13.74,13.75,13.76,13.77,13.78,13.79,13.8,12800,20900,22100,15200,5100,3700,6100,20500,7200,17900,1700,11300,7000,1300,9100,2100,11900,63200,26800,76600
4506.0,13.7,9394300,126897569.0,13.7,13.69,13.68,13.66,13.65,13.64,13.63,13.62,13.61,13.6,13.71,13.72,13.73,13.74,13.75,13.76,13.77,13.78,13.79,13.8,10700,20900,22100,15200,1100,3700,6100,20500,7200,17900,1600,11300,7000,1300,9100,2100,11900,63200,26800,76600
4507.0,13.7,9394900,126905789.0,13.7,13.69,13.68,13.66,13.65,13.64,13.63,13.62,13.61,13.6,13.71,13.72,13.73,13.74,13.75,13.76,13.77,13.78,13.79,13.8,12900,20900,24100,15200,1100,3700,6100,20500,7200,17900,1600,11300,7000,1300,9100,2100,11900,63200,26800,76600
4508.0,13.71,9395000,126907160.0,13.7,13.69,13.68,13.66,13.65,13.64,13.63,13.62,13.61,13.6,13.71,13.72,13.73,13.74,13.75,13.76,13.77,13.78,13.79,13.8,12900,20900,25100,15200,1100,3700,6100,20500,7200,17900,1500,11300,7000,1300,9100,2100,11900,63200,26800,76600
4509.0,13.69,9409000,127098949.0,13.69,13.68,13.67,13.66,13.65,13.64,13.63,13.62,13.61,13.6,13.71,13.72,13.73,13.74,13.75,13.76,13.77,13.78,13.79,13.8,19800,28100,200,15200,1100,3700,6100,20500,7200,17400,1500,11400,7000,1300,9100,2100,11900,63200,26800,76600
4510.0,13.69,9409000,127098949.0,13.7,13.69,13.68,13.67,13.66,13.65,13.64,13.63,13.62,13.61,13.71,13.72,13.73,13.74,13.75,13.76,13.77,13.78,13.79,13.8,3600,19800,28500,200,15200,1100,3700,6100,20500,7200,1500,11400,7000,1300,9100,2100,11900,63200,26300,76600
4511.0,13.7,9412700,127149640.0,13.69,13.68,13.67,13.66,13.65,13.64,13.63,13.62,13.61,13.6,13.71,13.72,13.73,13.74,13.75,13.76,13.77,13.78,13.79,13.8,19800,28500,200,15200,1100,3700,6100,20500,7200,17400,1400,2000,7000,1100,9100,2100,11900,63200,26300,76600
4512.0,13.69,9413500,127160592.0,13.69,13.68,13.67,13.66,13.65,13.64,13.63,13.62,13.61,13.6,13.71,13.72,13.73,13.74,13.75,13.76,13.77,13.78,13.79,13.8,19000,28500,200,15200,1100,3700,6100,20500,7200,17400,1400,2000,7000,1100,9100,2100,11900,63200,26300,76600
4513.0,13.69,9415500,127187972.0,13.7,13.69,13.68,13.67,13.66,13.65,13.64,13.63,13.62,13.61,13.71,13.72,13.73,13.74,13.75,13.76,13.77,13.78,13.79,13.8,1400,17000,28500,200,15200,1100,3700,6100,20500,7200,1400,2000,7000,1100,9100,2100,11900,63200,26300,76600
4514.0,13.7,9415700,127190712.0,13.7,13.69,13.68,13.67,13.66,13.65,13.64,13.63,13.62,13.61,13.71,13.72,13.73,13.74,13.75,13.76,13.77,13.78,13.79,13.8,1200,17000,28500,200,15200,1100,3700,6100,20500,7200,1400,2000,7000,1100,9100,2100,11900,63200,26300,76600
4515.0,13.7,9415700,127190712.0,13.7,13.69,13.68,13.67,13.66,13.65,13.64,13.63,13.62,13.61,13.71,13.72,13.73,13.74,13.75,13.76,13.77,13.78,13.79,13.8,7300,17000,28500,200,15200,1100,3700,6100,20500,7200,1400,2000,7000,1100,9100,2100,11900,63200,26300,76600
4516.0,13.7,9417200,127211262.0,13.7,13.69,13.68,13.67,13.66,13.65,13.64,13.63,13.62,13.61,13.71,13.72,13.73,13.74,13.75,13.76,13.77,13.78,13.79,13.8,5800,17000,27000,200,15200,1100,3700,6100,20500,7200,1400,2000,7000,1100,9100,2100,11900,63200,26300,76600
4517.0,13.7,9417200,127211262.0,13.7,13.69,13.68,13.67,13.66,13.65,13.64,13.63,13.62,13.61,13.71,13.72,13.73,13.74,13.75,13.76,13.77,13.78,13.79,13.8,5800,17000,28800,200,15200,1100,3700,6100,20500,7200,1400,2000,7000,1100,9100,2100,11900,63200,25300,76600
4518.0,13.7,9418800,127233182.0,13.7,13.69,13.68,13.67,13.66,13.65,13.64,13.63,13.62,13.61,13.71,13.72,13.73,13.74,13.75,13.76,13.77,13.78,13.79,13.8,4200,17000,28800,200,15200,1100,3700,6100,20500,7200,1400,2000,7000,1100,9100,2100,11900,63200,25300,77100
4519.0,13.71,9418900,127234553.0,13.7,13.69,13.68,13.67,13.66,13.65,13.64,13.63,13.62,13.61,13.71,13.72,13.73,13.74,13.75,13.76,13.77,13.78,13.79,13.8,4200,17200,28800,200,15200,1100,3700,6100,20500,7200,1300,2000,7000,1100,9100,2100,11900,63200,25300,77100
4520.0,13.7,9420500,127256473.0,13.7,13.69,13.68,13.67,13.66,13.65,13.64,13.63,13.62,13.61,13.71,13.72,13.73,13.74,13.75,13.76,13.77,13.78,13.79,13.8,2600,18400,28800,200,15200,1100,3700,6100,20500,7200,1300,2000,7000,1100,9100,2100,11900,63400,25300,77100
4521.0,13.71,9420700,127259215.0,13.7,13.69,13.68,13.67,13.66,13.65,13.64,13.63,13.62,13.61,13.71,13.72,13.73,13.74,13.75,13.76,13.77,13.78,13.79,13.8,7600,20900,28800,200,15200,1100,3700,6100,20500,7200,1100,2000,7000,1100,9100,2100,12100,63400,25300,77100
4522.0,13.71,9421800,127274296.0,13.71,13.7,13.69,13.68,13.67,13.66,13.65,13.64,13.63,13.62,13.72,13.73,13.74,13.75,13.76,13.77,13.78,13.79,13.8,13.81,5100,7600,21900,28800,200,15200,1100,3700,6100,20500,2000,7000,1100,9100,2100,12100,65400,25300,77100,3300
4523.0,13.71,9422600,127285266.0,13.71,13.7,13.69,13.68,13.67,13.66,13.65,13.64,13.63,13.62,13.72,13.73,13.74,13.75,13.76,13.77,13.78,13.79,13.8,13.81,4500,7600,25900,29000,200,15200,1100,3700,1100,20500,1800,7000,1100,9100,2100,12600,65400,25300,78100,3300
4524.0,13.7,9432300,127418201.0,13.7,13.69,13.68,13.67,13.66,13.65,13.64,13.63,13.62,13.61,13.72,13.73,13.74,13.75,13.76,13.77,13.78,13.79,13.8,13.81,3100,25900,29000,200,15200,1100,3700,1100,20500,7200,1800,7000,1100,9100,2100,12600,65400,25400,78100,3300
4525.0,13.7,9433600,127436011.0,13.7,13.69,13.68,13.67,13.66,13.65,13.64,13.63,13.62,13.61,13.72,13.73,13.74,13.75,13.76,13.77,13.78,13.79,13.8,13.81,1800,25700,29000,200,15200,1100,3700,1100,20500,7200,2700,7000,1100,9100,2100,12600,65400,25400,78100,3300
4526.0,13.72,9433800,127438755.0,13.7,13.69,13.68,13.67,13.66,13.65,13.64,13.63,13.62,13.61,13.72,13.73,13.74,13.75,13.76,13.77,13.78,13.79,13.8,13.81,3400,25700,29000,200,15200,1100,3700,1100,20500,7200,3200,7000,1100,9100,2100,12600,65400,25400,78100,3300
4527.0,13.72,9433800,127438755.0,13.7,13.69,13.68,13.67,13.66,13.65,13.64,13.63,13.62,13.61,13.72,13.73,13.74,13.75,13.76,13.77,13.78,13.79,13.8,13.81,3600,25700,29000,200,15200,1100,3700,1100,20500,7200,3200,7000,1100,10200,2100,12600,65400,25400,78100,3300
4528.0,13.71,9440700,127533319.0,13.71,13.7,13.69,13.68,13.67,13.66,13.65,13.64,13.63,13.62,13.72,13.73,13.74,13.75,13.76,13.77,13.78,13.79,13.8,13.81,7600,4300,26400,29000,400,15200,1100,4200,1100,20500,2900,7000,1100,10200,2100,12700,65400,25400,78100,3300
4529.0,13.71,9442100,127552513.0,13.71,13.7,13.69,13.68,13.67,13.66,13.65,13.64,13.63,13.62,13.72,13.73,13.74,13.75,13.76,13.77,13.78,13.79,13.8,13.81,7100,4300,26400,28500,400,15200,1600,4200,1100,20500,2900,7000,1100,10200,2100,12700,65400,25400,78200,3300
4530.0,13.71,9443700,127574449.0,13.71,13.7,13.69,13.68,13.67,13.66,13.65,13.64,13.63,13.62,13.72,13.73,13.74,13.75,13.76,13.77,13.78,13.79,13.8,13.81,5500,4300,26400,28500,400,15200,1600,4200,1100,20500,2900,7000,1100,10200,2100,12700,65400,25400,78400,3300
4531.0,13.72,9443900,127577193.0,13.71,13.7,13.69,13.68,13.67,13.66,13.65,13.64,13.63,13.62,13.72,13.73,13.74,13.75,13.76,13.77,13.78,13.79,13.8,13.81,5500,8300,26400,28500,400,15200,1600,4200,1100,20500,2700,7000,1100,10200,2100,12700,65400,25400,78400,3300
4532.0,13.71,9444800,127589532.0,13.71,13.7,13.69,13.68,13.67,13.66,13.65,13.64,13.63,13.62,13.72,13.73,13.74,13.75,13.76,13.77,13.78,13.79,13.8,13.81,4600,9100,26500,28100,400,15200,1600,4200,1100,20500,2700,7000,1100,10200,2100,12300,65400,25400,78400,3300
4533.0,13.72,9446800,127616972.0,13.71,13.7,13.69,13.68,13.67,13.66,13.65,13.64,13.63,13.62,13.72,13.73,13.74,13.75,13.76,13.77,13.78,13.79,13.8,13.81,4600,10300,26500,28100,400,15200,1600,4200,1100,20500,700,7000,1100,10200,2100,12300,65400,25400,78400,3300
4534.0,13.71,9447000,127619714.0,13.71,13.7,13.69,13.68,13.67,13.66,13.65,13.64,13.63,13.62,13.72,13.73,13.74,13.75,13.76,13.77,13.78,13.79,13.8,13.81,4400,11200,26500,28300,400,15200,1600,4200,1100,20500,700,7000,1100,10200,2100,12300,65400,25400,78400,3300
4535.0,13.71,9447000,127619714.0,13.71,13.7,13.69,13.68,13.67,13.66,13.65,13.64,13.63,13.62,13.72,13.73,13.74,13.75,13.76,13.77,13.78,13.79,13.8,13.81,4400,11200,26500,28300,400,15200,1600,4200,1100,19800,700,7000,1100,10200,2100,12300,65400,25400,78400,3300
4536.0,13.71,9447000,127619714.0,13.71,13.7,13.69,13.68,13.67,13.66,13.65,13.64,13.63,13.62,13.72,13.73,13.74,13.75,13.76,13.77,13.78,13.79,13.8,13.81,4400,11200,25300,28300,400,15200,1400,4200,1100,19800,700,4000,1100,10200,2100,12300,65400,25400,78400,3300
4537.0,13.71,9447000,127619714.0,13.71,13.7,13.69,13.68,13.67,13.66,13.65,13.64,13.63,13.62,13.72,13.73,13.74,13.75,13.76,13.77,13.78,13.79,13.8,13.81,4400,11200,25200,28300,400,15200,1400,4200,1100,19800,700,4000,1200,10200,2100,12300,65400,25400,78400,3300
4538.0,13.71,9447000,127619714.0,13.71,13.7,13.69,13.68,13.67,13.66,13.65,13.64,13.63,13.62,13.72,13.73,13.74,13.75,13.76,13.77,13.78,13.79,13.8,13.81,4400,11500,25200,28300,5400,15200,1400,4200,1100,19800,700,4000,1200,10200,2100,12300,65400,25400,78400,3300
4539.0,13.71,9447400,127625198.0,13.71,13.7,13.69,13.68,13.67,13.66,13.65,13.64,13.63,13.62,13.72,13.73,13.74,13.75,13.76,13.77,13.78,13.79,13.8,13.81,4500,11500,25200,28300,5400,15200,1400,4200,1100,19800,700,4000,2200,10200,2100,12300,65400,25700,78400,3300
4540.0,13.71,9448300,127637537.0,13.71,13.7,13.69,13.68,13.67,13.66,13.65,13.64,13.63,13.62,13.72,13.73,13.74,13.75,13.76,13.77,13.78,13.79,13.8,13.81,3600,11500,25200,28300,5400,15200,1400,4200,1100,19800,700,4000,2200,10400,2100,12300,65400,25700,78400,3300
4541.0,13.72,9448400,127638909.0,13.71,13.7,13.69,13.68,13.67,13.66,13.65,13.64,13.63,13.62,13.72,13.73,13.74,13.75,13.76,13.77,13.78,13.79,13.8,13.81,3600,14600,26200,28300,5400,15200,1400,4200,1100,19800,600,4400,2200,10400,2100,12300,65400,25700,78400,3300
4542.0,13.72,9449000,127647141.0,13.72,13.71,13.7,13.69,13.68,13.67,13.66,13.65,13.64,13.63,13.73,13.74,13.75,13.76,13.77,13.78,13.79,13.8,13.81,13.82,200,3600,14600,26200,28300,5400,15200,1400,4200,1100,4400,2200,10400,2100,12300,65400,25700,78400,3300,16000
4543.0,13.73,9449400,127652633.0,13.72,13.71,13.7,13.69,13.68,13.67,13.66,13.65,13.64,13.63,13.73,13.74,13.75,13.76,13.77,13.78,13.79,13.8,13.81,13.82,700,3600,14600,26300,28300,5400,15200,1400,4200,1100,4000,2200,10400,2100,12300,65900,25700,78400,3300,16000
4544.0,13.73,9449400,127652633.0,13.72,13.71,13.7,13.69,13.68,13.67,13.66,13.65,13.64,13.63,13.73,13.74,13.75,13.76,13.77,13.78,13.79,13.8,13.81,13.82,700,3600,21200,26300,28300,5400,15200,1400,4200,1100,4000,2200,10400,2100,12300,65900,25700,78400,3300,16000
4545.0,13.73,9449400,127652633.0,13.72,13.71,13.7,13.69,13.68,13.67,13.66,13.65,13.64,13.63,13.73,13.74,13.75,13.76,13.77,13.78,13.79,13.8,13.81,13.82,700,3600,21700,26300,28300,5400,15200,1400,4200,1100,4000,2200,10400,2100,12300,65900,25700,79400,3300,16000
4546.0,13.73,9449800,127658125.0,13.72,13.71,13.7,13.69,13.68,13.67,13.66,13.65,13.64,13.63,13.73,13.74,13.75,13.76,13.77,13.78,13.79,13.8,13.81,13.82,700,3600,21700,26300,28300,5400,15200,1400,4200,1100,3600,2200,10400,2100,12300,65900,25700,75400,3300,16000
4547.0,13.73,9449800,127658125.0,13.72,13.71,13.7,13.69,13.68,13.67,13.66,13.65,13.64,13.63,13.73,13.74,13.75,13.76,13.77,13.78,13.79,13.8,13.81,13.82,700,3600,23700,26300,28600,5400,15200,1400,4200,1100,3600,2200,10400,2100,12300,65900,25700,75400,3300,16000
4548.0,13.72,9450500,127667729.0,13.71,13.7,13.69,13.68,13.67,13.66,13.65,13.64,13.63,13.62,13.72,13.73,13.74,13.75,13.76,13.77,13.78,13.79,13.8,13.81,3600,23700,26300,28600,5400,15200,900,4200,1100,19800,2100,3600,2200,10400,2100,12300,65900,25700,75400,3300
4549.0,13.72,9451200,127677333.0,13.71,13.7,13.69,13.68,13.67,13.66,13.65,13.64,13.63,13.62,13.72,13.73,13.74,13.75,13.76,13.77,13.78,13.79,13.8,13.81,3600,23900,26300,28600,5400,15200,900,4200,1100,19800,1500,3600,2200,14000,5100,12300,65900,25700,75400,3300
4550.0,13.72,9452400,127693797.0,13.71,13.7,13.69,13.68,13.67,13.66,13.65,13.64,13.63,13.62,13.72,13.73,13.74,13.75,13.76,13.77,13.78,13.79,13.8,13.81,9300,33500,26600,28600,6400,15200,900,4200,1100,19800,300,3600,2200,14000,5100,12300,65900,25700,75400,3300
4551.0,13.72,9454800,127726713.0,13.72,13.71,13.7,13.69,13.68,13.67,13.66,13.65,13.64,13.63,13.73,13.74,13.75,13.76,13.77,13.78,13.79,13.8,13.81,13.82,800,17500,33500,26600,28600,6400,15200,900,4200,1100,3400,2200,14000,5100,12300,65900,25700,75200,3300,16000
4552.0,13.72,9455600,127737692.0,13.72,13.71,13.7,13.69,13.68,13.67,13.66,13.65,13.64,13.63,13.73,13.74,13.75,13.76,13.77,13.78,13.79,13.8,13.81,13.82,1300,17500,33500,26600,28600,6400,15200,900,4200,1100,3100,2200,14000,5100,12300,65900,25700,75200,3300,16000
4553.0,13.72,9455700,127739064.0,13.72,13.71,13.7,13.69,13.68,13.67,13.66,13.65,13.64,13.63,13.73,13.74,13.75,13.76,13.77,13.78,13.79,13.8,13.81,13.82,1200,17500,33500,26600,27600,6400,15200,900,4200,1100,3100,2200,14000,5100,12300,65900,25700,75200,3300,16000
4554.0,13.72,9456900,127755528.0,13.71,13.7,13.69,13.68,13.67,13.66,13.65,13.64,13.63,13.62,13.73,13.74,13.75,13.76,13.77,13.78,13.79,13.8,13.81,13.82,17500,33500,26600,27600,6400,15200,900,4200,1100,19800,3100,2200,14000,5100,12300,65900,25700,75200,3300,16000
4555.0,13.73,9457400,127762393.0,13.71,13.7,13.69,13.68,13.67,13.66,13.65,13.64,13.63,13.62,13.73,13.74,13.75,13.76,13.77,13.78,13.79,13.8,13.81,13.82,18000,32300,26600,27600,6400,15200,900,4200,1100,19800,3100,2200,14000,5100,12300,65900,25700,75200,3300,18000
4556.0,13.73,9457500,127763766.0,13.71,13.7,13.69,13.68,13.67,13.66,13.65,13.64,13.63,13.62,13.73,13.74,13.75,13.76,13.77,13.78,13.79,13.8,13.81,13.82,18600,32300,26600,27600,6400,15200,900,4200,1100,19800,3600,2200,14000,5100,12300,65900,25700,75200,3300,18000
4557.0,13.73,9457500,127763766.0,13.72,13.71,13.7,13.69,13.68,13.67,13.66,13.65,13.64,13.63,13.73,13.74,13.75,13.76,13.77,13.78,13.79,13.8,13.81,13.82,200,18600,32300,26600,27600,6400,15200,900,4200,1100,3600,2200,14000,5100,12300,65900,25700,75200,3300,18000
4558.0,13.73,9458000,127770631.0,13.72,13.71,13.7,13.69,13.68,13.67,13.66,13.65,13.64,13.63,13.73,13.74,13.75,13.76,13.77,13.78,13.79,13.8,13.81,13.82,200,18600,32300,26600,27600,6400,15200,900,4200,1100,3100,2200,14000,5100,12300,65900,25700,75200,3300,18000
4559.0,13.73,9461100,127813194.0,13.73,13.72,13.71,13.7,13.69,13.68,13.67,13.66,13.65,13.64,13.74,13.75,13.76,13.77,13.78,13.79,13.8,13.81,13.82,13.83,3900,200,18600,35500,24100,27600,6400,15200,900,4200,2200,14000,5100,12300,65900,25700,75200,3300,18000,13900
4560.0,13.73,9461400,127817313.0,13.73,13.72,13.71,13.7,13.69,13.68,13.67,13.66,13.65,13.64,13.74,13.75,13.76,13.77,13.78,13.79,13.8,13.81,13.82,13.83,3600,200,18600,35500,24100,27600,6400,15200,1000,4200,2200,14000,5100,12300,65900,25700,75200,3300,18000,13900
4561.0,13.74,9461600,127820061.0,13.73,13.72,13.71,13.7,13.69,13.68,13.67,13.66,13.65,13.64,13.74,13.75,13.76,13.77,13.78,13.79,13.8,13.81,13.82,13.83,3600,200,18600,35900,24100,27300,6400,15200,1000,4200,2000,14000,5100,12300,65900,25700,75200,3300,18000,13900
4562.0,13.73,9463800,127850268.0,13.73,13.72,13.71,13.7,13.69,13.68,13.67,13.66,13.65,13.64,13.74,13.75,13.76,13.77,13.78,13.79,13.8,13.81,13.82,13.83,1500,200,18600,35900,24100,27300,6400,15200,1000,4200,1900,14000,5100,12300,65900,24500,75200,3300,18000,13900
4563.0,13.74,9464000,127853016.0,13.73,13.72,13.71,13.7,13.69,13.68,13.67,13.66,13.65,13.64,13.74,13.75,13.76,13.77,13.78,13.79,13.8,13.81,13.82,13.83,4200,200,19200,26300,24100,27300,6400,15200,1000,4200,1700,14000,5100,12300,65900,24500,75200,3300,18000,13900
4564.0,13.74,9464100,127854390.0,13.73,13.72,13.71,13.7,13.69,13.68,13.67,13.66,13.65,13.64,13.74,13.75,13.76,13.77,13.78,13.79,13.8,13.81,13.82,13.83,4200,1500,19200,26300,24100,27300,6400,15200,1000,4200,1600,14000,5100,12300,65900,24500,75200,3300,18000,13900
4565.0,13.74,9464100,127854390.0,13.73,13.72,13.71,13.7,13.69,13.68,13.67,13.66,13.65,13.64,13.74,13.75,13.76,13.77,13.78,13.79,13.8,13.81,13.82,13.83,4200,1500,19200,26300,24100,27300,6400,15200,1000,4200,1600,14000,5100,12300,65900,24200,75200,3300,18000,13900
4566.0,13.73,9465600,127874985.0,13.73,13.72,13.71,13.7,13.69,13.68,13.67,13.66,13.65,13.64,13.74,13.75,13.76,13.77,13.78,13.79,13.8,13.81,13.82,13.83,2700,1500,19200,24300,24100,27300,6400,15200,1000,4200,1600,14000,5100,12300,65900,24200,75200,3300,18000,13900
4567.0,13.73,9468900,127920295.0,13.73,13.72,13.71,13.7,13.69,13.68,13.67,13.66,13.65,13.64,13.74,13.75,13.76,13.77,13.78,13.79,13.8,13.81,13.82,13.83,500,1500,19200,24300,24100,27300,6400,15200,1000,4200,1500,14000,5100,12300,65900,24200,75200,3300,18000,13900
4568.0,13.73,9468900,127920295.0,13.73,13.72,13.71,13.7,13.69,13.68,13.67,13.66,13.65,13.64,13.74,13.75,13.76,13.77,13.78,13.79,13.8,13.81,13.82,13.83,500,1500,19200,24300,24100,27300,6400,15200,1000,4200,1500,14000,5100,12300,65900,24200,75200,3300,18000,13900
4569.0,13.74,9469100,127923043.0,13.73,13.72,13.71,13.7,13.69,13.68,13.67,13.66,13.65,13.64,13.74,13.75,13.76,13.77,13.78,13.79,13.8,13.81,13.82,13.83,500,1500,19200,24300,24100,27300,6400,15200,1000,4200,2300,14000,5100,12300,65900,24200,75200,3300,18000,13900
4570.0,13.74,9469700,127931287.0,13.73,13.72,13.71,13.7,13.69,13.68,13.67,13.66,13.65,13.64,13.74,13.75,13.76,13.77,13.78,13.79,13.8,13.81,13.82,13.83,500,1500,19200,24200,24100,27300,6400,15200,1000,4200,1700,14000,5100,12300,65900,24200,75200,3300,18000,13900
4571.0,13.74,9469700,127931287.0,13.73,13.72,13.71,13.7,13.69,13.68,13.67,13.66,13.65,13.64,13.74,13.75,13.76,13.77,13.78,13.79,13.8,13.81,13.82,13.83,500,1500,19200,21100,24100,27300,6400,15200,1000,4200,1900,14200,5100,12300,63900,24200,75200,3300,18000,13900
4572.0,13.74,9469800,127932661.0,13.73,13.72,13.71,13.7,13.69,13.68,13.67,13.66,13.65,13.64,13.74,13.75,13.76,13.77,13.78,13.79,13.8,13.81,13.82,13.83,500,1500,19200,21100,20100,27300,6400,15200,1000,4200,1800,14200,5100,12300,64500,24200,75200,3300,18000,13900
4573.0,13.74,9472400,127968385.0,13.74,13.73,13.72,13.71,13.7,13.69,13.68,13.67,13.66,13.65,13.75,13.76,13.77,13.78,13.79,13.8,13.81,13.82,13.83,13.84,2600,700,1500,19200,21100,20100,27300,6400,15200,1000,14200,5100,12300,64500,24200,75200,3300,18000,13900,59300
4574.0,13.74,9475000,128004109.0,13.73,13.72,13.71,13.7,13.69,13.68,13.67,13.66,13.65,13.64,13.74,13.75,13.76,13.77,13.78,13.79,13.8,13.81,13.82,13.83,6900,1500,19200,21100,20100,27300,6400,15200,1000,4200,500,14200,5100,12300,64900,24200,75200,3300,18000,13900
4575.0,13.74,9475000,128004109.0,13.73,13.72,13.71,13.7,13.69,13.68,13.67,13.66,13.65,13.64,13.74,13.75,13.76,13.77,13.78,13.79,13.8,13.81,13.82,13.83,6900,1500,19200,21100,20100,27300,6400,15200,1000,4200,500,14200,5100,12300,64900,24200,75200,3300,18000,13900
4576.0,13.73,9482200,128102965.0,13.73,13.72,13.71,13.7,13.69,13.68,13.67,13.66,13.65,13.64,13.74,13.75,13.76,13.77,13.78,13.79,13.8,13.81,13.82,13.83,1600,2000,19200,21100,20100,27300,6400,15200,1000,4200,1800,14300,5100,12200,64900,24200,75200,3300,18000,13900
4577.0,13.73,9485400,128146917.0,13.72,13.71,13.7,13.69,13.68,13.67,13.66,13.65,13.64,13.63,13.73,13.74,13.75,13.76,13.77,13.78,13.79,13.8,13.81,13.82,5500,19200,21100,20300,27300,6400,15200,1000,4200,1100,1400,200,14300,5100,11900,64900,24200,75200,3300,18000
4578.0,13.73,9492000,128237460.0,13.71,13.7,13.69,13.68,13.67,13.66,13.65,13.64,13.63,13.62,13.73,13.74,13.75,13.76,13.77,13.78,13.79,13.8,13.81,13.82,18200,21100,20300,27300,6400,15200,1000,4200,1100,19800,5200,300,15300,5100,11900,64900,24200,75200,2800,18000
4579.0,13.73,9492000,128237460.0,13.71,13.7,13.69,13.68,13.67,13.66,13.65,13.64,13.63,13.62,13.73,13.74,13.75,13.76,13.77,13.78,13.79,13.8,13.81,13.82,18800,21100,20300,27300,6400,15200,1000,4200,1100,19800,5800,300,15300,5100,11900,64900,24200,75200,2800,18000
4580.0,13.71,9493500,128258035.0,13.71,13.7,13.69,13.68,13.67,13.66,13.65,13.64,13.63,13.62,13.73,13.74,13.75,13.76,13.77,13.78,13.79,13.8,13.81,13.82,18200,23100,20300,27300,6200,15200,1000,4200,1100,19800,9500,300,15300,5100,11900,64900,24200,75700,2800,18000
4581.0,13.71,9494400,128270376.0,13.71,13.7,13.69,13.68,13.67,13.66,13.65,13.64,13.63,13.62,13.73,13.74,13.75,13.76,13.77,13.78,13.79,13.8,13.81,13.82,17400,23100,20300,27300,6200,15200,1000,4200,1100,19800,9900,300,15300,5100,11900,64900,24200,75700,2800,18000
4582.0,13.72,9498600,128328011.0,13.71,13.7,13.69,13.68,13.67,13.66,13.65,13.64,13.63,13.62,13.72,13.73,13.74,13.75,13.76,13.77,13.78,13.79,13.8,13.81,18300,23100,20300,27300,6200,15200,1000,4200,1100,19800,2100,9200,300,14200,5100,11900,64900,24200,75700,2800
4583.0,13.73,9501100,128362315.0,13.71,13.7,13.69,13.68,13.67,13.66,13.65,13.64,13.63,13.62,13.73,13.74,13.75,13.76,13.77,13.78,13.79,13.8,13.81,13.82,18300,21100,20300,27300,6200,15200,1000,4200,1100,19800,8800,300,14200,5100,11900,64900,24200,75700,2800,18000
4584.0,13.71,9501800,128371912.0,13.71,13.7,13.69,13.68,13.67,13.66,13.65,13.64,13.63,13.62,13.73,13.74,13.75,13.76,13.77,13.78,13.79,13.8,13.81,13.82,18600,21100,20200,27300,6200,15200,1000,4200,1100,19800,9800,300,14300,5100,11900,64900,24200,75700,2800,18000
4585.0,13.71,9501800,128371912.0,13.71,13.7,13.69,13.68,13.67,13.66,13.65,13.64,13.63,13.62,13.73,13.74,13.75,13.76,13.77,13.78,13.79,13.8,13.81,13.82,18600,21100,20200,27300,6200,15200,1000,4200,1100,19800,10000,4300,14300,5100,11900,64300,24200,75700,2800,18000
4586.0,13.73,9502900,128387015.0,13.71,13.7,13.69,13.68,13.67,13.66,13.65,13.64,13.63,13.62,13.73,13.74,13.75,13.76,13.77,13.78,13.79,13.8,13.81,13.82,19600,21100,20200,27300,6200,15200,1000,4200,1100,19800,9900,4300,14300,5100,11900,64300,24200,75700,2800,18000
4587.0,13.73,9502900,128387015.0,13.71,13.7,13.69,13.68,13.67,13.66,13.65,13.64,13.63,13.62,13.73,13.74,13.75,13.76,13.77,13.78,13.79,13.8,13.81,13.82,19600,21100,20200,27300,6200,15200,1000,4200,1100,19800,14700,4300,14300,5100,11900,64300,24200,75700,2800,18000
4588.0,13.71,9503600,128396612.0,13.71,13.7,13.69,13.68,13.67,13.66,13.65,13.64,13.63,13.62,13.72,13.73,13.74,13.75,13.76,13.77,13.78,13.79,13.8,13.81,19900,21100,20200,27100,6200,15200,1000,4200,1100,19800,500,15700,4300,14300,5100,11900,64300,24200,75700,2800
4589.0,13.71,9504900,128414445.0,13.71,13.7,13.69,13.68,13.67,13.66,13.65,13.64,13.63,13.62,13.73,13.74,13.75,13.76,13.77,13.78,13.79,13.8,13.81,13.82,19600,21100,20200,27100,6200,15200,1000,4200,1100,19800,15700,4300,14300,5100,11900,64300,24200,75700,2800,18000
4590.0,13.71,9504900,128414445.0,13.72,13.71,13.7,13.69,13.68,13.67,13.66,13.65,13.64,13.63,13.73,13.74,13.75,13.76,13.77,13.78,13.79,13.8,13.81,13.82,6200,20600,21100,20200,27100,6200,15200,1000,4200,1100,16700,5300,14300,5100,11900,64300,24200,75700,2800,18000
4591.0,13.73,9505600,128424056.0,13.72,13.71,13.7,13.69,13.68,13.67,13.66,13.65,13.64,13.63,13.73,13.74,13.75,13.76,13.77,13.78,13.79,13.8,13.81,13.82,6200,20600,21100,20200,27100,6200,15200,1000,4200,1100,16000,5300,14300,5100,11900,64300,24200,75700,2800,18000
4592.0,13.72,9511800,128509120.0,13.72,13.71,13.7,13.69,13.68,13.67,13.66,13.65,13.64,13.63,13.73,13.74,13.75,13.76,13.77,13.78,13.79,13.8,13.81,13.82,100,20600,21100,20200,27100,6200,15200,1000,4200,1100,19400,5300,14300,5100,11900,64300,24200,75700,2800,18000
4593.0,13.72,9512600,128520096.0,13.71,13.7,13.69,13.68,13.67,13.66,13.65,13.64,13.63,13.62,13.72,13.73,13.74,13.75,13.76,13.77,13.78,13.79,13.8,13.81,20600,21100,20200,27100,6200,15200,1000,4200,1100,19600,3200,19400,5300,14300,5100,11900,64300,24200,75700,2800
4594.0,13.72,9515400,128558512.0,13.71,13.7,13.69,13.68,13.67,13.66,13.65,13.64,13.63,13.62,13.72,13.73,13.74,13.75,13.76,13.77,13.78,13.79,13.8,13.81,20600,21100,20200,27100,6200,15200,1000,4200,1100,19600,900,19400,5300,14300,5100,11900,64300,24200,75700,2800
4595.0,13.72,9516500,128573597.0,13.71,13.7,13.69,13.68,13.67,13.66,13.65,13.64,13.63,13.62,13.72,13.73,13.74,13.75,13.76,13.77,13.78,13.79,13.8,13.81,19900,21100,20200,26200,6200,15200,1000,4200,1100,19600,3000,19400,5300,14300,5100,11900,64300,24200,75700,2800
4596.0,13.72,9518500,128601037.0,13.71,13.7,13.69,13.68,13.67,13.66,13.65,13.64,13.63,13.62,13.72,13.73,13.74,13.75,13.76,13.77,13.78,13.79,13.8,13.81,19900,21100,20200,26200,6200,15200,1000,4200,1100,19600,1000,19400,5300,14300,5100,11900,64300,24200,75700,2800
4597.0,13.72,9519400,128613385.0,13.71,13.7,13.69,13.68,13.67,13.66,13.65,13.64,13.63,13.62,13.72,13.73,13.74,13.75,13.76,13.77,13.78,13.79,13.8,13.81,19900,21100,20200,26200,6200,15200,1000,4200,1100,19600,3600,19400,5300,14300,5100,11900,64300,24200,76200,2800
4598.0,13.72,9519400,128613385.0,13.71,13.7,13.69,13.68,13.67,13.66,13.65,13.64,13.63,13.62,13.72,13.73,13.74,13.75,13.76,13.77,13.78,13.79,13.8,13.81,19900,21100,20200,26200,1200,15200,1000,4200,1100,19600,3800,19400,5300,14300,5100,11900,64300,24200,75200,2800
4599.0,13.72,9519400,128613385.0,13.71,13.7,13.69,13.68,13.67,13.66,13.65,13.64,13.63,13.62,13.72,13.73,13.74,13.75,13.76,13.77,13.78,13.79,13.8,13.81,19900,21100,20200,26200,1200,15200,1000,4200,1100,19600,3800,19400,8800,14300,5100,11900,64300,24200,77200,2800
4600.0,13.71,9534300,128817667.0,13.71,13.7,13.69,13.68,13.67,13.66,13.65,13.64,13.63,13.62,13.72,13.73,13.74,13.75,13.76,13.77,13.78,13.79,13.8,13.81,5300,21100,20200,26200,1200,15200,2000,4200,1100,19600,8800,19400,8800,14300,5100,11900,64300,24200,77200,2800
4601.0,13.71,9534300,128817667.0,13.71,13.7,13.69,13.68,13.67,13.66,13.65,13.64,13.63,13.62,13.72,13.73,13.74,13.75,13.76,13.77,13.78,13.79,13.8,13.81,5300,21100,20200,26200,1200,15200,2000,4200,1100,19600,9500,19400,9400,14300,5100,11900,64300,24200,77200,2800
4602.0,13.71,9534800,128824522.0,13.71,13.7,13.69,13.68,13.67,13.66,13.65,13.64,13.63,13.62,13.72,13.73,13.74,13.75,13.76,13.77,13.78,13.79,13.8,13.81,4800,21600,20200,26200,1200,15200,2000,4200,1100,19600,11400,19400,9400,14300,5100,11900,64300,24200,77200,2800
4603.0,13.71,9536800,128851960.0,13.71,13.7,13.69,13.68,13.67,13.66,13.65,13.64,13.63,13.62,13.72,13.73,13.74,13.75,13.76,13.77,13.78,13.79,13.8,13.81,4800,21600,20200,26200,1200,15200,2000,4200,1100,19600,9900,17400,9400,14300,5100,11900,64300,24200,77200,2800
4604.0,13.72,9537800,128865680.0,13.71,13.7,13.69,13.68,13.67,13.66,13.65,13.64,13.63,13.62,13.72,13.73,13.74,13.75,13.76,13.77,13.78,13.79,13.8,13.81,4800,21600,20200,26200,1200,15200,2000,4200,1100,19600,8900,17400,9400,14300,5100,11900,63800,24200,77200,2800
4605.0,13.72,9537800,128865680.0,13.71,13.7,13.69,13.68,13.67,13.66,13.65,13.64,13.63,13.62,13.72,13.73,13.74,13.75,13.76,13.77,13.78,13.79,13.8,13.81,4800,21600,20200,26200,1200,15200,2000,4200,1100,19600,8900,17900,9400,14300,5100,11900,63800,24200,77200,2800
4606.0,13.7,9559500,129163032.0,13.7,13.69,13.68,13.67,13.66,13.65,13.64,13.63,13.62,13.61,13.72,13.73,13.74,13.75,13.76,13.77,13.78,13.79,13.8,13.81,5400,20200,26200,1200,15200,2000,4200,1100,19600,7200,8200,17900,9400,14300,5100,11900,63800,24200,77200,2800
4607.0,13.7,9559500,129163032.0,13.7,13.69,13.68,13.67,13.66,13.65,13.64,13.63,13.62,13.61,13.71,13.72,13.73,13.74,13.75,13.76,13.77,13.78,13.79,13.8,5400,20200,26200,1200,15200,2000,4200,1100,19600,7200,400,8200,17500,9400,14300,5100,11900,63800,24200,77200
4608.0,13.7,9562700,129206872.0,13.7,13.69,13.68,13.67,13.66,13.65,13.64,13.63,13.62,13.61,13.71,13.72,13.73,13.74,13.75,13.76,13.77,13.78,13.79,13.8,2200,20200,26200,1200,15200,2000,4200,1100,19600,7200,400,8200,18800,9400,14300,5400,11900,63300,24200,77200
4609.0,13.72,9563400,129216468.0,13.7,13.69,13.68,13.67,13.66,13.65,13.64,13.63,13.62,13.61,13.72,13.73,13.74,13.75,13.76,13.77,13.78,13.79,13.8,13.81,2000,20200,26200,1200,15200,2000,4200,1100,19600,7200,8100,18800,9400,14300,5400,11900,63300,24200,77200,2800
4610.0,13.72,9563400,129216468.0,13.71,13.7,13.69,13.68,13.67,13.66,13.65,13.64,13.63,13.62,13.72,13.73,13.74,13.75,13.76,13.77,13.78,13.79,13.8,13.81,800,2800,20200,26200,1200,15200,2000,4200,1100,19600,9000,18800,8400,14300,5400,11900,64300,24200,77200,3800
4611.0,13.7,9570100,129308280.0,13.7,13.69,13.68,13.67,13.66,13.65,13.64,13.63,13.62,13.61,13.71,13.72,13.73,13.74,13.75,13.76,13.77,13.78,13.79,13.8,3300,20200,26200,2600,15200,2000,4200,1100,19600,7200,300,8300,18800,8400,14300,5400,11900,64300,24200,77200
4612.0,13.7,9570500,129313760.0,13.7,13.69,13.68,13.67,13.66,13.65,13.64,13.63,13.62,13.61,13.71,13.72,13.73,13.74,13.75,13.76,13.77,13.78,13.79,13.8,2900,20200,26200,2600,15200,2000,4200,1100,19600,7200,500,8300,18800,8400,14300,5400,11900,64300,24200,77200
4613.0,13.71,9571000,129320615.0,13.71,13.7,13.69,13.68,13.67,13.66,13.65,13.64,13.63,13.62,13.72,13.73,13.74,13.75,13.76,13.77,13.78,13.79,13.8,13.81,900,2900,20200,26200,2600,15200,2000,4200,1100,19600,8300,18800,8400,14300,5400,11900,64300,24200,77200,3800
4614.0,13.71,9572300,129338445.0,13.71,13.7,13.69,13.68,13.67,13.66,13.65,13.64,13.63,13.62,13.72,13.73,13.74,13.75,13.76,13.77,13.78,13.79,13.8,13.81,300,2900,20200,26200,2600,15200,2000,4200,1100,19600,7600,18800,8400,14300,5400,11900,64300,24200,77200,3800
4615.0,13.71,9572600,129342558.0,13.7,13.69,13.68,13.67,13.66,13.65,13.64,13.63,13.62,13.61,13.72,13.73,13.74,13.75,13.76,13.77,13.78,13.79,13.8,13.81,2900,20200,26300,2600,15200,2000,4200,1100,19600,7200,7600,18800,8400,13300,5400,11900,64300,24200,77200,3800
4616.0,13.71,9576700,129398767.0,13.71,13.7,13.69,13.68,13.67,13.66,13.65,13.64,13.63,13.62,13.72,13.73,13.74,13.75,13.76,13.77,13.78,13.79,13.8,13.81,100,3300,28300,26300,2600,15200,2000,4200,1100,19600,8200,18800,8400,13300,5400,11900,64300,24200,77200,3800
4617.0,13.72,9577400,129408371.0,13.71,13.7,13.69,13.68,13.67,13.66,13.65,13.64,13.63,13.62,13.72,13.73,13.74,13.75,13.76,13.77,13.78,13.79,13.8,13.81,100,3300,28800,26300,2600,15200,2000,4200,1100,19600,7500,18800,8400,13300,5400,11900,64400,24200,77200,3800
4618.0,13.71,9578900,129428950.0,13.7,13.69,13.68,13.67,13.66,13.65,13.64,13.63,13.62,13.61,13.71,13.72,13.73,13.74,13.75,13.76,13.77,13.78,13.79,13.8,3300,28800,26300,2600,15200,2000,4200,1100,19600,7200,900,6100,20600,8400,13300,5400,11900,64400,24200,77200
4619.0,13.71,9578900,129428950.0,13.7,13.69,13.68,13.67,13.66,13.65,13.64,13.63,13.62,13.61,13.71,13.72,13.73,13.74,13.75,13.76,13.77,13.78,13.79,13.8,3300,28800,26300,2600,15500,2000,4200,1100,19600,7200,900,6100,20600,8400,13300,5400,11900,64400,24200,77200
4620.0,13.71,9578900,129428950.0,13.7,13.69,13.68,13.67,13.66,13.65,13.64,13.63,13.62,13.61,13.71,13.72,13.73,13.74,13.75,13.76,13.77,13.78,13.79,13.8,3300,28800,26300,2600,15500,2000,4200,1100,19600,7200,900,6100,20600,8400,13300,5500,11900,64400,24200,77200
4621.0,13.71,9578900,129428950.0,13.7,13.69,13.68,13.67,13.66,13.65,13.64,13.63,13.62,13.61,13.71,13.72,13.73,13.74,13.75,13.76,13.77,13.78,13.79,13.8,3500,28800,26300,2600,15500,2000,4200,1100,19600,7200,900,6100,20600,8400,13300,5500,11900,64400,24200,77200
4622.0,13.72,9580900,129456381.0,13.7,13.69,13.68,13.67,13.66,13.65,13.64,13.63,13.62,13.61,13.72,13.73,13.74,13.75,13.76,13.77,13.78,13.79,13.8,13.81,4500,28800,26300,2600,15500,2000,4200,1100,19600,7200,6400,20600,8400,13300,5500,11900,64400,24200,77200,3800
4623.0,13.7,9581300,129461861.0,13.7,13.69,13.68,13.67,13.66,13.65,13.64,13.63,13.62,13.61,13.72,13.73,13.74,13.75,13.76,13.77,13.78,13.79,13.8,13.81,5000,28800,26300,3000,15500,2000,4200,1100,19600,7200,7300,18600,8400,13300,5500,11900,64400,24200,77200,3800
4624.0,13.7,9583000,129485159.0,13.7,13.69,13.68,13.67,13.66,13.65,13.64,13.63,13.62,13.61,13.72,13.73,13.74,13.75,13.76,13.77,13.78,13.79,13.8,13.81,4300,28800,26300,3000,15500,2000,4200,1100,19600,7200,7500,18600,8400,13300,5500,11900,64400,24200,77200,3800
4625.0,13.7,9583000,129485159.0,13.71,13.7,13.69,13.68,13.67,13.66,13.65,13.64,13.63,13.62,13.72,13.73,13.74,13.75,13.76,13.77,13.78,13.79,13.8,13.81,2000,5200,28800,26300,3000,15500,2000,4200,1100,19600,8400,22200,8400,13300,5500,11900,64400,24200,77200,3800
4626.0,13.71,9584900,129511208.0,13.71,13.7,13.69,13.68,13.67,13.66,13.65,13.64,13.63,13.62,13.72,13.73,13.74,13.75,13.76,13.77,13.78,13.79,13.8,13.81,100,5200,28800,24500,3000,15500,2000,4200,1100,19600,8400,22200,8400,16700,5500,11900,64400,24200,77200,3800
4627.0,13.7,9585400,129518059.0,13.7,13.69,13.68,13.67,13.66,13.65,13.64,13.63,13.62,13.61,13.72,13.73,13.74,13.75,13.76,13.77,13.78,13.79,13.8,13.81,4800,28800,24500,3000,15500,2000,4200,1100,19600,7200,8400,19200,8400,16700,5500,11900,64400,24200,77200,3800
4628.0,13.72,9586100,129527663.0,13.7,13.69,13.68,13.67,13.66,13.65,13.64,13.63,13.62,13.61,13.71,13.72,13.73,13.74,13.75,13.76,13.77,13.78,13.79,13.8,6800,28800,24500,3000,15500,2000,4200,1100,19600,7200,100,7700,17900,8400,16900,5500,11900,64400,24200,77200
4629.0,13.7,9589300,129571503.0,13.7,13.69,13.68,13.67,13.66,13.65,13.64,13.63,13.62,13.61,13.71,13.72,13.73,13.74,13.75,13.76,13.77,13.78,13.79,13.8,3600,28800,24500,3000,15500,2000,4200,1100,19600,7200,100,7700,17900,8400,13500,5500,11900,64400,24200,77200
4630.0,13.7,9589600,129575613.0,13.7,13.69,13.68,13.67,13.66,13.65,13.64,13.63,13.62,13.61,13.71,13.72,13.73,13.74,13.75,13.76,13.77,13.78,13.79,13.8,3300,28800,24500,3000,15500,2000,4200,1100,19600,7200,100,11600,17900,8400,13500,5500,11900,64400,24200,77200
4631.0,13.7,9589600,129575613.0,13.7,13.69,13.68,13.67,13.66,13.65,13.64,13.63,13.62,13.61,13.71,13.72,13.73,13.74,13.75,13.76,13.77,13.78,13.79,13.8,3300,28800,24500,3000,15500,2000,4200,1100,19600,7200,100,11600,17900,8400,13500,5500,11900,64400,24200,77300
4632.0,13.7,9589600,129575613.0,13.7,13.69,13.68,13.67,13.66,13.65,13.64,13.63,13.62,13.61,13.71,13.72,13.73,13.74,13.75,13.76,13.77,13.78,13.79,13.8,3300,29400,24500,3000,15500,2000,4200,1100,19600,7200,200,11600,17900,8400,13500,5500,11900,64400,24200,77300
4633.0,13.7,9589600,129575613.0,13.7,13.69,13.68,13.67,13.66,13.65,13.64,13.63,13.62,13.61,13.71,13.72,13.73,13.74,13.75,13.76,13.77,13.78,13.79,13.8,3300,29400,24500,3000,15500,2000,4200,1100,19600,7200,200,11600,17900,8400,13500,5500,11900,64400,24200,77300
4634.0,13.7,9591100,129596163.0,13.7,13.69,13.68,13.67,13.66,13.65,13.64,13.63,13.62,13.61,13.71,13.72,13.73,13.74,13.75,13.76,13.77,13.78,13.79,13.8,2000,29400,24400,3000,15500,2000,4200,1100,19600,7200,200,11600,17900,8400,13500,5500,11900,64400,24200,77300
4635.0,13.7,9591100,129596163.0,13.7,13.69,13.68,13.67,13.66,13.65,13.64,13.63,13.62,13.61,13.71,13.72,13.73,13.74,13.75,13.76,13.77,13.78,13.79,13.8,4000,29400,25300,3300,15500,2000,4200,1100,19600,7200,200,11600,17900,8400,13500,5500,11900,64400,24200,77300
4636.0,13.69,9596100,129664653.0,13.69,13.68,13.67,13.66,13.65,13.64,13.63,13.62,13.61,13.6,13.71,13.72,13.73,13.74,13.75,13.76,13.77,13.78,13.79,13.8,28400,25300,3300,15500,2000,4200,1100,19600,7200,20300,200,11600,17900,8400,13500,5500,11900,64400,23900,77300
4637.0,13.69,9596800,129674236.0,13.69,13.68,13.67,13.66,13.65,13.64,13.63,13.62,13.61,13.6,13.7,13.71,13.72,13.73,13.74,13.75,13.76,13.77,13.78,13.79,28600,25300,3300,15500,2000,4200,1100,19600,7200,20300,200,1100,12300,17900,8400,13500,5500,11900,64400,23900
4638.0,13.69,9596800,129674236.0,13.69,13.68,13.67,13.66,13.65,13.64,13.63,13.62,13.61,13.6,13.7,13.71,13.72,13.73,13.74,13.75,13.76,13.77,13.78,13.79,28600,25800,3300,15500,2000,4200,1100,19600,7200,20300,200,1100,12300,17900,8400,13500,8800,11900,64400,23900
4639.0,13.69,9596800,129674236.0,13.69,13.68,13.67,13.66,13.65,13.64,13.63,13.62,13.61,13.6,13.7,13.71,13.72,13.73,13.74,13.75,13.76,13.77,13.78,13.79,28600,25800,3300,15500,2000,4200,1100,19600,7200,20300,3300,1100,12300,17900,8400,13500,8800,11900,64400,23900
4640.0,13.7,9597400,129682456.0,13.69,13.68,13.67,13.66,13.65,13.64,13.63,13.62,13.61,13.6,13.7,13.71,13.72,13.73,13.74,13.75,13.76,13.77,13.78,13.79,28600,25800,3300,15500,2000,4200,1100,19600,7200,20300,2700,1100,12300,17900,8400,13500,8800,11900,64400,23900
4641.0,13.7,9597400,129682456.0,13.69,13.68,13.67,13.66,13.65,13.64,13.63,13.62,13.61,13.6,13.7,13.71,13.72,13.73,13.74,13.75,13.76,13.77,13.78,13.79,28600,27000,3300,15500,2000,4200,1100,19600,7200,20300,2700,1100,12300,17900,8400,13500,8800,11900,64400,23900
4642.0,13.7,9597600,129685196.0,13.69,13.68,13.67,13.66,13.65,13.64,13.63,13.62,13.61,13.6,13.7,13.71,13.72,13.73,13.74,13.75,13.76,13.77,13.78,13.79,28600,27000,3300,15500,2000,4200,1100,19600,7200,20300,2500,1100,12300,17900,8400,13500,8800,11900,64400,23900
4643.0,13.7,9597600,129685196.0,13.69,13.68,13.67,13.66,13.65,13.64,13.63,13.62,13.61,13.6,13.7,13.71,13.72,13.73,13.74,13.75,13.76,13.77,13.78,13.79,28600,27000,3300,15500,2000,4200,1100,19600,7200,20300,2500,4000,12300,17900,8400,13500,8800,11900,64400,23900
4644.0,13.7,9597600,129685196.0,13.69,13.68,13.67,13.66,13.65,13.64,13.63,13.62,13.61,13.6,13.7,13.71,13.72,13.73,13.74,13.75,13.76,13.77,13.78,13.79,28600,27000,3300,15500,2000,4200,1100,19600,7200,20300,2500,4000,12300,17900,8400,13500,8800,11900,64400,23900
4645.0,13.7,9599200,129707109.0,13.69,13.68,13.67,13.66,13.65,13.64,13.63,13.62,13.61,13.6,13.7,13.71,13.72,13.73,13.74,13.75,13.76,13.77,13.78,13.79,27900,27000,3300,15500,2000,4200,1100,19600,7200,20300,1600,4000,12300,17900,4400,13500,8800,11900,64400,23900
4646.0,13.7,9599200,129707109.0,13.69,13.68,13.67,13.66,13.65,13.64,13.63,13.62,13.61,13.6,13.7,13.71,13.72,13.73,13.74,13.75,13.76,13.77,13.78,13.79,29800,27000,3300,15500,2000,4200,1100,19600,7200,20300,2900,7000,12300,17900,4400,13900,8800,11900,64400,23900
4647.0,13.69,9600500,129724906.0,13.69,13.68,13.67,13.66,13.65,13.64,13.63,13.62,13.61,13.6,13.7,13.71,13.72,13.73,13.74,13.75,13.76,13.77,13.78,13.79,28500,27000,3300,15500,2000,4200,1100,19600,7200,20300,2900,7000,12300,17900,4400,13900,8800,11900,64400,23900
4648.0,13.69,9600500,129724906.0,13.69,13.68,13.67,13.66,13.65,13.64,13.63,13.62,13.61,13.6,13.7,13.71,13.72,13.73,13.74,13.75,13.76,13.77,13.78,13.79,28500,27000,3400,15500,2000,4200,10700,19600,7200,20300,2900,7000,12300,17900,4400,13900,8800,11900,64400,23900
4649.0,13.71,9604200,129775604.0,13.7,13.69,13.68,13.67,13.66,13.65,13.64,13.63,13.62,13.61,13.71,13.72,13.73,13.74,13.75,13.76,13.77,13.78,13.79,13.8,100,28500,27000,4100,15500,2000,4200,10700,19600,7200,6200,12300,17900,4400,13900,8800,11900,64400,23900,106000
4650.0,13.71,9604800,129783830.0,13.7,13.69,13.68,13.67,13.66,13.65,13.64,13.63,13.62,13.61,13.71,13.72,13.73,13.74,13.75,13.76,13.77,13.78,13.79,13.8,100,28500,27000,4100,15500,2000,4200,10700,19600,7200,5600,12300,17900,4400,13900,8800,11900,64400,23900,106000
4651.0,13.7,9604900,129785200.0,13.69,13.68,13.67,13.66,13.65,13.64,13.63,13.62,13.61,13.6,13.7,13.71,13.72,13.73,13.74,13.75,13.76,13.77,13.78,13.79,28500,27000,4100,15500,2000,4200,10700,19600,7200,20300,400,5600,12300,17900,4400,13900,8800,11900,64400,23900
4652.0,13.69,9605600,129794783.0,13.69,13.68,13.67,13.66,13.65,13.64,13.63,13.62,13.61,13.6,13.7,13.71,13.72,13.73,13.74,13.75,13.76,13.77,13.78,13.79,27800,27000,4100,15500,3000,4200,10700,19600,7200,20300,700,5600,12300,17900,4400,13900,8800,11900,64400,25000
4653.0,13.69,9605600,129794783.0,13.69,13.68,13.67,13.66,13.65,13.64,13.63,13.62,13.61,13.6,13.7,13.71,13.72,13.73,13.74,13.75,13.76,13.77,13.78,13.79,27800,27000,4100,15500,3000,4200,10700,19600,7200,20300,700,6400,12300,17900,4400,13900,8800,11900,64400,25000
4654.0,13.69,9605600,129794783.0,13.69,13.68,13.67,13.66,13.65,13.64,13.63,13.62,13.61,13.6,13.7,13.71,13.72,13.73,13.74,13.75,13.76,13.77,13.78,13.79,27800,27000,4100,15500,3000,4200,10700,19600,7200,20300,700,6400,12300,17900,4400,13900,8800,11900,64400,25000
4655.0,13.7,9607300,129818063.0,13.7,13.69,13.68,13.67,13.66,13.65,13.64,13.63,13.62,13.61,13.71,13.72,13.73,13.74,13.75,13.76,13.77,13.78,13.79,13.8,300,26800,28000,4100,15500,3000,4200,10700,19600,7200,6400,12300,17900,4400,13900,8800,11900,64400,25000,106000
4656.0,13.69,9609900,129853672.0,13.69,13.68,13.67,13.66,13.65,13.64,13.63,13.62,13.61,13.6,13.71,13.72,13.73,13.74,13.75,13.76,13.77,13.78,13.79,13.8,25100,28000,4100,15500,3000,4200,10700,19600,7200,20300,5800,12300,17900,4400,13900,8800,11900,64400,25000,106200
4657.0,13.69,9609900,129853672.0,13.7,13.69,13.68,13.67,13.66,13.65,13.64,13.63,13.62,13.61,13.71,13.72,13.73,13.74,13.75,13.76,13.77,13.78,13.79,13.8,20000,26400,28000,4100,15500,3000,4200,10700,19600,7200,7100,12300,17900,4400,13900,8800,11900,64400,25000,106200
4658.0,13.69,9609900,129853672.0,13.7,13.69,13.68,13.67,13.66,13.65,13.64,13.63,13.62,13.61,13.71,13.72,13.73,13.74,13.75,13.76,13.77,13.78,13.79,13.8,22400,26400,28100,4100,15500,3000,4200,10700,19600,7200,14300,12300,17900,4400,13900,8800,11900,64400,25000,106200
4659.0,13.71,9611300,129872859.0,13.7,13.69,13.68,13.67,13.66,13.65,13.64,13.63,13.62,13.61,13.71,13.72,13.73,13.74,13.75,13.76,13.77,13.78,13.79,13.8,21700,26400,28100,4100,15500,3000,4200,10700,19600,7200,13600,12300,17900,4400,13900,8800,11900,64400,25000,106200
4660.0,13.71,9613000,129896166.0,13.7,13.69,13.68,13.67,13.66,13.65,13.64,13.63,13.62,13.61,13.71,13.72,13.73,13.74,13.75,13.76,13.77,13.78,13.79,13.8,21700,26400,28100,4100,15500,3000,4200,10700,19600,7200,11900,12300,17900,4400,13900,8800,11900,64400,25000,106200
4661.0,13.71,9613000,129896166.0,13.7,13.69,13.68,13.67,13.66,13.65,13.64,13.63,13.62,13.61,13.71,13.72,13.73,13.74,13.75,13.76,13.77,13.78,13.79,13.8,21700,26400,29800,4100,15500,3000,4200,10700,19600,7200,11900,12300,17900,4400,13900,8500,11900,64400,25000,106200
4662.0,13.71,9614200,129912618.0,13.7,13.69,13.68,13.67,13.66,13.65,13.64,13.63,13.62,13.61,13.71,13.72,13.73,13.74,13.75,13.76,13.77,13.78,13.79,13.8,21700,26400,29800,4100,15500,3000,4200,10700,19600,7200,10700,12300,17900,4400,13900,8500,11900,64400,26000,106200
4663.0,13.7,9616600,129945512.0,13.7,13.69,13.68,13.67,13.66,13.65,13.64,13.63,13.62,13.61,13.71,13.72,13.73,13.74,13.75,13.76,13.77,13.78,13.79,13.8,20700,26500,29800,4100,15500,3000,4200,10700,19600,7200,9300,12300,17900,4400,13900,8500,11900,64400,26000,106200
4664.0,13.7,9616600,129945512.0,13.7,13.69,13.68,13.67,13.66,13.65,13.64,13.63,13.62,13.61,13.71,13.72,13.73,13.74,13.75,13.76,13.77,13.78,13.79,13.8,20700,26500,29800,4100,15500,3000,4200,10700,19600,7200,10900,12300,17900,4400,15200,9000,11900,64400,26000,106200
4665.0,13.71,9618100,129966077.0,13.7,13.69,13.68,13.67,13.66,13.65,13.64,13.63,13.62,13.61,13.71,13.72,13.73,13.74,13.75,13.76,13.77,13.78,13.79,13.8,20700,26500,29800,4100,15500,3000,4200,10700,19600,7200,9400,12300,17900,4400,15200,9000,11900,64400,26300,106200
4666.0,13.7,9618800,129975667.0,13.7,13.69,13.68,13.67,13.66,13.65,13.64,13.63,13.62,13.61,13.71,13.72,13.73,13.74,13.75,13.76,13.77,13.78,13.79,13.8,20000,26500,29800,4100,15500,3000,4200,10700,19600,7200,9400,12300,17900,4400,15200,9000,11900,64400,26300,106200
4667.0,13.7,9640100,130267479.0,13.69,13.68,13.67,13.66,13.65,13.64,13.63,13.62,13.61,13.6,13.7,13.71,13.72,13.73,13.74,13.75,13.76,13.77,13.78,13.79,26500,29800,4100,15500,3000,4200,1100,19600,7200,20400,200,12200,12300,17900,4400,15200,9000,11900,64400,26300
4668.0,13.7,9640100,130267479.0,13.69,13.68,13.67,13.66,13.65,13.64,13.63,13.62,13.61,13.6,13.7,13.71,13.72,13.73,13.74,13.75,13.76,13.77,13.78,13.79,26500,29800,4100,15500,3000,4200,1100,19600,7200,20400,200,12200,12300,17900,4400,15200,9000,11900,64400,26300
4669.0,13.7,9640100,130267479.0,13.69,13.68,13.67,13.66,13.65,13.64,13.63,13.62,13.61,13.6,13.7,13.71,13.72,13.73,13.74,13.75,13.76,13.77,13.78,13.79,26500,29800,4100,15500,3000,4200,1100,19600,7200,20400,200,12200,12300,17900,4400,15200,9000,11900,64400,26800
4670.0,13.69,9642400,130298966.0,13.69,13.68,13.67,13.66,13.65,13.64,13.63,13.62,13.61,13.6,13.7,13.71,13.72,13.73,13.74,13.75,13.76,13.77,13.78,13.79,24200,29800,4100,15500,3000,4200,1100,19600,7200,20400,500,12200,12300,17900,4400,15200,9000,11900,64400,26800
4671.0,13.7,9642900,130305816.0,13.7,13.69,13.68,13.67,13.66,13.65,13.64,13.63,13.62,13.61,13.71,13.72,13.73,13.74,13.75,13.76,13.77,13.78,13.79,13.8,1100,24700,31300,4100,15500,3000,4200,1100,19600,7200,14200,12300,17900,4400,15200,9000,11900,64400,26800,106200
4672.0,13.71,9644400,130326381.0,13.7,13.69,13.68,13.67,13.66,13.65,13.64,13.63,13.62,13.61,13.71,13.72,13.73,13.74,13.75,13.76,13.77,13.78,13.79,13.8,1100,25200,31300,4100,15500,3000,4200,1100,19600,7200,12700,12300,17900,4400,15200,9000,11900,64400,26800,106200
4673.0,13.7,9645500,130341451.0,13.69,13.68,13.67,13.66,13.65,13.64,13.63,13.62,13.61,13.6,13.7,13.71,13.72,13.73,13.74,13.75,13.76,13.77,13.78,13.79,25200,31300,4100,15500,3000,4200,1100,19600,7200,20400,1400,12700,12300,17900,4400,15200,9000,11900,64400,27300
4674.0,13.7,9646500,130355144.0,13.69,13.68,13.67,13.66,13.65,13.64,13.63,13.62,13.61,13.6,13.7,13.71,13.72,13.73,13.74,13.75,13.76,13.77,13.78,13.79,24500,31300,4100,15500,3000,4200,1100,19600,7200,20400,2800,12700,12300,17900,4400,15200,9000,11900,64400,27300
4675.0,13.7,9646500,130355144.0,13.69,13.68,13.67,13.66,13.65,13.64,13.63,13.62,13.61,13.6,13.7,13.71,13.72,13.73,13.74,13.75,13.76,13.77,13.78,13.79,24500,31300,4100,15500,3000,4200,1100,19600,7200,20400,2800,13700,12300,17900,4400,15200,9000,11900,64400,27300
4676.0,13.7,9651200,130419505.0,13.69,13.68,13.67,13.66,13.65,13.64,13.63,13.62,13.61,13.6,13.7,13.71,13.72,13.73,13.74,13.75,13.76,13.77,13.78,13.79,21600,31300,4100,15500,3000,4200,1100,19600,7200,20400,9500,13700,12300,17900,4400,15200,9000,11900,64400,27300
4677.0,13.69,9652100,130431833.0,13.69,13.68,13.67,13.66,13.65,13.64,13.63,13.62,13.61,13.6,13.7,13.71,13.72,13.73,13.74,13.75,13.76,13.77,13.78,13.79,21400,32300,4100,15500,3000,4200,1100,19600,7200,20400,8800,13700,12300,17900,4400,15200,9000,11900,64400,27300
4678.0,13.69,9652100,130431833.0,13.69,13.68,13.67,13.66,13.65,13.64,13.63,13.62,13.61,13.6,13.7,13.71,13.72,13.73,13.74,13.75,13.76,13.77,13.78,13.79,21600,32300,4100,15500,3000,4200,1100,19600,7200,20400,8800,13700,12300,17900,4400,15200,9000,11900,64400,27300
4679.0,13.7,9652300,130434572.0,13.69,13.68,13.67,13.66,13.65,13.64,13.63,13.62,13.61,13.6,13.7,13.71,13.72,13.73,13.74,13.75,13.76,13.77,13.78,13.79,21500,32300,4100,15500,3000,4200,1100,19600,7200,20400,10200,17700,12300,17900,4400,15200,9000,11900,64400,27300
4680.0,13.7,9652800,130441422.0,13.69,13.68,13.67,13.66,13.65,13.64,13.63,13.62,13.61,13.6,13.7,13.71,13.72,13.73,13.74,13.75,13.76,13.77,13.78,13.79,21500,32300,4100,15500,3000,4200,1100,19600,7200,20400,13500,17700,12300,17900,4400,15200,9000,11900,64400,27300
4681.0,13.7,9657200,130501695.0,13.69,13.68,13.67,13.66,13.65,13.64,13.63,13.62,13.61,13.6,13.7,13.71,13.72,13.73,13.74,13.75,13.76,13.77,13.78,13.79,20800,32300,4100,15500,3000,4200,1100,19600,7200,20400,9800,17700,12300,17900,4400,15200,9000,11900,64400,27300
4682.0,13.7,9657200,130501695.0,13.69,13.68,13.67,13.66,13.65,13.64,13.63,13.62,13.61,13.6,13.7,13.71,13.72,13.73,13.74,13.75,13.76,13.77,13.78,13.79,20800,32300,4100,15500,3000,4200,1100,19600,7200,20400,9800,17700,12300,19600,4400,15200,9000,11900,64400,27300
4683.0,13.69,9658000,130512654.0,13.69,13.68,13.67,13.66,13.65,13.64,13.63,13.62,13.61,13.6,13.7,13.71,13.72,13.73,13.74,13.75,13.76,13.77,13.78,13.79,20700,32300,4100,15500,3000,4200,1100,19600,7200,20400,9100,17700,12300,19600,4400,15200,9000,11900,64400,27300
4684.0,13.69,9665000,130608496.0,13.69,13.68,13.67,13.66,13.65,13.64,13.63,13.62,13.61,13.6,13.7,13.71,13.72,13.73,13.74,13.75,13.76,13.77,13.78,13.79,14900,32800,4100,15500,3000,4200,1100,19600,7200,20400,7900,17700,12300,19600,4400,15200,9000,11900,64400,27300
4685.0,13.69,9670400,130682436.0,13.69,13.68,13.67,13.66,13.65,13.64,13.63,13.62,13.61,13.6,13.7,13.71,13.72,13.73,13.74,13.75,13.76,13.77,13.78,13.79,10900,42400,4100,15500,3000,4200,1100,19600,7200,20400,7500,18100,12300,19600,4400,15200,9000,11900,64400,27300
4686.0,13.69,9676400,130764576.0,13.69,13.68,13.67,13.66,13.65,13.64,13.63,13.62,13.61,13.6,13.7,13.71,13.72,13.73,13.74,13.75,13.76,13.77,13.78,13.79,4900,42400,4100,15500,3000,4200,1100,19600,7200,20400,7500,18100,12300,19600,4400,15200,9000,11900,64400,27300
4687.0,13.69,9681100,130828919.0,13.69,13.68,13.67,13.66,13.65,13.64,13.63,13.62,13.61,13.6,13.7,13.71,13.72,13.73,13.74,13.75,13.76,13.77,13.78,13.79,200,42400,4100,15500,3000,4200,1100,19600,7200,20400,7500,18100,12300,19600,4400,15200,9000,11900,64400,27300
4688.0,13.7,9684700,130878239.0,13.69,13.68,13.67,13.66,13.65,13.64,13.63,13.62,13.61,13.6,13.7,13.71,13.72,13.73,13.74,13.75,13.76,13.77,13.78,13.79,200,42400,4300,15500,3700,4200,1100,19600,7200,20400,3900,18100,12300,19600,4400,15200,9000,11900,64400,27300
4689.0,13.68,9687700,130919281.0,13.68,13.67,13.66,13.65,13.64,13.63,13.62,13.61,13.6,13.59,13.7,13.71,13.72,13.73,13.74,13.75,13.76,13.77,13.78,13.79,39600,4300,15500,3700,4200,1100,19600,7200,20400,2200,4100,18300,12300,19600,4400,15200,9000,11900,64400,27300
4690.0,13.68,9687700,130919281.0,13.68,13.67,13.66,13.65,13.64,13.63,13.62,13.61,13.6,13.59,13.7,13.71,13.72,13.73,13.74,13.75,13.76,13.77,13.78,13.79,41100,4300,15500,3700,4200,1100,19600,7200,20400,2200,5600,18300,12300,19600,4400,15200,9000,11900,64400,27300
4691.0,13.68,9690200,130953481.0,13.68,13.67,13.66,13.65,13.64,13.63,13.62,13.61,13.6,13.59,13.7,13.71,13.72,13.73,13.74,13.75,13.76,13.77,13.78,13.79,40300,4300,15500,3700,4200,1100,19600,7200,20400,2200,8400,18300,12300,19600,4400,15200,9000,11900,64400,27300
4692.0,13.7,9691000,130964441.0,13.68,13.67,13.66,13.65,13.64,13.63,13.62,13.61,13.6,13.59,13.7,13.71,13.72,13.73,13.74,13.75,13.76,13.77,13.78,13.79,41700,4300,15500,3700,4200,1100,19600,7200,20400,2200,9000,18300,12300,19600,4400,15200,9000,11900,64400,27300
4693.0,13.7,9691000,130964441.0,13.68,13.67,13.66,13.65,13.64,13.63,13.62,13.61,13.6,13.59,13.7,13.71,13.72,13.73,13.74,13.75,13.76,13.77,13.78,13.79,42500,4300,15500,3700,4200,1100,19600,7200,20400,2200,11200,18300,12300,19600,4400,15200,9000,11900,64400,27300
4694.0,13.7,9691000,130964441.0,13.68,13.67,13.66,13.65,13.64,13.63,13.62,13.61,13.6,13.59,13.7,13.71,13.72,13.73,13.74,13.75,13.76,13.77,13.78,13.79,43100,4300,15500,3700,4200,1100,19600,7200,20400,2200,11800,18300,12300,19600,4400,15200,9000,11900,64400,27300
4695.0,13.68,9692200,130980857.0,13.68,13.67,13.66,13.65,13.64,13.63,13.62,13.61,13.6,13.59,13.7,13.71,13.72,13.73,13.74,13.75,13.76,13.77,13.78,13.79,43300,2900,15500,3700,4200,1100,19600,7200,20400,2200,13200,18300,12300,19600,4400,15200,9000,11900,64400,27300
4696.0,13.7,9693600,131000037.0,13.69,13.68,13.67,13.66,13.65,13.64,13.63,13.62,13.61,13.6,13.7,13.71,13.72,13.73,13.74,13.75,13.76,13.77,13.78,13.79,1000,44100,2900,15500,3700,4200,1100,19600,7200,20800,12600,18300,12300,19600,4400,15200,9000,11900,64400,27300
4697.0,13.7,9693600,131000037.0,13.69,13.68,13.67,13.66,13.65,13.64,13.63,13.62,13.61,13.6,13.7,13.71,13.72,13.73,13.74,13.75,13.76,13.77,13.78,13.79,1000,44100,2900,15500,3700,4200,1100,19600,7200,20800,12600,18300,12300,17900,4400,15200,9000,11900,64400,27300
4698.0,13.7,9694300,131009627.0,13.69,13.68,13.67,13.66,13.65,13.64,13.63,13.62,13.61,13.6,13.7,13.71,13.72,13.73,13.74,13.75,13.76,13.77,13.78,13.79,1000,44100,2900,15500,3700,4200,1100,19600,7200,20800,11900,18300,12300,17900,4400,15200,9000,11900,64400,27300
4699.0,13.7,9694300,131009627.0,13.69,13.68,13.67,13.66,13.65,13.64,13.63,13.62,13.61,13.6,13.7,13.71,13.72,13.73,13.74,13.75,13.76,13.77,13.78,13.79,1000,44100,3900,15500,3700,4200,1100,19600,7200,20800,11900,18300,12300,17900,4400,15200,9000,11900,64400,27300
4700.0,13.7,9694300,131009627.0,13.69,13.68,13.67,13.66,13.65,13.64,13.63,13.62,13.61,13.6,13.7,13.71,13.72,13.73,13.74,13.75,13.76,13.77,13.78,13.79,1000,44500,3900,15500,3700,4200,1100,19600,7200,20800,11900,18300,12300,17900,4400,15200,9000,11900,64400,27300
4701.0,13.68,9696700,131042483.0,13.68,13.67,13.66,13.65,13.64,13.63,13.62,13.61,13.6,13.59,13.7,13.71,13.72,13.73,13.74,13.75,13.76,13.77,13.78,13.79,43800,3900,15500,3700,4200,1100,19600,7200,20800,2200,11200,18300,12200,17900,4400,15200,9000,11900,64400,27300
4702.0,13.68,9697400,131052059.0,13.68,13.67,13.66,13.65,13.64,13.63,13.62,13.61,13.6,13.59,13.7,13.71,13.72,13.73,13.74,13.75,13.76,13.77,13.78,13.79,43900,4100,15500,3700,4200,1100,19600,7200,20800,2200,12000,16300,12200,17900,4400,15200,9000,11900,64400,27300
4703.0,13.68,9710500,131231267.0,13.68,13.67,13.66,13.65,13.64,13.63,13.62,13.61,13.6,13.59,13.7,13.71,13.72,13.73,13.74,13.75,13.76,13.77,13.78,13.79,32200,4100,15500,3700,4200,1100,19600,7200,20800,2200,14300,16300,12200,17900,4400,15200,9000,11900,64400,27300
4704.0,13.7,9711200,131240857.0,13.68,13.67,13.66,13.65,13.64,13.63,13.62,13.61,13.6,13.59,13.7,13.71,13.72,13.73,13.74,13.75,13.76,13.77,13.78,13.79,33700,4100,15500,3700,4200,1100,19600,7200,22200,2200,12300,16100,8300,17900,4400,15200,9000,11900,64400,27300
4705.0,13.68,9716300,131310625.0,13.68,13.67,13.66,13.65,13.64,13.63,13.62,13.61,13.6,13.59,13.7,13.71,13.72,13.73,13.74,13.75,13.76,13.77,13.78,13.79,28600,8200,15500,3700,4200,1100,19600,7200,22200,2200,12300,16100,8300,17900,4400,15200,9000,11900,64400,27300
4706.0,13.68,9716600,131314729.0,13.68,13.67,13.66,13.65,13.64,13.63,13.62,13.61,13.6,13.59,13.7,13.71,13.72,13.73,13.74,13.75,13.76,13.77,13.78,13.79,28300,8200,15500,3700,4200,1100,19600,7200,22200,2200,12300,16100,8300,17900,4400,15200,9000,11900,64400,27300
4707.0,13.68,9718900,131346235.0,13.68,13.67,13.66,13.65,13.64,13.63,13.62,13.61,13.6,13.59,13.7,13.71,13.72,13.73,13.74,13.75,13.76,13.77,13.78,13.79,29600,8200,15500,3700,4200,1100,19600,7200,22200,2200,14300,16100,8300,17900,4400,15200,9000,11900,64400,27300
4708.0,13.68,9718900,131346235.0,13.68,13.67,13.66,13.65,13.64,13.63,13.62,13.61,13.6,13.59,13.7,13.71,13.72,13.73,13.74,13.75,13.76,13.77,13.78,13.79,29600,8200,15500,5700,4200,1100,19600,7200,22200,2200,14300,16100,8300,17900,4400,15200,9000,11900,64400,27300
4709.0,13.68,9719900,131359921.0,13.68,13.67,13.66,13.65,13.64,13.63,13.62,13.61,13.6,13.59,13.7,13.71,13.72,13.73,13.74,13.75,13.76,13.77,13.78,13.79,28900,8200,15500,5700,4200,1100,19600,7200,22200,2200,17900,16100,8300,17900,4400,15200,9000,11900,64400,27300
4710.0,13.68,9724500,131422849.0,13.68,13.67,13.66,13.65,13.64,13.63,13.62,13.61,13.6,13.59,13.7,13.71,13.72,13.73,13.74,13.75,13.76,13.77,13.78,13.79,41200,8200,15500,5700,4200,1100,19600,7200,22200,2200,17900,16100,8300,17900,4400,15200,9000,11900,64400,27300
4711.0,13.7,9726700,131452989.0,13.68,13.67,13.66,13.65,13.64,13.63,13.62,13.61,13.6,13.59,13.7,13.71,13.72,13.73,13.74,13.75,13.76,13.77,13.78,13.79,41900,8200,15500,6700,4200,1100,19600,7200,22200,2200,16400,16100,8300,17900,4400,15200,9000,11900,64400,27300
4712.0,13.68,9727000,131457093.0,13.68,13.67,13.66,13.65,13.64,13.63,13.62,13.61,13.6,13.59,13.7,13.71,13.72,13.73,13.74,13.75,13.76,13.77,13.78,13.79,41600,8400,15500,6700,4200,1100,19600,7200,22200,2200,16400,16100,8300,17900,4400,15200,9000,11900,64400,27300
4713.0,13.68,9727000,131457093.0,13.68,13.67,13.66,13.65,13.64,13.63,13.62,13.61,13.6,13.59,13.7,13.71,13.72,13.73,13.74,13.75,13.76,13.77,13.78,13.79,42900,8400,15500,6700,4200,1100,19600,7200,22200,2200,16400,16100,8300,17900,4400,15200,9000,11900,65300,27300
4714.0,13.68,9729700,131494043.0,13.68,13.67,13.66,13.65,13.64,13.63,13.62,13.61,13.6,13.59,13.7,13.71,13.72,13.73,13.74,13.75,13.76,13.77,13.78,13.79,41600,8400,15500,6700,4200,1100,19600,7200,22200,2200,16400,16100,8300,17900,4400,15200,9000,11900,65300,27300
4715.0,13.68,9733800,131550135.0,13.68,13.67,13.66,13.65,13.64,13.63,13.62,13.61,13.6,13.59,13.7,13.71,13.72,13.73,13.74,13.75,13.76,13.77,13.78,13.79,37700,8400,15500,6700,4200,1100,19600,7200,22200,2200,16200,16100,8300,17900,4400,15200,9000,11900,65300,27300
4716.0,13.68,9734500,131559711.0,13.68,13.67,13.66,13.65,13.64,13.63,13.62,13.61,13.6,13.59,13.7,13.71,13.72,13.73,13.74,13.75,13.76,13.77,13.78,13.79,37000,8400,15500,6700,4200,1100,19600,7200,22200,2200,16200,14100,8300,17900,4400,15200,9000,11900,65300,27300
4717.0,13.68,9737000,131593925.0,13.68,13.67,13.66,13.65,13.64,13.63,13.62,13.61,13.6,13.59,13.7,13.71,13.72,13.73,13.74,13.75,13.76,13.77,13.78,13.79,35900,8400,15500,6700,4200,1100,19600,7200,23200,2200,16200,14100,8300,17900,4400,15200,9000,11900,65300,27300
4718.0,13.7,9738400,131613105.0,13.68,13.67,13.66,13.65,13.64,13.63,13.62,13.61,13.6,13.59,13.7,13.71,13.72,13.73,13.74,13.75,13.76,13.77,13.78,13.79,35900,8400,15500,6700,4200,1100,19600,7200,23200,2200,14800,14100,8300,17900,900,15200,9000,11900,65300,27300
4719.0,13.68,9744900,131702083.0,13.68,13.67,13.66,13.65,13.64,13.63,13.62,13.61,13.6,13.59,13.7,13.71,13.72,13.73,13.74,13.75,13.76,13.77,13.78,13.79,32300,35500,15500,6700,4200,1100,20100,7200,23200,2200,11900,14100,8300,17900,900,13900,9000,11900,65300,27300
4720.0,13.7,9745600,131711673.0,13.68,13.67,13.66,13.65,13.64,13.63,13.62,13.61,13.6,13.59,13.7,13.71,13.72,13.73,13.74,13.75,13.76,13.77,13.78,13.79,33000,35500,15500,6700,4200,1100,20100,7200,23200,2200,11900,14100,8300,17900,900,13900,9000,11900,65300,27300
4721.0,13.7,9745600,131711673.0,13.68,13.67,13.66,13.65,13.64,13.63,13.62,13.61,13.6,13.59,13.69,13.7,13.71,13.72,13.73,13.74,13.75,13.76,13.77,13.78,33000,35500,15500,6700,4200,1100,20100,7200,23200,2200,300,11900,14100,8300,17900,900,13900,9000,11900,65300
4722.0,13.68,9745900,131715777.0,13.68,13.67,13.66,13.65,13.64,13.63,13.62,13.61,13.6,13.59,13.69,13.7,13.71,13.72,13.73,13.74,13.75,13.76,13.77,13.78,32700,35500,15500,6700,4200,1100,20100,7200,23200,2200,300,11900,14100,8300,17900,900,13900,9000,11900,65300
4723.0,13.68,9746600,131725353.0,13.68,13.67,13.66,13.65,13.64,13.63,13.62,13.61,13.6,13.59,13.69,13.7,13.71,13.72,13.73,13.74,13.75,13.76,13.77,13.78,32000,35500,15500,6700,4200,1100,20100,7200,23200,2200,300,12400,14100,8300,17900,900,13900,9000,11900,65300
4724.0,13.68,9748000,131744505.0,13.68,13.67,13.66,13.65,13.64,13.63,13.62,13.61,13.6,13.59,13.69,13.7,13.71,13.72,13.73,13.74,13.75,13.76,13.77,13.78,30600,35500,15500,6700,4200,1100,20100,7200,23200,2200,300,12400,14100,8300,17900,900,13900,9000,11900,65300
4725.0,13.68,9754400,131832062.0,13.68,13.67,13.66,13.65,13.64,13.63,13.62,13.61,13.6,13.59,13.7,13.71,13.72,13.73,13.74,13.75,13.76,13.77,13.78,13.79,25300,35500,15500,6700,4200,1100,20100,7200,23200,2200,12300,14100,8300,17900,900,13900,9000,11900,65300,27300
4726.0,13.7,9755700,131849872.0,13.68,13.67,13.66,13.65,13.64,13.63,13.62,13.61,13.6,13.59,13.7,13.71,13.72,13.73,13.74,13.75,13.76,13.77,13.78,13.79,25800,36000,15500,6700,4200,1100,20100,7200,23200,2200,11000,14100,8300,17900,900,13900,9000,11900,65300,27300
4727.0,13.7,9756400,131859462.0,13.68,13.67,13.66,13.65,13.64,13.63,13.62,13.61,13.6,13.59,13.69,13.7,13.71,13.72,13.73,13.74,13.75,13.76,13.77,13.78,26200,36000,15500,6700,4200,1100,20100,7200,23200,2200,100,10300,14100,8300,17900,900,13900,9000,11900,65300
4728.0,13.68,9756700,131863567.0,13.68,13.67,13.66,13.65,13.64,13.63,13.62,13.61,13.6,13.59,13.7,13.71,13.72,13.73,13.74,13.75,13.76,13.77,13.78,13.79,26200,36000,15500,6700,4200,2100,20100,7200,23200,2200,10300,14100,8300,17900,900,13900,9000,11900,65300,27300
4729.0,13.68,9759700,131904607.0,13.68,13.67,13.66,13.65,13.64,13.63,13.62,13.61,13.6,13.59,13.69,13.7,13.71,13.72,13.73,13.74,13.75,13.76,13.77,13.78,23200,36000,15500,6700,4200,2100,20100,7200,23200,2200,1000,11300,14100,8300,17900,900,13900,9000,11900,65300
4730.0,13.68,9760700,131918292.0,13.68,13.67,13.66,13.65,13.64,13.63,13.62,13.61,13.6,13.59,13.69,13.7,13.71,13.72,13.73,13.74,13.75,13.76,13.77,13.78,22700,36000,15700,6700,4200,2100,20100,7200,23200,2200,500,11300,14100,8300,17900,900,13900,9000,11900,65300
4731.0,13.68,9761400,131927868.0,13.68,13.67,13.66,13.65,13.64,13.63,13.62,13.61,13.6,13.59,13.69,13.7,13.71,13.72,13.73,13.74,13.75,13.76,13.77,13.78,22000,38600,15700,6700,4200,2100,20100,7200,23200,2200,500,11300,14100,8300,17900,900,13900,9000,11900,65300
4732.0,13.68,9761500,131929236.0,13.68,13.67,13.66,13.65,13.64,13.63,13.62,13.61,13.6,13.59,13.69,13.7,13.71,13.72,13.73,13.74,13.75,13.76,13.77,13.78,21900,46300,15700,6700,4200,2100,20100,7200,23200,2200,4400,11300,14100,8300,17900,900,13900,9000,11900,65300
4733.0,13.69,9761900,131934712.0,13.68,13.67,13.66,13.65,13.64,13.63,13.62,13.61,13.6,13.59,13.69,13.7,13.71,13.72,13.73,13.74,13.75,13.76,13.77,13.78,21900,46300,15700,6700,4200,2100,20100,7200,23200,2200,4000,11300,14100,8300,17900,300,13900,9000,11900,65300
4734.0,13.69,9761900,131934712.0,13.68,13.67,13.66,13.65,13.64,13.63,13.62,13.61,13.6,13.59,13.69,13.7,13.71,13.72,13.73,13.74,13.75,13.76,13.77,13.78,23800,46300,15700,6700,4200,2100,20100,7200,23200,2200,4000,11300,14100,8300,17900,300,13900,9000,11900,65300
4735.0,13.69,9761900,131934712.0,13.68,13.67,13.66,13.65,13.64,13.63,13.62,13.61,13.6,13.59,13.69,13.7,13.71,13.72,13.73,13.74,13.75,13.76,13.77,13.78,35600,46300,15700,6700,4200,2100,20100,7200,23200,2200,4000,11300,14100,8100,17900,300,13900,9700,11900,65300
4736.0,13.69,9763100,131951140.0,13.68,13.67,13.66,13.65,13.64,13.63,13.62,13.61,13.6,13.59,13.69,13.7,13.71,13.72,13.73,13.74,13.75,13.76,13.77,13.78,35600,46300,15700,6700,4200,2100,20100,7200,23200,2200,2800,11300,13200,8100,17900,300,13900,9700,11900,65300
4737.0,13.69,9763100,131951140.0,13.68,13.67,13.66,13.65,13.64,13.63,13.62,13.61,13.6,13.59,13.69,13.7,13.71,13.72,13.73,13.74,13.75,13.76,13.77,13.78,36600,46300,15700,6700,4200,2100,20100,7200,23200,2200,4300,11300,13200,8100,17900,300,13900,9700,11900,65300
4738.0,13.68,9766800,132001756.0,13.68,13.67,13.66,13.65,13.64,13.63,13.62,13.61,13.6,13.59,13.69,13.7,13.71,13.72,13.73,13.74,13.75,13.76,13.77,13.78,33600,46800,15700,6700,4200,2100,20100,7200,23200,2200,4300,11300,13200,8100,17900,300,13900,9700,11900,65300
4739.0,13.68,9768000,132018172.0,13.68,13.67,13.66,13.65,13.64,13.63,13.62,13.61,13.6,13.59,13.69,13.7,13.71,13.72,13.73,13.74,13.75,13.76,13.77,13.78,32500,47000,15700,6700,4200,2100,20100,7200,23200,2200,4300,11300,13200,7400,17900,300,13900,6700,11900,65300
4740.0,13.69,9768400,132023648.0,13.68,13.67,13.66,13.65,13.64,13.63,13.62,13.61,13.6,13.59,13.69,13.7,13.71,13.72,13.73,13.74,13.75,13.76,13.77,13.78,32500,47000,15700,6700,4200,2100,20100,7200,23200,2200,3900,11300,13200,7400,17900,300,13900,6700,11900,65300
4741.0,13.69,9769100,132033231.0,13.68,13.67,13.66,13.65,13.64,13.63,13.62,13.61,13.6,13.59,13.69,13.7,13.71,13.72,13.73,13.74,13.75,13.76,13.77,13.78,32500,47000,15700,6700,4200,2100,20100,7200,23200,2200,1500,11300,13200,7400,17900,300,13900,6700,11900,65300
4742.0,13.69,9769100,132033231.0,13.68,13.67,13.66,13.65,13.64,13.63,13.62,13.61,13.6,13.59,13.69,13.7,13.71,13.72,13.73,13.74,13.75,13.76,13.77,13.78,37300,47000,15700,6700,4200,2100,20100,7200,23200,2200,1500,11300,13200,7400,17900,300,13900,6700,11900,65300
4743.0,13.68,9775200,132116680.0,13.68,13.67,13.66,13.65,13.64,13.63,13.62,13.61,13.6,13.59,13.69,13.7,13.71,13.72,13.73,13.74,13.75,13.76,13.77,13.78,31300,47000,15700,6700,4200,2100,20100,7200,23200,2200,1400,11300,13200,7400,17900,300,13900,6700,11900,65300
4744.0,13.68,9778400,132160456.0,13.68,13.67,13.66,13.65,13.64,13.63,13.62,13.61,13.6,13.59,13.69,13.7,13.71,13.72,13.73,13.74,13.75,13.76,13.77,13.78,28100,47000,15700,6700,4200,2100,20100,7200,23200,2200,2000,11300,13200,7400,17900,300,13900,6700,11900,65300
4745.0,13.69,9781400,132201516.0,13.69,13.68,13.67,13.66,13.65,13.64,13.63,13.62,13.61,13.6,13.7,13.71,13.72,13.73,13.74,13.75,13.76,13.77,13.78,13.79,1500,27100,47000,15700,6700,4200,2100,20100,7200,23200,11300,13200,7400,17900,300,13900,7100,11900,65300,27300
4746.0,13.7,9782100,132211106.0,13.69,13.68,13.67,13.66,13.65,13.64,13.63,13.62,13.61,13.6,13.7,13.71,13.72,13.73,13.74,13.75,13.76,13.77,13.78,13.79,1600,27100,47000,15700,6700,4200,2100,20100,7200,23200,10600,13200,7400,17900,300,13900,7100,11900,65300,27300
4747.0,13.7,9782100,132211106.0,13.69,13.68,13.67,13.66,13.65,13.64,13.63,13.62,13.61,13.6,13.7,13.71,13.72,13.73,13.74,13.75,13.76,13.77,13.78,13.79,1600,27100,47000,15700,6700,4200,2100,20100,7200,23200,10600,13200,7400,17900,300,13900,7100,11900,65300,27800
4748.0,13.69,9784200,132239862.0,13.69,13.68,13.67,13.66,13.65,13.64,13.63,13.62,13.61,13.6,13.7,13.71,13.72,13.73,13.74,13.75,13.76,13.77,13.78,13.79,200,27100,47000,15700,6700,4200,2100,20100,7200,23200,9900,13200,7400,17900,300,13900,7100,11900,65300,27800
4749.0,13.69,9784200,132239862.0,13.69,13.68,13.67,13.66,13.65,13.64,13.63,13.62,13.61,13.6,13.7,13.71,13.72,13.73,13.74,13.75,13.76,13.77,13.78,13.79,400,27700,47000,15700,6700,4200,2100,20100,7200,23200,9900,13200,7400,17900,300,13900,7100,11900,65300,27800
4750.0,13.69,9784200,132239862.0,13.69,13.68,13.67,13.66,13.65,13.64,13.63,13.62,13.61,13.6,13.7,13.71,13.72,13.73,13.74,13.75,13.76,13.77,13.78,13.79,400,27700,47000,15700,6700,4200,2100,20100,7200,23200,9900,13200,7400,17900,300,13900,7100,11900,65300,27800
4751.0,13.7,9785100,132252192.0,13.69,13.68,13.67,13.66,13.65,13.64,13.63,13.62,13.61,13.6,13.7,13.71,13.72,13.73,13.74,13.75,13.76,13.77,13.78,13.79,400,27700,47000,15700,6700,4200,2100,20100,7200,23200,9000,13200,7400,17900,300,13900,7100,11900,65300,27800
4752.0,13.69,9785500,132257668.0,13.68,13.67,13.66,13.65,13.64,13.63,13.62,13.61,13.6,13.59,13.69,13.7,13.71,13.72,13.73,13.74,13.75,13.76,13.77,13.78,27700,47000,15700,6700,4200,2100,20100,7200,23200,2200,1600,9000,13200,7400,17900,300,13900,7100,11900,65300
4753.0,13.69,9785800,132261775.0,13.68,13.67,13.66,13.65,13.64,13.63,13.62,13.61,13.6,13.59,13.69,13.7,13.71,13.72,13.73,13.74,13.75,13.76,13.77,13.78,29400,47000,15700,6700,4200,2100,20100,7200,23200,2200,1300,9000,13200,7400,17900,300,13900,7100,11900,65300
4754.0,13.69,9785900,132263144.0,13.68,13.67,13.66,13.65,13.64,13.63,13.62,13.61,13.6,13.59,13.69,13.7,13.71,13.72,13.73,13.74,13.75,13.76,13.77,13.78,29400,47000,15700,6700,4200,2100,20100,7200,23200,2200,1200,9000,13200,7400,17900,300,13900,7100,11900,65300
4755.0,13.69,9785900,132263144.0,13.68,13.67,13.66,13.65,13.64,13.63,13.62,13.61,13.6,13.59,13.69,13.7,13.71,13.72,13.73,13.74,13.75,13.76,13.77,13.78,29400,47000,15700,6700,4200,2100,20100,7200,23200,2200,1200,9000,13200,7400,17900,300,13900,7100,11900,65300
4756.0,13.69,9785900,132263144.0,13.68,13.67,13.66,13.65,13.64,13.63,13.62,13.61,13.6,13.59,13.69,13.7,13.71,13.72,13.73,13.74,13.75,13.76,13.77,13.78,29400,47000,15700,6700,4200,2100,20100,7200,23200,2200,3500,9000,13200,7400,17900,300,13900,7100,11900,65300
4757.0,13.69,9785900,132263144.0,13.68,13.67,13.66,13.65,13.64,13.63,13.62,13.61,13.6,13.59,13.69,13.7,13.71,13.72,13.73,13.74,13.75,13.76,13.77,13.78,30400,47000,15700,6700,4200,2100,20100,7200,23200,2200,3800,9000,13200,7400,17900,300,13900,7100,11900,65300
4758.0,13.69,9786200,132267251.0,13.68,13.67,13.66,13.65,13.64,13.63,13.62,13.61,13.6,13.59,13.69,13.7,13.71,13.72,13.73,13.74,13.75,13.76,13.77,13.78,30400,47000,15700,6700,4200,2100,20100,7200,23200,2200,3500,9000,13200,7400,17900,300,13900,7100,11900,65300
4759.0,13.69,9787900,132290517.0,13.68,13.67,13.66,13.65,13.64,13.63,13.62,13.61,13.6,13.59,13.69,13.7,13.71,13.72,13.73,13.74,13.75,13.76,13.77,13.78,29700,47000,15700,6700,4200,2100,20100,7200,23200,2200,2500,9000,13200,7400,17900,300,13900,7100,11900,65300
4760.0,13.69,9789800,132316528.0,13.68,13.67,13.66,13.65,13.64,13.63,13.62,13.61,13.6,13.59,13.69,13.7,13.71,13.72,13.73,13.74,13.75,13.76,13.77,13.78,29700,47000,15700,6700,4200,2100,20100,7200,23200,2200,600,9000,13200,7400,17900,300,13900,7100,11900,65300
4761.0,13.69,9790900,132331587.0,13.68,13.67,13.66,13.65,13.64,13.63,13.62,13.61,13.6,13.59,13.69,13.7,13.71,13.72,13.73,13.74,13.75,13.76,13.77,13.78,29700,47000,15700,6700,4200,2100,20100,7200,23200,2200,1500,9000,13200,7400,17900,300,14800,7100,11900,65300
4762.0,13.69,9792400,132352122.0,13.69,13.68,13.67,13.66,13.65,13.64,13.63,13.62,13.61,13.6,13.7,13.71,13.72,13.73,13.74,13.75,13.76,13.77,13.78,13.79,1500,29700,47000,15700,6700,4200,2100,20100,7200,23200,9000,13200,7400,17900,300,14800,7100,11900,65300,27000
4763.0,13.69,9792400,132352122.0,13.69,13.68,13.67,13.66,13.65,13.64,13.63,13.62,13.61,13.6,13.7,13.71,13.72,13.73,13.74,13.75,13.76,13.77,13.78,13.79,1500,29700,47000,15700,6700,4200,2100,20100,7200,23200,9000,13200,7000,17900,300,14800,7100,11900,65300,27000
4764.0,13.7,9794500,132380892.0,13.69,13.68,13.67,13.66,13.65,13.64,13.63,13.62,13.61,13.6,13.7,13.71,13.72,13.73,13.74,13.75,13.76,13.77,13.78,13.79,1500,34700,47000,15700,6800,4200,2100,20100,7200,23200,6900,13200,7000,17900,300,14800,7100,11900,65300,27000
4765.0,13.7,9794500,132380892.0,13.69,13.68,13.67,13.66,13.65,13.64,13.63,13.62,13.61,13.6,13.7,13.71,13.72,13.73,13.74,13.75,13.76,13.77,13.78,13.79,1500,34700,47000,15400,6800,4200,2100,20100,7200,23200,6900,13200,7000,17900,300,14800,7100,11900,65300,27000
4766.0,13.69,9795400,132393213.0,13.69,13.68,13.67,13.66,13.65,13.64,13.63,13.62,13.61,13.6,13.7,13.71,13.72,13.73,13.74,13.75,13.76,13.77,13.78,13.79,1100,34700,47000,15900,6800,4200,2100,20100,7200,23200,6900,13200,7000,17900,300,14800,7100,11900,65300,27000
4767.0,13.7,9796000,132401433.0,13.69,13.68,13.67,13.66,13.65,13.64,13.63,13.62,13.61,13.6,13.7,13.71,13.72,13.73,13.74,13.75,13.76,13.77,13.78,13.79,1100,34700,47000,15900,6800,4200,2100,20100,7200,23200,6300,13200,7000,17900,300,14800,7100,11900,65300,27000
4768.0,13.7,9796000,132401433.0,13.69,13.68,13.67,13.66,13.65,13.64,13.63,13.62,13.61,13.6,13.7,13.71,13.72,13.73,13.74,13.75,13.76,13.77,13.78,13.79,1100,34700,47000,15900,6800,4200,2100,20100,7200,23200,6300,13200,7000,17900,300,14800,7100,11900,65300,27000
4769.0,13.7,9796000,132401433.0,13.69,13.68,13.67,13.66,13.65,13.64,13.63,13.62,13.61,13.6,13.7,13.71,13.72,13.73,13.74,13.75,13.76,13.77,13.78,13.79,1100,34800,47000,15900,6800,4200,2100,20100,7200,23200,6500,13200,7000,17900,300,14800,7100,11900,65300,27000
4770.0,13.7,9798600,132437050.0,13.69,13.68,13.67,13.66,13.65,13.64,13.63,13.62,13.61,13.6,13.7,13.71,13.72,13.73,13.74,13.75,13.76,13.77,13.78,13.79,800,34800,47000,15900,6800,4200,2100,20100,7200,23200,4200,13200,7000,17900,300,14800,7100,11900,65300,27000
4771.0,13.7,9798600,132437050.0,13.69,13.68,13.67,13.66,13.65,13.64,13.63,13.62,13.61,13.6,13.7,13.71,13.72,13.73,13.74,13.75,13.76,13.77,13.78,13.79,800,34800,47000,15900,6800,4200,2100,20100,7200,23200,4200,13200,7000,17900,300,14800,7100,11900,65300,27000
4772.0,13.7,9798700,132438420.0,13.69,13.68,13.67,13.66,13.65,13.64,13.63,13.62,13.61,13.6,13.7,13.71,13.72,13.73,13.74,13.75,13.76,13.77,13.78,13.79,800,34800,47000,15900,6800,4200,2100,20100,7200,23200,4100,13200,7000,17900,300,14800,7100,11900,65300,27000
4773.0,13.7,9799100,132443900.0,13.69,13.68,13.67,13.66,13.65,13.64,13.63,13.62,13.61,13.6,13.7,13.71,13.72,13.73,13.74,13.75,13.76,13.77,13.78,13.79,800,34800,47000,15900,6800,4200,2100,20100,7200,23200,3700,13200,7000,17900,300,14800,7100,11900,65300,27000
4774.0,13.7,9802800,132494590.0,13.7,13.69,13.68,13.67,13.66,13.65,13.64,13.63,13.62,13.61,13.71,13.72,13.73,13.74,13.75,13.76,13.77,13.78,13.79,13.8,3800,1000,35700,47000,15900,6800,4200,2100,20100,7200,13200,7000,17900,300,14800,7100,11900,65300,27000,109400
4775.0,13.7,9802800,132494590.0,13.7,13.69,13.68,13.67,13.66,13.65,13.64,13.63,13.62,13.61,13.71,13.72,13.73,13.74,13.75,13.76,13.77,13.78,13.79,13.8,3800,1000,35700,47000,15900,6800,4200,1100,20100,7200,13200,7000,17900,300,14800,7100,11900,65300,27000,109400
4776.0,13.71,9804900,132523381.0,13.7,13.69,13.68,13.67,13.66,13.65,13.64,13.63,13.62,13.61,13.71,13.72,13.73,13.74,13.75,13.76,13.77,13.78,13.79,13.8,3800,1000,35700,47000,15900,6800,4200,1100,20100,7200,11100,7000,17900,400,14800,7100,11900,65300,27000,109400
4777.0,13.7,9805900,132537081.0,13.7,13.69,13.68,13.67,13.66,13.65,13.64,13.63,13.62,13.61,13.71,13.72,13.73,13.74,13.75,13.76,13.77,13.78,13.79,13.8,3000,1000,35700,47000,15900,6800,4200,1100,20100,7200,11100,7000,17900,400,14800,7100,11900,65300,27000,109400
4778.0,13.7,9806900,132550781.0,13.7,13.69,13.68,13.67,13.66,13.65,13.64,13.63,13.62,13.61,13.71,13.72,13.73,13.74,13.75,13.76,13.77,13.78,13.79,13.8,2000,1000,35700,47000,15900,6800,4200,1100,20100,7200,11100,7000,17900,400,14800,7100,11900,65300,27000,109400
4779.0,13.71,9807600,132560378.0,13.7,13.69,13.68,13.67,13.66,13.65,13.64,13.63,13.62,13.61,13.71,13.72,13.73,13.74,13.75,13.76,13.77,13.78,13.79,13.8,2000,1000,35700,47000,15900,6800,4200,1100,20100,7200,10400,7000,17900,400,14800,7100,11900,65300,27000,109400
4780.0,13.71,9807600,132560378.0,13.7,13.69,13.68,13.67,13.66,13.65,13.64,13.63,13.62,13.61,13.71,13.72,13.73,13.74,13.75,13.76,13.77,13.78,13.79,13.8,2000,1000,35700,47000,15900,6800,4200,1100,20100,7200,10400,7000,17900,400,14800,7100,11900,65300,27000,109400
4781.0,13.7,9807800,132563118.0,13.7,13.69,13.68,13.67,13.66,13.65,13.64,13.63,13.62,13.61,13.71,13.72,13.73,13.74,13.75,13.76,13.77,13.78,13.79,13.8,1800,1000,35700,47000,15900,6800,4200,1100,20100,7200,10400,7000,17900,400,14800,7100,11900,65300,27000,109400
4782.0,13.71,9808500,132572715.0,13.7,13.69,13.68,13.67,13.66,13.65,13.64,13.63,13.62,13.61,13.71,13.72,13.73,13.74,13.75,13.76,13.77,13.78,13.79,13.8,1900,1000,36000,47000,15900,6800,4200,1100,20100,7200,9700,7000,17900,400,14800,7100,11900,65300,27000,109400
4783.0,13.7,9810100,132594635.0,13.7,13.69,13.68,13.67,13.66,13.65,13.64,13.63,13.62,13.61,13.71,13.72,13.73,13.74,13.75,13.76,13.77,13.78,13.79,13.8,400,1000,36000,47000,15900,6800,4200,1100,20100,7200,9700,7000,17900,400,14800,7100,11900,65300,27000,109400
4784.0,13.7,9810500,132600115.0,13.69,13.68,13.67,13.66,13.65,13.64,13.63,13.62,13.61,13.6,13.7,13.71,13.72,13.73,13.74,13.75,13.76,13.77,13.78,13.79,1000,36000,47000,15900,6800,4200,1100,20100,7200,23400,400,9700,7000,17900,400,14800,7100,11900,65300,27000
4785.0,13.7,9810500,132600115.0,13.69,13.68,13.67,13.66,13.65,13.64,13.63,13.62,13.61,13.6,13.7,13.71,13.72,13.73,13.74,13.75,13.76,13.77,13.78,13.79,1000,36000,47000,15900,6800,4200,1100,20100,7200,23400,400,9700,7000,17900,400,14800,7100,11900,65300,27000
4786.0,13.71,9812000,132620676.0,13.69,13.68,13.67,13.66,13.65,13.64,13.63,13.62,13.61,13.6,13.71,13.72,13.73,13.74,13.75,13.76,13.77,13.78,13.79,13.8,1000,36000,47000,15900,7100,4200,1100,20100,7200,23400,8600,7000,17900,400,14800,7100,11900,65300,27000,109400
4787.0,13.71,9813400,132639870.0,13.69,13.68,13.67,13.66,13.65,13.64,13.63,13.62,13.61,13.6,13.71,13.72,13.73,13.74,13.75,13.76,13.77,13.78,13.79,13.8,1000,36000,47000,15900,7100,4200,1100,20100,7200,23400,7200,7000,17900,400,14800,7100,11900,65300,27000,109400
4788.0,13.71,9814700,132657691.0,13.69,13.68,13.67,13.66,13.65,13.64,13.63,13.62,13.61,13.6,13.71,13.72,13.73,13.74,13.75,13.76,13.77,13.78,13.79,13.8,1400,36000,47000,15900,7100,4200,1100,20100,7200,23400,6500,5600,17900,400,14800,7100,11900,65300,27000,109400
4789.0,13.71,9814700,132657691.0,13.69,13.68,13.67,13.66,13.65,13.64,13.63,13.62,13.61,13.6,13.71,13.72,13.73,13.74,13.75,13.76,13.77,13.78,13.79,13.8,1400,36000,47000,15900,7100,4200,1100,20100,7200,23400,6900,5600,17900,400,14800,7100,11900,65300,27000,109400
4790.0,13.69,9815400,132667274.0,13.69,13.68,13.67,13.66,13.65,13.64,13.63,13.62,13.61,13.6,13.71,13.72,13.73,13.74,13.75,13.76,13.77,13.78,13.79,13.8,1100,36000,47000,15900,7100,4200,1100,20100,7200,23400,6900,5600,17900,400,14800,7100,11900,65300,27000,109400
4791.0,13.71,9816000,132675500.0,13.69,13.68,13.67,13.66,13.65,13.64,13.63,13.62,13.61,13.6,13.71,13.72,13.73,13.74,13.75,13.76,13.77,13.78,13.79,13.8,1600,36000,47000,15900,7100,4200,1100,20100,7200,23400,6800,5600,17900,400,14800,7100,12500,65300,27000,109400
4792.0,13.69,9816200,132678238.0,13.7,13.69,13.68,13.67,13.66,13.65,13.64,13.63,13.62,13.61,13.71,13.72,13.73,13.74,13.75,13.76,13.77,13.78,13.79,13.8,200,1400,36000,47000,15900,7100,4200,1100,20100,7200,6800,5600,17900,400,14800,7100,12500,65300,27000,109400
4793.0,13.69,9819600,132724827.0,13.69,13.68,13.67,13.66,13.65,13.64,13.63,13.62,13.61,13.6,13.71,13.72,13.73,13.74,13.75,13.76,13.77,13.78,13.79,13.8,900,36000,47000,15900,7100,4200,1100,20100,7200,23400,5400,5600,17900,400,14800,7100,12500,65300,27000,109400
4794.0,13.71,9820100,132731682.0,13.69,13.68,13.67,13.66,13.65,13.64,13.63,13.62,13.61,13.6,13.71,13.72,13.73,13.74,13.75,13.76,13.77,13.78,13.79,13.8,900,36000,47000,15900,7100,4200,1100,20100,7200,23400,4900,5600,17900,400,14800,7100,12500,65300,27000,109400
4795.0,13.71,9820100,132731682.0,13.69,13.68,13.67,13.66,13.65,13.64,13.63,13.62,13.61,13.6,13.7,13.71,13.72,13.73,13.74,13.75,13.76,13.77,13.78,13.79,900,36000,47000,15900,7100,4200,1100,20100,7200,23400,1300,4900,5600,17900,400,14800,7100,12500,65300,27000
4796.0,13.71,9820100,132731682.0,13.69,13.68,13.67,13.66,13.65,13.64,13.63,13.62,13.61,13.6,13.7,13.71,13.72,13.73,13.74,13.75,13.76,13.77,13.78,13.79,5500,36000,46000,15900,7100,4200,1100,20100,7200,23400,1300,4900,5600,17900,400,14800,7100,12500,65300,27000
4797.0,13.7,9821000,132744011.0,13.69,13.68,13.67,13.66,13.65,13.64,13.63,13.62,13.61,13.6,13.7,13.71,13.72,13.73,13.74,13.75,13.76,13.77,13.78,13.79,5400,36000,46000,15900,7100,4200,1100,20100,7200,23400,500,4900,5600,17900,400,14800,7100,12500,65300,27000
4798.0,13.69,9823200,132774129.0,13.69,13.68,13.67,13.66,13.65,13.64,13.63,13.62,13.61,13.6,13.7,13.71,13.72,13.73,13.74,13.75,13.76,13.77,13.78,13.79,3200,36000,46000,15900,7100,4200,1100,20100,7200,23400,500,4900,5600,18100,400,14800,7100,12500,65300,27000
4799.0,13.7,9823300,132775499.0,13.69,13.68,13.67,13.66,13.65,13.64,13.63,13.62,13.61,13.6,13.7,13.71,13.72,13.73,13.74,13.75,13.76,13.77,13.78,13.79,3400,36000,46000,15900,7100,4200,1100,20100,7200,23400,400,4900,5600,18100,400,14800,7100,12500,65300,27000
4800.0,13.7,9823700,132780979.0,13.69,13.68,13.67,13.66,13.65,13.64,13.63,13.62,13.61,13.6,13.7,13.71,13.72,13.73,13.74,13.75,13.76,13.77,13.78,13.79,3800,36000,46000,15900,7000,4200,1100,20100,7200,23400,500,4900,5600,18100,400,14800,7100,12500,65300,27000
4801.0,13.69,9825700,132808359.0,13.69,13.68,13.67,13.66,13.65,13.64,13.63,13.62,13.61,13.6,13.7,13.71,13.72,13.73,13.74,13.75,13.76,13.77,13.78,13.79,1800,36000,46000,15900,7000,4200,1100,20100,7200,23400,500,4900,5600,18100,400,14800,7100,12500,65300,27000
4802.0,13.69,9825800,132809728.0,13.69,13.68,13.67,13.66,13.65,13.64,13.63,13.62,13.61,13.6,13.7,13.71,13.72,13.73,13.74,13.75,13.76,13.77,13.78,13.79,1700,36000,46000,15900,7000,4200,1100,20500,7200,23400,500,4900,5600,18100,400,14800,7100,12500,65300,27000
4803.0,13.7,9826300,132816578.0,13.7,13.69,13.68,13.67,13.66,13.65,13.64,13.63,13.62,13.61,13.71,13.72,13.73,13.74,13.75,13.76,13.77,13.78,13.79,13.8,1500,1700,36000,46000,15900,7000,4200,1100,20500,7200,4900,5700,18100,400,14800,7100,12500,65300,27000,109400
4804.0,13.69,9829300,132857671.0,13.69,13.68,13.67,13.66,13.65,13.64,13.63,13.62,13.61,13.6,13.71,13.72,13.73,13.74,13.75,13.76,13.77,13.78,13.79,13.8,600,36000,46000,15900,7000,4200,1100,20500,7200,23400,4500,5700,18100,400,14800,7100,12500,65300,27000,109400
4805.0,13.69,9830400,132872730.0,13.68,13.67,13.66,13.65,13.64,13.63,13.62,13.61,13.6,13.59,13.69,13.7,13.71,13.72,13.73,13.74,13.75,13.76,13.77,13.78,36000,46000,15900,7000,4200,1100,20500,7200,23400,2200,3700,11400,5000,5700,18100,400,14800,7100,12500,65300
4806.0,13.69,9839900,133002698.0,13.68,13.67,13.66,13.65,13.64,13.63,13.62,13.61,13.6,13.59,13.69,13.7,13.71,13.72,13.73,13.74,13.75,13.76,13.77,13.78,27300,46000,15900,7000,4200,1100,20500,7200,23400,2200,3000,11400,5000,5700,18100,400,14800,7100,12500,65300
4807.0,13.68,9842600,133039639.0,13.68,13.67,13.66,13.65,13.64,13.63,13.62,13.61,13.6,13.59,13.69,13.7,13.71,13.72,13.73,13.74,13.75,13.76,13.77,13.78,25100,46000,15900,7000,4200,1100,20500,7200,23400,2200,2900,11400,5000,5700,18100,400,14800,7100,12500,65300
4808.0,13.68,9843800,133056055.0,13.68,13.67,13.66,13.65,13.64,13.63,13.62,13.61,13.6,13.59,13.69,13.7,13.71,13.72,13.73,13.74,13.75,13.76,13.77,13.78,26600,46000,15900,7000,4200,1100,20500,7200,23400,2200,2900,11400,5000,5700,18100,400,14800,7100,12500,65300
4809.0,13.68,9845300,133076575.0,13.68,13.67,13.66,13.65,13.64,13.63,13.62,13.61,13.6,13.59,13.69,13.7,13.71,13.72,13.73,13.74,13.75,13.76,13.77,13.78,25100,46000,15900,7000,4200,1100,20500,7200,23400,2200,3700,11400,5000,5700,18100,400,14800,7100,12500,65800
4810.0,13.69,9847000,133099841.0,13.68,13.67,13.66,13.65,13.64,13.63,13.62,13.61,13.6,13.59,13.69,13.7,13.71,13.72,13.73,13.74,13.75,13.76,13.77,13.78,24400,46000,15900,7000,4200,1100,20500,7200,23400,2200,2700,11400,5000,5700,18100,400,14800,7100,12500,65800
4811.0,13.67,9873500,133462340.0,13.67,13.66,13.65,13.64,13.63,13.62,13.61,13.6,13.59,13.58,13.69,13.7,13.71,13.72,13.73,13.74,13.75,13.76,13.77,13.78,43900,15900,7000,4200,1100,20500,7200,23400,2200,17900,2700,13400,5000,5700,18100,400,14800,7100,12500,65800
4812.0,13.67,9873500,133462340.0,13.67,13.66,13.65,13.64,13.63,13.62,13.61,13.6,13.59,13.58,13.69,13.7,13.71,13.72,13.73,13.74,13.75,13.76,13.77,13.78,44600,15900,7000,4200,1100,20500,7200,23400,2200,17900,3900,13400,5000,5700,18100,400,14800,7100,12500,65800
4813.0,13.69,9873800,133466447.0,13.67,13.66,13.65,13.64,13.63,13.62,13.61,13.6,13.59,13.58,13.68,13.69,13.7,13.71,13.72,13.73,13.74,13.75,13.76,13.77,45100,15900,7000,4200,1100,20500,7200,23400,2200,17900,7700,3600,13400,5000,5700,18100,400,14800,7100,12500
4814.0,13.68,9874300,133473287.0,13.67,13.66,13.65,13.64,13.63,13.62,13.61,13.6,13.59,13.58,13.68,13.69,13.7,13.71,13.72,13.73,13.74,13.75,13.76,13.77,45100,15900,7000,4200,1100,20500,7200,23400,2200,17900,7200,3600,13400,5000,5700,18100,400,14800,7100,12500
4815.0,13.67,9905000,133892956.0,13.67,13.66,13.65,13.64,13.63,13.62,13.61,13.6,13.59,13.58,13.68,13.69,13.7,13.71,13.72,13.73,13.74,13.75,13.76,13.77,14400,16000,7000,4200,1100,20500,7200,23400,2200,17900,7200,3600,13400,5000,5700,18100,400,14800,7100,12500
4816.0,13.68,9905700,133902532.0,13.67,13.66,13.65,13.64,13.63,13.62,13.61,13.6,13.59,13.58,13.68,13.69,13.7,13.71,13.72,13.73,13.74,13.75,13.76,13.77,14400,16000,7000,4200,1100,20500,7200,23400,2200,17900,6500,3600,13400,5000,5700,18100,400,14800,7100,12500
4817.0,13.67,9908400,133939441.0,13.67,13.66,13.65,13.64,13.63,13.62,13.61,13.6,13.59,13.58,13.68,13.69,13.7,13.71,13.72,13.73,13.74,13.75,13.76,13.77,11700,16000,7000,4200,1100,20500,7200,23400,2200,17900,6500,3600,13400,5000,5700,18100,400,14800,7100,12500
4818.0,13.67,9921000,134111683.0,13.67,13.66,13.65,13.64,13.63,13.62,13.61,13.6,13.59,13.58,13.68,13.69,13.7,13.71,13.72,13.73,13.74,13.75,13.76,13.77,900,16000,7000,4200,1100,20500,7200,23400,2200,17900,6500,3600,13400,5000,5700,18100,400,16500,7100,12500
4819.0,13.68,9921600,134119891.0,13.67,13.66,13.65,13.64,13.63,13.62,13.61,13.6,13.59,13.58,13.68,13.69,13.7,13.71,13.72,13.73,13.74,13.75,13.76,13.77,900,16000,7000,4200,1100,20500,7200,23400,2200,17900,5900,3600,13400,5000,5700,18100,400,16500,7100,12500
4820.0,13.66,9925500,134173174.0,13.66,13.65,13.64,13.63,13.62,13.61,13.6,13.59,13.58,13.57,13.68,13.69,13.7,13.71,13.72,13.73,13.74,13.75,13.76,13.77,13000,7000,4200,1100,20500,7200,23400,2200,17900,2400,5900,2500,13400,5000,5700,18100,400,16500,7100,12500
4821.0,13.66,9925500,134173174.0,13.66,13.65,13.64,13.63,13.62,13.61,13.6,13.59,13.58,13.57,13.68,13.69,13.7,13.71,13.72,13.73,13.74,13.75,13.76,13.77,13000,7000,4200,1100,20500,7200,23400,2200,17900,2400,5900,2700,13400,5000,5700,18100,400,16500,7100,12500
4822.0,13.68,9926600,134188222.0,13.66,13.65,13.64,13.63,13.62,13.61,13.6,13.59,13.58,13.57,13.67,13.68,13.69,13.7,13.71,13.72,13.73,13.74,13.75,13.76,14800,7000,4200,1100,20500,7200,23400,2200,17900,2400,3900,6600,2700,13400,5000,5700,18100,400,16500,7100
4823.0,13.67,9926700,134189589.0,13.66,13.65,13.64,13.63,13.62,13.61,13.6,13.59,13.58,13.57,13.67,13.68,13.69,13.7,13.71,13.72,13.73,13.74,13.75,13.76,14800,7000,4200,1100,20500,7200,23400,2200,17900,2400,3800,6600,2700,14900,5000,5700,18100,400,16500,7100
4824.0,13.66,9927400,134199151.0,13.66,13.65,13.64,13.63,13.62,13.61,13.6,13.59,13.58,13.57,13.67,13.68,13.69,13.7,13.71,13.72,13.73,13.74,13.75,13.76,14100,7000,4200,1100,20500,7200,23400,2200,17900,2400,4900,6600,2800,12900,5000,5700,18100,400,16500,7100
4825.0,13.66,9930500,134241497.0,13.66,13.65,13.64,13.63,13.62,13.61,13.6,13.59,13.58,13.57,13.67,13.68,13.69,13.7,13.71,13.72,13.73,13.74,13.75,13.76,11000,7000,4200,1100,20500,7200,23400,2200,17900,2400,4900,6600,2800,12900,5000,5700,18100,400,16500,7100
4826.0,13.66,9930700,134244229.0,13.66,13.65,13.64,13.63,13.62,13.61,13.6,13.59,13.58,13.57,13.67,13.68,13.69,13.7,13.71,13.72,13.73,13.74,13.75,13.76,10800,7000,4200,1100,20500,7200,23400,2200,17900,2400,1100,6600,2800,12900,5000,5700,18100,400,13200,7100
4827.0,13.66,9930700,134244229.0,13.66,13.65,13.64,13.63,13.62,13.61,13.6,13.59,13.58,13.57,13.67,13.68,13.69,13.7,13.71,13.72,13.73,13.74,13.75,13.76,10800,7000,4200,1100,20500,7200,23400,2200,17900,2400,1100,6600,2800,12900,5000,5700,18100,400,13200,7100
4828.0,13.66,9931200,134251059.0,13.66,13.65,13.64,13.63,13.62,13.61,13.6,13.59,13.58,13.57,13.67,13.68,13.69,13.7,13.71,13.72,13.73,13.74,13.75,13.76,10300,7000,4200,1100,20500,7200,23400,2200,17900,2400,1600,6600,2800,12900,5000,5700,18100,400,13200,7100
4829.0,13.66,9931200,134251059.0,13.66,13.65,13.64,13.63,13.62,13.61,13.6,13.59,13.58,13.57,13.67,13.68,13.69,13.7,13.71,13.72,13.73,13.74,13.75,13.76,10300,7000,4200,1100,20500,7200,23400,2200,17900,2400,1600,6600,2800,12900,5000,5700,18100,400,11500,7100
4830.0,13.66,9931300,134252425.0,13.66,13.65,13.64,13.63,13.62,13.61,13.6,13.59,13.58,13.57,13.67,13.68,13.69,13.7,13.71,13.72,13.73,13.74,13.75,13.76,10200,7000,4200,1100,20500,7200,23400,2200,17900,2400,1600,6600,2800,13500,5000,5700,18100,400,11500,7100
4831.0,13.66,9933000,134275647.0,13.66,13.65,13.64,13.63,13.62,13.61,13.6,13.59,13.58,13.57,13.67,13.68,13.69,13.7,13.71,13.72,13.73,13.74,13.75,13.76,8500,7000,4200,1100,20500,7200,23400,2200,17900,2400,500,6600,2800,13500,5000,5700,18100,400,11500,7100
4832.0,13.66,9939500,134364437.0,13.66,13.65,13.64,13.63,13.62,13.61,13.6,13.59,13.58,13.57,13.67,13.68,13.69,13.7,13.71,13.72,13.73,13.74,13.75,13.76,2000,7500,4200,1100,20500,7200,23400,2200,17900,2400,500,6600,2800,13500,5000,5700,18100,400,11500,7100
4833.0,13.62,9955700,134585486.0,13.62,13.61,13.6,13.59,13.58,13.57,13.56,13.55,13.54,13.53,13.67,13.68,13.69,13.7,13.71,13.72,13.73,13.74,13.75,13.76,19200,7200,23400,2200,17900,2400,1900,12300,7900,4500,400,1800,2800,13500,5000,5700,18100,400,11500,7100
4834.0,13.62,9955700,134585486.0,13.63,13.62,13.61,13.6,13.59,13.58,13.57,13.56,13.55,13.54,13.67,13.68,13.69,13.7,13.71,13.72,13.73,13.74,13.75,13.76,100,19200,7200,23400,2200,17900,2400,1900,12300,7900,2400,1800,2800,13500,5000,5700,18100,400,11500,7100
4835.0,13.63,9955800,134586849.0,13.62,13.61,13.6,13.59,13.58,13.57,13.56,13.55,13.54,13.53,13.63,13.64,13.65,13.67,13.68,13.69,13.7,13.71,13.72,13.73,21200,7200,23400,2200,17900,2400,1900,12300,7900,4500,2300,500,1700,2400,1800,2800,13500,5000,5700,18100
4836.0,13.63,9956200,134592301.0,13.62,13.61,13.6,13.59,13.58,13.57,13.56,13.55,13.54,13.53,13.63,13.64,13.65,13.67,13.68,13.69,13.7,13.71,13.72,13.73,21200,7200,23400,2200,17900,2400,1900,12300,7900,4500,2200,500,1700,2400,1800,2800,13500,5000,5700,18100
4837.0,13.62,9970400,134785843.0,13.62,13.61,13.6,13.59,13.58,13.57,13.56,13.55,13.54,13.53,13.63,13.64,13.65,13.67,13.68,13.69,13.7,13.71,13.72,13.73,20800,7200,23400,2200,17900,2400,1900,12300,7900,4500,1800,500,1700,2400,1800,2800,13500,5000,5700,18100
4838.0,13.62,9971100,134795377.0,13.62,13.61,13.6,13.59,13.58,13.57,13.56,13.55,13.54,13.53,13.63,13.64,13.65,13.67,13.68,13.69,13.7,13.71,13.72,13.73,20100,7200,23400,2200,17900,2400,1900,12300,7900,4500,1800,500,1700,2400,1800,2800,13500,5000,5700,18100
4839.0,13.62,9971100,134795377.0,13.62,13.61,13.6,13.59,13.58,13.57,13.56,13.55,13.54,13.53,13.63,13.64,13.65,13.67,13.68,13.69,13.7,13.71,13.72,13.73,20100,7200,23400,2200,17900,2400,1900,12300,7900,4500,2400,500,1700,2400,1800,2800,13500,5000,5700,18100
4840.0,13.63,9971300,134798103.0,13.62,13.61,13.6,13.59,13.58,13.57,13.56,13.55,13.54,13.53,13.63,13.64,13.65,13.67,13.68,13.69,13.7,13.71,13.72,13.73,20100,7200,23400,2200,17900,2400,1900,12300,7900,4500,3300,500,1700,2400,1800,2800,13500,5000,5700,18100
4841.0,13.63,9971300,134798103.0,13.62,13.61,13.6,13.59,13.58,13.57,13.56,13.55,13.54,13.53,13.63,13.64,13.65,13.67,13.68,13.69,13.7,13.71,13.72,13.73,20100,7200,23400,2200,17900,2400,1900,12300,7900,4500,3300,500,1700,2400,1800,2800,13500,5000,5700,18100
4842.0,13.63,9972300,134811733.0,13.62,13.61,13.6,13.59,13.58,13.57,13.56,13.55,13.54,13.53,13.63,13.64,13.65,13.67,13.68,13.69,13.7,13.71,13.72,13.73,20100,7200,23400,2500,17900,2400,1900,12300,7900,4500,2300,500,1700,2000,1800,2800,13800,5000,5700,18100
4843.0,13.63,9972500,134814459.0,13.62,13.61,13.6,13.59,13.58,13.57,13.56,13.55,13.54,13.53,13.63,13.64,13.65,13.67,13.68,13.69,13.7,13.71,13.72,13.73,20100,7200,23400,2500,17900,2400,1900,12300,7900,4500,2100,500,1700,2000,1800,2800,13800,5000,5700,18100
4844.0,13.63,9972500,134814459.0,13.62,13.61,13.6,13.59,13.58,13.57,13.56,13.55,13.54,13.53,13.63,13.64,13.65,13.67,13.68,13.69,13.7,13.71,13.72,13.73,20100,7200,23400,2500,17900,2400,1900,12300,7900,4500,2100,500,1700,2000,1800,2800,13800,5000,5700,18100
4845.0,13.62,9980300,134920699.0,13.62,13.61,13.6,13.59,13.58,13.57,13.56,13.55,13.54,13.53,13.63,13.64,13.65,13.67,13.68,13.69,13.7,13.71,13.72,13.73,12700,7200,23400,2500,17900,2400,1900,12300,7900,4500,1700,500,1700,2000,1800,2800,13800,5000,5700,18100
4846.0,13.62,9985900,134996972.0,13.62,13.61,13.6,13.59,13.58,13.57,13.56,13.55,13.54,13.53,13.63,13.64,13.65,13.67,13.68,13.69,13.7,13.71,13.72,13.73,7200,7200,23200,2500,17900,2400,1900,12300,7900,4500,1600,500,1700,2000,1800,2800,13800,5000,5700,18100
4847.0,13.63,9986200,135001061.0,13.62,13.61,13.6,13.59,13.58,13.57,13.56,13.55,13.54,13.53,13.63,13.64,13.65,13.67,13.68,13.69,13.7,13.71,13.72,13.73,7200,7200,23200,2500,17900,2400,1900,12300,7900,4500,1800,500,1700,2000,1800,2800,14300,5000,5700,18100
4848.0,13.63,9986200,135001061.0,13.62,13.61,13.6,13.59,13.58,13.57,13.56,13.55,13.54,13.53,13.63,13.64,13.65,13.67,13.68,13.69,13.7,13.71,13.72,13.73,7200,7200,23200,2500,17900,2400,1900,12300,7900,4500,2000,500,1700,2000,1800,2800,14300,5000,5700,18100
4849.0,13.62,9987300,135016045.0,13.62,13.61,13.6,13.59,13.58,13.57,13.56,13.55,13.54,13.53,13.63,13.64,13.65,13.67,13.68,13.69,13.7,13.71,13.72,13.73,6300,7600,21800,2500,17900,2400,1900,13300,7900,4500,1800,500,1700,2000,1800,2800,14300,5000,5700,18100
4850.0,13.63,9988200,135028312.0,13.62,13.61,13.6,13.59,13.58,13.57,13.56,13.55,13.54,13.53,13.63,13.64,13.65,13.67,13.68,13.69,13.7,13.71,13.72,13.73,6300,9000,21800,2500,17900,2400,1900,13300,7900,4500,900,500,1700,2000,1800,2800,14300,5000,5700,18100
4851.0,13.63,9988200,135028312.0,13.62,13.61,13.6,13.59,13.58,13.57,13.56,13.55,13.54,13.53,13.63,13.64,13.67,13.68,13.69,13.7,13.71,13.72,13.73,13.74,6300,9000,21800,2500,17900,2400,1900,13300,7900,4500,700,500,2000,1800,2800,14300,5000,5700,18100,400
4852.0,13.62,9989200,135041932.0,13.62,13.61,13.6,13.59,13.58,13.57,13.56,13.55,13.54,13.53,13.63,13.64,13.67,13.68,13.69,13.7,13.71,13.72,13.73,13.74,5300,9000,21800,2500,17900,2400,1900,13300,7900,4500,700,500,2000,1800,2800,14300,5000,5700,18100,400
4853.0,13.62,9989400,135044656.0,13.62,13.61,13.6,13.59,13.58,13.57,13.56,13.55,13.54,13.53,13.63,13.64,13.67,13.68,13.69,13.7,13.71,13.72,13.73,13.74,5100,9000,21800,2500,17900,2400,1900,13300,7900,4500,500,500,2000,1800,2800,14300,5000,5700,18100,400
4854.0,13.62,9989400,135044656.0,13.62,13.61,13.6,13.59,13.58,13.57,13.56,13.55,13.54,13.53,13.63,13.64,13.67,13.68,13.69,13.7,13.71,13.72,13.73,13.74,5100,9000,24500,2500,17900,2400,1900,13300,7900,4500,500,500,2000,1800,2800,14300,5000,5700,18100,400
4855.0,13.62,9989400,135044656.0,13.62,13.61,13.6,13.59,13.58,13.57,13.56,13.55,13.54,13.53,13.63,13.64,13.67,13.68,13.69,13.7,13.71,13.72,13.73,13.74,5100,9100,24500,2500,17900,2400,1900,13300,7900,4500,2500,500,2000,1800,2400,14300,5000,5700,18100,400
4856.0,13.62,9992300,135084162.0,13.62,13.61,13.6,13.59,13.58,13.57,13.56,13.55,13.54,13.53,13.63,13.64,13.67,13.68,13.69,13.7,13.71,13.72,13.73,13.74,3000,9100,24500,2500,17900,2400,1900,13300,7900,4500,1700,500,2000,1800,2400,14300,5000,5700,18100,400
4857.0,13.63,9992400,135085525.0,13.62,13.61,13.6,13.59,13.58,13.57,13.56,13.55,13.54,13.53,13.63,13.64,13.67,13.68,13.69,13.7,13.71,13.72,13.73,13.74,3000,9100,24500,2500,17900,2400,1900,13300,7900,4500,1600,500,2000,1800,2400,14300,5000,5700,18100,400
4858.0,13.63,9992400,135085525.0,13.62,13.61,13.6,13.59,13.58,13.57,13.56,13.55,13.54,13.53,13.63,13.64,13.67,13.68,13.69,13.7,13.71,13.72,13.73,13.74,3000,9100,24500,2500,17900,2400,1900,13300,7900,4500,1600,500,2000,1800,2400,14300,5000,5700,18100,400
4859.0,13.6,10005100,135258396.0,13.6,13.59,13.58,13.57,13.56,13.55,13.54,13.53,13.52,13.51,13.63,13.64,13.67,13.68,13.69,13.7,13.71,13.72,13.73,13.74,23900,2500,17900,2400,1900,13300,7900,4500,15000,15000,1600,500,2000,1800,2400,14300,5000,5700,18100,400
4860.0,13.6,10005700,135266559.0,13.6,13.59,13.58,13.57,13.56,13.55,13.54,13.53,13.52,13.51,13.63,13.64,13.67,13.68,13.69,13.7,13.71,13.72,13.73,13.74,24800,2500,17900,2400,1900,13300,7900,4500,15000,15000,2900,500,2000,1800,2400,14300,5000,5700,18100,400
4861.0,13.6,10011200,135341359.0,13.6,13.59,13.58,13.57,13.56,13.55,13.54,13.53,13.52,13.51,13.63,13.64,13.67,13.68,13.69,13.7,13.71,13.72,13.73,13.74,21600,2500,17900,2400,1900,13300,7900,4500,15000,15000,5200,500,2000,1800,2400,14300,5000,5700,18100,400
4862.0,13.6,10013100,135367199.0,13.6,13.59,13.58,13.57,13.56,13.55,13.54,13.53,13.52,13.51,13.63,13.64,13.67,13.68,13.69,13.7,13.71,13.72,13.73,13.74,22100,2500,17900,2400,1900,13300,7900,4500,15000,15000,11500,500,2000,1800,2400,14300,5000,5700,18100,400
4863.0,13.63,10013800,135376740.0,13.6,13.59,13.58,13.57,13.56,13.55,13.54,13.53,13.52,13.51,13.61,13.63,13.64,13.67,13.68,13.69,13.7,13.71,13.72,13.73,22100,2500,17900,2400,1900,13300,7900,4500,15000,15000,3500,10800,500,2000,1800,2400,14300,5000,5700,18100
4864.0,13.61,10015500,135399865.0,13.6,13.59,13.58,13.57,13.56,13.55,13.54,13.53,13.52,13.51,13.61,13.63,13.64,13.67,13.68,13.69,13.7,13.71,13.72,13.73,21100,2500,17900,2400,1900,13300,7900,4500,15000,15000,3000,10800,500,2000,1800,2400,14300,5000,5700,18100
4865.0,13.6,10035900,135677305.0,13.6,13.59,13.58,13.57,13.56,13.55,13.54,13.53,13.52,13.51,13.61,13.63,13.64,13.67,13.68,13.69,13.7,13.71,13.72,13.73,700,2500,17900,2400,1900,13300,7900,4500,15000,15000,3000,10800,500,2000,1800,2400,14300,5000,5700,18100
4866.0,13.61,10036200,135681388.0,13.6,13.59,13.58,13.57,13.56,13.55,13.54,13.53,13.52,13.51,13.61,13.63,13.64,13.67,13.68,13.69,13.7,13.71,13.72,13.73,700,2500,17900,2400,1900,13300,7900,4500,16100,15000,2700,10800,500,2000,1800,2400,14300,5000,5700,18100
4867.0,13.61,10036600,135686832.0,13.6,13.59,13.58,13.57,13.56,13.55,13.54,13.53,13.52,13.51,13.61,13.63,13.64,13.67,13.68,13.69,13.7,13.71,13.72,13.73,700,6500,17900,2400,1900,13300,7900,4500,16100,15000,4300,10800,500,2000,1800,2400,14300,5000,5700,18100
4868.0,13.6,10038100,135707240.0,13.59,13.58,13.57,13.56,13.55,13.54,13.53,13.52,13.51,13.5,13.6,13.61,13.63,13.64,13.67,13.68,13.69,13.7,13.71,13.72,6500,17900,2400,1900,13300,7900,4500,15000,15000,24700,300,3500,10800,500,2000,1800,3800,14300,5000,5700
4869.0,13.59,10039800,135730343.0,13.59,13.58,13.57,13.56,13.55,13.54,13.53,13.52,13.51,13.5,13.6,13.61,13.63,13.64,13.67,13.68,13.69,13.7,13.71,13.72,4800,17900,2400,1900,13300,7900,4500,15000,15000,24700,1100,3500,10800,500,2000,1800,3800,14300,5000,5700
4870.0,13.59,10041300,135750728.0,13.59,13.58,13.57,13.56,13.55,13.54,13.53,13.52,13.51,13.5,13.6,13.61,13.63,13.64,13.67,13.68,13.69,13.7,13.71,13.72,3300,17900,2400,1900,13300,7900,4500,15000,15000,24700,1200,3500,10800,500,2000,1800,3800,3200,5000,5700
4871.0,13.59,10041300,135750728.0,13.59,13.58,13.57,13.56,13.55,13.54,13.53,13.52,13.51,13.5,13.6,13.61,13.63,13.64,13.67,13.68,13.69,13.7,13.71,13.72,3300,17900,2400,1900,13300,7900,4500,15000,15000,24700,1200,3500,10800,500,2000,1800,3800,3200,5000,5700
4872.0,13.59,10043400,135779278.0,13.59,13.58,13.57,13.56,13.55,13.54,13.53,13.52,13.51,13.5,13.6,13.61,13.63,13.64,13.67,13.68,13.69,13.7,13.71,13.72,2700,17900,2400,1900,13300,7900,4500,15000,15000,24700,100,3500,6900,500,2000,1800,3800,3200,5100,5700
4873.0,13.59,10043600,135781996.0,13.59,13.58,13.57,13.56,13.55,13.54,13.53,13.52,13.51,13.5,13.6,13.61,13.63,13.64,13.67,13.68,13.69,13.7,13.71,13.72,2500,17900,2400,1900,13300,7900,4500,15000,16100,24700,100,3500,6900,500,2000,1800,3800,3200,5100,5700
4874.0,13.59,10046100,135815971.0,13.58,13.57,13.56,13.55,13.54,13.53,13.52,13.51,13.5,13.49,13.59,13.6,13.61,13.63,13.64,13.67,13.68,13.69,13.7,13.71,17900,2400,1900,13300,7900,4500,15000,16100,24700,700,800,100,3500,6900,500,2000,1800,3800,3200,5100
4875.0,13.59,10046100,135815971.0,13.58,13.57,13.56,13.55,13.54,13.53,13.52,13.51,13.5,13.49,13.59,13.6,13.61,13.62,13.63,13.64,13.67,13.68,13.69,13.7,17900,2400,2100,13300,7900,4500,15000,16100,24700,700,800,100,3500,500,6900,500,2000,1800,3800,3200
4876.0,13.59,10046100,135815971.0,13.58,13.57,13.56,13.55,13.54,13.53,13.52,13.51,13.5,13.49,13.59,13.6,13.61,13.62,13.63,13.64,13.67,13.68,13.69,13.7,17900,2400,2100,13300,7900,4500,15000,16100,24700,700,6500,100,3500,500,6900,500,2000,1800,3800,3200
4877.0,13.59,10047600,135836356.0,13.58,13.57,13.56,13.55,13.54,13.53,13.52,13.51,13.5,13.49,13.59,13.6,13.61,13.62,13.63,13.64,13.67,13.68,13.69,13.7,19100,2400,2100,13300,7900,4500,15000,16100,24700,700,5500,100,3500,500,6900,500,2000,1800,3800,3200
4878.0,13.59,10048600,135849946.0,13.58,13.57,13.56,13.55,13.54,13.53,13.52,13.51,13.5,13.49,13.59,13.6,13.61,13.62,13.63,13.64,13.67,13.68,13.69,13.7,19100,2400,2100,13300,7900,4500,15000,16100,24700,700,4500,1600,3500,500,6900,500,2000,1800,3800,3200
4879.0,13.59,10049500,135862177.0,13.58,13.57,13.56,13.55,13.54,13.53,13.52,13.51,13.5,13.49,13.59,13.6,13.61,13.62,13.63,13.64,13.67,13.68,13.69,13.7,19100,2400,2100,13300,7900,4500,15000,16100,24700,700,5200,1600,3500,500,6900,500,2000,1800,3800,3200
4880.0,13.58,10055800,135947747.0,13.58,13.57,13.56,13.55,13.54,13.53,13.52,13.51,13.5,13.49,13.59,13.6,13.61,13.62,13.63,13.64,13.67,13.68,13.69,13.7,14400,2600,2100,13300,7900,4500,15000,16100,24700,700,3600,1600,3500,500,6900,500,2000,1800,3800,3200
4881.0,13.59,10056800,135961330.0,13.58,13.57,13.56,13.55,13.54,13.53,13.52,13.51,13.5,13.49,13.59,13.6,13.61,13.62,13.63,13.64,13.67,13.68,13.69,13.7,13700,2600,2100,13300,7900,4500,15000,16100,24700,700,7200,1600,3500,500,6900,500,2000,1800,3800,3200
4882.0,13.59,10057500,135970843.0,13.58,13.57,13.56,13.55,13.54,13.53,13.52,13.51,13.5,13.49,13.59,13.6,13.61,13.62,13.63,13.64,13.67,13.68,13.69,13.7,13700,2600,2100,13300,7900,4500,15000,16100,24700,700,6500,1600,3500,500,6900,500,2000,1800,3800,3200
4883.0,13.59,10057500,135970843.0,13.58,13.57,13.56,13.55,13.54,13.53,13.52,13.51,13.5,13.49,13.59,13.6,13.61,13.62,13.63,13.64,13.67,13.68,13.69,13.7,13700,2600,2100,13300,7900,4500,15000,16100,24700,700,6500,1600,3500,500,6900,500,2000,1800,3800,3200
4884.0,13.59,10058100,135978997.0,13.58,13.57,13.56,13.55,13.54,13.53,13.52,13.51,13.5,13.49,13.59,13.6,13.61,13.62,13.63,13.64,13.67,13.68,13.69,13.7,13700,2600,2100,13300,8100,4500,15000,16100,24700,700,5900,1600,3500,500,6900,500,2000,1800,3800,3200
4885.0,13.6,10067500,136106759.0,13.6,13.59,13.58,13.57,13.56,13.55,13.54,13.53,13.52,13.51,13.61,13.62,13.63,13.64,13.67,13.68,13.69,13.7,13.71,13.72,21000,19400,13700,2600,2100,13300,8100,4500,15000,16100,3500,500,6900,500,2000,1800,3800,3200,5100,5700
4886.0,13.6,10074300,136199239.0,13.6,13.59,13.58,13.57,13.56,13.55,13.54,13.53,13.52,13.51,13.61,13.62,13.63,13.64,13.67,13.68,13.69,13.7,13.71,13.72,14200,19400,13700,2600,2100,13300,8100,4500,15000,16100,3500,500,6900,500,2000,1800,3800,3200,5100,5700
4887.0,13.61,10074600,136203322.0,13.6,13.59,13.58,13.57,13.56,13.55,13.54,13.53,13.52,13.51,13.61,13.62,13.63,13.64,13.67,13.68,13.69,13.7,13.71,13.72,14200,19600,13700,2600,2100,13300,8100,4500,15000,16100,3200,500,6900,500,2000,1800,3800,3200,5100,5700
4888.0,13.61,10079800,136274076.0,13.61,13.6,13.59,13.58,13.57,13.56,13.55,13.54,13.53,13.52,13.62,13.63,13.64,13.67,13.68,13.69,13.7,13.71,13.72,13.73,6300,12400,20100,13700,2600,2100,13300,8100,4500,15000,500,6900,500,2000,1800,3800,3200,5100,5700,18100
4889.0,13.61,10080200,136279520.0,13.61,13.6,13.59,13.58,13.57,13.56,13.55,13.54,13.53,13.52,13.62,13.63,13.64,13.67,13.68,13.69,13.7,13.71,13.72,13.73,6500,12400,21600,13700,4100,2100,13300,8100,4500,15000,500,6900,500,2000,1800,3800,3200,5100,5700,18100
4890.0,13.61,10084500,136338043.0,13.61,13.6,13.59,13.58,13.57,13.56,13.55,13.54,13.53,13.52,13.62,13.63,13.64,13.67,13.68,13.69,13.7,13.71,13.72,13.73,3700,12700,21600,13700,4100,2100,13300,8100,4500,15000,500,6900,500,2000,1800,3800,3200,5100,5700,18100
4891.0,13.62,10084600,136339405.0,13.61,13.6,13.59,13.58,13.57,13.56,13.55,13.54,13.53,13.52,13.62,13.63,13.64,13.67,13.68,13.69,13.7,13.71,13.72,13.73,3700,12700,21600,13700,4100,2100,13300,8100,4500,15000,400,6900,500,2000,1800,3800,3200,5100,5700,18100
4892.0,13.62,10084600,136339405.0,13.61,13.6,13.59,13.58,13.57,13.56,13.55,13.54,13.53,13.52,13.62,13.63,13.64,13.67,13.68,13.69,13.7,13.71,13.72,13.73,3700,12700,21600,13700,4100,2100,13300,8100,4500,15000,400,6900,500,2000,1800,3800,3200,5100,5700,18100
4893.0,13.62,10084600,136339405.0,13.61,13.6,13.59,13.58,13.57,13.56,13.55,13.54,13.53,13.52,13.62,13.63,13.64,13.67,13.68,13.69,13.7,13.71,13.72,13.73,3700,12700,21600,13700,4100,2100,13300,8100,4500,15000,400,6900,500,2000,1800,3800,3200,5100,5400,18100
4894.0,13.61,10085400,136350293.0,13.61,13.6,13.59,13.58,13.57,13.56,13.55,13.54,13.53,13.52,13.62,13.63,13.64,13.67,13.68,13.69,13.7,13.71,13.72,13.73,2900,16100,21700,13700,4100,2100,13300,8100,4500,15000,400,6900,500,2000,1800,3800,3200,5100,5400,18100
4895.0,13.61,10085600,136353015.0,13.61,13.6,13.59,13.58,13.57,13.56,13.55,13.54,13.53,13.52,13.62,13.63,13.64,13.67,13.68,13.69,13.7,13.71,13.72,13.73,2700,16100,21700,13700,4100,2100,13300,8100,4500,15000,400,6900,500,2000,1800,3800,3200,5100,5400,18100
4896.0,13.61,10085600,136353015.0,13.61,13.6,13.59,13.58,13.57,13.56,13.55,13.54,13.53,13.52,13.62,13.63,13.64,13.67,13.68,13.69,13.7,13.71,13.72,13.73,2700,16300,21200,13700,4100,2100,13300,8100,4500,15000,400,6900,500,2000,2300,3800,3200,5100,5400,18100
4897.0,13.61,10085600,136353015.0,13.61,13.6,13.59,13.58,13.57,13.56,13.55,13.54,13.53,13.52,13.62,13.63,13.64,13.67,13.68,13.69,13.7,13.71,13.72,13.73,2700,16300,21200,13700,4100,2100,14300,8100,4500,15000,400,6900,500,2000,2300,3800,3200,4900,5400,18100
4898.0,13.61,10088300,136389762.0,13.6,13.59,13.58,13.57,13.56,13.55,13.54,13.53,13.52,13.51,13.61,13.62,13.63,13.64,13.67,13.68,13.69,13.7,13.71,13.72,16300,21200,13700,4700,2100,14300,8100,4500,15000,16100,7300,400,6900,500,2000,2300,3800,3200,4900,5400
4899.0,13.61,10089000,136399289.0,13.6,13.59,13.58,13.57,13.56,13.55,13.54,13.53,13.52,13.51,13.61,13.62,13.63,13.64,13.67,13.68,13.69,13.7,13.71,13.72,21300,21200,13700,4700,2100,14300,8100,4500,15000,16100,6600,400,6900,500,2000,2300,3800,3200,4900,5400
4900.0,13.61,10089000,136399289.0,13.6,13.59,13.58,13.57,13.56,13.55,13.54,13.53,13.52,13.51,13.61,13.62,13.63,13.64,13.67,13.68,13.69,13.7,13.71,13.72,22200,21200,13700,4700,2100,14300,8100,4500,15000,16100,6600,400,6900,500,2000,2300,3800,3200,4900,5400
4901.0,13.61,10089000,136399289.0,13.6,13.59,13.58,13.57,13.56,13.55,13.54,13.53,13.52,13.51,13.61,13.62,13.63,13.64,13.67,13.68,13.69,13.7,13.71,13.72,22200,21200,13700,4500,2100,14300,8100,4500,15000,16100,6600,2400,6900,500,2000,2300,3800,3200,4900,5400
4902.0,13.61,10090300,136416982.0,13.6,13.59,13.58,13.57,13.56,13.55,13.54,13.53,13.52,13.51,13.61,13.62,13.63,13.64,13.67,13.68,13.69,13.7,13.71,13.72,22700,21200,12500,4500,2100,14300,8100,4500,15000,16100,5500,2400,6900,500,2000,2300,3800,3200,4900,5400
4903.0,13.62,10098900,136534045.0,13.62,13.61,13.6,13.59,13.58,13.57,13.56,13.55,13.54,13.53,13.63,13.64,13.67,13.68,13.69,13.7,13.71,13.72,13.73,13.74,100,1200,20900,21200,12500,4500,2100,14300,8100,4500,6900,500,2000,2300,3800,3200,4900,5400,18100,400
4904.0,13.6,10100500,136555819.0,13.6,13.59,13.58,13.57,13.56,13.55,13.54,13.53,13.52,13.51,13.63,13.64,13.67,13.68,13.69,13.7,13.71,13.72,13.73,13.74,20600,21200,12500,4500,2100,14300,8100,4500,15000,16100,6900,500,2000,2300,3800,3200,4900,5400,18100,400
4905.0,13.6,10100800,136559899.0,13.6,13.59,13.58,13.57,13.56,13.55,13.54,13.53,13.52,13.51,13.61,13.63,13.64,13.67,13.68,13.69,13.7,13.71,13.72,13.73,21400,21200,12500,4500,2100,14300,8100,4500,15000,16100,100,9800,500,2000,2300,3800,3200,4900,5400,18100
4906.0,13.6,10100800,136559899.0,13.6,13.59,13.58,13.57,13.56,13.55,13.54,13.53,13.52,13.51,13.61,13.63,13.64,13.67,13.68,13.69,13.7,13.71,13.72,13.73,23200,21300,12500,4500,3500,14300,8100,4500,15000,16100,100,9800,500,2000,2300,3800,3200,4900,5400,18100
4907.0,13.6,10105700,136626539.0,13.6,13.59,13.58,13.57,13.56,13.55,13.54,13.53,13.52,13.51,13.61,13.63,13.64,13.67,13.68,13.69,13.7,13.71,13.72,13.73,18400,21300,12500,4500,3500,14300,8100,4500,15000,16100,100,9800,500,2000,2300,3800,3200,4900,5400,18100
4908.0,13.6,10106200,136633339.0,13.6,13.59,13.58,13.57,13.56,13.55,13.54,13.53,13.52,13.51,13.61,13.63,13.64,13.67,13.68,13.69,13.7,13.71,13.72,13.73,17900,21300,12500,4500,3500,14300,8100,4500,15000,16100,100,9800,500,2000,2300,3800,3200,4900,5400,18100
4909.0,13.6,10106200,136633339.0,13.6,13.59,13.58,13.57,13.56,13.55,13.54,13.53,13.52,13.51,13.61,13.63,13.64,13.67,13.68,13.69,13.7,13.71,13.72,13.73,23500,21300,12500,4500,3500,14300,8100,4500,15000,16100,100,9800,500,2000,2300,3800,3200,4900,5400,18100
4910.0,13.6,10106900,136642859.0,13.6,13.59,13.58,13.57,13.56,13.55,13.54,13.53,13.52,13.51,13.61,13.63,13.64,13.67,13.68,13.69,13.7,13.71,13.72,13.73,25300,21300,12500,4500,3500,14300,8100,4500,15000,16100,100,9800,500,2000,2300,3800,2700,4900,5400,18100
4911.0,13.6,10106900,136642859.0,13.6,13.59,13.58,13.57,13.56,13.55,13.54,13.53,13.52,13.51,13.61,13.63,13.64,13.67,13.68,13.69,13.7,13.71,13.72,13.73,26900,21300,12500,4500,3500,14300,8100,4500,15000,16100,100,9800,500,2000,2300,3800,2700,4900,5400,18100
4912.0,13.6,10107900,136656459.0,13.6,13.59,13.58,13.57,13.56,13.55,13.54,13.53,13.52,13.51,13.61,13.63,13.64,13.67,13.68,13.69,13.7,13.71,13.72,13.73,26000,21300,12500,4500,3500,14300,8100,4500,15000,16100,100,9800,500,2000,2300,3800,2700,4900,5400,18100
4913.0,13.6,10107900,136656459.0,13.6,13.59,13.58,13.57,13.56,13.55,13.54,13.53,13.52,13.51,13.61,13.63,13.64,13.67,13.68,13.69,13.7,13.71,13.72,13.73,27700,28600,12500,4500,3500,14300,8100,4500,15000,16100,100,9800,500,2000,2300,3800,2700,4900,5400,18100
4914.0,13.6,10107900,136656459.0,13.6,13.59,13.58,13.57,13.56,13.55,13.54,13.53,13.52,13.51,13.61,13.63,13.64,13.67,13.68,13.69,13.7,13.71,13.72,13.73,29000,28900,12500,4500,3500,14300,8100,4500,15000,16100,100,9800,500,2000,2300,3800,2700,4900,5400,18100
4915.0,13.6,10110400,136690459.0,13.6,13.59,13.58,13.57,13.56,13.55,13.54,13.53,13.52,13.51,13.61,13.63,13.64,13.67,13.68,13.69,13.7,13.71,13.72,13.73,26500,28900,12500,4500,3500,14300,8100,4500,15000,16100,100,9800,500,2000,2300,3800,2700,4900,5400,18100
4916.0,13.61,10110500,136691820.0,13.61,13.6,13.59,13.58,13.57,13.56,13.55,13.54,13.53,13.52,13.63,13.64,13.67,13.68,13.69,13.7,13.71,13.72,13.73,13.74,3900,27200,28900,12500,4500,3500,14300,8100,4500,15000,9800,500,2000,2300,3800,2700,4900,5400,18100,400
4917.0,13.61,10110800,136695903.0,13.61,13.6,13.59,13.58,13.57,13.56,13.55,13.54,13.53,13.52,13.63,13.64,13.67,13.68,13.69,13.7,13.71,13.72,13.73,13.74,3600,27200,28900,12500,4500,3500,14300,8100,4500,15000,9800,500,2000,2300,3800,2700,4900,5400,18100,400
4918.0,13.61,10111800,136709527.0,13.61,13.6,13.59,13.58,13.57,13.56,13.55,13.54,13.53,13.52,13.63,13.64,13.67,13.68,13.69,13.7,13.71,13.72,13.73,13.74,16600,27200,28700,12500,4500,3500,14300,8100,4500,15000,10900,500,2000,2300,3800,2700,4900,5400,18100,400
4919.0,13.63,10112000,136712253.0,13.61,13.6,13.59,13.58,13.57,13.56,13.55,13.54,13.53,13.52,13.63,13.64,13.67,13.68,13.69,13.7,13.71,13.72,13.73,13.74,17500,27200,28700,12500,4500,3500,14300,8100,4500,15000,10700,500,2000,2300,3800,2700,4900,5400,18100,400
4920.0,13.61,10114900,136751722.0,13.61,13.6,13.59,13.58,13.57,13.56,13.55,13.54,13.53,13.52,13.63,13.64,13.67,13.68,13.69,13.7,13.71,13.72,13.73,13.74,16500,27200,28700,12500,4500,3500,14300,8100,4500,15000,10700,500,2000,2300,3800,2700,4900,5400,18100,400
4921.0,13.63,10115600,136761263.0,13.61,13.6,13.59,13.58,13.57,13.56,13.55,13.54,13.53,13.52,13.63,13.64,13.67,13.68,13.69,13.7,13.71,13.72,13.73,13.74,18300,28100,28700,12500,4500,3500,14300,8100,4500,15000,11800,500,2000,2300,3800,2700,4900,5400,18100,400
4922.0,13.63,10115600,136761263.0,13.62,13.61,13.6,13.59,13.58,13.57,13.56,13.55,13.54,13.53,13.63,13.64,13.67,13.68,13.69,13.7,13.71,13.72,13.73,13.74,200,19800,28200,28700,12500,4500,3500,14300,8100,4500,11800,500,2000,2300,3800,2700,4900,5400,18100,400
4923.0,13.63,10115600,136761263.0,13.62,13.61,13.6,13.59,13.58,13.57,13.56,13.55,13.54,13.53,13.63,13.64,13.67,13.68,13.69,13.7,13.71,13.72,13.73,13.74,200,19800,25200,28700,12500,4500,3500,14300,8100,4500,11800,500,2000,2300,3800,2700,4900,5400,18100,400
4924.0,13.63,10117700,136789886.0,13.62,13.61,13.6,13.59,13.58,13.57,13.56,13.55,13.54,13.53,13.63,13.64,13.67,13.68,13.69,13.7,13.71,13.72,13.73,13.74,200,19800,25200,28700,12500,4500,3500,14300,8100,4500,9700,500,2000,2300,3800,2700,4900,5400,18100,400
4925.0,13.61,10132600,136992677.0,13.61,13.6,13.59,13.58,13.57,13.56,13.55,13.54,13.53,13.52,13.63,13.64,13.67,13.68,13.69,13.7,13.71,13.72,13.73,13.74,5100,25200,28700,12500,4500,3500,14300,8100,4500,15000,9700,500,2000,2300,3800,2700,4900,5400,18100,400
4926.0,13.61,10132600,136992677.0,13.62,13.61,13.6,13.59,13.58,13.57,13.56,13.55,13.54,13.53,13.63,13.64,13.67,13.68,13.69,13.7,13.71,13.72,13.73,13.74,300,5100,27400,28700,12500,4500,3500,14300,8100,4500,9700,500,2000,2300,3800,2700,4900,5400,18100,400
4927.0,13.63,10133300,137002218.0,13.62,13.61,13.6,13.59,13.58,13.57,13.56,13.55,13.54,13.53,13.63,13.64,13.67,13.68,13.69,13.7,13.71,13.72,13.73,13.74,500,5100,27400,28700,12500,4500,3500,14300,8100,4500,9000,500,2000,2300,3800,2700,4900,5400,18100,400
4928.0,13.63,10133300,137002218.0,13.62,13.61,13.6,13.59,13.58,13.57,13.56,13.55,13.54,13.53,13.63,13.64,13.67,13.68,13.69,13.7,13.71,13.72,13.73,13.74,500,5100,27400,28700,12500,4500,3500,14300,8400,4500,9000,500,2000,2300,3800,2700,4900,5400,18100,400
4929.0,13.63,10133300,137002218.0,13.62,13.61,13.6,13.59,13.58,13.57,13.56,13.55,13.54,13.53,13.63,13.64,13.67,13.68,13.69,13.7,13.71,13.72,13.73,13.74,500,5100,27800,28700,12500,4500,3500,14300,8400,4500,9000,500,2000,2300,3800,2700,4900,5400,18100,400
4930.0,13.63,10134100,137013122.0,13.62,13.61,13.6,13.59,13.58,13.57,13.56,13.55,13.54,13.53,13.63,13.64,13.67,13.68,13.69,13.7,13.71,13.72,13.73,13.74,500,5100,27800,28700,12500,4500,3500,10600,8400,4500,8200,500,2000,2300,3800,2700,4900,5400,18100,400
4931.0,13.63,10134100,137013122.0,13.62,13.61,13.6,13.59,13.58,13.57,13.56,13.55,13.54,13.53,13.63,13.64,13.67,13.68,13.69,13.7,13.71,13.72,13.73,13.74,3300,5100,30500,28700,12500,4500,3500,10600,8400,4500,8200,500,2000,2300,3800,2700,4900,5400,18100,400
4932.0,13.63,10134100,137013122.0,13.62,13.61,13.6,13.59,13.58,13.57,13.56,13.55,13.54,13.53,13.63,13.64,13.67,13.68,13.69,13.7,13.71,13.72,13.73,13.74,3300,5400,30500,28700,12500,4500,3500,10600,8400,4500,8200,500,2000,2300,3800,2700,4900,5400,18100,400
4933.0,13.63,10134800,137022663.0,13.62,13.61,13.6,13.59,13.58,13.57,13.56,13.55,13.54,13.53,13.63,13.64,13.67,13.68,13.69,13.7,13.71,13.72,13.73,13.74,3400,5400,30500,28700,12500,4500,3500,10600,8400,4500,7500,500,2000,2300,3800,3400,4900,5400,18100,400
4934.0,13.63,10134800,137022663.0,13.62,13.61,13.6,13.59,13.58,13.57,13.56,13.55,13.54,13.53,13.63,13.64,13.67,13.68,13.69,13.7,13.71,13.72,13.73,13.74,3400,5400,30700,28700,12500,4500,3500,10600,8100,4500,7500,500,2000,2300,3800,3900,4900,5400,18100,400
4935.0,13.63,10134800,137022663.0,13.62,13.61,13.6,13.59,13.58,13.57,13.56,13.55,13.54,13.53,13.63,13.64,13.67,13.68,13.69,13.7,13.71,13.72,13.73,13.74,3400,5400,30700,28700,12500,4500,3500,10600,8100,4500,7500,500,2000,2300,3800,3900,4900,5400,18100,400
4936.0,13.63,10137400,137058101.0,13.62,13.61,13.6,13.59,13.58,13.57,13.56,13.55,13.54,13.53,13.63,13.64,13.67,13.68,13.69,13.7,13.71,13.72,13.73,13.74,3400,5400,30700,28700,12500,4500,3500,10600,8100,4500,4900,500,2000,2300,3800,3900,4900,5400,18100,400
4937.0,13.62,10138100,137067635.0,13.62,13.61,13.6,13.59,13.58,13.57,13.56,13.55,13.54,13.53,13.63,13.64,13.67,13.68,13.69,13.7,13.71,13.72,13.73,13.74,4700,5400,31700,28700,12500,4500,3500,10600,8100,4500,4900,500,2000,2300,3800,3900,4900,5400,18100,400
4938.0,13.63,10138900,137078535.0,13.62,13.61,13.6,13.59,13.58,13.57,13.56,13.55,13.54,13.53,13.63,13.64,13.67,13.68,13.69,13.7,13.71,13.72,13.73,13.74,7300,5400,30500,28700,12500,4700,3500,10700,8100,4500,4500,500,2000,2300,3800,3900,4900,5400,18100,400
4939.0,13.63,10139900,137092165.0,13.62,13.61,13.6,13.59,13.58,13.57,13.56,13.55,13.54,13.53,13.63,13.64,13.67,13.68,13.69,13.7,13.71,13.72,13.73,13.74,7300,5400,30500,28700,12500,4700,3500,10700,8100,4500,3500,500,2000,2300,3800,6900,4900,5400,18100,400
4940.0,13.62,10142100,137122131.0,13.62,13.61,13.6,13.59,13.58,13.57,13.56,13.55,13.54,13.53,13.63,13.64,13.67,13.68,13.69,13.7,13.71,13.72,13.73,13.74,5300,5400,30500,28400,12500,4700,3500,10700,8100,6800,3300,500,2000,2300,3800,6900,4900,5400,18100,400
4941.0,13.63,10142800,137131672.0,13.62,13.61,13.6,13.59,13.58,13.57,13.56,13.55,13.54,13.53,13.63,13.64,13.67,13.68,13.69,13.7,13.71,13.72,13.73,13.74,5300,5400,30500,28400,12500,4700,3500,10700,8100,6800,3000,500,2000,2300,3800,6900,4900,5400,18100,400
4942.0,13.63,10142900,137133035.0,13.62,13.61,13.6,13.59,13.58,13.57,13.56,13.55,13.54,13.53,13.63,13.64,13.67,13.68,13.69,13.7,13.71,13.72,13.73,13.74,5300,5400,32100,28400,12500,4700,3500,10700,8100,6800,2900,500,2000,2300,3800,6900,4900,5400,18100,400
4943.0,13.63,10143000,137134398.0,13.62,13.61,13.6,13.59,13.58,13.57,13.56,13.55,13.54,13.53,13.63,13.64,13.67,13.68,13.69,13.7,13.71,13.72,13.73,13.74,5300,5400,32100,28400,12500,4700,3500,10700,8100,6800,2800,500,2000,2300,3800,6900,4900,5400,18100,400
4944.0,13.63,10143200,137137124.0,13.62,13.61,13.6,13.59,13.58,13.57,13.56,13.55,13.54,13.53,13.63,13.64,13.67,13.68,13.69,13.7,13.71,13.72,13.73,13.74,5800,5400,31700,28400,12500,4700,3500,10700,8100,6800,2600,500,2000,2300,3800,6900,4900,5800,38100,400
4945.0,13.62,10143700,137143934.0,13.62,13.61,13.6,13.59,13.58,13.57,13.56,13.55,13.54,13.53,13.63,13.64,13.67,13.68,13.69,13.7,13.71,13.72,13.73,13.74,5300,5400,31000,28400,12500,4700,3500,10700,8100,6800,2600,500,2000,2300,3800,6900,4900,5800,38100,400
4946.0,13.62,10143700,137143934.0,13.62,13.61,13.6,13.59,13.58,13.57,13.56,13.55,13.54,13.53,13.63,13.64,13.67,13.68,13.69,13.7,13.71,13.72,13.73,13.74,5300,7000,31000,28400,12500,4700,3500,10700,8100,6800,2600,500,2000,2300,3800,6900,4900,5800,38100,400
4947.0,13.63,10144400,137153475.0,13.62,13.61,13.6,13.59,13.58,13.57,13.56,13.55,13.54,13.53,13.63,13.64,13.67,13.68,13.69,13.7,13.71,13.72,13.73,13.74,6300,7000,31100,28400,12500,4700,3500,10700,8100,6800,1900,500,2000,2300,3800,6900,4900,5800,38100,400
4948.0,13.63,10144400,137153475.0,13.62,13.61,13.6,13.59,13.58,13.57,13.56,13.55,13.54,13.53,13.63,13.64,13.67,13.68,13.69,13.7,13.71,13.72,13.73,13.74,6300,7000,31100,28400,12500,4700,3500,10700,8100,6800,1900,500,2000,2300,3800,6900,4900,5800,38100,400
4949.0,13.63,10144900,137160290.0,13.62,13.61,13.6,13.59,13.58,13.57,13.56,13.55,13.54,13.53,13.63,13.64,13.67,13.68,13.69,13.7,13.71,13.72,13.73,13.74,6300,7700,31100,28400,12500,4700,3500,10700,8100,6800,1400,500,2000,2300,3800,6900,4900,5800,38100,400
4950.0,13.63,10145500,137168468.0,13.62,13.61,13.6,13.59,13.58,13.57,13.56,13.55,13.54,13.53,13.63,13.64,13.67,13.68,13.69,13.7,13.71,13.72,13.73,13.74,6300,7700,31100,28400,12500,4700,3500,10700,8100,6800,800,500,2000,2300,3800,6900,4900,5800,38100,400
4951.0,13.63,10146300,137179372.0,13.63,13.62,13.61,13.6,13.59,13.58,13.57,13.56,13.55,13.54,13.64,13.67,13.68,13.69,13.7,13.71,13.72,13.73,13.74,13.75,18700,6300,7700,31100,28400,12500,4700,3500,10700,8100,500,2000,2300,3800,6900,4900,5800,38100,400,12600
4952.0,13.63,10149700,137225714.0,13.63,13.62,13.61,13.6,13.59,13.58,13.57,13.56,13.55,13.54,13.64,13.67,13.68,13.69,13.7,13.71,13.72,13.73,13.74,13.75,15300,7500,7700,31100,28400,12500,4700,3500,10700,8100,500,2000,2300,3800,6900,4900,5800,38100,400,12600
4953.0,13.63,10149700,137225714.0,13.63,13.62,13.61,13.6,13.59,13.58,13.57,13.56,13.55,13.54,13.64,13.67,13.68,13.69,13.7,13.71,13.72,13.73,13.74,13.75,16300,7500,7700,31100,28400,12500,4700,3500,10700,8100,500,2000,2300,3800,6900,4900,5800,38100,500,12600
4954.0,13.63,10149900,137228440.0,13.63,13.62,13.61,13.6,13.59,13.58,13.57,13.56,13.55,13.54,13.64,13.67,13.68,13.69,13.7,13.71,13.72,13.73,13.74,13.75,16100,7700,7700,31100,28400,12500,4700,3500,10700,8100,500,2000,2300,3800,5400,4900,5800,38100,500,12600
4955.0,13.63,10149900,137228440.0,13.63,13.62,13.61,13.6,13.59,13.58,13.57,13.56,13.55,13.54,13.64,13.67,13.68,13.69,13.7,13.71,13.72,13.73,13.74,13.75,16100,7700,7700,31100,28400,12500,4700,3500,10700,8100,500,2000,2300,3800,5400,4900,5800,38100,500,12600
4956.0,13.64,10150200,137232532.0,13.63,13.62,13.61,13.6,13.59,13.58,13.57,13.56,13.55,13.54,13.64,13.67,13.68,13.69,13.7,13.71,13.72,13.73,13.74,13.75,18400,7700,7700,31100,28400,12500,4700,3500,10700,8100,200,2000,2300,3800,5400,4900,5800,38100,500,12600
4957.0,13.64,10150200,137232532.0,13.63,13.62,13.61,13.6,13.59,13.58,13.57,13.56,13.55,13.54,13.64,13.67,13.68,13.69,13.7,13.71,13.72,13.73,13.74,13.75,18400,7700,7700,31100,28400,12500,4700,3500,10700,8100,200,2000,2300,3800,5400,4900,5800,38100,500,12600
4958.0,13.63,10155300,137302045.0,13.63,13.62,13.61,13.6,13.59,13.58,13.57,13.56,13.55,13.54,13.64,13.67,13.68,13.69,13.7,13.71,13.72,13.73,13.74,13.75,13300,7700,7700,31100,28300,12500,4700,3500,10700,8100,200,2000,2300,3800,5400,4900,5800,38100,500,12600
4959.0,13.63,10155300,137302045.0,13.63,13.62,13.61,13.6,13.59,13.58,13.57,13.56,13.55,13.54,13.64,13.67,13.68,13.69,13.7,13.71,13.72,13.73,13.74,13.75,13300,4700,8000,31100,28300,12500,4700,3500,10700,8100,200,2000,2300,3800,5400,4900,5800,38100,500,12600
4960.0,13.63,10155300,137302045.0,13.63,13.62,13.61,13.6,13.59,13.58,13.57,13.56,13.55,13.54,13.64,13.67,13.68,13.69,13.7,13.71,13.72,13.73,13.74,13.75,13300,4700,8000,31100,28300,12500,4700,3500,10700,8100,200,2000,2300,3800,5400,4900,5800,38100,500,12600
4961.0,13.64,10155500,137304773.0,13.64,13.63,13.62,13.61,13.6,13.59,13.58,13.57,13.56,13.55,13.67,13.68,13.69,13.7,13.71,13.72,13.73,13.74,13.75,13.76,2800,13200,4700,8000,31100,28300,12500,4100,3500,10700,2000,2300,3800,5400,4900,5800,38100,500,12600,11100
4962.0,13.64,10155500,137304773.0,13.64,13.63,13.62,13.61,13.6,13.59,13.58,13.57,13.56,13.55,13.67,13.68,13.69,13.7,13.71,13.72,13.73,13.74,13.75,13.76,3600,14400,4700,8000,31100,28300,12500,4100,3500,10700,2800,2300,3800,5400,4900,5800,38100,500,12600,12100
4963.0,13.64,10155500,137304773.0,13.64,13.63,13.62,13.61,13.6,13.59,13.58,13.57,13.56,13.55,13.67,13.68,13.69,13.7,13.71,13.72,13.73,13.74,13.75,13.76,4100,14400,4700,8000,31100,28300,12500,4100,3500,10700,3300,2300,3800,5400,4900,5800,38100,500,12600,12100
4964.0,13.67,10155800,137308874.0,13.64,13.63,13.62,13.61,13.6,13.59,13.58,13.57,13.56,13.55,13.67,13.68,13.69,13.7,13.71,13.72,13.73,13.74,13.75,13.76,5300,14400,4700,8000,31700,28300,12500,4100,3500,10700,4200,2300,3800,5400,4900,5800,38100,500,12600,12100
4965.0,13.67,10155800,137308874.0,13.64,13.63,13.62,13.61,13.6,13.59,13.58,13.57,13.56,13.55,13.67,13.68,13.69,13.7,13.71,13.72,13.73,13.74,13.75,13.76,5800,18200,3500,8000,31700,28300,12500,4100,3500,10700,4700,2300,3800,5400,4900,5800,38100,500,12600,12100
4966.0,13.67,10156200,137314342.0,13.64,13.63,13.62,13.61,13.6,13.59,13.58,13.57,13.56,13.55,13.67,13.68,13.69,13.7,13.71,13.72,13.73,13.74,13.75,13.76,8000,18200,3500,8000,31700,28300,12500,4100,3500,10700,5500,2300,3800,5400,4900,5800,38100,500,12600,12100
4967.0,13.67,10156700,137321177.0,13.64,13.63,13.62,13.61,13.6,13.59,13.58,13.57,13.56,13.55,13.67,13.68,13.69,13.7,13.71,13.72,13.73,13.74,13.75,13.76,8000,18200,3500,8000,31700,28300,12500,3900,3500,10700,5000,2300,3800,5400,4900,5800,38100,500,12600,12100
4968.0,13.64,10159300,137356701.0,13.64,13.63,13.62,13.61,13.6,13.59,13.58,13.57,13.56,13.55,13.67,13.68,13.69,13.7,13.71,13.72,13.73,13.74,13.75,13.76,7900,18200,3500,8000,31700,28300,12500,3900,3500,10700,6100,2300,3800,5400,4900,5800,38100,500,12600,12100
4969.0,13.67,10160500,137373105.0,13.64,13.63,13.62,13.61,13.6,13.59,13.58,13.57,13.56,13.55,13.67,13.68,13.69,13.7,13.71,13.72,13.73,13.74,13.75,13.76,9100,18200,3500,8000,31700,28300,12500,3900,3500,10700,12800,2300,3800,5400,4900,5800,38100,500,12600,12100
4970.0,13.67,10161200,137382674.0,13.64,13.63,13.62,13.61,13.6,13.59,13.58,13.57,13.56,13.55,13.67,13.68,13.69,13.7,13.71,13.72,13.73,13.74,13.75,13.76,9600,18200,3500,8000,31500,28300,12500,3900,3500,10700,12600,2300,3800,5400,4900,5800,38100,500,12600,12100
4971.0,13.64,10161300,137384038.0,13.64,13.63,13.62,13.61,13.6,13.59,13.58,13.57,13.56,13.55,13.67,13.68,13.69,13.7,13.71,13.72,13.73,13.74,13.75,13.76,10300,18200,3500,8000,31500,28300,12500,3900,3500,10700,13400,3300,3800,5400,4900,5800,38100,500,12600,12100
4972.0,13.64,10161300,137384038.0,13.64,13.63,13.62,13.61,13.6,13.59,13.58,13.57,13.56,13.55,13.67,13.68,13.69,13.7,13.71,13.72,13.73,13.74,13.75,13.76,12700,18200,3500,8000,31500,28300,12500,3900,3500,10700,13700,3300,3800,5400,4900,5800,38100,500,12600,12100
4973.0,13.67,10162700,137403176.0,13.64,13.63,13.62,13.61,13.6,13.59,13.58,13.57,13.56,13.55,13.67,13.68,13.69,13.7,13.71,13.72,13.73,13.74,13.75,13.76,13900,18200,3500,8000,31500,28300,12500,3900,3500,10700,13500,3500,3800,5400,4900,5800,38100,500,12600,12100
4974.0,13.67,10163200,137410011.0,13.64,13.63,13.62,13.61,13.6,13.59,13.58,13.57,13.56,13.55,13.66,13.67,13.68,13.69,13.7,13.71,13.72,13.73,13.74,13.75,13900,18200,3500,8000,31500,28300,12500,3900,3500,10700,600,13000,3500,3800,5400,4900,5800,38100,500,12600
4975.0,13.67,10164200,137423672.0,13.64,13.63,13.62,13.61,13.6,13.59,13.58,13.57,13.56,13.55,13.67,13.68,13.69,13.7,13.71,13.72,13.73,13.74,13.75,13.76,14900,18100,3500,8000,31500,28300,12500,3900,3500,10700,12900,3500,3800,5400,4900,5800,38100,500,12600,12100
4976.0,13.67,10164900,137433241.0,13.64,13.63,13.62,13.61,13.6,13.59,13.58,13.57,13.56,13.55,13.67,13.68,13.69,13.7,13.71,13.72,13.73,13.74,13.75,13.76,15100,14300,3000,8000,31500,28300,12500,3900,3500,10700,12200,3500,3800,5400,4900,5800,38100,500,12600,12100
4977.0,13.67,10164900,137433241.0,13.64,13.63,13.62,13.61,13.6,13.59,13.58,13.57,13.56,13.55,13.67,13.68,13.69,13.7,13.71,13.72,13.73,13.74,13.75,13.76,16500,14300,3000,8000,31500,28300,12500,3900,3500,10700,13600,3500,3800,5400,4900,5800,38100,500,12600,12100
4978.0,13.67,10164900,137433241.0,13.64,13.63,13.62,13.61,13.6,13.59,13.58,13.57,13.56,13.55,13.67,13.68,13.69,13.7,13.71,13.72,13.73,13.74,13.75,13.76,16500,14300,3000,8000,31500,28300,12500,3900,3500,10700,13600,3500,3800,5400,4900,5800,38100,500,12600,12100
4979.0,13.67,10165600,137442810.0,13.64,13.63,13.62,13.61,13.6,13.59,13.58,13.57,13.56,13.55,13.67,13.68,13.69,13.7,13.71,13.72,13.73,13.74,13.75,13.76,17000,14300,3000,8000,31500,28300,12500,3900,3500,10700,14000,3500,3800,5400,4900,5800,38100,500,12600,12100
4980.0,13.67,10169700,137498857.0,13.64,13.63,13.62,13.61,13.6,13.59,13.58,13.57,13.56,13.55,13.67,13.68,13.69,13.7,13.71,13.72,13.73,13.74,13.75,13.76,18000,14300,3000,8000,31500,28300,12500,3900,3500,10700,10200,3500,3800,5400,4900,5800,38100,500,12600,12100
4981.0,13.64,10171600,137524773.0,13.64,13.63,13.62,13.61,13.6,13.59,13.58,13.57,13.56,13.55,13.67,13.68,13.69,13.7,13.71,13.72,13.73,13.74,13.75,13.76,16500,14300,3000,8000,31500,28300,12500,3900,3500,10700,10600,3500,3800,5400,4900,5800,38100,500,12600,12100
4982.0,13.67,10172400,137535709.0,13.64,13.63,13.62,13.61,13.6,13.59,13.58,13.57,13.56,13.55,13.67,13.68,13.69,13.7,13.71,13.72,13.73,13.74,13.75,13.76,15600,12200,3000,8000,31500,28300,12500,3900,3500,10700,9800,3500,3800,5400,4900,5800,38100,500,12600,12100
4983.0,13.67,10173000,137543911.0,13.64,13.63,13.62,13.61,13.6,13.59,13.58,13.57,13.56,13.55,13.67,13.68,13.69,13.7,13.71,13.72,13.73,13.74,13.75,13.76,16000,12200,3000,8000,31500,28300,12500,3900,3500,10700,10000,3500,3800,5400,4900,5800,38100,500,12600,12100
4984.0,13.64,10176700,137594394.0,13.64,13.63,13.62,13.61,13.6,13.59,13.58,13.57,13.56,13.55,13.67,13.68,13.69,13.7,13.71,13.72,13.73,13.74,13.75,13.76,13200,12200,3000,8000,31500,28300,12500,3900,3500,10700,9500,3500,3800,5400,4900,5800,38100,500,12600,12100
4985.0,13.67,10177400,137603963.0,13.64,13.63,13.62,13.61,13.6,13.59,13.58,13.57,13.56,13.55,13.67,13.68,13.69,13.7,13.71,13.72,13.73,13.74,13.75,13.76,14000,12200,3000,8000,31500,28300,12500,3900,3500,10700,9100,3500,3800,5400,4900,5800,38100,500,12600,12100
4986.0,13.64,10180100,137640797.0,13.64,13.63,13.62,13.61,13.6,13.59,13.58,13.57,13.56,13.55,13.67,13.68,13.69,13.7,13.71,13.72,13.73,13.74,13.75,13.76,15500,12200,3000,8000,31500,28300,12500,3900,3500,10700,9400,3500,3800,5400,4900,5800,38100,500,13600,12100
4987.0,13.64,10183800,137691265.0,13.64,13.63,13.62,13.61,13.6,13.59,13.58,13.57,13.56,13.55,13.67,13.68,13.69,13.7,13.71,13.72,13.73,13.74,13.75,13.76,11800,12200,3000,8000,31500,28300,12500,3900,3500,10900,9400,3500,3800,5400,4900,5800,38100,500,13600,12100
4988.0,13.64,10185300,137711767.0,13.64,13.63,13.62,13.61,13.6,13.59,13.58,13.57,13.56,13.55,13.66,13.67,13.68,13.69,13.7,13.71,13.72,13.73,13.74,13.75,13100,12200,3000,8000,31500,28300,12500,3900,3500,10900,2000,8800,3500,3800,5400,4900,5800,38100,500,13600
4989.0,13.63,10198500,137891814.0,13.63,13.62,13.61,13.6,13.59,13.58,13.57,13.56,13.55,13.54,13.66,13.67,13.68,13.69,13.7,13.71,13.72,13.73,13.74,13.75,12100,3000,8000,31500,28300,12500,3900,3500,10900,8100,2000,8800,3500,3800,5400,4900,5800,38100,500,13600
4990.0,13.66,10202100,137940990.0,13.66,13.65,13.63,13.62,13.61,13.6,13.59,13.58,13.57,13.56,13.67,13.68,13.69,13.7,13.71,13.72,13.73,13.74,13.75,13.76,400,700,13100,3000,8000,31500,28300,12500,3900,3500,8800,3500,3800,5300,4900,5800,38100,500,13600,12100
4991.0,13.66,10203700,137962860.0,13.66,13.65,13.63,13.62,13.61,13.6,13.59,13.58,13.57,13.56,13.67,13.68,13.69,13.7,13.71,13.72,13.73,13.74,13.75,13.76,200,1200,13100,3000,8000,31500,28300,12500,3900,3500,7400,3500,3800,5300,4900,5800,38100,500,13600,12100
4992.0,13.66,10203700,137962860.0,13.66,13.65,13.63,13.62,13.61,13.6,13.59,13.58,13.57,13.56,13.67,13.68,13.69,13.7,13.71,13.72,13.73,13.74,13.75,13.76,200,1200,13100,3000,8000,31500,28300,12500,3900,3500,7400,3500,5800,5300,4900,5800,38100,500,13600,12100
4993.0,13.65,10205800,137991541.0,13.63,13.62,13.61,13.6,13.59,13.58,13.57,13.56,13.55,13.54,13.64,13.67,13.68,13.69,13.7,13.71,13.72,13.73,13.74,13.75,13100,3000,8000,31500,28300,12500,3900,3500,10900,8100,2400,6700,3500,5800,5300,4900,5800,38100,500,13600
4994.0,13.63,10212800,138086951.0,13.63,13.62,13.61,13.6,13.59,13.58,13.57,13.56,13.55,13.54,13.64,13.67,13.68,13.69,13.7,13.71,13.72,13.73,13.74,13.75,6100,3000,8000,31500,28300,12500,3900,3500,10900,8100,2400,6700,3500,5800,5300,4900,5800,38100,500,13600
4995.0,13.63,10213400,138095132.0,13.63,13.62,13.61,13.6,13.59,13.58,13.57,13.56,13.55,13.54,13.64,13.67,13.68,13.69,13.7,13.71,13.72,13.73,13.74,13.75,5800,3000,8000,31500,28300,12500,3900,3500,10900,8100,2100,6700,3500,5800,5300,4900,5800,38100,500,13600
4996.0,13.63,10219400,138176914.0,13.62,13.61,13.6,13.59,13.58,13.57,13.56,13.55,13.54,13.53,13.63,13.64,13.67,13.68,13.69,13.7,13.71,13.72,13.73,13.74,3000,8000,31500,28300,12500,3900,3500,11100,8100,4500,200,1900,6700,3500,5000,5300,14900,5800,38100,500
4997.0,13.63,10219400,138176914.0,13.62,13.61,13.6,13.59,13.58,13.57,13.56,13.55,13.54,13.53,13.63,13.64,13.67,13.68,13.69,13.7,13.71,13.72,13.73,13.74,3000,8000,31500,28300,12500,3900,3500,11100,8100,4500,200,1900,6700,3500,5000,5300,14900,5800,38100,500
4998.0,13.62,10222400,138217774.0,13.61,13.6,13.59,13.58,13.57,13.56,13.55,13.54,13.53,13.52,13.62,13.63,13.64,13.67,13.68,13.69,13.7,13.71,13.72,13.73,8000,31500,28300,12500,3900,3500,11100,8100,4500,15000,500,200,1900,18000,3500,5000,5300,14900,5800,38100
4999.0,13.67,10243000,138499286.0,13.67,13.61,13.6,13.59,13.58,13.57,13.56,13.55,13.54,13.53,13.68,13.69,13.7,13.71,13.72,13.73,13.74,13.75,13.76,13.77,5000,8000,28500,28300,12500,3900,3500,11100,8100,4500,3500,5000,5300,14900,5800,38100,500,13600,12100,12000
5000.0,13.67,10244400,138518424.0,13.67,13.61,13.6,13.59,13.58,13.57,13.56,13.55,13.54,13.53,13.68,13.69,13.7,13.71,13.72,13.73,13.74,13.75,13.76,13.77,3600,8000,28500,28300,12500,3900,3500,11100,8100,4500,3500,5000,5300,14900,5800,38100,500,13600,12100,12000
5001.0,13.67,10244400,138518424.0,13.67,13.64,13.61,13.6,13.59,13.58,13.57,13.56,13.55,13.54,13.68,13.69,13.7,13.71,13.72,13.73,13.74,13.75,13.76,13.77,3600,200,8000,28500,28300,12500,3900,3500,11100,8100,3500,5000,5300,14900,5800,38100,500,13600,12100,12000
5002.0,13.67,10248600,138575844.0,13.64,13.63,13.61,13.6,13.59,13.58,13.57,13.56,13.55,13.54,13.66,13.68,13.69,13.7,13.71,13.72,13.73,13.74,13.75,13.76,200,300,8000,28500,28300,12500,3900,3500,11100,8100,400,2900,5000,5300,14900,5800,38100,500,13600,12100
5003.0,13.64,10248700,138577208.0,13.64,13.63,13.61,13.6,13.59,13.58,13.57,13.56,13.55,13.54,13.66,13.68,13.69,13.7,13.71,13.72,13.73,13.74,13.75,13.76,200,300,8000,28500,28300,12500,3900,3500,11100,8100,1400,2900,5000,5300,14900,5800,38100,500,13600,12100
5004.0,13.64,10248700,138577208.0,13.64,13.63,13.61,13.6,13.59,13.58,13.57,13.56,13.55,13.54,13.66,13.67,13.68,13.69,13.7,13.71,13.72,13.73,13.74,13.75,200,300,8000,28500,28300,12500,3900,3500,11100,8100,1400,800,2900,5000,5300,14900,5800,38100,500,13600
5005.0,13.66,10248800,138578574.0,13.64,13.63,13.61,13.6,13.59,13.58,13.57,13.56,13.55,13.54,13.66,13.67,13.68,13.69,13.7,13.71,13.72,13.73,13.74,13.75,200,300,8000,28500,28300,12500,3900,3500,11100,8200,1300,800,3000,5000,5300,14900,5800,38100,500,13600
5006.0,13.66,10248800,138578574.0,13.64,13.63,13.61,13.6,13.59,13.58,13.57,13.56,13.55,13.54,13.66,13.67,13.68,13.69,13.7,13.71,13.72,13.73,13.74,13.75,200,300,8000,28500,28300,12500,3900,3500,11100,8200,1300,800,3000,5000,5300,14900,5800,38100,500,13600
5007.0,13.66,10249800,138592234.0,13.64,13.63,13.61,13.6,13.59,13.58,13.57,13.56,13.55,13.54,13.65,13.66,13.67,13.68,13.69,13.7,13.71,13.72,13.73,13.74,200,300,8000,28500,28300,12500,3900,3500,11100,8200,4000,300,1300,3000,5000,7300,14900,5800,38100,500
5008.0,13.65,10250200,138597694.0,13.64,13.63,13.61,13.6,13.59,13.58,13.57,13.56,13.55,13.54,13.65,13.66,13.67,13.68,13.69,13.7,13.71,13.72,13.73,13.74,200,300,8000,28500,29300,12500,3900,3500,11100,8200,3600,300,1300,3000,5000,7300,14900,5800,38100,500
5009.0,13.61,10259300,138721575.0,13.6,13.59,13.58,13.57,13.56,13.55,13.54,13.53,13.52,13.51,13.61,13.65,13.66,13.67,13.68,13.69,13.7,13.71,13.72,13.73,28500,29300,12500,3900,3500,11100,8200,4500,15000,16100,1900,3300,300,1700,3000,5000,4300,15300,5800,38100
5010.0,13.61,10259300,138721575.0,13.6,13.59,13.58,13.57,13.56,13.55,13.54,13.53,13.52,13.51,13.61,13.65,13.66,13.67,13.68,13.69,13.7,13.71,13.72,13.73,28500,29300,12500,3900,3500,11100,8200,4500,15000,16100,1900,3300,300,1800,3000,5000,4300,15300,5800,38100
5011.0,13.61,10260300,138735178.0,13.6,13.59,13.58,13.57,13.56,13.55,13.54,13.53,13.52,13.51,13.61,13.65,13.66,13.67,13.68,13.69,13.7,13.71,13.72,13.73,27800,29300,12500,3900,3500,11100,8200,4500,15000,16100,1600,3300,300,1800,3000,5000,4300,15300,5800,38100
5012.0,13.61,10261500,138751510.0,13.6,13.59,13.58,13.57,13.56,13.55,13.54,13.53,13.52,13.51,13.61,13.65,13.66,13.67,13.68,13.69,13.7,13.71,13.72,13.73,27800,29300,12500,3900,3500,11100,8200,4500,15000,16100,400,3300,300,1800,3000,5000,4300,15300,5800,38100
5013.0,13.61,10261500,138751510.0,13.6,13.59,13.58,13.57,13.56,13.55,13.54,13.53,13.52,13.51,13.61,13.65,13.66,13.67,13.68,13.69,13.7,13.71,13.72,13.73,28200,29300,12500,3900,3500,11100,8200,4500,15000,16100,400,3300,300,1800,3000,5000,4300,15300,5800,38100
5014.0,13.6,10262200,138761030.0,13.6,13.59,13.58,13.57,13.56,13.55,13.54,13.53,13.52,13.51,13.61,13.64,13.65,13.66,13.67,13.68,13.69,13.7,13.71,13.72,27500,29300,12500,3900,3500,11100,8200,4500,15000,16100,600,1300,3300,300,1800,2800,5000,4300,15300,5800
5015.0,13.6,10262700,138767830.0,13.6,13.59,13.58,13.57,13.56,13.55,13.54,13.53,13.52,13.51,13.61,13.64,13.65,13.66,13.67,13.68,13.69,13.7,13.71,13.72,27000,29300,12500,3900,3500,11100,8200,4500,15000,16100,600,1300,3300,300,2400,2800,5000,4300,15300,5800
5016.0,13.6,10262700,138767830.0,13.6,13.59,13.58,13.57,13.56,13.55,13.54,13.53,13.52,13.51,13.61,13.64,13.65,13.66,13.67,13.68,13.69,13.7,13.71,13.72,27000,29300,12500,3900,3500,11100,8200,4500,15000,16100,600,1300,3300,300,2400,2800,5000,4300,15300,5800
5017.0,13.6,10263500,138778710.0,13.6,13.59,13.58,13.57,13.56,13.55,13.54,13.53,13.52,13.51,13.61,13.64,13.65,13.66,13.67,13.68,13.69,13.7,13.71,13.72,26200,29300,12500,3900,3500,11100,8200,4500,15000,16100,600,1300,3300,300,3400,3800,5000,4300,15300,5800
5018.0,13.64,10265100,138800516.0,13.6,13.59,13.58,13.57,13.56,13.55,13.54,13.53,13.52,13.51,13.64,13.65,13.66,13.67,13.68,13.69,13.7,13.71,13.72,13.73,28000,29300,12500,3900,3500,11100,8200,4500,15000,16100,300,3300,800,3400,3800,5000,4300,15300,5800,38100
5019.0,13.64,10265100,138800516.0,13.6,13.59,13.58,13.57,13.56,13.55,13.54,13.53,13.52,13.51,13.61,13.64,13.65,13.66,13.67,13.68,13.69,13.7,13.71,13.72,28500,29300,12500,3900,3500,11100,8200,4500,15000,16100,1700,900,3300,800,5400,3800,5000,4300,15300,5800
5020.0,13.6,10265800,138810036.0,13.6,13.59,13.58,13.57,13.56,13.55,13.54,13.53,13.52,13.51,13.61,13.64,13.65,13.66,13.67,13.68,13.69,13.7,13.71,13.72,27800,29300,12500,3900,3500,11100,8200,4500,15000,16100,1700,2100,3300,800,5400,3800,5000,4300,15300,5800
5021.0,13.6,10265800,138810036.0,13.6,13.59,13.58,13.57,13.56,13.55,13.54,13.53,13.52,13.51,13.61,13.64,13.65,13.66,13.67,13.68,13.69,13.7,13.71,13.72,27800,29300,12500,3900,3500,11100,8200,4500,15000,16100,1700,2100,3300,800,5400,3800,5000,4300,15300,5800
5022.0,13.6,10266000,138812756.0,13.6,13.59,13.58,13.57,13.56,13.55,13.54,13.53,13.52,13.51,13.61,13.64,13.65,13.66,13.67,13.68,13.69,13.7,13.71,13.72,27600,29300,12500,3900,3500,11100,8200,4500,15000,16100,1900,2100,3300,800,5400,3800,5000,4300,15300,5800
5023.0,13.61,10266800,138823637.0,13.6,13.59,13.58,13.57,13.56,13.55,13.54,13.53,13.52,13.51,13.61,13.64,13.65,13.66,13.67,13.68,13.69,13.7,13.71,13.72,27000,29300,12500,3900,3500,11100,8200,4500,15000,16100,1800,2100,3300,800,5300,3800,5000,4300,15300,5800
5024.0,13.61,10266900,138824998.0,13.6,13.59,13.58,13.57,13.56,13.55,13.54,13.53,13.52,13.51,13.61,13.64,13.65,13.66,13.67,13.68,13.69,13.7,13.71,13.72,27000,29300,12500,3900,3500,11100,8200,4500,15000,16100,1700,3600,3300,500,5300,3800,5000,4700,15300,5800
5025.0,13.6,10267300,138830438.0,13.6,13.59,13.58,13.57,13.56,13.55,13.54,13.53,13.52,13.51,13.61,13.64,13.65,13.66,13.67,13.68,13.69,13.7,13.71,13.72,26800,29300,12500,3900,3500,11100,8200,4500,15000,16100,1700,3600,3300,800,5300,3800,5000,4700,15300,5800
5026.0,13.6,10268300,138844041.0,13.6,13.59,13.58,13.57,13.56,13.55,13.54,13.53,13.52,13.51,13.61,13.64,13.65,13.66,13.67,13.68,13.69,13.7,13.71,13.72,26700,29300,12500,3900,3500,11100,8200,4500,15000,16100,1400,3600,3300,800,5300,3800,5000,4700,15300,5800
5027.0,13.6,10268300,138844041.0,13.6,13.59,13.58,13.57,13.56,13.55,13.54,13.53,13.52,13.51,13.61,13.64,13.65,13.66,13.67,13.68,13.69,13.7,13.71,13.72,26700,29300,12500,3900,3500,11100,8200,4500,15000,16100,1400,3600,3300,800,5300,3800,5000,4700,15300,5800
5028.0,13.61,10269700,138863095.0,13.61,13.6,13.59,13.58,13.57,13.56,13.55,13.54,13.53,13.52,13.64,13.65,13.66,13.67,13.68,13.69,13.7,13.71,13.72,13.73,700,26700,29300,12600,3900,3500,11100,8200,4500,15000,3600,3300,800,5300,3800,5000,4700,15300,5800,38100
5029.0,13.64,10270000,138867187.0,13.61,13.6,13.59,13.58,13.57,13.56,13.55,13.54,13.53,13.52,13.64,13.65,13.66,13.67,13.68,13.69,13.7,13.71,13.72,13.73,1200,26700,29300,12700,3900,3500,11100,8200,4500,15000,3800,3300,800,5400,3800,5000,4700,15300,5800,38100
5030.0,13.61,10270600,138875362.0,13.61,13.6,13.59,13.58,13.57,13.56,13.55,13.54,13.53,13.52,13.64,13.65,13.66,13.67,13.68,13.69,13.7,13.71,13.72,13.73,1700,27100,29300,12700,3900,3500,11100,8200,4500,15000,4300,3300,800,5400,3800,5000,4700,15300,5800,38100
5031.0,13.61,10270900,138879445.0,13.61,13.6,13.59,13.58,13.57,13.56,13.55,13.54,13.53,13.52,13.64,13.65,13.66,13.67,13.68,13.69,13.7,13.71,13.72,13.73,3900,27100,29300,12700,3900,3500,11100,8200,4500,15000,4800,3300,800,5400,3800,5000,4700,15300,5800,38100
5032.0,13.61,10271200,138883528.0,13.61,13.6,13.59,13.58,13.57,13.56,13.55,13.54,13.53,13.52,13.64,13.65,13.66,13.67,13.68,13.69,13.7,13.71,13.72,13.73,4400,28300,29300,12700,3900,3500,11100,8200,4500,15000,5600,3300,800,5400,3800,5000,4700,15300,5800,38100
5033.0,13.61,10271200,138883528.0,13.61,13.6,13.59,13.58,13.57,13.56,13.55,13.54,13.53,13.52,13.64,13.65,13.66,13.67,13.68,13.69,13.7,13.71,13.72,13.73,4900,28300,29300,12700,3900,3500,11100,8200,4500,15000,6100,3300,1000,5400,3800,5000,4700,15300,5800,38100
5034.0,13.6,10282600,139038617.0,13.6,13.59,13.58,13.57,13.56,13.55,13.54,13.53,13.52,13.51,13.64,13.65,13.66,13.67,13.68,13.69,13.7,13.71,13.72,13.73,21800,29300,12700,3900,3500,11100,8200,4500,15000,16100,6900,3300,1000,5400,3800,5000,4700,15300,5800,38100
5035.0,13.64,10284400,139063148.0,13.61,13.6,13.59,13.58,13.57,13.56,13.55,13.54,13.53,13.52,13.64,13.65,13.66,13.67,13.68,13.69,13.7,13.71,13.72,13.73,100,22800,29300,12700,3900,3500,11100,8200,4500,15000,6400,3300,1000,5400,3800,5000,4700,15300,5800,38100
5036.0,13.61,10284500,139064509.0,13.6,13.59,13.58,13.57,13.56,13.55,13.54,13.53,13.52,13.51,13.61,13.64,13.65,13.66,13.67,13.68,13.69,13.7,13.71,13.72,23400,29300,12700,4000,3500,11100,8200,4500,15000,16100,300,6400,3300,1000,5400,3800,5000,4700,15300,5800
5037.0,13.61,10284500,139064509.0,13.6,13.59,13.58,13.57,13.56,13.55,13.54,13.53,13.52,13.51,13.61,13.64,13.65,13.66,13.67,13.68,13.69,13.7,13.71,13.72,23400,29300,12700,4000,3500,11100,8200,4500,15000,16100,300,6400,3300,1000,5400,3800,5000,4700,15300,5800
5038.0,13.6,10285200,139074029.0,13.6,13.59,13.58,13.57,13.56,13.55,13.54,13.53,13.52,13.51,13.61,13.64,13.65,13.66,13.67,13.68,13.69,13.7,13.71,13.72,22700,29300,12700,4000,3500,11100,8200,4500,15000,16100,300,6400,3300,1000,5400,3800,5000,4700,15300,5800
5039.0,13.6,10286200,139087629.0,13.6,13.59,13.58,13.57,13.56,13.55,13.54,13.53,13.52,13.51,13.61,13.64,13.65,13.66,13.67,13.68,13.69,13.7,13.71,13.72,21700,29300,12700,4000,3500,11500,8200,4500,15000,16100,300,6400,3300,1000,5400,3800,5000,4700,15300,5800
5040.0,13.61,10287700,139108044.0,13.61,13.6,13.59,13.58,13.57,13.56,13.55,13.54,13.53,13.52,13.64,13.65,13.66,13.67,13.68,13.69,13.7,13.71,13.72,13.73,100,22500,29300,12700,4000,3500,11500,8200,4500,15000,10500,3300,1000,5400,3800,5000,4700,15300,5800,38100
5041.0,13.61,10288700,139121675.0,13.61,13.6,13.59,13.58,13.57,13.56,13.55,13.54,13.53,13.52,13.64,13.65,13.66,13.67,13.68,13.69,13.7,13.71,13.72,13.73,700,23100,29300,12700,4000,3500,11500,8200,4500,15000,10700,3300,1000,5400,3800,5000,4700,15300,5800,38100
5042.0,13.61,10288700,139121675.0,13.61,13.6,13.59,13.58,13.57,13.56,13.55,13.54,13.53,13.52,13.64,13.65,13.66,13.67,13.68,13.69,13.7,13.71,13.72,13.73,1300,23100,29300,12700,4000,3500,11500,8200,4500,15000,11300,3300,1000,5400,3800,5000,4700,15300,5800,38100
5043.0,13.61,10288700,139121675.0,13.61,13.6,13.59,13.58,13.57,13.56,13.55,13.54,13.53,13.52,13.64,13.65,13.66,13.67,13.68,13.69,13.7,13.71,13.72,13.73,2100,23100,29300,12700,4000,3500,11500,8200,4500,15000,12100,3300,1000,5400,3800,5000,4700,15300,5800,38100
5044.0,13.61,10290400,139144833.0,13.61,13.6,13.59,13.58,13.57,13.56,13.55,13.54,13.53,13.52,13.64,13.65,13.66,13.67,13.68,13.69,13.7,13.71,13.72,13.73,1700,23100,29300,12700,4000,3500,11500,8200,4500,15000,12000,3300,1000,5400,3800,5000,4700,15300,5800,38100
5045.0,13.61,10291100,139154366.0,13.61,13.6,13.59,13.58,13.57,13.56,13.55,13.54,13.53,13.52,13.64,13.65,13.66,13.67,13.68,13.69,13.7,13.71,13.72,13.73,1200,23100,29300,12700,4000,3500,11500,8200,4500,15000,11800,3300,1000,5400,3800,5000,4700,15300,5800,38100
5046.0,13.61,10291100,139154366.0,13.61,13.6,13.59,13.58,13.57,13.56,13.55,13.54,13.53,13.52,13.64,13.65,13.66,13.67,13.68,13.69,13.7,13.71,13.72,13.73,1800,23100,29300,12700,4000,3500,11500,8200,4500,15000,12400,3300,1600,5400,3800,5000,4700,15300,5800,38100
5047.0,13.61,10291200,139155727.0,13.61,13.6,13.59,13.58,13.57,13.56,13.55,13.54,13.53,13.52,13.64,13.65,13.66,13.67,13.68,13.69,13.7,13.71,13.72,13.73,3700,23100,29300,16700,4000,3500,11500,8200,4500,15000,12400,3300,1600,5400,3800,5000,4700,15300,5800,38100
5048.0,13.64,10292600,139174823.0,13.61,13.6,13.59,13.58,13.57,13.56,13.55,13.54,13.53,13.52,13.64,13.65,13.66,13.67,13.68,13.69,13.7,13.71,13.72,13.73,4200,23100,29300,16700,4000,3500,10500,8200,4500,15000,11500,3800,1600,5400,3800,5000,4700,15300,5800,38100
5049.0,13.64,10292600,139174823.0,13.61,13.6,13.59,13.58,13.57,13.56,13.55,13.54,13.53,13.52,13.64,13.65,13.66,13.67,13.68,13.69,13.7,13.71,13.72,13.73,4200,23100,29300,16700,4000,5700,10500,8200,4500,15000,11500,3800,1600,5400,3800,5000,4700,15300,5800,38100
5050.0,13.64,10299000,139262107.0,13.61,13.6,13.59,13.58,13.57,13.56,13.55,13.54,13.53,13.52,13.64,13.65,13.66,13.67,13.68,13.69,13.7,13.71,13.72,13.73,4300,23100,29300,16700,4000,5800,10500,8200,4500,15000,6300,3800,2600,5400,3800,5000,4700,15300,5800,38100
5051.0,13.61,10300600,139283901.0,13.61,13.6,13.59,13.58,13.57,13.56,13.55,13.54,13.53,13.52,13.64,13.65,13.66,13.67,13.68,13.69,13.7,13.71,13.72,13.73,3300,23100,29300,16700,4000,5800,10500,8200,4500,15000,5700,3800,2600,5400,3800,5000,4700,15300,5800,38100
5052.0,13.61,10300900,139287984.0,13.61,13.6,13.59,13.58,13.57,13.56,13.55,13.54,13.53,13.52,13.64,13.65,13.66,13.67,13.68,13.69,13.7,13.71,13.72,13.73,3000,23100,29300,16700,4000,5800,10500,8200,4500,15000,5700,3800,2600,5400,3800,5000,4700,15300,5800,38100
5053.0,13.61,10300900,139287984.0,13.61,13.6,13.59,13.58,13.57,13.56,13.55,13.54,13.53,13.52,13.64,13.65,13.66,13.67,13.68,13.69,13.7,13.71,13.72,13.73,3500,24100,29700,16700,4000,5800,10500,8200,4500,15000,6200,3800,2600,5400,3800,5000,4700,15300,5800,38100
5054.0,13.61,10300900,139287984.0,13.61,13.6,13.59,13.58,13.57,13.56,13.55,13.54,13.53,13.52,13.64,13.65,13.66,13.67,13.68,13.69,13.7,13.71,13.72,13.73,3500,24100,29700,16700,4000,5800,10500,8200,4500,15000,6200,3800,2600,5400,3800,5000,4700,15300,5800,38100
5055.0,13.61,10301200,139292067.0,13.61,13.6,13.59,13.58,13.57,13.56,13.55,13.54,13.53,13.52,13.64,13.65,13.66,13.67,13.68,13.69,13.7,13.71,13.72,13.73,3700,24300,29700,16700,4000,5800,10500,8200,4500,15000,6700,3800,2600,5400,3800,5000,4700,15300,5800,38100
5056.0,13.61,10301200,139292067.0,13.61,13.6,13.59,13.58,13.57,13.56,13.55,13.54,13.53,13.52,13.64,13.65,13.66,13.67,13.68,13.69,13.7,13.71,13.72,13.73,3700,24300,29700,16700,4000,5800,10500,8200,4500,15000,7200,3800,2600,5400,3800,5000,4700,15300,5800,38100
5057.0,13.61,10301200,139292067.0,13.61,13.6,13.59,13.58,13.57,13.56,13.55,13.54,13.53,13.52,13.64,13.65,13.66,13.67,13.68,13.69,13.7,13.71,13.72,13.73,3700,24300,29700,16700,4000,5800,10500,8200,4500,15000,7200,3800,2600,5400,3800,5000,4700,15300,5800,38100
5058.0,13.64,10302200,139305698.0,13.61,13.6,13.59,13.58,13.57,13.56,13.55,13.54,13.53,13.52,13.64,13.65,13.66,13.67,13.68,13.69,13.7,13.71,13.72,13.73,3800,24400,29700,16700,4000,5800,10500,8200,4500,15000,6900,3800,2600,5400,3800,5000,4700,15300,5800,38100
5059.0,13.64,10303500,139323430.0,13.61,13.6,13.59,13.58,13.57,13.56,13.55,13.54,13.53,13.52,13.64,13.65,13.66,13.67,13.68,13.69,13.7,13.71,13.72,13.73,3800,24400,29700,16700,4000,5800,10500,8200,4500,15000,5600,3800,2600,5400,3800,5000,4700,15300,5800,38100
5060.0,13.64,10303500,139323430.0,13.61,13.6,13.59,13.58,13.57,13.56,13.55,13.54,13.53,13.52,13.63,13.64,13.65,13.66,13.67,13.68,13.69,13.7,13.71,13.72,4200,23900,29700,16700,4000,5800,12900,8200,4500,15000,3500,5700,3800,2600,5400,3800,5000,4700,15300,5800
5061.0,13.61,10303900,139328874.0,13.61,13.6,13.59,13.58,13.57,13.56,13.55,13.54,13.53,13.52,13.63,13.64,13.65,13.66,13.67,13.68,13.69,13.7,13.71,13.72,3800,25000,29700,16700,4000,5800,12900,8200,4500,15100,3500,5700,3800,2600,5400,3800,5000,4700,15300,5800
5062.0,13.61,10303900,139328874.0,13.61,13.6,13.59,13.58,13.57,13.56,13.55,13.54,13.53,13.52,13.63,13.64,13.65,13.66,13.67,13.68,13.69,13.7,13.71,13.72,4000,24500,29700,16700,4000,5800,12900,8200,4500,15100,3500,5700,3800,1600,5400,3800,5000,4700,15300,5800
5063.0,13.61,10303900,139328874.0,13.62,13.61,13.6,13.59,13.58,13.57,13.56,13.55,13.54,13.53,13.63,13.64,13.65,13.66,13.67,13.68,13.69,13.7,13.71,13.72,500,4000,24500,29700,16700,4000,5800,12900,8200,4500,3500,5700,3800,1600,5400,3800,5000,4700,15300,5800
5064.0,13.61,10303900,139328874.0,13.62,13.61,13.6,13.59,13.58,13.57,13.56,13.55,13.54,13.53,13.63,13.64,13.65,13.66,13.67,13.68,13.69,13.7,13.71,13.72,500,4000,25500,29700,16700,4000,5800,12900,8200,4500,3500,5700,3800,1600,5400,3800,5000,4700,15300,5800
5065.0,13.61,10303900,139328874.0,13.62,13.61,13.6,13.59,13.58,13.57,13.56,13.55,13.54,13.53,13.63,13.64,13.65,13.66,13.67,13.68,13.69,13.7,13.71,13.72,500,5900,25500,29700,16700,4000,5800,12900,8200,4500,3500,5700,3800,1600,5400,3800,5000,4700,15300,5800
5066.0,13.62,10305100,139345225.0,13.61,13.6,13.59,13.58,13.57,13.56,13.55,13.54,13.53,13.52,13.63,13.64,13.65,13.66,13.67,13.68,13.69,13.7,13.71,13.72,5900,25500,29700,16700,4000,5800,12900,8200,4500,15100,2800,5700,3800,1600,5400,3800,5000,4700,15300,5800
5067.0,13.62,10305100,139345225.0,13.61,13.6,13.59,13.58,13.57,13.56,13.55,13.54,13.53,13.52,13.63,13.64,13.65,13.66,13.67,13.68,13.69,13.7,13.71,13.72,5900,25500,29700,16700,4000,5800,12900,8200,4500,15100,2800,5700,3800,1600,5400,3800,5000,4700,15300,5800
5068.0,13.62,10305100,139345225.0,13.61,13.6,13.59,13.58,13.57,13.56,13.55,13.54,13.53,13.52,13.63,13.64,13.65,13.66,13.67,13.68,13.69,13.7,13.71,13.72,5900,25500,29700,16700,4000,5800,12900,8200,4500,15100,2800,5700,3800,1600,5400,3800,5000,4700,15300,5800
5069.0,13.61,10305600,139352030.0,13.61,13.6,13.59,13.58,13.57,13.56,13.55,13.54,13.53,13.52,13.63,13.64,13.65,13.66,13.67,13.68,13.69,13.7,13.71,13.72,5400,25500,29700,16700,4000,5800,12900,8200,4500,15100,2800,5700,3800,1600,5400,3800,5000,4700,15300,5800
5070.0,13.61,10305600,139352030.0,13.61,13.6,13.59,13.58,13.57,13.56,13.55,13.54,13.53,13.52,13.63,13.64,13.65,13.66,13.67,13.68,13.69,13.7,13.71,13.72,5400,27900,29700,16700,4000,5800,12900,8200,4500,15100,2800,5700,3800,1600,5400,3800,5000,4700,15300,5800
5071.0,13.63,10306100,139358845.0,13.61,13.6,13.59,13.58,13.57,13.56,13.55,13.54,13.53,13.52,13.63,13.64,13.65,13.66,13.67,13.68,13.69,13.7,13.71,13.72,5900,27900,29700,16700,4000,5800,12900,8200,4500,15100,2300,5700,3800,1600,5400,3800,5000,4700,15300,5800
5072.0,13.61,10312700,139448731.0,13.61,13.6,13.59,13.58,13.57,13.56,13.55,13.54,13.53,13.52,13.64,13.65,13.66,13.67,13.68,13.69,13.7,13.71,13.72,13.73,2300,27900,29700,16700,4000,5800,12900,8200,4500,15100,5700,3800,1600,5400,3800,5000,4700,15300,5800,38100
5073.0,13.64,10313200,139455551.0,13.61,13.6,13.59,13.58,13.57,13.56,13.55,13.54,13.53,13.52,13.62,13.64,13.65,13.66,13.67,13.68,13.69,13.7,13.71,13.72,2300,28200,29700,16700,4000,5800,12900,8200,4500,15100,1000,5200,3800,1600,5400,3800,5000,4700,15300,5800
5074.0,13.64,10313200,139455551.0,13.61,13.6,13.59,13.58,13.57,13.56,13.55,13.54,13.53,13.52,13.62,13.64,13.65,13.66,13.67,13.68,13.69,13.7,13.71,13.72,2300,28200,29700,16700,4000,5800,12900,8200,4500,15100,1000,5200,3800,1600,5400,3800,5000,4700,15300,5800
5075.0,13.62,10314400,139471893.0,13.63,13.61,13.6,13.59,13.58,13.57,13.56,13.55,13.54,13.53,13.64,13.65,13.66,13.67,13.68,13.69,13.7,13.71,13.72,13.73,1600,2100,28200,29700,16700,4000,5800,12900,8200,4500,5200,3800,1600,5400,3800,5000,4700,15300,5800,38100
5076.0,13.62,10314400,139471893.0,13.63,13.61,13.6,13.59,13.58,13.57,13.56,13.55,13.54,13.53,13.64,13.65,13.66,13.67,13.68,13.69,13.7,13.71,13.72,13.73,1600,2100,28200,29700,16700,4000,5800,12900,8200,4500,5200,3800,1600,5400,3800,5000,4700,15300,5800,38100
5077.0,13.63,10315200,139482797.0,13.63,13.61,13.6,13.59,13.58,13.57,13.56,13.55,13.54,13.53,13.64,13.65,13.66,13.67,13.68,13.69,13.7,13.71,13.72,13.73,800,2100,28200,29700,16700,4000,5800,12500,8200,4500,5200,3800,1600,5400,3800,5000,4700,15300,5800,38100
5078.0,13.63,10315200,139482797.0,13.63,13.61,13.6,13.59,13.58,13.57,13.56,13.55,13.54,13.53,13.64,13.65,13.66,13.67,13.68,13.69,13.7,13.71,13.72,13.73,800,3000,28200,29700,16700,4000,5800,12500,8200,4500,5200,3800,1600,5400,3800,5000,4700,15300,5800,38100
5079.0,13.63,10315200,139482797.0,13.63,13.61,13.6,13.59,13.58,13.57,13.56,13.55,13.54,13.53,13.64,13.65,13.66,13.67,13.68,13.69,13.7,13.71,13.72,13.73,800,4000,26600,29700,16700,4000,5800,12500,8200,4500,5200,3800,1600,5400,3800,5000,4700,15300,5800,38100
5080.0,13.64,10315700,139489617.0,13.63,13.61,13.6,13.59,13.58,13.57,13.56,13.55,13.54,13.53,13.64,13.65,13.66,13.67,13.68,13.69,13.7,13.71,13.72,13.73,800,4000,26600,29700,16700,4000,5800,12500,8200,4500,4700,3800,1600,5400,3800,5000,4700,15300,5800,38100
5081.0,13.64,10315700,139489617.0,13.63,13.61,13.6,13.59,13.58,13.57,13.56,13.55,13.54,13.53,13.64,13.65,13.66,13.67,13.68,13.69,13.7,13.71,13.72,13.73,800,4000,26600,29700,16700,4000,5800,12500,8200,4500,4700,3800,1600,5400,3800,5000,4700,15300,5800,38100
5082.0,13.64,10316600,139501893.0,13.63,13.61,13.6,13.59,13.58,13.57,13.56,13.55,13.54,13.53,13.64,13.65,13.66,13.67,13.68,13.69,13.7,13.71,13.72,13.73,800,4000,26600,29700,16700,4000,5800,12500,8200,4500,3800,3800,1600,5400,3800,5000,4700,15300,5800,38100
5083.0,13.64,10316600,139501893.0,13.63,13.61,13.6,13.59,13.58,13.57,13.56,13.55,13.54,13.53,13.64,13.65,13.66,13.67,13.68,13.69,13.7,13.71,13.72,13.73,800,4000,26600,29700,16700,4000,5800,12500,8200,4500,3800,3800,1600,5400,3800,5000,4700,15300,5800,38100
5084.0,13.61,10317600,139515519.0,13.61,13.6,13.59,13.58,13.57,13.56,13.55,13.54,13.53,13.52,13.63,13.64,13.65,13.66,13.67,13.68,13.69,13.7,13.71,13.72,17300,29600,29700,16700,4000,5800,12500,8200,4500,15100,100,3800,3800,1600,5400,3800,5000,4700,15300,5800
5085.0,13.63,10317700,139516882.0,13.63,13.61,13.6,13.59,13.58,13.57,13.56,13.55,13.54,13.53,13.64,13.65,13.66,13.67,13.68,13.69,13.7,13.71,13.72,13.73,2900,17300,29600,29700,16700,4000,5800,12500,8200,4500,3800,3800,1600,5400,3800,5000,4700,15300,5800,38100
5086.0,13.63,10317900,139519608.0,13.63,13.61,13.6,13.59,13.58,13.57,13.56,13.55,13.54,13.53,13.64,13.65,13.66,13.67,13.68,13.69,13.7,13.71,13.72,13.73,2700,17800,29600,29700,16700,4000,5800,12500,8200,4500,3800,3800,1600,5400,3800,5000,4000,15300,5800,38100
5087.0,13.63,10318500,139527790.0,13.63,13.61,13.6,13.59,13.58,13.57,13.56,13.55,13.54,13.53,13.64,13.65,13.66,13.67,13.68,13.69,13.7,13.71,13.72,13.73,2500,17800,29600,29700,16700,4000,5800,12500,8200,4500,3400,3800,1600,5400,3800,5000,4000,15300,5800,38100
5088.0,13.63,10318500,139527790.0,13.63,13.61,13.6,13.59,13.58,13.57,13.56,13.55,13.54,13.53,13.64,13.65,13.66,13.67,13.68,13.69,13.7,13.71,13.72,13.73,2500,17800,29600,29700,16700,4000,5800,12500,8200,4500,3400,3800,1600,5400,3800,5000,4000,15300,5800,38100
5089.0,13.64,10319700,139544156.0,13.63,13.61,13.6,13.59,13.58,13.57,13.56,13.55,13.54,13.53,13.64,13.65,13.66,13.67,13.68,13.69,13.7,13.71,13.72,13.73,2300,17800,30300,29700,16700,3900,5800,12500,8200,4500,2400,3800,1600,5400,3800,5000,4000,15300,5800,38100
5090.0,13.64,10319700,139544156.0,13.63,13.61,13.6,13.59,13.58,13.57,13.56,13.55,13.54,13.53,13.64,13.65,13.66,13.67,13.68,13.69,13.7,13.71,13.72,13.73,2600,18200,30300,29700,16700,3900,5800,12500,8200,4500,2400,3800,1600,5400,3800,5000,4000,15300,5800,38100
5091.0,13.64,10319700,139544156.0,13.63,13.61,13.6,13.59,13.58,13.57,13.56,13.55,13.54,13.53,13.64,13.65,13.66,13.67,13.68,13.69,13.7,13.71,13.72,13.73,2600,18200,30300,29700,16700,3900,5800,12500,8200,4500,2400,3800,1600,5400,3800,5000,4000,15300,5800,38100
5092.0,13.63,10319900,139546882.0,13.63,13.61,13.6,13.59,13.58,13.57,13.56,13.55,13.54,13.53,13.64,13.65,13.66,13.67,13.68,13.69,13.7,13.71,13.72,13.73,2400,18200,30300,29700,16700,3900,5800,12500,8200,4500,2400,3800,1600,4400,3800,5000,4000,15300,5800,38100
5093.0,13.63,10320500,139555064.0,13.63,13.61,13.6,13.59,13.58,13.57,13.56,13.55,13.54,13.53,13.64,13.65,13.66,13.67,13.68,13.69,13.7,13.71,13.72,13.73,2200,18200,30400,29700,16700,3900,5800,12500,8200,4500,2000,5800,1600,4400,3800,5000,4000,15300,5800,38100
5094.0,13.65,10322600,139583709.0,13.63,13.61,13.6,13.59,13.58,13.57,13.56,13.55,13.54,13.53,13.65,13.66,13.67,13.68,13.69,13.7,13.71,13.72,13.73,13.74,2200,18200,30400,29700,16700,3900,5800,12500,8200,4500,2500,1600,4400,3800,5000,4000,15300,5800,38100,500
5095.0,13.64,10324800,139613715.0,13.64,13.63,13.61,13.6,13.59,13.58,13.57,13.56,13.55,13.54,13.65,13.66,13.67,13.68,13.69,13.7,13.71,13.72,13.73,13.74,2300,2000,18200,30400,29700,16700,3900,5800,12500,8200,2500,1600,4400,3800,5000,4000,15300,5800,38100,500
5096.0,13.64,10324800,139613715.0,13.64,13.63,13.61,13.6,13.59,13.58,13.57,13.56,13.55,13.54,13.65,13.66,13.67,13.68,13.69,13.7,13.71,13.72,13.73,13.74,3200,2000,18200,30400,29700,16800,3900,5800,12500,8200,2500,1600,4400,3800,5000,4000,15300,5800,38100,500
5097.0,13.65,10325200,139619175.0,13.64,13.63,13.61,13.6,13.59,13.58,13.57,13.56,13.55,13.54,13.65,13.66,13.67,13.68,13.69,13.7,13.71,13.72,13.73,13.74,3400,2000,18200,30400,29800,16800,3900,5800,12500,8200,2100,1600,4400,3800,5000,4000,15300,5800,38100,500
5098.0,13.65,10326600,139638285.0,13.64,13.63,13.61,13.6,13.59,13.58,13.57,13.56,13.55,13.54,13.65,13.66,13.67,13.68,13.69,13.7,13.71,13.72,13.73,13.74,3400,2000,18200,30400,29800,17200,3900,5800,12500,8200,700,1600,4400,3800,5000,4000,15300,5800,38100,500
5099.0,13.65,10326600,139638285.0,13.64,13.63,13.61,13.6,13.59,13.58,13.57,13.56,13.55,13.54,13.65,13.66,13.67,13.68,13.69,13.7,13.71,13.72,13.73,13.74,3400,2000,18200,30400,29800,17200,3900,5800,12500,8200,700,1600,4400,3800,5000,4000,15300,5800,38100,500
5100.0,13.65,10326600,139638285.0,13.64,13.63,13.61,13.6,13.59,13.58,13.57,13.56,13.55,13.54,13.65,13.66,13.67,13.68,13.69,13.7,13.71,13.72,13.73,13.74,3400,2000,18200,30400,29800,17200,3900,5800,12500,8200,700,1600,4400,3800,5000,4000,15300,5800,38100,500
5101.0,13.65,10327300,139647840.0,13.65,13.64,13.63,13.61,13.6,13.59,13.58,13.57,13.56,13.55,13.66,13.67,13.68,13.69,13.7,13.71,13.72,13.73,13.74,13.75,100,3400,2000,18200,30400,29800,17200,3900,5800,12500,1600,4400,3800,5000,4000,15300,5800,38100,500,16600
5102.0,13.65,10327400,139649205.0,13.64,13.63,13.61,13.6,13.59,13.58,13.57,13.56,13.55,13.54,13.65,13.66,13.67,13.68,13.69,13.7,13.71,13.72,13.73,13.74,3400,2000,18200,30400,29800,17200,3900,5800,12500,8200,100,1600,4400,3800,5000,4000,15300,5800,38100,500
5103.0,13.65,10327400,139649205.0,13.64,13.63,13.61,13.6,13.59,13.58,13.57,13.56,13.55,13.54,13.65,13.66,13.67,13.68,13.69,13.7,13.71,13.72,13.73,13.74,3400,2000,18200,30400,29800,17200,3900,5800,12500,8200,100,1600,4400,3800,5000,4000,15300,5800,38100,500
5104.0,13.65,10327400,139649205.0,13.64,13.63,13.61,13.6,13.59,13.58,13.57,13.56,13.55,13.54,13.65,13.66,13.67,13.68,13.69,13.7,13.71,13.72,13.73,13.74,3400,2000,18200,30400,29800,17200,3900,5800,12500,8200,800,1600,4400,3800,5000,4000,15300,5800,38100,500
5105.0,13.65,10327500,139650570.0,13.64,13.63,13.61,13.6,13.59,13.58,13.57,13.56,13.55,13.54,13.65,13.66,13.67,13.68,13.69,13.7,13.71,13.72,13.73,13.74,3400,2000,18200,30400,29800,17200,3900,5800,12500,8200,800,1600,4400,3800,5000,4000,15300,5800,38100,500
5106.0,13.64,10330900,139696946.0,13.63,13.61,13.6,13.59,13.58,13.57,13.56,13.55,13.54,13.53,13.64,13.65,13.66,13.67,13.68,13.69,13.7,13.71,13.72,13.73,2000,18200,30400,29800,17200,3900,5800,12500,8200,4500,300,1300,1600,4400,3800,5000,4000,15300,5800,38100
5107.0,13.63,10331200,139701035.0,13.63,13.62,13.61,13.6,13.59,13.58,13.57,13.56,13.55,13.54,13.64,13.65,13.66,13.67,13.68,13.69,13.7,13.71,13.72,13.73,1700,100,18200,30400,29800,17200,3900,5800,12500,8200,2900,1400,1600,3700,3800,5000,4000,15300,5800,38100
5108.0,13.64,10331500,139705127.0,13.63,13.62,13.61,13.6,13.59,13.58,13.57,13.56,13.55,13.54,13.64,13.65,13.66,13.67,13.68,13.69,13.7,13.71,13.72,13.73,1700,100,18200,30400,29800,17200,3900,5800,12500,8200,3000,1300,1600,3700,3800,5000,4000,15300,5800,38100
5109.0,13.63,10332900,139724209.0,13.62,13.61,13.6,13.59,13.58,13.57,13.56,13.55,13.54,13.53,13.63,13.64,13.65,13.66,13.67,13.68,13.69,13.7,13.71,13.72,100,18200,30400,29800,17200,3900,5800,12500,8200,4500,900,3000,4300,1600,3700,3800,5000,4000,15300,5800
5110.0,13.63,10332900,139724209.0,13.62,13.61,13.6,13.59,13.58,13.57,13.56,13.55,13.54,13.53,13.63,13.64,13.65,13.66,13.67,13.68,13.69,13.7,13.71,13.72,100,4700,30400,29400,17200,3900,5800,12500,8200,4500,6200,3000,4300,1600,3700,3800,5000,4000,15300,5800
5111.0,13.61,10334600,139747347.0,13.61,13.6,13.59,13.58,13.57,13.56,13.55,13.54,13.53,13.52,13.63,13.64,13.65,13.66,13.67,13.68,13.69,13.7,13.71,13.72,3100,31000,29400,17200,3900,5800,12500,8200,4500,15100,6200,5100,4300,1600,3700,3800,5000,4000,15300,5800
5112.0,13.61,10334900,139751430.0,13.61,13.6,13.59,13.58,13.57,13.56,13.55,13.54,13.53,13.52,13.63,13.64,13.65,13.66,13.67,13.68,13.69,13.7,13.71,13.72,2800,31000,29400,17200,3900,5800,12500,8200,4500,15100,6200,5100,4300,1600,3700,3800,5000,4000,15300,5800
5113.0,13.64,10348600,139938215.0,13.61,13.6,13.59,13.58,13.57,13.56,13.55,13.54,13.53,13.52,13.64,13.65,13.66,13.67,13.68,13.69,13.7,13.71,13.72,13.73,2600,31000,29400,17200,3900,5800,12500,8200,4500,15100,800,4300,1600,3700,3800,5000,4000,15300,5800,38100
5114.0,13.64,10350400,139962761.0,13.61,13.6,13.59,13.58,13.57,13.56,13.55,13.54,13.53,13.52,13.64,13.65,13.66,13.67,13.68,13.69,13.7,13.71,13.72,13.73,2800,31000,29400,17200,3900,5800,12500,8200,4500,15100,2200,3800,1600,3700,3800,5000,4000,15300,5800,38100
5115.0,13.64,10350600,139965489.0,13.61,13.6,13.59,13.58,13.57,13.56,13.55,13.54,13.53,13.52,13.64,13.65,13.66,13.67,13.68,13.69,13.7,13.71,13.72,13.73,3000,31000,29400,17200,3900,5800,12500,8200,4500,15100,2200,3800,1600,3700,3800,5000,4000,15300,5800,38100
5116.0,13.64,10350600,139965489.0,13.61,13.6,13.59,13.58,13.57,13.56,13.55,13.54,13.53,13.52,13.64,13.65,13.66,13.67,13.68,13.69,13.7,13.71,13.72,13.73,3300,31000,29400,17200,3900,5800,12500,8200,4500,15100,3500,4300,1600,3700,3800,5000,4000,15300,5800,38100
5117.0,13.61,10350900,139969572.0,13.61,13.6,13.59,13.58,13.57,13.56,13.55,13.54,13.53,13.52,13.64,13.65,13.66,13.67,13.68,13.69,13.7,13.71,13.72,13.73,3200,31000,29400,17200,3900,5800,12500,8200,4500,15100,3700,4300,1600,3700,3800,5000,4000,15300,5800,38100
5118.0,13.61,10350900,139969572.0,13.61,13.6,13.59,13.58,13.57,13.56,13.55,13.54,13.53,13.52,13.64,13.65,13.66,13.67,13.68,13.69,13.7,13.71,13.72,13.73,3500,31000,29400,17200,3900,5800,12500,8200,4500,15100,4000,4300,2600,3700,3800,5000,4000,15300,5800,38100
5119.0,13.63,10351200,139973661.0,13.63,13.61,13.6,13.59,13.58,13.57,13.56,13.55,13.54,13.53,13.64,13.65,13.66,13.67,13.68,13.69,13.7,13.71,13.72,13.73,100,3700,31000,29400,17200,3900,5800,13600,8200,4500,4200,4300,2600,3700,3800,5000,4000,15300,5800,38100
5120.0,13.63,10351200,139973661.0,13.63,13.61,13.6,13.59,13.58,13.57,13.56,13.55,13.54,13.53,13.64,13.65,13.66,13.67,13.68,13.69,13.7,13.71,13.72,13.73,100,3700,31000,29400,17200,3900,5800,13600,8200,4500,4700,4300,2600,3700,3800,5000,4000,15300,5800,38100
5121.0,13.63,10351200,139973661.0,13.63,13.61,13.6,13.59,13.58,13.57,13.56,13.55,13.54,13.53,13.64,13.65,13.66,13.67,13.68,13.69,13.7,13.71,13.72,13.73,100,3700,31000,29400,17200,3900,5800,13600,8200,4500,4700,3600,2600,3700,3800,5000,4000,15300,5800,38100
5122.0,13.65,10357100,140054149.0,13.63,13.61,13.6,13.59,13.58,13.57,13.56,13.55,13.54,13.53,13.64,13.65,13.66,13.67,13.68,13.69,13.7,13.71,13.72,13.73,100,3700,31000,29400,17200,3900,5800,13600,8200,4500,300,2400,2300,3700,3800,5000,4000,15300,5800,38100
5123.0,13.63,10357200,140055512.0,13.61,13.6,13.59,13.58,13.57,13.56,13.55,13.54,13.53,13.52,13.63,13.64,13.65,13.66,13.67,13.68,13.69,13.7,13.71,13.72,3700,31000,29400,17200,3900,5800,13600,8200,4500,15100,1600,300,2400,2300,3700,3800,5000,4000,15300,5800
5124.0,13.63,10357200,140055512.0,13.61,13.6,13.59,13.58,13.57,13.56,13.55,13.54,13.53,13.52,13.63,13.64,13.65,13.66,13.67,13.68,13.69,13.7,13.71,13.72,3700,31000,29400,17200,3900,5800,13600,8200,4500,15100,1600,300,2400,2300,3700,3800,5000,4000,15300,5800
5125.0,13.63,10357200,140055512.0,13.61,13.6,13.59,13.58,13.57,13.56,13.55,13.54,13.53,13.52,13.63,13.64,13.65,13.66,13.67,13.68,13.69,13.7,13.71,13.72,3700,31000,29400,17200,3900,5800,13600,8200,4500,15100,1600,300,2400,2300,3700,3800,5000,4000,15300,5800
5126.0,13.61,10357500,140059595.0,13.61,13.6,13.59,13.58,13.57,13.56,13.55,13.54,13.53,13.52,13.63,13.64,13.65,13.66,13.67,13.68,13.69,13.7,13.71,13.72,3400,30900,29400,17200,3900,5800,13600,8200,4500,15100,1600,300,2400,2300,3700,3800,5000,4000,15300,5800
5127.0,13.61,10357500,140059595.0,13.61,13.6,13.59,13.58,13.57,13.56,13.55,13.54,13.53,13.52,13.63,13.64,13.65,13.66,13.67,13.68,13.69,13.7,13.71,13.72,3400,30900,29400,17200,3900,5800,13600,8200,4500,15100,1600,300,2400,2300,4400,3800,5000,4000,15300,5800
5128.0,13.61,10358300,140070483.0,13.61,13.6,13.59,13.58,13.57,13.56,13.55,13.54,13.53,13.52,13.63,13.64,13.65,13.66,13.67,13.68,13.69,13.7,13.71,13.72,2600,27900,29400,17200,3900,5800,13600,9200,4500,15100,1600,300,2400,2300,4400,3800,5000,4000,15300,5800
5129.0,13.63,10359100,140081383.0,13.61,13.6,13.59,13.58,13.57,13.56,13.55,13.54,13.53,13.52,13.63,13.64,13.65,13.66,13.67,13.68,13.69,13.7,13.71,13.72,2400,27900,29400,17200,3900,5800,13600,9200,4500,15100,1000,300,2400,2300,3900,3800,5000,4000,15300,5800
5130.0,13.63,10359200,140082746.0,13.61,13.6,13.59,13.58,13.57,13.56,13.55,13.54,13.53,13.52,13.63,13.64,13.65,13.66,13.67,13.68,13.69,13.7,13.71,13.72,2400,27900,30100,17200,3900,5800,13600,9200,4500,15100,900,300,2400,2300,3900,3800,5000,4000,15300,5800
5131.0,13.63,10359200,140082746.0,13.61,13.6,13.59,13.58,13.57,13.56,13.55,13.54,13.53,13.52,13.63,13.64,13.65,13.66,13.67,13.68,13.69,13.7,13.71,13.72,3800,27900,30100,17200,3900,5800,13600,9200,4500,15100,900,300,2400,2300,3900,3800,5000,4000,15300,5800
5132.0,13.61,10359500,140086829.0,13.61,13.6,13.59,13.58,13.57,13.56,13.55,13.54,13.53,13.52,13.63,13.64,13.65,13.66,13.67,13.68,13.69,13.7,13.71,13.72,3500,27900,30100,17200,3900,5800,13600,9200,4500,15100,900,300,2400,2300,3900,3800,5000,4000,15300,5800
5133.0,13.63,10359900,140092281.0,13.62,13.61,13.6,13.59,13.58,13.57,13.56,13.55,13.54,13.53,13.63,13.64,13.65,13.66,13.67,13.68,13.69,13.7,13.71,13.72,700,3500,27900,30100,17200,3900,5800,13600,9200,4500,500,300,2900,2300,3900,3800,5000,4000,15300,5800
5134.0,13.63,10359900,140092281.0,13.62,13.61,13.6,13.59,13.58,13.57,13.56,13.55,13.54,13.53,13.63,13.64,13.65,13.66,13.67,13.68,13.69,13.7,13.71,13.72,700,3500,27900,30100,17200,3900,5800,13600,9200,4500,500,300,2900,2300,3900,3800,5000,4000,15300,5800
5135.0,13.63,10359900,140092281.0,13.62,13.61,13.6,13.59,13.58,13.57,13.56,13.55,13.54,13.53,13.63,13.64,13.65,13.66,13.67,13.68,13.69,13.7,13.71,13.72,700,3800,27900,30100,17200,3900,5800,13600,9200,4500,500,300,2900,2300,3900,3800,5000,4000,15800,5800
5136.0,13.63,10359900,140092281.0,13.62,13.61,13.6,13.59,13.58,13.57,13.56,13.55,13.54,13.53,13.63,13.65,13.66,13.67,13.68,13.69,13.7,13.71,13.72,13.73,700,3800,27900,30100,17200,3900,5800,13600,9200,4500,500,2900,2300,3900,3800,5000,4000,15800,5800,38100
5137.0,13.63,10360400,140099096.0,13.63,13.62,13.61,13.6,13.59,13.58,13.57,13.56,13.55,13.54,13.65,13.66,13.67,13.68,13.69,13.7,13.71,13.72,13.73,13.74,5300,700,13600,27900,30100,17200,3900,5800,13600,9200,15100,2300,3900,3800,5000,4000,15800,5800,38100,500
5138.0,13.65,10362100,140122281.0,13.63,13.62,13.61,13.6,13.59,13.58,13.57,13.56,13.55,13.54,13.65,13.66,13.67,13.68,13.69,13.7,13.71,13.72,13.73,13.74,4300,700,13600,27900,30100,17200,3900,5800,13600,9200,14400,2300,3900,3800,5000,4000,15800,5800,38100,500
5139.0,13.65,10362100,140122281.0,13.63,13.62,13.61,13.6,13.59,13.58,13.57,13.56,13.55,13.54,13.65,13.66,13.67,13.68,13.69,13.7,13.71,13.72,13.73,13.74,4300,700,13600,27900,30100,17200,3900,5800,13600,9200,14400,2300,3900,3800,5000,4000,15800,5800,38100,500
5140.0,13.63,10362400,140126370.0,13.63,13.62,13.61,13.6,13.59,13.58,13.57,13.56,13.55,13.54,13.65,13.66,13.67,13.68,13.69,13.7,13.71,13.72,13.73,13.74,4000,700,13600,27900,30100,17200,3900,5800,13600,9200,14400,2300,3900,3800,5000,4000,15800,5800,38100,500
5141.0,13.63,10367100,140190445.0,13.62,13.61,13.6,13.59,13.58,13.57,13.56,13.55,13.54,13.53,13.63,13.65,13.66,13.67,13.68,13.69,13.7,13.71,13.72,13.73,700,13600,28900,30100,17200,3900,5800,13600,9200,4600,200,13700,2300,3900,3800,5000,4000,15800,5800,38100
5142.0,13.63,10367100,140190445.0,13.61,13.6,13.59,13.58,13.57,13.56,13.55,13.54,13.53,13.52,13.63,13.65,13.66,13.67,13.68,13.69,13.7,13.71,13.72,13.73,13600,28900,30000,17200,3900,5800,13600,9200,4600,16500,200,13700,2300,3900,3800,5000,4000,15800,5800,38100
5143.0,13.63,10367100,140190445.0,13.61,13.6,13.59,13.58,13.57,13.56,13.55,13.54,13.53,13.52,13.63,13.65,13.66,13.67,13.68,13.69,13.7,13.71,13.72,13.73,13600,28900,30000,17200,3900,5800,13600,9200,4600,16500,200,13700,2300,3900,3800,5000,4000,15800,5800,38100
5144.0,13.63,10367100,140190445.0,13.61,13.6,13.59,13.58,13.57,13.56,13.55,13.54,13.53,13.52,13.63,13.65,13.66,13.67,13.68,13.69,13.7,13.71,13.72,13.73,13600,28900,30000,17200,3900,5800,13600,9200,4600,16500,200,13700,2300,3900,3800,5000,4000,15800,5800,38100
5145.0,13.63,10367100,140190445.0,13.61,13.6,13.59,13.58,13.57,13.56,13.55,13.54,13.53,13.52,13.63,13.65,13.66,13.67,13.68,13.69,13.7,13.71,13.72,13.73,13600,28900,30000,17200,3900,5800,13600,9200,4600,16500,200,13700,2300,3900,3800,5000,4000,15800,5800,38100
5146.0,13.65,10367700,140198631.0,13.61,13.6,13.59,13.58,13.57,13.56,13.55,13.54,13.53,13.52,13.65,13.66,13.67,13.68,13.69,13.7,13.71,13.72,13.73,13.74,13600,28900,30000,17200,3900,5800,13600,9200,4600,16500,13300,2300,3900,3800,5000,4000,15800,5800,38100,500
5147.0,13.65,10388000,140475726.0,13.65,13.63,13.61,13.6,13.59,13.58,13.57,13.56,13.55,13.54,13.66,13.67,13.68,13.69,13.7,13.71,13.72,13.73,13.74,13.75,500,7000,13600,28900,30000,17200,3900,5800,13600,9200,2300,3900,3800,5000,4000,15800,5800,38100,500,16600
5148.0,13.65,10388000,140475726.0,13.65,13.63,13.61,13.6,13.59,13.58,13.57,13.56,13.55,13.54,13.66,13.67,13.68,13.69,13.7,13.71,13.72,13.73,13.74,13.75,2700,7000,13600,28900,30000,17200,3900,5800,13600,9200,2300,3900,3800,5000,4000,15800,5800,38100,500,16600
5149.0,13.65,10389200,140492108.0,13.65,13.63,13.61,13.6,13.59,13.58,13.57,13.56,13.55,13.54,13.66,13.67,13.68,13.69,13.7,13.71,13.72,13.73,13.74,13.75,6300,7000,13600,30900,30000,17200,3900,5800,13600,9200,2100,3900,3800,5000,4000,15800,5800,38100,500,16600
5150.0,13.66,10389500,140496206.0,13.65,13.63,13.61,13.6,13.59,13.58,13.57,13.56,13.55,13.54,13.66,13.67,13.68,13.69,13.7,13.71,13.72,13.73,13.74,13.75,6300,7000,13600,30900,30000,17200,3900,5800,13600,9200,1900,3900,3800,5000,4000,15800,5800,38100,500,16600
5151.0,13.66,10389600,140497572.0,13.65,13.63,13.61,13.6,13.59,13.58,13.57,13.56,13.55,13.54,13.66,13.67,13.68,13.69,13.7,13.71,13.72,13.73,13.74,13.75,6300,7000,13600,30900,30000,17200,3900,5800,13600,9200,1800,3900,3800,5000,4000,15800,5800,38100,500,16600
5152.0,13.66,10389700,140498938.0,13.65,13.63,13.61,13.6,13.59,13.58,13.57,13.56,13.55,13.54,13.66,13.67,13.68,13.69,13.7,13.71,13.72,13.73,13.74,13.75,6300,7000,13600,30900,30000,17200,3900,5800,13600,9200,1700,3900,3800,5000,4000,15800,5800,38100,500,16600
5153.0,13.66,10389700,140498938.0,13.65,13.63,13.61,13.6,13.59,13.58,13.57,13.56,13.55,13.54,13.66,13.67,13.68,13.69,13.7,13.71,13.72,13.73,13.74,13.75,6300,7000,13600,30900,30000,17200,3900,5800,13600,9200,1700,3900,3800,5000,4000,15800,5800,38100,500,16600
5154.0,13.66,10389700,140498938.0,13.65,13.63,13.61,13.6,13.59,13.58,13.57,13.56,13.55,13.54,13.66,13.67,13.68,13.69,13.7,13.71,13.72,13.73,13.74,13.75,11300,7000,13600,30900,30000,17200,3900,5800,13600,9200,1700,3900,3800,5000,4000,15800,5800,38100,500,16600
5155.0,13.66,10389800,140500304.0,13.65,13.63,13.61,13.6,13.59,13.58,13.57,13.56,13.55,13.54,13.66,13.67,13.68,13.69,13.7,13.71,13.72,13.73,13.74,13.75,11300,7000,13300,30900,30000,19200,3900,5800,13600,9200,1600,3900,3800,5000,4000,15800,5800,38100,500,16600
5156.0,13.65,10391300,140520779.0,13.65,13.63,13.61,13.6,13.59,13.58,13.57,13.56,13.55,13.54,13.66,13.67,13.68,13.69,13.7,13.71,13.72,13.73,13.74,13.75,9800,7000,13300,30900,30000,19200,3900,5800,13600,9200,1600,3900,3800,5000,4000,15800,5800,38100,500,16600
5157.0,13.66,10392000,140530341.0,13.65,13.61,13.6,13.59,13.58,13.57,13.56,13.55,13.54,13.53,13.66,13.67,13.68,13.69,13.7,13.71,13.72,13.73,13.74,13.75,9800,13300,30900,30000,19200,3900,5800,13600,9200,4600,900,3900,3800,5000,4000,15800,5800,38100,500,16600
5158.0,13.65,10392500,140537170.0,13.65,13.61,13.6,13.59,13.58,13.57,13.56,13.55,13.54,13.53,13.66,13.67,13.68,13.69,13.7,13.71,13.72,13.73,13.74,13.75,9700,13300,30900,30000,19200,3900,5800,13600,9200,4600,500,3900,3800,5000,4000,15800,5800,38100,500,16600
5159.0,13.65,10392500,140537170.0,13.65,13.61,13.6,13.59,13.58,13.57,13.56,13.55,13.54,13.53,13.66,13.67,13.68,13.69,13.7,13.71,13.72,13.73,13.74,13.75,9700,13300,30900,30000,19200,3900,5800,13600,9200,4600,500,3900,3800,5000,4000,15800,5800,38100,500,16600
5160.0,13.65,10393900,140556280.0,13.65,13.61,13.6,13.59,13.58,13.57,13.56,13.55,13.54,13.53,13.66,13.67,13.68,13.69,13.7,13.71,13.72,13.73,13.74,13.75,8300,13300,30900,30000,19200,3900,5800,13600,9200,4600,500,3900,3800,5000,4000,15800,5800,38100,500,16600
5161.0,13.65,10394100,140559010.0,13.65,13.61,13.6,13.59,13.58,13.57,13.56,13.55,13.54,13.53,13.66,13.67,13.68,13.69,13.7,13.71,13.72,13.73,13.74,13.75,8100,13300,30900,30000,19200,3900,5800,13600,9200,4600,500,3900,3800,5000,4000,15800,5800,38100,500,16600
5162.0,13.65,10394100,140559010.0,13.65,13.61,13.6,13.59,13.58,13.57,13.56,13.55,13.54,13.53,13.66,13.67,13.68,13.69,13.7,13.71,13.72,13.73,13.74,13.75,8100,13300,30900,30000,19200,3900,5800,13600,9200,4600,500,3900,3800,5000,4000,15800,5800,38100,500,16600
5163.0,13.66,10400800,140650522.0,13.66,13.65,13.61,13.6,13.59,13.58,13.57,13.56,13.55,13.54,13.67,13.68,13.69,13.7,13.71,13.72,13.73,13.74,13.75,13.76,1600,7100,13300,30900,33100,19200,3900,5800,13600,9200,3900,3800,5000,4000,15800,5800,38100,500,16600,12100
5164.0,13.66,10400800,140650522.0,13.66,13.65,13.61,13.6,13.59,13.58,13.57,13.56,13.55,13.54,13.67,13.68,13.69,13.7,13.71,13.72,13.73,13.74,13.75,13.76,1600,7100,13300,30900,33100,19200,3900,5800,13600,9200,3900,3800,5000,4000,15800,5800,38100,500,16600,12100
5165.0,13.66,10401600,140661453.0,13.66,13.65,13.61,13.6,13.59,13.58,13.57,13.56,13.55,13.54,13.67,13.68,13.69,13.7,13.71,13.72,13.73,13.74,13.75,13.76,1100,7100,13300,30900,33100,19200,3900,5800,13600,9200,3600,3800,5000,4000,15800,5800,38100,500,16600,12100
5166.0,13.67,10401900,140665554.0,13.66,13.65,13.61,13.6,13.59,13.58,13.57,13.56,13.55,13.54,13.67,13.68,13.69,13.7,13.71,13.72,13.73,13.74,13.75,13.76,1100,7100,13300,30900,33100,19200,3900,5800,13600,9200,3300,3800,5000,4000,15800,5800,38100,500,16600,12100
5167.0,13.65,10406000,140721530.0,13.65,13.61,13.6,13.59,13.58,13.57,13.56,13.55,13.54,13.53,13.67,13.68,13.69,13.7,13.71,13.72,13.73,13.74,13.75,13.76,4100,13300,30900,33100,19200,3900,5800,13600,9200,4600,3300,3800,5000,4000,15800,5800,38100,500,16600,12100
5168.0,13.67,10409300,140766641.0,13.67,13.65,13.61,13.6,13.59,13.58,13.57,13.56,13.55,13.54,13.68,13.69,13.7,13.71,13.72,13.73,13.74,13.75,13.76,13.77,4500,4100,13300,30900,33100,19200,3900,5800,13600,9200,3800,5000,7000,15800,5800,38100,500,16600,12100,14000
5169.0,13.67,10411300,140793981.0,13.67,13.65,13.61,13.6,13.59,13.58,13.57,13.56,13.55,13.54,13.68,13.69,13.7,13.71,13.72,13.73,13.74,13.75,13.76,13.77,2500,4100,13900,30900,33100,19200,3900,5800,13600,9200,3800,5000,7000,15800,5800,38100,500,16600,12100,14000
5170.0,13.67,10411500,140796715.0,13.67,13.65,13.61,13.6,13.59,13.58,13.57,13.56,13.55,13.54,13.68,13.69,13.7,13.71,13.72,13.73,13.74,13.75,13.76,13.77,2300,4100,13900,30900,33100,19200,3900,5800,13600,9200,3800,5000,7000,15800,5800,38100,500,16600,12100,14000
5171.0,13.67,10413900,140829525.0,13.67,13.65,13.61,13.6,13.59,13.58,13.57,13.56,13.55,13.54,13.68,13.69,13.7,13.71,13.72,13.73,13.74,13.75,13.76,13.77,100,4100,13900,30900,33100,19200,3900,5800,13600,9200,3600,6200,7000,15800,5800,38100,500,16600,12100,14000
5172.0,13.67,10414300,140834996.0,13.65,13.61,13.6,13.59,13.58,13.57,13.56,13.55,13.54,13.53,13.67,13.68,13.69,13.7,13.71,13.72,13.73,13.74,13.75,13.76,4100,13900,30900,33100,19200,3900,5800,13600,9200,4600,7100,3300,6200,7000,15800,5800,38100,500,16600,12100
5173.0,13.65,10414700,140840456.0,13.66,13.65,13.61,13.6,13.59,13.58,13.57,13.56,13.55,13.54,13.67,13.68,13.69,13.7,13.71,13.72,13.73,13.74,13.75,13.76,500,3700,13900,30900,33100,19200,3900,5800,13600,9200,7100,3300,6200,7000,15800,5800,38100,500,16600,12100
5174.0,13.66,10415200,140847286.0,13.65,13.61,13.6,13.59,13.58,13.57,13.56,13.55,13.54,13.53,13.67,13.68,13.69,13.7,13.71,13.72,13.73,13.74,13.75,13.76,3700,13900,30900,33100,19200,3900,5800,13600,9200,4600,7100,3300,6200,7000,15800,5800,38100,500,16600,12100
5175.0,13.67,10417600,140880094.0,13.65,13.61,13.6,13.59,13.58,13.57,13.56,13.55,13.54,13.53,13.66,13.67,13.68,13.69,13.7,13.71,13.72,13.73,13.74,13.75,3700,14900,30900,33100,19200,3900,5800,13600,9200,4600,2200,4700,3300,6200,7000,15800,5800,34500,500,16600
5176.0,13.67,10427400,141013952.0,13.61,13.6,13.59,13.58,13.57,13.56,13.55,13.54,13.53,13.52,13.67,13.68,13.69,13.7,13.71,13.72,13.73,13.74,13.75,13.76,14900,30900,33100,19200,3900,5800,13600,9200,4600,16500,1400,3300,6200,7000,15800,5800,34500,500,16600,12100
5177.0,13.67,10427400,141013952.0,13.61,13.6,13.59,13.58,13.57,13.56,13.55,13.54,13.53,13.52,13.67,13.68,13.69,13.7,13.71,13.72,13.73,13.74,13.75,13.76,14900,30900,33100,19200,3900,5800,13600,9200,4600,16500,1400,3300,6200,7000,15800,5800,34500,500,16600,12100
5178.0,13.67,10428000,141022154.0,13.63,13.61,13.6,13.59,13.58,13.57,13.56,13.55,13.54,13.53,13.67,13.68,13.69,13.7,13.71,13.72,13.73,13.74,13.75,13.76,1000,16000,30900,33100,19200,3900,5800,13600,9200,4600,1900,3300,6200,7000,15800,5800,34500,500,16600,12100
5179.0,13.67,10430400,141054958.0,13.67,13.63,13.61,13.6,13.59,13.58,13.57,13.56,13.55,13.54,13.68,13.69,13.7,13.71,13.72,13.73,13.74,13.75,13.76,13.77,1300,1300,16000,30900,33100,19200,3900,5800,13600,9200,3300,6200,7000,15800,5800,34500,500,16600,12100,14000
5180.0,13.67,10437100,141146547.0,13.63,13.61,13.6,13.59,13.58,13.57,13.56,13.55,13.54,13.53,13.68,13.69,13.7,13.71,13.72,13.73,13.74,13.75,13.76,13.77,1300,16000,30900,33100,19200,3900,5800,13600,9200,4600,3300,6200,7000,15800,5800,34500,500,16600,12100,14000
5181.0,13.67,10437100,141146547.0,13.63,13.61,13.6,13.59,13.58,13.57,13.56,13.55,13.54,13.53,13.68,13.69,13.7,13.71,13.72,13.73,13.74,13.75,13.76,13.77,2400,16000,30900,33100,19200,3900,5800,13600,9200,4600,4400,6200,7000,15800,5800,34500,500,16600,12100,14000
5182.0,13.68,10437900,141157461.0,13.63,13.61,13.6,13.59,13.58,13.57,13.56,13.55,13.54,13.53,13.68,13.69,13.7,13.71,13.72,13.73,13.74,13.75,13.76,13.77,2300,16000,30900,33100,19200,3900,5800,13600,9200,4600,4700,6200,7000,15800,5800,34500,500,16600,12100,14000
5183.0,13.68,10437900,141157461.0,13.63,13.61,13.6,13.59,13.58,13.57,13.56,13.55,13.54,13.53,13.66,13.68,13.69,13.7,13.71,13.72,13.73,13.74,13.75,13.76,3300,16000,30900,33100,19200,3900,5800,13600,9200,4600,1700,5700,6200,7000,15800,5800,34500,500,16600,12100
5184.0,13.66,10439100,141173853.0,13.63,13.61,13.6,13.59,13.58,13.57,13.56,13.55,13.54,13.53,13.66,13.68,13.69,13.7,13.71,13.72,13.73,13.74,13.75,13.76,3300,16000,30900,33100,19200,3900,5800,13600,9200,4600,500,5700,6200,7000,15800,5800,34500,500,16600,12100
5185.0,13.66,10440100,141187504.0,13.63,13.61,13.6,13.59,13.58,13.57,13.56,13.55,13.54,13.53,13.66,13.68,13.69,13.7,13.71,13.72,13.73,13.74,13.75,13.76,3500,16000,30900,33100,19200,3900,5800,13600,9200,4600,300,5700,6200,7000,15800,5800,34500,500,16600,12100
5186.0,13.66,10440100,141187504.0,13.63,13.61,13.6,13.59,13.58,13.57,13.56,13.55,13.54,13.53,13.66,13.67,13.68,13.69,13.7,13.71,13.72,13.73,13.74,13.75,3500,16000,30900,33100,19200,3900,5800,13800,9200,4600,300,3000,6200,6200,7300,15800,5800,34500,500,16600
5187.0,13.67,10441400,141205260.0,13.63,13.61,13.6,13.59,13.58,13.57,13.56,13.55,13.54,13.53,13.67,13.68,13.69,13.7,13.71,13.72,13.73,13.74,13.75,13.76,3200,16000,30900,32100,19200,3900,5800,13800,9200,4600,2300,6200,6200,6800,15800,5800,34500,500,16600,12100
5188.0,13.67,10441400,141205260.0,13.63,13.61,13.6,13.59,13.58,13.57,13.56,13.55,13.54,13.53,13.67,13.68,13.69,13.7,13.71,13.72,13.73,13.74,13.75,13.76,4200,16000,30900,32100,19200,3900,5800,13800,9200,4600,3300,6200,6200,6800,15800,5800,34500,500,16600,12100
5189.0,13.67,10441400,141205260.0,13.63,13.61,13.6,13.59,13.58,13.57,13.56,13.55,13.54,13.53,13.67,13.68,13.69,13.7,13.71,13.72,13.73,13.74,13.75,13.76,4200,16000,30900,32100,19200,3900,5800,13800,9200,4600,3300,6700,6200,6800,15800,5800,34500,500,16600,12100
5190.0,13.63,10441800,141210712.0,13.63,13.61,13.6,13.59,13.58,13.57,13.56,13.55,13.54,13.53,13.67,13.68,13.69,13.7,13.71,13.72,13.73,13.74,13.75,13.76,3800,16000,30900,32100,19200,3900,5800,13800,9200,4600,3700,8100,6200,6800,15800,5800,34500,500,16600,12100
5191.0,13.63,10441800,141210712.0,13.63,13.61,13.6,13.59,13.58,13.57,13.56,13.55,13.54,13.53,13.67,13.68,13.69,13.7,13.71,13.72,13.73,13.74,13.75,13.76,4800,16000,30900,32100,19200,3900,5800,13800,9200,4600,4300,8600,6200,14500,15800,5800,34500,500,16600,12100
5192.0,13.67,10442100,141214813.0,13.63,13.61,13.6,13.59,13.58,13.57,13.56,13.55,13.54,13.53,13.65,13.67,13.68,13.69,13.7,13.71,13.72,13.73,13.74,13.75,4800,16000,30900,32100,19200,3900,5800,13800,9200,4600,800,4000,8600,6200,14500,15800,5800,34500,500,16600
5193.0,13.63,10442600,141221630.0,13.63,13.61,13.6,13.59,13.58,13.57,13.56,13.55,13.54,13.53,13.65,13.67,13.68,13.69,13.7,13.71,13.72,13.73,13.74,13.75,4400,16000,30900,32100,19200,3900,5800,13800,9200,4600,700,4000,8600,6200,14500,15800,5800,34500,2500,16600
5194.0,13.65,10442900,141225725.0,13.63,13.61,13.6,13.59,13.58,13.57,13.56,13.55,13.54,13.53,13.65,13.67,13.68,13.69,13.7,13.71,13.72,13.73,13.74,13.75,5000,16000,30900,32100,19200,3900,5800,13800,9200,4600,400,4400,8600,6200,14500,15800,5800,34500,2500,16600
5195.0,13.65,10442900,141225725.0,13.63,13.61,13.6,13.59,13.58,13.57,13.56,13.55,13.54,13.53,13.65,13.67,13.68,13.69,13.7,13.71,13.72,13.73,13.74,13.75,5000,16000,29900,32100,19200,3900,5800,13800,9200,4600,400,4400,9600,6200,14500,15800,5800,34500,2500,16600
5196.0,13.67,10444100,141242101.0,13.63,13.61,13.6,13.59,13.58,13.57,13.56,13.55,13.54,13.53,13.65,13.67,13.68,13.69,13.7,13.71,13.72,13.73,13.74,13.75,4500,16000,29900,32100,19200,3900,5800,13800,9200,4600,800,4100,9600,6200,14500,15800,5800,34500,2500,16600
5197.0,13.67,10444100,141242101.0,13.63,13.61,13.6,13.59,13.58,13.57,13.56,13.55,13.54,13.53,13.65,13.67,13.68,13.69,13.7,13.71,13.72,13.73,13.74,13.75,4500,16000,29900,32100,19200,3900,5800,13800,9200,4600,800,4100,9600,6200,18100,15800,5800,34500,2500,16600
5198.0,13.67,10444100,141242101.0,13.63,13.61,13.6,13.59,13.58,13.57,13.56,13.55,13.54,13.53,13.65,13.67,13.68,13.69,13.7,13.71,13.72,13.73,13.74,13.75,4500,16000,29900,32100,19200,3900,5800,13800,9200,4600,800,4100,9600,5000,18100,15800,5800,34500,2500,16600
5199.0,13.67,10446500,141274877.0,13.63,13.61,13.6,13.59,13.58,13.57,13.56,13.55,13.54,13.53,13.67,13.68,13.69,13.7,13.71,13.72,13.73,13.74,13.75,13.76,4100,16000,29900,32100,19200,3900,5800,13800,9200,4600,2900,9600,5700,18100,15800,5800,34500,2500,16600,12100
5200.0,13.67,10446500,141274877.0,13.63,13.61,13.6,13.59,13.58,13.57,13.56,13.55,13.54,13.53,13.67,13.68,13.69,13.7,13.71,13.72,13.73,13.74,13.75,13.76,4100,16000,29900,32100,19200,3900,5800,13800,9200,4600,3800,9600,5700,18100,15800,5800,34500,2500,16600,12100
5201.0,13.67,10446800,141278978.0,13.65,13.63,13.61,13.6,13.59,13.58,13.57,13.56,13.55,13.54,13.67,13.68,13.69,13.7,13.71,13.72,13.73,13.74,13.75,13.76,500,4100,16000,29900,32100,19200,3900,5800,13800,9200,4600,9600,5700,18100,15800,5800,34500,2500,16600,12100
5202.0,13.67,10446800,141278978.0,13.65,13.63,13.61,13.6,13.59,13.58,13.57,13.56,13.55,13.54,13.67,13.68,13.69,13.7,13.71,13.72,13.73,13.74,13.75,13.76,500,4100,16000,29900,32100,19200,3900,5800,13800,9200,5400,9600,5700,18100,15800,5800,34500,2500,16600,12100
5203.0,13.67,10446800,141278978.0,13.65,13.63,13.61,13.6,13.59,13.58,13.57,13.56,13.55,13.54,13.67,13.68,13.69,13.7,13.71,13.72,13.73,13.74,13.75,13.76,500,4100,16000,29900,32100,19200,3900,5800,13800,9200,5400,9600,5700,18100,15800,5800,34500,2500,16600,12100
5204.0,13.65,10446900,141280343.0,13.65,13.64,13.63,13.61,13.6,13.59,13.58,13.57,13.56,13.55,13.67,13.68,13.69,13.7,13.71,13.72,13.73,13.74,13.75,13.76,400,2300,4100,16000,29900,32100,19200,3900,5800,13800,5400,9600,5700,18100,15800,5800,34500,2500,16600,12100
5205.0,13.65,10446900,141280343.0,13.65,13.64,13.63,13.61,13.6,13.59,13.58,13.57,13.56,13.55,13.67,13.68,13.69,13.7,13.71,13.72,13.73,13.74,13.75,13.76,400,2300,4100,16000,29900,32100,19200,3900,5800,13800,5400,9600,5700,18100,15800,5800,34500,2500,16600,12100
5206.0,13.65,10446900,141280343.0,13.65,13.64,13.63,13.61,13.6,13.59,13.58,13.57,13.56,13.55,13.67,13.68,13.69,13.7,13.71,13.72,13.73,13.74,13.75,13.76,400,2300,4100,16000,29900,32100,19200,3900,5800,13800,5400,9600,5700,18100,15800,5800,34500,2500,16600,12100
5207.0,13.65,10446900,141280343.0,13.65,13.64,13.63,13.61,13.6,13.59,13.58,13.57,13.56,13.55,13.67,13.68,13.69,13.7,13.71,13.72,13.73,13.74,13.75,13.76,400,2300,4600,16000,29900,32100,19200,3900,5800,13800,6000,12600,5700,18100,15800,5800,34500,2500,22900,12100
5208.0,13.65,10447900,141294005.0,13.64,13.63,13.61,13.6,13.59,13.58,13.57,13.56,13.55,13.54,13.65,13.67,13.68,13.69,13.7,13.71,13.72,13.73,13.74,13.75,2300,4600,16000,29900,32100,19200,3900,5800,13800,9200,500,5400,12600,5700,18100,15800,5800,34500,2500,22900
5209.0,13.65,10447900,141294005.0,13.64,13.63,13.61,13.6,13.59,13.58,13.57,13.56,13.55,13.54,13.65,13.67,13.68,13.69,13.7,13.71,13.72,13.73,13.74,13.75,2300,4600,16900,29900,32100,19200,3900,5800,13800,9200,2900,5900,12600,5700,18100,15800,5800,34500,2500,22900
5210.0,13.65,10447900,141294005.0,13.64,13.63,13.61,13.6,13.59,13.58,13.57,13.56,13.55,13.54,13.65,13.67,13.68,13.69,13.7,13.71,13.72,13.73,13.74,13.75,2300,4600,16900,29900,32100,19200,3900,5800,13800,9200,3500,6300,12600,5700,18100,15800,5800,34500,2500,22900
5211.0,13.65,10448200,141298098.0,13.64,13.63,13.61,13.6,13.59,13.58,13.57,13.56,13.55,13.54,13.65,13.67,13.68,13.69,13.7,13.71,13.72,13.73,13.74,13.75,2100,4600,16900,29600,32100,19200,3900,5800,13800,9200,3600,6300,12600,5700,18100,15800,5800,34500,2500,22900
5212.0,13.65,10448900,141307653.0,13.64,13.63,13.61,13.6,13.59,13.58,13.57,13.56,13.55,13.54,13.65,13.67,13.68,13.69,13.7,13.71,13.72,13.73,13.74,13.75,2100,4600,16900,29600,32100,19200,3900,5800,13800,9200,2900,6300,13100,5700,18100,15800,5800,34500,2500,22900
5213.0,13.65,10448900,141307653.0,13.64,13.63,13.61,13.6,13.59,13.58,13.57,13.56,13.55,13.54,13.65,13.67,13.68,13.69,13.7,13.71,13.72,13.73,13.74,13.75,2100,4600,16900,29600,32100,19200,3900,5800,13800,9200,2900,6300,13900,5700,18100,15800,5800,34500,2500,22900
5214.0,13.67,10454100,141378663.0,13.64,13.63,13.61,13.6,13.59,13.58,13.57,13.56,13.55,13.54,13.67,13.68,13.69,13.7,13.71,13.72,13.73,13.74,13.75,13.76,1900,4600,16900,29600,32100,19200,3900,5800,13800,9200,4700,13900,5700,18100,15800,5800,34500,2500,22900,12100
5215.0,13.67,10454500,141384131.0,13.64,13.63,13.61,13.6,13.59,13.58,13.57,13.56,13.55,13.54,13.67,13.68,13.69,13.7,13.71,13.72,13.73,13.74,13.75,13.76,2300,4600,16900,29600,32100,19200,3900,5800,13800,9200,4700,21200,5700,18100,15800,5800,37100,2500,22900,12100
5216.0,13.64,10454900,141389587.0,13.64,13.63,13.61,13.6,13.59,13.58,13.57,13.56,13.55,13.54,13.67,13.68,13.69,13.7,13.71,13.72,13.73,13.74,13.75,13.76,1900,4600,16900,29600,32100,19200,3900,5800,13800,9200,4700,21200,5700,18200,15800,5800,37100,2500,22900,12100
5217.0,13.64,10455000,141390951.0,13.65,13.64,13.63,13.61,13.6,13.59,13.58,13.57,13.56,13.55,13.67,13.68,13.69,13.7,13.71,13.72,13.73,13.74,13.75,13.76,500,1800,4600,16900,29600,32100,19200,3900,5800,13800,4700,22700,5700,18200,15800,5800,37100,2500,22900,12100
5218.0,13.64,10455000,141390951.0,13.65,13.64,13.63,13.61,13.6,13.59,13.58,13.57,13.56,13.55,13.67,13.68,13.69,13.7,13.71,13.72,13.73,13.74,13.75,13.76,500,1800,4600,16900,29600,32100,20200,3900,5800,13800,4700,22700,5700,18200,15800,5800,37100,2500,22900,12100
5219.0,13.64,10455000,141390951.0,13.65,13.64,13.63,13.61,13.6,13.59,13.58,13.57,13.56,13.55,13.67,13.68,13.69,13.7,13.71,13.72,13.73,13.74,13.75,13.76,500,2000,4600,16900,29600,32100,20200,3900,5800,13800,4700,22700,5700,18200,15800,5800,37100,2500,22900,12100
5220.0,13.67,10455600,141399153.0,13.65,13.64,13.63,13.61,13.6,13.59,13.58,13.57,13.56,13.55,13.67,13.68,13.69,13.7,13.71,13.72,13.73,13.74,13.75,13.76,500,2000,4600,16900,29600,32100,20200,3900,5800,13800,4100,22700,5700,18200,15800,5800,37100,2500,22900,12100
5221.0,13.67,10455600,141399153.0,13.65,13.64,13.63,13.61,13.6,13.59,13.58,13.57,13.56,13.55,13.67,13.68,13.69,13.7,13.71,13.72,13.73,13.74,13.75,13.76,500,2000,4600,16900,29600,32100,20200,3900,5800,13800,4100,22700,5700,18200,15800,5800,37100,2500,22900,12100
5222.0,13.67,10455600,141399153.0,13.65,13.64,13.63,13.61,13.6,13.59,13.58,13.57,13.56,13.55,13.67,13.68,13.69,13.7,13.71,13.72,13.73,13.74,13.75,13.76,500,2000,4600,16900,29600,32100,20200,3900,5800,13800,4100,22700,5700,18200,15800,5800,37100,2500,22900,12100
5223.0,13.67,10456000,141404621.0,13.65,13.64,13.63,13.61,13.6,13.59,13.58,13.57,13.56,13.55,13.67,13.68,13.69,13.7,13.71,13.72,13.73,13.74,13.75,13.76,700,2000,4600,16900,29600,32100,20200,3900,5800,13800,3700,22700,5700,18200,15800,5800,37100,2500,22900,12100
5224.0,13.65,10456700,141414176.0,13.64,13.63,13.61,13.6,13.59,13.58,13.57,13.56,13.55,13.54,13.67,13.68,13.69,13.7,13.71,13.72,13.73,13.74,13.75,13.76,2000,4600,16900,29600,32100,20200,3900,5800,13800,9200,3700,21700,5700,18700,15800,5800,37100,2500,22900,12100
5225.0,13.65,10456700,141414176.0,13.64,13.63,13.61,13.6,13.59,13.58,13.57,13.56,13.55,13.54,13.65,13.66,13.67,13.68,13.69,13.7,13.71,13.72,13.73,13.74,2000,4600,16900,29600,32100,20200,3900,5800,13800,9200,1600,2900,3700,21700,5700,18700,15800,5800,37100,2500
5226.0,13.64,10461200,141475580.0,13.65,13.63,13.61,13.6,13.59,13.58,13.57,13.56,13.55,13.54,13.66,13.67,13.68,13.69,13.7,13.71,13.72,13.73,13.74,13.75,200,4600,16900,29600,32100,20200,3900,5800,13800,9200,2500,3700,21700,5700,18700,15800,5800,37100,2500,22900
5227.0,13.65,10461400,141478310.0,13.63,13.61,13.6,13.59,13.58,13.57,13.56,13.55,13.54,13.53,13.65,13.66,13.67,13.68,13.69,13.7,13.71,13.72,13.73,13.74,4600,16900,29600,32100,20200,3900,5800,13800,9200,4600,300,2500,3700,21700,5700,18700,15800,5800,37100,2500
5228.0,13.65,10461600,141481040.0,13.63,13.61,13.6,13.59,13.58,13.57,13.56,13.55,13.54,13.53,13.65,13.66,13.67,13.68,13.69,13.7,13.71,13.72,13.73,13.74,4600,16900,29600,32100,20200,3900,5800,13800,9200,6900,500,2500,3700,21700,5700,18700,15800,5800,37100,2500
5229.0,13.63,10462000,141486492.0,13.63,13.61,13.6,13.59,13.58,13.57,13.56,13.55,13.54,13.53,13.65,13.66,13.67,13.68,13.69,13.7,13.71,13.72,13.73,13.74,4200,16900,29600,32100,20200,3900,5800,13800,9200,6900,500,2500,3700,20900,5700,18700,15800,5900,37100,2500
5230.0,13.63,10462000,141486492.0,13.63,13.61,13.6,13.59,13.58,13.57,13.56,13.55,13.54,13.53,13.65,13.66,13.67,13.68,13.69,13.7,13.71,13.72,13.73,13.74,4200,16900,29600,32100,20200,3900,5800,13800,9200,6900,500,2500,3700,19500,5700,18700,15800,5900,37100,2500
5231.0,13.63,10462000,141486492.0,13.63,13.61,13.6,13.59,13.58,13.57,13.56,13.55,13.54,13.53,13.65,13.66,13.67,13.68,13.69,13.7,13.71,13.72,13.73,13.74,4200,16900,29600,32100,20200,3900,5800,13800,9200,6900,500,2500,3700,19500,5700,18700,15800,5900,37100,2500
5232.0,13.63,10462400,141491944.0,13.63,13.61,13.6,13.59,13.58,13.57,13.56,13.55,13.54,13.53,13.65,13.66,13.67,13.68,13.69,13.7,13.71,13.72,13.73,13.74,3800,16000,29600,32100,20200,3900,5800,13800,9200,6900,500,2500,5400,19500,5700,21600,15800,5900,37100,2500
5233.0,13.63,10462400,141491944.0,13.63,13.61,13.6,13.59,13.58,13.57,13.56,13.55,13.54,13.53,13.65,13.66,13.67,13.68,13.69,13.7,13.71,13.72,13.73,13.74,3800,16000,29600,32100,20200,3900,5800,13800,9200,6900,500,2500,6000,19500,5700,21600,15800,5900,37100,2500
5234.0,13.63,10462400,141491944.0,13.63,13.61,13.6,13.59,13.58,13.57,13.56,13.55,13.54,13.53,13.65,13.66,13.67,13.68,13.69,13.7,13.71,13.72,13.73,13.74,3800,16000,29600,32100,20200,3900,5800,13800,9200,6900,15000,2500,6000,19500,5700,21600,15800,5900,37100,2500
5235.0,13.65,10462500,141493309.0,13.63,13.61,13.6,13.59,13.58,13.57,13.56,13.55,13.54,13.53,13.65,13.66,13.67,13.68,13.69,13.7,13.71,13.72,13.73,13.74,3800,16500,29700,32100,20200,3900,5800,13600,9200,6900,14900,2500,6000,19500,5700,21600,15800,5900,37100,2500
5236.0,13.63,10462800,141497398.0,13.63,13.61,13.6,13.59,13.58,13.57,13.56,13.55,13.54,13.53,13.65,13.66,13.67,13.68,13.69,13.7,13.71,13.72,13.73,13.74,3500,16500,29700,32100,20200,3900,5800,13600,9200,6900,14900,4000,6500,19500,5700,21600,15800,5900,37100,2500
5237.0,13.65,10463500,141506953.0,13.63,13.61,13.6,13.59,13.58,13.57,13.56,13.55,13.54,13.53,13.65,13.66,13.67,13.68,13.69,13.7,13.71,13.72,13.73,13.74,3500,16500,42600,32100,20200,3900,5800,13600,9200,6900,14200,4000,6700,19500,5700,26600,15800,5900,37100,2500
5238.0,13.63,10464500,141520583.0,13.63,13.61,13.6,13.59,13.58,13.57,13.56,13.55,13.54,13.53,13.65,13.66,13.67,13.68,13.69,13.7,13.71,13.72,13.73,13.74,2500,16500,42600,32100,20200,3900,5800,13600,9200,6900,14200,4000,6600,19500,5700,26600,15800,5900,37100,2500
5239.0,13.63,10464500,141520583.0,13.63,13.61,13.6,13.59,13.58,13.57,13.56,13.55,13.54,13.53,13.65,13.66,13.67,13.68,13.69,13.7,13.71,13.72,13.73,13.74,2500,16500,42600,32100,20200,3900,5800,13600,9200,6900,14200,4000,6600,19500,5700,26600,15800,5900,37100,2500
5240.0,13.63,10464500,141520583.0,13.63,13.61,13.6,13.59,13.58,13.57,13.56,13.55,13.54,13.53,13.65,13.66,13.67,13.68,13.69,13.7,13.71,13.72,13.73,13.74,2700,16500,42600,32100,20200,3900,5800,13600,9200,6900,14200,4000,6600,19500,5700,26600,15800,5900,37100,2500
5241.0,13.63,10464700,141523309.0,13.63,13.61,13.6,13.59,13.58,13.57,13.56,13.55,13.54,13.53,13.65,13.66,13.67,13.68,13.69,13.7,13.71,13.72,13.73,13.74,2500,15500,42600,32100,20200,3900,5800,13600,9200,6900,14200,4000,6600,19500,5700,26600,15800,5900,37100,2500
5242.0,13.63,10464700,141523309.0,13.63,13.61,13.6,13.59,13.58,13.57,13.56,13.55,13.54,13.53,13.65,13.66,13.67,13.68,13.69,13.7,13.71,13.72,13.73,13.74,2500,15500,43500,32100,20200,3900,5800,13600,9200,6900,14200,4400,6600,19500,5700,26600,15800,5900,37100,2500
5243.0,13.63,10464700,141523309.0,13.63,13.61,13.6,13.59,13.58,13.57,13.56,13.55,13.54,13.53,13.65,13.66,13.67,13.68,13.69,13.7,13.71,13.72,13.73,13.74,2500,15500,43500,32100,20200,3900,5800,13600,9200,6900,15200,4900,6600,19500,5700,26600,15800,5900,37100,2500
5244.0,13.65,10465400,141532864.0,13.63,13.61,13.6,13.59,13.58,13.57,13.56,13.55,13.54,13.53,13.64,13.65,13.66,13.67,13.68,13.69,13.7,13.71,13.72,13.73,2500,15500,43500,29000,20200,3900,5800,13600,9200,6900,100,16100,4900,6600,19500,5700,26600,15800,5900,37100
5245.0,13.63,10466600,141549220.0,13.63,13.61,13.6,13.59,13.58,13.57,13.56,13.55,13.54,13.53,13.64,13.65,13.66,13.67,13.68,13.69,13.7,13.71,13.72,13.73,1300,15500,43500,29000,20200,3900,5800,13600,9200,6900,100,16100,4900,6600,18800,5700,26600,15800,5900,37100
5246.0,13.63,10466600,141549220.0,13.63,13.61,13.6,13.59,13.58,13.57,13.56,13.55,13.54,13.53,13.64,13.65,13.66,13.67,13.68,13.69,13.7,13.71,13.72,13.73,1300,15500,43500,29000,20200,3900,5800,13600,9200,6900,100,16100,4900,6600,18800,5700,26600,15800,5900,37100
5247.0,13.63,10466700,141550583.0,13.63,13.61,13.6,13.59,13.58,13.57,13.56,13.55,13.54,13.53,13.64,13.65,13.66,13.67,13.68,13.69,13.7,13.71,13.72,13.73,1200,15500,43500,29000,20200,3900,5800,13600,9200,6900,100,16100,4900,6600,18800,5700,26600,15800,5900,37100
5248.0,13.63,10466700,141550583.0,13.63,13.61,13.6,13.59,13.58,13.57,13.56,13.55,13.54,13.53,13.64,13.65,13.66,13.67,13.68,13.69,13.7,13.71,13.72,13.73,1400,16200,43500,29000,20200,3900,5800,13600,9200,6900,100,16100,4900,6600,18800,6200,26600,15800,5900,37100
5249.0,13.65,10468800,141579244.0,13.63,13.61,13.6,13.59,13.58,13.57,13.56,13.55,13.54,13.53,13.65,13.66,13.67,13.68,13.69,13.7,13.71,13.72,13.73,13.74,1400,16200,43500,29000,20200,3900,5800,13600,9200,6900,14400,4900,6600,18800,6200,26600,15800,5900,37100,2500
5250.0,13.63,10470200,141598326.0,13.61,13.6,13.59,13.58,13.57,13.56,13.55,13.54,13.53,13.52,13.65,13.66,13.67,13.68,13.69,13.7,13.71,13.72,13.73,13.74,16200,43500,29000,20200,3900,5800,13600,9200,6900,17100,14400,4900,6600,18800,6200,26600,15800,5900,37100,2500
5251.0,13.65,10470900,141607881.0,13.61,13.6,13.59,13.58,13.57,13.56,13.55,13.54,13.53,13.52,13.65,13.66,13.67,13.68,13.69,13.7,13.71,13.72,13.73,13.74,16500,43500,29000,20200,3900,5800,13600,9200,6900,17100,14000,4900,6600,18800,6200,26600,15800,5900,37100,2500
5252.0,13.63,10471100,141610607.0,13.61,13.6,13.59,13.58,13.57,13.56,13.55,13.54,13.53,13.52,13.63,13.65,13.66,13.67,13.68,13.69,13.7,13.71,13.72,13.73,16800,43500,29000,20200,3900,5800,13600,9200,6900,17100,100,14300,4900,7100,18800,6200,26600,15800,5900,37100
5253.0,13.61,10471800,141620134.0,13.61,13.6,13.59,13.58,13.57,13.56,13.55,13.54,13.53,13.52,13.63,13.64,13.65,13.66,13.67,13.68,13.69,13.7,13.71,13.72,16100,43500,29000,20200,3900,5800,13600,9200,6900,17100,100,200,14300,4900,7100,18800,6200,26600,15800,5900
5254.0,13.61,10471800,141620134.0,13.61,13.6,13.59,13.58,13.57,13.56,13.55,13.54,13.53,13.52,13.63,13.64,13.65,13.66,13.67,13.68,13.69,13.7,13.71,13.72,16100,43500,29000,20200,3900,5800,13600,9200,6900,17100,100,200,14300,4900,7100,18800,6200,26600,15800,5900
5255.0,13.61,10471800,141620134.0,13.61,13.6,13.59,13.58,13.57,13.56,13.55,13.54,13.53,13.52,13.63,13.64,13.65,13.66,13.67,13.68,13.69,13.7,13.71,13.72,16100,43500,29000,20200,3900,5800,13600,9200,6900,17100,1600,200,14300,4900,7100,18800,6200,26600,15800,5900
5256.0,13.61,10472500,141629661.0,13.61,13.6,13.59,13.58,13.57,13.56,13.55,13.54,13.53,13.52,13.63,13.64,13.65,13.66,13.67,13.68,13.69,13.7,13.71,13.72,15400,43600,29000,20200,3900,5800,13600,9200,6900,17100,1600,200,14300,4900,7100,18800,6200,26600,15800,5900
5257.0,13.61,10472500,141629661.0,13.61,13.6,13.59,13.58,13.57,13.56,13.55,13.54,13.53,13.52,13.63,13.64,13.65,13.66,13.67,13.68,13.69,13.7,13.71,13.72,15400,43600,29000,21000,3900,5800,13600,9200,6900,17100,1600,200,14300,4900,7100,18800,6200,23000,15800,5900
5258.0,13.63,10472600,141631024.0,13.61,13.6,13.59,13.58,13.57,13.56,13.55,13.54,13.53,13.52,13.63,13.64,13.65,13.66,13.67,13.68,13.69,13.7,13.71,13.72,15400,43600,29000,21000,3900,5800,13600,9200,6900,17100,1500,200,14300,4900,6100,18800,6200,23000,15800,5900
5259.0,13.61,10473300,141640551.0,13.61,13.6,13.59,13.58,13.57,13.56,13.55,13.54,13.53,13.52,13.63,13.64,13.65,13.66,13.67,13.68,13.69,13.7,13.71,13.72,14700,43600,29000,19000,3900,5800,13600,9200,6900,17100,1500,1000,14300,4900,6100,18800,6200,23000,15800,5900
5260.0,13.61,10473600,141644634.0,13.61,13.6,13.59,13.58,13.57,13.56,13.55,13.54,13.53,13.52,13.63,13.64,13.65,13.66,13.67,13.68,13.69,13.7,13.71,13.72,14400,43600,29000,19000,3900,5800,13600,9200,6900,17100,1500,2300,14300,4900,6100,18800,6200,23000,15800,5900
5261.0,13.63,10473900,141648723.0,13.62,13.61,13.6,13.59,13.58,13.57,13.56,13.55,13.54,13.53,13.63,13.64,13.65,13.66,13.67,13.68,13.69,13.7,13.71,13.72,2700,14400,43600,29000,19000,3900,5800,13600,9200,6900,1200,2300,14300,4900,6100,18800,6200,23000,15800,5900
5262.0,13.62,10474100,141651447.0,13.62,13.61,13.6,13.59,13.58,13.57,13.56,13.55,13.54,13.53,13.63,13.64,13.65,13.66,13.67,13.68,13.69,13.7,13.71,13.72,2500,14400,43600,29000,19000,3900,5800,13600,9200,6900,1200,2300,14300,4900,6100,18800,6200,23000,15800,5900
5263.0,13.62,10474100,141651447.0,13.62,13.61,13.6,13.59,13.58,13.57,13.56,13.55,13.54,13.53,13.63,13.64,13.65,13.66,13.67,13.68,13.69,13.7,13.71,13.72,2500,14400,43600,29000,19000,3900,5800,13600,9200,6900,1200,2300,14300,4900,6100,18800,6200,23000,15800,5900
5264.0,13.62,10474100,141651447.0,13.62,13.61,13.6,13.59,13.58,13.57,13.56,13.55,13.54,13.53,13.63,13.64,13.65,13.66,13.67,13.68,13.69,13.7,13.71,13.72,2500,14400,43600,29000,19000,3900,5800,13600,9200,6900,1200,2300,14300,4900,6100,18800,6200,23000,15800,5900
5265.0,13.63,10474700,141659623.0,13.62,13.61,13.6,13.59,13.58,13.57,13.56,13.55,13.54,13.53,13.63,13.64,13.65,13.66,13.67,13.68,13.69,13.7,13.71,13.72,3900,14400,43600,29000,19000,3900,5800,13600,9200,6900,800,2300,14300,4900,6100,18800,6200,23000,15800,5900
5266.0,13.63,10474700,141659623.0,13.62,13.61,13.6,13.59,13.58,13.57,13.56,13.55,13.54,13.53,13.63,13.64,13.65,13.66,13.67,13.68,13.69,13.7,13.71,13.72,3900,14400,43600,29000,19000,3900,5800,13600,9200,6900,800,2300,14300,4900,6100,18800,6200,23000,15800,5900
5267.0,13.63,10474700,141659623.0,13.62,13.61,13.6,13.59,13.58,13.57,13.56,13.55,13.54,13.53,13.63,13.64,13.65,13.66,13.67,13.68,13.69,13.7,13.71,13.72,3900,14400,43600,29000,19000,3900,5800,13600,9200,6900,800,2300,14300,4900,6100,18800,6200,23000,15800,5900
5268.0,13.62,10475000,141663709.0,13.62,13.61,13.6,13.59,13.58,13.57,13.56,13.55,13.54,13.53,13.63,13.64,13.65,13.66,13.67,13.68,13.69,13.7,13.71,13.72,3600,14400,43600,29000,19000,3900,5800,13600,9200,6900,800,2300,14300,4900,6100,18800,6200,23000,15800,5900
5269.0,13.62,10478800,141715465.0,13.61,13.6,13.59,13.58,13.57,13.56,13.55,13.54,13.53,13.52,13.62,13.63,13.64,13.65,13.66,13.67,13.68,13.69,13.7,13.71,14400,45100,29000,19000,3900,5800,13600,9200,6900,17100,14900,800,2900,14300,4900,4500,18800,6200,23000,15800
5270.0,13.62,10478900,141716827.0,13.61,13.6,13.59,13.58,13.57,13.56,13.55,13.54,13.53,13.52,13.62,13.63,13.64,13.65,13.66,13.67,13.68,13.69,13.7,13.71,14400,45100,29000,19000,3900,5800,13600,9200,6900,17100,14800,800,2900,14300,4900,4500,18800,6200,23000,15800
5271.0,13.62,10478900,141716827.0,13.61,13.6,13.59,13.58,13.57,13.56,13.55,13.54,13.53,13.52,13.62,13.63,13.64,13.65,13.66,13.67,13.68,13.69,13.7,13.71,14400,47100,29000,18000,3900,5800,13600,9200,6900,17100,14800,800,2900,14300,4900,4500,18800,6200,23000,15800
5272.0,13.61,10481000,141745415.0,13.61,13.6,13.59,13.58,13.57,13.56,13.55,13.54,13.53,13.52,13.62,13.63,13.64,13.65,13.66,13.67,13.68,13.69,13.7,13.71,13000,47100,29000,18000,3900,5800,13600,9200,6900,17100,14100,800,2900,14300,4900,4500,18800,6200,23000,15800
5273.0,13.61,10481000,141745415.0,13.61,13.6,13.59,13.58,13.57,13.56,13.55,13.54,13.53,13.52,13.62,13.63,13.64,13.65,13.66,13.67,13.68,13.69,13.7,13.71,13000,47100,29000,18000,3900,5800,13600,9200,6900,17100,14300,800,3600,14300,4900,4500,18800,6200,23000,15800
5274.0,13.62,10481700,141754949.0,13.61,13.6,13.59,13.58,13.57,13.56,13.55,13.54,13.53,13.52,13.62,13.63,13.64,13.65,13.66,13.67,13.68,13.69,13.7,13.71,13000,47100,29000,18000,3900,5800,13600,9200,6900,17100,14100,800,3600,14300,4900,4500,18800,6200,23000,15800
5275.0,13.62,10481700,141754949.0,13.61,13.6,13.59,13.58,13.57,13.56,13.55,13.54,13.53,13.52,13.62,13.63,13.64,13.65,13.66,13.67,13.68,13.69,13.7,13.71,13400,47100,29000,18000,3900,5800,13600,9200,6900,17100,14100,800,3600,14300,4900,4500,18800,6200,23000,15800
5276.0,13.62,10482400,141764483.0,13.61,13.6,13.59,13.58,13.57,13.56,13.55,13.54,13.53,13.52,13.62,13.63,13.64,13.65,13.66,13.67,13.68,13.69,13.7,13.71,18200,34200,29000,18000,3900,5800,13600,9200,6900,17100,13400,800,3000,14300,4900,4500,18800,6200,23000,15800
5277.0,13.62,10482700,141768569.0,13.61,13.6,13.59,13.58,13.57,13.56,13.55,13.54,13.53,13.52,13.62,13.63,13.64,13.65,13.66,13.67,13.68,13.69,13.7,13.71,18200,34200,29000,18000,3900,5800,13600,9200,6900,17100,13100,800,3000,14300,4900,4500,18800,6200,23000,15800
5278.0,13.62,10482800,141769931.0,13.61,13.6,13.59,13.58,13.57,13.56,13.55,13.54,13.53,13.52,13.62,13.63,13.64,13.65,13.66,13.67,13.68,13.69,13.7,13.71,18200,34200,29000,18000,3900,5800,13600,9200,6900,17100,13000,800,3000,14300,4900,4500,18800,6200,23000,15800
5279.0,13.62,10484200,141788999.0,13.61,13.6,13.59,13.58,13.57,13.56,13.55,13.54,13.53,13.52,13.62,13.63,13.64,13.65,13.66,13.67,13.68,13.69,13.7,13.71,18200,34200,29000,18000,3900,5800,13600,9200,6900,17100,11600,800,3000,14300,4900,4100,18800,6200,23000,15800
5280.0,13.62,10484200,141788999.0,13.61,13.6,13.59,13.58,13.57,13.56,13.55,13.54,13.53,13.52,13.62,13.63,13.64,13.65,13.66,13.67,13.68,13.69,13.7,13.71,18200,34200,29000,18000,3900,5800,13600,9200,6900,17100,11600,1000,13400,14300,4900,4100,18800,6200,23000,15800
5281.0,13.62,10484200,141788999.0,13.61,13.6,13.59,13.58,13.57,13.56,13.55,13.54,13.53,13.52,13.62,13.63,13.64,13.65,13.66,13.67,13.68,13.69,13.7,13.71,18200,34200,29000,18000,3900,5800,13600,9200,6900,17100,11600,1000,13400,14300,4900,4100,18800,6200,23000,15800
5282.0,13.62,10486100,141814877.0,13.61,13.6,13.59,13.58,13.57,13.56,13.55,13.54,13.53,13.52,13.62,13.63,13.64,13.65,13.66,13.67,13.68,13.69,13.7,13.71,18200,34200,29000,18000,3900,5800,13400,9200,6900,17100,9700,1000,13400,14300,4900,4100,18800,6200,23000,15800
5283.0,13.61,10487500,141833931.0,13.61,13.6,13.59,13.58,13.57,13.56,13.55,13.54,13.53,13.52,13.62,13.63,13.64,13.65,13.66,13.67,13.68,13.69,13.7,13.71,16800,34200,29000,18000,3900,5800,13400,9200,6900,17100,9700,1000,13400,3200,4900,4100,11500,6200,23000,15800
5284.0,13.62,10488200,141843465.0,13.61,13.6,13.59,13.58,13.57,13.56,13.55,13.54,13.53,13.52,13.62,13.63,13.64,13.65,13.66,13.67,13.68,13.69,13.7,13.71,16800,34200,29000,18000,3900,5800,13400,9200,6900,17100,9000,1000,13400,3200,8500,4100,11500,6200,23000,15800
5285.0,13.61,10489100,141855714.0,13.61,13.6,13.59,13.58,13.57,13.56,13.55,13.54,13.53,13.52,13.62,13.63,13.64,13.65,13.66,13.67,13.68,13.69,13.7,13.71,15900,34200,29000,18000,3900,5800,13400,9200,6900,17100,9000,1000,13400,3200,8500,4100,11500,6200,23000,15800
5286.0,13.62,10491200,141884310.0,13.61,13.6,13.59,13.58,13.57,13.56,13.55,13.54,13.53,13.52,13.62,13.63,13.64,13.65,13.66,13.67,13.68,13.69,13.7,13.71,15300,34200,29000,18000,3900,5800,13400,9200,6900,17100,7500,1000,13400,3200,8500,4100,11500,6200,23000,15800
5287.0,13.62,10491200,141884310.0,13.61,13.6,13.59,13.58,13.57,13.56,13.55,13.54,13.53,13.52,13.62,13.63,13.64,13.65,13.66,13.67,13.68,13.69,13.7,13.71,15300,34200,29000,18000,3900,5800,13400,9200,6900,17100,7500,1000,13400,3200,8500,4100,11500,6200,23000,15800
5288.0,13.62,10491200,141884310.0,13.61,13.6,13.59,13.58,13.57,13.56,13.55,13.54,13.53,13.52,13.62,13.63,13.64,13.65,13.66,13.67,13.68,13.69,13.7,13.71,15300,34200,29000,18000,3900,5800,13400,9200,6900,17100,7500,1000,13400,3200,8500,3500,11500,6200,23000,15800
5289.0,13.62,10491200,141884310.0,13.61,13.6,13.59,13.58,13.57,13.56,13.55,13.54,13.53,13.52,13.62,13.63,13.64,13.65,13.66,13.67,13.68,13.69,13.7,13.71,15300,34200,29000,18000,3900,5800,13400,9200,6900,17100,7500,1000,13400,3200,8500,3500,11500,6200,23000,15800
5290.0,13.62,10491200,141884310.0,13.61,13.6,13.59,13.58,13.57,13.56,13.55,13.54,13.53,13.52,13.62,13.63,13.64,13.65,13.66,13.67,13.68,13.69,13.7,13.71,15300,34200,29000,18000,3900,5800,13400,9200,6900,17100,7500,200,13400,3200,8500,3500,11500,6200,23000,15800
5291.0,13.62,10491200,141884310.0,13.61,13.6,13.59,13.58,13.57,13.56,13.55,13.54,13.53,13.52,13.62,13.63,13.64,13.65,13.66,13.67,13.68,13.69,13.7,13.71,15300,34200,28000,18000,3900,5800,13400,9200,6900,17100,7500,200,13400,3200,8500,3500,11500,6200,23000,15800
5292.0,13.62,10492300,141899292.0,13.61,13.6,13.59,13.58,13.57,13.56,13.55,13.54,13.53,13.52,13.62,13.63,13.64,13.65,13.66,13.67,13.68,13.69,13.7,13.71,15300,34200,28000,18000,3900,5800,13400,9200,6900,17100,6400,200,13400,3200,8500,3500,11500,6200,23000,15800
5293.0,13.62,10494400,141927894.0,13.61,13.6,13.59,13.58,13.57,13.56,13.55,13.54,13.53,13.52,13.62,13.63,13.64,13.65,13.66,13.67,13.68,13.69,13.7,13.71,15300,34200,28000,18000,3900,5800,13400,9200,6900,17100,4300,200,13400,3200,8500,3500,11500,6200,23000,15800
5294.0,13.61,10495800,141946948.0,13.61,13.6,13.59,13.58,13.57,13.56,13.55,13.54,13.53,13.52,13.62,13.63,13.64,13.65,13.66,13.67,13.68,13.69,13.7,13.71,13900,34200,28000,18000,3900,5800,13400,9200,6900,17100,4800,200,13400,3200,8500,3500,11500,6200,23000,15800
5295.0,13.61,10495800,141946948.0,13.61,13.6,13.59,13.58,13.57,13.56,13.55,13.54,13.53,13.52,13.62,13.63,13.64,13.65,13.66,13.67,13.68,13.69,13.7,13.71,15800,34200,28000,18000,3900,5800,13400,9200,6900,17100,4800,200,13400,3200,8500,3500,11500,6200,23000,15800
5296.0,13.62,10496200,141952396.0,13.61,13.6,13.59,13.58,13.57,13.56,13.55,13.54,13.53,13.52,13.62,13.63,13.64,13.65,13.66,13.67,13.68,13.69,13.7,13.71,15800,34200,28000,18000,3900,5800,13400,9200,6900,17100,4400,200,13400,3200,8500,3500,11500,6200,23000,15800
5297.0,13.62,10496200,141952396.0,13.61,13.6,13.59,13.58,13.57,13.56,13.55,13.54,13.53,13.52,13.62,13.63,13.64,13.65,13.66,13.67,13.68,13.69,13.7,13.71,15800,34200,28000,18000,3900,5800,13400,9200,6900,17100,4400,200,13400,3200,8500,3500,11500,6200,23000,15800
5298.0,13.62,10500600,142012324.0,13.62,13.61,13.6,13.59,13.58,13.57,13.56,13.55,13.54,13.53,13.63,13.64,13.65,13.66,13.67,13.68,13.69,13.7,13.71,13.72,11200,15800,34200,28000,18000,3900,5800,13400,9200,6900,200,13400,3200,8500,3500,11500,6200,23000,15800,5900
5299.0,13.62,10500600,142012324.0,13.62,13.61,13.6,13.59,13.58,13.57,13.56,13.55,13.54,13.53,13.63,13.64,13.65,13.66,13.67,13.68,13.69,13.7,13.71,13.72,11200,15800,34200,28000,18000,3900,5800,13400,9200,6900,200,13400,3200,8500,3500,11500,6200,23000,15800,5900
5300.0,13.62,10500600,142012324.0,13.62,13.61,13.6,13.59,13.58,13.57,13.56,13.55,13.54,13.53,13.63,13.64,13.65,13.66,13.67,13.68,13.69,13.7,13.71,13.72,11200,15800,34200,28000,18000,3900,5800,13400,9200,6900,200,13400,3200,8500,3500,11500,6200,23000,15800,5900
5301.0,13.62,10500600,142012324.0,13.62,13.61,13.6,13.59,13.58,13.57,13.56,13.55,13.54,13.53,13.63,13.64,13.65,13.66,13.67,13.68,13.69,13.7,13.71,13.72,11200,15800,34200,28000,18000,3900,5800,13400,9200,6900,1500,13400,3200,8500,3500,11500,6200,23000,15800,5900
5302.0,13.63,10500700,142013687.0,13.62,13.61,13.6,13.59,13.58,13.57,13.56,13.55,13.54,13.53,13.63,13.64,13.65,13.66,13.67,13.68,13.69,13.7,13.71,13.72,11200,15800,34200,28000,18000,3900,5800,13400,9200,6900,1400,13400,3200,8500,3500,11500,6200,23000,15800,5900
5303.0,13.63,10500700,142013687.0,13.62,13.61,13.6,13.59,13.58,13.57,13.56,13.55,13.54,13.53,13.63,13.64,13.65,13.66,13.67,13.68,13.69,13.7,13.71,13.72,11200,15800,34200,28000,18000,3900,5800,13400,9200,6900,1400,13400,3200,8500,3500,11500,6200,23000,15800,5900
5304.0,13.63,10500800,142015050.0,13.62,13.61,13.6,13.59,13.58,13.57,13.56,13.55,13.54,13.53,13.63,13.64,13.65,13.66,13.67,13.68,13.69,13.7,13.71,13.72,11200,15800,34200,28000,18000,3900,5800,13400,9200,6900,1300,13400,3200,8500,3500,11500,6200,23000,15800,5900
5305.0,13.63,10500800,142015050.0,13.62,13.61,13.6,13.59,13.58,13.57,13.56,13.55,13.54,13.53,13.63,13.64,13.65,13.66,13.67,13.68,13.69,13.7,13.71,13.72,12200,15800,34200,28000,18000,3900,5800,13400,9200,6900,1300,13400,3200,8500,3500,11500,6200,23000,15800,5900
5306.0,13.62,10504200,142061358.0,13.62,13.61,13.6,13.59,13.58,13.57,13.56,13.55,13.54,13.53,13.63,13.64,13.65,13.66,13.67,13.68,13.69,13.7,13.71,13.72,8800,15800,34200,28000,18000,3900,5800,13400,9200,6900,1300,13400,3200,8500,3500,11500,6200,20100,15800,5900
5307.0,13.62,10505400,142077704.0,13.62,13.61,13.6,13.59,13.58,13.57,13.56,13.55,13.54,13.53,13.63,13.64,13.65,13.66,13.67,13.68,13.69,13.7,13.71,13.72,7800,15800,34200,28000,18000,3900,5800,13400,9200,6900,1100,13400,3200,8500,3500,11500,6200,20100,15800,5900
5308.0,13.62,10506400,142091324.0,13.62,13.61,13.6,13.59,13.58,13.57,13.56,13.55,13.54,13.53,13.63,13.64,13.65,13.66,13.67,13.68,13.69,13.7,13.71,13.72,7100,15800,34200,28000,18000,3900,5800,13400,9200,6900,1100,13400,3200,8500,3500,11500,6200,20100,15800,5900
5309.0,13.62,10509700,142136270.0,13.62,13.61,13.6,13.59,13.58,13.57,13.56,13.55,13.54,13.53,13.63,13.64,13.65,13.66,13.67,13.68,13.69,13.7,13.71,13.72,3800,15800,34200,28000,18000,3900,5800,13400,9200,6900,1100,13400,3200,8500,3500,11500,6200,20100,15800,5900
5310.0,13.62,10510300,142144443.0,13.62,13.61,13.6,13.59,13.58,13.57,13.56,13.55,13.54,13.53,13.63,13.64,13.65,13.66,13.67,13.68,13.69,13.7,13.71,13.72,3300,15800,34200,28000,18000,3900,5800,13400,9200,6900,1000,13400,3200,8500,3500,11500,6200,20100,15800,5900
5311.0,13.62,10510300,142144443.0,13.62,13.61,13.6,13.59,13.58,13.57,13.56,13.55,13.54,13.53,13.63,13.64,13.65,13.66,13.67,13.68,13.69,13.7,13.71,13.72,3300,15800,34200,27300,18000,3900,5800,13400,9200,6900,1000,13400,3200,8500,3000,11500,6200,20100,15800,5900
5312.0,13.62,10510300,142144443.0,13.62,13.61,13.6,13.59,13.58,13.57,13.56,13.55,13.54,13.53,13.63,13.64,13.65,13.66,13.67,13.68,13.69,13.7,13.71,13.72,3300,15800,34200,27300,18000,3900,5800,13400,9200,6900,1000,13400,3600,8500,3000,11000,6200,20100,15800,5900
5313.0,13.63,10510400,142145806.0,13.62,13.61,13.6,13.59,13.58,13.57,13.56,13.55,13.54,13.53,13.63,13.64,13.65,13.66,13.67,13.68,13.69,13.7,13.71,13.72,3300,15800,77300,27300,18000,3900,5800,13400,9200,6900,900,12700,3600,8500,3000,11000,6200,20100,15800,5900
5314.0,13.63,10510400,142145806.0,13.62,13.61,13.6,13.59,13.58,13.57,13.56,13.55,13.54,13.53,13.63,13.64,13.65,13.66,13.67,13.68,13.69,13.7,13.71,13.72,3300,15800,77300,27300,18000,3900,5800,13400,9200,6900,900,12700,3600,8500,3000,11000,6200,20100,15800,5900
5315.0,13.63,10510400,142145806.0,13.62,13.61,13.6,13.59,13.58,13.57,13.56,13.55,13.54,13.53,13.63,13.64,13.65,13.66,13.67,13.68,13.69,13.7,13.71,13.72,6400,15800,77300,27300,18000,3900,5800,13400,9200,6900,900,12700,3600,8500,3000,11000,6200,20100,15800,5900
5316.0,13.62,10511600,142162150.0,13.62,13.61,13.6,13.59,13.58,13.57,13.56,13.55,13.54,13.53,13.63,13.64,13.65,13.66,13.67,13.68,13.69,13.7,13.71,13.72,5200,15800,77300,27300,18000,3900,5800,13400,9200,12000,900,12700,3600,8500,3000,11000,6200,20100,15800,5900
5317.0,13.62,10513600,142189390.0,13.62,13.61,13.6,13.59,13.58,13.57,13.56,13.55,13.54,13.53,13.63,13.64,13.65,13.66,13.67,13.68,13.69,13.7,13.71,13.72,3200,15800,77300,27300,18000,3900,5800,13400,9200,12000,900,12700,3600,8500,3000,11000,6200,20100,15800,5900
5318.0,13.63,10513700,142190753.0,13.62,13.61,13.6,13.59,13.58,13.57,13.56,13.55,13.54,13.53,13.63,13.64,13.65,13.66,13.67,13.68,13.69,13.7,13.71,13.72,3700,15800,77300,27300,18000,3900,5800,13400,9200,12000,800,12700,3600,8500,3000,11000,6200,20100,15800,5900
5319.0,13.63,10513700,142190753.0,13.62,13.61,13.6,13.59,13.58,13.57,13.56,13.55,13.54,13.53,13.63,13.64,13.65,13.66,13.67,13.68,13.69,13.7,13.71,13.72,3700,15800,77300,27300,18000,3900,5800,13400,9200,12000,800,12700,3600,8500,3000,11000,6200,20100,15800,5900
5320.0,13.62,10515700,142217993.0,13.62,13.61,13.6,13.59,13.58,13.57,13.56,13.55,13.54,13.53,13.63,13.64,13.65,13.66,13.67,13.68,13.69,13.7,13.71,13.72,1700,15800,77500,27300,18000,3900,5800,13400,9200,12000,800,12700,3600,8500,3000,11000,6200,20100,15800,5900
5321.0,13.62,10515700,142217993.0,13.62,13.61,13.6,13.59,13.58,13.57,13.56,13.55,13.54,13.53,13.63,13.64,13.65,13.66,13.67,13.68,13.69,13.7,13.71,13.72,1700,15800,77500,27300,18000,3900,5800,13400,9200,12000,800,12700,3600,8500,3000,11000,6200,20100,15800,5900
5322.0,13.63,10516500,142228897.0,13.63,13.62,13.61,13.6,13.59,13.58,13.57,13.56,13.55,13.54,13.64,13.65,13.66,13.67,13.68,13.69,13.7,13.71,13.72,13.73,300,1700,15800,77500,27300,18000,3900,5800,13400,9200,12700,3600,8500,3000,11000,6200,20100,15800,5900,34500
5323.0,13.63,10516500,142228897.0,13.63,13.62,13.61,13.6,13.59,13.58,13.57,13.56,13.55,13.54,13.64,13.65,13.66,13.67,13.68,13.69,13.7,13.71,13.72,13.73,300,1700,15800,77500,27300,18000,3900,5800,13400,9200,12700,3600,8500,3000,11000,6200,20100,15800,5900,34500
5324.0,13.64,10517200,142238445.0,13.63,13.62,13.61,13.6,13.59,13.58,13.57,13.56,13.55,13.54,13.64,13.65,13.66,13.67,13.68,13.69,13.7,13.71,13.72,13.73,300,1700,15800,77500,27300,18000,3900,5800,13400,9200,12000,3600,8500,3000,11000,6200,20100,15800,5900,34500
5325.0,13.62,10518200,142252068.0,13.63,13.62,13.61,13.6,13.59,13.58,13.57,13.56,13.55,13.54,13.64,13.65,13.66,13.67,13.68,13.69,13.7,13.71,13.72,13.73,17800,3300,15800,77500,27300,18000,3900,5800,13400,9200,12000,3600,8500,3000,11000,6200,20100,15800,5900,34500
5326.0,13.63,10520400,142282061.0,13.63,13.62,13.61,13.6,13.59,13.58,13.57,13.56,13.55,13.54,13.64,13.65,13.66,13.67,13.68,13.69,13.7,13.71,13.72,13.73,16300,3300,15800,77500,27300,18000,3900,5800,13400,9200,10400,3600,8500,3000,11000,6200,20100,15800,5900,34500
5327.0,13.63,10520400,142282061.0,13.63,13.62,13.61,13.6,13.59,13.58,13.57,13.56,13.55,13.54,13.65,13.66,13.67,13.68,13.69,13.7,13.71,13.72,13.73,13.74,16300,3300,15800,77500,27300,18000,3900,5800,13400,9200,3600,8500,3000,11000,6200,20100,15800,5900,34500,2500
5328.0,13.65,10521400,142295711.0,13.63,13.62,13.61,13.6,13.59,13.58,13.57,13.56,13.55,13.54,13.65,13.66,13.67,13.68,13.69,13.7,13.71,13.72,13.73,13.74,16300,3300,15800,77500,27300,18000,3900,5800,13400,9200,2600,8500,3000,11000,6200,20100,15800,5900,34500,2500
5329.0,13.65,10521600,142298441.0,13.63,13.62,13.61,13.6,13.59,13.58,13.57,13.56,13.55,13.54,13.65,13.66,13.67,13.68,13.69,13.7,13.71,13.72,13.73,13.74,16300,3300,15800,77400,27300,18000,3900,5800,13400,9200,2400,8500,3000,11000,6200,20100,15800,5900,34500,2500
5330.0,13.63,10522600,142312071.0,13.63,13.62,13.61,13.6,13.59,13.58,13.57,13.56,13.55,13.54,13.65,13.66,13.67,13.68,13.69,13.7,13.71,13.72,13.73,13.74,15300,3300,15800,77400,27300,18000,3900,5800,13400,9200,2400,8500,3000,11000,4800,20100,15800,5900,34500,2500
5331.0,13.63,10522600,142312071.0,13.63,13.62,13.61,13.6,13.59,13.58,13.57,13.56,13.55,13.54,13.65,13.66,13.67,13.68,13.69,13.7,13.71,13.72,13.73,13.74,15300,4800,15800,77400,27300,18000,3900,5800,13400,9200,2400,8500,3000,11000,4800,20100,15800,5900,34500,2500
5332.0,13.65,10522800,142314801.0,13.63,13.62,13.61,13.6,13.59,13.58,13.57,13.56,13.55,13.54,13.65,13.66,13.67,13.68,13.69,13.7,13.71,13.72,13.73,13.74,15300,4800,17700,77300,27300,18000,3900,5800,13400,9200,2200,8500,3000,11000,4800,20100,15800,5900,34500,2500
5333.0,13.63,10523600,142325705.0,13.63,13.62,13.61,13.6,13.59,13.58,13.57,13.56,13.55,13.54,13.64,13.65,13.66,13.67,13.68,13.69,13.7,13.71,13.72,13.73,14500,4800,17700,77300,27300,18000,3900,5800,13400,9200,200,2200,8500,3000,11000,4800,20100,15800,5900,34500
5334.0,13.63,10523700,142327068.0,13.63,13.62,13.61,13.6,13.59,13.58,13.57,13.56,13.55,13.54,13.64,13.65,13.66,13.67,13.68,13.69,13.7,13.71,13.72,13.73,14400,4800,17700,77300,27300,18000,3900,5800,13400,9200,200,2200,8500,3000,11000,4800,20100,15800,5900,34500
5335.0,13.63,10523700,142327068.0,13.63,13.62,13.61,13.6,13.59,13.58,13.57,13.56,13.55,13.54,13.64,13.65,13.66,13.67,13.68,13.69,13.7,13.71,13.72,13.73,14400,4800,17700,77300,27300,17200,3900,5800,13400,9200,200,2200,8500,3000,11000,4800,20100,15800,5900,34500
5336.0,13.63,10523700,142327068.0,13.63,13.62,13.61,13.6,13.59,13.58,13.57,13.56,13.55,13.54,13.64,13.65,13.66,13.67,13.68,13.69,13.7,13.71,13.72,13.73,14400,4800,17700,77300,27300,17200,3900,5800,13400,9200,200,2200,8500,3000,11000,4800,20100,15800,5900,34500
5337.0,13.63,10523700,142327068.0,13.63,13.62,13.61,13.6,13.59,13.58,13.57,13.56,13.55,13.54,13.64,13.65,13.66,13.67,13.68,13.69,13.7,13.71,13.72,13.73,14400,4800,17700,77300,27300,17200,3900,5800,13400,9200,200,2200,8500,3000,11000,4800,20100,15800,5900,34500
5338.0,13.63,10523700,142327068.0,13.63,13.62,13.61,13.6,13.59,13.58,13.57,13.56,13.55,13.54,13.64,13.65,13.66,13.67,13.68,13.69,13.7,13.71,13.72,13.73,14400,4800,17700,77300,27300,17200,3900,5800,13400,9200,200,2200,8500,3000,11000,4800,20100,15800,5900,34500
5339.0,13.63,10523700,142327068.0,13.63,13.62,13.61,13.6,13.59,13.58,13.57,13.56,13.55,13.54,13.64,13.65,13.66,13.67,13.68,13.69,13.7,13.71,13.72,13.73,14400,4800,17700,77300,27300,17200,3900,5800,13400,9200,200,2200,8500,3000,11000,4800,20100,15800,5900,34500
5340.0,13.64,10523900,142329796.0,13.64,13.63,13.62,13.61,13.6,13.59,13.58,13.57,13.56,13.55,13.65,13.66,13.67,13.68,13.69,13.7,13.71,13.72,13.73,13.74,300,14400,4800,17700,77300,27300,17200,3900,5800,13400,2200,8500,3000,11000,4800,20100,15800,5900,34500,2500
5341.0,13.65,10524100,142332526.0,13.64,13.63,13.62,13.61,13.6,13.59,13.58,13.57,13.56,13.55,13.65,13.66,13.67,13.68,13.69,13.7,13.71,13.72,13.73,13.74,300,14500,4800,17700,77300,27300,17200,3900,5800,13400,2000,8500,3000,11000,4800,20100,15800,5900,34500,2500
5342.0,13.65,10524300,142335256.0,13.64,13.63,13.62,13.61,13.6,13.59,13.58,13.57,13.56,13.55,13.65,13.66,13.67,13.68,13.69,13.7,13.71,13.72,13.73,13.74,300,14500,4800,18600,90200,27300,17200,3900,5800,13400,1800,8500,3000,11000,4800,20100,15800,5900,34500,2500
5343.0,13.65,10524700,142340716.0,13.64,13.63,13.62,13.61,13.6,13.59,13.58,13.57,13.56,13.55,13.65,13.66,13.67,13.68,13.69,13.7,13.71,13.72,13.73,13.74,300,14500,4800,18600,90200,27300,17200,3900,5800,13400,1400,8500,3000,11000,4800,20100,15800,5900,34500,2500
5344.0,13.65,10524800,142342081.0,13.64,13.63,13.62,13.61,13.6,13.59,13.58,13.57,13.56,13.55,13.65,13.66,13.67,13.68,13.69,13.7,13.71,13.72,13.73,13.74,300,14500,4800,18600,90200,27300,17200,3900,5800,13400,1300,8500,3000,11000,4800,20100,15800,5900,34500,2500
5345.0,13.64,10525000,142344809.0,13.64,13.63,13.62,13.61,13.6,13.59,13.58,13.57,13.56,13.55,13.65,13.66,13.67,13.68,13.69,13.7,13.71,13.72,13.73,13.74,100,14500,4800,18600,90200,27300,17200,3900,5800,13400,1300,8500,3000,11000,4800,20100,15800,5900,34500,2500
5346.0,13.64,10525000,142344809.0,13.64,13.63,13.62,13.61,13.6,13.59,13.58,13.57,13.56,13.55,13.65,13.66,13.67,13.68,13.69,13.7,13.71,13.72,13.73,13.74,100,14500,4800,18600,90200,27300,17200,3900,5800,13400,1300,8500,3000,11000,4800,20100,15800,5900,34500,2500
5347.0,13.65,10525100,142346174.0,13.64,13.63,13.62,13.61,13.6,13.59,13.58,13.57,13.56,13.55,13.65,13.66,13.67,13.68,13.69,13.7,13.71,13.72,13.73,13.74,100,14500,4800,18600,90200,27300,17200,3900,5800,13400,1200,8500,3000,11000,4800,20100,15800,5900,34500,2500
5348.0,13.63,10526400,142363894.0,13.63,13.62,13.61,13.6,13.59,13.58,13.57,13.56,13.55,13.54,13.65,13.66,13.67,13.68,13.69,13.7,13.71,13.72,13.73,13.74,13300,4800,18600,90200,27300,17200,3900,5800,13400,9200,1200,8500,4600,21400,4800,20100,15800,5900,34500,2500
5349.0,13.65,10526500,142365259.0,13.63,13.62,13.61,13.6,13.59,13.58,13.57,13.56,13.55,13.54,13.65,13.66,13.67,13.68,13.69,13.7,13.71,13.72,13.73,13.74,13300,4800,18600,90200,27300,17200,3900,5800,13400,9200,1100,8500,4600,21400,4800,20100,15800,5900,34500,2500
5350.0,13.65,10526800,142369354.0,13.63,13.62,13.61,13.6,13.59,13.58,13.57,13.56,13.55,13.54,13.65,13.66,13.67,13.68,13.69,13.7,13.71,13.72,13.73,13.74,13300,4800,18100,90200,27300,17200,3900,5800,13400,9200,800,8500,4600,21400,4800,20100,15800,5900,34500,2500
5351.0,13.65,10527400,142377544.0,13.63,13.62,13.61,13.6,13.59,13.58,13.57,13.56,13.55,13.54,13.65,13.66,13.67,13.68,13.69,13.7,13.71,13.72,13.73,13.74,13300,4800,18800,90200,27300,17200,3900,5800,13400,9200,200,8500,4600,21400,4800,20100,15800,5900,34500,2500
5352.0,13.65,10527400,142377544.0,13.63,13.62,13.61,13.6,13.59,13.58,13.57,13.56,13.55,13.54,13.65,13.66,13.67,13.68,13.69,13.7,13.71,13.72,13.73,13.74,13300,4800,18800,90200,27300,17200,3900,5800,13400,9200,200,8500,4600,21400,4800,20100,15800,5900,34500,2500
5353.0,13.65,10527400,142377544.0,13.63,13.62,13.61,13.6,13.59,13.58,13.57,13.56,13.55,13.54,13.65,13.66,13.67,13.68,13.69,13.7,13.71,13.72,13.73,13.74,13300,4800,18800,90200,27300,17200,3900,5800,13400,9200,200,8500,4600,21400,4800,15100,15800,5900,34500,2500
5354.0,13.65,10527400,142377544.0,13.64,13.63,13.62,13.61,13.6,13.59,13.58,13.57,13.56,13.55,13.65,13.66,13.67,13.68,13.69,13.7,13.71,13.72,13.73,13.74,5100,13300,4800,18800,91700,27300,17200,3900,5800,13400,200,8500,4600,21400,4800,15100,15800,5900,34500,2500
5355.0,13.65,10527400,142377544.0,13.64,13.63,13.62,13.61,13.6,13.59,13.58,13.57,13.56,13.55,13.65,13.66,13.67,13.68,13.69,13.7,13.71,13.72,13.73,13.74,6100,13300,4800,18800,91700,27300,17200,3900,5800,13400,200,8500,4600,21400,4800,15100,15800,5900,34500,2500
5356.0,13.65,10527400,142377544.0,13.64,13.63,13.62,13.61,13.6,13.59,13.58,13.57,13.56,13.55,13.65,13.66,13.67,13.68,13.69,13.7,13.71,13.72,13.73,13.74,8100,13300,5300,18800,91700,27300,17200,3900,5800,13400,200,8500,4600,21400,4800,15100,15800,5900,34500,2500
5357.0,13.65,10527600,142380274.0,13.65,13.64,13.63,13.62,13.61,13.6,13.59,13.58,13.57,13.56,13.66,13.67,13.68,13.69,13.7,13.71,13.72,13.73,13.74,13.75,700,8100,13300,5300,18800,91700,27300,17200,3900,5800,8500,4600,21400,4800,15100,15800,5900,34500,2500,21900
5358.0,13.66,10528300,142389836.0,13.65,13.64,13.63,13.62,13.61,13.6,13.59,13.58,13.57,13.56,13.66,13.67,13.68,13.69,13.7,13.71,13.72,13.73,13.74,13.75,700,8100,13300,5300,18800,91700,27300,17200,3900,5800,7800,7500,21400,4800,15100,15800,5900,34500,2500,21900
5359.0,13.66,10528300,142389836.0,13.65,13.64,13.63,13.62,13.61,13.6,13.59,13.58,13.57,13.56,13.66,13.67,13.68,13.69,13.7,13.71,13.72,13.73,13.74,13.75,2600,8100,13300,5300,18800,91700,27300,17200,3900,5800,7800,7500,21400,4800,15100,15800,5900,34500,2500,21900
5360.0,13.65,10529800,142410311.0,13.65,13.64,13.63,13.62,13.61,13.6,13.59,13.58,13.57,13.56,13.66,13.67,13.68,13.69,13.7,13.71,13.72,13.73,13.74,13.75,1100,8100,13300,5300,18800,91700,27300,17200,3900,5800,7800,7500,21400,4800,15100,15800,5900,34500,2500,21900
5361.0,13.66,10531900,142438997.0,13.65,13.64,13.63,13.62,13.61,13.6,13.59,13.58,13.57,13.56,13.66,13.67,13.68,13.69,13.7,13.71,13.72,13.73,13.74,13.75,1100,8100,13300,5300,18800,91700,27300,17200,3900,5800,5700,7500,21400,4800,15100,15800,5900,34500,2500,21900
5362.0,13.66,10531900,142438997.0,13.65,13.64,13.63,13.62,13.61,13.6,13.59,13.58,13.57,13.56,13.66,13.67,13.68,13.69,13.7,13.71,13.72,13.73,13.74,13.75,1100,8100,13500,5300,18800,91600,27300,17200,3900,5800,5700,7500,21400,4800,15100,15800,5900,34500,2500,21900
5363.0,13.66,10532400,142445827.0,13.65,13.64,13.63,13.62,13.61,13.6,13.59,13.58,13.57,13.56,13.66,13.67,13.68,13.69,13.7,13.71,13.72,13.73,13.74,13.75,1100,8100,13500,5300,14600,91600,27300,17200,3900,5800,5200,7500,21400,4800,15100,15800,5900,34500,2500,21900
5364.0,13.66,10532900,142452657.0,13.65,13.64,13.63,13.62,13.61,13.6,13.59,13.58,13.57,13.56,13.66,13.67,13.68,13.69,13.7,13.71,13.72,13.73,13.74,13.75,1600,6100,13500,5300,14600,91600,27300,17200,3900,5800,4700,7500,21400,4800,15100,15800,5900,34500,2500,21900
5365.0,13.66,10532900,142452657.0,13.65,13.64,13.63,13.62,13.61,13.6,13.59,13.58,13.57,13.56,13.66,13.67,13.68,13.69,13.7,13.71,13.72,13.73,13.74,13.75,1600,6100,13500,5300,14600,91600,27300,17200,3900,5800,4700,7500,21400,4800,15100,15800,5900,34500,2500,21900
5366.0,13.66,10532900,142452657.0,13.65,13.64,13.63,13.62,13.61,13.6,13.59,13.58,13.57,13.56,13.66,13.67,13.68,13.69,13.7,13.71,13.72,13.73,13.74,13.75,1600,6100,13500,5300,14600,91600,27300,17200,3900,5800,4700,7500,21400,4800,15100,15800,5900,34500,2500,21900
5367.0,13.65,10533500,142460851.0,13.65,13.64,13.63,13.62,13.61,13.6,13.59,13.58,13.57,13.56,13.66,13.67,13.68,13.69,13.7,13.71,13.72,13.73,13.74,13.75,1400,6100,13500,5300,14600,91600,27300,17200,3900,5800,4300,7500,21400,4800,15100,15800,5900,34500,2500,21900
5368.0,13.65,10533500,142460851.0,13.65,13.64,13.63,13.62,13.61,13.6,13.59,13.58,13.57,13.56,13.66,13.67,13.68,13.69,13.7,13.71,13.72,13.73,13.74,13.75,1400,6100,13500,5300,14600,91600,27300,17200,3900,5800,4300,7500,21400,4800,15100,15800,5900,34500,2500,21900
5369.0,13.65,10533600,142462216.0,13.65,13.64,13.63,13.62,13.61,13.6,13.59,13.58,13.57,13.56,13.66,13.67,13.68,13.69,13.7,13.71,13.72,13.73,13.74,13.75,1300,6100,13500,5300,14600,91600,27300,17200,3900,5800,4300,7500,21400,4800,15100,15800,5900,34500,2500,21900
5370.0,13.66,10534000,142467680.0,13.65,13.64,13.63,13.62,13.61,13.6,13.59,13.58,13.57,13.56,13.66,13.67,13.68,13.69,13.7,13.71,13.72,13.73,13.74,13.75,1300,6100,13500,5300,14600,91600,27300,17200,3900,5800,3600,7500,21400,4800,15100,15800,5900,34500,2500,21900
5371.0,13.66,10534000,142467680.0,13.65,13.64,13.63,13.62,13.61,13.6,13.59,13.58,13.57,13.56,13.66,13.67,13.68,13.69,13.7,13.71,13.72,13.73,13.74,13.75,1300,6100,13500,5300,14600,91600,27300,17200,3900,5800,3600,7500,21400,4800,15100,15800,5900,34500,2500,21900
5372.0,13.66,10534800,142478607.0,13.65,13.64,13.63,13.62,13.61,13.6,13.59,13.58,13.57,13.56,13.66,13.67,13.68,13.69,13.7,13.71,13.72,13.73,13.74,13.75,1200,6300,13500,6100,14600,91600,27300,17200,3900,5800,2900,7500,21400,4800,15100,15800,5900,34500,2500,21900
5373.0,13.64,10538500,142529087.0,13.64,13.63,13.62,13.61,13.6,13.59,13.58,13.57,13.56,13.55,13.65,13.66,13.67,13.68,13.69,13.7,13.71,13.72,13.73,13.74,3800,13500,6100,14600,91600,27300,17200,3900,5800,13400,1100,2900,7500,21400,4800,15100,15800,5900,34500,2500
5374.0,13.65,10539500,142542737.0,13.64,13.63,13.62,13.61,13.6,13.59,13.58,13.57,13.56,13.55,13.65,13.66,13.67,13.68,13.69,13.7,13.71,13.72,13.73,13.74,3800,13500,6100,14600,91600,27300,17200,3900,5800,13400,100,2900,7500,21400,4800,15100,15800,5900,34500,2500
5375.0,13.64,10540700,142559105.0,13.64,13.63,13.62,13.61,13.6,13.59,13.58,13.57,13.56,13.55,13.65,13.66,13.67,13.68,13.69,13.7,13.71,13.72,13.73,13.74,2600,13500,6100,14600,91600,27300,17200,3900,5800,13400,100,2900,7500,21400,4800,15100,15800,5900,34500,2500
5376.0,13.64,10541300,142567289.0,13.64,13.63,13.62,13.61,13.6,13.59,13.58,13.57,13.56,13.55,13.65,13.66,13.67,13.68,13.69,13.7,13.71,13.72,13.73,13.74,2000,13500,6100,14600,91600,27300,17200,3900,5800,13400,100,2900,7500,21400,4800,15100,15800,5900,34500,2500
5377.0,13.65,10541700,142572749.0,13.64,13.63,13.62,13.61,13.6,13.59,13.58,13.57,13.56,13.55,13.65,13.66,13.67,13.68,13.69,13.7,13.71,13.72,13.73,13.74,2000,13500,6100,14600,91600,27300,17200,3900,5800,13400,1200,2900,7500,21400,4800,15100,15800,5900,34700,2500
5378.0,13.65,10541700,142572749.0,13.64,13.63,13.62,13.61,13.6,13.59,13.58,13.57,13.56,13.55,13.65,13.66,13.67,13.68,13.69,13.7,13.71,13.72,13.73,13.74,2000,13500,6100,14600,91600,27300,17200,3900,5800,13400,1200,2900,7500,21400,4800,15100,15800,5900,34700,2500
5379.0,13.65,10541700,142572749.0,13.64,13.63,13.62,13.61,13.6,13.59,13.58,13.57,13.56,13.55,13.65,13.66,13.67,13.68,13.69,13.7,13.71,13.72,13.73,13.74,2000,13500,6100,14600,92700,27300,17200,3900,5800,13400,1200,2900,7500,21400,4800,15100,15800,5900,34700,2500
5380.0,13.64,10543700,142600030.0,13.64,13.63,13.62,13.61,13.6,13.59,13.58,13.57,13.56,13.55,13.65,13.66,13.67,13.68,13.69,13.7,13.71,13.72,13.73,13.74,100,13500,6100,14600,92700,27300,17200,3900,5800,13400,1100,2900,7500,21400,4800,15100,15800,5900,34700,2500
5381.0,13.65,10543800,142601395.0,13.64,13.63,13.62,13.61,13.6,13.59,13.58,13.57,13.56,13.55,13.65,13.66,13.67,13.68,13.69,13.7,13.71,13.72,13.73,13.74,100,13500,6100,14600,92700,27300,17200,3900,5800,13400,1000,2900,7500,21400,4800,15100,15800,5900,34700,2500
5382.0,13.65,10543800,142601395.0,13.64,13.63,13.62,13.61,13.6,13.59,13.58,13.57,13.56,13.55,13.65,13.66,13.67,13.68,13.69,13.7,13.71,13.72,13.73,13.74,100,13500,6100,14600,92700,27300,17200,3900,5800,13400,1000,2900,7500,21400,4800,15100,15800,5900,34700,2500
5383.0,13.65,10543800,142601395.0,13.64,13.63,13.62,13.61,13.6,13.59,13.58,13.57,13.56,13.55,13.65,13.66,13.67,13.68,13.69,13.7,13.71,13.72,13.73,13.74,100,13500,6100,14600,92700,27300,17200,3900,5800,13400,1000,2900,7500,21400,4800,15100,15800,5900,34700,2500
5384.0,13.65,10544800,142615045.0,13.65,13.64,13.63,13.62,13.61,13.6,13.59,13.58,13.57,13.56,13.66,13.67,13.68,13.69,13.7,13.71,13.72,13.73,13.74,13.75,100,100,13500,6100,14600,92700,27300,17200,3900,5800,2900,7500,21400,4800,15100,15800,5900,34700,2500,21900
5385.0,13.65,10544800,142615045.0,13.65,13.64,13.63,13.62,13.61,13.6,13.59,13.58,13.57,13.56,13.66,13.67,13.68,13.69,13.7,13.71,13.72,13.73,13.74,13.75,100,100,13500,6100,14600,92700,27300,17200,3900,5800,2900,7500,21400,4800,15100,15800,5900,34700,2500,21900
5386.0,13.65,10544800,142615045.0,13.65,13.64,13.63,13.62,13.61,13.6,13.59,13.58,13.57,13.56,13.66,13.67,13.68,13.69,13.7,13.71,13.72,13.73,13.74,13.75,100,500,14500,6100,14600,92700,27300,17200,3900,5800,2900,7500,21400,4800,15100,15800,5900,34700,2500,21900
5387.0,13.65,10544900,142616410.0,13.64,13.63,13.62,13.61,13.6,13.59,13.58,13.57,13.56,13.55,13.66,13.67,13.68,13.69,13.7,13.71,13.72,13.73,13.74,13.75,500,14500,6100,14600,92700,27300,17200,3900,5800,13400,2900,7500,21400,4800,15100,15800,5900,34700,2500,21900
5388.0,13.65,10544900,142616410.0,13.64,13.63,13.62,13.61,13.6,13.59,13.58,13.57,13.56,13.55,13.66,13.67,13.68,13.69,13.7,13.71,13.72,13.73,13.74,13.75,500,14500,6100,14600,92700,27300,17200,3900,5800,13400,2900,7500,21400,4800,15100,15800,5900,34700,2500,21900
5389.0,13.64,10545500,142624594.0,13.64,13.63,13.62,13.61,13.6,13.59,13.58,13.57,13.56,13.55,13.66,13.67,13.68,13.69,13.7,13.71,13.72,13.73,13.74,13.75,400,14500,6100,14600,92700,27300,17200,3900,5800,13400,3400,7500,21400,4800,15100,15800,5900,34700,2500,21900
5390.0,13.64,10545600,142625958.0,13.64,13.63,13.62,13.61,13.6,13.59,13.58,13.57,13.56,13.55,13.66,13.67,13.68,13.69,13.7,13.71,13.72,13.73,13.74,13.75,300,14500,6100,14600,92700,27300,17200,3900,5800,13400,3400,7500,21400,4800,15100,15800,5900,34700,2500,21900
5391.0,13.66,10546200,142634154.0,13.64,13.63,13.62,13.61,13.6,13.59,13.58,13.57,13.56,13.55,13.65,13.66,13.67,13.68,13.69,13.7,13.71,13.72,13.73,13.74,800,14500,6100,14600,92700,27300,17200,3900,5800,13400,500,3300,7500,21400,4800,15100,15800,5900,34700,2500
5392.0,13.64,10547000,142645066.0,13.63,13.62,13.61,13.6,13.59,13.58,13.57,13.56,13.55,13.54,13.64,13.65,13.66,13.67,13.68,13.69,13.7,13.71,13.72,13.73,14500,6100,14600,92700,27300,17200,3900,5800,13400,9200,12000,700,3300,7500,21400,4800,15100,15800,5900,34700
5393.0,13.64,10547000,142645066.0,13.63,13.62,13.61,13.6,13.59,13.58,13.57,13.56,13.55,13.54,13.64,13.65,13.66,13.67,13.68,13.69,13.7,13.71,13.72,13.73,14500,6100,14600,92700,27300,17200,3900,5800,13400,9200,12000,700,3300,7500,21400,4800,15100,15800,5900,34700
5394.0,13.64,10547700,142654614.0,13.63,13.62,13.61,13.6,13.59,13.58,13.57,13.56,13.55,13.54,13.64,13.65,13.66,13.67,13.68,13.69,13.7,13.71,13.72,13.73,14500,6100,14600,92700,27300,17200,3900,5800,13400,9200,11900,700,3300,7500,21400,4800,15100,15800,5900,34700
5395.0,13.63,10549100,142673696.0,13.63,13.62,13.61,13.6,13.59,13.58,13.57,13.56,13.55,13.54,13.64,13.65,13.66,13.67,13.68,13.69,13.7,13.71,13.72,13.73,13100,6100,14600,92700,27300,17200,3900,5800,13400,9200,11900,700,3300,7500,21400,4800,15100,15800,5900,34700
5396.0,13.64,10551700,142709153.0,13.63,13.62,13.61,13.6,13.59,13.58,13.57,13.56,13.55,13.54,13.64,13.65,13.66,13.67,13.68,13.69,13.7,13.71,13.72,13.73,12400,6100,14600,92700,27300,17100,3900,5800,13400,9200,10000,700,3300,7500,21400,4800,15100,15800,5900,34700
5397.0,13.64,10551700,142709153.0,13.63,13.62,13.61,13.6,13.59,13.58,13.57,13.56,13.55,13.54,13.64,13.65,13.66,13.67,13.68,13.69,13.7,13.71,13.72,13.73,12400,6100,14600,92700,27300,17100,3900,6000,13400,9200,10000,700,3300,7500,21400,4800,15100,15800,5900,34700
5398.0,13.64,10557200,142784173.0,13.63,13.62,13.61,13.6,13.59,13.58,13.57,13.56,13.55,13.54,13.64,13.65,13.66,13.67,13.68,13.69,13.7,13.71,13.72,13.73,12400,6100,14600,92700,27300,17100,3900,6000,13400,9200,4500,700,3300,7500,21400,4800,15100,15800,5900,34700
5399.0,13.63,10557900,142793714.0,13.63,13.62,13.61,13.6,13.59,13.58,13.57,13.56,13.55,13.54,13.64,13.65,13.66,13.67,13.68,13.69,13.7,13.71,13.72,13.73,11700,6100,14600,92700,27300,17100,3900,6000,13400,9200,4500,700,3300,7500,21400,4800,15100,15800,5900,34700
5400.0,13.64,10559800,142819630.0,13.63,13.62,13.61,13.6,13.59,13.58,13.57,13.56,13.55,13.54,13.64,13.65,13.66,13.67,13.68,13.69,13.7,13.71,13.72,13.73,11700,6100,14600,92700,27300,17100,3900,6000,13400,9200,2600,700,3300,7500,21400,4800,15100,15800,5900,34700
5401.0,13.64,10559800,142819630.0,13.63,13.62,13.61,13.6,13.59,13.58,13.57,13.56,13.55,13.54,13.64,13.65,13.66,13.67,13.68,13.69,13.7,13.71,13.72,13.73,11700,6100,14600,92700,27300,17100,3900,6000,13400,9200,2600,700,3300,7500,21400,4800,15100,15800,5900,34700
5402.0,13.64,10562400,142855078.0,13.63,13.62,13.61,13.6,13.59,13.58,13.57,13.56,13.55,13.54,13.64,13.65,13.66,13.67,13.68,13.69,13.7,13.71,13.72,13.73,10100,6100,14600,92700,27300,17100,3900,6000,13400,9200,1600,700,3300,7500,21400,4800,15100,15800,5900,34700
5403.0,13.64,10562400,142855078.0,13.63,13.62,13.61,13.6,13.59,13.58,13.57,13.56,13.55,13.54,13.64,13.65,13.66,13.67,13.68,13.69,13.7,13.71,13.72,13.73,10100,5600,14600,92700,27300,17100,3900,6000,13400,9200,1600,700,3300,7500,21400,4800,15100,15800,5900,34700
5404.0,13.64,10563400,142868711.0,13.63,13.62,13.61,13.6,13.59,13.58,13.57,13.56,13.55,13.54,13.64,13.65,13.66,13.67,13.68,13.69,13.7,13.71,13.72,13.73,9400,5600,14600,92700,27300,17100,3900,6000,13400,9200,1300,700,3300,9600,21400,4800,15100,15800,5900,34700
5405.0,13.64,10563500,142870075.0,13.63,13.62,13.61,13.6,13.59,13.58,13.57,13.56,13.55,13.54,13.64,13.65,13.66,13.67,13.68,13.69,13.7,13.71,13.72,13.73,9400,5600,14600,92700,27300,17100,3900,6000,13400,9200,1200,700,3300,9600,21400,4800,15100,15800,5900,34700
5406.0,13.63,10568700,142940953.0,13.63,13.62,13.61,13.6,13.59,13.58,13.57,13.56,13.55,13.54,13.64,13.65,13.66,13.67,13.68,13.69,13.7,13.71,13.72,13.73,4400,5600,14600,92700,27300,17100,3900,6000,13400,9200,1000,700,3300,9600,21400,4800,15100,15800,5900,34700
5407.0,13.64,10571500,142979133.0,13.64,13.63,13.62,13.61,13.6,13.59,13.58,13.57,13.56,13.55,13.65,13.66,13.67,13.68,13.69,13.7,13.71,13.72,13.73,13.74,200,3200,5600,14600,92700,27300,17100,3900,6000,13400,700,3300,9600,21400,4800,15100,15800,5900,34700,2500
5408.0,13.64,10571500,142979133.0,13.64,13.63,13.62,13.61,13.6,13.59,13.58,13.57,13.56,13.55,13.65,13.66,13.67,13.68,13.69,13.7,13.71,13.72,13.73,13.74,200,3200,5600,14600,92700,27300,17100,3900,6000,13400,700,3300,9600,21400,4800,15100,15800,5900,34700,2500
5409.0,13.64,10571500,142979133.0,13.64,13.63,13.62,13.61,13.6,13.59,13.58,13.57,13.56,13.55,13.65,13.66,13.67,13.68,13.69,13.7,13.71,13.72,13.73,13.74,200,3200,5600,14600,92700,27300,17100,3900,6000,13400,700,3300,9600,21400,4800,15100,15800,5900,34700,2500
5410.0,13.64,10571500,142979133.0,13.64,13.63,13.62,13.61,13.6,13.59,13.58,13.57,13.56,13.55,13.65,13.66,13.67,13.68,13.69,13.7,13.71,13.72,13.73,13.74,200,3200,5600,14600,92700,27300,17100,3900,6000,13400,700,3300,12600,21400,4800,15100,15800,5900,34700,2500
5411.0,13.64,10571500,142979133.0,13.64,13.63,13.62,13.61,13.6,13.59,13.58,13.57,13.56,13.55,13.65,13.66,13.67,13.68,13.69,13.7,13.71,13.72,13.73,13.74,200,3200,5600,14600,92700,27300,17100,3900,6000,13400,700,3300,12600,21400,4800,15100,15800,5900,34700,2500
5412.0,13.64,10571500,142979133.0,13.64,13.63,13.62,13.61,13.6,13.59,13.58,13.57,13.56,13.55,13.65,13.66,13.67,13.68,13.69,13.7,13.71,13.72,13.73,13.74,200,3200,5600,14600,91500,27300,17100,3900,6000,13400,700,3300,12600,21400,4800,15100,15800,5900,34700,2500
5413.0,13.64,10571500,142979133.0,13.64,13.63,13.62,13.61,13.6,13.59,13.58,13.57,13.56,13.55,13.65,13.66,13.67,13.68,13.69,13.7,13.71,13.72,13.73,13.74,200,3200,5600,14600,91500,27300,17100,3900,6000,13400,700,3300,12600,21400,4800,15100,15800,5900,34700,2500
5414.0,13.64,10571500,142979133.0,13.64,13.63,13.62,13.61,13.6,13.59,13.58,13.57,13.56,13.55,13.65,13.66,13.67,13.68,13.69,13.7,13.71,13.72,13.73,13.74,200,3200,5600,14600,91500,27300,17100,3900,6000,13700,700,3300,12600,21400,4800,15100,15800,5900,34700,2500
5415.0,13.64,10571500,142979133.0,13.64,13.63,13.62,13.61,13.6,13.59,13.58,13.57,13.56,13.55,13.65,13.66,13.67,13.68,13.69,13.7,13.71,13.72,13.73,13.74,200,3200,5600,14600,91500,27300,17100,3900,6000,13700,700,3300,12600,21400,4800,15100,15800,5900,34700,2500
5416.0,13.63,10573500,143006395.0,13.63,13.62,13.61,13.6,13.59,13.58,13.57,13.56,13.55,13.54,13.65,13.66,13.67,13.68,13.69,13.7,13.71,13.72,13.73,13.74,1400,5600,14600,91500,27300,17100,3900,6000,13700,9200,700,3300,12600,21400,4800,15100,15800,5900,34700,2500
5417.0,13.63,10573700,143009123.0,13.63,13.62,13.61,13.6,13.59,13.58,13.57,13.56,13.55,13.54,13.65,13.66,13.67,13.68,13.69,13.7,13.71,13.72,13.73,13.74,1800,5600,14600,91500,27300,17100,3900,6000,13700,9200,1100,3300,12600,21400,4800,15100,15800,5900,34700,2500
5418.0,13.63,10573800,143010486.0,13.63,13.62,13.61,13.6,13.59,13.58,13.57,13.56,13.55,13.54,13.65,13.66,13.67,13.68,13.69,13.7,13.71,13.72,13.73,13.74,2200,5600,14600,91500,27300,17100,3900,6000,13700,9200,1600,3300,12600,21400,4800,15100,15800,5900,34700,2500
5419.0,13.65,10573900,143011851.0,13.63,13.62,13.61,13.6,13.59,13.58,13.57,13.56,13.55,13.54,13.65,13.66,13.67,13.68,13.69,13.7,13.71,13.72,13.73,13.74,4700,5600,14600,91500,27300,17100,3900,6000,13700,9200,2000,3300,12600,21400,4800,15100,15800,5900,34700,2500
5420.0,13.63,10574800,143024118.0,13.63,13.62,13.61,13.6,13.59,13.58,13.57,13.56,13.55,13.54,13.65,13.66,13.67,13.68,13.69,13.7,13.71,13.72,13.73,13.74,5800,5600,14600,91500,27300,17100,3900,6000,13700,9200,2500,6300,12600,21400,4800,15100,15800,5900,34700,2500
5421.0,13.63,10574800,143024118.0,13.63,13.62,13.61,13.6,13.59,13.58,13.57,13.56,13.55,13.54,13.65,13.66,13.67,13.68,13.69,13.7,13.71,13.72,13.73,13.74,6300,5600,14600,91500,27300,17100,3900,6000,13700,9200,2500,6300,12600,21400,4800,15100,15800,5900,34700,2500
5422.0,13.63,10574800,143024118.0,13.63,13.62,13.61,13.6,13.59,13.58,13.57,13.56,13.55,13.54,13.65,13.66,13.67,13.68,13.69,13.7,13.71,13.72,13.73,13.74,6800,5600,14600,91500,27300,17100,3900,6000,13700,9200,5700,6300,12600,21400,4800,15100,15800,5900,34700,2500
5423.0,13.65,10575500,143033661.0,13.63,13.62,13.61,13.6,13.59,13.58,13.57,13.56,13.55,13.54,13.64,13.65,13.66,13.67,13.68,13.69,13.7,13.71,13.72,13.73,6700,5800,14600,91500,27300,17100,3900,6000,13700,9200,600,6100,6300,12600,21400,4800,15100,15800,5900,34700
5424.0,13.65,10575500,143033661.0,13.63,13.62,13.61,13.6,13.59,13.58,13.57,13.56,13.55,13.54,13.64,13.65,13.66,13.67,13.68,13.69,13.7,13.71,13.72,13.73,6700,5800,14600,91500,27300,17100,3900,6000,13700,9200,600,6100,6300,12600,21400,4800,15100,15800,5900,34700
5425.0,13.63,10576100,143041839.0,13.63,13.62,13.61,13.6,13.59,13.58,13.57,13.56,13.55,13.54,13.64,13.65,13.66,13.67,13.68,13.69,13.7,13.71,13.72,13.73,6100,5800,14600,91500,27300,17100,3900,6000,13700,9200,600,6100,6300,12600,21400,4800,15100,15800,5900,34700
5426.0,13.63,10576100,143041839.0,13.63,13.62,13.61,13.6,13.59,13.58,13.57,13.56,13.55,13.54,13.64,13.65,13.66,13.67,13.68,13.69,13.7,13.71,13.72,13.73,6100,5800,14600,91500,27300,17100,3900,6000,13700,9200,600,6100,6300,12600,21400,4800,15100,15800,5900,34700
5427.0,13.63,10577100,143055469.0,13.63,13.62,13.61,13.6,13.59,13.58,13.57,13.56,13.55,13.54,13.64,13.65,13.66,13.67,13.68,13.69,13.7,13.71,13.72,13.73,5100,5800,14600,91500,27300,17100,3900,6000,13700,9200,600,6100,6300,12600,21400,4800,15100,15800,5900,34700
5428.0,13.63,10577600,143062284.0,13.63,13.62,13.61,13.6,13.59,13.58,13.57,13.56,13.55,13.54,13.64,13.65,13.66,13.67,13.68,13.69,13.7,13.71,13.72,13.73,4600,5800,14600,91500,27300,17100,3900,6000,13700,9200,600,6100,6300,12600,21400,4800,15100,15800,5900,34700
5429.0,13.63,10577600,143062284.0,13.63,13.62,13.61,13.6,13.59,13.58,13.57,13.56,13.55,13.54,13.64,13.65,13.66,13.67,13.68,13.69,13.7,13.71,13.72,13.73,4600,5800,14600,91500,27300,17100,3900,6000,13700,9200,1100,6100,6300,12600,21400,4800,15100,15800,5900,34700
5430.0,13.63,10577600,143062284.0,13.63,13.62,13.61,13.6,13.59,13.58,13.57,13.56,13.55,13.54,13.64,13.65,13.66,13.67,13.68,13.69,13.7,13.71,13.72,13.73,4600,5800,14600,91500,27300,17100,3900,6000,13700,9200,1100,6100,6300,12600,21400,4800,15100,15800,5900,34700
5431.0,13.63,10578000,143067736.0,13.63,13.62,13.61,13.6,13.59,13.58,13.57,13.56,13.55,13.54,13.64,13.65,13.66,13.67,13.68,13.69,13.7,13.71,13.72,13.73,4200,5800,14600,91500,27300,17100,3900,6000,13700,9200,1100,6100,6300,12600,21400,4800,15100,15800,5900,34700
5432.0,13.64,10579100,143082740.0,13.64,13.63,13.62,13.61,13.6,13.59,13.58,13.57,13.56,13.55,13.65,13.66,13.67,13.68,13.69,13.7,13.71,13.72,13.73,13.74,100,4200,5800,14600,91500,27300,17100,3900,6000,13700,6100,6300,12600,21400,4800,15100,15800,5900,34700,2500
5433.0,13.65,10579700,143090930.0,13.64,13.63,13.62,13.61,13.6,13.59,13.58,13.57,13.56,13.55,13.65,13.66,13.67,13.68,13.69,13.7,13.71,13.72,13.73,13.74,100,4200,5800,14600,91500,27300,17100,3900,6000,13700,5500,6300,12600,20900,4800,15100,15800,5900,34700,2500
5434.0,13.65,10579700,143090930.0,13.64,13.63,13.62,13.61,13.6,13.59,13.58,13.57,13.56,13.55,13.65,13.66,13.67,13.68,13.69,13.7,13.71,13.72,13.73,13.74,100,4200,5800,14600,91500,27300,17100,3900,6000,13700,5500,6300,12600,20900,4800,15100,15800,5900,34700,2500
5435.0,13.64,10582000,143122283.0,13.64,13.63,13.62,13.61,13.6,13.59,13.58,13.57,13.56,13.55,13.65,13.66,13.67,13.68,13.69,13.7,13.71,13.72,13.73,13.74,5500,2300,5800,14600,91500,27300,17100,3900,6000,13700,5500,6300,12600,20900,4800,15100,15800,5900,34700,2500
5436.0,13.64,10582500,143129103.0,13.64,13.63,13.62,13.61,13.6,13.59,13.58,13.57,13.56,13.55,13.65,13.66,13.67,13.68,13.69,13.7,13.71,13.72,13.73,13.74,5000,2300,5800,14600,91500,27300,17100,3900,6000,13700,5500,6300,12600,20900,4800,15100,15800,5900,34700,2500
5437.0,13.64,10582500,143129103.0,13.64,13.63,13.62,13.61,13.6,13.59,13.58,13.57,13.56,13.55,13.65,13.66,13.67,13.68,13.69,13.7,13.71,13.72,13.73,13.74,5000,2300,5800,14600,91500,27300,17100,3900,6000,13700,5500,6300,12600,20900,4800,15100,15800,5900,34700,2500
5438.0,13.64,10582500,143129103.0,13.64,13.63,13.62,13.61,13.6,13.59,13.58,13.57,13.56,13.55,13.65,13.66,13.67,13.68,13.69,13.7,13.71,13.72,13.73,13.74,5000,2300,5800,14600,91500,27300,17100,3900,6000,13700,5500,6300,12600,20900,4800,15100,15800,5900,34700,2500
5439.0,13.64,10584100,143150938.0,13.64,13.63,13.62,13.61,13.6,13.59,13.58,13.57,13.56,13.55,13.65,13.66,13.67,13.68,13.69,13.7,13.71,13.72,13.73,13.74,4500,2300,5800,14600,91500,27300,17100,3900,6000,13700,4400,6300,12600,20900,4800,15100,15800,5900,34700,2500
5440.0,13.65,10584500,143156398.0,13.64,13.63,13.62,13.61,13.6,13.59,13.58,13.57,13.56,13.55,13.65,13.66,13.67,13.68,13.69,13.7,13.71,13.72,13.73,13.74,4500,2300,5800,14600,91500,27300,17100,3900,6000,13700,4000,6300,12600,20900,4800,15100,15800,5900,34700,2500
5441.0,13.65,10584500,143156398.0,13.64,13.63,13.62,13.61,13.6,13.59,13.58,13.57,13.56,13.55,13.65,13.66,13.67,13.68,13.69,13.7,13.71,13.72,13.73,13.74,4500,2300,5800,14600,91500,27300,17100,3900,6000,13700,4400,6300,12600,20900,4800,15100,15800,5900,34700,2500
5442.0,13.64,10584900,143161854.0,13.64,13.63,13.62,13.61,13.6,13.59,13.58,13.57,13.56,13.55,13.65,13.66,13.67,13.68,13.69,13.7,13.71,13.72,13.73,13.74,4100,2300,5800,14600,91500,27300,17100,3900,6000,13700,4400,6300,12600,20900,4800,15100,15800,5900,34700,2500
5443.0,13.64,10585900,143175494.0,13.64,13.63,13.62,13.61,13.6,13.59,13.58,13.57,13.56,13.55,13.65,13.66,13.67,13.68,13.69,13.7,13.71,13.72,13.73,13.74,3100,2300,5800,14600,91500,27300,17100,3900,6000,13700,4400,7000,12600,20900,4800,15100,15800,5900,34700,2500
5444.0,13.64,10586900,143189135.0,13.64,13.63,13.62,13.61,13.6,13.59,13.58,13.57,13.56,13.55,13.65,13.66,13.67,13.68,13.69,13.7,13.71,13.72,13.73,13.74,2200,2300,5800,14600,91500,27300,17100,3900,6000,13700,4300,7000,12600,20900,4800,15100,15800,5900,34700,2500
5445.0,13.64,10586900,143189135.0,13.64,13.63,13.62,13.61,13.6,13.59,13.58,13.57,13.56,13.55,13.65,13.66,13.67,13.68,13.69,13.7,13.71,13.72,13.73,13.74,2200,2300,5800,14600,91500,27300,17100,3900,6000,13700,4300,7000,12600,20900,4800,15100,15800,5900,34700,2500
5446.0,13.64,10586900,143189135.0,13.64,13.63,13.62,13.61,13.6,13.59,13.58,13.57,13.56,13.55,13.65,13.66,13.67,13.68,13.69,13.7,13.71,13.72,13.73,13.74,2200,2300,5800,14600,91500,27300,17100,3900,6000,13700,5700,7000,12600,20900,4800,15100,15800,5900,34700,2500
5447.0,13.65,10592800,143269668.0,13.65,13.64,13.63,13.62,13.61,13.6,13.59,13.58,13.57,13.56,13.66,13.67,13.68,13.69,13.7,13.71,13.72,13.73,13.74,13.75,25900,2000,2300,5800,14600,91500,27300,17100,3900,6000,7000,12600,20900,4800,15100,15800,5900,34700,2500,25100
5448.0,13.65,10592800,143269668.0,13.65,13.64,13.63,13.62,13.61,13.6,13.59,13.58,13.57,13.56,13.66,13.67,13.68,13.69,13.7,13.71,13.72,13.73,13.74,13.75,26200,2000,2300,5800,14600,91500,27300,17100,3900,6000,7000,12600,20900,4800,15100,15800,5900,34700,2500,25100
5449.0,13.65,10594200,143288778.0,13.65,13.64,13.63,13.62,13.61,13.6,13.59,13.58,13.57,13.56,13.66,13.67,13.68,13.69,13.7,13.71,13.72,13.73,13.74,13.75,26400,2000,2300,5800,14600,91500,27300,17100,3900,6000,7000,12600,20900,4800,15100,15800,5900,34700,2500,25100
5450.0,13.66,10596300,143317457.0,13.65,13.64,13.63,13.62,13.61,13.6,13.59,13.58,13.57,13.56,13.66,13.67,13.68,13.69,13.7,13.71,13.72,13.73,13.74,13.75,25700,2000,2300,5800,14600,91500,27300,17100,3900,6000,5600,12600,20900,4800,15100,15800,5900,34700,2500,25100
5451.0,13.66,10596300,143317457.0,13.65,13.64,13.63,13.62,13.61,13.6,13.59,13.58,13.57,13.56,13.66,13.67,13.68,13.69,13.7,13.71,13.72,13.73,13.74,13.75,25700,2000,2300,5800,14600,91500,27300,17100,3900,6000,5600,12600,20900,4800,15100,15800,5900,34700,2500,25100
5452.0,13.65,10597000,143327012.0,13.65,13.64,13.63,13.62,13.61,13.6,13.59,13.58,13.57,13.56,13.66,13.67,13.68,13.69,13.7,13.71,13.72,13.73,13.74,13.75,25000,2000,2300,5800,14600,91500,27300,17100,3900,6000,5800,12600,20900,4800,15100,15800,5900,34700,2500,25100
5453.0,13.65,10597000,143327012.0,13.65,13.64,13.63,13.62,13.61,13.6,13.59,13.58,13.57,13.56,13.66,13.67,13.68,13.69,13.7,13.71,13.72,13.73,13.74,13.75,25000,2000,2300,5800,14600,91500,27300,17100,3900,6000,5800,12600,20900,4800,15100,15800,5900,34700,2500,25100
5454.0,13.66,10597500,143333842.0,13.65,13.64,13.63,13.62,13.61,13.6,13.59,13.58,13.57,13.56,13.66,13.67,13.68,13.69,13.7,13.71,13.72,13.73,13.74,13.75,25000,2000,2300,5800,14600,91500,27300,17100,3900,6000,5300,12600,20900,4800,15100,15800,5900,34700,2500,25100
5455.0,13.65,10598200,143343397.0,13.65,13.64,13.63,13.62,13.61,13.6,13.59,13.58,13.57,13.56,13.66,13.67,13.68,13.69,13.7,13.71,13.72,13.73,13.74,13.75,24300,2000,2300,5800,14600,91500,27300,17100,3900,6000,5300,10500,20900,4800,15100,15800,5900,34700,2500,25100
5456.0,13.65,10599600,143362507.0,13.65,13.64,13.63,13.62,13.61,13.6,13.59,13.58,13.57,13.56,13.66,13.67,13.68,13.69,13.7,13.71,13.72,13.73,13.74,13.75,22900,2000,2300,5800,14600,91500,27300,17100,3900,6000,5300,10500,20900,4800,15100,15800,5900,34700,2500,25100
5457.0,13.65,10600000,143367967.0,13.65,13.64,13.63,13.62,13.61,13.6,13.59,13.58,13.57,13.56,13.66,13.67,13.68,13.69,13.7,13.71,13.72,13.73,13.74,13.75,22500,2000,2300,5800,14600,91500,27300,17100,3900,6000,5300,10500,20900,4800,15100,15800,5900,34700,2500,25100
5458.0,13.65,10600700,143377522.0,13.65,13.64,13.63,13.62,13.61,13.6,13.59,13.58,13.57,13.56,13.66,13.67,13.68,13.69,13.7,13.71,13.72,13.73,13.74,13.75,21800,2000,2300,5800,14600,91500,27300,17100,3900,6000,5300,10500,20900,4800,15100,15800,5900,34700,2500,25100
5459.0,13.65,10600700,143377522.0,13.65,13.64,13.63,13.62,13.61,13.6,13.59,13.58,13.57,13.56,13.66,13.67,13.68,13.69,13.7,13.71,13.72,13.73,13.74,13.75,21800,2000,2300,5800,14600,91500,27300,17100,3900,6000,5300,10500,20900,4800,15100,15800,5900,34700,2500,25100
5460.0,13.65,10601400,143387077.0,13.65,13.64,13.63,13.62,13.61,13.6,13.59,13.58,13.57,13.56,13.66,13.67,13.68,13.69,13.7,13.71,13.72,13.73,13.74,13.75,21100,2000,2300,5800,14600,91500,27300,17100,3900,6000,5900,10500,20900,4800,15100,15800,5900,34700,2500,25100
5461.0,13.66,10604200,143425315.0,13.65,13.64,13.63,13.62,13.61,13.6,13.59,13.58,13.57,13.56,13.66,13.67,13.68,13.69,13.7,13.71,13.72,13.73,13.74,13.75,20100,2000,2300,5800,14600,91500,27300,17100,3900,6000,4100,10500,20900,4800,15100,15800,5900,34700,2500,25100
5462.0,13.66,10604200,143425315.0,13.65,13.64,13.63,13.62,13.61,13.6,13.59,13.58,13.57,13.56,13.66,13.67,13.68,13.69,13.7,13.71,13.72,13.73,13.74,13.75,20100,2000,2300,5800,14600,91500,27300,17100,3900,6000,4600,10500,20900,4800,15100,15800,5900,34700,2500,25100
5463.0,13.65,10604900,143434870.0,13.65,13.64,13.63,13.62,13.61,13.6,13.59,13.58,13.57,13.56,13.66,13.67,13.68,13.69,13.7,13.71,13.72,13.73,13.74,13.75,19400,2000,2300,7600,14600,91500,27300,17100,3900,6000,4600,10500,20900,4800,15100,15800,5900,34700,2500,25100
5464.0,13.65,10610300,143508580.0,13.65,13.64,13.63,13.62,13.61,13.6,13.59,13.58,13.57,13.56,13.66,13.67,13.68,13.69,13.7,13.71,13.72,13.73,13.74,13.75,14000,2800,2300,7600,14600,90000,27300,17100,3900,6000,3900,10500,22400,4800,15100,15800,5900,34700,2500,25100
5465.0,13.66,10615600,143580978.0,13.65,13.64,13.63,13.62,13.61,13.6,13.59,13.58,13.57,13.56,13.66,13.67,13.68,13.69,13.7,13.71,13.72,13.73,13.74,13.75,14000,2800,2300,7600,14600,90000,27300,17100,3900,6000,7200,10500,22400,4800,15100,15800,5900,34700,2500,25100
5466.0,13.65,10617200,143602823.0,13.65,13.64,13.63,13.62,13.61,13.6,13.59,13.58,13.57,13.56,13.66,13.67,13.68,13.69,13.7,13.71,13.72,13.73,13.74,13.75,12900,2800,2300,7600,15800,90000,27300,17100,3900,6000,7600,10500,22400,4800,15100,15800,5900,34700,2500,25100
5467.0,13.65,10617200,143602823.0,13.65,13.64,13.63,13.62,13.61,13.6,13.59,13.58,13.57,13.56,13.66,13.67,13.68,13.69,13.7,13.71,13.72,13.73,13.74,13.75,12900,2800,2300,7600,15800,90000,27300,17100,3900,6000,7600,10500,22400,4800,15100,15800,5900,34700,2500,25100
5468.0,13.65,10619000,143627400.0,13.65,13.64,13.63,13.62,13.61,13.6,13.59,13.58,13.57,13.56,13.66,13.67,13.68,13.69,13.7,13.71,13.72,13.73,13.74,13.75,11800,2800,2300,7600,15800,90000,27300,17100,3900,6000,6900,10500,22400,4800,15100,15800,5900,34700,2500,25100
5469.0,13.66,10619900,143639694.0,13.65,13.64,13.63,13.62,13.61,13.6,13.59,13.58,13.57,13.56,13.66,13.67,13.68,13.69,13.7,13.71,13.72,13.73,13.74,13.75,11800,2800,2300,7600,15800,90000,27300,17100,3900,6000,6000,10500,22400,4800,15100,15800,5900,34700,2500,25100
5470.0,13.66,10619900,143639694.0,13.65,13.64,13.63,13.62,13.61,13.6,13.59,13.58,13.57,13.56,13.66,13.67,13.68,13.69,13.7,13.71,13.72,13.73,13.74,13.75,12800,2800,2300,7600,15800,90000,27300,17100,3900,6000,6000,10500,22400,4800,15100,15800,5900,34700,2500,25100
5471.0,13.65,10620600,143649249.0,13.65,13.64,13.63,13.62,13.61,13.6,13.59,13.58,13.57,13.56,13.66,13.67,13.68,13.69,13.7,13.71,13.72,13.73,13.74,13.75,12100,2800,2300,7600,15800,90000,27300,17100,3900,6000,6000,10500,22400,4800,15100,15800,5900,34700,2500,25100
5472.0,13.65,10623800,143692941.0,13.65,13.64,13.63,13.62,13.61,13.6,13.59,13.58,13.57,13.56,13.66,13.67,13.68,13.69,13.7,13.71,13.72,13.73,13.74,13.75,10100,2800,2300,7600,15800,90000,27300,17100,3900,6000,4800,10500,22400,4800,15100,15800,5900,34700,2500,25100
5473.0,13.65,10623800,143692941.0,13.65,13.64,13.63,13.62,13.61,13.6,13.59,13.58,13.57,13.56,13.66,13.67,13.68,13.69,13.7,13.71,13.72,13.73,13.74,13.75,10100,2800,2300,7600,15800,90000,27300,17100,3900,6000,4800,10500,22400,4800,15100,15800,5900,34700,2500,25100
5474.0,13.65,10630300,143781666.0,13.65,13.64,13.63,13.62,13.61,13.6,13.59,13.58,13.57,13.56,13.66,13.67,13.68,13.69,13.7,13.71,13.72,13.73,13.74,13.75,3600,2800,2300,7600,15800,90000,27300,17100,3900,6000,4800,10500,22400,4800,15100,15800,5900,34700,2500,25100
5475.0,13.66,10630700,143787130.0,13.65,13.64,13.63,13.62,13.61,13.6,13.59,13.58,13.57,13.56,13.66,13.67,13.68,13.69,13.7,13.71,13.72,13.73,13.74,13.75,3600,2800,2300,7600,15800,90000,27300,17100,3900,6000,4400,10500,22400,4800,15100,15800,5900,34200,2500,25100
5476.0,13.65,10631000,143791225.0,13.65,13.64,13.63,13.62,13.61,13.6,13.59,13.58,13.57,13.56,13.66,13.67,13.68,13.69,13.7,13.71,13.72,13.73,13.74,13.75,3300,2800,2300,7600,15800,90900,27300,17100,3900,6000,4400,10500,22400,4800,15100,15800,5900,34200,2500,25100
5477.0,13.66,10631300,143795323.0,13.65,13.64,13.63,13.62,13.61,13.6,13.59,13.58,13.57,13.56,13.66,13.67,13.68,13.69,13.7,13.71,13.72,13.73,13.74,13.75,3300,2800,2300,7600,15800,90900,27300,17100,3900,6000,6800,10500,22400,4800,15100,15800,5900,34200,2500,25100
5478.0,13.65,10631700,143800783.0,13.65,13.64,13.63,13.62,13.61,13.6,13.59,13.58,13.57,13.56,13.66,13.67,13.68,13.69,13.7,13.71,13.72,13.73,13.74,13.75,2900,2800,2300,7600,15800,90900,27300,17100,3900,6000,6800,10500,22400,4800,15100,15800,5900,34200,2500,25100
5479.0,13.65,10632000,143804878.0,13.65,13.64,13.63,13.62,13.61,13.6,13.59,13.58,13.57,13.56,13.66,13.67,13.68,13.69,13.7,13.71,13.72,13.73,13.74,13.75,2600,2800,2300,7600,15800,90900,27300,17100,3900,6000,6800,10500,23400,4800,15100,15800,5900,34200,2500,25100
5480.0,13.65,10632000,143804878.0,13.65,13.64,13.63,13.62,13.61,13.6,13.59,13.58,13.57,13.56,13.66,13.67,13.68,13.69,13.7,13.71,13.72,13.73,13.74,13.75,2600,2800,2300,7600,15800,90900,27300,17100,3900,6000,6800,10500,23400,4800,15100,15800,5900,34200,2500,25100
5481.0,13.65,10632800,143815798.0,13.65,13.64,13.63,13.62,13.61,13.6,13.59,13.58,13.57,13.56,13.66,13.67,13.68,13.69,13.7,13.71,13.72,13.73,13.74,13.75,3200,2800,2300,7600,15800,90900,27300,17100,3900,6000,6800,10500,23400,4800,15100,15800,5900,34200,2500,25100
5482.0,13.66,10633700,143828089.0,13.65,13.64,13.63,13.62,13.61,13.6,13.59,13.58,13.57,13.56,13.66,13.67,13.68,13.69,13.7,13.71,13.72,13.73,13.74,13.75,2900,2800,2300,7600,15800,90900,27300,17100,3900,6000,6200,10500,23400,4800,15100,15800,5900,34200,2500,25100
5483.0,13.65,10637000,143873146.0,13.65,13.64,13.63,13.62,13.61,13.6,13.59,13.58,13.57,13.56,13.66,13.67,13.68,13.69,13.7,13.71,13.72,13.73,13.74,13.75,800,2800,2300,7600,15800,90900,27300,17100,3900,6000,5000,10500,23400,4800,15100,15800,5900,34200,2500,25100
5484.0,13.65,10637000,143873146.0,13.65,13.64,13.63,13.62,13.61,13.6,13.59,13.58,13.57,13.56,13.66,13.67,13.68,13.69,13.7,13.71,13.72,13.73,13.74,13.75,800,2800,2300,7600,15800,90900,27300,17100,3900,6000,5000,10500,23400,4800,15100,15800,5900,34200,2500,25100
5485.0,13.65,10637000,143873146.0,13.65,13.64,13.63,13.62,13.61,13.6,13.59,13.58,13.57,13.56,13.66,13.67,13.68,13.69,13.7,13.71,13.72,13.73,13.74,13.75,1400,2800,2300,7600,15800,90900,27300,17100,3900,6000,5000,10500,23400,4800,15100,15800,5900,34200,2500,25100
5486.0,13.66,10637200,143875878.0,13.65,13.64,13.63,13.62,13.61,13.6,13.59,13.58,13.57,13.56,13.66,13.67,13.68,13.69,13.7,13.71,13.72,13.73,13.74,13.75,1400,2800,2300,7400,15800,90900,27300,17100,3900,6000,4800,10500,23400,4800,15100,15800,5900,34200,2500,25100
5487.0,13.65,10637300,143877243.0,13.65,13.64,13.63,13.62,13.61,13.6,13.59,13.58,13.57,13.56,13.66,13.67,13.68,13.69,13.7,13.71,13.72,13.73,13.74,13.75,1300,2800,2300,7400,15800,90900,27300,17100,3900,6000,4800,10500,23400,4800,15100,15800,5900,34200,2500,25100
5488.0,13.65,10638200,143889528.0,13.65,13.64,13.63,13.62,13.61,13.6,13.59,13.58,13.57,13.56,13.66,13.67,13.68,13.69,13.7,13.71,13.72,13.73,13.74,13.75,400,2800,2300,7400,15800,90900,27300,17100,3900,6000,4800,10500,23400,4800,15100,15800,5900,34200,2500,25100
5489.0,13.65,10639000,143900452.0,13.64,13.63,13.62,13.61,13.6,13.59,13.58,13.57,13.56,13.55,13.65,13.66,13.67,13.68,13.69,13.7,13.71,13.72,13.73,13.74,2800,2300,7400,15800,90900,27300,17100,3900,6000,10800,3100,4400,10500,23400,4800,15100,15800,5900,34200,2500
5490.0,13.64,10639200,143903180.0,13.64,13.63,13.62,13.61,13.6,13.59,13.58,13.57,13.56,13.55,13.65,13.66,13.67,13.68,13.69,13.7,13.71,13.72,13.73,13.74,2600,2300,7400,15800,90900,27300,17100,3900,6000,10800,3100,4400,10500,23400,6000,15100,15800,5900,34200,2500
5491.0,13.64,10639200,143903180.0,13.64,13.63,13.62,13.61,13.6,13.59,13.58,13.57,13.56,13.55,13.65,13.66,13.67,13.68,13.69,13.7,13.71,13.72,13.73,13.74,2600,2300,7400,15800,90900,27300,17100,3900,6000,10800,3600,4400,10500,23400,6000,15100,15800,5900,34200,2500
5492.0,13.65,10639700,143910003.0,13.64,13.63,13.62,13.61,13.6,13.59,13.58,13.57,13.56,13.55,13.65,13.66,13.67,13.68,13.69,13.7,13.71,13.72,13.73,13.74,4400,2300,7400,15800,90900,27300,17100,3900,6000,10800,3300,4400,10500,23400,6000,15100,15800,5900,34200,2500
5493.0,13.65,10639700,143910003.0,13.64,13.63,13.62,13.61,13.6,13.59,13.58,13.57,13.56,13.55,13.65,13.66,13.67,13.68,13.69,13.7,13.71,13.72,13.73,13.74,4400,2300,7400,15800,90900,27300,17100,3900,6000,10800,3300,4400,10500,23400,6000,15100,15800,5900,34200,2500
5494.0,13.65,10640500,143920923.0,13.64,13.63,13.62,13.61,13.6,13.59,13.58,13.57,13.56,13.55,13.65,13.66,13.67,13.68,13.69,13.7,13.71,13.72,13.73,13.74,4400,2300,7400,15800,90900,27300,17100,3900,6000,10800,2600,4400,10500,23400,6000,15100,15800,5900,34200,2500
5495.0,13.64,10640900,143926379.0,13.64,13.63,13.62,13.61,13.6,13.59,13.58,13.57,13.56,13.55,13.65,13.66,13.67,13.68,13.69,13.7,13.71,13.72,13.73,13.74,4000,1500,7400,15800,90900,27300,17100,3900,6000,10800,2900,4400,10500,23400,6000,15100,15800,5900,34200,2500
5496.0,13.65,10641100,143929109.0,13.64,13.63,13.62,13.61,13.6,13.59,13.58,13.57,13.56,13.55,13.65,13.66,13.67,13.68,13.69,13.7,13.71,13.72,13.73,13.74,4000,1500,7400,15800,90900,27300,17100,3900,6000,10800,3700,4400,10500,23400,6000,15100,15800,5900,34200,2500
5497.0,13.65,10641100,143929109.0,13.64,13.63,13.62,13.61,13.6,13.59,13.58,13.57,13.56,13.55,13.65,13.66,13.67,13.68,13.69,13.7,13.71,13.72,13.73,13.74,4000,1500,7400,15800,90900,27300,17100,3900,6000,10800,4700,4400,10500,23400,6000,15100,15800,5900,34200,2500
5498.0,13.64,10641500,143934565.0,13.64,13.63,13.62,13.61,13.6,13.59,13.58,13.57,13.56,13.55,13.65,13.66,13.67,13.68,13.69,13.7,13.71,13.72,13.73,13.74,3600,1500,7400,15800,90900,27300,17100,3900,6000,10800,12200,2700,10500,23400,6000,15100,15800,5900,34200,2500
5499.0,13.64,10641500,143934565.0,13.64,13.63,13.62,13.61,13.6,13.59,13.58,13.57,13.56,13.55,13.65,13.66,13.67,13.68,13.69,13.7,13.71,13.72,13.73,13.74,3600,1500,7400,15800,90900,27300,17100,3900,6000,10800,12200,2800,10500,23400,6000,15100,15800,5900,34200,2500
5500.0,13.64,10641800,143938657.0,13.64,13.63,13.62,13.61,13.6,13.59,13.58,13.57,13.56,13.55,13.65,13.66,13.67,13.68,13.69,13.7,13.71,13.72,13.73,13.74,3300,1500,7400,15800,90900,27300,17100,3900,6000,10800,12200,2800,10500,23400,6000,15100,15800,5900,34200,2500
5501.0,13.64,10641800,143938657.0,13.64,13.63,13.62,13.61,13.6,13.59,13.58,13.57,13.56,13.55,13.65,13.66,13.67,13.68,13.69,13.7,13.71,13.72,13.73,13.74,3300,1500,7400,15800,90900,27300,17100,3900,6000,10800,12200,2800,10500,23400,6000,15100,15800,5900,34200,2500
5502.0,13.64,10641800,143938657.0,13.64,13.63,13.62,13.61,13.6,13.59,13.58,13.57,13.56,13.55,13.65,13.66,13.67,13.68,13.69,13.7,13.71,13.72,13.73,13.74,3300,1500,7400,15800,90900,27300,17100,3900,6000,10800,12200,2800,10500,23400,6000,15100,15800,5900,34200,2500
5503.0,13.64,10642800,143952304.0,13.64,13.63,13.62,13.61,13.6,13.59,13.58,13.57,13.56,13.55,13.65,13.66,13.67,13.68,13.69,13.7,13.71,13.72,13.73,13.74,2200,1500,7400,15800,90900,27300,17100,3900,6000,10800,11500,2800,10500,23400,6000,15100,15800,5900,34200,2500
5504.0,13.64,10642800,143952304.0,13.64,13.63,13.62,13.61,13.6,13.59,13.58,13.57,13.56,13.55,13.65,13.66,13.67,13.68,13.69,13.7,13.71,13.72,13.73,13.74,2200,1500,7400,15800,90900,27300,17100,3900,6000,10800,17300,2800,10500,23400,6000,15100,15800,5900,34200,2500
5505.0,13.64,10643200,143957760.0,13.64,13.63,13.62,13.61,13.6,13.59,13.58,13.57,13.56,13.55,13.65,13.66,13.67,13.68,13.69,13.7,13.71,13.72,13.73,13.74,1800,1500,7400,15800,90900,27300,17100,3900,6000,10800,17300,2800,10500,23400,6000,15100,15800,5900,34200,2500
5506.0,13.64,10645000,143982312.0,13.63,13.62,13.61,13.6,13.59,13.58,13.57,13.56,13.55,13.54,13.64,13.65,13.66,13.67,13.68,13.69,13.7,13.71,13.72,13.73,1500,7400,15800,90900,27300,17100,3900,6000,10800,9200,1100,17300,2800,10500,23400,6000,15100,15800,5900,34200
5507.0,13.64,10645000,143982312.0,13.63,13.62,13.61,13.6,13.59,13.58,13.57,13.56,13.55,13.54,13.64,13.65,13.66,13.67,13.68,13.69,13.7,13.71,13.72,13.73,1500,7400,15800,90900,27300,17100,3900,6000,10800,9200,1100,17300,2800,10500,23400,6000,15100,15800,5900,34200
5508.0,13.64,10645000,143982312.0,13.63,13.62,13.61,13.6,13.59,13.58,13.57,13.56,13.55,13.54,13.64,13.65,13.66,13.67,13.68,13.69,13.7,13.71,13.72,13.73,1500,7400,16900,90900,27300,17100,3900,6000,10800,9200,1100,17300,2800,10500,23400,6000,15100,15800,5900,34200
5509.0,13.64,10646200,143998679.0,13.64,13.63,13.62,13.61,13.6,13.59,13.58,13.57,13.56,13.55,13.65,13.66,13.67,13.68,13.69,13.7,13.71,13.72,13.73,13.74,4000,1400,7400,16900,90900,27300,17100,3900,6000,10800,17300,2800,10500,23400,6000,15100,15800,5900,34200,2500
5510.0,13.65,10646900,144008234.0,13.64,13.63,13.62,13.61,13.6,13.59,13.58,13.57,13.56,13.55,13.65,13.66,13.67,13.68,13.69,13.7,13.71,13.72,13.73,13.74,4000,1400,7400,16900,90900,27300,17100,3900,6000,10800,16600,2800,10500,23400,6000,15100,15800,5900,34200,2500
5511.0,13.65,10647000,144009599.0,13.64,13.63,13.62,13.61,13.6,13.59,13.58,13.57,13.56,13.55,13.65,13.66,13.67,13.68,13.69,13.7,13.71,13.72,13.73,13.74,4000,1400,7400,16900,90900,27300,17100,3900,6000,10800,16500,2800,10500,23400,6000,15100,15800,5900,34200,2500
5512.0,13.64,10647400,144015055.0,13.64,13.63,13.62,13.61,13.6,13.59,13.58,13.57,13.56,13.55,13.65,13.66,13.67,13.68,13.69,13.7,13.71,13.72,13.73,13.74,3600,1400,7400,16900,90900,27300,17100,3900,6000,10800,16500,2800,10500,23400,6000,15100,15800,5900,34200,2500
5513.0,13.64,10648000,144023239.0,13.64,13.63,13.62,13.61,13.6,13.59,13.58,13.57,13.56,13.55,13.65,13.66,13.67,13.68,13.69,13.7,13.71,13.72,13.73,13.74,3000,1400,7400,16900,90900,27300,17100,3900,6000,10800,16500,2800,10500,23400,6000,15100,15800,5900,34200,2500
5514.0,13.64,10649900,144049155.0,13.64,13.63,13.62,13.61,13.6,13.59,13.58,13.57,13.56,13.55,13.65,13.66,13.67,13.68,13.69,13.7,13.71,13.72,13.73,13.74,1100,1400,7400,16900,90900,27300,17100,3900,6000,10800,16500,2800,10500,23400,6000,15100,15800,5900,34200,2500
5515.0,13.64,10650000,144050519.0,13.64,13.63,13.62,13.61,13.6,13.59,13.58,13.57,13.56,13.55,13.65,13.66,13.67,13.68,13.69,13.7,13.71,13.72,13.73,13.74,1000,1400,7400,16900,90900,27300,17100,3900,6000,10800,16500,2800,10500,23400,6000,15100,15800,5900,34200,2500
5516.0,13.64,10650200,144053247.0,13.64,13.63,13.62,13.61,13.6,13.59,13.58,13.57,13.56,13.55,13.65,13.66,13.67,13.68,13.69,13.7,13.71,13.72,13.73,13.74,800,1400,7400,16900,90900,27300,17100,3900,6000,10800,16500,2800,10500,23400,6000,15100,15800,5900,34200,2600
5517.0,13.64,10651700,144073714.0,13.63,13.62,13.61,13.6,13.59,13.58,13.57,13.56,13.55,13.54,13.64,13.65,13.66,13.67,13.68,13.69,13.7,13.71,13.72,13.73,1400,7400,16900,90900,27300,17100,3900,6000,10800,9200,200,16400,2800,10500,23400,6000,15100,15800,5900,34200
5518.0,13.65,10652700,144087362.0,13.63,13.62,13.61,13.6,13.59,13.58,13.57,13.56,13.55,13.54,13.65,13.66,13.67,13.68,13.69,13.7,13.71,13.72,13.73,13.74,1400,7400,16900,90900,27300,17100,3900,6000,10800,9200,15600,2800,10500,23400,6000,15100,15800,5900,34200,2600
5519.0,13.65,10652700,144087362.0,13.63,13.62,13.61,13.6,13.59,13.58,13.57,13.56,13.55,13.54,13.65,13.66,13.67,13.68,13.69,13.7,13.71,13.72,13.73,13.74,1400,7400,16900,90900,27300,17100,3900,6000,10800,9200,15600,2800,10500,23400,6000,15100,15800,5900,34200,2600
5520.0,13.65,10653400,144096917.0,13.63,13.62,13.61,13.6,13.59,13.58,13.57,13.56,13.55,13.54,13.65,13.66,13.67,13.68,13.69,13.7,13.71,13.72,13.73,13.74,2100,7400,16900,90900,27300,17100,3900,6000,10800,9200,15600,2800,10500,23400,6000,15100,15800,5900,34200,2600
5521.0,13.64,10653800,144102373.0,13.63,13.62,13.61,13.6,13.59,13.58,13.57,13.56,13.55,13.54,13.64,13.65,13.66,13.67,13.68,13.69,13.7,13.71,13.72,13.73,2700,7400,16900,90900,27300,17100,3900,6000,10800,9200,10400,16200,2800,10500,23400,6000,15100,15800,5900,34200
5522.0,13.64,10653800,144102373.0,13.63,13.62,13.61,13.6,13.59,13.58,13.57,13.56,13.55,13.54,13.64,13.65,13.66,13.67,13.68,13.69,13.7,13.71,13.72,13.73,2700,7400,16900,90900,27300,17100,3900,6000,10800,9200,10400,17200,2800,10500,22900,6000,15100,15800,5900,34200
5523.0,13.64,10655800,144129653.0,13.63,13.62,13.61,13.6,13.59,13.58,13.57,13.56,13.55,13.54,13.64,13.65,13.66,13.67,13.68,13.69,13.7,13.71,13.72,13.73,2700,7400,16900,90900,27300,17100,3900,6000,10800,9200,8400,14900,2800,10500,22900,6000,15100,15800,5900,34200
5524.0,13.64,10656500,144139201.0,13.63,13.62,13.61,13.6,13.59,13.58,13.57,13.56,13.55,13.54,13.64,13.65,13.66,13.67,13.68,13.69,13.7,13.71,13.72,13.73,2700,7400,16900,90900,27300,17100,3900,6000,10800,9200,7700,14900,2800,10500,22900,6000,15100,15800,5900,34200
5525.0,13.63,10659200,144176002.0,13.62,13.61,13.6,13.59,13.58,13.57,13.56,13.55,13.54,13.53,13.64,13.65,13.66,13.67,13.68,13.69,13.7,13.71,13.72,13.73,7400,16900,90900,27300,17100,3900,6000,10800,9200,4600,8000,14900,2800,10500,22900,6000,15100,15800,5900,34200
5526.0,13.63,10661400,144205981.0,13.63,13.62,13.61,13.6,13.59,13.58,13.57,13.56,13.55,13.54,13.64,13.65,13.66,13.67,13.68,13.69,13.7,13.71,13.72,13.73,400,6000,16900,90900,27300,17100,3900,6000,10800,9200,7300,34100,2800,10500,22900,6000,15100,15800,5900,34200
5527.0,13.62,10668700,144305421.0,13.61,13.6,13.59,13.58,13.57,13.56,13.55,13.54,13.53,13.52,13.62,13.64,13.65,13.66,13.67,13.68,13.69,13.7,13.71,13.72,16900,91900,27300,17100,3900,6000,10800,9200,4600,17100,19600,10200,34100,2800,10500,22900,6000,15100,15800,5900
5528.0,13.61,10670700,144332641.0,13.61,13.6,13.59,13.58,13.57,13.56,13.55,13.54,13.53,13.52,13.62,13.64,13.65,13.66,13.67,13.68,13.69,13.7,13.71,13.72,14900,91900,27300,17100,3900,6000,10800,9200,4600,17100,19600,10500,34100,2800,10500,22900,6000,15100,15800,5900
5529.0,13.62,10672400,144355795.0,13.61,13.6,13.59,13.58,13.57,13.56,13.55,13.54,13.53,13.52,13.62,13.64,13.65,13.66,13.67,13.68,13.69,13.7,13.71,13.72,14900,91900,27300,17100,3900,6000,10800,9200,4600,17100,17900,10500,34100,2800,10500,22900,6000,15100,15800,5900
5530.0,13.62,10672400,144355795.0,13.61,13.6,13.59,13.58,13.57,13.56,13.55,13.54,13.53,13.52,13.62,13.64,13.65,13.66,13.67,13.68,13.69,13.7,13.71,13.72,14900,91900,27300,17100,3900,6000,10800,9200,4600,17100,17900,10500,34100,2800,10500,22900,6000,15100,15800,5900
5531.0,13.62,10673100,144365329.0,13.61,13.6,13.59,13.58,13.57,13.56,13.55,13.54,13.53,13.52,13.62,13.64,13.65,13.66,13.67,13.68,13.69,13.7,13.71,13.72,14900,91900,27300,17100,3900,6000,10800,9200,4600,17100,17200,10500,34100,2700,10500,22900,6000,15100,15800,5900
5532.0,13.62,10681900,144485184.0,13.61,13.6,13.59,13.58,13.57,13.56,13.55,13.54,13.53,13.52,13.62,13.64,13.65,13.66,13.67,13.68,13.69,13.7,13.71,13.72,14800,91900,27300,17100,3900,6000,10800,9200,4600,17100,8700,10500,34900,2700,10500,22900,6000,15100,15800,5900
5533.0,13.62,10681900,144485184.0,13.61,13.6,13.59,13.58,13.57,13.56,13.55,13.54,13.53,13.52,13.62,13.64,13.65,13.66,13.67,13.68,13.69,13.7,13.71,13.72,14800,91900,27300,17100,3900,6000,10800,9200,4600,17100,8700,10500,34900,2700,10500,22900,6000,15100,15800,5900
5534.0,13.62,10681900,144485184.0,13.61,13.6,13.59,13.58,13.57,13.56,13.55,13.54,13.53,13.52,13.62,13.64,13.65,13.66,13.67,13.68,13.69,13.7,13.71,13.72,14800,91900,27300,17100,3900,6000,10800,9200,4600,17100,8700,10500,34900,2700,10500,22900,6000,15100,15800,5900
5535.0,13.62,10682600,144494718.0,13.61,13.6,13.59,13.58,13.57,13.56,13.55,13.54,13.53,13.52,13.62,13.64,13.65,13.66,13.67,13.68,13.69,13.7,13.71,13.72,14800,79000,27300,17100,3900,6000,10800,9200,4600,17100,8000,10500,34900,2700,10500,22900,6000,15100,15800,5900
5536.0,13.62,10682600,144494718.0,13.61,13.6,13.59,13.58,13.57,13.56,13.55,13.54,13.53,13.52,13.62,13.64,13.65,13.66,13.67,13.68,13.69,13.7,13.71,13.72,14800,79000,27300,17100,3900,6000,10800,9200,4600,17100,8000,10500,34900,2700,10500,22900,6000,15100,15800,5900
5537.0,13.61,10684000,144513772.0,13.61,13.6,13.59,13.58,13.57,13.56,13.55,13.54,13.53,13.52,13.62,13.64,13.65,13.66,13.67,13.68,13.69,13.7,13.71,13.72,13400,79000,27300,17100,3900,6000,10800,9200,4600,17100,8000,10500,34900,2700,10500,22900,6000,15100,15800,5900
5538.0,13.61,10685100,144528752.0,13.61,13.6,13.59,13.58,13.57,13.56,13.55,13.54,13.53,13.52,13.62,13.64,13.65,13.66,13.67,13.68,13.69,13.7,13.71,13.72,13200,79000,27300,17100,3900,6000,10800,9200,4600,17100,7100,10500,34900,2700,10500,22900,6000,15100,15800,5900
5539.0,13.62,10685800,144538286.0,13.61,13.6,13.59,13.58,13.57,13.56,13.55,13.54,13.53,13.52,13.62,13.64,13.65,13.66,13.67,13.68,13.69,13.7,13.71,13.72,13200,79000,27300,17100,3900,6000,10800,9200,4600,17100,6400,10500,34900,2700,10500,22900,6000,15100,15800,5900
5540.0,13.62,10686800,144551906.0,13.61,13.6,13.59,13.58,13.57,13.56,13.55,13.54,13.53,13.52,13.62,13.64,13.65,13.66,13.67,13.68,13.69,13.7,13.71,13.72,13200,79000,27300,17100,3900,6000,10800,9200,4600,17100,5400,10500,34900,2700,7600,22900,6000,15100,15800,5900
5541.0,13.62,10686800,144551906.0,13.61,13.6,13.59,13.58,13.57,13.56,13.55,13.54,13.53,13.52,13.62,13.64,13.65,13.66,13.67,13.68,13.69,13.7,13.71,13.72,13200,79000,27300,17100,3900,6000,10800,9200,4600,17100,5400,10500,34900,2700,7600,22900,6000,15100,15800,5900
5542.0,13.62,10687600,144562802.0,13.61,13.6,13.59,13.58,13.57,13.56,13.55,13.54,13.53,13.52,13.62,13.64,13.65,13.66,13.67,13.68,13.69,13.7,13.71,13.72,13200,79000,27300,17100,3900,6000,10800,9200,4600,17100,4600,10500,34900,2700,7600,22900,6000,15100,15800,5900
5543.0,13.62,10689600,144590037.0,13.61,13.6,13.59,13.58,13.57,13.56,13.55,13.54,13.53,13.52,13.62,13.64,13.65,13.66,13.67,13.68,13.69,13.7,13.71,13.72,12700,79000,27300,17100,3900,6000,10800,9200,4600,17100,3100,10500,34900,2700,7600,22900,6000,15100,15800,5900
5544.0,13.62,10689600,144590037.0,13.61,13.6,13.59,13.58,13.57,13.56,13.55,13.54,13.53,13.52,13.62,13.64,13.65,13.66,13.67,13.68,13.69,13.7,13.71,13.72,12700,79000,27300,17100,3900,6000,10800,9200,4600,17100,3100,10500,34900,2700,7600,22900,6000,15100,15800,5900
5545.0,13.62,10689600,144590037.0,13.61,13.6,13.59,13.58,13.57,13.56,13.55,13.54,13.53,13.52,13.62,13.64,13.65,13.66,13.67,13.68,13.69,13.7,13.71,13.72,12700,79000,27300,17100,3900,6000,10800,9200,4600,17100,3100,10500,34900,2700,7600,22900,6000,15100,15800,5900
5546.0,13.61,10690300,144599564.0,13.61,13.6,13.59,13.58,13.57,13.56,13.55,13.54,13.53,13.52,13.62,13.64,13.65,13.66,13.67,13.68,13.69,13.7,13.71,13.72,12000,79000,27300,17100,3900,6000,10800,9200,4600,17100,4000,10500,34900,2700,7600,22900,6000,15100,15800,5900
5547.0,13.62,10690600,144603650.0,13.61,13.6,13.59,13.58,13.57,13.56,13.55,13.54,13.53,13.52,13.62,13.64,13.65,13.66,13.67,13.68,13.69,13.7,13.71,13.72,12300,79000,27300,17100,3900,6000,10800,9200,4600,17100,3700,10500,34900,2700,7600,22900,6000,15100,15800,5900
5548.0,13.61,10692200,144625428.0,13.61,13.6,13.59,13.58,13.57,13.56,13.55,13.54,13.53,13.52,13.62,13.64,13.65,13.66,13.67,13.68,13.69,13.7,13.71,13.72,10900,79000,27300,17100,3900,6000,10800,9200,4600,17100,3500,10500,36200,2700,7600,22900,6000,15100,15800,5900
5549.0,13.62,10692500,144629514.0,13.61,13.6,13.59,13.58,13.57,13.56,13.55,13.54,13.53,13.52,13.62,13.64,13.65,13.66,13.67,13.68,13.69,13.7,13.71,13.72,10900,79000,27300,17100,3900,6000,10800,9200,4600,19600,3200,10500,36200,2700,7600,22900,6000,15100,15800,5900
5550.0,13.62,10692500,144629514.0,13.61,13.6,13.59,13.58,13.57,13.56,13.55,13.54,13.53,13.52,13.62,13.63,13.64,13.65,13.66,13.67,13.68,13.69,13.7,13.71,10900,79000,27300,17100,3900,6000,10800,9200,4600,19600,3200,100,10500,36200,2700,7600,22900,6000,15100,15800
5551.0,13.62,10692500,144629514.0,13.61,13.6,13.59,13.58,13.57,13.56,13.55,13.54,13.53,13.52,13.62,13.63,13.64,13.65,13.66,13.67,13.68,13.69,13.7,13.71,10900,79000,27300,17100,3900,6000,10800,9200,4600,19600,3500,100,10500,36200,2700,7600,22900,6000,16100,15800
5552.0,13.62,10692800,144633600.0,13.61,13.6,13.59,13.58,13.57,13.56,13.55,13.54,13.53,13.52,13.62,13.63,13.64,13.65,13.66,13.67,13.68,13.69,13.7,13.71,9700,79000,27300,17100,3900,6000,10800,9200,4600,19600,3200,100,10500,36200,2700,7600,22900,6000,16100,15800
5553.0,13.61,10693500,144643127.0,13.61,13.6,13.59,13.58,13.57,13.56,13.55,13.54,13.53,13.52,13.62,13.63,13.64,13.65,13.66,13.67,13.68,13.69,13.7,13.71,10000,79000,27300,17100,3900,6000,10800,9200,4600,19600,3200,100,10500,36200,2700,7600,22900,6000,16100,15800
5554.0,13.62,10696700,144686711.0,13.62,13.61,13.6,13.59,13.58,13.57,13.56,13.55,13.54,13.53,13.63,13.64,13.65,13.66,13.67,13.68,13.69,13.7,13.71,13.72,800,11700,79000,27300,17100,3900,6000,10800,9200,4600,100,13400,36200,2700,7600,22900,6000,16100,15800,5900
5555.0,13.62,10696700,144686711.0,13.62,13.61,13.6,13.59,13.58,13.57,13.56,13.55,13.54,13.53,13.63,13.64,13.65,13.66,13.67,13.68,13.69,13.7,13.71,13.72,800,11700,79000,27300,17100,3900,6000,10800,9200,4600,100,13400,36200,2700,7600,22900,6000,16100,15800,5900
5556.0,13.62,10696700,144686711.0,13.62,13.61,13.6,13.59,13.58,13.57,13.56,13.55,13.54,13.53,13.63,13.64,13.65,13.66,13.67,13.68,13.69,13.7,13.71,13.72,800,11700,79000,27300,17100,3900,6000,10800,9200,4600,100,13400,36200,2700,7600,22900,6000,16400,15800,5900
5557.0,13.62,10696700,144686711.0,13.62,13.61,13.6,13.59,13.58,13.57,13.56,13.55,13.54,13.53,13.63,13.64,13.65,13.66,13.67,13.68,13.69,13.7,13.71,13.72,800,11700,79000,27300,17100,3900,6000,10800,9200,4600,100,13400,36200,2700,7600,22900,6000,16400,15800,5900
5558.0,13.62,10696700,144686711.0,13.62,13.61,13.6,13.59,13.58,13.57,13.56,13.55,13.54,13.53,13.63,13.64,13.65,13.66,13.67,13.68,13.69,13.7,13.71,13.72,800,11700,79000,27300,17100,4100,6000,10800,9200,4600,100,13400,36200,2700,7600,22900,6000,16400,15800,5900
5559.0,13.62,10696800,144688073.0,13.62,13.61,13.6,13.59,13.58,13.57,13.56,13.55,13.54,13.53,13.63,13.64,13.65,13.66,13.67,13.68,13.69,13.7,13.71,13.72,700,11700,79000,27300,17100,4100,6000,10800,9200,4600,100,13400,36200,2700,7600,22900,6000,16400,15800,5900
5560.0,13.62,10696800,144688073.0,13.62,13.61,13.6,13.59,13.58,13.57,13.56,13.55,13.54,13.53,13.63,13.64,13.65,13.66,13.67,13.68,13.69,13.7,13.71,13.72,700,11700,79000,27300,17100,4100,6000,10800,9200,4600,100,13400,36200,2700,7600,22900,6000,16400,15800,5900
5561.0,13.62,10696800,144688073.0,13.62,13.61,13.6,13.59,13.58,13.57,13.56,13.55,13.54,13.53,13.63,13.64,13.65,13.66,13.67,13.68,13.69,13.7,13.71,13.72,700,11700,79000,27300,17100,4100,6000,10800,9200,4600,100,13400,36200,2700,7600,22900,6000,16400,15800,6000
5562.0,13.62,10696800,144688073.0,13.62,13.61,13.6,13.59,13.58,13.57,13.56,13.55,13.54,13.53,13.63,13.64,13.65,13.66,13.67,13.68,13.69,13.7,13.71,13.72,5700,11700,79000,27300,17100,4100,6000,10800,9200,4600,100,13400,41200,2700,7600,22900,6000,16400,15800,6000
5563.0,13.6,10791400,145974864.0,13.6,13.59,13.58,13.57,13.56,13.55,13.54,13.53,13.52,13.51,13.63,13.64,13.65,13.66,13.67,13.68,13.69,13.7,13.71,13.72,1800,27300,17100,4100,6000,10800,9200,4600,19600,12900,100,13400,41200,2700,7600,22900,6000,16400,15800,6000
5564.0,13.6,10791400,145974864.0,13.62,13.6,13.59,13.58,13.57,13.56,13.55,13.54,13.53,13.52,13.63,13.64,13.65,13.66,13.67,13.68,13.69,13.7,13.71,13.72,100,3600,27300,17100,4100,6000,10800,9200,4600,19600,1900,13400,41200,2700,7600,22900,6000,16400,15800,6000
5565.0,13.6,10791400,145974864.0,13.62,13.6,13.59,13.58,13.57,13.56,13.55,13.54,13.53,13.52,13.63,13.64,13.65,13.66,13.67,13.68,13.69,13.7,13.71,13.72,100,3600,27300,17100,4100,6000,10800,9200,4600,19600,1900,13400,41200,2700,7600,22900,6000,16400,15800,6000
5566.0,13.63,10791500,145976227.0,13.62,13.6,13.59,13.58,13.57,13.56,13.55,13.54,13.53,13.52,13.63,13.64,13.65,13.66,13.67,13.68,13.69,13.7,13.71,13.72,100,3600,27300,17100,4100,6000,10800,9200,4600,19600,1800,13400,41200,2700,7600,22900,6000,16400,15800,6000
5567.0,13.63,10791500,145976227.0,13.62,13.6,13.59,13.58,13.57,13.56,13.55,13.54,13.53,13.52,13.63,13.64,13.65,13.66,13.67,13.68,13.69,13.7,13.71,13.72,100,3600,27300,17100,4100,6000,10800,9200,4600,19600,1800,13400,39900,2700,7600,22900,6000,16400,15800,6000
5568.0,13.62,10791600,145977589.0,13.6,13.59,13.58,13.57,13.56,13.55,13.54,13.53,13.52,13.51,13.62,13.63,13.64,13.65,13.66,13.67,13.68,13.69,13.7,13.71,4400,27300,17100,4100,6000,10800,9200,4600,19600,12900,2800,1800,13400,39900,2700,7600,22900,6000,16400,15800
5569.0,13.62,10792300,145987123.0,13.6,13.59,13.58,13.57,13.56,13.55,13.54,13.53,13.52,13.51,13.62,13.63,13.64,13.65,13.66,13.67,13.68,13.69,13.7,13.71,8000,27300,17100,5800,6000,10800,9200,4600,19600,12900,5700,1800,14400,39900,2700,7600,22900,6000,16400,15800
5570.0,13.6,10793700,146006163.0,13.6,13.59,13.58,13.57,13.56,13.55,13.54,13.53,13.52,13.51,13.62,13.63,13.64,13.65,13.66,13.67,13.68,13.69,13.7,13.71,6600,27300,17100,5800,6000,10800,9200,4600,19600,12900,5700,1800,14400,39900,2700,7600,22900,6000,16400,15800
5571.0,13.6,10793700,146006163.0,13.6,13.59,13.58,13.57,13.56,13.55,13.54,13.53,13.52,13.51,13.62,13.63,13.64,13.65,13.66,13.67,13.68,13.69,13.7,13.71,8800,27300,17100,5800,6000,10800,9200,4600,19600,12900,8600,1800,14400,39900,2700,7600,22900,6000,16400,15800
5572.0,13.62,10794400,146015697.0,13.6,13.59,13.58,13.57,13.56,13.55,13.54,13.53,13.52,13.51,13.62,13.63,13.64,13.65,13.66,13.67,13.68,13.69,13.7,13.71,11300,27300,17100,5800,6000,10800,9200,4600,19600,12900,8600,1800,14400,39900,2700,7600,22900,6000,16400,15800
5573.0,13.62,10794400,146015697.0,13.6,13.59,13.58,13.57,13.56,13.55,13.54,13.53,13.52,13.51,13.62,13.63,13.64,13.65,13.66,13.67,13.68,13.69,13.7,13.71,11500,27300,17100,5800,6000,10800,9200,4600,19600,12900,7200,1800,14400,39900,2700,7600,22900,6000,16400,15800
5574.0,13.6,10795100,146025217.0,13.6,13.59,13.58,13.57,13.56,13.55,13.54,13.53,13.52,13.51,13.62,13.63,13.64,13.65,13.66,13.67,13.68,13.69,13.7,13.71,15400,27300,17100,5800,6000,10800,9200,4600,19600,12900,10800,1800,14400,39900,2700,7600,22900,6000,16400,15800
5575.0,13.59,10816500,146316218.0,13.59,13.58,13.57,13.56,13.55,13.54,13.53,13.52,13.51,13.5,13.62,13.63,13.64,13.65,13.66,13.67,13.68,13.69,13.7,13.71,22000,17100,5800,6000,10800,9200,4600,19600,12900,40400,10100,1800,14400,35500,2700,7600,22900,6000,16400,15800
5576.0,13.59,10817800,146333885.0,13.59,13.58,13.57,13.56,13.55,13.54,13.53,13.52,13.51,13.5,13.6,13.62,13.63,13.64,13.65,13.66,13.67,13.68,13.69,13.7,24000,17100,5800,6000,10800,9200,4600,19600,12900,40400,300,14200,1800,14400,35500,2700,7600,22900,6000,16400
5577.0,13.59,10820700,146373296.0,13.59,13.58,13.57,13.56,13.55,13.54,13.53,13.52,13.51,13.5,13.6,13.62,13.63,13.64,13.65,13.66,13.67,13.68,13.69,13.7,21900,17100,5800,6000,10800,9200,4600,19600,12900,40400,300,14200,1800,14400,35500,2700,7600,22900,6000,16400
5578.0,13.59,10821300,146381450.0,13.59,13.58,13.57,13.56,13.55,13.54,13.53,13.52,13.51,13.5,13.6,13.62,13.63,13.64,13.65,13.66,13.67,13.68,13.69,13.7,21300,17100,5800,6000,10800,9200,4600,19600,12900,40400,300,14200,1800,15200,35500,2700,7600,22900,6000,16400
5579.0,13.59,10821300,146381450.0,13.59,13.58,13.57,13.56,13.55,13.54,13.53,13.52,13.51,13.5,13.6,13.62,13.63,13.64,13.65,13.66,13.67,13.68,13.69,13.7,21300,17100,6300,6000,10800,9200,4600,19600,12900,40400,300,14200,1800,15200,35500,2700,7600,22900,6000,16400
5580.0,13.59,10821300,146381450.0,13.59,13.58,13.57,13.56,13.55,13.54,13.53,13.52,13.51,13.5,13.6,13.62,13.63,13.64,13.65,13.66,13.67,13.68,13.69,13.7,21300,17100,6300,6000,10800,9200,4600,19600,12900,40400,300,14200,1800,15200,35500,2700,7600,22900,6000,16400
5581.0,13.59,10823400,146409989.0,13.59,13.58,13.57,13.56,13.55,13.54,13.53,13.52,13.51,13.5,13.6,13.62,13.63,13.64,13.65,13.66,13.67,13.68,13.69,13.7,19200,17100,6300,6000,10800,9200,4600,19600,12900,40400,300,14200,1800,15200,35500,2700,7600,22900,6000,16400
5582.0,13.59,10823400,146409989.0,13.59,13.58,13.57,13.56,13.55,13.54,13.53,13.52,13.51,13.5,13.6,13.62,13.63,13.64,13.65,13.66,13.67,13.68,13.69,13.7,19200,17100,6300,6000,10800,9200,4600,19600,12900,40400,300,14200,1800,15200,35500,2700,6000,22900,6000,16400
5583.0,13.59,10823400,146409989.0,13.59,13.58,13.57,13.56,13.55,13.54,13.53,13.52,13.51,13.5,13.6,13.62,13.63,13.64,13.65,13.66,13.67,13.68,13.69,13.7,19200,17100,6300,6000,10800,9200,4600,19600,12900,40400,300,14200,1800,15200,35500,2700,6000,22900,6000,16400
5584.0,13.59,10823600,146412707.0,13.59,13.58,13.57,13.56,13.55,13.54,13.53,13.52,13.51,13.5,13.6,13.62,13.63,13.64,13.65,13.66,13.67,13.68,13.69,13.7,19000,17100,6300,6100,10800,9200,4600,19600,12900,40400,300,14200,1800,15200,35500,2700,6000,22900,6000,16400
5585.0,13.59,10827900,146471144.0,13.59,13.58,13.57,13.56,13.55,13.54,13.53,13.52,13.51,13.5,13.6,13.62,13.63,13.64,13.65,13.66,13.67,13.68,13.69,13.7,14700,17100,6300,6100,10800,9200,4600,19600,12900,40400,300,14200,1800,15200,35500,2700,6000,22900,6000,16400
5586.0,13.59,10827900,146471144.0,13.59,13.58,13.57,13.56,13.55,13.54,13.53,13.52,13.51,13.5,13.6,13.62,13.63,13.64,13.65,13.66,13.67,13.68,13.69,13.7,14700,17100,6300,6100,10800,9200,4600,19600,12900,40400,1700,14200,1800,15200,35500,2700,6000,22900,6000,16400
5587.0,13.59,10835400,146573069.0,13.59,13.58,13.57,13.56,13.55,13.54,13.53,13.52,13.51,13.5,13.6,13.62,13.63,13.64,13.65,13.66,13.67,13.68,13.69,13.7,7200,17100,6300,6100,10800,9200,4600,19600,12900,40400,1400,14200,3400,15200,35500,2700,6000,22900,6000,16400
5588.0,13.59,10835400,146573069.0,13.59,13.58,13.57,13.56,13.55,13.54,13.53,13.52,13.51,13.5,13.6,13.62,13.63,13.64,13.65,13.66,13.67,13.68,13.69,13.7,7200,17100,6300,6100,10800,9200,4600,19600,12900,40400,1400,14200,3400,15200,36500,2700,6000,22900,6000,16400
5589.0,13.6,10836900,146593462.0,13.59,13.58,13.57,13.56,13.55,13.54,13.53,13.52,13.51,13.5,13.6,13.62,13.63,13.64,13.65,13.66,13.67,13.68,13.69,13.7,6500,17100,6300,6100,10800,9200,4600,19600,12900,40400,600,14200,3400,15200,36500,2700,6000,22900,6000,16400
5590.0,13.6,10837300,146598902.0,13.59,13.58,13.57,13.56,13.55,13.54,13.53,13.52,13.51,13.5,13.6,13.62,13.63,13.64,13.65,13.66,13.67,13.68,13.69,13.7,6500,17100,6300,6100,10800,9200,4600,19600,12900,40400,200,14200,3400,15200,36500,2700,6000,22900,6000,16400
5591.0,13.6,10837300,146598902.0,13.59,13.58,13.57,13.56,13.55,13.54,13.53,13.52,13.51,13.5,13.6,13.62,13.63,13.64,13.65,13.66,13.67,13.68,13.69,13.7,6500,17100,6300,6100,10800,9200,4600,19600,12900,40400,200,14200,3400,15200,36500,2700,6000,22900,6000,16400
5592.0,13.6,10837300,146598902.0,13.59,13.58,13.57,13.56,13.55,13.54,13.53,13.52,13.51,13.5,13.6,13.62,13.63,13.64,13.65,13.66,13.67,13.68,13.69,13.7,6500,17100,6300,6100,10800,9200,4600,19600,12900,40400,200,14200,3400,15200,36500,2700,6000,22900,6000,16400
5593.0,13.6,10837300,146598902.0,13.59,13.58,13.57,13.56,13.55,13.54,13.53,13.52,13.51,13.5,13.6,13.62,13.63,13.64,13.65,13.66,13.67,13.68,13.69,13.7,6500,17100,6300,6100,10800,9200,4600,19600,12900,40400,200,14200,3400,15200,36500,2700,6000,22900,6000,16400
5594.0,13.6,10837300,146598902.0,13.59,13.58,13.57,13.56,13.55,13.54,13.53,13.52,13.51,13.5,13.6,13.62,13.63,13.64,13.65,13.66,13.67,13.68,13.69,13.7,6500,17100,6300,6100,10800,9200,5100,19600,12900,40400,200,14200,3400,15200,36500,2700,6000,22900,6000,16400
5595.0,13.59,10840000,146635595.0,13.59,13.58,13.57,13.56,13.55,13.54,13.53,13.52,13.51,13.5,13.6,13.62,13.63,13.64,13.65,13.66,13.67,13.68,13.69,13.7,3800,17100,7300,6100,10800,9200,5100,19600,12900,40400,200,14200,3400,14900,36500,2700,6000,22900,6000,16400
5596.0,13.59,10840300,146639672.0,13.59,13.58,13.57,13.56,13.55,13.54,13.53,13.52,13.51,13.5,13.6,13.62,13.63,13.64,13.65,13.66,13.67,13.68,13.69,13.7,3500,17100,7300,6300,10800,9200,5100,19600,12900,40400,200,14200,3400,14900,36500,2700,6000,22900,6000,16400
5597.0,13.59,10840300,146639672.0,13.59,13.58,13.57,13.56,13.55,13.54,13.53,13.52,13.51,13.5,13.6,13.62,13.63,13.64,13.65,13.66,13.67,13.68,13.69,13.7,3500,17100,7500,6300,10800,9200,5100,19600,12900,40400,200,14200,3400,14900,36500,2700,6000,22900,6000,16400
5598.0,13.59,10840300,146639672.0,13.59,13.58,13.57,13.56,13.55,13.54,13.53,13.52,13.51,13.5,13.6,13.62,13.63,13.64,13.65,13.66,13.67,13.68,13.69,13.7,3500,17100,7500,6300,10800,9200,5100,19600,12900,40400,200,14200,3400,14900,35500,2700,6000,22900,6000,16400
5599.0,13.59,10840800,146646467.0,13.59,13.58,13.57,13.56,13.55,13.54,13.53,13.52,13.51,13.5,13.6,13.62,13.63,13.64,13.65,13.66,13.67,13.68,13.69,13.7,3000,17100,7600,6700,10800,9200,5100,19600,12900,40400,200,14200,3400,14900,35500,2700,6000,22900,6000,16400
5600.0,13.59,10840800,146646467.0,13.59,13.58,13.57,13.56,13.55,13.54,13.53,13.52,13.51,13.5,13.6,13.62,13.63,13.64,13.65,13.66,13.67,13.68,13.69,13.7,3000,17100,13400,7700,10800,9200,5100,19600,12900,40400,200,14200,3400,14900,35500,2700,6000,22900,6000,16400
5601.0,13.59,10840800,146646467.0,13.59,13.58,13.57,13.56,13.55,13.54,13.53,13.52,13.51,13.5,13.6,13.62,13.63,13.64,13.65,13.66,13.67,13.68,13.69,13.7,3000,17100,13400,7700,10800,9200,5100,19600,12900,40400,200,14200,3400,14900,35500,2700,6000,22900,6000,16400
5602.0,13.59,10840800,146646467.0,13.59,13.58,13.57,13.56,13.55,13.54,13.53,13.52,13.51,13.5,13.6,13.62,13.63,13.64,13.65,13.66,13.67,13.68,13.69,13.7,3000,17100,13400,7700,10800,9200,5100,19600,12900,40400,200,14200,3400,14900,35500,2700,6000,22900,6000,16400
5603.0,13.59,10841100,146650544.0,13.59,13.58,13.57,13.56,13.55,13.54,13.53,13.52,13.51,13.5,13.6,13.62,13.63,13.64,13.65,13.66,13.67,13.68,13.69,13.7,2700,17100,13400,7700,10800,9200,5100,19600,12900,40400,200,14200,3400,14900,35500,2700,6000,22900,6000,16400
5604.0,13.59,10841200,146651903.0,13.59,13.58,13.57,13.56,13.55,13.54,13.53,13.52,13.51,13.5,13.6,13.62,13.63,13.64,13.65,13.66,13.67,13.68,13.69,13.7,2600,17100,13400,7700,10800,9200,5100,19600,12900,40400,200,14200,3400,14900,35500,2700,6000,22900,6000,16400
5605.0,13.59,10841500,146655980.0,13.59,13.58,13.57,13.56,13.55,13.54,13.53,13.52,13.51,13.5,13.6,13.62,13.63,13.64,13.65,13.66,13.67,13.68,13.69,13.7,2300,17100,13400,7700,10800,9200,5100,19600,12900,40400,200,14200,3400,14900,35500,2700,6000,22900,6000,16400
5606.0,13.59,10841500,146655980.0,13.59,13.58,13.57,13.56,13.55,13.54,13.53,13.52,13.51,13.5,13.6,13.62,13.63,13.64,13.65,13.66,13.67,13.68,13.69,13.7,2300,17100,13400,7700,10200,9200,5100,19600,12900,40400,200,14200,3400,14900,35500,2700,6000,22900,6000,16400
5607.0,13.59,10841500,146655980.0,13.59,13.58,13.57,13.56,13.55,13.54,13.53,13.52,13.51,13.5,13.6,13.62,13.63,13.64,13.65,13.66,13.67,13.68,13.69,13.7,5300,17100,13400,7700,10200,9200,5100,19600,12900,40400,200,14200,3400,14900,35500,2700,6000,22900,6000,16400
5608.0,13.59,10841500,146655980.0,13.59,13.58,13.57,13.56,13.55,13.54,13.53,13.52,13.51,13.5,13.6,13.62,13.63,13.64,13.65,13.66,13.67,13.68,13.69,13.7,5300,17100,13400,7700,10200,9200,5100,19600,12900,40400,200,14200,4400,14900,35500,2700,6000,22900,6000,16400
5609.0,13.59,10841500,146655980.0,13.59,13.58,13.57,13.56,13.55,13.54,13.53,13.52,13.51,13.5,13.6,13.62,13.63,13.64,13.65,13.66,13.67,13.68,13.69,13.7,5300,17100,13400,8800,10700,9200,5100,19600,12900,40400,200,14200,4400,14900,35500,2700,6000,22900,6000,16400
5610.0,13.59,10844900,146702186.0,13.59,13.58,13.57,13.56,13.55,13.54,13.53,13.52,13.51,13.5,13.6,13.62,13.63,13.64,13.65,13.66,13.67,13.68,13.69,13.7,1900,17100,13400,8800,10700,9200,5100,19600,12900,40400,200,14200,4400,14900,35500,2700,6000,22900,6000,16400
5611.0,13.59,10844900,146702186.0,13.59,13.58,13.57,13.56,13.55,13.54,13.53,13.52,13.51,13.5,13.62,13.63,13.64,13.65,13.66,13.67,13.68,13.69,13.7,13.71,1900,17100,13400,9100,10700,9200,5100,19600,12900,40400,14200,4400,14900,35500,2700,6000,22900,6000,16400,15800
5612.0,13.59,10846400,146722571.0,13.59,13.58,13.57,13.56,13.55,13.54,13.53,13.52,13.51,13.5,13.62,13.63,13.64,13.65,13.66,13.67,13.68,13.69,13.7,13.71,400,18200,13400,9100,10700,9200,5100,19600,12900,40400,14200,4400,14900,37900,2700,6000,22900,6000,16400,15800
5613.0,13.62,10847100,146732105.0,13.59,13.58,13.57,13.56,13.55,13.54,13.53,13.52,13.51,13.5,13.62,13.63,13.64,13.65,13.66,13.67,13.68,13.69,13.7,13.71,4100,18500,13400,9100,10700,9200,5100,19600,12900,40400,17200,4400,14900,40200,2700,6000,22900,6000,16400,15800
5614.0,13.62,10848500,146751173.0,13.59,13.58,13.57,13.56,13.55,13.54,13.53,13.52,13.51,13.5,13.62,13.63,13.64,13.65,13.66,13.67,13.68,13.69,13.7,13.71,4100,18500,13400,9100,10700,9200,5100,19600,12900,40400,15800,4400,13600,40200,2700,6000,22900,6000,16400,15800
5615.0,13.62,10848500,146751173.0,13.59,13.58,13.57,13.56,13.55,13.54,13.53,13.52,13.51,13.5,13.62,13.63,13.64,13.65,13.66,13.67,13.68,13.69,13.7,13.71,7100,18500,13400,9100,11200,9200,5100,19600,12900,40400,19500,4400,13600,40200,2700,6000,22900,6000,16400,15800
5616.0,13.62,10849200,146760707.0,13.59,13.58,13.57,13.56,13.55,13.54,13.53,13.52,13.51,13.5,13.62,13.63,13.64,13.65,13.66,13.67,13.68,13.69,13.7,13.71,7800,18500,13400,9100,8800,9200,5100,19600,12900,40400,18800,4400,13600,40200,2700,6000,22900,6000,16400,15800
5617.0,13.59,10849900,146770220.0,13.59,13.58,13.57,13.56,13.55,13.54,13.53,13.52,13.51,13.5,13.62,13.63,13.64,13.65,13.66,13.67,13.68,13.69,13.7,13.71,9000,18500,13400,9100,8800,9200,5100,19600,12900,39900,20700,4400,13600,40200,2700,6000,22900,6000,16400,15800
5618.0,13.59,10851600,146793344.0,13.59,13.58,13.57,13.56,13.55,13.54,13.53,13.52,13.51,13.5,13.62,13.63,13.64,13.65,13.66,13.67,13.68,13.69,13.7,13.71,9800,18500,13400,16900,8800,9200,5100,19600,12900,39900,21800,4400,13600,40200,2700,6000,22900,6000,16400,15800
5619.0,13.59,10851600,146793344.0,13.59,13.58,13.57,13.56,13.55,13.54,13.53,13.52,13.51,13.5,13.62,13.63,13.64,13.65,13.66,13.67,13.68,13.69,13.7,13.71,11700,18500,13400,16700,8800,9200,5100,19600,12900,39900,23700,4400,13600,40200,2700,6000,22900,6000,16400,15800
5620.0,13.59,10851600,146793344.0,13.59,13.58,13.57,13.56,13.55,13.54,13.53,13.52,13.51,13.5,13.62,13.63,13.64,13.65,13.66,13.67,13.68,13.69,13.7,13.71,13500,18500,13700,16700,8800,9100,5100,19600,12900,39900,25500,4400,13600,40200,2700,6000,22900,6000,16400,15800
5621.0,13.62,10852300,146802878.0,13.59,13.58,13.57,13.56,13.55,13.54,13.53,13.52,13.51,13.5,13.62,13.63,13.64,13.65,13.66,13.67,13.68,13.69,13.7,13.71,13500,18500,13700,16700,8800,9100,5100,19600,12900,39900,24800,4400,13600,40200,2700,6000,22900,6000,16400,15800
5622.0,13.62,10852300,146802878.0,13.59,13.58,13.57,13.56,13.55,13.54,13.53,13.52,13.51,13.5,13.62,13.63,13.64,13.65,13.66,13.67,13.68,13.69,13.7,13.71,17200,19100,13900,16700,8800,9100,6300,19600,12900,39900,28500,4400,13600,39600,2700,6000,22900,6000,16400,15800
5623.0,13.59,10852500,146805596.0,13.59,13.58,13.57,13.56,13.55,13.54,13.53,13.52,13.51,13.5,13.62,13.63,13.64,13.65,13.66,13.67,13.68,13.69,13.7,13.71,17000,19100,14600,16700,8800,9100,6300,19600,12900,39900,28500,4400,13600,39600,2700,6000,22900,6000,16400,15800
5624.0,13.62,10853200,146815130.0,13.59,13.58,13.57,13.56,13.55,13.54,13.53,13.52,13.51,13.5,13.62,13.63,13.64,13.65,13.66,13.67,13.68,13.69,13.7,13.71,20700,19100,14600,16700,8800,9100,6300,19600,12900,39900,31500,4400,13600,39600,2700,6000,22900,6000,16400,15800
5625.0,13.62,10855300,146843711.0,13.59,13.58,13.57,13.56,13.55,13.54,13.53,13.52,13.51,13.5,13.62,13.63,13.64,13.65,13.66,13.67,13.68,13.69,13.7,13.71,20000,19100,14600,16700,8800,9100,6300,19600,12900,39900,30100,4400,13600,39600,2700,6000,22900,6000,16400,15800
5626.0,13.62,10855300,146843711.0,13.6,13.59,13.58,13.57,13.56,13.55,13.54,13.53,13.52,13.51,13.62,13.63,13.64,13.65,13.66,13.67,13.68,13.69,13.7,13.71,2100,21800,19300,14900,16800,8800,9100,6300,19600,12900,33800,4400,13600,39600,2700,6000,22900,6000,16400,15800
5627.0,13.59,10858900,146892677.0,13.59,13.58,13.57,13.56,13.55,13.54,13.53,13.52,13.51,13.5,13.62,13.63,13.64,13.65,13.66,13.67,13.68,13.69,13.7,13.71,22900,19300,14900,16800,8800,9100,6300,19600,12900,39900,33100,4400,13600,39600,2700,6000,22900,6000,16400,15800
5628.0,13.59,10858900,146892677.0,13.59,13.58,13.57,13.56,13.55,13.54,13.53,13.52,13.51,13.5,13.62,13.63,13.64,13.65,13.66,13.67,13.68,13.69,13.7,13.71,24200,19300,14900,16800,8800,9100,7300,19600,12900,39900,34400,4400,13600,39600,2700,6000,22900,6000,16400,15800
5629.0,13.62,10859600,146902211.0,13.59,13.58,13.57,13.56,13.55,13.54,13.53,13.52,13.51,13.5,13.62,13.63,13.64,13.65,13.66,13.67,13.68,13.69,13.7,13.71,25000,19300,14900,15700,8800,9100,7300,19600,12900,39900,34500,4400,13600,39600,2700,6000,22900,6000,16400,15800
5630.0,13.62,10859600,146902211.0,13.59,13.58,13.57,13.56,13.55,13.54,13.53,13.52,13.51,13.5,13.62,13.63,13.64,13.65,13.66,13.67,13.68,13.69,13.7,13.71,25000,19300,14900,15700,8800,9100,7300,19600,12900,39900,35300,4400,13600,39600,2700,6000,22900,6000,16400,15800
5631.0,13.59,10859800,146904932.0,13.59,13.58,13.57,13.56,13.55,13.54,13.53,13.52,13.51,13.5,13.62,13.63,13.64,13.65,13.66,13.67,13.68,13.69,13.7,13.71,26500,19300,14900,15700,8800,9100,7300,19600,12900,39900,36000,4400,13600,39600,2700,6000,22900,6000,16400,15800
5632.0,13.59,10862200,146937569.0,13.59,13.58,13.57,13.56,13.55,13.54,13.53,13.52,13.51,13.5,13.62,13.63,13.64,13.65,13.66,13.67,13.68,13.69,13.7,13.71,24800,19300,14900,15700,8800,9100,7300,19600,12900,39900,35300,4400,13600,39600,2700,6000,22900,6000,16400,15800
5633.0,13.59,10862200,146937569.0,13.59,13.58,13.57,13.56,13.55,13.54,13.53,13.52,13.51,13.5,13.62,13.63,13.64,13.65,13.66,13.67,13.68,13.69,13.7,13.71,25600,19300,14900,15700,8800,9100,7300,19600,12900,39900,36100,4400,13600,39600,2700,6000,22900,6000,16400,15800
5634.0,13.59,10862200,146937569.0,13.59,13.58,13.57,13.56,13.55,13.54,13.53,13.52,13.51,13.5,13.62,13.63,13.64,13.65,13.66,13.67,13.68,13.69,13.7,13.71,25600,19300,15400,15700,8800,9100,7300,19600,12900,39900,36100,4400,13600,39600,2700,6000,22900,6000,16400,15800
5635.0,13.62,10862900,146947103.0,13.59,13.58,13.57,13.56,13.55,13.54,13.53,13.52,13.51,13.5,13.62,13.63,13.64,13.65,13.66,13.67,13.68,13.69,13.7,13.71,26400,19300,17200,15700,8800,9100,7300,19600,12900,41000,36200,4400,13600,39600,2700,6000,22900,6000,16400,15800
5636.0,13.62,10864300,146966171.0,13.59,13.58,13.57,13.56,13.55,13.54,13.53,13.52,13.51,13.5,13.62,13.63,13.64,13.65,13.66,13.67,13.68,13.69,13.7,13.71,26400,19300,17200,15700,8800,9100,7300,19600,12900,41000,34800,4400,13600,39600,2700,6000,22900,6000,16400,15800
5637.0,13.59,10866400,146994710.0,13.59,13.58,13.57,13.56,13.55,13.54,13.53,13.52,13.51,13.5,13.62,13.63,13.64,13.65,13.66,13.67,13.68,13.69,13.7,13.71,25100,19300,17200,15700,8800,9100,7300,19600,12900,41000,35600,4400,13600,39600,2700,6000,22900,6000,16400,15800
5638.0,13.62,10867100,147004244.0,13.59,13.58,13.57,13.56,13.55,13.54,13.53,13.52,13.51,13.5,13.62,13.63,13.64,13.65,13.66,13.67,13.68,13.69,13.7,13.71,25100,19300,17200,15700,8800,9100,7300,19600,12900,41000,34900,4400,13600,39600,2700,6000,22900,6000,21200,15800
5639.0,13.59,10868000,147016475.0,13.59,13.58,13.57,13.56,13.55,13.54,13.53,13.52,13.51,13.5,13.62,13.63,13.64,13.65,13.66,13.67,13.68,13.69,13.7,13.71,24800,19300,17200,15700,8800,9100,7300,19600,12900,41000,35500,4400,13600,39600,2700,6000,22900,6000,21200,15800
5640.0,13.59,10868000,147016475.0,13.59,13.58,13.57,13.56,13.55,13.54,13.53,13.52,13.51,13.5,13.62,13.63,13.64,13.65,13.66,13.67,13.68,13.69,13.7,13.71,24800,19300,18200,15700,8800,9100,7300,19600,12900,41000,35500,4400,13600,39600,2700,6000,22900,6000,21200,15800
5641.0,13.62,10868700,147026009.0,13.59,13.58,13.57,13.56,13.55,13.54,13.53,13.52,13.51,13.5,13.62,13.63,13.64,13.65,13.66,13.67,13.68,13.69,13.7,13.71,25300,19300,18200,15700,8800,9100,7300,19600,12900,41000,35300,4400,13600,39600,2700,6000,22900,6000,21200,15800
5642.0,13.62,10868700,147026009.0,13.59,13.58,13.57,13.56,13.55,13.54,13.53,13.52,13.51,13.5,13.62,13.63,13.64,13.65,13.66,13.67,13.68,13.69,13.7,13.71,25300,19300,18200,15700,8800,9100,7300,19600,12900,41000,35300,4400,13600,39600,2700,6000,22900,6000,21200,15800
5643.0,13.62,10869400,147035543.0,13.59,13.58,13.57,13.56,13.55,13.54,13.53,13.52,13.51,13.5,13.62,13.63,13.64,13.65,13.66,13.67,13.68,13.69,13.7,13.71,25500,19300,18200,15700,8800,9100,7300,19600,12900,41000,34800,4400,13600,39600,2700,6000,22900,6000,21200,15800
5644.0,13.59,10870000,147043697.0,13.59,13.58,13.57,13.56,13.55,13.54,13.53,13.52,13.51,13.5,13.62,13.63,13.64,13.65,13.66,13.67,13.68,13.69,13.7,13.71,25200,19300,18200,15800,8800,9100,7300,19600,12900,41000,35100,4400,13600,39600,2700,6000,22900,6000,21200,15800
5645.0,13.59,10870000,147043697.0,13.59,13.58,13.57,13.56,13.55,13.54,13.53,13.52,13.51,13.5,13.62,13.63,13.64,13.65,13.66,13.67,13.68,13.69,13.7,13.71,25200,19300,18200,15800,8800,9100,7300,19600,12900,41000,35100,4400,13600,39600,2700,6000,22900,6000,21200,15800
5646.0,13.62,10870700,147053231.0,13.59,13.58,13.57,13.56,13.55,13.54,13.53,13.52,13.51,13.5,13.62,13.63,13.64,13.65,13.66,13.67,13.68,13.69,13.7,13.71,25700,19300,18200,15800,8800,9100,7300,19600,12900,41000,34900,4400,13600,39600,2700,6000,22900,6000,21200,15800
5647.0,13.62,10872800,147081812.0,13.59,13.58,13.57,13.56,13.55,13.54,13.53,13.52,13.51,13.5,13.62,13.63,13.64,13.65,13.66,13.67,13.68,13.69,13.7,13.71,25000,19300,18200,15800,8800,9100,7300,19600,12900,41000,33500,4400,13600,39600,2700,6000,22900,6000,21200,15800
5648.0,13.62,10872800,147081812.0,13.59,13.58,13.57,13.56,13.55,13.54,13.53,13.52,13.51,13.5,13.62,13.63,13.64,13.65,13.66,13.67,13.68,13.69,13.7,13.71,25200,19300,18200,15800,8800,9100,7300,19600,12900,41000,33700,4400,13600,39600,2700,6000,22900,6000,21200,15800
5649.0,13.62,10873500,147091346.0,13.59,13.58,13.57,13.56,13.55,13.54,13.53,13.52,13.51,13.5,13.62,13.63,13.64,13.65,13.66,13.67,13.68,13.69,13.7,13.71,25200,19300,18200,15800,8800,9100,7300,19600,12900,41000,33000,4400,13600,39600,2700,6000,22900,6000,21200,15800
5650.0,13.62,10875800,147122612.0,13.59,13.58,13.57,13.56,13.55,13.54,13.53,13.52,13.51,13.5,13.62,13.63,13.64,13.65,13.66,13.67,13.68,13.69,13.7,13.71,23400,19300,18200,15800,8800,9100,7300,19600,12900,41000,32900,4400,13600,39600,2700,6000,22900,6000,21200,15800
5651.0,13.62,10875800,147122612.0,13.59,13.58,13.57,13.56,13.55,13.54,13.53,13.52,13.51,13.5,13.62,13.63,13.64,13.65,13.66,13.67,13.68,13.69,13.7,13.71,23400,19300,18200,15800,8800,9100,7300,19600,12900,41000,32900,4400,13600,39600,2700,6000,22900,6000,21200,15800
5652.0,13.62,10876600,147133508.0,13.59,13.58,13.57,13.56,13.55,13.54,13.53,13.52,13.51,13.5,13.62,13.63,13.64,13.65,13.66,13.67,13.68,13.69,13.7,13.71,23600,19300,18200,15800,8800,9100,7300,19600,12900,41000,32300,4400,13600,39600,2700,6000,22900,6000,21200,15800
5653.0,13.62,10876600,147133508.0,13.59,13.58,13.57,13.56,13.55,13.54,13.53,13.52,13.51,13.5,13.62,13.63,13.64,13.65,13.66,13.67,13.68,13.69,13.7,13.71,23600,19300,18200,15800,8800,9100,7300,19600,12900,41000,32300,4400,13600,39600,2700,6000,22900,6000,21200,15800
5654.0,13.62,10878000,147152555.0,13.59,13.58,13.57,13.56,13.55,13.54,13.53,13.52,13.51,13.5,13.62,13.63,13.64,13.65,13.66,13.67,13.68,13.69,13.7,13.71,22900,19300,18200,15800,8800,9100,7300,19600,12900,41000,31600,4400,13600,39600,2700,6000,22900,6000,21200,15800
5655.0,13.62,10878000,147152555.0,13.59,13.58,13.57,13.56,13.55,13.54,13.53,13.52,13.51,13.5,13.62,13.63,13.64,13.65,13.66,13.67,13.68,13.69,13.7,13.71,23100,19300,18700,15800,8800,9100,6800,19600,12900,41000,31800,4400,13600,39600,2700,6000,22900,6000,21200,15800
5656.0,13.62,10878000,147152555.0,13.59,13.58,13.57,13.56,13.55,13.54,13.53,13.52,13.51,13.5,13.62,13.63,13.64,13.65,13.66,13.67,13.68,13.69,13.7,13.71,23100,19300,18800,15800,8800,9100,6800,19600,12900,41000,31800,4400,13600,39600,2700,6000,22900,6000,21200,15800
5657.0,13.62,10878700,147162089.0,13.59,13.58,13.57,13.56,13.55,13.54,13.53,13.52,13.51,13.5,13.62,13.63,13.64,13.65,13.66,13.67,13.68,13.69,13.7,13.71,23300,19300,18800,15800,9800,9100,6800,19600,12900,41000,31300,4400,13600,39600,2700,6000,22900,6000,21200,15800
5658.0,13.62,10880100,147181157.0,13.59,13.58,13.57,13.56,13.55,13.54,13.53,13.52,13.51,13.5,13.62,13.63,13.64,13.65,13.66,13.67,13.68,13.69,13.7,13.71,23300,19300,18800,15800,9800,9100,6800,19600,12900,41000,29900,4400,13600,39600,2700,6000,22900,6000,21200,15800
5659.0,13.59,10882100,147208337.0,13.59,13.58,13.57,13.56,13.55,13.54,13.53,13.52,13.51,13.5,13.62,13.63,13.64,13.65,13.66,13.67,13.68,13.69,13.7,13.71,21300,19300,18800,15800,9800,9100,6800,19600,12900,41000,29900,4400,13600,39600,2700,6000,22900,6000,21200,15800
5660.0,13.62,10882800,147217871.0,13.59,13.58,13.57,13.56,13.55,13.54,13.53,13.52,13.51,13.5,13.62,13.63,13.64,13.65,13.66,13.67,13.68,13.69,13.7,13.71,21500,19300,18800,15800,9800,9100,6800,19600,12900,41000,29400,4400,13600,39600,2700,6000,22900,6000,21200,15800
5661.0,13.59,10883500,147227384.0,13.59,13.58,13.57,13.56,13.55,13.54,13.53,13.52,13.51,13.5,13.62,13.63,13.64,13.65,13.66,13.67,13.68,13.69,13.7,13.71,20800,19300,18800,15800,9800,9100,6800,19600,12900,41000,29400,4400,13600,39600,2700,6000,22900,6000,21200,15800
5662.0,13.62,10884200,147236918.0,13.59,13.58,13.57,13.56,13.55,13.54,13.53,13.52,13.51,13.5,13.62,13.63,13.64,13.65,13.66,13.67,13.68,13.69,13.7,13.71,21000,19300,19800,15800,9800,9100,6800,19600,12900,41000,28900,4400,13600,39600,2700,6000,22900,6000,21200,15800
5663.0,13.59,10887200,147277688.0,13.59,13.58,13.57,13.56,13.55,13.54,13.53,13.52,13.51,13.5,13.62,13.63,13.64,13.65,13.66,13.67,13.68,13.69,13.7,13.71,18000,19300,19800,15800,9800,9100,6800,19600,12900,41000,28900,4400,13600,39600,2700,6000,22900,6000,21200,15800
5664.0,13.59,10887200,147277688.0,13.59,13.58,13.57,13.56,13.55,13.54,13.53,13.52,13.51,13.5,13.62,13.63,13.64,13.65,13.66,13.67,13.68,13.69,13.7,13.71,18000,19300,19800,15800,9800,9100,6800,19600,12900,41000,28900,4400,13600,39600,2700,6000,22900,6000,21200,15800
5665.0,13.59,10889400,147307607.0,13.59,13.58,13.57,13.56,13.55,13.54,13.53,13.52,13.51,13.5,13.62,13.63,13.64,13.65,13.66,13.67,13.68,13.69,13.7,13.71,16700,19300,19800,15800,9800,9100,6800,19600,12900,41000,28400,4400,13600,39600,2700,6000,22900,6000,21200,15800
5666.0,13.59,10889400,147307607.0,13.59,13.58,13.57,13.56,13.55,13.54,13.53,13.52,13.51,13.5,13.62,13.63,13.64,13.65,13.66,13.67,13.68,13.69,13.7,13.71,16700,20300,19800,15800,9800,9100,6800,19600,12900,41000,28400,4400,13600,39600,2700,6000,22900,6000,21200,15800
5667.0,13.59,10889400,147307607.0,13.59,13.58,13.57,13.56,13.55,13.54,13.53,13.52,13.51,13.5,13.6,13.62,13.63,13.64,13.65,13.66,13.67,13.68,13.69,13.7,16700,20300,19800,15800,9800,9100,6800,19600,12900,41000,400,28400,4400,13600,39600,2700,6000,22900,6000,21200
5668.0,13.59,10889400,147307607.0,13.59,13.58,13.57,13.56,13.55,13.54,13.53,13.52,13.51,13.5,13.6,13.62,13.63,13.64,13.65,13.66,13.67,13.68,13.69,13.7,16700,20300,19800,15800,9800,9100,6800,19600,12900,41000,400,28400,4400,13600,39600,2700,6000,22900,6000,21200
5669.0,13.59,10889400,147307607.0,13.59,13.58,13.57,13.56,13.55,13.54,13.53,13.52,13.51,13.5,13.6,13.62,13.63,13.64,13.65,13.66,13.67,13.68,13.69,13.7,17100,20300,19800,15800,9800,9100,6800,19600,12900,41000,400,28400,4400,13600,39600,2700,6000,22900,6000,21200
5670.0,13.59,10903200,147495149.0,13.59,13.58,13.57,13.56,13.55,13.54,13.53,13.52,13.51,13.5,13.6,13.62,13.63,13.64,13.65,13.66,13.67,13.68,13.69,13.7,3300,20300,19800,15800,9800,9100,6800,19600,12900,41000,400,28400,4400,13600,39600,2700,6000,22900,6000,21200
5671.0,13.59,10903200,147495149.0,13.59,13.58,13.57,13.56,13.55,13.54,13.53,13.52,13.51,13.5,13.6,13.62,13.63,13.64,13.65,13.66,13.67,13.68,13.69,13.7,3300,20300,19800,15800,9800,9100,6800,19600,12900,41000,400,28400,4400,13700,39600,2700,6000,22900,6000,21200
5672.0,13.59,10903200,147495149.0,13.59,13.58,13.57,13.56,13.55,13.54,13.53,13.52,13.51,13.5,13.6,13.62,13.63,13.64,13.65,13.66,13.67,13.68,13.69,13.7,3300,20300,19800,16600,9800,9100,6800,19600,12900,41000,400,28400,4400,13700,39600,2700,6000,22900,6000,21200
5673.0,13.59,10903200,147495149.0,13.59,13.58,13.57,13.56,13.55,13.54,13.53,13.52,13.51,13.5,13.6,13.62,13.63,13.64,13.65,13.66,13.67,13.68,13.69,13.7,3300,20300,19800,16600,9800,9100,6800,19600,12900,41000,3400,28400,4400,13700,39600,2700,6000,22900,6000,21200
5674.0,13.59,10904500,147512816.0,13.59,13.58,13.57,13.56,13.55,13.54,13.53,13.52,13.51,13.5,13.6,13.62,13.63,13.64,13.65,13.66,13.67,13.68,13.69,13.7,2000,20300,19800,16600,9800,9100,6800,19600,12900,41000,3400,28400,4400,13700,39600,2700,6000,22900,6000,21200
5675.0,13.6,10905100,147520976.0,13.59,13.58,13.57,13.56,13.55,13.54,13.53,13.52,13.51,13.5,13.6,13.62,13.63,13.64,13.65,13.66,13.67,13.68,13.69,13.7,2000,20300,21700,16600,11300,9100,6800,19600,12900,41000,2800,28400,4400,13700,39600,2700,6000,22900,6000,21200
5676.0,13.59,10905300,147523694.0,13.59,13.58,13.57,13.56,13.55,13.54,13.53,13.52,13.51,13.5,13.6,13.62,13.63,13.64,13.65,13.66,13.67,13.68,13.69,13.7,1800,20300,21700,16600,11300,9100,6800,19600,12900,41000,2800,28400,4400,13700,39600,2700,6000,22900,6000,21200
5677.0,13.59,10905800,147530489.0,13.59,13.58,13.57,13.56,13.55,13.54,13.53,13.52,13.51,13.5,13.6,13.62,13.63,13.64,13.65,13.66,13.67,13.68,13.69,13.7,1300,20300,21700,16600,11300,9100,6800,19600,12900,41000,2800,28400,4400,13700,40100,2700,6000,26900,6000,21200
5678.0,13.6,10906000,147533209.0,13.59,13.58,13.57,13.56,13.55,13.54,13.53,13.52,13.51,13.5,13.6,13.62,13.63,13.64,13.65,13.66,13.67,13.68,13.69,13.7,1300,20300,21700,16600,11300,8900,6800,19600,12900,41000,2600,28400,4400,13700,40100,2700,6000,26900,6000,21200
5679.0,13.6,10906500,147540009.0,13.59,13.58,13.57,13.56,13.55,13.54,13.53,13.52,13.51,13.5,13.6,13.62,13.63,13.64,13.65,13.66,13.67,13.68,13.69,13.7,1300,20300,21700,16600,11300,8900,6800,19600,12900,41000,2100,28400,4400,13700,40100,2700,6000,26900,6000,21200
5680.0,13.6,10906500,147540009.0,13.59,13.58,13.57,13.56,13.55,13.54,13.53,13.52,13.51,13.5,13.6,13.62,13.63,13.64,13.65,13.66,13.67,13.68,13.69,13.7,4800,20300,21700,16600,11800,8900,6800,19600,12900,41000,2100,28400,4400,13700,40100,2700,6000,26900,6000,21200
5681.0,13.6,10906700,147542729.0,13.59,13.58,13.57,13.56,13.55,13.54,13.53,13.52,13.51,13.5,13.6,13.62,13.63,13.64,13.65,13.66,13.67,13.68,13.69,13.7,4800,20300,21700,16600,11800,8900,7900,19600,12900,41000,1900,28400,4400,13700,40100,2700,6000,26900,6000,21200
5682.0,13.6,10906800,147544089.0,13.59,13.58,13.57,13.56,13.55,13.54,13.53,13.52,13.51,13.5,13.6,13.62,13.63,13.64,13.65,13.66,13.67,13.68,13.69,13.7,4800,20300,21700,16600,11800,8900,7900,19600,12900,41000,1800,28400,4400,13700,40100,2700,6000,26900,6000,21200
5683.0,13.59,10910200,147590295.0,13.59,13.58,13.57,13.56,13.55,13.54,13.53,13.52,13.51,13.5,13.6,13.62,13.63,13.64,13.65,13.66,13.67,13.68,13.69,13.7,1400,20300,21700,16600,11800,8900,7900,19600,12900,41000,1800,28400,4400,13700,40100,2700,6000,26900,6000,21200
5684.0,13.59,10911000,147601168.0,13.59,13.58,13.57,13.56,13.55,13.54,13.53,13.52,13.51,13.5,13.6,13.62,13.63,13.64,13.65,13.66,13.67,13.68,13.69,13.7,700,20300,21700,16600,11800,8900,7900,19600,12900,41000,1700,28400,4400,13700,40100,2700,6000,26900,6000,21200
5685.0,13.59,10911000,147601168.0,13.59,13.58,13.57,13.56,13.55,13.54,13.53,13.52,13.51,13.5,13.6,13.62,13.63,13.64,13.65,13.66,13.67,13.68,13.69,13.7,700,20300,21700,16600,11800,8900,7900,19600,12900,41000,1700,28400,4400,13700,40100,2700,6000,26900,6000,21200
5686.0,13.6,10911100,147602528.0,13.59,13.58,13.57,13.56,13.55,13.54,13.53,13.52,13.51,13.5,13.6,13.62,13.63,13.64,13.65,13.66,13.67,13.68,13.69,13.7,700,20300,21700,16600,11800,8900,7900,19600,12900,41000,2900,28400,4400,13700,40100,2700,6000,26900,6000,21200
5687.0,13.6,10911100,147602528.0,13.59,13.58,13.57,13.56,13.55,13.54,13.53,13.52,13.51,13.5,13.6,13.62,13.63,13.64,13.65,13.66,13.67,13.68,13.69,13.7,700,20300,21800,16900,11800,8900,7900,19600,12900,41000,2900,28400,4400,13700,40100,2700,6000,26900,6000,21200
5688.0,13.6,10911100,147602528.0,13.59,13.58,13.57,13.56,13.55,13.54,13.53,13.52,13.51,13.5,13.6,13.62,13.63,13.64,13.65,13.66,13.67,13.68,13.69,13.7,700,20300,21800,16900,11800,8900,7900,19600,12900,41000,2900,28400,4400,13700,40100,2700,6000,26900,6000,21200
5689.0,13.6,10911300,147605248.0,13.59,13.58,13.57,13.56,13.55,13.54,13.53,13.52,13.51,13.5,13.6,13.62,13.63,13.64,13.65,13.66,13.67,13.68,13.69,13.7,4800,20300,21800,16900,11800,8900,7900,19600,12900,41000,2700,28400,4400,13700,40100,2700,6000,26900,6000,21200
5690.0,13.59,10912500,147621563.0,13.59,13.58,13.57,13.56,13.55,13.54,13.53,13.52,13.51,13.5,13.6,13.62,13.63,13.64,13.65,13.66,13.67,13.68,13.69,13.7,4300,20300,21800,18500,11800,8900,7900,19600,12900,41000,2000,28400,4400,13700,40100,2700,6000,26900,6000,21200
5691.0,13.59,10912500,147621563.0,13.59,13.58,13.57,13.56,13.55,13.54,13.53,13.52,13.51,13.5,13.6,13.62,13.63,13.64,13.65,13.66,13.67,13.68,13.69,13.7,4300,20300,21800,18500,16800,8900,7900,19600,12900,41000,2000,28400,4400,13700,40100,2700,6000,26900,6000,21200
5692.0,13.6,10912700,147624283.0,13.59,13.58,13.57,13.56,13.55,13.54,13.53,13.52,13.51,13.5,13.6,13.62,13.63,13.64,13.65,13.66,13.67,13.68,13.69,13.7,4300,20300,21800,18500,16800,8900,7900,19600,12900,41000,1800,28400,4400,13700,40100,2700,6000,26900,6000,21200
5693.0,13.59,10913100,147629719.0,13.59,13.58,13.57,13.56,13.55,13.54,13.53,13.52,13.51,13.5,13.6,13.62,13.63,13.64,13.65,13.66,13.67,13.68,13.69,13.7,3900,20300,21800,18500,16800,8900,7900,19600,12900,41000,1800,28400,4400,13700,40100,2700,6000,26900,6000,21200
5694.0,13.59,10913100,147629719.0,13.59,13.58,13.57,13.56,13.55,13.54,13.53,13.52,13.51,13.5,13.6,13.62,13.63,13.64,13.65,13.66,13.67,13.68,13.69,13.7,3900,20300,21800,19500,16800,8900,7900,19600,14000,41000,1800,28400,4400,13700,40100,2700,6000,26900,6000,21200
5695.0,13.6,10913200,147631079.0,13.59,13.58,13.57,13.56,13.55,13.54,13.53,13.52,13.51,13.5,13.6,13.62,13.63,13.64,13.65,13.66,13.67,13.68,13.69,13.7,3900,20300,21800,19500,16800,8900,7900,19600,14000,41000,1700,28400,4400,13700,40100,2700,6000,26900,6000,21200
5696.0,13.6,10913200,147631079.0,13.59,13.58,13.57,13.56,13.55,13.54,13.53,13.52,13.51,13.5,13.6,13.62,13.63,13.64,13.65,13.66,13.67,13.68,13.69,13.7,3900,20300,21800,19500,16800,8900,7900,19600,14000,41000,1700,28400,4400,13700,40100,2700,6000,26900,6000,21200
5697.0,13.6,10913400,147633799.0,13.59,13.58,13.57,13.56,13.55,13.54,13.53,13.52,13.51,13.5,13.6,13.62,13.63,13.64,13.65,13.66,13.67,13.68,13.69,13.7,3900,20300,21800,19500,16800,8900,7900,19600,14000,41000,1500,28400,4400,13700,40100,2700,6000,26900,6000,21200
5698.0,13.6,10913400,147633799.0,13.59,13.58,13.57,13.56,13.55,13.54,13.53,13.52,13.51,13.5,13.6,13.62,13.63,13.64,13.65,13.66,13.67,13.68,13.69,13.7,3900,20300,21800,19500,16800,8900,7900,19600,14000,41000,3500,28400,4400,13700,40100,2700,6000,26900,6000,21200
5699.0,13.6,10913400,147633799.0,13.59,13.58,13.57,13.56,13.55,13.54,13.53,13.52,13.51,13.5,13.6,13.62,13.63,13.64,13.65,13.66,13.67,13.68,13.69,13.7,3900,20300,21800,19500,16800,8900,7900,19600,14000,41200,3500,28400,4400,13700,40100,2700,6000,26900,6000,21200
5700.0,13.6,10913700,147637879.0,13.59,13.58,13.57,13.56,13.55,13.54,13.53,13.52,13.51,13.5,13.6,13.62,13.63,13.64,13.65,13.66,13.67,13.68,13.69,13.7,3900,20300,21800,19500,16800,8900,7900,19600,14000,40100,3200,28400,4400,13700,40100,2700,6000,26900,6000,21200
5701.0,13.6,10914300,147646039.0,13.59,13.58,13.57,13.56,13.55,13.54,13.53,13.52,13.51,13.5,13.6,13.62,13.63,13.64,13.65,13.66,13.67,13.68,13.69,13.7,3900,20300,21800,19500,16800,8900,7900,19600,14000,40100,2600,28400,4400,13700,40100,2700,6000,26900,6000,21200
5702.0,13.59,10916000,147669142.0,13.59,13.58,13.57,13.56,13.55,13.54,13.53,13.52,13.51,13.5,13.6,13.62,13.63,13.64,13.65,13.66,13.67,13.68,13.69,13.7,2200,20300,21800,19500,16800,8900,7900,19600,14000,40100,2600,28400,4400,13700,40100,2700,6000,26900,6000,21200
5703.0,13.6,10916200,147671862.0,13.59,13.58,13.57,13.56,13.55,13.54,13.53,13.52,13.51,13.5,13.6,13.62,13.63,13.64,13.65,13.66,13.67,13.68,13.69,13.7,2200,20300,21800,20300,16800,8900,7900,19600,14000,40100,2400,28400,4400,13700,40100,2700,6000,26900,6000,21200
5704.0,13.6,10916200,147671862.0,13.59,13.58,13.57,13.56,13.55,13.54,13.53,13.52,13.51,13.5,13.6,13.62,13.63,13.64,13.65,13.66,13.67,13.68,13.69,13.7,2200,20300,21800,20300,16800,8900,7900,19600,14000,40100,2400,28400,4400,13700,40100,2700,6000,26900,6000,21200
5705.0,13.6,10916200,147671862.0,13.59,13.58,13.57,13.56,13.55,13.54,13.53,13.52,13.51,13.5,13.6,13.62,13.63,13.64,13.65,13.66,13.67,13.68,13.69,13.7,2200,20300,21800,20300,16800,8900,7900,19600,14000,40100,2400,28400,4400,13700,40100,2700,6000,26900,6000,21200
5706.0,13.6,10916400,147674582.0,13.59,13.58,13.57,13.56,13.55,13.54,13.53,13.52,13.51,13.5,13.6,13.62,13.63,13.64,13.65,13.66,13.67,13.68,13.69,13.7,2200,20300,21800,20300,16800,8900,9400,19600,14000,40100,2200,28400,4400,13700,20900,2700,6000,26900,6000,21200
5707.0,13.6,10916400,147674582.0,13.59,13.58,13.57,13.56,13.55,13.54,13.53,13.52,13.51,13.5,13.6,13.62,13.63,13.64,13.65,13.66,13.67,13.68,13.69,13.7,2200,20300,23200,20300,16800,8900,9400,19600,14000,40100,2200,28400,4500,13700,20900,2700,6000,26900,6000,21200
5708.0,13.6,10916400,147674582.0,13.59,13.58,13.57,13.56,13.55,13.54,13.53,13.52,13.51,13.5,13.6,13.62,13.63,13.64,13.65,13.66,13.67,13.68,13.69,13.7,2200,20300,23200,20300,16800,8900,9400,19600,14000,40100,2200,28400,4500,13700,20900,2700,6000,26900,6000,23300
5709.0,13.6,10916600,147677302.0,13.59,13.58,13.57,13.56,13.55,13.54,13.53,13.52,13.51,13.5,13.6,13.62,13.63,13.64,13.65,13.66,13.67,13.68,13.69,13.7,2200,20300,23200,20300,16800,8900,10400,19600,14000,40100,2000,28400,4500,13700,20900,2700,6000,26900,6000,23300
5710.0,13.58,10921500,147743866.0,13.58,13.57,13.56,13.55,13.54,13.53,13.52,13.51,13.5,13.49,13.6,13.62,13.63,13.64,13.65,13.66,13.67,13.68,13.69,13.7,17600,24900,21100,17100,8900,10400,19600,14000,40100,100,2000,28400,4500,13700,20900,2700,6000,26900,6000,23300
5711.0,13.6,10921700,147746586.0,13.58,13.57,13.56,13.55,13.54,13.53,13.52,13.51,13.5,13.49,13.6,13.62,13.63,13.64,13.65,13.66,13.67,13.68,13.69,13.7,17600,24900,21300,17100,8900,10400,19600,14000,40100,100,1800,28400,4500,13700,20900,2700,6000,26900,6000,23300
5712.0,13.58,10923700,147773762.0,13.58,13.57,13.56,13.55,13.54,13.53,13.52,13.51,13.5,13.49,13.6,13.62,13.63,13.64,13.65,13.66,13.67,13.68,13.69,13.7,16400,24900,21300,17100,8900,10400,19600,14000,40100,100,1000,28400,4500,13700,20900,2700,6000,26900,6000,23300
5713.0,13.58,10923700,147773762.0,13.58,13.57,13.56,13.55,13.54,13.53,13.52,13.51,13.5,13.49,13.6,13.62,13.63,13.64,13.65,13.66,13.67,13.68,13.69,13.7,16400,24900,25400,17100,8900,10400,19600,14000,40100,100,1200,28400,4500,13700,20900,2700,6000,26900,6000,23300
5714.0,13.6,10923900,147776482.0,13.58,13.57,13.56,13.55,13.54,13.53,13.52,13.51,13.5,13.49,13.6,13.62,13.63,13.64,13.65,13.66,13.67,13.68,13.69,13.7,16400,24900,25400,17100,8900,10400,19600,14000,40100,100,1000,28400,4500,13700,20900,2700,6000,26900,6000,23300
5715.0,13.6,10923900,147776482.0,13.58,13.57,13.56,13.55,13.54,13.53,13.52,13.51,13.5,13.49,13.6,13.62,13.63,13.64,13.65,13.66,13.67,13.68,13.69,13.7,16400,24900,25400,17100,8900,10400,19600,14000,40100,100,1000,28400,4500,13700,20900,2700,6000,26900,6000,23300
5716.0,13.6,10923900,147776482.0,13.58,13.57,13.56,13.55,13.54,13.53,13.52,13.51,13.5,13.49,13.6,13.62,13.63,13.64,13.65,13.66,13.67,13.68,13.69,13.7,16400,24900,25400,17100,8900,10400,19600,14000,39600,100,1000,28400,4500,13700,20900,2700,6000,26900,6000,23300
5717.0,13.6,10924000,147777842.0,13.58,13.57,13.56,13.55,13.54,13.53,13.52,13.51,13.5,13.49,13.6,13.62,13.63,13.64,13.65,13.66,13.67,13.68,13.69,13.7,16400,25300,25400,17100,8900,10400,19600,14000,39600,100,900,28400,4500,13700,20900,2700,6000,26900,6000,23300
5718.0,13.57,10951300,148148467.0,13.57,13.56,13.55,13.54,13.53,13.52,13.51,13.5,13.49,13.48,13.6,13.62,13.63,13.64,13.65,13.66,13.67,13.68,13.69,13.7,14400,25400,17100,8900,10400,19600,14000,40600,100,3900,900,28400,4500,13700,20900,2700,6000,26900,6000,23300
5719.0,13.57,10951300,148148467.0,13.57,13.56,13.55,13.54,13.53,13.52,13.51,13.5,13.49,13.48,13.6,13.62,13.63,13.64,13.65,13.66,13.67,13.68,13.69,13.7,14400,25600,17100,8900,10400,19600,14000,40600,100,3900,900,28400,4500,13700,20900,2700,6000,26900,6000,23300
5720.0,13.57,10951300,148148467.0,13.57,13.56,13.55,13.54,13.53,13.52,13.51,13.5,13.49,13.48,13.6,13.62,13.63,13.64,13.65,13.66,13.67,13.68,13.69,13.7,14800,25600,17100,8900,10400,19600,14000,40600,100,3900,1500,28400,4500,13700,20900,2700,6000,26900,6000,23300
5721.0,13.57,10951300,148148467.0,13.57,13.56,13.55,13.54,13.53,13.52,13.51,13.5,13.49,13.48,13.6,13.62,13.63,13.64,13.65,13.66,13.67,13.68,13.69,13.7,14800,25600,17100,8900,10400,19600,14000,40600,100,3900,1500,28400,4500,13700,20900,2700,6000,26900,6000,23300
5722.0,13.6,10951400,148149827.0,13.57,13.56,13.55,13.54,13.53,13.52,13.51,13.5,13.49,13.48,13.6,13.62,13.63,13.64,13.65,13.66,13.67,13.68,13.69,13.7,14800,25600,17100,8900,10400,19600,14000,40600,100,3900,1400,28400,4500,13700,20900,2700,6000,26900,6000,23300
5723.0,13.6,10951600,148152547.0,13.57,13.56,13.55,13.54,13.53,13.52,13.51,13.5,13.49,13.48,13.6,13.62,13.63,13.64,13.65,13.66,13.67,13.68,13.69,13.7,15200,25600,17100,8900,10400,19600,14000,40600,100,3900,2200,28400,4500,13700,20900,2700,6000,26900,6000,23300
5724.0,13.6,10951600,148152547.0,13.57,13.56,13.55,13.54,13.53,13.52,13.51,13.5,13.49,13.48,13.6,13.62,13.63,13.64,13.65,13.66,13.67,13.68,13.69,13.7,15200,25600,17100,8900,10400,19600,14000,40600,100,3900,2200,28400,4500,13700,20900,2700,6000,26900,6000,23300
5725.0,13.6,10952000,148157987.0,13.57,13.56,13.55,13.54,13.53,13.52,13.51,13.5,13.49,13.48,13.59,13.6,13.62,13.63,13.64,13.65,13.66,13.67,13.68,13.69,15200,25600,17100,8900,10400,19600,14000,40600,100,3900,3500,1800,28400,4500,13700,20900,2700,6000,26900,6000
5726.0,13.57,10952300,148162058.0,13.57,13.56,13.55,13.54,13.53,13.52,13.51,13.5,13.49,13.48,13.59,13.6,13.62,13.63,13.64,13.65,13.66,13.67,13.68,13.69,14900,25600,17100,8900,16300,19600,14000,40600,100,3900,3500,1800,28400,4500,13700,20900,2700,6000,26900,6000
5727.0,13.57,10953800,148182413.0,13.57,13.56,13.55,13.54,13.53,13.52,13.51,13.5,13.49,13.48,13.59,13.6,13.62,13.63,13.64,13.65,13.66,13.67,13.68,13.69,13400,25600,17100,8900,16300,19600,14000,40600,100,3900,3500,1800,28400,4500,13700,20900,2700,6000,26900,6000
5728.0,13.57,10954400,148190561.0,13.57,13.56,13.55,13.54,13.53,13.52,13.51,13.5,13.49,13.48,13.59,13.6,13.62,13.63,13.64,13.65,13.66,13.67,13.68,13.69,13100,25600,17100,8900,16300,19600,14000,40600,100,3900,3200,1800,28400,4500,13700,20900,2700,6000,26900,6000
5729.0,13.57,10954400,148190561.0,13.57,13.56,13.55,13.54,13.53,13.52,13.51,13.5,13.49,13.48,13.59,13.6,13.62,13.63,13.64,13.65,13.66,13.67,13.68,13.69,13100,25600,17100,8900,16300,19600,14000,40600,100,3900,3200,1800,28400,4500,13700,20900,2700,6000,26900,6000
5730.0,13.57,10954400,148190561.0,13.57,13.56,13.55,13.54,13.53,13.52,13.51,13.5,13.49,13.48,13.59,13.6,13.62,13.63,13.64,13.65,13.66,13.67,13.68,13.69,13100,25600,17100,8900,16300,19600,14000,40600,100,3900,3200,1800,28400,4500,13700,20900,2700,6000,26900,6000
5731.0,13.59,10954700,148194638.0,13.57,13.56,13.55,13.54,13.53,13.52,13.51,13.5,13.49,13.48,13.59,13.6,13.62,13.63,13.64,13.65,13.66,13.67,13.68,13.69,13100,25600,17100,8900,16300,19600,14000,38000,100,3900,2900,1800,28400,4500,13700,20900,2700,6000,26900,6000
5732.0,13.59,10954900,148197356.0,13.57,13.56,13.55,13.54,13.53,13.52,13.51,13.5,13.49,13.48,13.59,13.6,13.62,13.63,13.64,13.65,13.66,13.67,13.68,13.69,13100,25600,17100,8900,16300,19600,14000,38000,100,3900,2700,1800,28400,4500,13700,20900,2700,6000,26900,6000
5733.0,13.56,10974900,148468687.0,13.56,13.55,13.54,13.53,13.52,13.51,13.5,13.49,13.48,13.47,13.59,13.6,13.62,13.63,13.64,13.65,13.66,13.67,13.68,13.69,18700,17100,8900,16300,19600,14000,38000,100,3900,5400,2700,1800,28400,4500,13700,20900,2700,6000,26900,6000
5734.0,13.59,10975600,148478200.0,13.58,13.56,13.55,13.54,13.53,13.52,13.51,13.5,13.49,13.48,13.59,13.6,13.62,13.63,13.64,13.65,13.66,13.67,13.68,13.69,1000,18700,17100,8900,18400,19600,14000,38000,100,3900,2000,1200,28400,4500,13700,20900,2700,6000,26900,6000
5735.0,13.59,10976200,148486354.0,13.58,13.56,13.55,13.54,13.53,13.52,13.51,13.5,13.49,13.48,13.59,13.6,13.62,13.63,13.64,13.65,13.66,13.67,13.68,13.69,1000,18700,17100,8900,18400,19600,14000,38000,100,3900,1400,1200,28400,4500,13700,20900,2700,6000,26900,6000
5736.0,13.59,10976300,148487713.0,13.58,13.56,13.55,13.54,13.53,13.52,13.51,13.5,13.49,13.48,13.59,13.6,13.62,13.63,13.64,13.65,13.66,13.67,13.68,13.69,1000,18700,17100,8900,18400,19600,14000,38000,100,3900,1300,1200,28400,4500,13700,20900,2700,6000,26900,6000
5737.0,13.56,10980200,148540617.0,13.56,13.55,13.54,13.53,13.52,13.51,13.5,13.49,13.48,13.47,13.59,13.6,13.62,13.63,13.64,13.65,13.66,13.67,13.68,13.69,15800,17100,9100,18400,19600,14000,38000,100,3900,5400,1300,1200,28400,4500,13700,20900,2700,6000,26900,6000
5738.0,13.56,10980200,148540617.0,13.56,13.55,13.54,13.53,13.52,13.51,13.5,13.49,13.48,13.47,13.59,13.6,13.62,13.63,13.64,13.65,13.66,13.67,13.68,13.69,16200,17100,9100,18400,19600,14000,38000,100,3900,5400,1700,1200,28400,4500,13700,20900,2700,6000,26900,6000
5739.0,13.59,10980400,148543335.0,13.56,13.55,13.54,13.53,13.52,13.51,13.5,13.49,13.48,13.47,13.59,13.6,13.62,13.63,13.64,13.65,13.66,13.67,13.68,13.69,16200,17100,9100,18400,19600,14000,38000,100,3900,5400,1500,1200,28400,4500,13700,20900,2700,6000,26900,6000
5740.0,13.59,10980400,148543335.0,13.56,13.55,13.54,13.53,13.52,13.51,13.5,13.49,13.48,13.47,13.59,13.6,13.62,13.63,13.64,13.65,13.66,13.67,13.68,13.69,16200,17100,10300,18400,19600,14000,37900,600,3900,5400,1500,1200,28400,4500,13700,20900,2700,6000,26900,6000
5741.0,13.56,10981300,148555539.0,13.56,13.55,13.54,13.53,13.52,13.51,13.5,13.49,13.48,13.47,13.59,13.6,13.62,13.63,13.64,13.65,13.66,13.67,13.68,13.69,15700,17100,12500,18400,19600,14000,37900,600,3900,5400,1900,1200,28400,4500,13700,20900,2700,6000,26900,6000
5742.0,13.59,10981400,148556898.0,13.56,13.55,13.54,13.53,13.52,13.51,13.5,13.49,13.48,13.47,13.59,13.6,13.62,13.63,13.64,13.65,13.66,13.67,13.68,13.69,15700,17100,12500,18400,19600,14000,37900,600,3900,5400,1800,1200,28400,5500,13700,20900,2700,6000,26900,6000
5743.0,13.56,10982800,148575882.0,13.56,13.55,13.54,13.53,13.52,13.51,13.5,13.49,13.48,13.47,13.59,13.6,13.62,13.63,13.64,13.65,13.66,13.67,13.68,13.69,14300,17100,12500,18400,19600,14000,37900,600,3900,5400,1800,1200,28400,5500,13700,20900,2700,6000,26900,6000
5744.0,13.56,10982800,148575882.0,13.56,13.55,13.54,13.53,13.52,13.51,13.5,13.49,13.48,13.47,13.59,13.6,13.62,13.63,13.64,13.65,13.66,13.67,13.68,13.69,14800,17100,12500,18400,19600,14000,37900,600,3900,5400,1800,1200,28400,5500,13700,20900,2700,6000,26900,6000
5745.0,13.59,10983200,148581318.0,13.56,13.55,13.54,13.53,13.52,13.51,13.5,13.49,13.48,13.47,13.59,13.6,13.62,13.63,13.64,13.65,13.66,13.67,13.68,13.69,14800,17100,12500,18400,21100,14000,37900,600,3900,5400,1400,1200,28400,5500,13700,20900,2700,6000,26900,6000
5746.0,13.59,10983300,148582677.0,13.56,13.55,13.54,13.53,13.52,13.51,13.5,13.49,13.48,13.47,13.59,13.6,13.62,13.63,13.64,13.65,13.66,13.67,13.68,13.69,14800,17100,12500,19300,21100,14000,37900,600,3900,5400,1300,1200,28400,5500,13700,15900,2700,6000,26900,6000
5747.0,13.59,10983300,148582677.0,13.56,13.55,13.54,13.53,13.52,13.51,13.5,13.49,13.48,13.47,13.59,13.6,13.62,13.63,13.64,13.65,13.66,13.67,13.68,13.69,14800,17100,12500,19300,21100,14000,37900,600,3900,5400,1300,1200,28400,5500,13700,15900,2700,6000,26900,6000
5748.0,13.59,10983400,148584036.0,13.56,13.55,13.54,13.53,13.52,13.51,13.5,13.49,13.48,13.47,13.59,13.6,13.62,13.63,13.64,13.65,13.66,13.67,13.68,13.69,14900,17100,12500,19300,21100,14000,37900,600,3900,5400,1200,1200,28400,5500,13700,15900,2700,6000,26900,6000
5749.0,13.59,10983400,148584036.0,13.56,13.55,13.54,13.53,13.52,13.51,13.5,13.49,13.48,13.47,13.59,13.6,13.62,13.63,13.64,13.65,13.66,13.67,13.68,13.69,14900,17100,12500,19300,21100,14100,37900,600,3900,5400,1200,1200,28400,5500,13700,14900,2700,6000,26900,6000
5750.0,13.59,10983400,148584036.0,13.56,13.55,13.54,13.53,13.52,13.51,13.5,13.49,13.48,13.47,13.59,13.6,13.62,13.63,13.64,13.65,13.66,13.67,13.68,13.69,14900,17100,25700,21300,21100,14100,37900,600,3900,5400,1200,1200,28400,5500,13700,14900,2700,6000,26900,6000
5751.0,13.59,10983500,148585395.0,13.56,13.55,13.54,13.53,13.52,13.51,13.5,13.49,13.48,13.47,13.59,13.6,13.62,13.63,13.64,13.65,13.66,13.67,13.68,13.69,14900,17100,25000,21300,21300,14100,37900,600,3900,5400,1100,1000,28400,5500,13700,14900,2700,6000,26900,6000
5752.0,13.59,10983500,148585395.0,13.56,13.55,13.54,13.53,13.52,13.51,13.5,13.49,13.48,13.47,13.59,13.6,13.62,13.63,13.64,13.65,13.66,13.67,13.68,13.69,14900,17100,25000,21300,21300,14100,37900,600,3900,5400,1100,1000,28400,5500,10700,14900,2700,6000,26900,6000
5753.0,13.56,10983700,148588107.0,13.56,13.55,13.54,13.53,13.52,13.51,13.5,13.49,13.48,13.47,13.59,13.6,13.62,13.63,13.64,13.65,13.66,13.67,13.68,13.69,14700,17100,25000,21300,21300,14100,37900,600,3900,5400,1100,1000,28400,5500,10700,14900,2700,6000,26900,6000
5754.0,13.59,10983900,148590825.0,13.56,13.55,13.54,13.53,13.52,13.51,13.5,13.49,13.48,13.47,13.59,13.6,13.62,13.63,13.64,13.65,13.66,13.67,13.68,13.69,14700,17100,28100,21300,21300,14100,37900,600,3900,5400,900,1000,28400,5500,10700,14900,2700,6000,26900,6000
5755.0,13.59,10983900,148590825.0,13.56,13.55,13.54,13.53,13.52,13.51,13.5,13.49,13.48,13.47,13.59,13.6,13.62,13.63,13.64,13.65,13.66,13.67,13.68,13.69,14700,17100,28100,21300,21300,14100,37900,600,3900,5400,900,1000,28400,5500,10700,15100,2700,6000,26900,6000
5756.0,13.59,10984000,148592184.0,13.56,13.55,13.54,13.53,13.52,13.51,13.5,13.49,13.48,13.47,13.59,13.6,13.62,13.63,13.64,13.65,13.66,13.67,13.68,13.69,14700,17100,28100,21300,21300,14100,37900,600,3900,5400,800,1000,28400,5500,10700,15100,2700,6000,26900,6000
5757.0,13.59,10984000,148592184.0,13.56,13.55,13.54,13.53,13.52,13.51,13.5,13.49,13.48,13.47,13.59,13.6,13.62,13.63,13.64,13.65,13.66,13.67,13.68,13.69,14700,17100,28100,21300,22200,18100,37900,600,3900,5400,800,1000,28400,5500,10700,15100,2700,6000,26900,6000
5758.0,13.59,10984000,148592184.0,13.56,13.55,13.54,13.53,13.52,13.51,13.5,13.49,13.48,13.47,13.59,13.6,13.62,13.63,13.64,13.65,13.66,13.67,13.68,13.69,14800,17100,28100,21300,22200,18100,37900,600,3900,5400,800,1000,28400,5500,10700,15100,2700,6000,26900,6000
5759.0,13.59,10984000,148592184.0,13.56,13.55,13.54,13.53,13.52,13.51,13.5,13.49,13.48,13.47,13.59,13.6,13.62,13.63,13.64,13.65,13.66,13.67,13.68,13.69,14800,17100,28100,21300,22200,18100,37900,600,3900,5400,800,1000,28400,5500,10700,15100,2700,6000,26900,6000
5760.0,13.59,10984000,148592184.0,13.56,13.55,13.54,13.53,13.52,13.51,13.5,13.49,13.48,13.47,13.59,13.6,13.62,13.63,13.64,13.65,13.66,13.67,13.68,13.69,15900,17100,28100,21300,22200,18100,37900,600,3900,5400,800,1000,28400,5500,10700,15100,2700,6000,26900,6000
5761.0,13.59,10984000,148592184.0,13.56,13.55,13.54,13.53,13.52,13.51,13.5,13.49,13.48,13.47,13.59,13.6,13.62,13.63,13.64,13.65,13.66,13.67,13.68,13.69,15900,17100,28100,21300,22200,18100,37900,600,3900,5400,800,1000,28400,5500,10700,15100,2700,6000,26900,6000
5762.0,13.56,10984700,148601676.0,13.56,13.55,13.54,13.53,13.52,13.51,13.5,13.49,13.48,13.47,13.59,13.6,13.62,13.63,13.64,13.65,13.66,13.67,13.68,13.69,15200,17100,29300,21300,22200,18100,37900,600,3900,5400,800,1200,28400,5500,10700,15100,2700,6000,26900,6000
5763.0,13.56,10984700,148601676.0,13.56,13.55,13.54,13.53,13.52,13.51,13.5,13.49,13.48,13.47,13.59,13.6,13.62,13.63,13.64,13.65,13.66,13.67,13.68,13.69,15200,17100,29800,21300,22200,18100,37900,600,3900,5400,800,1200,28400,5500,10700,15100,2700,6000,26900,6000
5764.0,13.56,10984700,148601676.0,13.56,13.55,13.54,13.53,13.52,13.51,13.5,13.49,13.48,13.47,13.59,13.6,13.62,13.63,13.64,13.65,13.66,13.67,13.68,13.69,15200,19400,29800,21300,22200,18100,37900,600,3900,5400,800,1200,28400,5500,10700,15100,2700,6000,26900,6000
5765.0,13.56,10985400,148611168.0,13.56,13.55,13.54,13.53,13.52,13.51,13.5,13.49,13.48,13.47,13.59,13.6,13.62,13.63,13.64,13.65,13.66,13.67,13.68,13.69,14500,22200,31000,21300,22200,18100,38200,600,3900,5400,800,1200,28400,5500,10700,15100,2700,6000,26900,6000
5766.0,13.56,10985400,148611168.0,13.56,13.55,13.54,13.53,13.52,13.51,13.5,13.49,13.48,13.47,13.59,13.6,13.62,13.63,13.64,13.65,13.66,13.67,13.68,13.69,14500,22200,31000,21300,22200,18100,38200,600,3900,5400,800,1200,28400,5500,10700,15100,2700,6000,26900,6000
5767.0,13.59,10985500,148612527.0,13.56,13.55,13.54,13.53,13.52,13.51,13.5,13.49,13.48,13.47,13.59,13.6,13.62,13.63,13.64,13.65,13.66,13.67,13.68,13.69,16900,22200,31000,23700,22200,18100,38200,600,3900,5400,700,1200,28400,5500,10700,15100,2700,6000,26900,6000
5768.0,13.56,10986800,148630155.0,13.56,13.55,13.54,13.53,13.52,13.51,13.5,13.49,13.48,13.47,13.59,13.6,13.62,13.63,13.64,13.65,13.66,13.67,13.68,13.69,32100,24200,31000,23700,22200,18100,38700,600,3900,5400,700,1200,28400,5500,10700,15100,2700,6000,26900,6000
5769.0,13.56,10987000,148632867.0,13.56,13.55,13.54,13.53,13.52,13.51,13.5,13.49,13.48,13.47,13.59,13.6,13.62,13.63,13.64,13.65,13.66,13.67,13.68,13.69,31900,24200,31000,23700,22200,18100,38700,600,3900,5400,700,1200,28400,5500,10700,15100,2700,6000,26900,6000
5770.0,13.56,11007000,148904067.0,13.56,13.55,13.54,13.53,13.52,13.51,13.5,13.49,13.48,13.47,13.59,13.6,13.62,13.63,13.64,13.65,13.66,13.67,13.68,13.69,11900,26600,31000,23700,22200,18100,38700,600,3900,5400,700,1200,28400,5500,10700,15100,2700,6000,26900,6000
5771.0,13.56,11007200,148906779.0,13.56,13.55,13.54,13.53,13.52,13.51,13.5,13.49,13.48,13.47,13.59,13.6,13.62,13.63,13.64,13.65,13.66,13.67,13.68,13.69,11700,26600,31000,23700,22200,18100,38700,600,3900,5400,700,1200,28400,5500,10700,15100,2700,6000,26900,6000
5772.0,13.56,11008500,148924407.0,13.56,13.55,13.54,13.53,13.52,13.51,13.5,13.49,13.48,13.47,13.59,13.6,13.62,13.63,13.64,13.65,13.66,13.67,13.68,13.69,10400,26600,31000,23700,22200,18100,38700,600,3900,5400,700,1200,28400,5500,10700,15100,2700,6000,26900,6000
5773.0,13.56,11008500,148924407.0,13.56,13.55,13.54,13.53,13.52,13.51,13.5,13.49,13.48,13.47,13.59,13.6,13.62,13.63,13.64,13.65,13.66,13.67,13.68,13.69,10400,26600,31000,23700,22200,18100,38700,600,3900,5400,700,1200,28400,5500,10700,15100,2700,6000,26900,6000
5774.0,13.59,11008800,148928484.0,13.56,13.55,13.54,13.53,13.52,13.51,13.5,13.49,13.48,13.47,13.59,13.6,13.62,13.63,13.64,13.65,13.66,13.67,13.68,13.69,10400,26600,31000,23700,22200,18100,38700,600,3900,5400,400,1200,28400,5500,10700,15100,2700,6000,26900,6000
5775.0,13.59,11008800,148928484.0,13.56,13.55,13.54,13.53,13.52,13.51,13.5,13.49,13.48,13.47,13.59,13.6,13.62,13.63,13.64,13.65,13.66,13.67,13.68,13.69,10400,26600,31000,23700,22200,18100,38700,600,3900,5400,400,1200,28400,5500,10700,15100,2700,6000,26900,6000
5776.0,13.59,11008800,148928484.0,13.57,13.56,13.55,13.54,13.53,13.52,13.51,13.5,13.49,13.48,13.59,13.6,13.62,13.63,13.64,13.65,13.66,13.67,13.68,13.69,500,10400,26600,31000,23700,22200,18100,38700,600,3900,400,1200,28400,5500,10700,15100,2700,6000,26900,6000
5777.0,13.59,11008800,148928484.0,13.57,13.56,13.55,13.54,13.53,13.52,13.51,13.5,13.49,13.48,13.59,13.6,13.62,13.63,13.64,13.65,13.66,13.67,13.68,13.69,500,10400,26600,31000,23700,22200,18100,38700,600,3900,400,1200,28400,5500,10700,15100,2700,6000,26900,6000
5778.0,13.59,11008800,148928484.0,13.57,13.56,13.55,13.54,13.53,13.52,13.51,13.5,13.49,13.48,13.59,13.6,13.62,13.63,13.64,13.65,13.66,13.67,13.68,13.69,500,10400,26600,31000,23700,22200,18100,38700,600,3900,400,1200,28400,5500,10700,15100,2700,6000,26900,6000
5779.0,13.59,11008800,148928484.0,13.57,13.56,13.55,13.54,13.53,13.52,13.51,13.5,13.49,13.48,13.59,13.6,13.62,13.63,13.64,13.65,13.66,13.67,13.68,13.69,500,10400,26600,31000,23700,22200,18100,38700,600,3900,400,1200,28400,5500,10700,15100,2700,6000,26900,6000
5780.0,13.59,11008800,148928484.0,13.57,13.56,13.55,13.54,13.53,13.52,13.51,13.5,13.49,13.48,13.59,13.6,13.62,13.63,13.64,13.65,13.66,13.67,13.68,13.69,500,10600,26600,31000,23700,22200,18100,38700,600,3900,400,1200,28400,5500,10700,15100,2700,6000,26900,6000
5781.0,13.59,11008800,148928484.0,13.57,13.56,13.55,13.54,13.53,13.52,13.51,13.5,13.49,13.48,13.59,13.6,13.62,13.63,13.64,13.65,13.66,13.67,13.68,13.69,500,10600,26600,31000,23700,22200,18100,38700,600,3900,400,1200,28400,5500,10700,15100,2700,6000,26900,6000
5782.0,13.59,11008800,148928484.0,13.57,13.56,13.55,13.54,13.53,13.52,13.51,13.5,13.49,13.48,13.59,13.6,13.62,13.63,13.64,13.65,13.66,13.67,13.68,13.69,500,10600,26600,31000,23700,22200,18100,38700,600,3900,400,1200,28400,5500,10700,15100,2700,6000,26900,6000
5783.0,13.56,11011100,148959677.0,13.56,13.55,13.54,13.53,13.52,13.51,13.5,13.49,13.48,13.47,13.59,13.6,13.62,13.63,13.64,13.65,13.66,13.67,13.68,13.69,8800,26600,31000,23700,22200,18100,38700,600,3900,5400,400,1200,28400,5500,10700,15100,2700,6000,26900,6000
5784.0,13.56,11011100,148959677.0,13.56,13.55,13.54,13.53,13.52,13.51,13.5,13.49,13.48,13.47,13.59,13.6,13.62,13.63,13.64,13.65,13.66,13.67,13.68,13.69,8800,26600,31000,23700,22200,18100,38700,600,3900,5400,400,1200,28400,5500,10700,15100,2700,6000,26900,6000
5785.0,13.56,11011100,148959677.0,13.56,13.55,13.54,13.53,13.52,13.51,13.5,13.49,13.48,13.47,13.59,13.6,13.62,13.63,13.64,13.65,13.66,13.67,13.68,13.69,8800,26600,31000,23700,22200,18100,38700,600,3900,5400,400,1200,28400,5500,10700,15100,2700,6000,26900,6000
5786.0,13.56,11011100,148959677.0,13.56,13.55,13.54,13.53,13.52,13.51,13.5,13.49,13.48,13.47,13.59,13.6,13.62,13.63,13.64,13.65,13.66,13.67,13.68,13.69,8800,26600,31000,23700,22200,18100,38700,600,3900,5400,400,1200,28400,5500,10700,15100,2700,6000,26900,6000
5787.0,13.56,11011100,148959677.0,13.57,13.56,13.55,13.54,13.53,13.52,13.51,13.5,13.49,13.48,13.58,13.59,13.6,13.62,13.63,13.64,13.65,13.66,13.67,13.68,1000,8800,26600,31000,23700,22200,18100,38700,600,3900,2000,400,1200,28400,5500,10700,15100,2700,6000,26900
5788.0,13.58,11011300,148962393.0,13.57,13.56,13.55,13.54,13.53,13.52,13.51,13.5,13.49,13.48,13.58,13.59,13.6,13.62,13.63,13.64,13.65,13.66,13.67,13.68,1000,8800,26600,31000,23700,22200,18100,38700,600,3900,1800,400,1200,28400,5500,10700,15100,2700,6000,26900
5789.0,13.58,11011600,148966467.0,13.57,13.56,13.55,13.54,13.53,13.52,13.51,13.5,13.49,13.48,13.58,13.59,13.6,13.62,13.63,13.64,13.65,13.66,13.67,13.68,1000,8800,26600,31000,23700,22200,18100,38700,600,3900,1500,400,1200,28400,5500,10700,15100,2700,6000,26900
5790.0,13.58,11011700,148967825.0,13.57,13.56,13.55,13.54,13.53,13.52,13.51,13.5,13.49,13.48,13.58,13.59,13.6,13.62,13.63,13.64,13.65,13.66,13.67,13.68,1100,8800,26600,31000,23700,22200,18100,38700,600,3900,1400,400,1200,28400,5500,10700,15100,2700,6000,26900
5791.0,13.58,11011800,148969183.0,13.57,13.56,13.55,13.54,13.53,13.52,13.51,13.5,13.49,13.48,13.58,13.59,13.6,13.62,13.63,13.64,13.65,13.66,13.67,13.68,1100,8800,26600,31000,23700,22200,18100,38700,600,3900,1300,400,1200,28400,5500,10700,15100,2700,6000,26900
5792.0,13.58,11011800,148969183.0,13.57,13.56,13.55,13.54,13.53,13.52,13.51,13.5,13.49,13.48,13.58,13.59,13.6,13.62,13.63,13.64,13.65,13.66,13.67,13.68,1100,8800,26600,31900,23700,22200,18100,38700,600,3900,1300,400,1200,28400,5500,10700,15100,2700,6000,26900
5793.0,13.58,11011800,148969183.0,13.57,13.56,13.55,13.54,13.53,13.52,13.51,13.5,13.49,13.48,13.58,13.59,13.6,13.62,13.63,13.64,13.65,13.66,13.67,13.68,1100,8800,26600,31900,23700,22200,18100,38700,600,3900,1500,400,1200,28400,5500,10700,15100,2700,6000,26900
5794.0,13.57,11013000,148985468.0,13.56,13.55,13.54,13.53,13.52,13.51,13.5,13.49,13.48,13.47,13.57,13.58,13.59,13.6,13.62,13.63,13.64,13.65,13.66,13.67,8800,26600,31900,23700,22200,18100,38700,600,3900,5400,700,1400,400,1200,28400,5500,10700,15100,2700,6000
5795.0,13.57,11013000,148985468.0,13.56,13.55,13.54,13.53,13.52,13.51,13.5,13.49,13.48,13.47,13.57,13.58,13.59,13.6,13.62,13.63,13.64,13.65,13.66,13.67,8800,26600,31900,23700,22200,18100,38700,600,3900,5400,700,1400,400,1200,28400,5500,10700,15100,2700,6000
5796.0,13.57,11013000,148985468.0,13.56,13.55,13.54,13.53,13.52,13.51,13.5,13.49,13.48,13.47,13.57,13.58,13.59,13.6,13.62,13.63,13.64,13.65,13.66,13.67,8800,26600,30700,23700,22200,18100,38700,600,3900,5400,700,1400,400,1200,28400,5500,10700,15100,2700,6000
5797.0,13.57,11013000,148985468.0,13.56,13.55,13.54,13.53,13.52,13.51,13.5,13.49,13.48,13.47,13.57,13.58,13.59,13.6,13.62,13.63,13.64,13.65,13.66,13.67,8800,26600,30700,23700,22200,18100,38700,600,3900,5400,700,1400,400,1200,28400,5500,10700,15100,2700,6000
5798.0,13.57,11013000,148985468.0,13.56,13.55,13.54,13.53,13.52,13.51,13.5,13.49,13.48,13.47,13.57,13.58,13.59,13.6,13.62,13.63,13.64,13.65,13.66,13.67,8800,26600,30700,23700,22200,18100,38700,600,3900,5400,700,1400,400,1000,28400,5500,10700,15100,2700,6000
5799.0,13.57,11013000,148985468.0,13.56,13.55,13.54,13.53,13.52,13.51,13.5,13.49,13.48,13.47,13.57,13.58,13.59,13.6,13.62,13.63,13.64,13.65,13.66,13.67,8800,27600,30700,23700,22200,18100,38700,600,3900,5400,700,1400,400,1000,28400,5500,10700,15100,2700,6000
5800.0,13.57,11013700,148994967.0,13.57,13.56,13.55,13.54,13.53,13.52,13.51,13.5,13.49,13.48,13.58,13.59,13.6,13.62,13.63,13.64,13.65,13.66,13.67,13.68,1200,8800,28100,31100,23700,22200,18100,38700,600,3900,1400,400,1000,28400,5500,10700,15100,2700,6000,26900
5801.0,13.57,11013700,148994967.0,13.57,13.56,13.55,13.54,13.53,13.52,13.51,13.5,13.49,13.48,13.58,13.59,13.6,13.62,13.63,13.64,13.65,13.66,13.67,13.68,5300,8800,28100,31100,23700,22200,18100,38700,600,3900,1400,400,1000,28400,5500,10700,15100,2700,6000,26900
5802.0,13.57,11013700,148994967.0,13.57,13.56,13.55,13.54,13.53,13.52,13.51,13.5,13.49,13.48,13.58,13.59,13.6,13.62,13.63,13.64,13.65,13.66,13.67,13.68,5600,8800,28100,32100,23700,22200,18100,38700,600,3900,1400,400,1000,28400,5500,10700,15100,2700,6000,26900
5803.0,13.58,11013800,148996325.0,13.57,13.56,13.55,13.54,13.53,13.52,13.51,13.5,13.49,13.48,13.58,13.59,13.6,13.62,13.63,13.64,13.65,13.66,13.67,13.68,6800,8800,28100,32100,23700,22200,18100,38700,600,3900,1300,400,1000,28400,5500,10700,15100,2700,6000,26900
5804.0,13.57,11014600,149007182.0,13.57,13.56,13.55,13.54,13.53,13.52,13.51,13.5,13.49,13.48,13.58,13.59,13.6,13.62,13.63,13.64,13.65,13.66,13.67,13.68,2000,8800,28100,32100,22500,22400,19200,38700,600,3900,1200,400,1000,28400,5500,10700,15100,2700,6000,26900
5805.0,13.57,11014800,149009896.0,13.57,13.56,13.55,13.54,13.53,13.52,13.51,13.5,13.49,13.48,13.58,13.59,13.6,13.62,13.63,13.64,13.65,13.66,13.67,13.68,1800,8800,28100,32100,22500,22400,19200,38700,600,3900,1200,400,1000,28400,5500,10700,15100,2700,6000,26900
5806.0,13.58,11014900,149011254.0,13.57,13.56,13.55,13.54,13.53,13.52,13.51,13.5,13.49,13.48,13.58,13.59,13.6,13.62,13.63,13.64,13.65,13.66,13.67,13.68,1800,8800,28100,32100,22500,22400,19200,38700,600,3900,1100,400,1000,28400,5500,10700,15100,2700,6000,26900
5807.0,13.58,11014900,149011254.0,13.57,13.56,13.55,13.54,13.53,13.52,13.51,13.5,13.49,13.48,13.58,13.59,13.6,13.62,13.63,13.64,13.65,13.66,13.67,13.68,1800,8800,28100,34100,22500,22400,19200,38700,600,3900,1100,400,1000,28400,5500,10700,15100,2700,6000,26900
5808.0,13.58,11014900,149011254.0,13.57,13.56,13.55,13.54,13.53,13.52,13.51,13.5,13.49,13.48,13.58,13.59,13.6,13.62,13.63,13.64,13.65,13.66,13.67,13.68,1800,8800,28100,34100,22500,22400,19200,38700,600,3900,1100,400,1000,28400,5500,10700,15100,2700,6000,26900
5809.0,13.58,11016000,149026192.0,13.58,13.57,13.56,13.55,13.54,13.53,13.52,13.51,13.5,13.49,13.59,13.6,13.62,13.63,13.64,13.65,13.66,13.67,13.68,13.69,2500,2100,8800,28100,35100,22500,22400,19200,38700,600,400,1000,28400,5500,10700,15100,2700,6000,26900,6000
5810.0,13.57,11021800,149104923.0,13.57,13.56,13.55,13.54,13.53,13.52,13.51,13.5,13.49,13.48,13.59,13.6,13.62,13.63,13.64,13.65,13.66,13.67,13.68,13.69,2700,19000,28100,35100,22500,22400,19200,38700,600,3900,400,1000,28400,5500,10700,15100,2700,6000,26900,6000
5811.0,13.57,11021800,149104923.0,13.57,13.56,13.55,13.54,13.53,13.52,13.51,13.5,13.49,13.48,13.59,13.6,13.62,13.63,13.64,13.65,13.66,13.67,13.68,13.69,2700,19000,28100,34700,22500,22400,19200,38700,600,3900,400,1000,28400,5500,10700,15100,2700,6000,26900,6000
5812.0,13.57,11021800,149104923.0,13.58,13.57,13.56,13.55,13.54,13.53,13.52,13.51,13.5,13.49,13.59,13.6,13.62,13.63,13.64,13.65,13.66,13.67,13.68,13.69,4000,3200,19000,28100,34700,22500,22400,19200,38700,600,400,1000,28400,5500,10700,15100,2700,6000,26900,6000
5813.0,13.57,11021800,149104923.0,13.58,13.57,13.56,13.55,13.54,13.53,13.52,13.51,13.5,13.49,13.59,13.6,13.62,13.63,13.64,13.65,13.66,13.67,13.68,13.69,4000,3200,19000,28100,34700,22500,22400,19200,38700,600,400,1000,28400,5500,10700,15100,2700,6000,26900,6000
5814.0,13.57,11021800,149104923.0,13.58,13.57,13.56,13.55,13.54,13.53,13.52,13.51,13.5,13.49,13.59,13.6,13.62,13.63,13.64,13.65,13.66,13.67,13.68,13.69,4000,3200,19000,28100,34700,20500,22400,19200,38700,600,400,1000,28400,5500,10700,15100,2700,6000,26900,6000
5815.0,13.57,11021800,149104923.0,13.58,13.57,13.56,13.55,13.54,13.53,13.52,13.51,13.5,13.49,13.59,13.6,13.62,13.63,13.64,13.65,13.66,13.67,13.68,13.69,4000,3200,19000,28100,34700,20500,22400,19200,38700,600,400,1000,28400,5500,10700,15100,2700,6000,26900,6000
5816.0,13.57,11021800,149104923.0,13.58,13.57,13.56,13.55,13.54,13.53,13.52,13.51,13.5,13.49,13.59,13.6,13.62,13.63,13.64,13.65,13.66,13.67,13.68,13.69,4000,2200,19000,28100,34700,20500,22900,19200,38700,600,400,1000,28400,5500,10700,15100,2700,6000,26900,6000
5817.0,13.57,11021800,149104923.0,13.58,13.57,13.56,13.55,13.54,13.53,13.52,13.51,13.5,13.49,13.59,13.6,13.62,13.63,13.64,13.65,13.66,13.67,13.68,13.69,4000,2200,19000,28100,34700,20500,22900,19200,38700,600,400,1000,28400,5500,10700,15100,2700,6000,26900,6000
5818.0,13.57,11021800,149104923.0,13.58,13.57,13.56,13.55,13.54,13.53,13.52,13.51,13.5,13.49,13.59,13.6,13.62,13.63,13.64,13.65,13.66,13.67,13.68,13.69,4000,2200,19000,28100,34700,21600,22900,19200,38700,600,400,1000,28400,5500,10700,15100,2700,6000,26900,6000
5819.0,13.57,11021800,149104923.0,13.58,13.57,13.56,13.55,13.54,13.53,13.52,13.51,13.5,13.49,13.59,13.6,13.62,13.63,13.64,13.65,13.66,13.67,13.68,13.69,4000,2200,19000,28100,34700,21600,22900,19200,38800,600,400,1000,28400,5500,10700,15100,2700,6000,26900,6000
5820.0,13.58,11023100,149122577.0,13.58,13.57,13.56,13.55,13.54,13.53,13.52,13.51,13.5,13.49,13.59,13.6,13.62,13.63,13.64,13.65,13.66,13.67,13.68,13.69,2700,2700,19000,30100,34700,21600,22900,19200,38800,600,400,1000,28400,5500,10700,15100,2700,6000,26900,6000
5821.0,13.58,11024100,149136157.0,13.58,13.57,13.56,13.55,13.54,13.53,13.52,13.51,13.5,13.49,13.59,13.6,13.62,13.63,13.64,13.65,13.66,13.67,13.68,13.69,1700,2700,19000,30100,34700,21600,22900,19200,38800,600,400,1000,28400,5500,10700,15100,2700,6000,26900,6000
5822.0,13.57,11026100,149163314.0,13.58,13.57,13.56,13.55,13.54,13.53,13.52,13.51,13.5,13.49,13.59,13.6,13.62,13.63,13.64,13.65,13.66,13.67,13.68,13.69,2500,2400,19000,30100,34700,21600,22900,19200,38800,600,400,1000,28400,5500,10700,15100,2700,6000,26900,6000
5823.0,13.57,11026100,149163314.0,13.58,13.57,13.56,13.55,13.54,13.53,13.52,13.51,13.5,13.49,13.59,13.6,13.62,13.63,13.64,13.65,13.66,13.67,13.68,13.69,2500,2400,19000,30100,34700,21600,22900,19200,38800,600,400,1000,28400,5500,10700,15100,2700,6000,26900,6000
5824.0,13.59,11026500,149168750.0,13.59,13.58,13.57,13.56,13.55,13.54,13.53,13.52,13.51,13.5,13.6,13.62,13.63,13.64,13.65,13.66,13.67,13.68,13.69,13.7,2400,2500,2400,19000,30100,34700,21600,22900,19200,38800,1000,28400,5500,10700,15100,2700,6000,26900,6000,35100
5825.0,13.6,11026600,149170110.0,13.59,13.58,13.57,13.56,13.55,13.54,13.53,13.52,13.51,13.5,13.6,13.62,13.63,13.64,13.65,13.66,13.67,13.68,13.69,13.7,2400,2500,2400,19000,30100,34700,21600,22900,19200,38800,900,28400,5500,10700,15100,2700,6000,26900,6000,35100
5826.0,13.6,11026600,149170110.0,13.59,13.58,13.57,13.56,13.55,13.54,13.53,13.52,13.51,13.5,13.6,13.62,13.63,13.64,13.65,13.66,13.67,13.68,13.69,13.7,2400,2500,2400,19000,30100,34700,21600,22900,19200,38800,900,28400,5500,10700,15100,2700,6000,26900,6000,35100
5827.0,13.6,11026600,149170110.0,13.59,13.58,13.57,13.56,13.55,13.54,13.53,13.52,13.51,13.5,13.6,13.62,13.63,13.64,13.65,13.66,13.67,13.68,13.69,13.7,2400,2500,2400,19000,30100,34700,21600,22900,19200,38800,900,28400,5500,11100,15100,2700,6000,26900,6000,35100
5828.0,13.6,11026600,149170110.0,13.59,13.58,13.57,13.56,13.55,13.54,13.53,13.52,13.51,13.5,13.6,13.62,13.63,13.64,13.65,13.66,13.67,13.68,13.69,13.7,2400,3300,2400,19000,30100,34700,21600,22900,19200,38800,900,28400,5500,11100,15100,2700,6000,26900,6000,35100
5829.0,13.6,11026600,149170110.0,13.59,13.58,13.57,13.56,13.55,13.54,13.53,13.52,13.51,13.5,13.6,13.62,13.63,13.64,13.65,13.66,13.67,13.68,13.69,13.7,2400,3300,4700,19000,30100,34700,21600,22900,19200,38800,900,28400,5500,11100,15100,2700,6000,26900,6000,35100
5830.0,13.6,11026600,149170110.0,13.59,13.58,13.57,13.56,13.55,13.54,13.53,13.52,13.51,13.5,13.6,13.62,13.63,13.64,13.65,13.66,13.67,13.68,13.69,13.7,2400,3300,4700,19000,30100,34700,21600,22900,19200,38800,900,28400,5500,11100,15100,2800,6000,26900,6000,35100
5831.0,13.6,11026600,149170110.0,13.59,13.58,13.57,13.56,13.55,13.54,13.53,13.52,13.51,13.5,13.6,13.62,13.63,13.64,13.65,13.66,13.67,13.68,13.69,13.7,2400,3300,4700,19000,30100,34700,21600,22900,19500,38800,900,28400,5500,11100,15100,2800,6000,26900,6000,35100
5832.0,13.6,11026600,149170110.0,13.59,13.58,13.57,13.56,13.55,13.54,13.53,13.52,13.51,13.5,13.6,13.62,13.63,13.64,13.65,13.66,13.67,13.68,13.69,13.7,2400,3300,4700,19000,30100,34700,21600,22900,19500,38800,900,28400,5500,11100,15100,2800,6000,26900,6000,35100
5833.0,13.6,11026700,149171470.0,13.59,13.58,13.57,13.56,13.55,13.54,13.53,13.52,13.51,13.5,13.6,13.62,13.63,13.64,13.65,13.66,13.67,13.68,13.69,13.7,2400,3300,4700,19000,30100,34700,21600,22300,19500,38800,800,28400,5500,11100,15100,2800,6000,26900,6000,35100
5834.0,13.6,11026700,149171470.0,13.59,13.58,13.57,13.56,13.55,13.54,13.53,13.52,13.51,13.5,13.6,13.62,13.63,13.64,13.65,13.66,13.67,13.68,13.69,13.7,2400,3300,4700,19000,30100,34700,21600,22300,19500,38800,800,28400,5500,11100,15100,2800,6000,26900,6000,35100
5835.0,13.6,11026800,149172830.0,13.59,13.58,13.57,13.56,13.55,13.54,13.53,13.52,13.51,13.5,13.6,13.62,13.63,13.64,13.65,13.66,13.67,13.68,13.69,13.7,2400,3300,4700,19000,30100,34700,21600,22300,19500,38800,700,28400,5500,11100,15100,2800,6000,26900,6000,35100
5836.0,13.6,11026800,149172830.0,13.59,13.58,13.57,13.56,13.55,13.54,13.53,13.52,13.51,13.5,13.6,13.62,13.63,13.64,13.65,13.66,13.67,13.68,13.69,13.7,2400,3300,4700,19000,30100,34700,21600,22300,19500,38800,700,28400,5500,11100,15100,2800,6000,26900,6000,35100
5837.0,13.6,11026800,149172830.0,13.59,13.58,13.57,13.56,13.55,13.54,13.53,13.52,13.51,13.5,13.6,13.62,13.63,13.64,13.65,13.66,13.67,13.68,13.69,13.7,2400,3300,4700,19000,30100,34700,21600,22300,19500,38800,700,28400,5500,11100,15100,2800,6000,26900,6000,35100
5838.0,13.6,11026800,149172830.0,13.59,13.58,13.57,13.56,13.55,13.54,13.53,13.52,13.51,13.5,13.6,13.62,13.63,13.64,13.65,13.66,13.67,13.68,13.69,13.7,2400,3300,4700,19000,30100,34700,21600,22300,19500,38800,700,28400,5500,11100,15100,2800,6000,26900,6000,35100
5839.0,13.6,11026800,149172830.0,13.59,13.58,13.57,13.56,13.55,13.54,13.53,13.52,13.51,13.5,13.6,13.62,13.63,13.64,13.65,13.66,13.67,13.68,13.69,13.7,2400,3300,5700,19000,30100,34700,21600,22300,18400,38800,700,28400,5500,11100,15100,2800,6000,26900,6000,35100
5840.0,13.6,11026800,149172830.0,13.59,13.58,13.57,13.56,13.55,13.54,13.53,13.52,13.51,13.5,13.6,13.62,13.63,13.64,13.65,13.66,13.67,13.68,13.69,13.7,2400,3300,5700,19000,32100,34700,21600,22300,18400,38800,700,28400,5500,11100,15100,2800,6000,26900,6000,35100
5841.0,13.6,11026800,149172830.0,13.59,13.58,13.57,13.56,13.55,13.54,13.53,13.52,13.51,13.5,13.6,13.62,13.63,13.64,13.65,13.66,13.67,13.68,13.69,13.7,2400,3300,5700,19000,32100,34700,21600,22300,18400,38800,700,28400,5500,11100,15100,2800,6000,26900,6000,35100
5842.0,13.6,11026800,149172830.0,13.59,13.58,13.57,13.56,13.55,13.54,13.53,13.52,13.51,13.5,13.6,13.62,13.63,13.64,13.65,13.66,13.67,13.68,13.69,13.7,2400,3300,3400,19000,32100,34700,21700,22300,18400,38800,700,28400,5500,11100,15100,2800,6000,26900,6000,35100
5843.0,13.6,11027300,149179630.0,13.59,13.58,13.57,13.56,13.55,13.54,13.53,13.52,13.51,13.5,13.6,13.62,13.63,13.64,13.65,13.66,13.67,13.68,13.69,13.7,2400,3300,3400,19000,32100,34700,21700,22300,18400,38800,200,28400,5500,11100,15100,2800,6000,26900,6000,35100
5844.0,13.6,11027500,149182350.0,13.6,13.59,13.58,13.57,13.56,13.55,13.54,13.53,13.52,13.51,13.62,13.63,13.64,13.65,13.66,13.67,13.68,13.69,13.7,13.71,3200,2400,3300,3400,19000,32100,34700,20600,22300,18400,28400,5500,11100,15100,2800,6000,26900,6000,35100,15800
5845.0,13.62,11028900,149201418.0,13.6,13.59,13.58,13.57,13.56,13.55,13.54,13.53,13.52,13.51,13.62,13.63,13.64,13.65,13.66,13.67,13.68,13.69,13.7,13.71,3200,2400,3300,3400,19000,32100,34700,20600,22300,18400,27000,5500,11100,15100,2800,6000,26900,6000,35100,15800
5846.0,13.62,11029600,149210952.0,13.6,13.59,13.58,13.57,13.56,13.55,13.54,13.53,13.52,13.51,13.62,13.63,13.64,13.65,13.66,13.67,13.68,13.69,13.7,13.71,3200,2400,3300,3400,19000,32100,34700,20600,22300,18400,26300,5500,11100,15100,2800,6000,26900,6000,35100,15800
5847.0,13.62,11030300,149220486.0,13.6,13.59,13.58,13.57,13.56,13.55,13.54,13.53,13.52,13.51,13.62,13.63,13.64,13.65,13.66,13.67,13.68,13.69,13.7,13.71,3200,2400,3300,3400,19000,32100,34700,20600,22300,18400,25600,5500,11100,15100,2800,6000,26900,6000,35100,15800
5848.0,13.62,11030300,149220486.0,13.6,13.59,13.58,13.57,13.56,13.55,13.54,13.53,13.52,13.51,13.62,13.63,13.64,13.65,13.66,13.67,13.68,13.69,13.7,13.71,3200,2400,3300,2900,19000,32100,34700,20600,22300,18400,25600,5500,11100,15100,2800,6000,26900,6000,35100,15800
5849.0,13.62,11031000,149230020.0,13.6,13.59,13.58,13.57,13.56,13.55,13.54,13.53,13.52,13.51,13.62,13.63,13.64,13.65,13.66,13.67,13.68,13.69,13.7,13.71,3200,2400,3300,2900,19000,32100,34700,20600,22300,18400,24900,5500,11100,15100,2800,6000,26900,6000,35100,15800
5850.0,13.62,11031100,149231382.0,13.61,13.6,13.58,13.57,13.56,13.55,13.54,13.53,13.52,13.51,13.62,13.63,13.64,13.65,13.66,13.67,13.68,13.69,13.7,13.71,2800,12100,3300,2900,19000,32100,34700,20600,22300,18400,24800,5500,11100,15100,2800,6000,26900,6000,35100,15800
5851.0,13.62,11031100,149231382.0,13.61,13.6,13.58,13.57,13.56,13.55,13.54,13.53,13.52,13.51,13.62,13.63,13.64,13.65,13.66,13.67,13.68,13.69,13.7,13.71,2800,12100,3300,2900,19000,32100,34700,20600,22300,18400,24800,5500,11100,15100,2800,6000,26900,6000,35100,15800
5852.0,13.62,11031100,149231382.0,13.61,13.6,13.58,13.57,13.56,13.55,13.54,13.53,13.52,13.51,13.62,13.63,13.64,13.65,13.66,13.67,13.68,13.69,13.7,13.71,2800,12100,3300,2900,19000,32100,34700,20600,22300,18400,24800,7800,11100,15100,1200,6000,26900,6000,35100,15800
5853.0,13.62,11031800,149240916.0,13.61,13.6,13.58,13.57,13.56,13.55,13.54,13.53,13.52,13.51,13.62,13.63,13.64,13.65,13.66,13.67,13.68,13.69,13.7,13.71,2800,12100,3300,2900,19000,32100,34700,20600,22300,18400,24100,7800,11100,15100,1200,6000,26900,6000,35100,15800
5854.0,13.62,11045900,149432958.0,13.61,13.6,13.59,13.58,13.57,13.56,13.55,13.54,13.53,13.52,13.62,13.63,13.64,13.65,13.66,13.67,13.68,13.69,13.7,13.71,2800,14300,400,3300,3900,19000,32100,34700,20600,22300,10000,7800,11100,15100,1200,6000,26900,6000,35100,15800
5855.0,13.61,11047500,149454748.0,13.61,13.6,13.59,13.58,13.57,13.56,13.55,13.54,13.53,13.52,13.62,13.63,13.64,13.65,13.66,13.67,13.68,13.69,13.7,13.71,2600,14300,400,3300,5000,19000,32100,34700,20600,22300,8600,7800,11100,15100,1200,6000,26900,6000,35100,15800
5856.0,13.61,11047500,149454748.0,13.61,13.6,13.59,13.58,13.57,13.56,13.55,13.54,13.53,13.52,13.62,13.63,13.64,13.65,13.66,13.67,13.68,13.69,13.7,13.71,2600,14300,400,3300,5000,19000,32100,34700,20600,22300,8600,7800,11100,12800,1200,6000,26900,6000,35100,15800
5857.0,13.62,11049700,149484712.0,13.61,13.6,13.59,13.58,13.57,13.56,13.55,13.54,13.53,13.52,13.62,13.63,13.64,13.65,13.66,13.67,13.68,13.69,13.7,13.71,2600,14300,400,3300,5000,19000,32100,47700,20600,22300,6400,7800,11100,12800,1200,6000,26900,6000,35100,15800
5858.0,13.62,11049700,149484712.0,13.61,13.6,13.59,13.58,13.57,13.56,13.55,13.54,13.53,13.52,13.62,13.63,13.64,13.65,13.66,13.67,13.68,13.69,13.7,13.71,2600,14300,400,3300,5000,19000,32100,47700,20600,22300,6400,7800,12600,12800,100,6000,26900,6000,35100,15800
5859.0,13.62,11049700,149484712.0,13.61,13.6,13.59,13.58,13.57,13.56,13.55,13.54,13.53,13.52,13.62,13.63,13.64,13.65,13.66,13.67,13.68,13.69,13.7,13.71,2600,14300,400,3300,5000,19000,32100,47700,20600,22300,6400,7800,12200,12800,100,6000,26900,6000,35000,15800
5860.0,13.62,11049700,149484712.0,13.61,13.6,13.59,13.58,13.57,13.56,13.55,13.54,13.53,13.52,13.62,13.63,13.64,13.65,13.66,13.67,13.68,13.69,13.7,13.71,2600,12100,400,3300,5000,19000,32100,47700,20600,22300,6400,7800,11400,12800,100,6000,26900,6000,35000,15800
5861.0,13.62,11050500,149495608.0,13.61,13.6,13.59,13.58,13.57,13.56,13.55,13.54,13.53,13.52,13.62,13.63,13.64,13.65,13.66,13.67,13.68,13.69,13.7,13.71,2600,12100,400,3300,5000,19000,32100,47700,20600,22300,5600,9100,10100,12800,100,6000,26900,6000,35000,15800
5862.0,13.62,11056000,149570518.0,13.61,13.6,13.59,13.58,13.57,13.56,13.55,13.54,13.53,13.52,13.62,13.63,13.64,13.65,13.66,13.67,13.68,13.69,13.7,13.71,2600,12600,400,3300,5000,19000,32100,47700,20600,22300,100,9100,10100,12800,100,6000,26900,6000,34700,15800
5863.0,13.62,11056000,149570518.0,13.61,13.6,13.59,13.58,13.57,13.56,13.55,13.54,13.53,13.52,13.62,13.63,13.64,13.65,13.66,13.67,13.68,13.69,13.7,13.71,2600,12600,400,3300,5000,19000,32100,47700,20600,22300,100,9100,10100,12800,100,6000,26900,6000,34700,15800
5864.0,13.62,11056000,149570518.0,13.61,13.6,13.59,13.58,13.57,13.56,13.55,13.54,13.53,13.52,13.62,13.63,13.64,13.65,13.66,13.67,13.68,13.69,13.7,13.71,2600,12600,400,3300,5000,19000,32100,47700,20600,22300,100,9100,10100,12800,100,6000,26900,6000,34700,15800
5865.0,13.62,11056000,149570518.0,13.61,13.6,13.59,13.58,13.57,13.56,13.55,13.54,13.53,13.52,13.62,13.63,13.64,13.65,13.66,13.67,13.68,13.69,13.7,13.71,3000,14900,400,800,5000,19000,32100,47700,20600,22300,100,9100,10100,12800,100,6000,26900,6000,34700,15800
5866.0,13.63,11060500,149631852.0,13.61,13.6,13.59,13.58,13.57,13.56,13.55,13.54,13.53,13.52,13.63,13.64,13.65,13.66,13.67,13.68,13.69,13.7,13.71,13.72,3000,14900,400,800,5000,19000,32100,47700,20600,22300,4700,10100,12800,100,6000,26900,6000,34700,15800,5900
5867.0,13.63,11060500,149631852.0,13.61,13.6,13.59,13.58,13.57,13.56,13.55,13.54,13.53,13.52,13.63,13.64,13.65,13.66,13.67,13.68,13.69,13.7,13.71,13.72,3000,14900,400,800,5000,19000,32100,47700,20600,22300,4700,10100,12800,100,6000,26900,6000,34700,15800,5900
5868.0,13.63,11060900,149637304.0,13.61,13.6,13.59,13.58,13.57,13.56,13.55,13.54,13.53,13.52,13.63,13.64,13.65,13.66,13.67,13.68,13.69,13.7,13.71,13.72,3000,14900,400,800,5000,19000,32100,47700,20600,22300,4300,10100,12800,100,6000,26900,6000,34700,15800,5900
5869.0,13.63,11060900,149637304.0,13.61,13.6,13.59,13.58,13.57,13.56,13.55,13.54,13.53,13.52,13.63,13.64,13.65,13.66,13.67,13.68,13.69,13.7,13.71,13.72,3000,14900,400,800,5000,19000,32100,47700,20600,22300,4300,10100,12800,100,6000,26900,6000,34700,15800,5900
5870.0,13.63,11060900,149637304.0,13.61,13.6,13.59,13.58,13.57,13.56,13.55,13.54,13.53,13.52,13.63,13.64,13.65,13.66,13.67,13.68,13.69,13.7,13.71,13.72,3000,14900,400,800,5000,19000,32100,47700,20600,22300,4300,10100,12800,100,6000,26900,6000,34700,15800,5900
5871.0,13.63,11061200,149641393.0,13.61,13.6,13.59,13.58,13.57,13.56,13.55,13.54,13.53,13.52,13.63,13.64,13.65,13.66,13.67,13.68,13.69,13.7,13.71,13.72,3000,14900,400,800,5000,19000,32100,47700,20600,22300,4000,10100,12800,100,6000,26900,6000,34700,15800,5900
5872.0,13.63,11061200,149641393.0,13.61,13.6,13.59,13.58,13.57,13.56,13.55,13.54,13.53,13.52,13.63,13.64,13.65,13.66,13.67,13.68,13.69,13.7,13.71,13.72,3000,14900,400,800,5000,19000,32100,47700,18200,22300,4000,11100,12800,100,6000,26900,6000,34700,15800,5900
5873.0,13.63,11061200,149641393.0,13.61,13.6,13.59,13.58,13.57,13.56,13.55,13.54,13.53,13.52,13.63,13.64,13.65,13.66,13.67,13.68,13.69,13.7,13.71,13.72,3000,14900,400,800,5000,19000,32100,47700,18200,22300,4000,11100,12800,100,6000,26900,6000,34700,15800,5900
5874.0,13.63,11061200,149641393.0,13.61,13.6,13.59,13.58,13.57,13.56,13.55,13.54,13.53,13.52,13.63,13.64,13.65,13.66,13.67,13.68,13.69,13.7,13.71,13.72,3000,14900,400,800,5000,19000,32100,47700,18200,22300,4000,11100,12800,100,6000,26900,6000,34700,15800,6000
5875.0,13.63,11061600,149646845.0,13.61,13.6,13.59,13.58,13.57,13.56,13.55,13.54,13.53,13.52,13.63,13.64,13.65,13.66,13.67,13.68,13.69,13.7,13.71,13.72,3000,14900,400,800,5000,19000,32100,47700,18200,22300,3600,11100,12800,100,6000,26900,6000,34400,15800,6000
5876.0,13.63,11061800,149649571.0,13.61,13.6,13.59,13.58,13.57,13.56,13.55,13.54,13.53,13.52,13.63,13.64,13.65,13.66,13.67,13.68,13.69,13.7,13.71,13.72,3000,14400,400,800,5000,19000,32100,47700,18200,22300,3400,11100,12800,100,6000,26900,6000,34400,15800,6000
5877.0,13.63,11062700,149661832.0,13.61,13.6,13.59,13.58,13.57,13.56,13.55,13.54,13.53,13.52,13.63,13.64,13.65,13.66,13.67,13.68,13.69,13.7,13.71,13.72,2700,12100,400,800,5000,19000,32100,47700,18200,22300,2800,11100,12800,100,6000,26900,6000,35400,15800,6000
5878.0,13.63,11062700,149661832.0,13.61,13.6,13.59,13.58,13.57,13.56,13.55,13.54,13.53,13.52,13.63,13.64,13.65,13.66,13.67,13.68,13.69,13.7,13.71,13.72,2700,12100,400,800,5000,19000,32100,47700,18200,22300,2800,11100,12800,100,6000,26900,6000,35400,15800,6000
5879.0,13.63,11062700,149661832.0,13.61,13.6,13.59,13.58,13.57,13.56,13.55,13.54,13.53,13.52,13.63,13.64,13.65,13.66,13.67,13.68,13.69,13.7,13.71,13.72,2700,12100,400,800,5000,19000,32100,47700,18200,22300,2800,13500,13100,100,6500,26900,6000,35400,15800,6000
5880.0,13.61,11062900,149664554.0,13.61,13.6,13.59,13.58,13.57,13.56,13.55,13.54,13.53,13.52,13.63,13.64,13.65,13.66,13.67,13.68,13.69,13.7,13.71,13.72,2500,12100,400,800,5000,19000,32100,47700,18200,22300,2800,13500,13100,100,6500,26900,6000,35400,15800,6000
5881.0,13.63,11063200,149668643.0,13.61,13.6,13.59,13.58,13.57,13.56,13.55,13.54,13.53,13.52,13.63,13.64,13.65,13.66,13.67,13.68,13.69,13.7,13.71,13.72,2500,12100,400,800,5000,19000,32100,47700,18200,22300,2500,18500,13100,100,6500,26900,6000,35400,15800,6000
5882.0,13.63,11065200,149695899.0,13.61,13.6,13.59,13.58,13.57,13.56,13.55,13.54,13.53,13.52,13.63,13.64,13.65,13.66,13.67,13.68,13.69,13.7,13.71,13.72,2300,12100,400,800,5000,19000,32100,47700,18200,22300,700,18500,13100,100,6500,26900,6000,35400,15800,6000
5883.0,13.64,11066300,149710896.0,13.61,13.6,13.59,13.58,13.57,13.56,13.55,13.54,13.53,13.52,13.64,13.65,13.66,13.67,13.68,13.69,13.7,13.71,13.72,13.73,1400,12100,400,800,5000,19000,32100,47700,17300,22300,18100,13100,400,6500,26900,6000,35400,15800,6000,34900
5884.0,13.64,11066400,149712260.0,13.61,13.6,13.59,13.58,13.57,13.56,13.55,13.54,13.53,13.52,13.64,13.65,13.66,13.67,13.68,13.69,13.7,13.71,13.72,13.73,900,12100,400,800,5000,19000,32100,47700,17300,22300,18500,13100,400,6500,26900,6000,35400,15800,6000,34900
5885.0,13.64,11066800,149717716.0,13.61,13.6,13.59,13.58,13.57,13.56,13.55,13.54,13.53,13.52,13.64,13.65,13.66,13.67,13.68,13.69,13.7,13.71,13.72,13.73,900,12100,400,800,5000,19000,32100,47700,17300,22300,18100,13100,400,6500,26900,6000,35400,15800,6000,34900
5886.0,13.64,11066800,149717716.0,13.61,13.6,13.59,13.58,13.57,13.56,13.55,13.54,13.53,13.52,13.64,13.65,13.66,13.67,13.68,13.69,13.7,13.71,13.72,13.73,1100,12100,400,800,5000,19000,32100,47700,17300,22300,18300,13100,400,6500,26900,6000,35400,15800,6000,34900
5887.0,13.64,11066800,149717716.0,13.61,13.6,13.59,13.58,13.57,13.56,13.55,13.54,13.53,13.52,13.64,13.65,13.66,13.67,13.68,13.69,13.7,13.71,13.72,13.73,1400,12100,400,800,5000,19000,32100,47700,17300,22300,18600,14000,400,6500,26900,6000,35400,15800,6000,34900
5888.0,13.63,11069500,149754535.0,13.61,13.6,13.59,13.58,13.57,13.56,13.55,13.54,13.53,13.52,13.63,13.64,13.65,13.66,13.67,13.68,13.69,13.7,13.71,13.72,1300,12100,400,800,5000,19000,32100,47700,17300,22300,600,16600,14000,400,6500,26900,6000,35400,15800,6000
5889.0,13.64,11073800,149813181.0,13.61,13.6,13.59,13.58,13.57,13.56,13.55,13.54,13.53,13.52,13.64,13.65,13.66,13.67,13.68,13.69,13.7,13.71,13.72,13.73,3300,12100,400,800,5000,19000,32100,47700,17300,22300,12900,14000,400,6500,26900,6000,35400,15800,6000,34900
5890.0,13.64,11073800,149813181.0,13.61,13.6,13.59,13.58,13.57,13.56,13.55,13.54,13.53,13.52,13.64,13.65,13.66,13.67,13.68,13.69,13.7,13.71,13.72,13.73,3300,12100,400,800,5000,19000,32100,47700,17300,22300,12900,14000,400,6500,26900,6000,36400,15800,6000,34900
5891.0,13.64,11076100,149844544.0,13.61,13.6,13.59,13.58,13.57,13.56,13.55,13.54,13.53,13.52,13.64,13.65,13.66,13.67,13.68,13.69,13.7,13.71,13.72,13.73,3500,12100,400,800,5000,19000,32100,47700,17300,22300,15200,14000,400,6500,26900,6000,36400,15800,6000,34900
5892.0,13.64,11076100,149844544.0,13.61,13.6,13.59,13.58,13.57,13.56,13.55,13.54,13.53,13.52,13.64,13.65,13.66,13.67,13.68,13.69,13.7,13.71,13.72,13.73,3500,12100,400,800,5000,19000,32100,47700,17300,22300,15200,14000,400,6700,26900,6000,36400,15800,6000,34900
5893.0,13.64,11081000,149911380.0,13.61,13.6,13.59,13.58,13.57,13.56,13.55,13.54,13.53,13.52,13.64,13.65,13.66,13.67,13.68,13.69,13.7,13.71,13.72,13.73,3800,12100,400,800,5000,19000,32100,47700,17300,22300,10600,14000,400,6700,26900,6000,36400,15800,6000,34900
5894.0,13.61,11082000,149924990.0,13.61,13.6,13.59,13.58,13.57,13.56,13.55,13.54,13.53,13.52,13.64,13.65,13.66,13.67,13.68,13.69,13.7,13.71,13.72,13.73,3000,12100,400,800,5000,19000,32100,47700,17300,22300,10800,14000,400,6700,26900,6000,36400,15800,6000,34900
5895.0,13.61,11082000,149924990.0,13.61,13.6,13.59,13.58,13.57,13.56,13.55,13.54,13.53,13.52,13.64,13.65,13.66,13.67,13.68,13.69,13.7,13.71,13.72,13.73,3400,12100,400,800,5000,19000,32100,47700,17300,22300,11200,14000,400,6700,25400,6000,36400,15800,6000,34900
5896.0,13.61,11082000,149924990.0,13.61,13.6,13.59,13.58,13.57,13.56,13.55,13.54,13.53,13.52,13.64,13.65,13.66,13.67,13.68,13.69,13.7,13.71,13.72,13.73,3600,12100,400,800,5000,19000,32100,47700,17300,22300,11400,14000,400,6700,25400,6000,36400,15800,6000,34900
5897.0,13.64,11084500,149959081.0,13.61,13.6,13.59,13.58,13.57,13.56,13.55,13.54,13.53,13.52,13.64,13.65,13.66,13.67,13.68,13.69,13.7,13.71,13.72,13.73,3300,12100,400,800,5000,19000,32100,47700,17300,22300,9200,14000,400,6700,25400,6000,36400,15800,6000,34900
5898.0,13.64,11084500,149959081.0,13.61,13.6,13.59,13.58,13.57,13.56,13.55,13.54,13.53,13.52,13.64,13.65,13.66,13.67,13.68,13.69,13.7,13.71,13.72,13.73,3700,12100,400,800,5000,19000,32100,47700,17300,22300,9600,14000,400,6500,25400,6000,36400,15800,6000,34900
5899.0,13.64,11085900,149978177.0,13.61,13.6,13.59,13.58,13.57,13.56,13.55,13.54,13.53,13.52,13.64,13.65,13.66,13.67,13.68,13.69,13.7,13.71,13.72,13.73,3900,12100,400,800,5000,19000,32100,47700,17300,22300,8400,14000,400,6500,25400,6000,36400,15800,6000,34900
5900.0,13.61,11086200,149982260.0,13.61,13.6,13.59,13.58,13.57,13.56,13.55,13.54,13.53,13.52,13.64,13.65,13.66,13.67,13.68,13.69,13.7,13.71,13.72,13.73,4000,12100,400,800,5000,19000,32100,47700,17300,22300,8800,14000,400,6500,25400,6000,36400,15800,6000,34900
5901.0,13.61,11086200,149982260.0,13.61,13.6,13.59,13.58,13.57,13.56,13.55,13.54,13.53,13.52,13.64,13.65,13.66,13.67,13.68,13.69,13.7,13.71,13.72,13.73,4200,12100,400,800,5000,19000,32100,47700,17300,22300,9000,14000,400,6500,25400,6000,36400,15800,6000,34900
5902.0,13.64,11088900,150019088.0,13.61,13.6,13.59,13.58,13.57,13.56,13.55,13.54,13.53,13.52,13.64,13.65,13.66,13.67,13.68,13.69,13.7,13.71,13.72,13.73,4200,12100,400,800,5000,19000,32100,47700,17300,22300,6700,14000,400,6500,25400,6000,36400,15800,6000,34900
5903.0,13.61,11089500,150027260.0,13.61,13.6,13.59,13.58,13.57,13.56,13.55,13.54,13.53,13.52,13.64,13.65,13.66,13.67,13.68,13.69,13.7,13.71,13.72,13.73,4200,12100,400,800,5000,19000,32100,47700,17300,22300,6800,14000,1900,6500,25400,6000,36400,15800,6000,34900
5904.0,13.64,11090100,150035444.0,13.61,13.6,13.59,13.58,13.57,13.56,13.55,13.54,13.53,13.52,13.64,13.65,13.66,13.67,13.68,13.69,13.7,13.71,13.72,13.73,4500,12100,400,800,5000,19000,32100,47700,17300,22300,6200,14000,1900,6500,25400,6000,36400,15800,6000,34900
5905.0,13.64,11090100,150035444.0,13.61,13.6,13.59,13.58,13.57,13.56,13.55,13.54,13.53,13.52,13.64,13.65,13.66,13.67,13.68,13.69,13.7,13.71,13.72,13.73,4900,12100,400,800,5000,19000,32100,47700,17300,22300,6600,14000,1900,6500,25400,6000,36400,15800,6000,34900
5906.0,13.61,11090500,150040888.0,13.61,13.6,13.59,13.58,13.57,13.56,13.55,13.54,13.53,13.52,13.64,13.65,13.66,13.67,13.68,13.69,13.7,13.71,13.72,13.73,4800,12100,400,800,5000,19000,32100,47700,17300,22300,6900,14000,1900,6500,25400,6000,36400,15800,6000,34900
5907.0,13.61,11090500,150040888.0,13.61,13.6,13.59,13.58,13.57,13.56,13.55,13.54,13.53,13.52,13.64,13.65,13.66,13.67,13.68,13.69,13.7,13.71,13.72,13.73,5200,12100,400,800,5000,19000,32100,47700,17300,22300,7300,14000,1900,6500,25400,6000,36400,15800,6000,34900
5908.0,13.61,11090500,150040888.0,13.61,13.6,13.59,13.58,13.57,13.56,13.55,13.54,13.53,13.52,13.64,13.65,13.66,13.67,13.68,13.69,13.7,13.71,13.72,13.73,5500,12100,400,800,5000,19000,32100,47700,17300,22300,7600,64000,1900,6500,25400,6000,36500,15800,6000,34900
5909.0,13.61,11091000,150047693.0,13.61,13.6,13.59,13.58,13.57,13.56,13.55,13.54,13.53,13.52,13.64,13.65,13.66,13.67,13.68,13.69,13.7,13.71,13.72,13.73,5400,12100,400,800,5000,19000,32100,47700,17300,22300,10000,64000,1900,6500,25400,6000,36500,15800,6000,34900
5910.0,13.61,11091000,150047693.0,13.61,13.6,13.59,13.58,13.57,13.56,13.55,13.54,13.53,13.52,13.64,13.65,13.66,13.67,13.68,13.69,13.7,13.71,13.72,13.73,5700,11500,400,800,5000,19000,32100,47700,17300,22300,11000,64000,1900,6500,25400,6000,36500,15800,6000,34900
5911.0,13.64,11092800,150072212.0,13.61,13.6,13.59,13.58,13.57,13.56,13.55,13.54,13.53,13.52,13.64,13.65,13.66,13.67,13.68,13.69,13.7,13.71,13.72,13.73,4600,11500,400,800,5000,19000,32100,47700,17300,22300,10300,64000,1900,6500,25400,6000,36500,15800,6000,34900
5912.0,13.64,11095100,150103572.0,13.61,13.6,13.59,13.58,13.57,13.56,13.55,13.54,13.53,13.52,13.64,13.65,13.66,13.67,13.68,13.69,13.7,13.71,13.72,13.73,4600,11500,400,800,5000,19000,32100,47700,17300,22300,8800,64000,1900,6500,25400,6000,36500,15800,6000,34900
5913.0,13.64,11095100,150103572.0,13.61,13.6,13.59,13.58,13.57,13.56,13.55,13.54,13.53,13.52,13.64,13.65,13.66,13.67,13.68,13.69,13.7,13.71,13.72,13.73,4900,11500,400,800,5000,19000,32100,47700,17300,22300,9100,64000,1900,6500,25400,6700,36500,15800,6000,34900
5914.0,13.64,11095600,150110392.0,13.61,13.6,13.59,13.58,13.57,13.56,13.55,13.54,13.53,13.52,13.64,13.65,13.66,13.67,13.68,13.69,13.7,13.71,13.72,13.73,5300,11500,400,800,5000,19000,32100,47700,17300,22300,9000,64700,1900,6500,25400,6700,36500,15800,6000,34900
5915.0,13.61,11096100,150117197.0,13.61,13.6,13.59,13.58,13.57,13.56,13.55,13.54,13.53,13.52,13.64,13.65,13.66,13.67,13.68,13.69,13.7,13.71,13.72,13.73,5100,11500,400,800,5000,19000,32100,47700,17300,22300,9300,64700,1900,6500,25400,6700,36500,15800,6000,34900
5916.0,13.61,11096100,150117197.0,13.61,13.6,13.59,13.58,13.57,13.56,13.55,13.54,13.53,13.52,13.64,13.65,13.66,13.67,13.68,13.69,13.7,13.71,13.72,13.73,5500,11500,400,800,5000,19000,32100,50600,17300,22300,22500,64700,1900,6500,25400,6700,36500,15800,6000,34900
5917.0,13.61,11096100,150117197.0,13.61,13.6,13.59,13.58,13.57,13.56,13.55,13.54,13.53,13.52,13.64,13.65,13.66,13.67,13.68,13.69,13.7,13.71,13.72,13.73,5800,11500,400,800,5000,19000,32100,50600,17300,22300,22800,64700,1900,6500,25400,6700,36500,15800,6000,34900
5918.0,13.64,11107300,150269950.0,13.61,13.6,13.59,13.58,13.57,13.56,13.55,13.54,13.53,13.52,13.64,13.65,13.66,13.67,13.68,13.69,13.7,13.71,13.72,13.73,5700,11500,400,800,5000,19000,32100,50600,17300,22300,12500,64700,1900,6500,25400,6700,36500,15800,6000,34900
5919.0,13.64,11107300,150269950.0,13.61,13.6,13.59,13.58,13.57,13.56,13.55,13.54,13.53,13.52,13.64,13.65,13.66,13.67,13.68,13.69,13.7,13.71,13.72,13.73,5700,11500,400,800,5000,19000,32100,50600,17300,22300,12900,64700,1900,6500,25400,6700,36500,15800,6000,34900
5920.0,13.64,11107300,150269950.0,13.61,13.6,13.59,13.58,13.57,13.56,13.55,13.54,13.53,13.52,13.64,13.65,13.66,13.67,13.68,13.69,13.7,13.71,13.72,13.73,6000,11500,400,800,5000,19000,32100,50600,19600,22300,13200,64700,1900,6500,25400,6700,36500,15800,6000,34900
5921.0,13.61,11107900,150278116.0,13.61,13.6,13.59,13.58,13.57,13.56,13.55,13.54,13.53,13.52,13.63,13.64,13.65,13.66,13.67,13.68,13.69,13.7,13.71,13.72,5400,11500,400,800,3900,19000,32100,50600,19600,22300,100,13200,64700,1900,6500,25400,6700,36500,15800,6000
5922.0,13.61,11109600,150301258.0,13.61,13.6,13.59,13.58,13.57,13.56,13.55,13.54,13.53,13.52,13.64,13.65,13.66,13.67,13.68,13.69,13.7,13.71,13.72,13.73,3900,11500,400,800,3900,19000,32100,50600,19600,22300,13100,64700,1900,6500,25400,6700,35500,15800,6000,34900
5923.0,13.61,11109600,150301258.0,13.61,13.6,13.59,13.58,13.57,13.56,13.55,13.54,13.53,13.52,13.64,13.65,13.66,13.67,13.68,13.69,13.7,13.71,13.72,13.73,3900,11500,400,800,3900,19000,32100,50600,19600,22300,13100,64700,1900,6500,25400,6700,35500,15800,6000,34900
5924.0,13.61,11110100,150308069.0,13.61,13.6,13.59,13.58,13.57,13.56,13.55,13.54,13.53,13.52,13.64,13.65,13.66,13.67,13.68,13.69,13.7,13.71,13.72,13.73,3900,11500,400,800,3900,19000,32100,50600,19600,22300,13200,64700,1900,6500,25400,6700,35500,15800,6000,34900
5925.0,13.64,11110800,150317617.0,13.61,13.6,13.59,13.58,13.57,13.56,13.55,13.54,13.53,13.52,13.64,13.65,13.66,13.67,13.68,13.69,13.7,13.71,13.72,13.73,3900,11500,400,800,3900,19000,32100,48600,19600,22300,12500,64700,1900,6500,25400,6700,35500,15800,6000,34900
5926.0,13.64,11110800,150317617.0,13.61,13.6,13.59,13.58,13.57,13.56,13.55,13.54,13.53,13.52,13.64,13.65,13.66,13.67,13.68,13.69,13.7,13.71,13.72,13.73,3900,11500,600,800,3900,19000,32100,48600,19600,22300,12500,64800,1900,6500,25400,6700,35500,15800,6000,34900
5927.0,13.61,11113300,150351642.0,13.61,13.6,13.59,13.58,13.57,13.56,13.55,13.54,13.53,13.52,13.64,13.65,13.66,13.67,13.68,13.69,13.7,13.71,13.72,13.73,1700,11500,600,800,3900,19000,32100,48600,19600,22300,12800,64800,1900,6500,25400,6700,35500,15800,6000,34900
5928.0,13.61,11113300,150351642.0,13.61,13.6,13.59,13.58,13.57,13.56,13.55,13.54,13.53,13.52,13.64,13.65,13.66,13.67,13.68,13.69,13.7,13.71,13.72,13.73,1700,11500,600,800,3900,19000,32100,48600,19600,22300,13000,64800,1900,6500,25400,6700,35500,15800,6000,34900
5929.0,13.61,11113300,150351642.0,13.61,13.6,13.59,13.58,13.57,13.56,13.55,13.54,13.53,13.52,13.64,13.65,13.66,13.67,13.68,13.69,13.7,13.71,13.72,13.73,2000,11500,600,800,3900,19000,32100,48600,19600,22300,14100,64800,1900,6500,25400,6700,35500,15800,6000,34900
5930.0,13.61,11113500,150354364.0,13.61,13.6,13.59,13.58,13.57,13.56,13.55,13.54,13.53,13.52,13.64,13.65,13.66,13.67,13.68,13.69,13.7,13.71,13.72,13.73,1800,11500,600,800,3900,19000,32100,48600,19600,22300,16700,64800,1900,6500,25400,6700,35500,15800,6000,34900
5931.0,13.61,11113500,150354364.0,13.61,13.6,13.59,13.58,13.57,13.56,13.55,13.54,13.53,13.52,13.64,13.65,13.66,13.67,13.68,13.69,13.7,13.71,13.72,13.73,1800,11500,600,800,3900,19000,32100,48600,19600,22300,16700,64800,1900,6500,25400,6700,35500,15800,6000,34900
5932.0,13.61,11113500,150354364.0,13.61,13.6,13.59,13.58,13.57,13.56,13.55,13.54,13.53,13.52,13.64,13.65,13.66,13.67,13.68,13.69,13.7,13.71,13.72,13.73,2100,11500,600,800,3900,19000,32100,48600,19600,22300,17000,64800,1900,6500,25400,6700,35500,15800,6000,34900
5933.0,13.64,11116000,150388428.0,13.61,13.6,13.59,13.58,13.57,13.56,13.55,13.54,13.53,13.52,13.64,13.65,13.66,13.67,13.68,13.69,13.7,13.71,13.72,13.73,900,11500,600,800,3900,19000,32100,48600,20700,22300,15700,64800,1900,6500,25400,6700,35500,15800,6000,34900
5934.0,13.64,11116000,150388428.0,13.61,13.6,13.59,13.58,13.57,13.56,13.55,13.54,13.53,13.52,13.64,13.65,13.66,13.67,13.68,13.69,13.7,13.71,13.72,13.73,900,11500,600,800,3900,19000,32100,48600,20700,22300,15700,64800,1900,6500,25400,6700,35500,15800,6000,34900
5935.0,13.64,11116000,150388428.0,13.61,13.6,13.59,13.58,13.57,13.56,13.55,13.54,13.53,13.52,13.64,13.65,13.66,13.67,13.68,13.69,13.7,13.71,13.72,13.73,1200,11500,600,800,3900,19000,32100,48600,20700,22300,19200,64800,1900,6500,25400,6700,35500,15800,6000,34900
5936.0,13.64,11116000,150388428.0,13.62,13.61,13.6,13.59,13.58,13.57,13.56,13.55,13.54,13.53,13.64,13.65,13.66,13.67,13.68,13.69,13.7,13.71,13.72,13.73,100,1200,11500,600,800,3900,19000,32100,48600,20700,19200,64800,1900,6500,25400,6700,35500,15800,6000,34900
5937.0,13.64,11116000,150388428.0,13.62,13.61,13.6,13.59,13.58,13.57,13.56,13.55,13.54,13.53,13.64,13.65,13.66,13.67,13.68,13.69,13.7,13.71,13.72,13.73,100,1200,11500,600,800,3900,19000,32100,48600,20700,19200,64800,1900,6500,25400,6700,35500,15800,6000,34900
5938.0,13.64,11116000,150388428.0,13.62,13.61,13.6,13.59,13.58,13.57,13.56,13.55,13.54,13.53,13.64,13.65,13.66,13.67,13.68,13.69,13.7,13.71,13.72,13.73,100,1800,11500,600,800,3900,19000,32100,48600,20700,19200,64800,1900,6500,25400,6700,35500,15800,6000,34900
5939.0,13.64,11116000,150388428.0,13.62,13.61,13.6,13.59,13.58,13.57,13.56,13.55,13.54,13.53,13.64,13.65,13.66,13.67,13.68,13.69,13.7,13.71,13.72,13.73,100,1800,11500,600,800,3900,19000,31600,48600,20700,19200,64800,1900,6500,25400,6700,35500,15800,6000,34900
5940.0,13.64,11116700,150397976.0,13.62,13.61,13.6,13.59,13.58,13.57,13.56,13.55,13.54,13.53,13.64,13.65,13.66,13.67,13.68,13.69,13.7,13.71,13.72,13.73,100,1800,11500,600,800,3900,19000,31600,48600,20700,18500,64800,1900,6500,25400,6700,35500,15800,6000,34900
5941.0,13.64,11116700,150397976.0,13.62,13.61,13.6,13.59,13.58,13.57,13.56,13.55,13.54,13.53,13.64,13.65,13.66,13.67,13.68,13.69,13.7,13.71,13.72,13.73,100,1800,11500,600,800,3900,19000,31600,48600,20700,18900,64800,1900,8800,25400,6700,35500,15800,6000,34900
5942.0,13.64,11116700,150397976.0,13.62,13.61,13.6,13.59,13.58,13.57,13.56,13.55,13.54,13.53,13.64,13.65,13.66,13.67,13.68,13.69,13.7,13.71,13.72,13.73,100,1800,11500,600,800,3900,19000,31600,48600,20700,18900,64800,1900,8800,25400,6700,35500,15800,6000,34900
5943.0,13.64,11116700,150397976.0,13.62,13.61,13.6,13.59,13.58,13.57,13.56,13.55,13.54,13.53,13.64,13.65,13.66,13.67,13.68,13.69,13.7,13.71,13.72,13.73,100,1200,11500,600,800,3900,19000,31600,48600,20700,18900,64800,1900,8800,25400,6700,35500,15800,6000,34900
5944.0,13.64,11116700,150397976.0,13.62,13.61,13.6,13.59,13.58,13.57,13.56,13.55,13.54,13.53,13.64,13.65,13.66,13.67,13.68,13.69,13.7,13.71,13.72,13.73,100,1200,11500,600,800,3900,19000,31600,48600,20700,18900,70700,1900,8800,25400,6700,35500,15800,6000,34900
5945.0,13.64,11116700,150397976.0,13.62,13.61,13.6,13.59,13.58,13.57,13.56,13.55,13.54,13.53,13.64,13.65,13.66,13.67,13.68,13.69,13.7,13.71,13.72,13.73,100,1200,11500,600,800,3900,19000,31600,48600,20700,18900,70700,1900,8800,25400,6700,35500,15800,6000,34900
5946.0,13.64,11117300,150406160.0,13.62,13.61,13.6,13.59,13.58,13.57,13.56,13.55,13.54,13.53,13.64,13.65,13.66,13.67,13.68,13.69,13.7,13.71,13.72,13.73,100,1200,11500,600,800,3900,19000,31600,48600,20700,18300,70700,1900,8800,25400,6700,35500,15800,6000,34900
5947.0,13.62,11118100,150417070.0,13.61,13.6,13.59,13.58,13.57,13.56,13.55,13.54,13.53,13.52,13.62,13.64,13.65,13.66,13.67,13.68,13.69,13.7,13.71,13.72,1200,11500,600,800,3900,19000,31600,48600,20700,22300,2900,17600,70700,400,8800,25400,6700,35500,15800,6000
5948.0,13.62,11118400,150421156.0,13.61,13.6,13.59,13.58,13.57,13.56,13.55,13.54,13.53,13.52,13.62,13.64,13.65,13.66,13.67,13.68,13.69,13.7,13.71,13.72,1200,11500,600,800,3900,19000,31600,48600,20700,22300,2600,17600,70700,400,8800,25400,6700,35500,15800,6000
5949.0,13.61,11118500,150422517.0,13.61,13.6,13.59,13.58,13.57,13.56,13.55,13.54,13.53,13.52,13.62,13.63,13.64,13.65,13.66,13.67,13.68,13.69,13.7,13.71,1100,11500,600,800,3900,19000,31600,48600,20700,22300,2600,600,17600,70700,400,8800,25400,6700,35500,15800
5950.0,13.61,11118500,150422517.0,13.61,13.6,13.59,13.58,13.57,13.56,13.55,13.54,13.53,13.52,13.62,13.63,13.64,13.65,13.66,13.67,13.68,13.69,13.7,13.71,1100,11500,600,800,3900,19000,31600,48600,20700,22300,2600,600,17600,70700,400,8800,25400,6700,35500,15800
5951.0,13.61,11118500,150422517.0,13.61,13.6,13.59,13.58,13.57,13.56,13.55,13.54,13.53,13.52,13.62,13.63,13.64,13.65,13.66,13.67,13.68,13.69,13.7,13.71,1100,11500,600,800,3900,19000,31600,48600,20700,22300,2600,600,17600,70700,400,8800,25400,6700,35500,15800
5952.0,13.61,11118600,150423878.0,13.61,13.6,13.59,13.58,13.57,13.56,13.55,13.54,13.53,13.52,13.62,13.63,13.64,13.65,13.66,13.67,13.68,13.69,13.7,13.71,1000,11500,600,800,3900,19000,31600,48600,20700,22300,2600,600,17600,70700,400,8800,25400,6700,35500,15800
5953.0,13.61,11118600,150423878.0,13.61,13.6,13.59,13.58,13.57,13.56,13.55,13.54,13.53,13.52,13.62,13.63,13.64,13.65,13.66,13.67,13.68,13.69,13.7,13.71,1000,11500,600,800,3900,19000,31600,48600,20700,22300,2600,600,17600,70700,400,8800,25400,6700,35500,15800
5954.0,13.62,11118800,150426602.0,13.61,13.6,13.59,13.58,13.57,13.56,13.55,13.54,13.53,13.52,13.62,13.63,13.64,13.65,13.66,13.67,13.68,13.69,13.7,13.71,1000,11500,600,800,3900,19000,31600,48600,20700,22300,2400,600,17600,70700,400,8800,25400,6700,35500,15800
5955.0,13.62,11119200,150432047.0,13.61,13.6,13.59,13.58,13.57,13.56,13.55,13.54,13.53,13.52,13.62,13.63,13.64,13.65,13.66,13.67,13.68,13.69,13.7,13.71,700,11500,600,800,3900,19000,31600,48600,20700,22300,2300,600,17600,70700,400,8800,24900,6700,35500,15800
5956.0,13.62,11119200,150432047.0,13.61,13.6,13.59,13.58,13.57,13.56,13.55,13.54,13.53,13.52,13.62,13.63,13.64,13.65,13.66,13.67,13.68,13.69,13.7,13.71,700,19500,600,800,3900,19000,31600,48600,20700,22300,2300,600,17600,70700,400,8800,24900,6700,35500,15800
5957.0,13.62,11120000,150442943.0,13.61,13.6,13.59,13.58,13.57,13.56,13.55,13.54,13.53,13.52,13.62,13.63,13.64,13.65,13.66,13.67,13.68,13.69,13.7,13.71,700,19500,600,800,3900,19000,31600,48600,20700,22300,1600,600,17600,70700,400,8800,24900,6700,35500,15800
5958.0,13.62,11120000,150442943.0,13.61,13.6,13.59,13.58,13.57,13.56,13.55,13.54,13.53,13.52,13.62,13.63,13.64,13.65,13.66,13.67,13.68,13.69,13.7,13.71,700,19500,600,800,3900,19000,31600,48600,20700,22300,1600,600,18200,70700,400,8800,24900,6700,35500,15800
5959.0,13.62,11120300,150447029.0,13.61,13.6,13.59,13.58,13.57,13.56,13.55,13.54,13.53,13.52,13.62,13.63,13.64,13.65,13.66,13.67,13.68,13.69,13.7,13.71,700,19500,600,800,3900,19000,31600,47600,20700,22300,1300,600,18200,70700,400,8800,24900,6700,35500,15800
5960.0,13.62,11120300,150447029.0,13.61,13.6,13.59,13.58,13.57,13.56,13.55,13.54,13.53,13.52,13.62,13.63,13.64,13.65,13.66,13.67,13.68,13.69,13.7,13.71,700,19500,600,800,3900,19000,31600,47600,20700,22300,1300,600,18200,70700,100,8800,24900,6700,35500,15800
5961.0,13.62,11120300,150447029.0,13.61,13.6,13.59,13.58,13.57,13.56,13.55,13.54,13.53,13.52,13.62,13.63,13.64,13.65,13.66,13.67,13.68,13.69,13.7,13.71,700,19500,600,800,3900,19000,31600,47600,20700,22300,1300,600,18200,70700,100,8800,24900,6700,35500,15800
5962.0,13.61,11122800,150481072.0,13.6,13.59,13.58,13.57,13.56,13.55,13.54,13.53,13.52,13.51,13.63,13.64,13.65,13.66,13.67,13.68,13.69,13.7,13.71,13.72,19500,600,800,3900,19000,31600,47600,20700,22300,18400,600,17900,70700,100,8800,24900,6700,35500,15800,6000
5963.0,13.6,11124000,150497392.0,13.6,13.59,13.58,13.57,13.56,13.55,13.54,13.53,13.52,13.51,13.63,13.64,13.65,13.66,13.67,13.68,13.69,13.7,13.71,13.72,18300,600,800,3900,19000,31600,47600,20700,22300,18400,600,17900,70700,100,8800,24900,6700,35500,15800,6000
5964.0,13.6,11124700,150506912.0,13.6,13.59,13.58,13.57,13.56,13.55,13.54,13.53,13.52,13.51,13.63,13.64,13.65,13.66,13.67,13.68,13.69,13.7,13.71,13.72,17800,600,800,3900,19000,31600,47600,20700,22300,18400,800,17900,70700,100,8800,24900,6700,35500,15800,6000
5965.0,13.6,11124700,150506912.0,13.6,13.59,13.58,13.57,13.56,13.55,13.54,13.53,13.52,13.51,13.63,13.64,13.65,13.66,13.67,13.68,13.69,13.7,13.71,13.72,17800,600,800,3900,19000,31600,47600,20700,22300,18400,1900,17900,70700,100,8800,24900,6700,35500,15800,6000
5966.0,13.6,11125400,150516432.0,13.6,13.59,13.58,13.57,13.56,13.55,13.54,13.53,13.52,13.51,13.63,13.64,13.65,13.66,13.67,13.68,13.69,13.7,13.71,13.72,17100,600,800,3900,19000,31600,47600,20700,22300,18400,1900,17900,70700,100,8800,24900,6700,35500,15800,6000
5967.0,13.6,11126800,150535472.0,13.6,13.59,13.58,13.57,13.56,13.55,13.54,13.53,13.52,13.51,13.62,13.63,13.64,13.65,13.66,13.67,13.68,13.69,13.7,13.71,15900,600,800,4100,19000,31600,47600,20700,22300,18400,300,2100,17900,70700,100,8800,24900,6700,35500,15800
5968.0,13.6,11126800,150535472.0,13.6,13.59,13.58,13.57,13.56,13.55,13.54,13.53,13.52,13.51,13.62,13.63,13.64,13.65,13.66,13.67,13.68,13.69,13.7,13.71,15900,200,800,4100,19000,31600,47600,20700,22300,18400,300,2100,17900,70700,100,8800,24900,6700,35500,15800
5969.0,13.6,11127500,150544992.0,13.6,13.59,13.58,13.57,13.56,13.55,13.54,13.53,13.52,13.51,13.62,13.63,13.64,13.65,13.66,13.67,13.68,13.69,13.7,13.71,15200,200,800,4100,19000,31600,47600,20700,22300,18400,300,2100,17900,70700,100,8800,24900,6700,35500,15800
5970.0,13.6,11127500,150544992.0,13.61,13.6,13.59,13.58,13.57,13.56,13.55,13.54,13.53,13.52,13.62,13.63,13.64,13.65,13.66,13.67,13.68,13.69,13.7,13.71,3000,15200,200,800,4100,19000,31600,47600,20700,22300,300,2100,17900,70700,100,8800,31200,6700,35500,15800
5971.0,13.6,11127500,150544992.0,13.61,13.6,13.59,13.58,13.57,13.56,13.55,13.54,13.53,13.52,13.63,13.64,13.65,13.66,13.67,13.68,13.69,13.7,13.71,13.72,3000,15200,200,800,4100,19000,31600,47600,20700,22300,2100,15600,70700,100,8800,31200,6700,35500,15800,7000
5972.0,13.61,11127800,150549075.0,13.61,13.6,13.59,13.58,13.57,13.56,13.55,13.54,13.53,13.52,13.63,13.64,13.65,13.66,13.67,13.68,13.69,13.7,13.71,13.72,2700,15200,200,800,4100,19000,31600,47600,20700,22300,2100,15600,70700,100,8800,31200,6700,35500,15800,7000
5973.0,13.61,11127800,150549075.0,13.61,13.6,13.59,13.58,13.57,13.56,13.55,13.54,13.53,13.52,13.63,13.64,13.65,13.66,13.67,13.68,13.69,13.7,13.71,13.72,2700,15200,200,800,5200,19000,31600,47600,20700,22300,2100,15600,70700,100,8800,31200,6700,35500,15800,7000
5974.0,13.61,11127800,150549075.0,13.61,13.6,13.59,13.58,13.57,13.56,13.55,13.54,13.53,13.52,13.63,13.64,13.65,13.66,13.67,13.68,13.69,13.7,13.71,13.72,2700,15200,200,800,5200,19000,31600,47600,20700,22300,2100,15600,70700,100,8800,31200,6700,35500,15800,7000
5975.0,13.61,11128000,150551797.0,13.61,13.6,13.59,13.58,13.57,13.56,13.55,13.54,13.53,13.52,13.63,13.64,13.65,13.66,13.67,13.68,13.69,13.7,13.71,13.72,2500,15200,200,800,5200,19000,31600,47600,20700,22300,2100,15600,70700,100,8800,31200,6700,35500,15800,7000
5976.0,13.63,11128200,150554523.0,13.61,13.6,13.59,13.58,13.57,13.56,13.55,13.54,13.53,13.52,13.63,13.64,13.65,13.66,13.67,13.68,13.69,13.7,13.71,13.72,2500,15200,200,800,5200,19000,31600,47600,20700,22300,1900,15600,70700,100,8800,31200,6700,35400,15800,7000
5977.0,13.63,11128200,150554523.0,13.61,13.6,13.59,13.58,13.57,13.56,13.55,13.54,13.53,13.52,13.62,13.63,13.64,13.65,13.66,13.67,13.68,13.69,13.7,13.71,5900,15200,200,800,5500,19000,31600,47600,20700,22300,1000,2300,15600,70700,100,8800,31200,6700,35400,15800
5978.0,13.61,11129800,150576299.0,13.61,13.6,13.59,13.58,13.57,13.56,13.55,13.54,13.53,13.52,13.62,13.63,13.64,13.65,13.66,13.67,13.68,13.69,13.7,13.71,4300,15200,200,800,5500,19000,31600,47600,20700,22300,1000,2300,15600,70700,100,8800,31200,6700,35400,15800
5979.0,13.61,11129800,150576299.0,13.61,13.6,13.59,13.58,13.57,13.56,13.55,13.54,13.53,13.52,13.62,13.63,13.64,13.65,13.66,13.67,13.68,13.69,13.7,13.71,4300,15200,200,800,5500,19000,31600,47600,20700,22300,1000,2300,15600,70700,100,8800,31200,6700,35400,15800
5980.0,13.61,11129800,150576299.0,13.61,13.6,13.59,13.58,13.57,13.56,13.55,13.54,13.53,13.52,13.62,13.63,13.64,13.65,13.66,13.67,13.68,13.69,13.7,13.71,4300,15200,200,800,5500,19000,31600,47600,20700,22300,1000,2300,15600,70700,100,8800,31200,6700,35400,15800
5981.0,13.61,11130200,150581743.0,13.61,13.6,13.59,13.58,13.57,13.56,13.55,13.54,13.53,13.52,13.62,13.63,13.64,13.65,13.66,13.67,13.68,13.69,13.7,13.71,3900,15200,200,800,5500,19000,31600,47600,20700,22300,1000,2300,15600,70700,100,8800,31200,6700,35400,15800
5982.0,13.61,11130200,150581743.0,13.61,13.6,13.59,13.58,13.57,13.56,13.55,13.54,13.53,13.52,13.62,13.63,13.64,13.65,13.66,13.67,13.68,13.69,13.7,13.71,3900,15200,200,800,5500,19000,31600,47600,20700,22300,1000,2300,15600,70700,100,8800,31200,6700,35400,15800
5983.0,13.61,11130200,150581743.0,13.61,13.6,13.59,13.58,13.57,13.56,13.55,13.54,13.53,13.52,13.62,13.63,13.64,13.65,13.66,13.67,13.68,13.69,13.7,13.71,3900,15200,200,800,5500,19000,31600,47600,20700,22300,1000,2300,15600,70700,100,8800,31200,6700,35400,15800
5984.0,13.62,11131200,150595360.0,13.61,13.6,13.59,13.58,13.57,13.56,13.55,13.54,13.53,13.52,13.62,13.63,13.64,13.65,13.66,13.67,13.68,13.69,13.7,13.71,3600,15200,200,1800,5500,19000,31600,47600,20700,22300,300,2300,15600,70700,100,8800,31200,6700,35400,15800
5985.0,13.62,11131200,150595360.0,13.61,13.6,13.59,13.58,13.57,13.56,13.55,13.54,13.53,13.52,13.62,13.63,13.64,13.65,13.66,13.67,13.68,13.69,13.7,13.71,3600,15200,200,1800,5500,19000,31600,47600,20700,22300,300,2300,15600,70700,100,8800,31200,6700,35400,15800
5986.0,13.62,11131200,150595360.0,13.61,13.6,13.59,13.58,13.57,13.56,13.55,13.54,13.53,13.52,13.62,13.63,13.64,13.65,13.66,13.67,13.68,13.69,13.7,13.71,3600,15200,200,1800,5500,19000,31600,47700,20700,22300,1300,2300,15600,70700,100,8800,31200,6700,35400,15800
5987.0,13.62,11131200,150595360.0,13.61,13.6,13.59,13.58,13.57,13.56,13.55,13.54,13.53,13.52,13.62,13.63,13.64,13.65,13.66,13.67,13.68,13.69,13.7,13.71,3600,15200,200,1800,4500,19000,31600,47700,20700,22300,1300,2300,15600,70200,100,8800,31200,6700,35400,15800
5988.0,13.61,11131500,150599443.0,13.61,13.6,13.59,13.58,13.57,13.56,13.55,13.54,13.53,13.52,13.62,13.63,13.64,13.65,13.66,13.67,13.68,13.69,13.7,13.71,3300,15200,200,1800,4500,19000,31600,47700,20700,22300,1300,2300,15600,70200,100,8800,31200,6700,35400,15800
5989.0,13.61,11132100,150607609.0,13.61,13.6,13.59,13.58,13.57,13.56,13.55,13.54,13.53,13.52,13.62,13.63,13.64,13.65,13.66,13.67,13.68,13.69,13.7,13.71,2700,15200,200,2300,4500,19000,31600,47700,20700,22300,1300,2300,15600,70200,100,8800,31200,6700,35400,15800
5990.0,13.61,11132100,150607609.0,13.61,13.6,13.59,13.58,13.57,13.56,13.55,13.54,13.53,13.52,13.62,13.63,13.64,13.65,13.66,13.67,13.68,13.69,13.7,13.71,4100,15200,200,2300,4500,19000,31600,47700,20700,22300,1300,2300,15600,70200,100,8800,31200,6700,35400,15800
5991.0,13.62,11132600,150614415.0,13.61,13.6,13.59,13.58,13.57,13.56,13.55,13.54,13.53,13.52,13.62,13.63,13.64,13.65,13.66,13.67,13.68,13.69,13.7,13.71,3700,15200,200,2300,4500,19000,31600,47700,20700,22300,1200,2300,15600,70200,100,8800,31200,6700,35400,15800
5992.0,13.62,11132600,150614415.0,13.61,13.6,13.59,13.58,13.57,13.56,13.55,13.54,13.53,13.52,13.62,13.63,13.64,13.65,13.66,13.67,13.68,13.69,13.7,13.71,3700,15200,200,2300,4500,19000,31600,47700,20700,22300,1200,2300,15600,70200,100,8800,31200,6700,35400,15800
5993.0,13.62,11132600,150614415.0,13.61,13.6,13.59,13.58,13.57,13.56,13.55,13.54,13.53,13.52,13.62,13.63,13.64,13.65,13.66,13.67,13.68,13.69,13.7,13.71,3700,15200,200,2300,4500,19000,31600,47700,20700,22300,1200,2300,15600,70200,100,8800,31200,6700,35400,15800
5994.0,13.61,11132900,150618498.0,13.61,13.6,13.59,13.58,13.57,13.56,13.55,13.54,13.53,13.52,13.62,13.63,13.64,13.65,13.66,13.67,13.68,13.69,13.7,13.71,3400,15200,200,2300,4500,19000,31600,47700,20700,22300,1200,2300,15600,70200,100,8800,31200,6700,35400,15800
5995.0,13.61,11132900,150618498.0,13.61,13.6,13.59,13.58,13.57,13.56,13.55,13.54,13.53,13.52,13.62,13.63,13.64,13.65,13.66,13.67,13.68,13.69,13.7,13.71,3400,15200,200,2300,4500,19000,31600,47700,20700,22300,1600,2300,15600,70700,100,8800,31200,6700,35400,15800
5996.0,13.61,11132900,150618498.0,13.61,13.6,13.59,13.58,13.57,13.56,13.55,13.54,13.53,13.52,13.62,13.63,13.64,13.65,13.66,13.67,13.68,13.69,13.7,13.71,3400,15200,200,2300,4500,19000,31600,47700,20700,22300,1600,2300,15600,70700,100,8800,31200,6700,35400,15800
5997.0,13.61,11133200,150622581.0,13.61,13.6,13.59,13.58,13.57,13.56,13.55,13.54,13.53,13.52,13.62,13.63,13.64,13.65,13.66,13.67,13.68,13.69,13.7,13.71,3100,15200,200,2300,4500,19000,31600,47700,20700,22300,1600,2300,21400,71100,100,8800,31200,6700,35400,15800
5998.0,13.61,11133200,150622581.0,13.61,13.6,13.59,13.58,13.57,13.56,13.55,13.54,13.53,13.52,13.62,13.63,13.64,13.65,13.66,13.67,13.68,13.69,13.7,13.71,3100,15200,200,2300,4500,19000,32200,47700,20700,22300,1600,7300,21400,71100,100,8800,31200,6700,35400,15800
5999.0,13.61,11133200,150622581.0,13.61,13.6,13.59,13.58,13.57,13.56,13.55,13.54,13.53,13.52,13.62,13.63,13.64,13.65,13.66,13.67,13.68,13.69,13.7,13.71,3100,15200,200,2300,4500,19000,32200,47700,20700,22300,1600,7300,21400,71100,100,8800,31200,6700,35400,15800
6000.0,13.61,11134100,150634830.0,13.61,13.6,13.59,13.58,13.57,13.56,13.55,13.54,13.53,13.52,13.62,13.63,13.64,13.65,13.66,13.67,13.68,13.69,13.7,13.71,2200,15200,200,2300,4500,19000,32200,47700,20700,22300,1600,7300,18200,71100,100,8800,31200,6700,35400,15800
6001.0,13.61,11136300,150664772.0,13.6,13.59,13.58,13.57,13.56,13.55,13.54,13.53,13.52,13.51,13.61,13.62,13.63,13.64,13.65,13.67,13.68,13.69,13.7,13.71,15200,200,2300,4500,8800,32200,47700,20700,22300,18400,18400,1600,7300,18200,71100,8800,31200,6700,36400,15800
6002.0,13.61,11136300,150664772.0,13.6,13.59,13.58,13.57,13.56,13.55,13.54,13.53,13.52,13.51,13.61,13.62,13.63,13.64,13.65,13.66,13.67,13.68,13.69,13.7,15200,200,2300,4500,8800,32200,47700,20700,22300,18400,18400,1600,13400,18200,71100,100,8800,31200,6700,36400
6003.0,13.61,11136300,150664772.0,13.6,13.59,13.58,13.57,13.56,13.55,13.54,13.53,13.52,13.51,13.61,13.62,13.63,13.64,13.65,13.66,13.67,13.68,13.69,13.7,15200,200,2300,4500,8800,32900,47700,24000,22300,18400,18600,1600,13400,18200,71100,100,8800,31200,6700,36400
6004.0,13.61,11147000,150810392.0,13.6,13.59,13.58,13.57,13.56,13.55,13.54,13.53,13.52,13.51,13.61,13.62,13.63,13.64,13.65,13.66,13.67,13.68,13.69,13.7,14500,200,2300,4500,8800,32900,47700,24000,22300,18400,8600,1600,13400,18200,71100,100,8800,31200,6700,36400
6005.0,13.6,11147400,150815832.0,13.6,13.59,13.58,13.57,13.56,13.55,13.54,13.53,13.52,13.51,13.61,13.62,13.63,13.64,13.65,13.66,13.67,13.68,13.69,13.7,14100,200,2300,4500,8800,32900,47700,24000,22300,18400,8600,1600,13400,18200,71100,100,8800,31200,6700,36400
6006.0,13.61,11147900,150822637.0,13.6,13.59,13.58,13.57,13.56,13.55,13.54,13.53,13.52,13.51,13.61,13.62,13.63,13.64,13.65,13.66,13.67,13.68,13.69,13.7,14100,200,2300,4500,8800,32900,47700,24000,22300,18400,8100,1600,13400,18200,71100,100,8800,31200,7300,36400
6007.0,13.6,11148600,150832157.0,13.6,13.59,13.58,13.57,13.56,13.55,13.54,13.53,13.52,13.51,13.61,13.62,13.63,13.64,13.65,13.66,13.67,13.68,13.69,13.7,13400,200,2300,4500,8800,32900,47700,24000,22300,18400,8100,1600,13400,18200,71100,100,8800,31200,7300,36400
6008.0,13.61,11148700,150833518.0,13.6,13.59,13.58,13.57,13.56,13.55,13.54,13.53,13.52,13.51,13.61,13.62,13.63,13.64,13.65,13.66,13.67,13.68,13.69,13.7,13400,200,2300,4500,8800,32900,47700,24000,22300,18400,8000,1200,13400,18200,71100,100,8800,31200,7300,36400
6009.0,13.61,11148700,150833518.0,13.6,13.59,13.58,13.57,13.56,13.55,13.54,13.53,13.52,13.51,13.61,13.62,13.63,13.64,13.65,13.66,13.67,13.68,13.69,13.7,13400,200,2300,4500,8800,33100,47200,24000,22300,18400,8000,1200,13400,17800,71100,100,8800,31200,7300,36400
6010.0,13.6,11149400,150843038.0,13.6,13.59,13.58,13.57,13.56,13.55,13.54,13.53,13.52,13.51,13.61,13.62,13.63,13.64,13.65,13.66,13.67,13.68,13.69,13.7,12700,200,2300,4500,8800,33100,47200,24000,22300,18400,8000,1200,13400,17800,71100,100,8800,31200,7300,36400
6011.0,13.61,11150700,150860731.0,13.6,13.59,13.58,13.57,13.56,13.55,13.54,13.53,13.52,13.51,13.61,13.62,13.63,13.64,13.65,13.66,13.67,13.68,13.69,13.7,12700,200,2300,4500,8800,33100,47200,24000,22300,18400,6700,1200,13400,18300,71100,100,8800,31200,7300,36400
6012.0,13.6,11152100,150879771.0,13.6,13.59,13.58,13.57,13.56,13.55,13.54,13.53,13.52,13.51,13.61,13.62,13.63,13.64,13.65,13.66,13.67,13.68,13.69,13.7,11300,200,2300,4500,8800,33100,47200,24000,22300,18400,6700,1200,13400,18300,71100,100,8800,31200,7300,36700
6013.0,13.61,11153500,150898818.0,13.6,13.59,13.58,13.57,13.56,13.55,13.54,13.53,13.52,13.51,13.61,13.62,13.63,13.64,13.65,13.66,13.67,13.68,13.69,13.7,10600,200,2300,4500,8800,36300,47200,24000,22300,18400,6000,1200,13400,18300,71100,100,8800,31200,7300,36700
6014.0,13.61,11153500,150898818.0,13.6,13.59,13.58,13.57,13.56,13.55,13.54,13.53,13.52,13.51,13.61,13.62,13.63,13.64,13.65,13.66,13.67,13.68,13.69,13.7,10600,400,2300,4500,8800,36300,47200,24000,22300,18400,6000,1200,13400,18300,71100,100,8800,31200,7300,36700
6015.0,13.6,11153900,150904258.0,13.6,13.59,13.58,13.57,13.56,13.55,13.54,13.53,13.52,13.51,13.61,13.62,13.63,13.64,13.65,13.66,13.67,13.68,13.69,13.7,10200,400,2300,4500,8800,36300,47200,24000,22300,18400,6000,1200,13400,18300,71100,100,8800,31200,7300,36700
6016.0,13.6,11154600,150913778.0,13.6,13.59,13.58,13.57,13.56,13.55,13.54,13.53,13.52,13.51,13.61,13.62,13.63,13.64,13.65,13.66,13.67,13.68,13.69,13.7,9500,400,2300,4500,8800,36300,47200,24000,22300,18400,6000,1200,13400,18300,71100,100,8800,31200,7300,36700
6017.0,13.6,11155300,150923298.0,13.6,13.59,13.58,13.57,13.56,13.55,13.54,13.53,13.52,13.51,13.61,13.62,13.63,13.64,13.65,13.66,13.67,13.68,13.69,13.7,8800,400,2300,4500,8800,36300,47200,24000,22300,18400,6000,1200,13400,18300,71100,100,8800,31200,7300,36700
6018.0,13.6,11155300,150923298.0,13.6,13.59,13.58,13.57,13.56,13.55,13.54,13.53,13.52,13.51,13.61,13.62,13.63,13.64,13.65,13.66,13.67,13.68,13.69,13.7,8800,400,2300,4500,8800,36300,47200,24000,22300,18400,6000,1200,13400,18300,71100,100,8800,31200,7300,36700
6019.0,13.6,11155900,150931458.0,13.6,13.59,13.58,13.57,13.56,13.55,13.54,13.53,13.52,13.51,13.61,13.62,13.63,13.64,13.65,13.66,13.67,13.68,13.69,13.7,8200,400,2300,4500,8800,36300,47200,24000,22300,18400,6000,1200,13400,18300,71100,100,8800,31200,7300,36700
6020.0,13.61,11157500,150953227.0,13.6,13.59,13.58,13.57,13.56,13.55,13.54,13.53,13.52,13.51,13.61,13.62,13.63,13.64,13.65,13.66,13.67,13.68,13.69,13.7,7500,400,2300,4500,8800,36300,47200,24000,22300,18400,5100,1200,13400,18300,71100,100,8800,31200,7300,36700
6021.0,13.61,11158600,150968198.0,13.6,13.59,13.58,13.57,13.56,13.55,13.54,13.53,13.52,13.51,13.61,13.62,13.63,13.64,13.65,13.66,13.67,13.68,13.69,13.7,8000,400,2300,4500,8800,36300,47200,24000,22300,18400,4000,1200,13400,18300,71100,100,8800,31200,7300,36700
6022.0,13.61,11158600,150968198.0,13.6,13.59,13.58,13.57,13.56,13.55,13.54,13.53,13.52,13.51,13.61,13.62,13.63,13.64,13.65,13.66,13.67,13.68,13.69,13.7,8000,400,2300,4500,8800,36300,47200,24000,22300,18400,12400,1200,13400,18300,71600,100,8800,31200,7300,36700
6023.0,13.6,11160700,150996758.0,13.6,13.59,13.58,13.57,13.56,13.55,13.54,13.53,13.52,13.51,13.61,13.62,13.63,13.64,13.65,13.66,13.67,13.68,13.69,13.7,5900,400,2300,4500,8800,36300,47200,24000,22300,18400,13200,1200,13400,18300,71600,100,8800,31200,7300,36700
6024.0,13.6,11160700,150996758.0,13.6,13.59,13.58,13.57,13.56,13.55,13.54,13.53,13.52,13.51,13.61,13.62,13.63,13.64,13.65,13.66,13.67,13.68,13.69,13.7,5900,400,2300,4500,8800,36300,47200,24000,22300,18800,13200,1200,13400,18300,71600,100,8800,31200,7300,36700
6025.0,13.6,11160700,150996758.0,13.6,13.59,13.58,13.57,13.56,13.55,13.54,13.53,13.52,13.51,13.61,13.62,13.63,13.64,13.65,13.66,13.67,13.68,13.69,13.7,5900,400,2300,4500,8800,36300,47200,24000,22300,18800,13200,1200,13400,18300,71600,100,8800,31200,7300,36700
6026.0,13.61,11161800,151011724.0,13.6,13.59,13.58,13.57,13.56,13.55,13.54,13.53,13.52,13.51,13.61,13.62,13.63,13.64,13.65,13.66,13.67,13.68,13.69,13.7,5400,400,2300,4500,8800,36300,47200,24000,22300,18800,12600,1200,13400,18300,71600,100,8800,31200,7300,36700
6027.0,13.61,11162500,151021251.0,13.6,13.59,13.58,13.57,13.56,13.55,13.54,13.53,13.52,13.51,13.61,13.62,13.63,13.64,13.65,13.66,13.67,13.68,13.69,13.7,5400,400,2300,4500,8800,36300,47200,24000,22300,18800,11900,1200,13400,18300,71600,100,8800,31200,7300,36700
6028.0,13.6,11165000,151055251.0,13.6,13.59,13.58,13.57,13.56,13.55,13.54,13.53,13.52,13.51,13.61,13.62,13.63,13.64,13.65,13.66,13.67,13.68,13.69,13.7,2900,400,2300,4500,8800,36300,47200,24000,22300,18800,11900,1200,13400,18300,71600,100,8800,31200,7300,36700
6029.0,13.6,11165000,151055251.0,13.6,13.59,13.58,13.57,13.56,13.55,13.54,13.53,13.52,13.51,13.61,13.62,13.63,13.64,13.65,13.66,13.67,13.68,13.69,13.7,2900,400,2300,4500,8800,36300,47200,24000,22300,18800,11900,1200,13400,18300,71600,100,8800,31200,7300,36700
6030.0,13.61,11165300,151059332.0,13.6,13.59,13.58,13.57,13.56,13.55,13.54,13.53,13.52,13.51,13.61,13.62,13.63,13.64,13.65,13.66,13.67,13.68,13.69,13.7,2700,2000,2300,4500,8800,36300,47200,24000,22300,18800,11800,1200,13400,18300,71600,100,8800,31200,7300,36700
6031.0,13.61,11165300,151059332.0,13.6,13.59,13.58,13.57,13.56,13.55,13.54,13.53,13.52,13.51,13.61,13.62,13.63,13.64,13.65,13.66,13.67,13.68,13.69,13.7,2700,2000,2300,4500,8800,36300,47200,24000,22300,18800,11800,1200,13400,18300,71600,100,8800,31200,7300,36700
6032.0,13.61,11165300,151059332.0,13.6,13.59,13.58,13.57,13.56,13.55,13.54,13.53,13.52,13.51,13.61,13.62,13.63,13.64,13.65,13.66,13.67,13.68,13.69,13.7,2700,2000,2300,4500,8800,36300,47200,24000,22300,18800,11800,1200,13400,18300,71600,100,8800,31200,7300,36700
6033.0,13.6,11165500,151062052.0,13.6,13.59,13.58,13.57,13.56,13.55,13.54,13.53,13.52,13.51,13.61,13.62,13.63,13.64,13.65,13.66,13.67,13.68,13.69,13.7,2500,2000,2300,4500,8800,36300,47200,24000,22300,18800,11800,1200,13400,18300,71600,100,8800,31200,7300,36700
6034.0,13.6,11165500,151062052.0,13.6,13.59,13.58,13.57,13.56,13.55,13.54,13.53,13.52,13.51,13.61,13.62,13.63,13.64,13.65,13.66,13.67,13.68,13.69,13.7,2500,2000,2300,4500,8800,36300,47200,24000,22300,18800,11800,1200,13400,18300,71600,100,8800,31200,7300,36700
6035.0,13.59,11170500,151130041.0,13.59,13.58,13.57,13.56,13.55,13.54,13.53,13.52,13.51,13.5,13.6,13.61,13.62,13.63,13.64,13.65,13.66,13.67,13.68,13.69,200,2300,4500,8800,36300,47200,24000,22300,18800,40500,1100,11400,1200,12300,18300,71600,100,8800,31200,7300
6036.0,13.6,11170600,151131401.0,13.59,13.58,13.57,13.56,13.55,13.54,13.53,13.52,13.51,13.5,13.6,13.61,13.62,13.63,13.64,13.65,13.66,13.67,13.68,13.69,200,2300,4500,8800,36300,47200,24000,22300,18800,40500,2900,11400,1200,12300,18300,71600,100,8800,31200,7300
6037.0,13.6,11170600,151131401.0,13.59,13.58,13.57,13.56,13.55,13.54,13.53,13.52,13.51,13.5,13.6,13.61,13.62,13.63,13.64,13.65,13.66,13.67,13.68,13.69,200,2300,4500,8800,36300,47200,24000,22300,18800,40500,4000,11400,1200,12300,18300,71600,100,8800,31200,7300
6038.0,13.6,11170600,151131401.0,13.59,13.58,13.57,13.56,13.55,13.54,13.53,13.52,13.51,13.5,13.6,13.61,13.62,13.63,13.64,13.65,13.66,13.67,13.68,13.69,200,2300,4500,8800,36300,47200,24000,22300,18800,40500,4000,11400,1200,12300,18300,71600,100,8800,31200,7300
6039.0,13.6,11170600,151131401.0,13.59,13.58,13.57,13.56,13.55,13.54,13.53,13.52,13.51,13.5,13.6,13.61,13.62,13.63,13.64,13.65,13.66,13.67,13.68,13.69,200,2300,4500,8800,36300,47200,24000,22300,18800,40500,4000,11400,1200,12300,18300,71600,100,8800,31200,7300
6040.0,13.6,11171000,151136841.0,13.59,13.58,13.57,13.56,13.55,13.54,13.53,13.52,13.51,13.5,13.6,13.61,13.62,13.63,13.64,13.65,13.66,13.67,13.68,13.69,200,2300,4500,8800,36300,47500,24000,22300,18800,40500,3600,11400,1200,12300,18300,71600,100,8800,31200,7300
6041.0,13.6,11171000,151136841.0,13.59,13.58,13.57,13.56,13.55,13.54,13.53,13.52,13.51,13.5,13.6,13.61,13.62,13.63,13.64,13.65,13.66,13.67,13.68,13.69,200,2300,4500,8800,36300,47500,24000,22300,18800,40500,7200,11400,1200,12300,18300,73600,100,8800,31200,7300
6042.0,13.6,11171700,151146361.0,13.59,13.58,13.57,13.56,13.55,13.54,13.53,13.52,13.51,13.5,13.6,13.61,13.62,13.63,13.64,13.65,13.66,13.67,13.68,13.69,200,2300,4500,8800,36300,47500,24000,22300,18800,40500,6500,11400,1200,12300,18300,73600,100,8800,31200,7300
6043.0,13.6,11172300,151154521.0,13.59,13.58,13.57,13.56,13.55,13.54,13.53,13.52,13.51,13.5,13.6,13.61,13.62,13.63,13.64,13.65,13.66,13.67,13.68,13.69,200,2300,4500,8800,36300,47500,24000,22300,18800,40500,5900,11400,1200,12300,18300,73600,100,8800,31200,7300
6044.0,13.6,11172300,151154521.0,13.59,13.58,13.57,13.56,13.55,13.54,13.53,13.52,13.51,13.5,13.6,13.61,13.62,13.63,13.64,13.65,13.66,13.67,13.68,13.69,200,2300,4500,8800,36300,47500,24000,22300,18800,40500,5900,11400,1200,12300,18300,73600,100,8800,31200,7300
6045.0,13.6,11172300,151154521.0,13.59,13.58,13.57,13.56,13.55,13.54,13.53,13.52,13.51,13.5,13.6,13.61,13.62,13.63,13.64,13.65,13.66,13.67,13.68,13.69,200,2300,4500,8800,36300,47500,24000,22300,18800,40500,5900,11400,1200,12300,18300,73600,100,8800,31200,7300
6046.0,13.6,11172800,151161321.0,13.59,13.58,13.57,13.56,13.55,13.54,13.53,13.52,13.51,13.5,13.6,13.61,13.62,13.63,13.64,13.65,13.66,13.67,13.68,13.69,200,2300,4500,8800,36300,47500,24000,22300,18800,40500,5400,11400,1200,12300,18300,73600,100,6500,31200,7300
6047.0,13.6,11172800,151161321.0,13.59,13.58,13.57,13.56,13.55,13.54,13.53,13.52,13.51,13.5,13.6,13.61,13.62,13.63,13.64,13.65,13.66,13.67,13.68,13.69,200,2300,4500,8800,36300,47500,24000,22300,18800,40500,5400,11400,1200,12300,20600,73600,100,6500,31200,7300
6048.0,13.6,11173100,151165401.0,13.59,13.58,13.57,13.56,13.55,13.54,13.53,13.52,13.51,13.5,13.6,13.61,13.62,13.63,13.64,13.65,13.66,13.67,13.68,13.69,200,2300,4500,8800,36300,47500,24000,22300,18800,40500,5100,11400,1600,12300,20600,73600,100,6500,31200,7300
6049.0,13.6,11174100,151179001.0,13.59,13.58,13.57,13.56,13.55,13.54,13.53,13.52,13.51,13.5,13.6,13.61,13.62,13.63,13.64,13.65,13.66,13.67,13.68,13.69,200,2300,4500,8800,36300,47500,24000,22300,18800,40500,4100,11400,1600,12300,20600,73600,100,6500,31200,7300
6050.0,13.6,11174100,151179001.0,13.59,13.58,13.57,13.56,13.55,13.54,13.53,13.52,13.51,13.5,13.6,13.61,13.62,13.63,13.64,13.65,13.66,13.67,13.68,13.69,200,2300,4500,8800,36300,47500,24000,22300,18800,40500,4100,11400,1600,12300,20600,73600,100,6500,31200,9300
6051.0,13.6,11174100,151179001.0,13.59,13.58,13.57,13.56,13.55,13.54,13.53,13.52,13.51,13.5,13.6,13.61,13.62,13.63,13.64,13.65,13.66,13.67,13.68,13.69,200,2300,4500,8800,36300,47500,24000,22300,18800,40500,4100,11400,1600,12300,20600,73600,100,6500,31200,9300
6052.0,13.59,11174700,151187159.0,13.58,13.57,13.56,13.55,13.54,13.53,13.52,13.51,13.5,13.49,13.59,13.6,13.61,13.62,13.63,13.64,13.65,13.66,13.67,13.68,2300,4500,8800,36300,47500,24000,22300,18800,40500,600,2400,3700,11400,1600,12300,20600,73600,100,6500,31200
6053.0,13.59,11174700,151187159.0,13.58,13.57,13.56,13.55,13.54,13.53,13.52,13.51,13.5,13.49,13.59,13.6,13.61,13.62,13.63,13.64,13.65,13.66,13.67,13.68,2300,4500,8800,36300,47500,24000,22300,18800,40500,600,2400,4300,11400,1600,12300,20600,73600,100,6500,31200
6054.0,13.59,11174700,151187159.0,13.58,13.57,13.56,13.55,13.54,13.53,13.52,13.51,13.5,13.49,13.59,13.6,13.61,13.62,13.63,13.64,13.65,13.66,13.67,13.68,2300,4500,8800,36300,47500,24000,22300,18800,40500,600,2400,5000,11400,1600,12300,20600,73600,100,6500,31200
6055.0,13.59,11174900,151189877.0,13.58,13.57,13.56,13.55,13.54,13.53,13.52,13.51,13.5,13.49,13.59,13.6,13.61,13.62,13.63,13.64,13.65,13.66,13.67,13.68,2300,4500,8800,36300,47500,24000,22300,18800,40500,600,2300,5000,11400,1600,11900,20600,73600,100,6500,31200
6056.0,13.59,11174900,151189877.0,13.58,13.57,13.56,13.55,13.54,13.53,13.52,13.51,13.5,13.49,13.59,13.6,13.61,13.62,13.63,13.64,13.65,13.66,13.67,13.68,2300,4500,8800,36300,47500,24000,22300,18800,40500,600,2400,5000,11400,1600,11900,20600,73600,100,6500,31200
6057.0,13.58,11175500,151198027.0,13.58,13.57,13.56,13.55,13.54,13.53,13.52,13.51,13.5,13.49,13.59,13.6,13.61,13.62,13.63,13.64,13.65,13.66,13.67,13.68,1900,4500,8800,36300,47500,24000,22300,18800,40500,600,2200,5000,11400,1600,11900,20600,73600,100,6500,31200
6058.0,13.59,11176000,151204822.0,13.58,13.57,13.56,13.55,13.54,13.53,13.52,13.51,13.5,13.49,13.59,13.6,13.61,13.62,13.63,13.64,13.65,13.66,13.67,13.68,1900,4500,8800,36300,47500,24000,22300,18800,40500,600,1900,8100,11400,1600,11900,20600,73600,100,6500,31200
6059.0,13.59,11176900,151217053.0,13.58,13.57,13.56,13.55,13.54,13.53,13.52,13.51,13.5,13.49,13.59,13.6,13.61,13.62,13.63,13.64,13.65,13.66,13.67,13.68,1900,4500,8800,36300,47500,24000,22300,18800,40500,600,1000,10700,11400,1600,11900,20600,73600,100,6500,31200
6060.0,13.59,11177900,151230643.0,13.59,13.58,13.57,13.56,13.55,13.54,13.53,13.52,13.51,13.5,13.6,13.61,13.62,13.63,13.64,13.65,13.66,13.67,13.68,13.69,300,1900,4500,8800,36300,47500,24000,22300,18800,40500,10700,11400,1600,11900,20600,73600,100,6500,31200,9300
6061.0,13.6,11178600,151240163.0,13.59,13.58,13.57,13.56,13.55,13.54,13.53,13.52,13.51,13.5,13.6,13.61,13.62,13.63,13.64,13.65,13.66,13.67,13.68,13.69,300,1900,4500,8800,36300,47500,24000,22300,18800,40500,10000,11400,1600,11900,20600,73600,100,6500,31200,9300
6062.0,13.6,11178600,151240163.0,13.59,13.58,13.57,13.56,13.55,13.54,13.53,13.52,13.51,13.5,13.6,13.61,13.62,13.63,13.64,13.65,13.66,13.67,13.68,13.69,300,1900,4500,8800,36300,47500,24000,22300,18800,40500,10000,11400,1600,11900,20600,73600,100,6500,31200,9300
6063.0,13.6,11178600,151240163.0,13.59,13.58,13.57,13.56,13.55,13.54,13.53,13.52,13.51,13.5,13.6,13.61,13.62,13.63,13.64,13.65,13.66,13.67,13.68,13.69,300,1900,4500,8800,38000,47500,24000,22300,18800,40500,10000,11400,1600,11900,20600,73600,100,6500,31200,9300
6064.0,13.6,11179300,151249683.0,13.59,13.58,13.57,13.56,13.55,13.54,13.53,13.52,13.51,13.5,13.6,13.61,13.62,13.63,13.64,13.65,13.66,13.67,13.68,13.69,300,1900,4500,8800,38000,47500,24000,22300,18800,40500,9300,11400,1600,11900,20600,73600,100,6500,31200,9300
6065.0,13.6,11180000,151259203.0,13.59,13.58,13.57,13.56,13.55,13.54,13.53,13.52,13.51,13.5,13.6,13.61,13.62,13.63,13.64,13.65,13.66,13.67,13.68,13.69,300,1900,4500,8800,38000,47500,24000,22300,18800,40500,8600,11400,1600,11900,20600,73600,100,6500,31200,9300
6066.0,13.6,11180000,151259203.0,13.59,13.58,13.57,13.56,13.55,13.54,13.53,13.52,13.51,13.5,13.6,13.61,13.62,13.63,13.64,13.65,13.66,13.67,13.68,13.69,300,1900,4500,8800,38000,47500,24000,22300,18800,40500,8600,11400,1600,11900,20600,73600,100,6500,31200,9300
6067.0,13.59,11180300,151263280.0,13.58,13.57,13.56,13.55,13.54,13.53,13.52,13.51,13.5,13.49,13.6,13.61,13.62,13.63,13.64,13.65,13.66,13.67,13.68,13.69,1900,4500,8800,38000,47500,24000,22300,18800,40500,600,8600,11400,1600,11900,20600,73600,100,6500,31200,9300
6068.0,13.58,11181300,151276874.0,13.58,13.57,13.56,13.55,13.54,13.53,13.52,13.51,13.5,13.49,13.6,13.61,13.62,13.63,13.64,13.65,13.66,13.67,13.68,13.69,1600,4500,8800,38000,47500,24000,22300,18800,40500,600,7900,11400,1600,11900,20600,73600,100,6500,31200,9300
6069.0,13.58,11181300,151276874.0,13.58,13.57,13.56,13.55,13.54,13.53,13.52,13.51,13.5,13.49,13.6,13.61,13.62,13.63,13.64,13.65,13.66,13.67,13.68,13.69,1600,4500,8800,38000,47500,24000,22300,18800,40500,600,7900,11400,1600,11900,20600,73600,100,6500,31200,9300
6070.0,13.58,11181300,151276874.0,13.58,13.57,13.56,13.55,13.54,13.53,13.52,13.51,13.5,13.49,13.6,13.61,13.62,13.63,13.64,13.65,13.66,13.67,13.68,13.69,1600,4500,8800,38000,47500,24000,22300,18800,40500,600,7900,11400,1600,11900,20600,73600,100,6500,31200,9300
6071.0,13.6,11182700,151295914.0,13.58,13.57,13.56,13.55,13.54,13.53,13.52,13.51,13.5,13.49,13.6,13.61,13.62,13.63,13.64,13.65,13.66,13.67,13.68,13.69,1600,4500,8800,38000,47500,24000,22300,18800,40500,600,6500,11400,1600,11900,20600,73600,100,6500,31200,9300
6072.0,13.6,11182700,151295914.0,13.58,13.57,13.56,13.55,13.54,13.53,13.52,13.51,13.5,13.49,13.6,13.61,13.62,13.63,13.64,13.65,13.66,13.67,13.68,13.69,1600,4500,8800,38000,47500,24000,22300,18800,40500,600,6500,11400,1600,11900,20600,73600,100,6500,31200,9300
6073.0,13.6,11182700,151295914.0,13.58,13.57,13.56,13.55,13.54,13.53,13.52,13.51,13.5,13.49,13.6,13.61,13.62,13.63,13.64,13.65,13.66,13.67,13.68,13.69,1600,4500,8800,38000,47500,24000,22300,18800,40500,600,6500,11400,1600,11900,20600,73600,100,6500,31200,9300
6074.0,13.6,11183300,151304074.0,13.58,13.57,13.56,13.55,13.54,13.53,13.52,13.51,13.5,13.49,13.6,13.61,13.62,13.63,13.64,13.65,13.66,13.67,13.68,13.69,1600,4500,8800,38000,47500,24000,22300,18800,40500,600,5900,11400,1600,11900,20600,73600,100,6500,31200,9300
6075.0,13.59,11183400,151305433.0,13.58,13.57,13.56,13.55,13.54,13.53,13.52,13.51,13.5,13.49,13.59,13.6,13.61,13.62,13.63,13.64,13.65,13.66,13.67,13.68,1600,4500,8800,38000,47500,24000,22300,18800,40500,600,900,5900,11400,1600,11900,20600,73600,100,6500,20800
6076.0,13.59,11184300,151317664.0,13.59,13.58,13.57,13.56,13.55,13.54,13.53,13.52,13.51,13.5,13.6,13.61,13.62,13.63,13.64,13.65,13.66,13.67,13.68,13.69,1100,1600,4500,8800,38000,47500,24000,22300,18800,40500,6000,11400,1600,11900,20600,73600,100,6500,20800,9300
6077.0,13.59,11184300,151317664.0,13.59,13.58,13.57,13.56,13.55,13.54,13.53,13.52,13.51,13.5,13.6,13.61,13.62,13.63,13.64,13.65,13.66,13.67,13.68,13.69,3500,1600,4600,8800,38000,47500,24000,22300,18800,40500,6000,11400,1600,11900,20600,73600,100,6500,20800,9300
6078.0,13.6,11185500,151333984.0,13.59,13.58,13.57,13.56,13.55,13.54,13.53,13.52,13.51,13.5,13.6,13.61,13.62,13.63,13.64,13.65,13.66,13.67,13.68,13.69,3500,1600,4600,8800,38000,47500,24000,22300,18800,40500,4800,11400,1600,11900,20600,73600,100,6500,20800,9300
6079.0,13.6,11185500,151333984.0,13.59,13.58,13.57,13.56,13.55,13.54,13.53,13.52,13.51,13.5,13.6,13.61,13.62,13.63,13.64,13.65,13.66,13.67,13.68,13.69,3500,1600,4600,8800,38000,47500,24000,22300,18800,40500,4800,11400,1600,11900,20600,73600,100,6500,20800,9300
6080.0,13.59,11186600,151348933.0,13.59,13.58,13.57,13.56,13.55,13.54,13.53,13.52,13.51,13.5,13.6,13.61,13.62,13.63,13.64,13.65,13.66,13.67,13.68,13.69,2400,1600,4600,8800,38000,47500,24000,22300,18800,40500,4800,11400,1600,11900,20600,73600,100,6500,20800,9300
6081.0,13.59,11188000,151367963.0,13.59,13.58,13.57,13.56,13.55,13.54,13.53,13.52,13.51,13.5,13.6,13.61,13.62,13.63,13.64,13.65,13.66,13.67,13.68,13.69,1400,1600,4600,8800,38000,47500,24000,22300,18800,40500,4400,11400,1600,11900,20600,73600,100,6500,20800,9300
6082.0,13.6,11188300,151372043.0,13.59,13.58,13.57,13.56,13.55,13.54,13.53,13.52,13.51,13.5,13.6,13.61,13.62,13.63,13.64,13.65,13.66,13.67,13.68,13.69,1400,1600,4600,8800,38000,47500,24000,22300,18800,40500,4100,11400,1600,11900,20600,73600,100,6500,20800,9300
6083.0,13.6,11188300,151372043.0,13.59,13.58,13.57,13.56,13.55,13.54,13.53,13.52,13.51,13.5,13.6,13.61,13.62,13.63,13.64,13.65,13.66,13.67,13.68,13.69,1400,1600,4600,8800,38000,47500,24000,22300,18800,40500,4100,11400,1600,11900,20600,73600,100,6500,20800,9300
6084.0,13.63,11206500,151619742.0,13.59,13.58,13.57,13.56,13.55,13.54,13.53,13.52,13.51,13.5,13.63,13.64,13.65,13.66,13.67,13.68,13.69,13.7,13.71,13.72,1400,1600,4600,8800,38000,47500,24000,22300,18800,40500,10800,20600,73600,100,6500,20800,9300,35900,15800,7000
6085.0,13.63,11207200,151629283.0,13.59,13.58,13.57,13.56,13.55,13.54,13.53,13.52,13.51,13.5,13.63,13.64,13.65,13.66,13.67,13.68,13.69,13.7,13.71,13.72,1900,1600,4600,8800,38000,47500,24000,22300,18800,40500,10600,20600,73600,100,6500,20800,9300,35900,15800,7000
6086.0,13.63,11207200,151629283.0,13.59,13.58,13.57,13.56,13.55,13.54,13.53,13.52,13.51,13.5,13.63,13.64,13.65,13.66,13.67,13.68,13.69,13.7,13.71,13.72,2500,1600,4600,8800,38000,47500,24000,22300,18800,40500,11200,19800,73600,100,6500,20800,9300,35900,15800,7000
6087.0,13.6,11207300,151630643.0,13.59,13.58,13.57,13.56,13.55,13.54,13.53,13.52,13.51,13.5,13.6,13.63,13.64,13.65,13.66,13.67,13.68,13.69,13.7,13.71,3200,1600,4600,8800,38000,47500,24000,22300,18800,40500,900,11900,19800,73600,100,6500,20800,9300,35900,15800
6088.0,13.6,11207300,151630643.0,13.59,13.58,13.57,13.56,13.55,13.54,13.53,13.52,13.51,13.5,13.6,13.63,13.64,13.65,13.66,13.67,13.68,13.69,13.7,13.71,3200,1600,4600,8800,38000,47500,24000,22300,18800,40500,900,11900,19800,73600,100,6500,20800,9300,35900,15800
6089.0,13.6,11207300,151630643.0,13.59,13.58,13.57,13.56,13.55,13.54,13.53,13.52,13.51,13.5,13.6,13.63,13.64,13.65,13.66,13.67,13.68,13.69,13.7,13.71,3200,1600,4600,8800,38000,47500,24000,22300,18800,40500,900,11900,19800,73600,100,6500,20800,9300,35900,15800
6090.0,13.6,11207300,151630643.0,13.59,13.58,13.57,13.56,13.55,13.54,13.53,13.52,13.51,13.5,13.6,13.61,13.63,13.64,13.65,13.66,13.67,13.68,13.69,13.7,3200,1600,4600,9100,38000,47500,24000,22300,18800,40500,900,3900,11900,19800,73600,100,6500,20800,9300,35900
6091.0,13.59,11207900,151638797.0,13.59,13.58,13.57,13.56,13.55,13.54,13.53,13.52,13.51,13.5,13.6,13.61,13.63,13.64,13.65,13.66,13.67,13.68,13.69,13.7,2600,1600,4600,9100,38000,47500,24000,22300,18800,40500,900,3900,11900,19800,73600,100,6500,20800,9300,35900
6092.0,13.6,11208800,151651037.0,13.6,13.59,13.58,13.57,13.56,13.55,13.54,13.53,13.52,13.51,13.61,13.63,13.64,13.65,13.66,13.67,13.68,13.69,13.7,13.71,600,2600,1600,4600,9100,38000,47500,24000,22300,18800,3900,11900,19800,73600,100,6500,20800,9300,35900,15800
6093.0,13.61,11209300,151657842.0,13.6,13.59,13.58,13.57,13.56,13.55,13.54,13.53,13.52,13.51,13.61,13.63,13.64,13.65,13.66,13.67,13.68,13.69,13.7,13.71,1100,2600,1600,4600,9100,38000,47500,24000,22300,18800,3400,11900,19800,73600,100,6500,20800,9300,35900,15800
6094.0,13.59,11211600,151689116.0,13.59,13.58,13.57,13.56,13.55,13.54,13.53,13.52,13.51,13.5,13.61,13.63,13.64,13.65,13.66,13.67,13.68,13.69,13.7,13.71,1900,1600,4600,9100,38000,47500,24000,22300,18800,40500,3100,11900,19800,73600,100,6500,20800,9300,35900,15800
6095.0,13.59,11211600,151689116.0,13.59,13.58,13.57,13.56,13.55,13.54,13.53,13.52,13.51,13.5,13.61,13.63,13.64,13.65,13.66,13.67,13.68,13.69,13.7,13.71,1900,1600,4600,9100,38000,47500,24000,22300,18800,40500,3100,11900,20800,73600,100,6500,20800,9300,35900,15800
6096.0,13.59,11212900,151706783.0,13.59,13.58,13.57,13.56,13.55,13.54,13.53,13.52,13.51,13.5,13.61,13.63,13.64,13.65,13.66,13.67,13.68,13.69,13.7,13.71,600,1600,4600,13600,38000,47500,24000,22300,18800,40500,3100,11900,20800,73600,100,6500,20800,9300,35900,15800
6097.0,13.59,11213100,151709501.0,13.59,13.58,13.57,13.56,13.55,13.54,13.53,13.52,13.51,13.5,13.61,13.63,13.64,13.65,13.66,13.67,13.68,13.69,13.7,13.71,400,1600,4600,13600,38000,47500,24000,22300,18800,40500,4100,11900,20800,73600,100,6500,20800,9300,35900,15800
6098.0,13.61,11213500,151714945.0,13.59,13.58,13.57,13.56,13.55,13.54,13.53,13.52,13.51,13.5,13.61,13.63,13.64,13.65,13.66,13.67,13.68,13.69,13.7,13.71,400,1600,4600,13600,38000,47500,24000,22300,18800,40500,3700,11900,20800,73600,100,6500,20800,9300,35900,15800
6099.0,13.61,11213500,151714945.0,13.59,13.58,13.57,13.56,13.55,13.54,13.53,13.52,13.51,13.5,13.6,13.61,13.63,13.64,13.65,13.66,13.67,13.68,13.69,13.7,400,1600,4600,13600,38000,47500,24000,22300,18800,40500,500,3700,11900,20800,73600,100,6500,20800,9300,35900
6100.0,13.59,11213700,151717663.0,13.59,13.58,13.57,13.56,13.55,13.54,13.53,13.52,13.51,13.5,13.6,13.61,13.63,13.64,13.65,13.66,13.67,13.68,13.69,13.7,200,1600,4600,13600,38000,47500,24000,22300,18800,40500,500,3700,11900,20800,73600,100,6500,20800,9300,35900
6101.0,13.59,11213700,151717663.0,13.59,13.58,13.57,13.56,13.55,13.54,13.53,13.52,13.51,13.5,13.6,13.61,13.62,13.63,13.64,13.65,13.66,13.67,13.68,13.69,200,1600,4600,13600,38000,47500,24000,22300,18800,40500,2700,3700,800,11900,20800,73600,100,6500,20800,9300
6102.0,13.6,11213900,151720383.0,13.59,13.58,13.57,13.56,13.55,13.54,13.53,13.52,13.51,13.5,13.6,13.61,13.62,13.63,13.64,13.65,13.66,13.67,13.68,13.69,1700,1600,4600,13600,38000,47500,24000,22300,18800,40500,2500,3700,800,11900,20800,73600,100,6500,20800,9300
6103.0,13.6,11213900,151720383.0,13.59,13.58,13.57,13.56,13.55,13.54,13.53,13.52,13.51,13.5,13.6,13.61,13.62,13.63,13.64,13.65,13.66,13.67,13.68,13.69,1700,1600,4600,13600,38000,47500,24000,22300,18800,40500,2600,3700,800,11900,20800,73600,100,6500,20800,9300
6104.0,13.59,11215100,151736693.0,13.59,13.58,13.57,13.56,13.55,13.54,13.53,13.52,13.51,13.5,13.6,13.61,13.62,13.63,13.64,13.65,13.66,13.67,13.68,13.69,700,1600,4600,13600,38000,47500,24000,22300,18800,40500,2400,3700,800,11900,20800,73600,100,6500,20800,9300
6105.0,13.58,11224700,151867068.0,13.57,13.56,13.55,13.54,13.53,13.52,13.51,13.5,13.49,13.48,13.58,13.6,13.61,13.62,13.63,13.64,13.65,13.66,13.67,13.68,4600,13600,38000,47500,24000,22300,18800,40500,600,6000,800,2400,3700,6000,11900,27600,73600,100,6500,20800
6106.0,13.58,11224700,151867068.0,13.57,13.56,13.55,13.54,13.53,13.52,13.51,13.5,13.49,13.48,13.58,13.6,13.61,13.62,13.63,13.64,13.65,13.66,13.67,13.68,4600,13600,38000,47500,24000,22300,18800,40500,600,6000,800,2400,3700,6000,11900,27600,73600,100,6500,20800
6107.0,13.58,11224700,151867068.0,13.57,13.56,13.55,13.54,13.53,13.52,13.51,13.5,13.49,13.48,13.58,13.6,13.61,13.62,13.63,13.64,13.65,13.66,13.67,13.68,4600,13600,38000,47500,24000,22300,18800,40500,600,6000,800,2400,3700,6000,11900,27600,73600,100,7500,20800
6108.0,13.58,11224700,151867068.0,13.57,13.56,13.55,13.54,13.53,13.52,13.51,13.5,13.49,13.48,13.58,13.6,13.61,13.62,13.63,13.64,13.65,13.66,13.67,13.68,4600,13600,38000,47500,24000,22300,18800,40500,600,6000,900,2400,3700,6000,11900,27600,73600,100,7500,20800
6109.0,13.57,11225900,151883352.0,13.57,13.56,13.55,13.54,13.53,13.52,13.51,13.5,13.49,13.48,13.58,13.6,13.61,13.62,13.63,13.64,13.65,13.66,13.67,13.68,3400,13600,38000,47500,24000,22300,18800,40500,600,6000,900,2400,3700,6000,11900,27600,73600,100,7500,20800
6110.0,13.57,11225900,151883352.0,13.57,13.56,13.55,13.54,13.53,13.52,13.51,13.5,13.49,13.48,13.58,13.6,13.61,13.62,13.63,13.64,13.65,13.66,13.67,13.68,3400,13600,38000,47500,24000,22300,18800,40500,600,6000,900,2400,3700,6000,11900,27600,73600,100,7500,20800
6111.0,13.57,11225900,151883352.0,13.57,13.56,13.55,13.54,13.53,13.52,13.51,13.5,13.49,13.48,13.58,13.6,13.61,13.62,13.63,13.64,13.65,13.66,13.67,13.68,3400,13600,38000,47500,24000,22300,18800,40500,600,6000,900,2400,3700,6000,11900,27600,73600,100,7500,20800
6112.0,13.57,11226400,151890137.0,13.57,13.56,13.55,13.54,13.53,13.52,13.51,13.5,13.49,13.48,13.58,13.6,13.61,13.62,13.63,13.64,13.65,13.66,13.67,13.68,2900,13600,38000,47500,24000,22300,18800,40500,600,6000,900,2400,3700,6000,11900,27600,73600,100,7500,20800
6113.0,13.58,11226500,151891495.0,13.57,13.56,13.55,13.54,13.53,13.52,13.51,13.5,13.49,13.48,13.58,13.6,13.61,13.62,13.63,13.64,13.65,13.66,13.67,13.68,2900,13600,38000,46500,24000,22300,18800,40500,600,6000,800,2400,3700,6000,11900,27600,73600,100,7500,20800
6114.0,13.57,11227400,151903709.0,13.57,13.56,13.55,13.54,13.53,13.52,13.51,13.5,13.49,13.48,13.58,13.6,13.61,13.62,13.63,13.64,13.65,13.66,13.67,13.68,2600,13600,38000,46500,24000,22300,18800,40500,600,6000,700,2400,3700,6000,11900,27600,73600,100,7500,20800
6115.0,13.57,11227400,151903709.0,13.57,13.56,13.55,13.54,13.53,13.52,13.51,13.5,13.49,13.48,13.58,13.6,13.61,13.62,13.63,13.64,13.65,13.66,13.67,13.68,2600,12600,38000,46500,24000,22300,18800,40500,600,6000,1200,2400,3700,6000,11900,27600,73600,100,7500,20800
6116.0,13.58,11227500,151905067.0,13.57,13.56,13.55,13.54,13.53,13.52,13.51,13.5,13.49,13.48,13.58,13.6,13.61,13.62,13.63,13.64,13.65,13.66,13.67,13.68,2600,12600,38000,46500,24000,22300,18800,40500,600,6000,1100,2400,3700,6000,11900,27600,73600,100,7500,20800
6117.0,13.58,11227500,151905067.0,13.57,13.56,13.55,13.54,13.53,13.52,13.51,13.5,13.49,13.48,13.58,13.6,13.61,13.62,13.63,13.64,13.65,13.66,13.67,13.68,2600,12600,38000,33500,24000,22300,18800,40500,600,6000,1100,2400,3700,6000,11900,27600,73600,100,7500,20800
6118.0,13.57,11229100,151926785.0,13.57,13.56,13.55,13.54,13.53,13.52,13.51,13.5,13.49,13.48,13.58,13.6,13.61,13.62,13.63,13.64,13.65,13.66,13.67,13.68,1600,12600,38000,33500,24000,22300,18800,40500,600,6000,500,2400,3700,6000,11900,27600,73600,4100,7500,20800
6119.0,13.57,11229100,151926785.0,13.57,13.56,13.55,13.54,13.53,13.52,13.51,13.5,13.49,13.48,13.58,13.6,13.61,13.62,13.63,13.64,13.65,13.66,13.67,13.68,1600,12600,38000,33500,24000,22300,18800,40500,600,6000,500,2400,3700,6000,11900,27600,73600,4100,7500,20800
6120.0,13.58,11229300,151929501.0,13.57,13.56,13.55,13.54,13.53,13.52,13.51,13.5,13.49,13.48,13.58,13.59,13.6,13.61,13.62,13.63,13.64,13.65,13.66,13.67,1600,12600,38000,33500,24000,22300,18800,40500,600,6000,300,1500,2400,3700,6000,11900,27600,73600,4100,7500
6121.0,13.58,11229600,151933575.0,13.58,13.57,13.56,13.55,13.54,13.53,13.52,13.51,13.5,13.49,13.59,13.6,13.61,13.62,13.63,13.64,13.65,13.66,13.67,13.68,700,1600,12600,38000,33500,24000,22300,18800,40500,600,1500,2400,3700,6000,11900,27600,73600,4100,7500,20800
6122.0,13.58,11229900,151937651.0,13.58,13.57,13.56,13.55,13.54,13.53,13.52,13.51,13.5,13.49,13.59,13.6,13.61,13.62,13.63,13.64,13.65,13.66,13.67,13.68,600,1600,12600,38000,33500,24000,22300,18800,40500,600,2600,2400,3700,6000,11900,27600,73600,4100,7500,20800
6123.0,13.58,11229900,151937651.0,13.58,13.57,13.56,13.55,13.54,13.53,13.52,13.51,13.5,13.49,13.59,13.6,13.61,13.62,13.63,13.64,13.65,13.66,13.67,13.68,600,1600,12600,38000,33500,24000,22300,18800,40500,600,2600,2400,3700,6000,11900,27600,73600,4100,7500,20800
6124.0,13.58,11229900,151937651.0,13.58,13.57,13.56,13.55,13.54,13.53,13.52,13.51,13.5,13.49,13.59,13.6,13.61,13.62,13.63,13.64,13.65,13.66,13.67,13.68,1100,1600,12600,38000,33500,24000,22300,18800,40500,600,2600,2400,3700,6000,11900,27600,73600,4100,7500,20800
6125.0,13.59,11230400,151944446.0,13.58,13.57,13.56,13.55,13.54,13.53,13.52,13.51,13.5,13.49,13.59,13.6,13.61,13.62,13.63,13.64,13.65,13.66,13.67,13.68,1100,1600,12600,38000,33500,24000,22300,18800,40500,600,2100,2400,3700,6000,11900,27600,73600,4100,7500,20800
6126.0,13.59,11230600,151947164.0,13.58,13.57,13.56,13.55,13.54,13.53,13.52,13.51,13.5,13.49,13.59,13.6,13.61,13.62,13.63,13.64,13.65,13.66,13.67,13.68,1100,1600,12600,38000,33500,24000,22300,18800,40500,600,1900,6400,3700,6000,11900,27600,73600,4100,7500,20800
6127.0,13.59,11230600,151947164.0,13.58,13.57,13.56,13.55,13.54,13.53,13.52,13.51,13.5,13.49,13.59,13.6,13.61,13.62,13.63,13.64,13.65,13.66,13.67,13.68,1100,1600,12600,38000,33500,24000,22300,18800,40500,600,1900,6400,3700,6000,11900,27600,73600,4100,7500,20800
6128.0,13.59,11230600,151947164.0,13.58,13.57,13.56,13.55,13.54,13.53,13.52,13.51,13.5,13.49,13.59,13.6,13.61,13.62,13.63,13.64,13.65,13.66,13.67,13.68,1100,1600,12600,38000,33500,24000,22300,18800,40500,600,1900,4200,3700,6000,11900,27600,73600,4100,7500,20800
6129.0,13.57,11232300,151970248.0,13.57,13.56,13.55,13.54,13.53,13.52,13.51,13.5,13.49,13.48,13.59,13.6,13.61,13.62,13.63,13.64,13.65,13.66,13.67,13.68,1200,12600,38000,33500,24000,22300,18800,40500,600,6000,1700,4100,3700,6000,11900,27600,73600,4100,7500,20800
6130.0,13.57,11232300,151970248.0,13.57,13.56,13.55,13.54,13.53,13.52,13.51,13.5,13.49,13.48,13.59,13.6,13.61,13.62,13.63,13.64,13.65,13.66,13.67,13.68,1200,12600,38000,33500,24000,22300,18800,40500,600,6000,1700,4100,3700,6000,11900,27600,73600,4100,7500,20800
6131.0,13.57,11232500,151972964.0,13.57,13.56,13.55,13.54,13.53,13.52,13.51,13.5,13.49,13.48,13.59,13.6,13.61,13.62,13.63,13.64,13.65,13.66,13.67,13.68,1400,12600,38000,33500,24000,22300,18800,40500,600,6000,1900,4100,3700,6000,11900,27600,73600,4100,7500,20800
6132.0,13.57,11232500,151972964.0,13.57,13.56,13.55,13.54,13.53,13.52,13.51,13.5,13.49,13.48,13.59,13.6,13.61,13.62,13.63,13.64,13.65,13.66,13.67,13.68,1400,12600,38000,33500,24000,22300,18800,40500,600,6000,1900,4100,3700,6000,11900,27600,73900,4100,7500,20800
6133.0,13.57,11232500,151972964.0,13.57,13.56,13.55,13.54,13.53,13.52,13.51,13.5,13.49,13.48,13.59,13.6,13.61,13.62,13.63,13.64,13.65,13.66,13.67,13.68,1700,12600,38000,33500,24000,22300,18800,40500,600,6000,2200,4100,3700,6000,11900,27600,73900,4100,7500,20800
6134.0,13.57,11232500,151972964.0,13.57,13.56,13.55,13.54,13.53,13.52,13.51,13.5,13.49,13.48,13.59,13.6,13.61,13.62,13.63,13.64,13.65,13.66,13.67,13.68,7400,12600,38000,33500,24000,22300,18800,40500,600,6000,2200,4100,1000,6000,11900,27600,73900,4100,7500,20800
6135.0,13.57,11233400,151985181.0,13.57,13.56,13.55,13.54,13.53,13.52,13.51,13.5,13.49,13.48,13.59,13.6,13.61,13.62,13.63,13.64,13.65,13.66,13.67,13.68,6700,12600,38000,33500,24000,22300,18800,40500,600,6000,2000,4100,1000,6000,11900,27600,73900,4100,7500,20800
6136.0,13.57,11233700,151989256.0,13.57,13.56,13.55,13.54,13.53,13.52,13.51,13.5,13.49,13.48,13.59,13.6,13.61,13.62,13.63,13.64,13.65,13.66,13.67,13.68,6900,12600,38000,33500,24000,22300,18800,40500,600,6000,2100,4100,1000,6000,11900,27600,73900,4100,7500,20800
6137.0,13.57,11235200,152009619.0,13.57,13.56,13.55,13.54,13.53,13.52,13.51,13.5,13.49,13.48,13.59,13.6,13.61,13.62,13.63,13.64,13.65,13.66,13.67,13.68,5800,12600,38000,33500,24000,22300,18800,40500,600,6000,1700,4100,1000,6000,11900,27600,73900,4100,7500,20800
6138.0,13.59,11235300,152010978.0,13.57,13.56,13.55,13.54,13.53,13.52,13.51,13.5,13.49,13.48,13.59,13.6,13.61,13.62,13.63,13.64,13.65,13.66,13.67,13.68,6100,12600,38000,33500,24000,22300,18800,40500,600,6000,1900,4100,1000,6000,11900,27600,73900,4100,7500,20800
6139.0,13.59,11235300,152010978.0,13.58,13.57,13.56,13.55,13.54,13.53,13.52,13.51,13.5,13.49,13.59,13.6,13.61,13.62,13.63,13.64,13.65,13.66,13.67,13.68,100,7100,12600,38000,33500,24000,22300,18800,40500,600,1900,4100,1000,6000,11900,27600,73900,4100,7500,20800
6140.0,13.59,11235300,152010978.0,13.58,13.57,13.56,13.55,13.54,13.53,13.52,13.51,13.5,13.49,13.59,13.6,13.61,13.62,13.63,13.64,13.65,13.66,13.67,13.68,100,7100,12600,38000,33500,24000,22300,18800,40500,600,1900,4100,1000,6000,11900,27600,73900,4100,7500,20800
6141.0,13.59,11235400,152012337.0,13.58,13.57,13.56,13.55,13.54,13.53,13.52,13.51,13.5,13.49,13.59,13.6,13.61,13.62,13.63,13.64,13.65,13.66,13.67,13.68,100,7100,12600,38000,33500,24000,22300,18800,40500,600,1800,4100,1000,6000,11900,27600,73900,4100,7500,20800
6142.0,13.59,11235400,152012337.0,13.58,13.57,13.56,13.55,13.54,13.53,13.52,13.51,13.5,13.49,13.59,13.6,13.61,13.62,13.63,13.64,13.65,13.66,13.67,13.68,100,7100,12600,38000,33500,24000,22300,18800,40500,600,1800,4100,1000,6000,11900,27600,73900,4100,7500,20800
6143.0,13.59,11235600,152015055.0,13.58,13.57,13.56,13.55,13.54,13.53,13.52,13.51,13.5,13.49,13.59,13.6,13.61,13.62,13.63,13.64,13.65,13.66,13.67,13.68,100,7100,12600,38000,33500,24000,22300,18800,40500,600,1600,4100,1000,6000,11900,27600,73900,4100,7500,20800
6144.0,13.58,11236100,152021849.0,13.57,13.56,13.55,13.54,13.53,13.52,13.51,13.5,13.49,13.48,13.58,13.59,13.6,13.61,13.62,13.63,13.64,13.65,13.66,13.67,7100,12600,38000,33500,24000,22300,18800,40500,600,6000,3800,1200,4100,1000,6000,11900,27600,73900,4100,7500
6145.0,13.58,11236200,152023207.0,13.57,13.56,13.55,13.54,13.53,13.52,13.51,13.5,13.49,13.48,13.58,13.59,13.6,13.61,13.62,13.63,13.64,13.65,13.66,13.67,7100,12600,38000,33500,24000,22300,18800,40500,600,6000,3700,1200,4100,1000,6000,11900,27600,73900,4100,7500
6146.0,13.58,11236700,152029997.0,13.57,13.56,13.55,13.54,13.53,13.52,13.51,13.5,13.49,13.48,13.58,13.59,13.6,13.61,13.62,13.63,13.64,13.65,13.66,13.67,7100,12600,38000,33500,24000,22300,18800,40500,600,6000,3200,1200,4100,1000,6000,11900,27600,73900,4100,7500
6147.0,13.58,11236700,152029997.0,13.57,13.56,13.55,13.54,13.53,13.52,13.51,13.5,13.49,13.48,13.58,13.59,13.6,13.61,13.62,13.63,13.64,13.65,13.66,13.67,7100,12600,38000,33500,22900,22300,18800,40500,600,6000,3200,1200,4100,1000,6000,11900,27600,73900,4100,7500
6148.0,13.58,11237300,152038145.0,13.57,13.56,13.55,13.54,13.53,13.52,13.51,13.5,13.49,13.48,13.58,13.59,13.6,13.61,13.62,13.63,13.64,13.65,13.66,13.67,7100,12600,38000,33500,22900,22300,18800,40500,600,6000,2600,1200,4100,1000,6000,11900,27600,73900,4100,7500
6149.0,13.58,11237500,152040861.0,13.57,13.56,13.55,13.54,13.53,13.52,13.51,13.5,13.49,13.48,13.58,13.59,13.6,13.61,13.62,13.63,13.64,13.65,13.66,13.67,7100,12700,38000,33500,22900,22300,18800,40500,600,6000,2400,1200,4100,1000,6000,11900,27600,73900,4100,7500
6150.0,13.58,11237700,152043577.0,13.57,13.56,13.55,13.54,13.53,13.52,13.51,13.5,13.49,13.48,13.58,13.59,13.6,13.61,13.62,13.63,13.64,13.65,13.66,13.67,7100,12700,38000,33500,22900,22300,18800,40500,600,6000,2200,1200,4100,1000,6000,11900,27600,73900,4100,7500
6151.0,13.58,11237700,152043577.0,13.57,13.56,13.55,13.54,13.53,13.52,13.51,13.5,13.49,13.48,13.58,13.59,13.6,13.61,13.62,13.63,13.64,13.65,13.66,13.67,7100,12700,38000,33500,22900,22300,18800,40500,600,6000,2200,1200,4100,1000,6000,11900,27600,73900,4100,7500
6152.0,13.58,11237700,152043577.0,13.57,13.56,13.55,13.54,13.53,13.52,13.51,13.5,13.49,13.48,13.58,13.59,13.6,13.61,13.62,13.63,13.64,13.65,13.66,13.67,7400,12700,38000,33500,22900,22300,18800,40500,600,6000,2200,1200,4100,1000,6000,11900,27600,73900,4100,7500
6153.0,13.58,11239400,152066663.0,13.57,13.56,13.55,13.54,13.53,13.52,13.51,13.5,13.49,13.48,13.58,13.59,13.6,13.61,13.62,13.63,13.64,13.65,13.66,13.67,7400,14700,38000,33500,22900,22300,18800,40500,600,6000,500,1200,4100,1000,6000,11900,27600,73900,4100,7500
6154.0,13.58,11239500,152068021.0,13.57,13.56,13.55,13.54,13.53,13.52,13.51,13.5,13.49,13.48,13.58,13.59,13.6,13.61,13.62,13.63,13.64,13.65,13.66,13.67,7400,14700,38000,33500,22900,22300,18800,40500,600,6000,400,1200,4100,1000,6000,11900,27600,73900,4100,7500
6155.0,13.58,11239900,152073453.0,13.58,13.57,13.56,13.55,13.54,13.53,13.52,13.51,13.5,13.49,13.59,13.6,13.61,13.62,13.63,13.64,13.65,13.66,13.67,13.68,600,7400,14700,38000,33500,22900,22300,18800,40500,600,1200,4100,1000,6000,11900,27600,73900,4100,7500,20800
6156.0,13.58,11240600,152082960.0,13.57,13.56,13.55,13.54,13.53,13.52,13.51,13.5,13.49,13.48,13.59,13.6,13.61,13.62,13.63,13.64,13.65,13.66,13.67,13.68,7400,14700,38000,33500,22900,22300,18800,40500,600,6000,1100,4100,1000,6000,11900,27600,73900,4100,7500,20800
6157.0,13.59,11240700,152084319.0,13.58,13.57,13.56,13.55,13.54,13.53,13.52,13.51,13.5,13.49,13.59,13.6,13.61,13.62,13.63,13.64,13.65,13.66,13.67,13.68,800,7600,15800,38000,33500,22900,22300,18800,40500,600,1200,4100,1000,6000,11900,27600,73900,4100,7500,20800
6158.0,13.58,11241200,152091109.0,13.58,13.57,13.56,13.55,13.54,13.53,13.52,13.51,13.5,13.49,13.59,13.6,13.61,13.62,13.63,13.64,13.65,13.66,13.67,13.68,300,7600,15800,38000,33500,22900,22300,18800,40500,600,1200,4100,1000,6000,11900,27600,73900,4100,7500,20800
6159.0,13.59,11241500,152095186.0,13.58,13.57,13.56,13.55,13.54,13.53,13.52,13.51,13.5,13.49,13.59,13.6,13.61,13.62,13.63,13.64,13.65,13.66,13.67,13.68,300,7600,15800,38000,33500,22900,22300,18800,40500,600,900,4100,1000,6000,11900,27600,73900,4100,7500,20800
6160.0,13.59,11241500,152095186.0,13.58,13.57,13.56,13.55,13.54,13.53,13.52,13.51,13.5,13.49,13.59,13.6,13.61,13.62,13.63,13.64,13.65,13.66,13.67,13.68,300,8600,15800,38000,33500,22900,22300,18800,40500,600,900,4100,1000,6000,11900,27600,73900,4100,7500,20800
6161.0,13.59,11241500,152095186.0,13.58,13.57,13.56,13.55,13.54,13.53,13.52,13.51,13.5,13.49,13.59,13.6,13.61,13.62,13.63,13.64,13.65,13.66,13.67,13.68,300,8600,15800,38000,33500,22900,22300,18800,40500,600,900,4100,1000,6000,11900,27600,73900,4100,7500,20800
6162.0,13.58,11241600,152096544.0,13.58,13.57,13.56,13.55,13.54,13.53,13.52,13.51,13.5,13.49,13.59,13.6,13.61,13.62,13.63,13.64,13.65,13.66,13.67,13.68,200,8600,15800,38000,33500,22900,22300,18800,40500,600,900,4100,1000,6000,11900,27600,73900,4100,7500,20800
6163.0,13.57,11242600,152110116.0,13.57,13.56,13.55,13.54,13.53,13.52,13.51,13.5,13.49,13.48,13.59,13.6,13.61,13.62,13.63,13.64,13.65,13.66,13.67,13.68,7800,15800,38000,33500,22900,22300,18800,40500,600,6000,900,4100,1000,6000,11900,27600,73900,4100,7500,20800
6164.0,13.57,11242600,152110116.0,13.57,13.56,13.55,13.54,13.53,13.52,13.51,13.5,13.49,13.48,13.59,13.6,13.61,13.62,13.63,13.64,13.65,13.66,13.67,13.68,7900,15800,38000,33500,22900,22300,18800,40500,600,6000,1000,4100,1000,6000,11900,27600,73900,4100,7500,20800
6165.0,13.59,11242800,152112834.0,13.57,13.56,13.55,13.54,13.53,13.52,13.51,13.5,13.49,13.48,13.59,13.6,13.61,13.62,13.63,13.64,13.65,13.66,13.67,13.68,7900,15800,38000,33500,22900,22300,18800,40500,600,6000,800,4100,1000,6000,11900,27600,73900,4100,7500,20800
6166.0,13.57,11243100,152116905.0,13.57,13.56,13.55,13.54,13.53,13.52,13.51,13.5,13.49,13.48,13.59,13.6,13.61,13.62,13.63,13.64,13.65,13.66,13.67,13.68,7600,15800,38000,33500,22900,22300,18800,40500,600,6000,800,4100,1000,6000,11900,27600,73900,4100,7500,20800
6167.0,13.57,11243100,152116905.0,13.57,13.56,13.55,13.54,13.53,13.52,13.51,13.5,13.49,13.48,13.59,13.6,13.61,13.62,13.63,13.64,13.65,13.66,13.67,13.68,7700,15800,38000,33500,22900,22300,18800,40500,600,6000,900,4100,1000,6000,11900,27600,73900,4100,7500,20800
6168.0,13.57,11243100,152116905.0,13.57,13.56,13.55,13.54,13.53,13.52,13.51,13.5,13.49,13.48,13.59,13.6,13.61,13.62,13.63,13.64,13.65,13.66,13.67,13.68,7700,15800,38000,33500,22900,22300,18800,40500,600,6000,900,4100,1000,6000,11900,27600,73900,4100,7500,20800
6169.0,13.57,11243100,152116905.0,13.57,13.56,13.55,13.54,13.53,13.52,13.51,13.5,13.49,13.48,13.59,13.6,13.61,13.62,13.63,13.64,13.65,13.66,13.67,13.68,7700,15800,38000,33500,22900,22300,18800,40500,600,6000,1000,4100,1000,6000,11900,27600,73900,4100,7500,20800
6170.0,13.57,11243100,152116905.0,13.57,13.56,13.55,13.54,13.53,13.52,13.51,13.5,13.49,13.48,13.59,13.6,13.61,13.62,13.63,13.64,13.65,13.66,13.67,13.68,7800,15800,38000,33500,22900,22300,18800,40500,600,6000,1000,4100,1000,6000,11900,27600,73900,4100,7500,20800
6171.0,13.59,11243400,152120982.0,13.57,13.56,13.55,13.54,13.53,13.52,13.51,13.5,13.49,13.48,13.59,13.6,13.61,13.62,13.63,13.64,13.65,13.66,13.67,13.68,10800,15800,38000,33500,22900,22300,18800,40500,600,6000,700,4100,1000,6000,11900,27600,73900,4100,7500,20800
6172.0,13.59,11243400,152120982.0,13.57,13.56,13.55,13.54,13.53,13.52,13.51,13.5,13.49,13.48,13.59,13.6,13.61,13.62,13.63,13.64,13.65,13.66,13.67,13.68,10900,15800,38000,33500,22900,22300,18800,40500,600,6000,800,4100,1000,6000,11900,27600,73900,4100,7500,20800
6173.0,13.59,11243400,152120982.0,13.58,13.57,13.56,13.55,13.54,13.53,13.52,13.51,13.5,13.49,13.59,13.6,13.61,13.62,13.63,13.64,13.65,13.66,13.67,13.68,100,10900,15800,38000,33500,22900,22300,18800,40500,600,800,4100,1000,6000,11900,27600,73900,4100,7500,20800
6174.0,13.59,11243400,152120982.0,13.58,13.57,13.56,13.55,13.54,13.53,13.52,13.51,13.5,13.49,13.59,13.6,13.61,13.62,13.63,13.64,13.65,13.66,13.67,13.68,2100,10900,15800,38000,33500,22900,22300,18800,40500,600,800,4100,1000,6000,11900,27600,73900,4100,7500,20800
6175.0,13.59,11243400,152120982.0,13.58,13.57,13.56,13.55,13.54,13.53,13.52,13.51,13.5,13.49,13.59,13.6,13.61,13.62,13.63,13.64,13.65,13.66,13.67,13.68,2900,10900,15800,38000,33500,22900,22300,18800,40500,600,800,4100,1000,6000,11900,27600,73900,4100,7500,20800
6176.0,13.59,11243400,152120982.0,13.58,13.57,13.56,13.55,13.54,13.53,13.52,13.51,13.5,13.49,13.59,13.6,13.61,13.62,13.63,13.64,13.65,13.66,13.67,13.68,2900,10900,16800,38000,33500,22900,22300,18800,40500,600,800,4100,1000,6000,11900,27600,73900,4100,7500,20800
6177.0,13.59,11243400,152120982.0,13.58,13.57,13.56,13.55,13.54,13.53,13.52,13.51,13.5,13.49,13.59,13.6,13.61,13.62,13.63,13.64,13.65,13.66,13.67,13.68,2900,10900,16800,38000,33500,23900,22300,18800,40500,600,800,4100,1000,6000,11900,27600,73900,4100,7500,20800
6178.0,13.59,11243400,152120982.0,13.58,13.57,13.56,13.55,13.54,13.53,13.52,13.51,13.5,13.49,13.59,13.6,13.61,13.62,13.63,13.64,13.65,13.66,13.67,13.68,2900,10900,16800,38000,33500,23900,22300,18800,38500,600,800,4100,1000,6000,11900,27600,73900,4100,7500,20800
6179.0,13.59,11243400,152120982.0,13.58,13.57,13.56,13.55,13.54,13.53,13.52,13.51,13.5,13.49,13.59,13.6,13.61,13.62,13.63,13.64,13.65,13.66,13.67,13.68,2900,15100,16800,38000,33500,23900,22300,18800,38500,600,800,4100,1000,6000,11900,27600,73900,4100,7500,20800
6180.0,13.59,11243400,152120982.0,13.58,13.57,13.56,13.55,13.54,13.53,13.52,13.51,13.5,13.49,13.59,13.6,13.61,13.62,13.63,13.64,13.65,13.66,13.67,13.68,2900,15100,16800,38000,33500,23900,22300,18800,38500,600,800,4100,1000,6000,11900,27600,73900,4100,7500,20800
6181.0,13.59,11243400,152120982.0,13.58,13.57,13.56,13.55,13.54,13.53,13.52,13.51,13.5,13.49,13.59,13.6,13.61,13.62,13.63,13.64,13.65,13.66,13.67,13.68,2900,15100,16700,38000,33500,23900,22300,18800,38500,600,800,4100,1000,6000,11900,27600,73900,4100,7500,20800
6182.0,13.59,11243500,152122341.0,13.58,13.57,13.56,13.55,13.54,13.53,13.52,13.51,13.5,13.49,13.59,13.6,13.61,13.62,13.63,13.64,13.65,13.66,13.67,13.68,2900,15100,16700,38000,33500,23900,22300,18800,38500,600,700,4100,1000,6000,11900,27600,73900,4100,7500,20800
6183.0,13.58,11245200,152145427.0,13.58,13.57,13.56,13.55,13.54,13.53,13.52,13.51,13.5,13.49,13.59,13.6,13.61,13.62,13.63,13.64,13.65,13.66,13.67,13.68,1200,15100,16700,38000,33500,23900,22300,18800,38500,600,700,4100,1000,6000,11900,27600,73900,4000,7500,20800
6184.0,13.58,11245200,152145427.0,13.58,13.57,13.56,13.55,13.54,13.53,13.52,13.51,13.5,13.49,13.59,13.6,13.61,13.62,13.63,13.64,13.65,13.66,13.67,13.68,1200,15100,16700,38000,33500,23900,22300,18800,38500,600,700,4100,1000,6000,11900,27600,73900,4000,7500,20800
6185.0,13.58,11245200,152145427.0,13.58,13.57,13.56,13.55,13.54,13.53,13.52,13.51,13.5,13.49,13.59,13.6,13.61,13.62,13.63,13.64,13.65,13.66,13.67,13.68,1200,15100,16700,38000,33500,23900,22300,18800,38500,600,700,4100,1000,6000,11900,27600,73900,4000,7500,20800
6186.0,13.58,11245200,152145427.0,13.58,13.57,13.56,13.55,13.54,13.53,13.52,13.51,13.5,13.49,13.59,13.6,13.61,13.62,13.63,13.64,13.65,13.66,13.67,13.68,1200,15100,16700,38000,33500,23900,22300,18800,38500,600,700,4100,1000,6000,11900,27600,73900,4000,7500,20800
6187.0,13.58,11245200,152145427.0,13.58,13.57,13.56,13.55,13.54,13.53,13.52,13.51,13.5,13.49,13.59,13.6,13.61,13.62,13.63,13.64,13.65,13.66,13.67,13.68,1200,15100,16700,38000,33500,23900,22300,18800,38500,600,700,4400,1000,6000,11900,27600,73900,4000,7500,20800
6188.0,13.58,11245200,152145427.0,13.58,13.57,13.56,13.55,13.54,13.53,13.52,13.51,13.5,13.49,13.59,13.6,13.61,13.62,13.63,13.64,13.65,13.66,13.67,13.68,1200,15100,16700,38000,33500,23900,22300,18500,38500,600,700,4400,1000,6000,11900,27600,73900,4000,7500,20800
6189.0,13.58,11245200,152145427.0,13.58,13.57,13.56,13.55,13.54,13.53,13.52,13.51,13.5,13.49,13.59,13.6,13.61,13.62,13.63,13.64,13.65,13.66,13.67,13.68,1200,15100,16700,38000,33500,23900,22300,18500,38500,600,700,4400,1000,6000,11900,27600,73900,4000,7500,20800
6190.0,13.58,11245200,152145427.0,13.58,13.57,13.56,13.55,13.54,13.53,13.52,13.51,13.5,13.49,13.59,13.6,13.61,13.62,13.63,13.64,13.65,13.66,13.67,13.68,1200,15100,16700,38000,33500,23900,22300,18500,38500,600,900,4400,1000,6000,11900,27600,73900,4000,7500,20800
6191.0,13.58,11246400,152161723.0,13.57,13.56,13.55,13.54,13.53,13.52,13.51,13.5,13.49,13.48,13.58,13.59,13.6,13.61,13.62,13.63,13.64,13.65,13.66,13.67,15200,16700,38000,33500,23900,22300,18500,38500,600,6000,1300,900,4500,1000,6000,11900,27600,73900,4000,7500
6192.0,13.58,11246500,152163081.0,13.57,13.56,13.55,13.54,13.53,13.52,13.51,13.5,13.49,13.48,13.58,13.59,13.6,13.61,13.62,13.63,13.64,13.65,13.66,13.67,15200,16700,38000,33500,23900,22300,18500,38500,600,6000,1200,900,4500,1000,6000,11900,27600,73900,4000,7500
6193.0,13.58,11246600,152164439.0,13.57,13.56,13.55,13.54,13.53,13.52,13.51,13.5,13.49,13.48,13.58,13.59,13.6,13.61,13.62,13.63,13.64,13.65,13.66,13.67,15200,16700,38000,33500,23900,22300,18500,38500,600,6000,1100,900,4500,1000,6000,11900,28300,73900,4000,7500
6194.0,13.58,11246800,152167155.0,13.57,13.56,13.55,13.54,13.53,13.52,13.51,13.5,13.49,13.48,13.58,13.59,13.6,13.61,13.62,13.63,13.64,13.65,13.66,13.67,15200,16700,38000,33500,23900,22100,18500,38500,600,6000,900,900,4500,1000,6000,11900,28300,73900,4000,7500
6195.0,13.58,11246800,152167155.0,13.57,13.56,13.55,13.54,13.53,13.52,13.51,13.5,13.49,13.48,13.58,13.59,13.6,13.61,13.62,13.63,13.64,13.65,13.66,13.67,15200,16700,38000,33500,23900,22100,18500,38500,600,6000,900,900,4500,1000,6000,11900,28300,73900,4000,7500
6196.0,13.58,11246800,152167155.0,13.57,13.56,13.55,13.54,13.53,13.52,13.51,13.5,13.49,13.48,13.58,13.59,13.6,13.61,13.62,13.63,13.64,13.65,13.66,13.67,15200,16700,38000,33500,23900,22100,18500,38500,600,6000,900,900,4500,1000,6000,11900,28300,73900,4000,7500
6197.0,13.58,11246800,152167155.0,13.57,13.56,13.55,13.54,13.53,13.52,13.51,13.5,13.49,13.48,13.58,13.59,13.6,13.61,13.62,13.63,13.64,13.65,13.66,13.67,15200,16700,38000,33500,23900,22100,18500,38500,600,6000,900,900,4500,1000,6000,11900,28300,73900,4000,7500
6198.0,13.58,11246800,152167155.0,13.57,13.56,13.55,13.54,13.53,13.52,13.51,13.5,13.49,13.48,13.58,13.59,13.6,13.61,13.62,13.63,13.64,13.65,13.66,13.67,15200,16700,38000,33500,23900,22100,18500,38500,600,6000,900,900,4500,1000,6000,11900,28300,73900,4000,7500
6199.0,13.58,11246800,152167155.0,13.57,13.56,13.55,13.54,13.53,13.52,13.51,13.5,13.49,13.48,13.58,13.59,13.6,13.61,13.62,13.63,13.64,13.65,13.66,13.67,15200,19700,38000,33500,23900,22100,18500,38500,600,6000,900,900,4500,1000,6000,11900,28300,73900,4000,7500
6200.0,13.58,11246800,152167155.0,13.57,13.56,13.55,13.54,13.53,13.52,13.51,13.5,13.49,13.48,13.58,13.59,13.6,13.61,13.62,13.63,13.64,13.65,13.66,13.67,15200,19700,38000,33500,23900,22100,18500,38500,600,6000,900,900,4500,1000,6000,11900,28300,73900,4000,7500
6201.0,13.58,11246800,152167155.0,13.57,13.56,13.55,13.54,13.53,13.52,13.51,13.5,13.49,13.48,13.58,13.59,13.6,13.61,13.62,13.63,13.64,13.65,13.66,13.67,15200,19700,38000,33500,23900,22100,18500,38500,600,6000,900,900,4500,1000,6000,11900,31300,73900,4000,7500
6202.0,13.59,11248200,152186172.0,13.58,13.57,13.56,13.55,13.54,13.53,13.52,13.51,13.5,13.49,13.59,13.6,13.61,13.62,13.63,13.64,13.65,13.66,13.67,13.68,500,15200,19700,38000,33500,23900,22100,18500,38500,600,400,4500,1000,6000,11900,31300,73900,4000,7500,20800
6203.0,13.57,11248800,152194319.0,13.57,13.56,13.55,13.54,13.53,13.52,13.51,13.5,13.49,13.48,13.59,13.6,13.61,13.62,13.63,13.64,13.65,13.66,13.67,13.68,15100,19700,38000,33500,23900,22100,18500,38500,600,6000,400,4500,1000,6000,11900,31300,73900,4000,7500,20800
6204.0,13.57,11248800,152194319.0,13.58,13.57,13.56,13.55,13.54,13.53,13.52,13.51,13.5,13.49,13.59,13.6,13.61,13.62,13.63,13.64,13.65,13.66,13.67,13.68,600,15100,19700,38000,33500,23900,22100,18500,38500,600,400,4500,1000,6000,11900,31300,73900,4000,7500,20800
6205.0,13.59,11248900,152195678.0,13.58,13.57,13.56,13.55,13.54,13.53,13.52,13.51,13.5,13.49,13.59,13.6,13.61,13.62,13.63,13.64,13.65,13.66,13.67,13.68,600,15100,19700,38000,33500,23900,22100,18500,38500,600,300,4500,1000,6000,11900,31300,73900,4000,7500,20800
6206.0,13.59,11248900,152195678.0,13.58,13.57,13.56,13.55,13.54,13.53,13.52,13.51,13.5,13.49,13.59,13.6,13.61,13.62,13.63,13.64,13.65,13.66,13.67,13.68,600,15100,19700,38000,33500,23900,22100,18500,38500,600,300,4500,1000,6000,11900,31300,73900,4000,7500,20800
6207.0,13.59,11248900,152195678.0,13.58,13.57,13.56,13.55,13.54,13.53,13.52,13.51,13.5,13.49,13.59,13.6,13.61,13.62,13.63,13.64,13.65,13.66,13.67,13.68,600,15100,19700,38000,33500,23900,22100,18500,38500,600,300,4500,1000,6000,11900,31300,73900,4000,7500,20800
6208.0,13.59,11248900,152195678.0,13.58,13.57,13.56,13.55,13.54,13.53,13.52,13.51,13.5,13.49,13.59,13.6,13.61,13.62,13.63,13.64,13.65,13.66,13.67,13.68,2800,15100,19700,38000,33500,23900,22100,18500,38500,600,300,4500,1000,6000,11900,31300,73900,4000,7500,20800
6209.0,13.57,11252300,152241844.0,13.57,13.56,13.55,13.54,13.53,13.52,13.51,13.5,13.49,13.48,13.59,13.6,13.61,13.62,13.63,13.64,13.65,13.66,13.67,13.68,14500,19700,38000,33500,23900,22100,18600,38500,100,6000,300,4500,1000,6000,11900,31300,73900,4000,7500,20800
6210.0,13.57,11252300,152241844.0,13.57,13.56,13.55,13.54,13.53,13.52,13.51,13.5,13.49,13.48,13.59,13.6,13.61,13.62,13.63,13.64,13.65,13.66,13.67,13.68,14500,19700,38000,46500,23900,22100,18600,38500,100,6000,300,4500,1000,6000,11900,31300,73900,4000,7500,20800
6211.0,13.57,11252300,152241844.0,13.57,13.56,13.55,13.54,13.53,13.52,13.51,13.5,13.49,13.48,13.59,13.6,13.61,13.62,13.63,13.64,13.65,13.66,13.67,13.68,14500,19700,38000,46500,23900,22100,18600,38500,100,6000,300,4500,1000,6000,11900,31300,73900,4000,7500,20800
6212.0,13.57,11252300,152241844.0,13.57,13.56,13.55,13.54,13.53,13.52,13.51,13.5,13.49,13.48,13.59,13.6,13.61,13.62,13.63,13.64,13.65,13.66,13.67,13.68,14500,19700,38000,46500,26900,22100,18600,38500,100,6000,300,4500,1000,6000,11900,31300,73900,4000,7500,20800
6213.0,13.57,11252300,152241844.0,13.57,13.56,13.55,13.54,13.53,13.52,13.51,13.5,13.49,13.48,13.58,13.59,13.6,13.61,13.62,13.63,13.64,13.65,13.66,13.67,14500,19700,38000,46500,26900,22100,18600,38500,100,6000,1300,300,4500,1000,6000,11900,31300,73900,4000,7500
6214.0,13.58,11252400,152243202.0,13.57,13.56,13.55,13.54,13.53,13.52,13.51,13.5,13.49,13.48,13.58,13.59,13.6,13.61,13.62,13.63,13.64,13.65,13.66,13.67,14500,19700,38000,46500,26900,22100,18600,38500,100,6000,1200,300,4500,1000,6000,11900,31300,73900,4000,7500
6215.0,13.58,11252500,152244560.0,13.57,13.56,13.55,13.54,13.53,13.52,13.51,13.5,13.49,13.48,13.58,13.59,13.6,13.61,13.62,13.63,13.64,13.65,13.66,13.67,14500,19700,38000,46500,26900,22100,18600,38500,100,6000,1100,300,4500,1000,6000,11900,24500,73900,4000,7500
6216.0,13.58,11252700,152247276.0,13.57,13.56,13.55,13.54,13.53,13.52,13.51,13.5,13.49,13.48,13.58,13.59,13.6,13.61,13.62,13.63,13.64,13.65,13.66,13.67,14500,19700,38000,46500,26900,22100,18600,38500,100,6000,1700,300,4500,1000,6000,11900,24500,73900,4000,7500
6217.0,13.58,11252700,152247276.0,13.57,13.56,13.55,13.54,13.53,13.52,13.51,13.5,13.49,13.48,13.58,13.59,13.6,13.61,13.62,13.63,13.64,13.65,13.66,13.67,14500,19700,38000,46500,26900,22100,18600,38500,100,6000,1700,300,4500,1000,6000,11900,24500,73900,4000,7500
6218.0,13.58,11252800,152248634.0,13.57,13.56,13.55,13.54,13.53,13.52,13.51,13.5,13.49,13.48,13.58,13.59,13.6,13.61,13.62,13.63,13.64,13.65,13.66,13.67,14500,19700,38000,48200,26900,22100,18600,38500,100,6000,1600,300,4500,1000,6000,11900,24500,73900,4000,7500
6219.0,13.58,11252800,152248634.0,13.57,13.56,13.55,13.54,13.53,13.52,13.51,13.5,13.49,13.48,13.58,13.59,13.6,13.61,13.62,13.63,13.64,13.65,13.66,13.67,14500,19700,38000,48200,26900,22100,18600,38500,100,6000,1600,300,4500,1000,6000,11900,24500,73900,4000,7500
6220.0,13.57,11253800,152262204.0,13.57,13.56,13.55,13.54,13.53,13.52,13.51,13.5,13.49,13.48,13.58,13.59,13.6,13.61,13.62,13.63,13.64,13.65,13.66,13.67,13500,19700,38000,48200,26900,22100,18600,38500,100,6000,1600,300,8000,1000,6000,11900,24500,73900,4000,7500
6221.0,13.58,11253900,152263562.0,13.57,13.56,13.55,13.54,13.53,13.52,13.51,13.5,13.49,13.48,13.58,13.59,13.6,13.61,13.62,13.63,13.64,13.65,13.66,13.67,13500,19700,38000,48200,26900,22100,18600,38500,100,6000,1500,300,8000,1000,6000,11900,24500,73900,4000,7500
6222.0,13.58,11254000,152264920.0,13.57,13.56,13.55,13.54,13.53,13.52,13.51,13.5,13.49,13.48,13.58,13.59,13.6,13.61,13.62,13.63,13.64,13.65,13.66,13.67,13500,19700,38000,48200,26900,22100,18600,38500,100,6000,1400,300,8000,1000,6000,11900,24500,73900,4000,7500
6223.0,13.58,11254000,152264920.0,13.57,13.56,13.55,13.54,13.53,13.52,13.51,13.5,13.49,13.48,13.58,13.59,13.6,13.61,13.62,13.63,13.64,13.65,13.66,13.67,13500,19700,38000,48200,26900,22100,18600,38500,100,6000,1400,300,8000,1000,6000,11900,24500,73900,4000,7500
6224.0,13.58,11254100,152266278.0,13.57,13.56,13.55,13.54,13.53,13.52,13.51,13.5,13.49,13.48,13.58,13.59,13.6,13.61,13.62,13.63,13.64,13.65,13.66,13.67,13500,19700,38000,48200,26900,22100,18600,38500,100,6000,1300,300,8000,1000,6000,11900,24500,73900,4000,7500
6225.0,13.58,11254100,152266278.0,13.57,13.56,13.55,13.54,13.53,13.52,13.51,13.5,13.49,13.48,13.58,13.59,13.6,13.61,13.62,13.63,13.64,13.65,13.66,13.67,13500,19700,38000,48200,26900,22100,18600,38500,100,6000,1300,300,8000,1000,6000,11900,24500,73900,4000,7500
6226.0,13.57,11254300,152268992.0,13.57,13.56,13.55,13.54,13.53,13.52,13.51,13.5,13.49,13.48,13.58,13.59,13.6,13.61,13.62,13.63,13.64,13.65,13.66,13.67,13300,19700,38000,48200,26900,22100,18600,38500,100,6000,1300,300,8000,1000,6000,11900,24500,73900,4000,7500
6227.0,13.58,11254600,152273066.0,13.57,13.56,13.55,13.54,13.53,13.52,13.51,13.5,13.49,13.48,13.58,13.59,13.6,13.61,13.62,13.63,13.64,13.65,13.66,13.67,13300,19700,38000,48200,26900,22100,18600,38500,100,6000,1000,300,8000,1000,6000,11900,24500,73900,4000,7500
6228.0,13.58,11254700,152274424.0,13.57,13.56,13.55,13.54,13.53,13.52,13.51,13.5,13.49,13.48,13.58,13.59,13.6,13.61,13.62,13.63,13.64,13.65,13.66,13.67,13300,19700,38000,48200,26900,22100,18600,38500,100,6000,900,300,8000,1000,6000,11900,24500,73900,4000,7500
6229.0,13.58,11254700,152274424.0,13.57,13.56,13.55,13.54,13.53,13.52,13.51,13.5,13.49,13.48,13.58,13.59,13.6,13.61,13.62,13.63,13.64,13.65,13.66,13.67,13300,19700,38000,48200,26900,22100,18600,38500,100,6000,900,300,8000,1000,6000,11900,24500,74100,4000,7500
6230.0,13.58,11254700,152274424.0,13.57,13.56,13.55,13.54,13.53,13.52,13.51,13.5,13.49,13.48,13.58,13.59,13.6,13.61,13.62,13.63,13.64,13.65,13.66,13.67,13300,19700,38000,48200,26900,22100,18600,38500,100,6000,900,300,8000,1000,6000,11900,24500,74100,4000,7500
6231.0,13.57,11254800,152275781.0,13.57,13.56,13.55,13.54,13.53,13.52,13.51,13.5,13.49,13.48,13.58,13.59,13.6,13.61,13.62,13.63,13.64,13.65,13.66,13.67,13200,19700,38000,48200,26900,22100,18600,38500,100,6000,900,300,8000,1000,6000,11900,24500,74100,4000,7500
6232.0,13.57,11254800,152275781.0,13.57,13.56,13.55,13.54,13.53,13.52,13.51,13.5,13.49,13.48,13.58,13.59,13.6,13.61,13.62,13.63,13.64,13.65,13.66,13.67,13200,19700,38000,48200,26900,22100,18600,38500,100,6000,900,300,8000,1000,6000,11900,24500,74100,4000,7500
6233.0,13.58,11255700,152288003.0,13.58,13.57,13.56,13.55,13.54,13.53,13.52,13.51,13.5,13.49,13.59,13.6,13.61,13.62,13.63,13.64,13.65,13.66,13.67,13.68,2000,13200,19700,38000,48200,27000,22100,18600,38500,100,300,8000,1000,6000,11900,24500,74100,4000,7500,20800
6234.0,13.58,11255700,152288003.0,13.58,13.57,13.56,13.55,13.54,13.53,13.52,13.51,13.5,13.49,13.59,13.6,13.61,13.62,13.63,13.64,13.65,13.66,13.67,13.68,2000,13200,19700,38000,48200,27000,22100,18600,38500,100,300,8000,1000,6000,11900,24500,74100,4000,7500,17800
6235.0,13.58,11255700,152288003.0,13.58,13.57,13.56,13.55,13.54,13.53,13.52,13.51,13.5,13.49,13.59,13.6,13.61,13.62,13.63,13.64,13.65,13.66,13.67,13.68,2600,13200,19700,38000,48200,27000,22100,18600,38500,100,300,8000,1000,6000,11900,24500,74100,4000,7500,17800
6236.0,13.58,11255900,152290719.0,13.58,13.57,13.56,13.55,13.54,13.53,13.52,13.51,13.5,13.49,13.59,13.6,13.61,13.62,13.63,13.64,13.65,13.66,13.67,13.68,2400,13200,19700,38000,48200,27000,22100,18600,38500,100,300,8000,1000,6000,11900,24500,74100,4000,7500,17800
6237.0,13.58,11255900,152290719.0,13.58,13.57,13.56,13.55,13.54,13.53,13.52,13.51,13.5,13.49,13.59,13.6,13.61,13.62,13.63,13.64,13.65,13.66,13.67,13.68,2400,13200,19700,38000,48200,27000,22100,18600,38500,100,300,8000,1000,6000,11900,24500,74100,4000,7500,17800
6238.0,13.58,11255900,152290719.0,13.58,13.57,13.56,13.55,13.54,13.53,13.52,13.51,13.5,13.49,13.59,13.6,13.61,13.62,13.63,13.64,13.65,13.66,13.67,13.68,2400,13200,19700,38000,48200,27000,22100,18600,38500,100,300,8000,1000,6000,11900,24500,74100,4000,7500,17800
6239.0,13.58,11255900,152290719.0,13.58,13.57,13.56,13.55,13.54,13.53,13.52,13.51,13.5,13.49,13.59,13.6,13.61,13.62,13.63,13.64,13.65,13.66,13.67,13.68,2400,13200,19700,38000,48200,27000,22100,18600,38500,100,300,8000,1000,6000,11900,24500,74100,4000,7500,17800
6240.0,13.58,11255900,152290719.0,13.58,13.57,13.56,13.55,13.54,13.53,13.52,13.51,13.5,13.49,13.59,13.6,13.61,13.62,13.63,13.64,13.65,13.66,13.67,13.68,2400,13200,19700,38000,48200,27000,22100,18600,38500,100,300,8000,1000,6000,11900,24500,74100,4000,7500,17800
6241.0,13.58,11258300,152323311.0,13.57,13.56,13.55,13.54,13.53,13.52,13.51,13.5,13.49,13.48,13.58,13.59,13.6,13.61,13.62,13.63,13.64,13.65,13.66,13.67,13200,19700,38000,48200,27000,22100,18600,38500,100,6000,2600,300,8000,1000,6000,11900,24500,74100,4000,7500
6242.0,13.58,11258500,152326027.0,13.57,13.56,13.55,13.54,13.53,13.52,13.51,13.5,13.49,13.48,13.58,13.59,13.6,13.61,13.62,13.63,13.64,13.65,13.66,13.67,13200,19700,38000,48200,27000,22100,18600,38500,100,6000,2400,300,8000,1000,6000,11900,24500,74100,4000,7500
6243.0,13.58,11258700,152328743.0,13.57,13.56,13.55,13.54,13.53,13.52,13.51,13.5,13.49,13.48,13.58,13.59,13.6,13.61,13.62,13.63,13.64,13.65,13.66,13.67,13200,19700,38000,48200,27000,22100,18600,38500,100,6000,3400,300,8000,1000,6000,11900,24500,74100,4000,7500
6244.0,13.58,11258700,152328743.0,13.57,13.56,13.55,13.54,13.53,13.52,13.51,13.5,13.49,13.48,13.58,13.59,13.6,13.61,13.62,13.63,13.64,13.65,13.66,13.67,13200,19700,38000,48200,27000,22100,18600,38500,100,6000,4100,300,8000,1000,6000,11900,24000,74100,4000,7500
6245.0,13.58,11259100,152334175.0,13.57,13.56,13.55,13.54,13.53,13.52,13.51,13.5,13.49,13.48,13.58,13.59,13.6,13.61,13.62,13.63,13.64,13.65,13.66,13.67,13200,19700,38000,48200,27000,22100,18600,38500,100,6000,3700,300,8000,1000,6000,11900,24000,74100,4000,7500
6246.0,13.58,11259100,152334175.0,13.57,13.56,13.55,13.54,13.53,13.52,13.51,13.5,13.49,13.48,13.58,13.59,13.6,13.61,13.62,13.63,13.64,13.65,13.66,13.67,13200,19700,38000,48200,27000,22100,18600,38500,100,6000,3700,300,8000,1000,6000,11900,24000,74100,4000,7500
6247.0,13.58,11259100,152334175.0,13.57,13.56,13.55,13.54,13.53,13.52,13.51,13.5,13.49,13.48,13.58,13.59,13.6,13.61,13.62,13.63,13.64,13.65,13.66,13.67,13200,19700,38000,48200,27000,22100,18600,38500,100,6000,3700,300,8000,1000,6000,11900,24000,74100,4000,7500
6248.0,13.58,11259400,152338249.0,13.57,13.56,13.55,13.54,13.53,13.52,13.51,13.5,13.49,13.48,13.58,13.59,13.6,13.61,13.62,13.63,13.64,13.65,13.66,13.67,13200,19700,38000,48200,27000,22100,18600,38500,100,6000,3400,300,8000,1000,6000,11900,24000,74100,4000,7500
6249.0,13.58,11260100,152347755.0,13.57,13.56,13.55,13.54,13.53,13.52,13.51,13.5,13.49,13.48,13.58,13.59,13.6,13.61,13.62,13.63,13.64,13.65,13.66,13.67,13200,19700,38000,48200,27000,22100,18600,38500,100,6000,2700,300,8000,1000,6000,11900,24000,74100,4000,7500
6250.0,13.58,11260600,152354545.0,13.57,13.56,13.55,13.54,13.53,13.52,13.51,13.5,13.49,13.48,13.58,13.59,13.6,13.61,13.62,13.63,13.64,13.65,13.66,13.67,13200,19700,38000,48200,27000,22100,18600,38500,100,6000,2200,300,8000,1000,6000,11900,24000,74100,4000,7500
6251.0,13.58,11260800,152357261.0,13.57,13.56,13.55,13.54,13.53,13.52,13.51,13.5,13.49,13.48,13.58,13.59,13.6,13.61,13.62,13.63,13.64,13.65,13.66,13.67,13200,19700,38000,48200,27000,22100,18600,38500,100,6000,2000,300,8000,1000,6000,11900,24000,74100,4000,7500
6252.0,13.58,11260800,152357261.0,13.57,13.56,13.55,13.54,13.53,13.52,13.51,13.5,13.49,13.48,13.58,13.59,13.6,13.61,13.62,13.63,13.64,13.65,13.66,13.67,13200,19700,38000,48200,27000,22100,18600,38500,100,6000,2000,300,8000,1000,6000,11900,24000,74100,4000,7500
6253.0,13.57,11261800,152370831.0,13.57,13.56,13.55,13.54,13.53,13.52,13.51,13.5,13.49,13.48,13.58,13.59,13.6,13.61,13.62,13.63,13.64,13.65,13.66,13.67,12200,19700,38000,48200,27000,22100,18600,38500,100,6000,2000,300,8000,1000,6000,11900,24000,74100,4000,7500
6254.0,13.58,11262000,152373547.0,13.57,13.56,13.55,13.54,13.53,13.52,13.51,13.5,13.49,13.48,13.58,13.59,13.6,13.61,13.62,13.63,13.64,13.65,13.66,13.67,12200,19700,38000,48200,27000,22100,18600,38500,100,6000,1800,300,8000,1000,6000,11900,24000,74100,4000,7500
6255.0,13.58,11262000,152373547.0,13.57,13.56,13.55,13.54,13.53,13.52,13.51,13.5,13.49,13.48,13.58,13.59,13.6,13.61,13.62,13.63,13.64,13.65,13.66,13.67,12200,19700,38000,48200,27000,22100,18600,38500,100,6000,2300,300,8000,1000,6000,11900,24000,74100,4000,7500
6256.0,13.58,11262200,152376263.0,13.57,13.56,13.55,13.54,13.53,13.52,13.51,13.5,13.49,13.48,13.58,13.59,13.6,13.61,13.62,13.63,13.64,13.65,13.66,13.67,12200,19700,38000,48200,27000,22100,18600,38500,100,6000,2100,300,8000,1000,6000,11900,24000,74100,4000,7500
6257.0,13.58,11262400,152378979.0,13.57,13.56,13.55,13.54,13.53,13.52,13.51,13.5,13.49,13.48,13.58,13.59,13.6,13.61,13.62,13.63,13.64,13.65,13.66,13.67,12200,19700,38000,48200,27000,22100,18600,38500,100,6000,1900,300,8000,1000,6000,11900,24000,74100,4000,7500
6258.0,13.58,11262400,152378979.0,13.57,13.56,13.55,13.54,13.53,13.52,13.51,13.5,13.49,13.48,13.58,13.59,13.6,13.61,13.62,13.63,13.64,13.65,13.66,13.67,12200,19700,38000,48200,27000,22100,18600,38500,100,6000,1900,300,8000,1000,6000,11900,24000,74100,4000,7500
6259.0,13.57,11262600,152381693.0,13.57,13.56,13.55,13.54,13.53,13.52,13.51,13.5,13.49,13.48,13.58,13.59,13.6,13.61,13.62,13.63,13.64,13.65,13.66,13.67,12000,19700,38000,48200,27000,22100,18600,38500,100,6000,1900,300,8000,1000,6000,11900,24000,74100,4000,7500
6260.0,13.58,11262700,152383051.0,13.57,13.56,13.55,13.54,13.53,13.52,13.51,13.5,13.49,13.48,13.58,13.59,13.6,13.61,13.62,13.63,13.64,13.65,13.66,13.67,12000,19700,38000,48200,27000,22100,18600,38500,100,6000,4800,300,8600,1000,6000,11900,24000,74100,4000,7500
6261.0,13.58,11263600,152395273.0,13.57,13.56,13.55,13.54,13.53,13.52,13.51,13.5,13.49,13.48,13.58,13.59,13.6,13.61,13.62,13.63,13.64,13.65,13.66,13.67,12000,20500,38000,48200,27000,22100,18600,38500,100,6000,3900,300,8600,1000,6000,11900,24000,74100,4000,7500
6262.0,13.58,11263600,152395273.0,13.57,13.56,13.55,13.54,13.53,13.52,13.51,13.5,13.49,13.48,13.58,13.59,13.6,13.61,13.62,13.63,13.64,13.65,13.66,13.67,12000,20500,38000,48200,27000,22100,18600,38500,100,6000,3900,300,8600,1000,6000,11900,24000,74100,4000,7500
6263.0,13.57,11266300,152431915.0,13.57,13.56,13.55,13.54,13.53,13.52,13.51,13.5,13.49,13.48,13.58,13.59,13.6,13.61,13.62,13.63,13.64,13.65,13.66,13.67,9600,20500,38000,48200,27000,22100,18600,38500,100,6000,4600,300,8600,1000,6000,11900,24000,74100,4000,7500
6264.0,13.58,11266600,152435989.0,13.57,13.56,13.55,13.54,13.53,13.52,13.51,13.5,13.49,13.48,13.58,13.59,13.6,13.61,13.62,13.63,13.64,13.65,13.66,13.67,9600,20500,38000,48200,27000,22100,18600,38500,100,6000,4300,300,8600,1000,6000,11900,24000,74100,4000,7500
6265.0,13.57,11269100,152469914.0,13.57,13.56,13.55,13.54,13.53,13.52,13.51,13.5,13.49,13.48,13.58,13.59,13.6,13.61,13.62,13.63,13.64,13.65,13.66,13.67,7100,20500,38000,48200,27000,22100,18600,38500,100,6000,4300,300,8600,1000,6000,11900,24000,74100,4000,7500
6266.0,13.58,11270500,152488926.0,13.57,13.56,13.55,13.54,13.53,13.52,13.51,13.5,13.49,13.48,13.58,13.59,13.6,13.61,13.62,13.63,13.64,13.65,13.66,13.67,7100,20500,38000,48200,27000,22100,18600,38500,100,6000,2900,300,8600,1000,6000,11900,24000,74100,4000,7500
6267.0,13.58,11270700,152491642.0,13.57,13.56,13.55,13.54,13.53,13.52,13.51,13.5,13.49,13.48,13.58,13.59,13.6,13.61,13.62,13.63,13.64,13.65,13.66,13.67,7600,20500,38000,48200,27000,22100,18600,38500,100,6000,2700,300,8600,1000,6000,11900,23000,74100,4000,7500
6268.0,13.58,11270800,152493000.0,13.57,13.56,13.55,13.54,13.53,13.52,13.51,13.5,13.49,13.48,13.58,13.59,13.6,13.61,13.62,13.63,13.64,13.65,13.66,13.67,7600,20500,38000,48200,27000,22100,18600,38500,100,6000,2600,300,8600,1000,6000,11900,23000,74100,4300,7500
6269.0,13.57,11271200,152498430.0,13.57,13.56,13.55,13.54,13.53,13.52,13.51,13.5,13.49,13.48,13.58,13.59,13.6,13.61,13.62,13.63,13.64,13.65,13.66,13.67,7400,20500,38000,48200,27000,22100,18600,38500,100,6000,2400,300,8600,1000,6000,11900,23000,74100,4300,7500
6270.0,13.57,11271200,152498430.0,13.57,13.56,13.55,13.54,13.53,13.52,13.51,13.5,13.49,13.48,13.58,13.59,13.6,13.61,13.62,13.63,13.64,13.65,13.66,13.67,7400,20500,38000,48200,27000,22100,18600,38500,100,6000,2400,300,8600,1000,6000,11900,23000,74100,4300,7500
6271.0,13.57,11271700,152505219.0,13.57,13.56,13.55,13.54,13.53,13.52,13.51,13.5,13.49,13.48,13.58,13.59,13.6,13.61,13.62,13.63,13.64,13.65,13.66,13.67,7800,20500,38000,48200,27100,22100,18600,38500,100,6000,2000,300,8600,1000,6000,11900,23000,74100,4300,7500
6272.0,13.58,11272100,152510651.0,13.57,13.56,13.55,13.54,13.53,13.52,13.51,13.5,13.49,13.48,13.58,13.59,13.6,13.61,13.62,13.63,13.64,13.65,13.66,13.67,7800,20500,38000,48200,27100,22100,18600,38500,100,6000,1600,300,8600,1000,6000,11900,23000,74100,4300,7500
6273.0,13.58,11272100,152510651.0,13.57,13.56,13.55,13.54,13.53,13.52,13.51,13.5,13.49,13.48,13.58,13.59,13.6,13.61,13.62,13.63,13.64,13.65,13.66,13.67,7800,20500,38000,48200,27100,22100,18600,38500,100,6000,1600,300,8600,1000,6000,11900,23000,74300,4300,7500
6274.0,13.58,11272200,152512009.0,13.57,13.56,13.55,13.54,13.53,13.52,13.51,13.5,13.49,13.48,13.58,13.59,13.6,13.61,13.62,13.63,13.64,13.65,13.66,13.67,7900,20500,38000,48200,27100,22100,18600,38500,100,6000,1500,300,8600,1000,6000,11900,23000,74300,4300,7500
6275.0,13.58,11272200,152512009.0,13.57,13.56,13.55,13.54,13.53,13.52,13.51,13.5,13.49,13.48,13.58,13.59,13.6,13.61,13.62,13.63,13.64,13.65,13.66,13.67,8200,20500,38000,48200,27100,22100,18600,38500,100,6000,1500,300,8600,1000,6000,11900,23000,74300,4300,7500
6276.0,13.58,11272200,152512009.0,13.57,13.56,13.55,13.54,13.53,13.52,13.51,13.5,13.49,13.48,13.58,13.59,13.6,13.61,13.62,13.63,13.64,13.65,13.66,13.67,8200,20500,38000,48200,27100,22100,18600,38500,100,6000,1500,300,8600,1000,6000,11900,23000,74300,4300,7500
6277.0,13.58,11272300,152513367.0,13.57,13.56,13.55,13.54,13.53,13.52,13.51,13.5,13.49,13.48,13.58,13.59,13.6,13.61,13.62,13.63,13.64,13.65,13.66,13.67,8200,20500,38000,48200,27100,22100,18600,38500,100,6000,1400,300,8600,1000,6000,11900,23000,74300,4300,7500
6278.0,13.58,11272400,152514725.0,13.57,13.56,13.55,13.54,13.53,13.52,13.51,13.5,13.49,13.48,13.58,13.59,13.6,13.61,13.62,13.63,13.64,13.65,13.66,13.67,8200,20500,38000,48200,27100,22100,18600,38500,100,6000,1300,300,8600,1000,6000,11900,23000,74300,4300,7500
6279.0,13.58,11272400,152514725.0,13.57,13.56,13.55,13.54,13.53,13.52,13.51,13.5,13.49,13.48,13.58,13.59,13.6,13.61,13.62,13.63,13.64,13.65,13.66,13.67,8200,20500,38000,48200,27100,22100,18600,38500,100,6000,1300,300,8600,1000,6000,11900,23000,74300,4300,7500
6280.0,13.58,11273700,152532379.0,13.58,13.57,13.56,13.55,13.54,13.53,13.52,13.51,13.5,13.49,13.59,13.6,13.61,13.62,13.63,13.64,13.65,13.66,13.67,13.68,3800,8200,20500,38000,48200,27100,22100,18600,38500,100,300,8600,1000,6000,11900,23000,74300,4300,7500,18000
6281.0,13.58,11274200,152539169.0,13.58,13.57,13.56,13.55,13.54,13.53,13.52,13.51,13.5,13.49,13.59,13.6,13.61,13.62,13.63,13.64,13.65,13.66,13.67,13.68,4500,8200,20500,38000,48200,27100,22100,18600,38500,100,300,8600,1000,6000,11900,23000,74300,4300,7500,18000
6282.0,13.59,11274300,152540528.0,13.58,13.57,13.56,13.55,13.54,13.53,13.52,13.51,13.5,13.49,13.59,13.6,13.61,13.62,13.63,13.64,13.65,13.66,13.67,13.68,4500,8200,20500,38000,48200,27100,22100,18600,38500,100,200,8600,1000,6000,11900,23000,74300,4300,7500,18000
6283.0,13.59,11274300,152540528.0,13.58,13.57,13.56,13.55,13.54,13.53,13.52,13.51,13.5,13.49,13.59,13.6,13.61,13.62,13.63,13.64,13.65,13.66,13.67,13.68,4500,8200,20500,38000,48200,27100,22100,18600,38500,100,200,8600,1000,6000,11900,23000,74300,4300,7500,18000
6284.0,13.58,11275000,152550034.0,13.58,13.57,13.56,13.55,13.54,13.53,13.52,13.51,13.5,13.49,13.59,13.6,13.61,13.62,13.63,13.64,13.65,13.66,13.67,13.68,3800,8200,20500,38000,48200,27100,22100,18600,38500,100,200,8600,1000,6000,11900,23000,74300,4300,7500,18000
6285.0,13.58,11275000,152550034.0,13.58,13.57,13.56,13.55,13.54,13.53,13.52,13.51,13.5,13.49,13.59,13.6,13.61,13.62,13.63,13.64,13.65,13.66,13.67,13.68,3900,8200,20500,38000,48200,27100,22100,18600,38500,100,200,8600,1000,6000,11900,23000,74300,4300,7500,18000
6286.0,13.58,11276400,152569046.0,13.58,13.57,13.56,13.55,13.54,13.53,13.52,13.51,13.5,13.49,13.59,13.6,13.61,13.62,13.63,13.64,13.65,13.66,13.67,13.68,2500,8200,20500,38000,48200,27100,22100,18600,38500,100,200,8600,1000,6000,11900,23000,74300,4300,7500,18000
6287.0,13.58,11276400,152569046.0,13.58,13.57,13.56,13.55,13.54,13.53,13.52,13.51,13.5,13.49,13.59,13.6,13.61,13.62,13.63,13.64,13.65,13.66,13.67,13.68,2500,8400,20500,38000,48200,27100,22100,18600,38500,100,200,5100,1000,6000,11900,23000,74300,4300,7500,18000
6288.0,13.58,11276400,152569046.0,13.58,13.57,13.56,13.55,13.54,13.53,13.52,13.51,13.5,13.49,13.59,13.6,13.61,13.62,13.63,13.64,13.65,13.66,13.67,13.68,2500,8400,20500,38000,48200,27100,22100,18600,38500,100,200,5100,1000,6000,11900,23000,74300,4300,7500,18000
6289.0,13.58,11276400,152569046.0,13.58,13.57,13.56,13.55,13.54,13.53,13.52,13.51,13.5,13.49,13.59,13.6,13.61,13.62,13.63,13.64,13.65,13.66,13.67,13.68,2500,8300,20500,38000,48200,27100,22100,18600,38500,100,200,5100,1000,6000,11900,23000,74300,4300,7500,18000
6290.0,13.58,11276400,152569046.0,13.58,13.57,13.56,13.55,13.54,13.53,13.52,13.51,13.5,13.49,13.59,13.6,13.61,13.62,13.63,13.64,13.65,13.66,13.67,13.68,2500,8300,20500,38000,48200,27100,22100,18600,38500,100,200,5100,1000,6000,11900,23000,74300,4300,7500,18000
6291.0,13.58,11276400,152569046.0,13.58,13.57,13.56,13.55,13.54,13.53,13.52,13.51,13.5,13.49,13.59,13.6,13.61,13.62,13.63,13.64,13.65,13.66,13.67,13.68,2500,9300,20500,38000,48200,27100,22100,18600,38500,100,200,5100,1000,6000,11900,23000,74300,4300,7500,18000
6292.0,13.58,11276800,152574478.0,13.58,13.57,13.56,13.55,13.54,13.53,13.52,13.51,13.5,13.49,13.59,13.6,13.61,13.62,13.63,13.64,13.65,13.66,13.67,13.68,2900,9300,20500,38000,48200,27100,22100,18600,38500,100,200,5100,1000,6000,11900,23000,74300,4300,7500,18000
6293.0,13.58,11276800,152574478.0,13.58,13.57,13.56,13.55,13.54,13.53,13.52,13.51,13.5,13.49,13.59,13.6,13.61,13.62,13.63,13.64,13.65,13.66,13.67,13.68,3200,9300,20500,38000,48200,27100,22100,18600,38500,100,200,5100,1000,6000,11900,23000,74300,4300,7500,18000
6294.0,13.58,11276800,152574478.0,13.58,13.57,13.56,13.55,13.54,13.53,13.52,13.51,13.5,13.49,13.59,13.6,13.61,13.62,13.63,13.64,13.65,13.66,13.67,13.68,3200,9300,20500,38000,48200,27100,22100,18600,38500,100,200,5100,1000,6000,11900,23000,74300,4300,7500,18000
6295.0,13.58,11276800,152574478.0,13.58,13.57,13.56,13.55,13.54,13.53,13.52,13.51,13.5,13.49,13.59,13.6,13.61,13.62,13.63,13.64,13.65,13.66,13.67,13.68,3200,9300,20500,38000,48200,27100,22100,18600,38500,100,200,6400,1000,6000,11900,23000,74300,4300,7500,18000
6296.0,13.58,11276800,152574478.0,13.58,13.57,13.56,13.55,13.54,13.53,13.52,13.51,13.5,13.49,13.59,13.6,13.61,13.62,13.63,13.64,13.65,13.66,13.67,13.68,4500,9300,20500,38000,48200,27100,22100,18600,38500,100,200,6400,1000,6000,11900,23000,74300,4300,7500,18000
6297.0,13.58,11276800,152574478.0,13.58,13.57,13.56,13.55,13.54,13.53,13.52,13.51,13.5,13.49,13.59,13.6,13.61,13.62,13.63,13.64,13.65,13.66,13.67,13.68,4500,9300,20500,38000,48200,27100,22100,18600,38500,100,200,6400,1000,6000,11900,23000,74300,4300,7500,18000
6298.0,13.58,11276800,152574478.0,13.58,13.57,13.56,13.55,13.54,13.53,13.52,13.51,13.5,13.49,13.59,13.6,13.61,13.62,13.63,13.64,13.65,13.66,13.67,13.68,4500,9300,20500,38000,48200,27100,22100,18600,38500,100,200,6400,1000,6000,11900,23000,74300,4300,7500,18000
6299.0,13.58,11276800,152574478.0,13.58,13.57,13.56,13.55,13.54,13.53,13.52,13.51,13.5,13.49,13.59,13.6,13.61,13.62,13.63,13.64,13.65,13.66,13.67,13.68,4500,9300,20500,38000,48200,27100,22100,18600,38500,100,200,6400,1000,6000,11900,23000,74300,4300,7500,18000
6300.0,13.58,11276800,152574478.0,13.58,13.57,13.56,13.55,13.54,13.53,13.52,13.51,13.5,13.49,13.59,13.6,13.61,13.62,13.63,13.64,13.65,13.66,13.67,13.68,4500,9300,20500,38000,48200,27100,22100,18600,38500,100,200,6400,1000,6000,11900,23000,74300,4300,7500,18000
6301.0,13.58,11276800,152574478.0,13.58,13.57,13.56,13.55,13.54,13.53,13.52,13.51,13.5,13.49,13.59,13.6,13.61,13.62,13.63,13.64,13.65,13.66,13.67,13.68,4500,9300,20500,38000,48200,27100,22100,18600,38500,100,200,6400,1000,6000,11900,23000,74300,4300,7500,18000
6302.0,13.58,11276800,152574478.0,13.58,13.57,13.56,13.55,13.54,13.53,13.52,13.51,13.5,13.49,13.59,13.6,13.61,13.62,13.63,13.64,13.65,13.66,13.67,13.68,4500,9300,20500,38000,48200,27100,22100,18600,38500,100,200,6400,1000,6000,11900,23000,74300,4300,7500,18000
6303.0,13.58,11276800,152574478.0,13.58,13.57,13.56,13.55,13.54,13.53,13.52,13.51,13.5,13.49,13.59,13.6,13.61,13.62,13.63,13.64,13.65,13.66,13.67,13.68,4500,9300,20500,38000,48200,27100,22100,18600,38500,100,200,6400,1000,6000,11900,23000,74300,4300,7500,18000
6304.0,13.58,11276800,152574478.0,13.58,13.57,13.56,13.55,13.54,13.53,13.52,13.51,13.5,13.49,13.59,13.6,13.61,13.62,13.63,13.64,13.65,13.66,13.67,13.68,4500,9000,20500,38000,60700,27100,22100,18600,38500,100,200,6400,1000,6000,11900,23000,74300,4300,7500,18000
6305.0,13.58,11277100,152578552.0,13.58,13.57,13.56,13.55,13.54,13.53,13.52,13.51,13.5,13.49,13.59,13.6,13.61,13.62,13.63,13.64,13.65,13.66,13.67,13.68,6200,9000,20500,38000,60700,27100,22100,18600,37300,100,200,6400,1000,6000,11900,23000,74300,4300,7500,18000
6306.0,13.58,11277100,152578552.0,13.58,13.57,13.56,13.55,13.54,13.53,13.52,13.51,13.5,13.49,13.59,13.6,13.61,13.62,13.63,13.64,13.65,13.66,13.67,13.68,6200,9000,20500,34800,60700,27100,22100,18600,37300,100,200,6400,1000,6000,11900,23000,74300,4300,7500,18000
6307.0,13.58,11277100,152578552.0,13.58,13.57,13.56,13.55,13.54,13.53,13.52,13.51,13.5,13.49,13.59,13.6,13.61,13.62,13.63,13.64,13.65,13.66,13.67,13.68,6200,9000,20500,34800,60700,27100,22100,18600,37300,100,200,6400,1000,6000,11900,23000,74300,4300,7500,18000
6308.0,13.58,11277400,152582626.0,13.58,13.57,13.56,13.55,13.54,13.53,13.52,13.51,13.5,13.49,13.59,13.6,13.61,13.62,13.63,13.64,13.65,13.66,13.67,13.68,5900,9000,20500,34800,60700,27100,22100,18600,37300,100,200,6400,1000,6000,11900,23000,74300,4300,7500,18000
6309.0,13.58,11277400,152582626.0,13.58,13.57,13.56,13.55,13.54,13.53,13.52,13.51,13.5,13.49,13.59,13.6,13.61,13.62,13.63,13.64,13.65,13.66,13.67,13.68,5900,9000,20500,34800,60700,27100,22100,18600,37300,100,200,6400,1000,6000,11900,23000,74300,4300,7500,18000
6310.0,13.58,11277400,152582626.0,13.58,13.57,13.56,13.55,13.54,13.53,13.52,13.51,13.5,13.49,13.59,13.6,13.61,13.62,13.63,13.64,13.65,13.66,13.67,13.68,5900,13000,20500,34800,60700,27100,22100,18600,37300,100,200,6400,1000,6000,11900,23000,74300,4300,7500,18000
6311.0,13.58,11277400,152582626.0,13.58,13.57,13.56,13.55,13.54,13.53,13.52,13.51,13.5,13.49,13.59,13.6,13.61,13.62,13.63,13.64,13.65,13.66,13.67,13.68,5900,13000,20500,34800,60700,27100,22100,18600,37300,100,200,6400,1000,6000,11900,23000,74300,4300,7500,18000
6312.0,13.58,11277900,152589416.0,13.58,13.57,13.56,13.55,13.54,13.53,13.52,13.51,13.5,13.49,13.59,13.6,13.61,13.62,13.63,13.64,13.65,13.66,13.67,13.68,5700,13000,20500,34800,60700,27100,22100,18600,37300,100,200,6400,1000,6000,11900,23000,74300,4300,7500,18000
6313.0,13.58,11277900,152589416.0,13.58,13.57,13.56,13.55,13.54,13.53,13.52,13.51,13.5,13.49,13.59,13.6,13.61,13.62,13.63,13.64,13.65,13.66,13.67,13.68,5700,13000,20500,34800,60700,27100,22100,18600,37300,100,200,6400,1000,6000,11900,23000,74300,4300,7500,18000
6314.0,13.58,11277900,152589416.0,13.58,13.57,13.56,13.55,13.54,13.53,13.52,13.51,13.5,13.49,13.59,13.6,13.61,13.62,13.63,13.64,13.65,13.66,13.67,13.68,5700,13000,20500,34800,60700,27100,22100,18600,37300,100,200,6400,1000,6000,11900,23000,74300,4300,7500,18000
6315.0,13.58,11278400,152596206.0,13.58,13.57,13.56,13.55,13.54,13.53,13.52,13.51,13.5,13.49,13.59,13.6,13.61,13.62,13.63,13.64,13.65,13.66,13.67,13.68,5200,13000,20500,34800,60700,27100,22100,18600,37300,100,200,6400,1000,6000,11900,23000,74300,4300,7500,18000
6316.0,13.58,11278400,152596206.0,13.58,13.57,13.56,13.55,13.54,13.53,13.52,13.51,13.5,13.49,13.59,13.6,13.61,13.62,13.63,13.64,13.65,13.66,13.67,13.68,5200,13000,20500,34800,60700,27100,22100,18600,37300,100,200,6400,1000,6000,11900,23000,74300,4300,7500,18000
6317.0,13.58,11278400,152596206.0,13.58,13.57,13.56,13.55,13.54,13.53,13.52,13.51,13.5,13.49,13.59,13.6,13.61,13.62,13.63,13.64,13.65,13.66,13.67,13.68,5200,13000,20500,34800,60700,27100,22100,18600,37300,100,200,6400,1000,6000,11900,23000,74300,4300,7500,18000
6318.0,13.58,11278400,152596206.0,13.58,13.57,13.56,13.55,13.54,13.53,13.52,13.51,13.5,13.49,13.59,13.6,13.61,13.62,13.63,13.64,13.65,13.66,13.67,13.68,5200,13000,20500,34800,60700,27100,22100,18600,37300,100,200,6400,1000,6000,11900,23000,74300,4300,7500,18000
6319.0,13.58,11278400,152596206.0,13.58,13.57,13.56,13.55,13.54,13.53,13.52,13.51,13.5,13.49,13.59,13.6,13.61,13.62,13.63,13.64,13.65,13.66,13.67,13.68,6600,13000,20500,34800,60700,27100,22100,18600,37300,100,200,6400,1000,6000,11900,23000,74300,4300,7500,18000
6320.0,13.58,11278400,152596206.0,13.58,13.57,13.56,13.55,13.54,13.53,13.52,13.51,13.5,13.49,13.59,13.6,13.61,13.62,13.63,13.64,13.65,13.66,13.67,13.68,6600,13000,20500,34800,60700,27100,22100,18600,37300,100,200,6500,1000,6000,11900,23000,74300,4300,7500,18000
6321.0,13.59,11278900,152602998.0,13.58,13.57,13.56,13.55,13.54,13.53,13.52,13.51,13.5,13.49,13.6,13.61,13.62,13.63,13.64,13.65,13.66,13.67,13.68,13.69,6300,13000,20500,34800,60700,27100,22100,18600,37300,100,6500,1000,6000,11900,23000,74300,4300,7500,18000,9300
6322.0,13.59,11278900,152602998.0,13.58,13.57,13.56,13.55,13.54,13.53,13.52,13.51,13.5,13.49,13.6,13.61,13.62,13.63,13.64,13.65,13.66,13.67,13.68,13.69,6600,13000,20500,34800,60700,27100,22100,18600,37300,100,6800,1000,6000,11900,23000,74300,4300,7500,18000,9300
6323.0,13.59,11278900,152602998.0,13.58,13.57,13.56,13.55,13.54,13.53,13.52,13.51,13.5,13.49,13.6,13.61,13.62,13.63,13.64,13.65,13.66,13.67,13.68,13.69,6600,13000,20500,34800,60700,27100,22100,18600,37300,100,6800,1000,6000,11900,23000,74300,4300,7500,18000,9300
6324.0,13.58,11279500,152611146.0,13.58,13.57,13.56,13.55,13.54,13.53,13.52,13.51,13.5,13.49,13.6,13.61,13.62,13.63,13.64,13.65,13.66,13.67,13.68,13.69,6200,13000,20500,34800,60700,27100,22100,18600,37300,100,7000,1000,6000,11900,23000,74300,4300,7500,18000,9300
6325.0,13.58,11279500,152611146.0,13.58,13.57,13.56,13.55,13.54,13.53,13.52,13.51,13.5,13.49,13.6,13.61,13.62,13.63,13.64,13.65,13.66,13.67,13.68,13.69,6300,13000,20500,34800,60700,27100,22100,18600,37300,100,7100,1000,6000,11900,23000,74300,4300,7500,18000,9300
6326.0,13.58,11279500,152611146.0,13.58,13.57,13.56,13.55,13.54,13.53,13.52,13.51,13.5,13.49,13.6,13.61,13.62,13.63,13.64,13.65,13.66,13.67,13.68,13.69,6300,13000,20500,34800,60700,27100,22100,18600,37300,100,7200,1000,6000,11900,23000,74300,4300,7500,18000,9300
6327.0,13.6,11281300,152635626.0,13.58,13.57,13.56,13.55,13.54,13.53,13.52,13.51,13.5,13.49,13.6,13.61,13.62,13.63,13.64,13.65,13.66,13.67,13.68,13.69,6400,13000,20500,34800,60700,27100,22100,18600,37300,100,5500,1000,6000,11900,23000,74300,4300,7500,18000,9300
6328.0,13.6,11282500,152651934.0,13.58,13.57,13.56,13.55,13.54,13.53,13.52,13.51,13.5,13.49,13.6,13.61,13.62,13.63,13.64,13.65,13.66,13.67,13.68,13.69,5900,13000,20500,34800,60700,27100,22100,18600,37300,100,5000,1000,6000,11900,23000,74300,4300,7500,18000,9300
6329.0,13.6,11282500,152651934.0,13.58,13.57,13.56,13.55,13.54,13.53,13.52,13.51,13.5,13.49,13.6,13.61,13.62,13.63,13.64,13.65,13.66,13.67,13.68,13.69,6000,13000,20500,34800,60700,27100,22100,18600,37300,100,5100,1000,6000,11900,23000,74300,4300,7500,18000,9300
6330.0,13.6,11282500,152651934.0,13.58,13.57,13.56,13.55,13.54,13.53,13.52,13.51,13.5,13.49,13.6,13.61,13.62,13.63,13.64,13.65,13.66,13.67,13.68,13.69,6000,13000,20500,34800,60700,27100,22100,18600,37300,100,5100,1000,6000,11900,23000,74300,4300,7500,18000,9300
6331.0,13.58,11283100,152660082.0,13.58,13.57,13.56,13.55,13.54,13.53,13.52,13.51,13.5,13.49,13.6,13.61,13.62,13.63,13.64,13.65,13.66,13.67,13.68,13.69,5500,13000,20500,34800,60700,27100,22100,18600,37300,100,5200,1000,6000,11900,23000,74300,4300,7500,18000,9300
6332.0,13.6,11288400,152732162.0,13.6,13.58,13.57,13.56,13.55,13.54,13.53,13.52,13.51,13.5,13.61,13.62,13.63,13.64,13.65,13.66,13.67,13.68,13.69,13.7,5900,5600,13000,20500,34800,60700,27100,22100,18600,37300,1000,6000,11900,23000,74300,4300,7500,18000,9300,31900
6333.0,13.6,11288600,152734882.0,13.6,13.58,13.57,13.56,13.55,13.54,13.53,13.52,13.51,13.5,13.61,13.62,13.63,13.64,13.65,13.66,13.67,13.68,13.69,13.7,5700,5600,13000,20500,34800,60700,27100,22100,18600,37300,1000,6000,11900,23000,74300,4300,7500,18000,9300,31900
6334.0,13.6,11288600,152734882.0,13.6,13.58,13.57,13.56,13.55,13.54,13.53,13.52,13.51,13.5,13.61,13.62,13.63,13.64,13.65,13.66,13.67,13.68,13.69,13.7,5700,5600,13000,20500,34800,60700,27100,22100,18600,37300,1000,6000,11900,23000,74300,4300,7500,18000,9300,31900
6335.0,13.6,11288800,152737602.0,13.6,13.58,13.57,13.56,13.55,13.54,13.53,13.52,13.51,13.5,13.61,13.62,13.63,13.64,13.65,13.66,13.67,13.68,13.69,13.7,5500,10600,13000,20500,34800,60700,27100,22100,18600,37300,1000,6000,11900,23000,74300,4300,7500,18000,9300,31900
6336.0,13.61,11288900,152738963.0,13.6,13.58,13.57,13.56,13.55,13.54,13.53,13.52,13.51,13.5,13.61,13.62,13.63,13.64,13.65,13.66,13.67,13.68,13.69,13.7,5500,10600,13000,20500,34800,60700,27100,22100,18600,37300,900,6000,11900,23000,74300,4300,7500,18000,9300,31900
6337.0,13.61,11288900,152738963.0,13.6,13.59,13.58,13.57,13.56,13.55,13.54,13.53,13.52,13.51,13.61,13.62,13.63,13.64,13.65,13.66,13.67,13.68,13.69,13.7,5500,300,10600,13000,20500,34800,60700,27100,22100,18600,900,6000,11900,23000,74300,4300,7500,18000,9300,31900
6338.0,13.61,11288900,152738963.0,13.6,13.59,13.58,13.57,13.56,13.55,13.54,13.53,13.52,13.51,13.61,13.62,13.63,13.64,13.65,13.66,13.67,13.68,13.69,13.7,5500,300,10600,13000,20500,34800,60700,27100,22100,18600,900,6000,11900,23000,74300,4300,7500,18000,9300,31900
6339.0,13.61,11289000,152740324.0,13.6,13.59,13.58,13.57,13.56,13.55,13.54,13.53,13.52,13.51,13.61,13.62,13.63,13.64,13.65,13.66,13.67,13.68,13.69,13.7,5500,300,10600,13000,20500,34800,60700,27100,22100,18600,800,6000,11900,23000,74300,4300,7500,18000,9300,32000
6340.0,13.61,11289800,152751212.0,13.61,13.6,13.59,13.58,13.57,13.56,13.55,13.54,13.53,13.52,13.62,13.63,13.64,13.65,13.66,13.67,13.68,13.69,13.7,13.71,200,5500,3300,10600,13000,20500,34800,60700,27100,22100,6000,11900,23000,74300,4300,7500,18000,9300,32000,16200
6341.0,13.61,11289800,152751212.0,13.61,13.6,13.59,13.58,13.57,13.56,13.55,13.54,13.53,13.52,13.62,13.63,13.64,13.65,13.66,13.67,13.68,13.69,13.7,13.71,200,5500,3300,10600,13000,20500,34800,60700,27100,22100,6000,11900,23000,74300,4300,7500,18000,9300,32000,16200
6342.0,13.61,11289800,152751212.0,13.61,13.6,13.59,13.58,13.57,13.56,13.55,13.54,13.53,13.52,13.62,13.63,13.64,13.65,13.66,13.67,13.68,13.69,13.7,13.71,200,5500,3300,10300,13000,20500,34800,60700,27100,22100,6000,11900,23000,74300,4300,7500,18000,9300,32000,16200
6343.0,13.62,11290500,152760746.0,13.61,13.6,13.59,13.58,13.57,13.56,13.55,13.54,13.53,13.52,13.62,13.63,13.64,13.65,13.66,13.67,13.68,13.69,13.7,13.71,10200,5500,3300,10300,13000,20500,34800,60700,27100,22100,5300,11900,23000,74300,4300,7500,18000,9300,32000,16200
6344.0,13.62,11290500,152760746.0,13.61,13.6,13.59,13.58,13.57,13.56,13.55,13.54,13.53,13.52,13.62,13.63,13.64,13.65,13.66,13.67,13.68,13.69,13.7,13.71,10300,5500,3300,10300,13000,20500,34800,60700,27100,22100,5300,11900,23000,74300,4300,7500,18000,9300,32000,16200
6345.0,13.61,11291200,152770273.0,13.61,13.6,13.59,13.58,13.57,13.56,13.55,13.54,13.53,13.52,13.62,13.63,13.64,13.65,13.66,13.67,13.68,13.69,13.7,13.71,9600,5500,3300,10300,13000,20500,34800,60700,27100,22100,5300,11900,23000,74300,4300,7500,18000,9300,32000,16200
6346.0,13.61,11291200,152770273.0,13.61,13.6,13.59,13.58,13.57,13.56,13.55,13.54,13.53,13.52,13.62,13.63,13.64,13.65,13.66,13.67,13.68,13.69,13.7,13.71,9600,5500,3200,10300,13000,20500,34800,60700,27100,22100,5300,11900,23000,74300,4300,7500,18000,9300,32000,16200
6347.0,13.61,11291200,152770273.0,13.61,13.6,13.59,13.58,13.57,13.56,13.55,13.54,13.53,13.52,13.62,13.63,13.64,13.65,13.66,13.67,13.68,13.69,13.7,13.71,9600,5500,3000,10300,13000,20500,34800,60700,27100,22100,5300,11900,23000,74300,4300,7500,18000,9300,32000,16200
6348.0,13.61,11291900,152779800.0,13.61,13.6,13.59,13.58,13.57,13.56,13.55,13.54,13.53,13.52,13.62,13.63,13.64,13.65,13.66,13.67,13.68,13.69,13.7,13.71,8900,5500,3000,10300,13000,20500,34800,60700,27100,22100,5300,11900,23000,74300,4300,7500,18000,9300,32000,16200
6349.0,13.61,11291900,152779800.0,13.61,13.6,13.59,13.58,13.57,13.56,13.55,13.54,13.53,13.52,13.62,13.63,13.64,13.65,13.66,13.67,13.68,13.69,13.7,13.71,8900,5500,3000,10300,13000,20500,34800,60700,27100,22100,5300,11900,23000,74300,4300,7500,18000,9300,32000,16200
6350.0,13.62,11293400,152800230.0,13.61,13.6,13.59,13.58,13.57,13.56,13.55,13.54,13.53,13.52,13.62,13.63,13.64,13.65,13.66,13.67,13.68,13.69,13.7,13.71,8900,5500,3000,10300,13000,20500,34800,60700,27100,22100,3800,11900,23000,74300,4300,7500,18000,9300,32000,16200
6351.0,13.62,11293400,152800230.0,13.61,13.6,13.59,13.58,13.57,13.56,13.55,13.54,13.53,13.52,13.62,13.63,13.64,13.65,13.66,13.67,13.68,13.69,13.7,13.71,8900,5500,3000,10300,13000,20500,34800,60700,27100,22100,3800,11900,23000,74300,4300,7500,18000,9300,32000,16200
6352.0,13.62,11295600,152830194.0,13.61,13.6,13.59,13.58,13.57,13.56,13.55,13.54,13.53,13.52,13.62,13.63,13.64,13.65,13.66,13.67,13.68,13.69,13.7,13.71,8900,5500,3000,10300,13000,20500,34800,60700,27100,22100,1600,11900,23000,74300,4300,7500,18000,9300,32000,16200
6353.0,13.62,11295600,152830194.0,13.61,13.6,13.59,13.58,13.57,13.56,13.55,13.54,13.53,13.52,13.62,13.63,13.64,13.65,13.66,13.67,13.68,13.69,13.7,13.71,8900,5500,3000,10300,13000,20500,34800,60700,27100,22100,1600,11900,23000,74300,4300,7500,18000,9300,32000,16200
6354.0,13.62,11296400,152841083.0,13.61,13.6,13.59,13.58,13.57,13.56,13.55,13.54,13.53,13.52,13.62,13.63,13.64,13.65,13.66,13.67,13.68,13.69,13.7,13.71,8400,5500,3000,10300,13000,20500,34800,60700,27100,22100,1500,11900,23000,74300,4300,7500,18000,9300,32000,16200
6355.0,13.62,11296700,152845169.0,13.61,13.6,13.59,13.58,13.57,13.56,13.55,13.54,13.53,13.52,13.62,13.63,13.64,13.65,13.66,13.67,13.68,13.69,13.7,13.71,8400,5500,3000,10300,13000,20500,34800,60700,27100,22100,1200,11900,23000,74300,4300,7500,18000,9300,32000,16200
6356.0,13.62,11296900,152847893.0,13.61,13.6,13.59,13.58,13.57,13.56,13.55,13.54,13.53,13.52,13.62,13.63,13.64,13.65,13.66,13.67,13.68,13.69,13.7,13.71,8400,5500,3000,10300,13000,20500,34800,60700,27100,22100,1000,11900,23000,74300,4300,7500,18000,9300,32000,16200
6357.0,13.61,11297600,152857420.0,13.61,13.6,13.59,13.58,13.57,13.56,13.55,13.54,13.53,13.52,13.62,13.63,13.64,13.65,13.66,13.67,13.68,13.69,13.7,13.71,7700,5500,3000,10300,13000,20500,34800,60700,27100,22100,1000,11900,23000,74300,4300,7500,18000,9300,32000,16200
6358.0,13.62,11297700,152858782.0,13.61,13.6,13.59,13.58,13.57,13.56,13.55,13.54,13.53,13.52,13.62,13.63,13.64,13.65,13.66,13.67,13.68,13.69,13.7,13.71,7700,5500,3000,10300,13000,20500,34800,60700,27100,22100,900,11900,23000,74300,4300,7500,18000,9300,32000,16200
6359.0,13.62,11297700,152858782.0,13.61,13.6,13.59,13.58,13.57,13.56,13.55,13.54,13.53,13.52,13.62,13.63,13.64,13.65,13.66,13.67,13.68,13.69,13.7,13.71,7700,5500,3000,10300,13000,20500,34800,60700,27100,22100,900,11900,23000,74300,4300,7500,18000,9300,32000,16200
6360.0,13.62,11299300,152880567.0,13.62,13.61,13.6,13.59,13.58,13.57,13.56,13.55,13.54,13.53,13.63,13.64,13.65,13.66,13.67,13.68,13.69,13.7,13.71,13.72,4200,7000,5500,3000,10300,13000,20500,34800,60700,27100,11900,23000,74100,4300,7500,18000,9300,32000,16200,7300
6361.0,13.62,11299300,152880567.0,13.62,13.61,13.6,13.59,13.58,13.57,13.56,13.55,13.54,13.53,13.63,13.64,13.65,13.66,13.67,13.68,13.69,13.7,13.71,13.72,4200,7000,5500,3000,10300,13000,20500,34800,60700,27100,11900,23000,74100,4300,7500,18000,9300,32000,16200,7300
6362.0,13.63,11300700,152899649.0,13.62,13.61,13.6,13.59,13.58,13.57,13.56,13.55,13.54,13.53,13.63,13.64,13.65,13.66,13.67,13.68,13.69,13.7,13.71,13.72,6000,7000,5500,3000,10300,13000,20500,34800,60700,27100,10500,23000,74100,4300,7500,19000,9300,32000,16200,7300
6363.0,13.62,11301300,152907821.0,13.62,13.61,13.6,13.59,13.58,13.57,13.56,13.55,13.54,13.53,13.63,13.64,13.65,13.66,13.67,13.68,13.69,13.7,13.71,13.72,5400,7000,5500,3000,10300,13000,20500,34800,60700,27100,10500,23000,74100,4300,7500,19000,9300,32000,16200,7300
6364.0,13.63,11301400,152909184.0,13.62,13.61,13.6,13.59,13.58,13.57,13.56,13.55,13.54,13.53,13.63,13.64,13.65,13.66,13.67,13.68,13.69,13.7,13.71,13.72,5400,7000,5500,3000,10300,13000,20500,34800,60700,27100,10400,23000,74100,4300,7500,19000,9300,32000,16200,7300
6365.0,13.62,11302600,152925535.0,13.62,13.61,13.6,13.59,13.58,13.57,13.56,13.55,13.54,13.53,13.63,13.64,13.65,13.66,13.67,13.68,13.69,13.7,13.71,13.72,4900,7000,5500,3000,10300,13000,20500,34800,60700,27100,9700,23000,74100,4300,7500,19000,9300,32000,16200,7300
6366.0,13.62,11302600,152925535.0,13.62,13.61,13.6,13.59,13.58,13.57,13.56,13.55,13.54,13.53,13.63,13.64,13.65,13.66,13.67,13.68,13.69,13.7,13.71,13.72,4900,7000,5500,3000,10300,13000,20500,34800,60700,27100,9700,23000,74100,4300,7500,21000,9300,32000,16200,7300
6367.0,13.62,11302600,152925535.0,13.62,13.61,13.6,13.59,13.58,13.57,13.56,13.55,13.54,13.53,13.63,13.64,13.65,13.66,13.67,13.68,13.69,13.7,13.71,13.72,4900,7000,5500,3000,10300,13000,20500,34800,60700,27100,9700,23000,74100,4300,7500,21000,9300,32000,16200,7300
6368.0,13.62,11303000,152930983.0,13.62,13.61,13.6,13.59,13.58,13.57,13.56,13.55,13.54,13.53,13.63,13.64,13.65,13.66,13.67,13.68,13.69,13.7,13.71,13.72,4500,7000,5500,3000,10300,13000,20500,34800,60700,27100,9700,23000,74100,5400,7500,21000,9300,32000,16200,7300
6369.0,13.63,11306900,152984140.0,13.62,13.61,13.6,13.59,13.58,13.57,13.56,13.55,13.54,13.53,13.63,13.64,13.65,13.66,13.67,13.68,13.69,13.7,13.71,13.72,4500,8000,5500,3000,9100,13000,20500,34800,60700,27100,5800,22800,74100,5400,7500,21000,9300,32000,16200,7300
6370.0,13.63,11307900,152997770.0,13.62,13.61,13.6,13.59,13.58,13.57,13.56,13.55,13.54,13.53,13.63,13.64,13.65,13.66,13.67,13.68,13.69,13.7,13.71,13.72,4500,8000,5500,3000,9100,13000,20500,34800,60700,27100,4800,22800,74100,5400,7500,21000,9300,32000,16200,7300
6371.0,13.62,11308300,153003218.0,13.62,13.61,13.6,13.59,13.58,13.57,13.56,13.55,13.54,13.53,13.63,13.64,13.65,13.66,13.67,13.68,13.69,13.7,13.71,13.72,4100,8000,5500,3000,9100,13000,20500,34800,60700,27100,4800,22800,74100,5400,7500,21000,9300,32000,16200,7300
6372.0,13.63,11308700,153008670.0,13.62,13.61,13.6,13.59,13.58,13.57,13.56,13.55,13.54,13.53,13.63,13.64,13.65,13.66,13.67,13.68,13.69,13.7,13.71,13.72,4100,8000,5500,3000,9100,13000,20500,34800,60700,27100,4400,22800,74100,5400,7500,21000,9300,32000,16200,7300
6373.0,13.63,11309500,153019574.0,13.62,13.61,13.6,13.59,13.58,13.57,13.56,13.55,13.54,13.53,13.63,13.64,13.65,13.66,13.67,13.68,13.69,13.7,13.71,13.72,4100,8000,5500,3000,9100,13000,20500,34800,60700,27100,3600,22800,74100,5400,7500,21000,9300,32000,16200,7300
6374.0,13.62,11309900,153025022.0,13.62,13.61,13.6,13.59,13.58,13.57,13.56,13.55,13.54,13.53,13.63,13.64,13.65,13.66,13.67,13.68,13.69,13.7,13.71,13.72,3700,8000,5500,3000,9100,13000,22700,34800,60700,27100,3600,22800,74100,5400,7500,21000,9300,32000,16200,7300
6375.0,13.62,11309900,153025022.0,13.62,13.61,13.6,13.59,13.58,13.57,13.56,13.55,13.54,13.53,13.63,13.64,13.65,13.66,13.67,13.68,13.69,13.7,13.71,13.72,3700,8000,5500,3000,9100,13000,22700,34800,60700,27100,3600,22800,74100,5400,7500,21000,9300,32000,16200,7300
6376.0,13.62,11309900,153025022.0,13.62,13.61,13.6,13.59,13.58,13.57,13.56,13.55,13.54,13.53,13.63,13.64,13.65,13.66,13.67,13.68,13.69,13.7,13.71,13.72,3700,8000,5500,3000,9100,13000,22700,34800,60700,27100,3600,22800,74100,5400,7500,21000,9300,32000,16200,7300
6377.0,13.62,11310700,153035918.0,13.62,13.61,13.6,13.59,13.58,13.57,13.56,13.55,13.54,13.53,13.63,13.64,13.65,13.66,13.67,13.68,13.69,13.7,13.71,13.72,2900,8000,5500,3000,9100,13000,22700,34800,60700,27100,3600,22800,74100,5400,7500,21000,9300,32000,16200,7300
6378.0,13.62,11311200,153042728.0,13.62,13.61,13.6,13.59,13.58,13.57,13.56,13.55,13.54,13.53,13.63,13.64,13.65,13.66,13.67,13.68,13.69,13.7,13.71,13.72,2400,8000,5500,3000,9100,13000,22700,34800,60700,27100,3600,22800,74100,5400,7500,21000,9300,32000,16200,7300
6379.0,13.63,11311400,153045454.0,13.62,13.61,13.6,13.59,13.58,13.57,13.56,13.55,13.54,13.53,13.63,13.64,13.65,13.66,13.67,13.68,13.69,13.7,13.71,13.72,2400,8000,5500,3000,9100,13000,22700,34800,60700,27100,4600,22800,74100,5400,7500,21000,9300,32000,16200,7300
6380.0,13.63,11312000,153053630.0,13.62,13.61,13.6,13.59,13.58,13.57,13.56,13.55,13.54,13.53,13.63,13.64,13.65,13.66,13.67,13.68,13.69,13.7,13.71,13.72,2200,1300,5500,3000,9100,13000,22700,34800,60700,27100,4300,22800,74100,5400,7500,21000,9300,32000,16200,7300
6381.0,13.62,11312400,153059078.0,13.62,13.61,13.6,13.59,13.58,13.57,13.56,13.55,13.54,13.53,13.63,13.64,13.65,13.66,13.67,13.68,13.69,13.7,13.71,13.72,1800,1300,5500,3000,9100,13000,22700,34800,60700,27100,4300,22800,74100,5400,7500,21000,9300,32000,16200,7300
6382.0,13.62,11312500,153060440.0,13.62,13.61,13.6,13.59,13.58,13.57,13.56,13.55,13.54,13.53,13.63,13.64,13.65,13.66,13.67,13.68,13.69,13.7,13.71,13.72,2200,1300,5500,3000,9100,13000,22700,34800,60700,27100,4300,22800,74100,5400,7500,21000,9300,32000,16200,7300
6383.0,13.62,11312500,153060440.0,13.62,13.61,13.6,13.59,13.58,13.57,13.56,13.55,13.54,13.53,13.63,13.64,13.65,13.66,13.67,13.68,13.69,13.7,13.71,13.72,2200,1300,5500,3000,9100,13000,22700,34800,60700,27100,4300,22800,74100,5400,7500,21000,9300,32000,16200,7300
6384.0,13.62,11312900,153065888.0,13.62,13.61,13.6,13.59,13.58,13.57,13.56,13.55,13.54,13.53,13.63,13.64,13.65,13.66,13.67,13.68,13.69,13.7,13.71,13.72,1800,1300,5500,3000,9100,13000,22700,34800,60700,27100,4300,22800,74100,5400,7500,21000,9300,32000,16200,7300
6385.0,13.63,11313100,153068613.0,13.62,13.61,13.6,13.59,13.58,13.57,13.56,13.55,13.54,13.53,13.63,13.64,13.65,13.66,13.67,13.68,13.69,13.7,13.71,13.72,1700,1300,5500,3000,9100,13000,22700,34800,60700,27100,4200,22800,74100,5400,7500,21000,9300,32000,16200,7300
6386.0,13.63,11313200,153069976.0,13.62,13.61,13.6,13.59,13.58,13.57,13.56,13.55,13.54,13.53,13.63,13.64,13.65,13.66,13.67,13.68,13.69,13.7,13.71,13.72,1700,1300,5500,3000,9100,13000,22700,34800,60700,27100,4100,22800,74100,5400,7500,21000,9300,32000,16200,7300
6387.0,13.62,11316900,153120391.0,13.62,13.61,13.6,13.59,13.58,13.57,13.56,13.55,13.54,13.53,13.63,13.64,13.65,13.66,13.67,13.68,13.69,13.7,13.71,13.72,100,1300,5500,3000,9100,13000,22700,34800,60700,27100,2000,22800,74100,5400,7500,21000,9300,32000,16200,7300
6388.0,13.62,11316900,153120391.0,13.62,13.61,13.6,13.59,13.58,13.57,13.56,13.55,13.54,13.53,13.63,13.64,13.65,13.66,13.67,13.68,13.69,13.7,13.71,13.72,3500,1300,5500,3000,9100,13000,22700,34800,60700,27100,2000,22800,74100,5400,7500,14700,9300,32000,16200,7300
6389.0,13.62,11316900,153120391.0,13.62,13.61,13.6,13.59,13.58,13.57,13.56,13.55,13.54,13.53,13.63,13.64,13.65,13.66,13.67,13.68,13.69,13.7,13.71,13.72,3500,1300,5500,3000,9100,13000,22700,34800,60700,27100,2000,22800,74100,5400,7500,14700,9300,32000,16200,7300
6390.0,13.63,11317200,153124480.0,13.62,13.61,13.6,13.59,13.58,13.57,13.56,13.55,13.54,13.53,13.63,13.64,13.65,13.66,13.67,13.68,13.69,13.7,13.71,13.72,3500,1300,5500,3000,9100,13000,22700,34800,60700,27100,1700,22800,74100,5400,7500,14700,9300,32000,16200,7300
6391.0,13.63,11319200,153151737.0,13.63,13.62,13.61,13.6,13.59,13.58,13.57,13.56,13.55,13.54,13.64,13.65,13.66,13.67,13.68,13.69,13.7,13.71,13.72,13.73,9500,3200,1300,5500,3000,9100,13000,22700,34800,60700,22800,74100,5400,7500,14700,9300,32000,16200,7300,37700
6392.0,13.63,11319200,153151737.0,13.63,13.62,13.61,13.6,13.59,13.58,13.57,13.56,13.55,13.54,13.64,13.65,13.66,13.67,13.68,13.69,13.7,13.71,13.72,13.73,9600,3200,300,5500,3000,9100,13000,21700,34800,60700,22800,74100,5400,7500,14700,9300,32000,16200,7300,37700
6393.0,13.63,11319200,153151737.0,13.63,13.62,13.61,13.6,13.59,13.58,13.57,13.56,13.55,13.54,13.64,13.65,13.66,13.67,13.68,13.69,13.7,13.71,13.72,13.73,9600,3200,300,5500,3000,9100,13000,21700,34800,60700,22800,74100,5400,7500,14700,9300,32000,16200,7300,37700
6394.0,13.64,11320600,153170826.0,13.63,13.62,13.61,13.6,13.59,13.58,13.57,13.56,13.55,13.54,13.64,13.65,13.66,13.67,13.68,13.69,13.7,13.71,13.72,13.73,8900,3200,300,5500,3000,9100,13000,21700,34800,60700,22100,74100,5400,7500,14700,9300,32000,16200,7300,37700
6395.0,13.63,11322000,153189908.0,13.63,13.62,13.61,13.6,13.59,13.58,13.57,13.56,13.55,13.54,13.64,13.65,13.66,13.67,13.68,13.69,13.7,13.71,13.72,13.73,17500,3200,300,5500,3000,9100,13500,21700,34800,60700,22100,74100,5400,7500,14700,9300,32000,16200,7300,37700
6396.0,13.63,11322000,153189908.0,13.63,13.62,13.61,13.6,13.59,13.58,13.57,13.56,13.55,13.54,13.64,13.65,13.66,13.67,13.68,13.69,13.7,13.71,13.72,13.73,17500,3200,300,5500,3000,9100,13500,21700,34800,60700,22100,74100,5400,7500,14700,9300,32000,16200,7300,37700
6397.0,13.63,11322700,153199449.0,13.63,13.62,13.61,13.6,13.59,13.58,13.57,13.56,13.55,13.54,13.64,13.65,13.66,13.67,13.68,13.69,13.7,13.71,13.72,13.73,16800,4300,300,5500,3000,9100,13500,21700,34800,60700,22100,74100,5400,7500,14700,9300,32000,16200,7300,37700
6398.0,13.63,11322700,153199449.0,13.63,13.62,13.61,13.6,13.59,13.58,13.57,13.56,13.55,13.54,13.64,13.65,13.66,13.67,13.68,13.69,13.7,13.71,13.72,13.73,16800,4300,300,5500,3000,9100,13300,21700,34800,60700,22100,74100,5400,7500,14700,9300,32000,16200,7300,37700
6399.0,13.63,11323400,153208990.0,13.63,13.62,13.61,13.6,13.59,13.58,13.57,13.56,13.55,13.54,13.64,13.65,13.66,13.67,13.68,13.69,13.7,13.71,13.72,13.73,16100,4300,300,5500,3000,9100,13300,21700,34800,60700,22100,74100,5400,7500,14700,9300,32000,16200,7300,37700
6400.0,13.63,11323400,153208990.0,13.63,13.62,13.61,13.6,13.59,13.58,13.57,13.56,13.55,13.54,13.64,13.65,13.66,13.67,13.68,13.69,13.7,13.71,13.72,13.73,16100,4300,300,5500,3000,9100,13300,21700,34800,60700,22100,74100,5400,7500,14700,9300,32000,16200,7300,37700
6401.0,13.63,11323400,153208990.0,13.63,13.62,13.61,13.6,13.59,13.58,13.57,13.56,13.55,13.54,13.64,13.65,13.66,13.67,13.68,13.69,13.7,13.71,13.72,13.73,19300,4300,300,5500,3000,9100,13300,21700,34800,60700,22100,74100,5400,7500,14700,9300,32000,16200,7900,37700
6402.0,13.63,11324800,153228079.0,13.63,13.62,13.61,13.6,13.59,13.58,13.57,13.56,13.55,13.54,13.64,13.65,13.66,13.67,13.68,13.69,13.7,13.71,13.72,13.73,18600,4300,300,5500,3000,9100,13300,21700,34800,60700,21400,74100,5400,7500,14700,9300,32000,16200,7900,37700
6403.0,13.63,11324800,153228079.0,13.63,13.62,13.61,13.6,13.59,13.58,13.57,13.56,13.55,13.54,13.64,13.65,13.66,13.67,13.68,13.69,13.7,13.71,13.72,13.73,19100,4300,300,5500,3000,9100,13300,21700,34800,60700,21400,74100,5400,7500,14700,9300,32000,16200,7900,37700
6404.0,13.63,11324800,153228079.0,13.63,13.62,13.61,13.6,13.59,13.58,13.57,13.56,13.55,13.54,13.64,13.65,13.66,13.67,13.68,13.69,13.7,13.71,13.72,13.73,19100,4300,300,5500,3000,9100,13300,21700,34800,60700,21400,74100,5400,7500,14700,9300,32000,16200,7900,37700
6405.0,13.63,11325500,153237620.0,13.63,13.62,13.61,13.6,13.59,13.58,13.57,13.56,13.55,13.54,13.64,13.65,13.66,13.67,13.68,13.69,13.7,13.71,13.72,13.73,8400,4300,300,5500,3000,9100,13300,21700,34800,60700,21400,73900,5400,7500,14700,9300,32000,16200,7900,37700
6406.0,13.64,11327000,153258066.0,13.63,13.62,13.61,13.6,13.59,13.58,13.57,13.56,13.55,13.54,13.64,13.65,13.66,13.67,13.68,13.69,13.7,13.71,13.72,13.73,7000,4300,300,5500,3000,9100,13300,21700,34800,60700,21300,73900,5400,7500,14700,9300,32000,16200,7900,37700
6407.0,13.64,11327000,153258066.0,13.63,13.62,13.61,13.6,13.59,13.58,13.57,13.56,13.55,13.54,13.64,13.65,13.66,13.67,13.68,13.69,13.7,13.71,13.72,13.73,7000,4300,300,5500,3000,9100,13300,21700,34800,60700,21300,73900,5400,7500,14700,9300,32000,16200,7900,37700
6408.0,13.63,11327700,153267607.0,13.63,13.62,13.61,13.6,13.59,13.58,13.57,13.56,13.55,13.54,13.64,13.65,13.66,13.67,13.68,13.69,13.7,13.71,13.72,13.73,6300,4300,300,5500,3000,9100,13300,21700,34800,60700,21300,73900,5400,7500,14700,9300,32000,16200,7900,37700
6409.0,13.64,11329400,153290795.0,13.63,13.62,13.61,13.6,13.59,13.58,13.57,13.56,13.55,13.54,13.64,13.65,13.66,13.67,13.68,13.69,13.7,13.71,13.72,13.73,6300,4300,300,5500,3000,9100,13300,21700,34800,60700,19600,73900,5400,7500,14900,9300,32000,16200,7900,37700
6410.0,13.63,11334400,153358945.0,13.63,13.62,13.61,13.6,13.59,13.58,13.57,13.56,13.55,13.54,13.64,13.65,13.66,13.67,13.68,13.69,13.7,13.71,13.72,13.73,1300,4300,300,5500,3000,9100,13300,21700,34800,60700,19700,73900,5400,7500,14900,9300,32000,16200,7900,37700
6411.0,13.63,11334800,153364397.0,13.63,13.62,13.61,13.6,13.59,13.58,13.57,13.56,13.55,13.54,13.64,13.65,13.66,13.67,13.68,13.69,13.7,13.71,13.72,13.73,900,4300,300,5500,3000,9100,13300,21700,34800,60700,19700,73900,5400,7500,14900,9300,32000,16200,7900,37700
6412.0,13.63,11335700,153376664.0,13.62,13.61,13.6,13.59,13.58,13.57,13.56,13.55,13.54,13.53,13.63,13.64,13.65,13.66,13.67,13.68,13.69,13.7,13.71,13.72,4300,300,5500,3000,9100,13300,21700,34800,60700,27100,5300,19700,73900,5400,7500,14900,9300,32000,16200,7900
6413.0,13.63,11335700,153376664.0,13.62,13.61,13.6,13.59,13.58,13.57,13.56,13.55,13.54,13.53,13.63,13.64,13.65,13.66,13.67,13.68,13.69,13.7,13.71,13.72,4300,300,5500,3000,9100,13300,21700,34800,60700,27100,5300,19700,73900,5400,7500,14900,9300,32000,16200,7900
6414.0,13.62,11336100,153382112.0,13.62,13.61,13.6,13.59,13.58,13.57,13.56,13.55,13.54,13.53,13.63,13.64,13.65,13.66,13.67,13.68,13.69,13.7,13.71,13.72,3900,300,5500,3000,9100,13300,21700,34800,60700,27100,6300,19700,71500,5400,7500,14900,9300,32000,16200,7900
6415.0,13.62,11336100,153382112.0,13.62,13.61,13.6,13.59,13.58,13.57,13.56,13.55,13.54,13.53,13.63,13.64,13.65,13.66,13.67,13.68,13.69,13.7,13.71,13.72,3900,300,5500,3000,9100,13300,21700,34800,60700,27100,6300,19700,71500,5400,7500,14900,9300,32000,16200,7900
6416.0,13.63,11336700,153390290.0,13.62,13.61,13.6,13.59,13.58,13.57,13.56,13.55,13.54,13.53,13.63,13.64,13.65,13.66,13.67,13.68,13.69,13.7,13.71,13.72,3900,300,5500,3000,9100,13300,21700,34800,60700,27100,5700,24900,71500,5400,7500,14900,9300,32000,16200,7900
6417.0,13.62,11337700,153403910.0,13.62,13.61,13.6,13.59,13.58,13.57,13.56,13.55,13.54,13.53,13.63,13.64,13.65,13.66,13.67,13.68,13.69,13.7,13.71,13.72,2900,300,5500,3000,9100,13200,21700,34800,60700,27100,5700,24900,71500,5400,7500,14900,9300,32000,16200,7900
6418.0,13.62,11337700,153403910.0,13.62,13.61,13.6,13.59,13.58,13.57,13.56,13.55,13.54,13.53,13.63,13.64,13.65,13.66,13.67,13.68,13.69,13.7,13.71,13.72,2900,300,5500,3000,9100,13200,21700,34800,60700,27100,5700,24900,69500,5400,7500,14900,9300,32000,16200,7900
6419.0,13.62,11337700,153403910.0,13.62,13.61,13.6,13.59,13.58,13.57,13.56,13.55,13.54,13.53,13.63,13.64,13.65,13.66,13.67,13.68,13.69,13.7,13.71,13.72,2900,300,5500,3000,9100,13200,21700,34800,60700,27100,5700,24900,69500,5400,7500,14900,9300,32000,16200,7900
6420.0,13.62,11337900,153406634.0,13.62,13.61,13.6,13.59,13.58,13.57,13.56,13.55,13.54,13.53,13.63,13.64,13.65,13.66,13.67,13.68,13.69,13.7,13.71,13.72,2700,300,5500,3000,9100,13200,21700,34800,60700,27100,5700,24900,69500,5400,7500,14900,9300,32000,16200,7900
6421.0,13.63,11338100,153409360.0,13.62,13.61,13.6,13.59,13.58,13.57,13.56,13.55,13.54,13.53,13.63,13.64,13.65,13.66,13.67,13.68,13.69,13.7,13.71,13.72,2700,300,5500,3000,9100,13200,21700,34800,60700,27100,5500,24900,69500,5400,7500,14900,9300,32000,16200,7900
6422.0,13.63,11338100,153409360.0,13.62,13.61,13.6,13.59,13.58,13.57,13.56,13.55,13.54,13.53,13.63,13.64,13.65,13.66,13.67,13.68,13.69,13.7,13.71,13.72,2700,300,5500,3000,9100,13200,21700,34800,60700,27100,5500,28600,69500,5400,7500,14900,9300,32000,16200,7900
6423.0,13.62,11338800,153418899.0,13.62,13.61,13.6,13.59,13.58,13.57,13.56,13.55,13.54,13.53,13.63,13.64,13.65,13.66,13.67,13.68,13.69,13.7,13.71,13.72,2500,300,5500,3000,9100,13200,21700,34800,60700,27100,4200,28600,69500,5400,7500,14900,9300,32000,16200,7900
6424.0,13.62,11341100,153450226.0,13.62,13.61,13.6,13.59,13.58,13.57,13.56,13.55,13.54,13.53,13.63,13.64,13.65,13.66,13.67,13.68,13.69,13.7,13.71,13.72,300,300,5500,3000,9100,13200,21700,34800,60700,27100,4100,28600,69500,5400,7500,14900,9300,32000,16200,7900
6425.0,13.63,11341900,153461130.0,13.62,13.61,13.6,13.59,13.58,13.57,13.56,13.55,13.54,13.53,13.63,13.64,13.65,13.66,13.67,13.68,13.69,13.7,13.71,13.72,300,300,5500,3000,9100,13200,21700,34800,60700,27100,3300,28600,69500,5400,7500,14900,9300,32000,16200,7900
6426.0,13.62,11342000,153462492.0,13.62,13.61,13.6,13.59,13.58,13.57,13.56,13.55,13.54,13.53,13.63,13.64,13.65,13.66,13.67,13.68,13.69,13.7,13.71,13.72,200,300,5900,3000,9100,13200,21700,34800,60700,27100,3600,28600,69500,5400,13800,14900,9300,32000,16200,7900
6427.0,13.63,11342100,153463855.0,13.62,13.61,13.6,13.59,13.58,13.57,13.56,13.55,13.54,13.53,13.63,13.64,13.65,13.66,13.67,13.68,13.69,13.7,13.71,13.72,200,300,5900,3000,9100,13200,22700,34800,60700,27100,3500,28600,69800,5400,13800,14900,9300,32000,16200,7900
6428.0,13.63,11342100,153463855.0,13.62,13.61,13.6,13.59,13.58,13.57,13.56,13.55,13.54,13.53,13.63,13.64,13.65,13.66,13.67,13.68,13.69,13.7,13.71,13.72,200,300,5900,3000,9100,13200,22700,34800,60700,27100,3600,28600,69800,5400,13800,14900,9300,32000,16200,7900
6429.0,13.63,11345700,153512923.0,13.63,13.62,13.61,13.6,13.59,13.58,13.57,13.56,13.55,13.54,13.64,13.65,13.66,13.67,13.68,13.69,13.7,13.71,13.72,13.73,1000,200,300,5900,3000,9100,13200,22700,34800,60700,28600,69800,5400,13800,14900,9300,32000,16200,7900,37700
6430.0,13.62,11347600,153538825.0,13.61,13.6,13.59,13.58,13.57,13.56,13.55,13.54,13.53,13.52,13.62,13.64,13.65,13.66,13.67,13.68,13.69,13.7,13.71,13.72,300,5900,3000,9100,13200,22700,34800,60700,27100,22100,14400,27900,69800,5400,13800,14900,9300,32000,16200,7900
6431.0,13.62,11347600,153538825.0,13.61,13.6,13.59,13.58,13.57,13.56,13.55,13.54,13.53,13.52,13.62,13.64,13.65,13.66,13.67,13.68,13.69,13.7,13.71,13.72,300,5900,3000,9100,13200,22700,34800,60700,27100,22100,14400,27900,69800,5400,13800,14900,9300,32000,16200,7900
6432.0,13.62,11347600,153538825.0,13.61,13.6,13.59,13.58,13.57,13.56,13.55,13.54,13.53,13.52,13.62,13.64,13.65,13.66,13.67,13.68,13.69,13.7,13.71,13.72,300,5900,3000,9100,13200,22700,34800,60700,27100,22100,14400,27900,71800,5400,13800,14900,9300,32000,16200,7900
6433.0,13.62,11351600,153593305.0,13.61,13.6,13.59,13.58,13.57,13.56,13.55,13.54,13.53,13.52,13.62,13.64,13.65,13.66,13.67,13.68,13.69,13.7,13.71,13.72,300,5900,3000,9100,13200,22700,34800,60700,27100,22100,10400,27900,71800,5400,13800,14900,9300,32000,16200,7900
6434.0,13.62,11351600,153593305.0,13.61,13.6,13.59,13.58,13.57,13.56,13.55,13.54,13.53,13.52,13.62,13.64,13.65,13.66,13.67,13.68,13.69,13.7,13.71,13.72,300,5900,3000,9100,13200,22700,34800,60700,27100,22100,11600,36800,71800,5400,13800,14900,9300,32000,16200,7900
6435.0,13.62,11351600,153593305.0,13.61,13.6,13.59,13.58,13.57,13.56,13.55,13.54,13.53,13.52,13.62,13.64,13.65,13.66,13.67,13.68,13.69,13.7,13.71,13.72,300,5900,3000,9100,13200,22700,34800,60700,27100,22100,11600,36800,71800,5400,13800,14900,9300,32000,16200,7900
6436.0,13.62,11351600,153593305.0,13.61,13.6,13.59,13.58,13.57,13.56,13.55,13.54,13.53,13.52,13.62,13.64,13.65,13.66,13.67,13.68,13.69,13.7,13.71,13.72,300,5900,3000,9100,13200,22700,34800,60700,27100,22100,11600,36800,71800,5400,13800,14900,9300,32000,16200,7900
6437.0,13.62,11351600,153593305.0,13.61,13.6,13.59,13.58,13.57,13.56,13.55,13.54,13.53,13.52,13.62,13.64,13.65,13.66,13.67,13.68,13.69,13.7,13.71,13.72,300,5900,3000,9100,13200,22700,34800,60700,27100,22100,11600,36800,71800,5400,13800,14900,9300,32000,16200,7900
6438.0,13.62,11351600,153593305.0,13.61,13.6,13.59,13.58,13.57,13.56,13.55,13.54,13.53,13.52,13.62,13.64,13.65,13.66,13.67,13.68,13.69,13.7,13.71,13.72,300,5900,3000,9100,13200,22700,34800,60700,27100,22100,12100,36800,71800,5400,13800,14900,9300,32000,16200,7900
6439.0,13.62,11351600,153593305.0,13.61,13.6,13.59,13.58,13.57,13.56,13.55,13.54,13.53,13.52,13.62,13.64,13.65,13.66,13.67,13.68,13.69,13.7,13.71,13.72,300,5900,3000,9100,13200,22700,34800,60700,27100,22100,12100,36800,71800,5400,13800,14900,9300,32000,16200,7900
6440.0,13.62,11351600,153593305.0,13.61,13.6,13.59,13.58,13.57,13.56,13.55,13.54,13.53,13.52,13.62,13.64,13.65,13.66,13.67,13.68,13.69,13.7,13.71,13.72,300,5900,3000,9100,13200,22700,34800,60700,27100,22100,12100,36800,71800,5400,13800,14900,9300,32000,16200,7900
6441.0,13.62,11351600,153593305.0,13.61,13.6,13.59,13.58,13.57,13.56,13.55,13.54,13.53,13.52,13.62,13.64,13.65,13.66,13.67,13.68,13.69,13.7,13.71,13.72,300,5900,9300,9100,13200,22700,34800,60700,27100,22100,12100,36700,71800,5400,13800,14900,9300,32000,16200,7900
6442.0,13.62,11351600,153593305.0,13.61,13.6,13.59,13.58,13.57,13.56,13.55,13.54,13.53,13.52,13.62,13.64,13.65,13.66,13.67,13.68,13.69,13.7,13.71,13.72,300,5900,9300,9100,13200,22700,34800,60700,27100,22100,12200,36700,71800,5400,13800,14900,9300,32000,16200,7900
6443.0,13.62,11351600,153593305.0,13.61,13.6,13.59,13.58,13.57,13.56,13.55,13.54,13.53,13.52,13.62,13.64,13.65,13.66,13.67,13.68,13.69,13.7,13.71,13.72,300,5900,9300,10100,13200,22700,34800,60700,27100,22100,12200,36700,71800,5400,13800,14900,9300,32000,16200,7900
6444.0,13.62,11351600,153593305.0,13.61,13.6,13.59,13.58,13.57,13.56,13.55,13.54,13.53,13.52,13.62,13.64,13.65,13.66,13.67,13.68,13.69,13.7,13.71,13.72,400,5900,9300,10100,13200,22700,34800,60700,27100,22100,12200,36700,71800,5400,13800,14900,9300,32000,16200,7900
6445.0,13.62,11351600,153593305.0,13.61,13.6,13.59,13.58,13.57,13.56,13.55,13.54,13.53,13.52,13.62,13.64,13.65,13.66,13.67,13.68,13.69,13.7,13.71,13.72,400,5900,9300,10100,13200,22700,34800,60700,27100,22100,12200,36700,71800,5400,13800,14900,9300,32000,16200,7900
6446.0,13.62,11351600,153593305.0,13.61,13.6,13.59,13.58,13.57,13.56,13.55,13.54,13.53,13.52,13.62,13.64,13.65,13.66,13.67,13.68,13.69,13.7,13.71,13.72,400,5900,9300,10100,13200,22700,34800,60700,27100,22100,12200,36700,71800,5400,13800,14900,9300,32000,16200,7900
6447.0,13.62,11351600,153593305.0,13.61,13.6,13.59,13.58,13.57,13.56,13.55,13.54,13.53,13.52,13.62,13.64,13.65,13.66,13.67,13.68,13.69,13.7,13.71,13.72,400,5900,9300,10100,13200,22700,34800,60700,27100,22100,12200,36700,71800,5400,13800,14900,9300,32000,16200,7900
6448.0,13.62,11351600,153593305.0,13.61,13.6,13.59,13.58,13.57,13.56,13.55,13.54,13.53,13.52,13.62,13.64,13.65,13.66,13.67,13.68,13.69,13.7,13.71,13.72,400,5900,9300,10100,13200,22700,34800,60700,27100,22100,12200,36700,71800,5400,13800,15100,9300,32000,16200,7900
6449.0,13.62,11351600,153593305.0,13.61,13.6,13.59,13.58,13.57,13.56,13.55,13.54,13.53,13.52,13.62,13.64,13.65,13.66,13.67,13.68,13.69,13.7,13.71,13.72,400,5900,9300,10100,13200,22700,34800,60700,27100,22100,12200,36700,71800,5400,13800,15100,9300,32000,16200,7900
6450.0,13.62,11351600,153593305.0,13.61,13.6,13.59,13.58,13.57,13.56,13.55,13.54,13.53,13.52,13.62,13.64,13.65,13.66,13.67,13.68,13.69,13.7,13.71,13.72,400,5900,9300,10100,13200,22700,34800,60700,27100,22100,12200,36700,71800,5400,13800,15100,9300,32000,16200,7900
6451.0,13.61,11352200,153601474.0,13.61,13.6,13.59,13.58,13.57,13.56,13.55,13.54,13.53,13.52,13.62,13.64,13.65,13.66,13.67,13.68,13.69,13.7,13.71,13.72,100,5900,9300,10100,13200,22700,34800,60700,27100,22100,11900,36700,71800,5400,13800,15100,9300,32000,16200,7900
6452.0,13.61,11352300,153602835.0,13.6,13.59,13.58,13.57,13.56,13.55,13.54,13.53,13.52,13.51,13.61,13.62,13.64,13.65,13.66,13.67,13.68,13.69,13.7,13.71,5900,9300,10100,13200,22700,34800,60700,27100,22100,18600,200,11900,36700,71800,5400,13800,15100,9300,32000,16200
6453.0,13.61,11353000,153612357.0,13.61,13.6,13.59,13.58,13.57,13.56,13.55,13.54,13.53,13.52,13.62,13.64,13.65,13.66,13.67,13.68,13.69,13.7,13.71,13.72,500,5400,9300,10100,13200,22700,34800,60700,27100,22100,11900,36700,71800,5400,13800,15100,9300,32000,16200,7900
6454.0,13.62,11353600,153620529.0,13.61,13.6,13.59,13.58,13.57,13.56,13.55,13.54,13.53,13.52,13.62,13.64,13.65,13.66,13.67,13.68,13.69,13.7,13.71,13.72,500,5400,9300,10100,13200,22700,34800,60700,27100,22100,11300,36700,71800,5400,13800,15100,9300,32000,16200,7900
6455.0,13.62,11353600,153620529.0,13.61,13.6,13.59,13.58,13.57,13.56,13.55,13.54,13.53,13.52,13.62,13.64,13.65,13.66,13.67,13.68,13.69,13.7,13.71,13.72,500,5400,9300,10100,13200,22700,34800,61000,27100,22100,11300,36700,71800,5400,13800,15100,9300,32000,16200,7900
6456.0,13.62,11353600,153620529.0,13.61,13.6,13.59,13.58,13.57,13.56,13.55,13.54,13.53,13.52,13.62,13.64,13.65,13.66,13.67,13.68,13.69,13.7,13.71,13.72,500,5400,9300,10100,13200,22700,34800,61000,27100,22100,11300,36700,71800,5400,13800,15100,9300,32000,16200,7900
6457.0,13.62,11353600,153620529.0,13.61,13.6,13.59,13.58,13.57,13.56,13.55,13.54,13.53,13.52,13.62,13.64,13.65,13.66,13.67,13.68,13.69,13.7,13.71,13.72,500,5400,9300,10100,13200,22700,34800,61000,27100,22100,11300,36700,71800,5400,13800,15100,9300,32000,16200,7900
6458.0,13.62,11353600,153620529.0,13.61,13.6,13.59,13.58,13.57,13.56,13.55,13.54,13.53,13.52,13.62,13.64,13.65,13.66,13.67,13.68,13.69,13.7,13.71,13.72,500,5400,9300,10100,13200,22700,34800,61000,27100,22100,11300,36700,71800,6600,13800,15100,9300,32000,16200,7900
6459.0,13.62,11355300,153643683.0,13.61,13.6,13.59,13.58,13.57,13.56,13.55,13.54,13.53,13.52,13.62,13.64,13.65,13.66,13.67,13.68,13.69,13.7,13.71,13.72,500,5400,9300,10100,13200,22700,34800,61000,27100,22100,9600,36700,71800,6600,13800,15100,9300,32000,16200,7900
6460.0,13.62,11355300,153643683.0,13.61,13.6,13.59,13.58,13.57,13.56,13.55,13.54,13.53,13.52,13.62,13.64,13.65,13.66,13.67,13.68,13.69,13.7,13.71,13.72,500,5400,9300,10100,13200,22700,34800,61000,27100,22100,9600,36700,71800,6600,13800,15100,9300,32000,16200,7900
6461.0,13.62,11355300,153643683.0,13.61,13.6,13.59,13.58,13.57,13.56,13.55,13.54,13.53,13.52,13.62,13.64,13.65,13.66,13.67,13.68,13.69,13.7,13.71,13.72,500,5400,9300,10000,13200,22700,34800,61000,27100,22100,9600,36700,71800,6600,13800,15100,9300,32000,16200,7900
6462.0,13.61,11355400,153645044.0,13.61,13.6,13.59,13.58,13.57,13.56,13.55,13.54,13.53,13.52,13.62,13.64,13.65,13.66,13.67,13.68,13.69,13.7,13.71,13.72,400,5400,9300,10000,13200,22700,34800,61000,27100,22100,9600,36700,71800,6600,13800,15100,9300,32000,16200,7900
6463.0,13.61,11355400,153645044.0,13.61,13.6,13.59,13.58,13.57,13.56,13.55,13.54,13.53,13.52,13.62,13.64,13.65,13.66,13.67,13.68,13.69,13.7,13.71,13.72,400,5400,9300,10000,13200,22700,34800,61000,27100,22100,9600,36700,71800,6600,13800,15100,9300,32000,16200,7900
6464.0,13.61,11355400,153645044.0,13.61,13.6,13.59,13.58,13.57,13.56,13.55,13.54,13.53,13.52,13.62,13.64,13.65,13.66,13.67,13.68,13.69,13.7,13.71,13.72,400,5400,9300,10000,13200,22700,34800,61000,27100,22100,9600,36700,71800,6600,13800,15100,9300,32000,16200,7900
6465.0,13.61,11355400,153645044.0,13.61,13.6,13.59,13.58,13.57,13.56,13.55,13.54,13.53,13.52,13.62,13.64,13.65,13.66,13.67,13.68,13.69,13.7,13.71,13.72,400,5400,9300,10000,13200,22700,34800,61000,27100,22100,9600,36700,71800,6600,13800,15100,9300,32000,16200,7900
6466.0,13.61,11355400,153645044.0,13.61,13.6,13.59,13.58,13.57,13.56,13.55,13.54,13.53,13.52,13.62,13.64,13.65,13.66,13.67,13.68,13.69,13.7,13.71,13.72,400,5400,9300,10000,13200,22700,34800,61000,27100,22100,9600,36700,71800,6600,13800,15100,9300,32000,16200,7900
6467.0,13.61,11355400,153645044.0,13.61,13.6,13.59,13.58,13.57,13.56,13.55,13.54,13.53,13.52,13.62,13.64,13.65,13.66,13.67,13.68,13.69,13.7,13.71,13.72,400,5400,9300,10000,13200,22700,34800,61000,24800,22100,9600,36700,71800,6600,13800,15100,9300,32000,16200,7900
6468.0,13.61,11355400,153645044.0,13.61,13.6,13.59,13.58,13.57,13.56,13.55,13.54,13.53,13.52,13.62,13.64,13.65,13.66,13.67,13.68,13.69,13.7,13.71,13.72,400,5400,9300,10000,13200,22700,34800,61000,24800,22100,9600,36700,71800,6600,13800,15100,9300,32000,16200,7900
6469.0,13.61,11355400,153645044.0,13.61,13.6,13.59,13.58,13.57,13.56,13.55,13.54,13.53,13.52,13.62,13.64,13.65,13.66,13.67,13.68,13.69,13.7,13.71,13.72,400,5400,9300,10000,13200,22700,34800,61000,24800,22100,9600,36700,71800,6600,13800,15100,9300,32000,16200,7900
6470.0,13.62,11355500,153646406.0,13.61,13.6,13.59,13.58,13.57,13.56,13.55,13.54,13.53,13.52,13.62,13.64,13.65,13.66,13.67,13.68,13.69,13.7,13.71,13.72,400,5400,9300,10000,13200,22700,34800,61000,24800,22100,9500,36700,71800,6600,13800,15100,9300,32000,16200,7900
6471.0,13.62,11355500,153646406.0,13.61,13.6,13.59,13.58,13.57,13.56,13.55,13.54,13.53,13.52,13.62,13.64,13.65,13.66,13.67,13.68,13.69,13.7,13.71,13.72,400,5400,9300,10000,13200,22700,34800,61000,24800,22100,9500,36700,72000,6600,13800,15100,9300,32000,16200,7900
6472.0,13.62,11355500,153646406.0,13.61,13.6,13.59,13.58,13.57,13.56,13.55,13.54,13.53,13.52,13.62,13.64,13.65,13.66,13.67,13.68,13.69,13.7,13.71,13.72,400,5400,9300,10000,13200,22700,34800,61000,24800,22100,9500,36700,72000,6600,13800,15100,9300,32000,16200,7900
6473.0,13.62,11355500,153646406.0,13.61,13.6,13.59,13.58,13.57,13.56,13.55,13.54,13.53,13.52,13.62,13.64,13.65,13.66,13.67,13.68,13.69,13.7,13.71,13.72,400,5400,9300,10000,13200,22700,34800,61000,24800,22100,9500,36700,72000,6600,13800,15100,9300,32000,16200,7900
6474.0,13.62,11355500,153646406.0,13.61,13.6,13.59,13.58,13.57,13.56,13.55,13.54,13.53,13.52,13.62,13.64,13.65,13.66,13.67,13.68,13.69,13.7,13.71,13.72,400,5400,9300,10000,13200,22700,34800,61000,24800,22100,9500,36700,72000,6600,13800,15100,9300,32000,16200,7900
6475.0,13.61,11355600,153647767.0,13.61,13.6,13.59,13.58,13.57,13.56,13.55,13.54,13.53,13.52,13.62,13.64,13.65,13.66,13.67,13.68,13.69,13.7,13.71,13.72,1700,5400,9300,10000,13200,22700,34800,61000,24800,22100,9500,36700,72000,6600,13800,15100,9300,32000,16200,7900
6476.0,13.61,11355600,153647767.0,13.61,13.6,13.59,13.58,13.57,13.56,13.55,13.54,13.53,13.52,13.62,13.64,13.65,13.66,13.67,13.68,13.69,13.7,13.71,13.72,1700,5400,9300,10000,13200,22700,34800,61000,24800,22100,9500,36700,72000,6600,13800,15100,9300,32000,16200,7900
6477.0,13.62,11360200,153710418.0,13.61,13.6,13.59,13.58,13.57,13.56,13.55,13.54,13.53,13.52,13.62,13.64,13.65,13.66,13.67,13.68,13.69,13.7,13.71,13.72,1400,5400,9300,10000,13200,22700,34800,61000,24800,22100,5000,36700,72000,6600,13800,15100,9300,32000,16200,7900
6478.0,13.62,11360200,153710418.0,13.61,13.6,13.59,13.58,13.57,13.56,13.55,13.54,13.53,13.52,13.62,13.64,13.65,13.66,13.67,13.68,13.69,13.7,13.71,13.72,1400,5400,9300,10000,13200,22700,34800,61000,24800,22100,5000,36700,72000,6600,13800,15100,9300,32000,16200,7900
6479.0,13.62,11360500,153714504.0,13.61,13.6,13.59,13.58,13.57,13.56,13.55,13.54,13.53,13.52,13.62,13.64,13.65,13.66,13.67,13.68,13.69,13.7,13.71,13.72,1400,5400,9300,10000,13200,22700,34800,61000,24800,22100,4700,36700,72000,6600,13800,15100,9300,32000,16200,7900
6480.0,13.62,11362000,153734933.0,13.61,13.6,13.59,13.58,13.57,13.56,13.55,13.54,13.53,13.52,13.62,13.64,13.65,13.66,13.67,13.68,13.69,13.7,13.71,13.72,1300,5800,9300,10000,13200,22700,34800,61000,24800,22100,3300,36700,71700,6600,13800,15100,9300,32000,16200,7900
6481.0,13.61,11362100,153736294.0,13.61,13.6,13.59,13.58,13.57,13.56,13.55,13.54,13.53,13.52,13.62,13.64,13.65,13.66,13.67,13.68,13.69,13.7,13.71,13.72,1200,5800,9300,10000,13200,22700,34800,61000,24800,22100,3300,36700,71700,6600,13800,15100,9300,32000,16200,7900
6482.0,13.61,11362100,153736294.0,13.61,13.6,13.59,13.58,13.57,13.56,13.55,13.54,13.53,13.52,13.62,13.64,13.65,13.66,13.67,13.68,13.69,13.7,13.71,13.72,1200,5800,9300,10000,13200,22700,34800,61000,24800,22100,3300,36700,71700,6600,13800,15100,9300,32000,16200,7900
6483.0,13.61,11362200,153737655.0,13.61,13.6,13.59,13.58,13.57,13.56,13.55,13.54,13.53,13.52,13.62,13.64,13.65,13.66,13.67,13.68,13.69,13.7,13.71,13.72,1100,5800,9300,10000,13200,22700,34800,61000,24800,22100,3300,36700,71700,6600,13800,15100,9300,32000,16200,7900
6484.0,13.62,11365700,153785323.0,13.62,13.61,13.6,13.59,13.58,13.57,13.56,13.55,13.54,13.53,13.64,13.65,13.66,13.67,13.68,13.69,13.7,13.71,13.72,13.73,1700,900,5800,9300,10000,13200,22700,34800,61000,24800,36700,71700,6600,13800,15100,9300,32000,16200,7900,37700
6485.0,13.62,11365800,153786685.0,13.62,13.61,13.6,13.59,13.58,13.57,13.56,13.55,13.54,13.53,13.64,13.65,13.66,13.67,13.68,13.69,13.7,13.71,13.72,13.73,1900,900,5800,9300,10000,13200,22700,34800,61000,24800,37100,71700,6600,13800,15100,9300,32000,16200,7900,37700
6486.0,13.62,11365900,153788047.0,13.62,13.61,13.6,13.59,13.58,13.57,13.56,13.55,13.54,13.53,13.64,13.65,13.66,13.67,13.68,13.69,13.7,13.71,13.72,13.73,2100,900,5800,9300,10000,13200,23300,34800,61000,24800,37300,71700,6600,13800,15100,9300,32000,16200,7900,37700
6487.0,13.61,11369200,153832984.0,13.6,13.59,13.58,13.57,13.56,13.55,13.54,13.53,13.52,13.51,13.61,13.62,13.63,13.64,13.65,13.66,13.67,13.68,13.69,13.7,5800,9300,10000,13200,23300,34800,61000,24800,22100,18600,500,600,200,37600,71700,6600,13800,15100,9300,32000
6488.0,13.6,11370200,153846584.0,13.6,13.59,13.58,13.57,13.56,13.55,13.54,13.53,13.52,13.51,13.61,13.62,13.63,13.64,13.65,13.66,13.67,13.68,13.69,13.7,4800,9300,10000,13200,23300,34800,61000,24800,22100,18600,500,600,200,37600,71700,6600,13800,15100,9300,32000
6489.0,13.61,11370300,153847945.0,13.6,13.59,13.58,13.57,13.56,13.55,13.54,13.53,13.52,13.51,13.61,13.62,13.63,13.64,13.65,13.66,13.67,13.68,13.69,13.7,5700,9300,10000,13200,23300,34800,61000,24800,22100,18600,400,900,200,37600,71700,6600,13800,15100,9300,32000
6490.0,13.61,11370300,153847945.0,13.6,13.59,13.58,13.57,13.56,13.55,13.54,13.53,13.52,13.51,13.61,13.62,13.63,13.64,13.65,13.66,13.67,13.68,13.69,13.7,5700,9300,10000,13200,23300,34800,61000,24800,22100,18600,400,900,200,37600,71700,6600,13800,15100,9300,32000
6491.0,13.6,11370800,153854745.0,13.6,13.59,13.58,13.57,13.56,13.55,13.54,13.53,13.52,13.51,13.61,13.62,13.63,13.64,13.65,13.66,13.67,13.68,13.69,13.7,5200,9300,10000,13200,23300,34800,61000,24800,22100,18600,400,1200,200,37600,71700,6600,13800,15100,9300,32000
6492.0,13.6,11370800,153854745.0,13.6,13.59,13.58,13.57,13.56,13.55,13.54,13.53,13.52,13.51,13.61,13.62,13.63,13.64,13.65,13.66,13.67,13.68,13.69,13.7,5200,9300,10000,13200,23300,34800,61000,24800,22100,18600,400,1200,200,37600,71700,6600,13800,15100,9300,32000
6493.0,13.6,11370800,153854745.0,13.6,13.59,13.58,13.57,13.56,13.55,13.54,13.53,13.52,13.51,13.61,13.62,13.63,13.64,13.65,13.66,13.67,13.68,13.69,13.7,5200,9300,10000,13200,23300,34800,61000,24800,22100,18600,400,1200,200,37600,76700,6600,13800,15100,9300,32000
6494.0,13.6,11371300,153861545.0,13.6,13.59,13.58,13.57,13.56,13.55,13.54,13.53,13.52,13.51,13.61,13.62,13.63,13.64,13.65,13.66,13.67,13.68,13.69,13.7,4700,9300,10000,13200,23300,34800,61000,24800,22100,18600,400,1200,700,37600,76700,6300,13800,15100,9300,32000
6495.0,13.6,11372200,153873785.0,13.6,13.59,13.58,13.57,13.56,13.55,13.54,13.53,13.52,13.51,13.61,13.62,13.63,13.64,13.65,13.66,13.67,13.68,13.69,13.7,3800,9300,10000,13200,23300,34800,61000,24800,22100,18600,400,1200,700,37600,76700,6300,13800,15100,9300,32000
6496.0,13.6,11372500,153877865.0,13.6,13.59,13.58,13.57,13.56,13.55,13.54,13.53,13.52,13.51,13.61,13.62,13.63,13.64,13.65,13.66,13.67,13.68,13.69,13.7,3500,9300,10000,13200,23300,34800,61000,24800,22100,18600,400,1200,700,37600,76700,6300,13800,15100,9300,32000
6497.0,13.6,11372500,153877865.0,13.6,13.59,13.58,13.57,13.56,13.55,13.54,13.53,13.52,13.51,13.61,13.62,13.63,13.64,13.65,13.66,13.67,13.68,13.69,13.7,3500,9300,10000,13200,23300,34800,61000,24800,22100,18600,400,2700,700,37600,76700,6300,13800,15100,9300,32000
6498.0,13.6,11372800,153881945.0,13.6,13.59,13.58,13.57,13.56,13.55,13.54,13.53,13.52,13.51,13.61,13.62,13.63,13.64,13.65,13.66,13.67,13.68,13.69,13.7,3200,9300,10000,13200,23300,34800,61000,24800,22100,18600,400,2700,700,37600,76700,6300,13800,15100,9300,32000
6499.0,13.6,11372800,153881945.0,13.6,13.59,13.58,13.57,13.56,13.55,13.54,13.53,13.52,13.51,13.61,13.62,13.63,13.64,13.65,13.66,13.67,13.68,13.69,13.7,3200,9300,10000,13200,23300,34800,61000,24800,22100,18600,400,2700,700,37600,76700,6300,13800,15100,9300,32000
6500.0,13.6,11372800,153881945.0,13.6,13.59,13.58,13.57,13.56,13.55,13.54,13.53,13.52,13.51,13.61,13.62,13.63,13.64,13.65,13.66,13.67,13.68,13.69,13.7,3200,9300,10000,13200,23300,34800,61000,24800,22100,18600,400,2700,700,37600,76700,6300,13800,15100,9300,32000
6501.0,13.6,11373100,153886025.0,13.6,13.59,13.58,13.57,13.56,13.55,13.54,13.53,13.52,13.51,13.61,13.62,13.63,13.64,13.65,13.66,13.67,13.68,13.69,13.7,2900,9300,10000,13200,23300,34800,61000,24800,22100,18600,400,2700,700,37600,76700,6300,13800,15100,9300,32000
6502.0,13.6,11373100,153886025.0,13.6,13.59,13.58,13.57,13.56,13.55,13.54,13.53,13.52,13.51,13.61,13.62,13.63,13.64,13.65,13.66,13.67,13.68,13.69,13.7,2900,9300,10000,13200,23300,34800,61000,24800,22100,18600,400,2700,700,37600,76700,6300,13800,15100,9300,32000
6503.0,13.6,11373900,153896905.0,13.6,13.59,13.58,13.57,13.56,13.55,13.54,13.53,13.52,13.51,13.61,13.62,13.63,13.64,13.65,13.66,13.67,13.68,13.69,13.7,2100,9300,10000,13200,23300,34800,61000,24800,22100,18600,400,2700,700,37600,76700,6300,13800,15100,9300,32000
6504.0,13.6,11374100,153899625.0,13.6,13.59,13.58,13.57,13.56,13.55,13.54,13.53,13.52,13.51,13.61,13.62,13.63,13.64,13.65,13.66,13.67,13.68,13.69,13.7,1900,9300,10000,13200,23300,34800,61000,24800,22100,18600,600,2700,700,37600,76700,6300,13800,15100,9300,32000
6505.0,13.6,11374100,153899625.0,13.6,13.59,13.58,13.57,13.56,13.55,13.54,13.53,13.52,13.51,13.61,13.62,13.63,13.64,13.65,13.66,13.67,13.68,13.69,13.7,1900,9300,10000,13200,23300,34800,61000,24800,22100,18600,600,2700,700,37600,76700,6300,13800,15100,9300,32000
6506.0,13.6,11374500,153905065.0,13.6,13.59,13.58,13.57,13.56,13.55,13.54,13.53,13.52,13.51,13.61,13.62,13.63,13.64,13.65,13.66,13.67,13.68,13.69,13.7,1500,9300,10000,21700,23300,34800,61000,24800,22100,18600,600,2700,700,37600,76700,6300,13800,15100,9300,32000
6507.0,13.6,11374500,153905065.0,13.6,13.59,13.58,13.57,13.56,13.55,13.54,13.53,13.52,13.51,13.61,13.62,13.63,13.64,13.65,13.66,13.67,13.68,13.69,13.7,1500,9300,10000,21700,23300,34800,61000,24800,22100,18600,600,2700,700,37600,76700,6300,13800,15100,9300,32000
6508.0,13.62,11375200,153914593.0,13.6,13.59,13.58,13.57,13.56,13.55,13.54,13.53,13.52,13.51,13.62,13.63,13.64,13.65,13.66,13.67,13.68,13.69,13.7,13.71,1500,9300,10000,21700,23300,34800,61000,24800,22100,18600,2600,700,37600,76700,6300,13800,15100,9300,32000,16200
6509.0,13.6,11375300,153915953.0,13.6,13.59,13.58,13.57,13.56,13.55,13.54,13.53,13.52,13.51,13.62,13.63,13.64,13.65,13.66,13.67,13.68,13.69,13.7,13.71,1700,9300,10000,21700,23300,34800,61000,24800,22100,18600,2900,700,37600,76700,6300,13800,15100,9300,32000,16200
6510.0,13.62,11375900,153924123.0,13.6,13.59,13.58,13.57,13.56,13.55,13.54,13.53,13.52,13.51,13.62,13.63,13.64,13.65,13.66,13.67,13.68,13.69,13.7,13.71,1700,9300,10000,21700,23300,34800,61000,24800,22100,18600,2500,700,37600,76700,6300,13800,15100,9300,32000,16200
6511.0,13.62,11375900,153924123.0,13.6,13.59,13.58,13.57,13.56,13.55,13.54,13.53,13.52,13.51,13.62,13.63,13.64,13.65,13.66,13.67,13.68,13.69,13.7,13.71,2100,9300,10000,21700,23300,34800,61000,24800,22100,18600,1400,700,37600,76700,6300,13800,15100,9300,32000,16200
6512.0,13.6,11376100,153926843.0,13.6,13.59,13.58,13.57,13.56,13.55,13.54,13.53,13.52,13.51,13.62,13.63,13.64,13.65,13.66,13.67,13.68,13.69,13.7,13.71,2000,9300,10000,21700,23300,34800,61000,24800,22100,18600,1500,700,37600,76700,6300,13800,15100,9300,32000,16200
6513.0,13.62,11376300,153929567.0,13.6,13.59,13.58,13.57,13.56,13.55,13.54,13.53,13.52,13.51,13.62,13.63,13.64,13.65,13.66,13.67,13.68,13.69,13.7,13.71,2000,9300,10000,21700,23300,34800,61000,24800,22100,18600,1300,700,37600,76700,6300,13800,15100,9300,32000,16200
6514.0,13.62,11376300,153929567.0,13.6,13.59,13.58,13.57,13.56,13.55,13.54,13.53,13.52,13.51,13.62,13.63,13.64,13.65,13.66,13.67,13.68,13.69,13.7,13.71,2500,9300,10000,21700,23300,34800,61000,24800,22100,18600,1800,700,37600,76700,6300,13800,15200,9300,32000,16200
6515.0,13.62,11377300,153943183.0,13.6,13.59,13.58,13.57,13.56,13.55,13.54,13.53,13.52,13.51,13.61,13.62,13.63,13.64,13.65,13.66,13.67,13.68,13.69,13.7,2300,9300,10000,21700,23300,34800,61100,24800,22100,18600,2500,1000,700,37600,76700,6300,13800,15200,9300,32000
6516.0,13.62,11377300,153943183.0,13.6,13.59,13.58,13.57,13.56,13.55,13.54,13.53,13.52,13.51,13.61,13.62,13.63,13.64,13.65,13.66,13.67,13.68,13.69,13.7,2300,9300,10000,21700,23300,34800,61100,24800,22100,18600,2500,1000,500,37600,76700,6300,13800,15200,9300,32000
6517.0,13.61,11378600,153960870.0,13.6,13.59,13.58,13.57,13.56,13.55,13.54,13.53,13.52,13.51,13.61,13.62,13.63,13.64,13.65,13.66,13.67,13.68,13.69,13.7,1700,9300,10000,21700,23300,34800,61100,24800,22100,18600,1800,1000,700,37600,76700,6300,13800,15200,9300,32000
6518.0,13.61,11380400,153985368.0,13.61,13.6,13.59,13.58,13.57,13.56,13.55,13.54,13.53,13.52,13.62,13.63,13.64,13.65,13.66,13.67,13.68,13.69,13.7,13.71,1200,1700,9300,10000,21700,23300,34800,61100,24800,22100,1000,700,37600,76700,6300,13800,15200,9300,32000,16200
6519.0,13.61,11380400,153985368.0,13.61,13.6,13.59,13.58,13.57,13.56,13.55,13.54,13.53,13.52,13.62,13.63,13.64,13.65,13.66,13.67,13.68,13.69,13.7,13.71,1200,1700,9300,10000,21700,23300,34800,61100,24800,22100,1000,700,37600,76700,6300,13800,15200,9300,32000,16200
6520.0,13.62,11380500,153986730.0,13.61,13.6,13.59,13.58,13.57,13.56,13.55,13.54,13.53,13.52,13.62,13.63,13.64,13.65,13.66,13.67,13.68,13.69,13.7,13.71,1200,1700,9300,10000,21700,23300,34800,61100,24800,22100,900,700,37600,76700,6300,13800,15200,9300,32000,16200
6521.0,13.62,11380500,153986730.0,13.61,13.6,13.59,13.58,13.57,13.56,13.55,13.54,13.53,13.52,13.62,13.63,13.64,13.65,13.66,13.67,13.68,13.69,13.7,13.71,1200,1700,9300,10000,21700,23300,34800,61100,24800,22100,900,700,37600,76700,6300,13800,15200,9300,32000,16200
6522.0,13.62,11380500,153986730.0,13.61,13.6,13.59,13.58,13.57,13.56,13.55,13.54,13.53,13.52,13.62,13.63,13.64,13.65,13.66,13.67,13.68,13.69,13.7,13.71,1200,1700,9300,10000,21700,23300,34800,61100,24800,22100,900,700,37600,76700,6300,13800,15200,9300,32000,16200
6523.0,13.62,11380800,153990816.0,13.61,13.6,13.59,13.58,13.57,13.56,13.55,13.54,13.53,13.52,13.62,13.63,13.64,13.65,13.66,13.67,13.68,13.69,13.7,13.71,1200,1700,9300,10000,21200,23300,34800,61100,24800,22100,600,700,37600,76700,6300,13800,15200,9300,32000,16200
6524.0,13.62,11380800,153990816.0,13.61,13.6,13.59,13.58,13.57,13.56,13.55,13.54,13.53,13.52,13.62,13.63,13.64,13.65,13.66,13.67,13.68,13.69,13.7,13.71,1300,1700,9300,10000,21200,23300,34800,61100,24800,22100,600,700,37600,76700,6300,13800,15200,9300,32000,16200
6525.0,13.61,11380900,153992177.0,13.61,13.6,13.59,13.58,13.57,13.56,13.55,13.54,13.53,13.52,13.62,13.63,13.64,13.65,13.66,13.67,13.68,13.69,13.7,13.71,1200,1700,9300,10000,21200,23300,34800,61100,24800,22100,600,700,37600,76700,6300,13800,15200,9300,32000,16200
6526.0,13.61,11380900,153992177.0,13.61,13.6,13.59,13.58,13.57,13.56,13.55,13.54,13.53,13.52,13.62,13.63,13.64,13.65,13.66,13.67,13.68,13.69,13.7,13.71,1200,1700,9300,10000,21200,23300,34800,61100,24800,22100,600,700,37600,76700,6300,13800,15200,9300,32000,16200
6527.0,13.61,11380900,153992177.0,13.61,13.6,13.59,13.58,13.57,13.56,13.55,13.54,13.53,13.52,13.62,13.63,13.64,13.65,13.66,13.67,13.68,13.69,13.7,13.71,1200,1700,9300,10000,21200,23300,34800,61100,24800,22100,600,700,37600,76700,6300,13800,15200,9300,32000,16200
6528.0,13.61,11381100,153994899.0,13.61,13.6,13.59,13.58,13.57,13.56,13.55,13.54,13.53,13.52,13.62,13.63,13.64,13.65,13.66,13.67,13.68,13.69,13.7,13.71,1000,1700,9300,10000,21200,23300,34800,61100,24800,22100,600,700,37600,76700,6300,13800,15200,9300,32000,16200
6529.0,13.61,11381100,153994899.0,13.61,13.6,13.59,13.58,13.57,13.56,13.55,13.54,13.53,13.52,13.62,13.63,13.64,13.65,13.66,13.67,13.68,13.69,13.7,13.71,1000,1700,9300,10000,21200,23300,34800,61100,24800,22100,600,700,37600,76700,6300,13800,15200,9300,32000,16200
6530.0,13.61,11381100,153994899.0,13.61,13.6,13.59,13.58,13.57,13.56,13.55,13.54,13.53,13.52,13.62,13.63,13.64,13.65,13.66,13.67,13.68,13.69,13.7,13.71,1000,1700,9300,10000,21200,23300,34800,61100,24800,22100,600,700,37600,76700,6300,13800,15200,9300,32000,16200
6531.0,13.61,11381100,153994899.0,13.61,13.6,13.59,13.58,13.57,13.56,13.55,13.54,13.53,13.52,13.62,13.63,13.64,13.65,13.66,13.67,13.68,13.69,13.7,13.71,1000,1700,9300,10000,21200,23300,34800,61100,24800,22100,600,700,37600,76700,6300,13800,15700,9300,32000,16200
6532.0,13.61,11381200,153996260.0,13.61,13.6,13.59,13.58,13.57,13.56,13.55,13.54,13.53,13.52,13.62,13.63,13.64,13.65,13.66,13.67,13.68,13.69,13.7,13.71,900,1700,9300,10000,21200,23300,34800,61100,24800,22100,600,700,37600,76700,6300,13800,15700,9300,32000,16200
6533.0,13.61,11381200,153996260.0,13.61,13.6,13.59,13.58,13.57,13.56,13.55,13.54,13.53,13.52,13.62,13.63,13.64,13.65,13.66,13.67,13.68,13.69,13.7,13.71,900,1700,9300,10000,21200,23300,34800,61100,24800,22100,600,700,37600,76700,6300,13800,15700,9300,32000,16200
6534.0,13.61,11381200,153996260.0,13.61,13.6,13.59,13.58,13.57,13.56,13.55,13.54,13.53,13.52,13.62,13.63,13.64,13.65,13.66,13.67,13.68,13.69,13.7,13.71,900,1700,9300,10000,21200,23300,34800,61100,24800,22100,2800,700,37600,76700,6300,13800,15700,9300,32000,16200
6535.0,13.61,11381200,153996260.0,13.61,13.6,13.59,13.58,13.57,13.56,13.55,13.54,13.53,13.52,13.62,13.63,13.64,13.65,13.66,13.67,13.68,13.69,13.7,13.71,900,1700,9300,10000,21200,23300,34800,61100,24800,22100,2800,1000,37600,76700,6300,13800,15700,9300,32000,16200
6536.0,13.61,11381200,153996260.0,13.61,13.6,13.59,13.58,13.57,13.56,13.55,13.54,13.53,13.52,13.62,13.63,13.64,13.65,13.66,13.67,13.68,13.69,13.7,13.71,900,1700,9300,10000,21200,23300,34800,61100,24800,22100,2800,2300,37600,76700,6300,13800,15700,9300,32000,16200
6537.0,13.62,11381400,153998984.0,13.61,13.6,13.59,13.58,13.57,13.56,13.55,13.54,13.53,13.52,13.62,13.63,13.64,13.65,13.66,13.67,13.68,13.69,13.7,13.71,900,1700,9300,10000,21200,23300,34800,61100,24800,22100,2600,2300,37600,76700,6300,13800,15700,9300,32000,16200
6538.0,13.62,11381400,153998984.0,13.61,13.6,13.59,13.58,13.57,13.56,13.55,13.54,13.53,13.52,13.62,13.63,13.64,13.65,13.66,13.67,13.68,13.69,13.7,13.71,900,3700,9300,10000,21200,23300,34800,61100,24800,22100,2600,2300,37600,76700,6300,13800,15700,9300,32000,16200
6539.0,13.62,11381700,154003069.0,13.61,13.6,13.59,13.58,13.57,13.56,13.55,13.54,13.53,13.52,13.62,13.63,13.64,13.65,13.66,13.67,13.68,13.69,13.7,13.71,800,3700,9300,10000,21200,23300,34800,61100,24800,22100,2400,2300,37600,76700,6300,13800,15700,9300,32000,16200
6540.0,13.62,11381800,154004431.0,13.61,13.6,13.59,13.58,13.57,13.56,13.55,13.54,13.53,13.52,13.62,13.63,13.64,13.65,13.66,13.67,13.68,13.69,13.7,13.71,800,3700,9300,10000,21200,23300,34800,61100,24800,22100,2300,2300,37600,76700,6300,13800,15700,9300,32000,16200
6541.0,13.62,11381800,154004431.0,13.61,13.6,13.59,13.58,13.57,13.56,13.55,13.54,13.53,13.52,13.62,13.63,13.64,13.65,13.66,13.67,13.68,13.69,13.7,13.71,800,3700,9300,10000,21200,23300,34800,61100,24800,22100,2300,2300,37600,76700,6300,13800,15700,9300,32000,16200
6542.0,13.62,11382000,154007155.0,13.61,13.6,13.59,13.58,13.57,13.56,13.55,13.54,13.53,13.52,13.62,13.63,13.64,13.65,13.66,13.67,13.68,13.69,13.7,13.71,800,3700,9300,10000,21200,23300,34800,61100,24800,22100,2100,2300,37600,76700,6300,13800,15700,9300,32000,16200
6543.0,13.62,11382000,154007155.0,13.61,13.6,13.59,13.58,13.57,13.56,13.55,13.54,13.53,13.52,13.62,13.63,13.64,13.65,13.66,13.67,13.68,13.69,13.7,13.71,800,3700,9300,10000,21200,23300,34800,61100,24800,22100,2100,2300,37600,76700,6300,13800,15700,9300,32000,16200
6544.0,13.62,11382000,154007155.0,13.61,13.6,13.59,13.58,13.57,13.56,13.55,13.54,13.53,13.52,13.62,13.63,13.64,13.65,13.66,13.67,13.68,13.69,13.7,13.71,1700,3700,3000,10300,21200,23300,34800,61100,24800,22100,2200,2100,37600,76700,6300,13800,15700,9300,32000,16200
6545.0,13.62,11382200,154009879.0,13.61,13.6,13.59,13.58,13.57,13.56,13.55,13.54,13.53,13.52,13.62,13.63,13.64,13.65,13.66,13.67,13.68,13.69,13.7,13.71,1700,3700,3000,10300,21200,23300,34800,61100,24800,22100,2100,2100,37600,76700,6300,13800,15700,9300,32000,16200
6546.0,13.61,11383200,154023489.0,13.61,13.6,13.59,13.58,13.57,13.56,13.55,13.54,13.53,13.52,13.62,13.63,13.64,13.65,13.66,13.67,13.68,13.69,13.7,13.71,700,3700,3000,10300,21200,23300,34800,61100,24800,22100,2100,2100,37600,76700,6300,13800,15700,9300,32000,16200
6547.0,13.62,11383400,154026213.0,13.61,13.6,13.59,13.58,13.57,13.56,13.55,13.54,13.53,13.52,13.62,13.63,13.64,13.65,13.66,13.67,13.68,13.69,13.7,13.71,700,3700,3000,10300,21200,23300,34800,61100,24800,22100,1900,2100,37600,76700,6300,13800,15700,9300,32000,16200
6548.0,13.62,11383400,154026213.0,13.61,13.6,13.59,13.58,13.57,13.56,13.55,13.54,13.53,13.52,13.62,13.63,13.64,13.65,13.66,13.67,13.68,13.69,13.7,13.71,700,3700,3000,10300,21200,23300,34800,61100,24800,22100,1900,2100,37600,76700,6300,13800,15700,9300,32000,16200
6549.0,13.62,11383400,154026213.0,13.61,13.6,13.59,13.58,13.57,13.56,13.55,13.54,13.53,13.52,13.62,13.63,13.64,13.65,13.66,13.67,13.68,13.69,13.7,13.71,700,3700,3000,10300,21200,23300,34800,61100,24800,22100,1900,2600,37600,76700,6300,13800,15700,9300,32000,16200
6550.0,13.61,11383600,154028936.0,13.61,13.6,13.59,13.58,13.57,13.56,13.55,13.54,13.53,13.52,13.62,13.63,13.64,13.65,13.66,13.67,13.68,13.69,13.7,13.71,600,3700,3000,10300,21200,23300,34800,61100,24800,22100,1800,2600,37600,76700,6300,13800,15700,9300,32000,16200
6551.0,13.62,11384900,154046642.0,13.61,13.6,13.59,13.58,13.57,13.56,13.55,13.54,13.53,13.52,13.62,13.63,13.64,13.65,13.66,13.67,13.68,13.69,13.7,13.71,600,3700,3000,10300,21200,23300,34800,61100,24800,22100,500,3600,37600,76700,6300,13800,15700,9300,32000,16200
6552.0,13.61,11385500,154054808.0,13.6,13.59,13.58,13.57,13.56,13.55,13.54,13.53,13.52,13.51,13.61,13.62,13.63,13.64,13.65,13.66,13.67,13.68,13.69,13.7,3700,3000,10300,21200,23300,34800,61100,24800,22100,18600,600,500,3600,37600,76700,6300,13800,15700,9300,32000
6553.0,13.6,11385800,154058888.0,13.6,13.59,13.58,13.57,13.56,13.55,13.54,13.53,13.52,13.51,13.61,13.62,13.63,13.64,13.65,13.66,13.67,13.68,13.69,13.7,3400,3000,10300,21200,23300,34800,61100,24800,22100,18600,600,500,3600,37600,76700,6300,13800,15600,9300,32000
6554.0,13.6,11385800,154058888.0,13.6,13.59,13.58,13.57,13.56,13.55,13.54,13.53,13.52,13.51,13.61,13.62,13.63,13.64,13.65,13.66,13.67,13.68,13.69,13.7,3400,3000,10300,21200,23300,34800,61100,24800,22100,18600,600,500,3600,37600,76700,6300,13800,15600,9300,32000
6555.0,13.6,11385800,154058888.0,13.6,13.59,13.58,13.57,13.56,13.55,13.54,13.53,13.52,13.51,13.61,13.62,13.63,13.64,13.65,13.66,13.67,13.68,13.69,13.7,3400,3000,10300,21200,23300,34800,61100,24800,22100,18600,600,500,3600,37600,76700,6300,13800,15600,9300,32000
6556.0,13.6,11385800,154058888.0,13.6,13.59,13.58,13.57,13.56,13.55,13.54,13.53,13.52,13.51,13.61,13.62,13.63,13.64,13.65,13.66,13.67,13.68,13.69,13.7,3400,3000,10300,21200,23300,34800,61100,24800,22100,18600,600,500,3600,37600,76700,6300,13800,15600,9300,32000
6557.0,13.6,11385800,154058888.0,13.6,13.59,13.58,13.57,13.56,13.55,13.54,13.53,13.52,13.51,13.61,13.62,13.63,13.64,13.65,13.66,13.67,13.68,13.69,13.7,3400,3000,10300,21200,23300,34800,61100,24800,22100,18600,600,4000,3600,37600,76700,6300,13800,15600,9300,32000
6558.0,13.6,11385800,154058888.0,13.6,13.59,13.58,13.57,13.56,13.55,13.54,13.53,13.52,13.51,13.61,13.62,13.63,13.64,13.65,13.66,13.67,13.68,13.69,13.7,3400,3000,10300,24100,23300,34800,61100,24800,22100,18600,600,4000,3600,37600,76700,6300,13800,15600,9300,32000
6559.0,13.6,11385800,154058888.0,13.6,13.59,13.58,13.57,13.56,13.55,13.54,13.53,13.52,13.51,13.61,13.62,13.63,13.64,13.65,13.66,13.67,13.68,13.69,13.7,3400,3000,10300,24100,23300,34800,61100,24800,22100,18600,600,4000,3600,37600,76700,6300,13800,15600,9300,32000
6560.0,13.6,11386100,154062968.0,13.6,13.59,13.58,13.57,13.56,13.55,13.54,13.53,13.52,13.51,13.61,13.62,13.63,13.64,13.65,13.66,13.67,13.68,13.69,13.7,3100,3000,10300,24100,23300,34800,61100,24800,22100,18600,600,4000,3600,37600,76700,6300,13800,15600,9300,32000
6561.0,13.6,11386700,154071128.0,13.6,13.59,13.58,13.57,13.56,13.55,13.54,13.53,13.52,13.51,13.61,13.62,13.63,13.64,13.65,13.66,13.67,13.68,13.69,13.7,2500,3000,10300,24100,23300,34800,61100,24800,22100,18600,3200,4000,3600,37600,76700,6300,13800,15600,9300,32000
6562.0,13.6,11386700,154071128.0,13.6,13.59,13.58,13.57,13.56,13.55,13.54,13.53,13.52,13.51,13.61,13.62,13.63,13.64,13.65,13.66,13.67,13.68,13.69,13.7,2500,3000,10300,24100,23300,34800,61100,24800,22100,18600,3200,4000,4000,37600,76700,6300,13800,15600,9300,32000
6563.0,13.6,11386700,154071128.0,13.6,13.59,13.58,13.57,13.56,13.55,13.54,13.53,13.52,13.51,13.61,13.62,13.63,13.64,13.65,13.66,13.67,13.68,13.69,13.7,2500,3000,10300,24100,23300,34800,61100,24800,22100,18600,3200,4000,4000,37600,76700,6300,13800,15600,9300,32000
6564.0,13.61,11387000,154075211.0,13.6,13.59,13.58,13.57,13.56,13.55,13.54,13.53,13.52,13.51,13.61,13.62,13.63,13.64,13.65,13.66,13.67,13.68,13.69,13.7,2500,3000,10300,24100,23300,34800,61100,24800,22100,18600,2900,4000,4000,37600,76700,6300,13800,15600,9300,32000
6565.0,13.61,11387000,154075211.0,13.6,13.59,13.58,13.57,13.56,13.55,13.54,13.53,13.52,13.51,13.61,13.62,13.63,13.64,13.65,13.66,13.67,13.68,13.69,13.7,2500,3000,10300,24100,23300,34800,61100,24800,22100,18600,2900,4000,4000,37600,76700,6300,13800,15600,9300,32000
6566.0,13.61,11387700,154084736.0,13.6,13.59,13.58,13.57,13.56,13.55,13.54,13.53,13.52,13.51,13.61,13.62,13.63,13.64,13.65,13.66,13.67,13.68,13.69,13.7,2300,3000,10300,24100,23300,34800,61100,24800,22100,18600,2400,4000,4000,37600,76700,6300,13800,15600,9300,32000
6567.0,13.61,11387700,154084736.0,13.6,13.59,13.58,13.57,13.56,13.55,13.54,13.53,13.52,13.51,13.61,13.62,13.63,13.64,13.65,13.66,13.67,13.68,13.69,13.7,2300,3000,10300,24100,23300,34800,61100,24800,22100,18600,2400,4000,4000,37600,76700,6300,13800,15600,9300,32000
6568.0,13.61,11387700,154084736.0,13.6,13.59,13.58,13.57,13.56,13.55,13.54,13.53,13.52,13.51,13.61,13.62,13.63,13.64,13.65,13.66,13.67,13.68,13.69,13.7,2300,3000,10300,24100,23300,34800,61100,24800,22100,18600,2400,4000,4000,37600,76700,6300,13800,15600,9300,32000
6569.0,13.61,11387900,154087458.0,13.6,13.59,13.58,13.57,13.56,13.55,13.54,13.53,13.52,13.51,13.61,13.62,13.63,13.64,13.65,13.66,13.67,13.68,13.69,13.7,2300,3000,10300,24100,23300,34800,61100,24800,22100,18600,2200,4000,4000,37600,76700,6300,13800,15600,9300,32000
6570.0,13.61,11388400,154094263.0,13.6,13.59,13.58,13.57,13.56,13.55,13.54,13.53,13.52,13.51,13.61,13.62,13.63,13.64,13.65,13.66,13.67,13.68,13.69,13.7,2300,3000,10300,24100,23300,34800,61100,24800,22100,18600,1700,4000,4000,37600,76700,6300,13800,15600,9300,32000
6571.0,13.61,11388400,154094263.0,13.6,13.59,13.58,13.57,13.56,13.55,13.54,13.53,13.52,13.51,13.61,13.62,13.63,13.64,13.65,13.66,13.67,13.68,13.69,13.7,2300,3000,10300,24100,23300,34800,61100,24800,22100,18600,1700,4000,4000,37600,76700,6300,13800,15600,9300,32000
6572.0,13.6,11388900,154101064.0,13.6,13.59,13.58,13.57,13.56,13.55,13.54,13.53,13.52,13.51,13.61,13.62,13.63,13.64,13.65,13.66,13.67,13.68,13.69,13.7,1900,3000,10300,24100,23300,34800,61100,24800,22100,18600,1600,4100,4000,37600,76700,6300,13800,15600,9300,32000
6573.0,13.6,11389000,154102424.0,13.6,13.59,13.58,13.57,13.56,13.55,13.54,13.53,13.52,13.51,13.61,13.62,13.63,13.64,13.65,13.66,13.67,13.68,13.69,13.7,4900,3000,10300,24100,23300,34800,61100,24800,22100,18600,1600,4100,3700,37600,76700,6300,13800,15600,9300,32000
6574.0,13.61,11389200,154105146.0,13.6,13.59,13.58,13.57,13.56,13.55,13.54,13.53,13.52,13.51,13.61,13.62,13.63,13.64,13.65,13.66,13.67,13.68,13.69,13.7,4900,3000,10300,24100,23300,34800,61100,24800,22100,18600,1400,4100,3700,37600,76700,6300,13800,15600,9300,32000
6575.0,13.6,11389600,154110586.0,13.6,13.59,13.58,13.57,13.56,13.55,13.54,13.53,13.52,13.51,13.61,13.62,13.63,13.64,13.65,13.66,13.67,13.68,13.69,13.7,4500,3000,10300,24100,23300,34800,61100,24800,22100,18600,1400,4100,3700,37600,76700,6300,13800,15600,9300,32000
6576.0,13.61,11389700,154111947.0,13.6,13.59,13.58,13.57,13.56,13.55,13.54,13.53,13.52,13.51,13.61,13.62,13.63,13.64,13.65,13.66,13.67,13.68,13.69,13.7,4500,3000,10300,24100,23300,34800,61100,24800,22100,18600,1300,4100,3700,37600,76700,6300,13800,15600,9300,32000
6577.0,13.61,11390000,154116030.0,13.6,13.59,13.58,13.57,13.56,13.55,13.54,13.53,13.52,13.51,13.61,13.62,13.63,13.64,13.65,13.66,13.67,13.68,13.69,13.7,4500,3000,10300,24100,23300,34800,58200,24800,22100,18600,1000,4100,3700,37600,76700,6300,13800,15600,9300,32000
6578.0,13.61,11390000,154116030.0,13.6,13.59,13.58,13.57,13.56,13.55,13.54,13.53,13.52,13.51,13.61,13.62,13.63,13.64,13.65,13.66,13.67,13.68,13.69,13.7,4500,3000,10300,24100,23300,34800,58200,24800,22100,18600,1500,4100,3700,37600,76700,6300,13800,15600,9300,32000
6579.0,13.61,11390000,154116030.0,13.6,13.59,13.58,13.57,13.56,13.55,13.54,13.53,13.52,13.51,13.61,13.62,13.63,13.64,13.65,13.66,13.67,13.68,13.69,13.7,4500,3000,10300,24100,23300,34800,58200,24800,22100,18600,1500,4100,3700,37600,76700,6300,13800,15600,9300,32000
6580.0,13.61,11390100,154117391.0,13.6,13.59,13.58,13.57,13.56,13.55,13.54,13.53,13.52,13.51,13.61,13.62,13.63,13.64,13.65,13.66,13.67,13.68,13.69,13.7,4500,3000,10300,24100,23300,34800,58200,24800,22100,18600,1400,4100,3700,37600,76700,6300,13800,15600,9300,32000
6581.0,13.61,11390100,154117391.0,13.6,13.59,13.58,13.57,13.56,13.55,13.54,13.53,13.52,13.51,13.61,13.62,13.63,13.64,13.65,13.66,13.67,13.68,13.69,13.7,4500,3000,10300,24100,23300,34800,58200,24800,22100,18600,1400,4100,3700,37600,76700,6300,13800,15600,9300,32000
6582.0,13.61,11390100,154117391.0,13.6,13.59,13.58,13.57,13.56,13.55,13.54,13.53,13.52,13.51,13.61,13.62,13.63,13.64,13.65,13.66,13.67,13.68,13.69,13.7,4500,3000,10300,24100,23300,34800,58200,24800,22100,18600,1400,4100,3700,37600,76700,6300,13800,15600,9300,32000
6583.0,13.61,11390200,154118752.0,13.6,13.59,13.58,13.57,13.56,13.55,13.54,13.53,13.52,13.51,13.61,13.62,13.63,13.64,13.65,13.66,13.67,13.68,13.69,13.7,4500,3000,10300,24100,23300,34800,58200,24800,22100,18600,1300,4100,3700,37600,76700,6300,13800,15600,9300,32000
6584.0,13.6,11391100,154130992.0,13.6,13.59,13.58,13.57,13.56,13.55,13.54,13.53,13.52,13.51,13.61,13.62,13.63,13.64,13.65,13.66,13.67,13.68,13.69,13.7,3600,3000,10300,24100,23300,34800,58200,24800,22100,18600,1300,4100,3700,37600,76700,6300,13800,15600,9300,32000
6585.0,13.6,11391100,154130992.0,13.6,13.59,13.58,13.57,13.56,13.55,13.54,13.53,13.52,13.51,13.61,13.62,13.63,13.64,13.65,13.66,13.67,13.68,13.69,13.7,3600,3000,10300,24100,23300,34800,58200,24800,22100,18600,1300,4100,3700,37600,76700,6300,13800,15600,9300,32000
6586.0,13.61,11391200,154132353.0,13.6,13.59,13.58,13.57,13.56,13.55,13.54,13.53,13.52,13.51,13.61,13.62,13.63,13.64,13.65,13.66,13.67,13.68,13.69,13.7,3600,3000,10300,24100,23300,34800,58200,24800,22100,18600,6200,4100,3700,37600,76700,6300,13800,15600,9300,32000
6587.0,13.61,11391800,154140519.0,13.6,13.59,13.58,13.57,13.56,13.55,13.54,13.53,13.52,13.51,13.61,13.62,13.63,13.64,13.65,13.66,13.67,13.68,13.69,13.7,3600,3000,10300,24100,23300,34800,58200,24800,22100,18600,5600,4100,3700,37600,76700,6300,13800,15600,9300,32000
6588.0,13.61,11392300,154147324.0,13.6,13.59,13.58,13.57,13.56,13.55,13.54,13.53,13.52,13.51,13.61,13.62,13.63,13.64,13.65,13.66,13.67,13.68,13.69,13.7,3600,3000,10300,24100,23300,34800,58200,24800,22100,18600,5400,4100,3700,37600,84300,6300,13800,15600,9300,32000
6589.0,13.61,11392300,154147324.0,13.6,13.59,13.58,13.57,13.56,13.55,13.54,13.53,13.52,13.51,13.61,13.62,13.63,13.64,13.65,13.66,13.67,13.68,13.69,13.7,3600,4200,10300,24100,23300,34800,58200,24800,22100,18600,5400,4100,3700,37600,84300,6300,13800,15600,9300,32000
6590.0,13.61,11392300,154147324.0,13.6,13.59,13.58,13.57,13.56,13.55,13.54,13.53,13.52,13.51,13.61,13.62,13.63,13.64,13.65,13.66,13.67,13.68,13.69,13.7,3600,4200,10300,24100,23300,34800,58200,24800,22100,18600,5400,4100,3700,37600,84300,6300,13800,15600,9300,32000
6591.0,13.61,11392800,154154129.0,13.6,13.59,13.58,13.57,13.56,13.55,13.54,13.53,13.52,13.51,13.61,13.62,13.63,13.64,13.65,13.66,13.67,13.68,13.69,13.7,3600,4200,10300,24100,23300,34800,58200,24800,22100,18600,4900,4100,3700,37600,84300,6300,13800,15600,9300,32000
6592.0,13.61,11392800,154154129.0,13.6,13.59,13.58,13.57,13.56,13.55,13.54,13.53,13.52,13.51,13.61,13.62,13.63,13.64,13.65,13.66,13.67,13.68,13.69,13.7,3600,4200,10300,24100,23300,34800,58200,24800,22100,18600,4900,4000,3700,37600,84300,6300,13800,15600,9300,32000
6593.0,13.61,11392800,154154129.0,13.6,13.59,13.58,13.57,13.56,13.55,13.54,13.53,13.52,13.51,13.61,13.62,13.63,13.64,13.65,13.66,13.67,13.68,13.69,13.7,3600,4200,10300,24100,23300,34800,58200,24800,22100,18600,4900,4000,3700,37600,84300,6300,13800,15600,9300,32000
6594.0,13.61,11393600,154165017.0,13.6,13.59,13.58,13.57,13.56,13.55,13.54,13.53,13.52,13.51,13.61,13.62,13.63,13.64,13.65,13.66,13.67,13.68,13.69,13.7,3600,4200,10300,24100,23300,34800,58200,24800,22100,18600,4100,4000,3700,37600,84300,6300,13800,15600,9300,32000
6595.0,13.6,11394300,154174537.0,13.6,13.59,13.58,13.57,13.56,13.55,13.54,13.53,13.52,13.51,13.61,13.62,13.63,13.64,13.65,13.66,13.67,13.68,13.69,13.7,2900,4200,10300,24100,23300,34800,58200,24800,22100,18600,4100,4000,3700,37600,84300,6300,13800,15600,9300,32000
6596.0,13.6,11394300,154174537.0,13.6,13.59,13.58,13.57,13.56,13.55,13.54,13.53,13.52,13.51,13.61,13.62,13.63,13.64,13.65,13.66,13.67,13.68,13.69,13.7,2900,4200,10300,24100,23300,34800,58200,24800,22100,18600,4100,4000,3700,37600,84300,6300,13800,15600,9300,32000
6597.0,13.61,11395500,154190869.0,13.6,13.59,13.58,13.57,13.56,13.55,13.54,13.53,13.52,13.51,13.61,13.62,13.63,13.64,13.65,13.66,13.67,13.68,13.69,13.7,2900,4200,10300,24100,23300,34800,58200,24800,22100,18600,2900,4000,3700,37600,84300,6300,13800,15600,9300,32000
6598.0,13.61,11395500,154190869.0,13.6,13.59,13.58,13.57,13.56,13.55,13.54,13.53,13.52,13.51,13.61,13.62,13.63,13.64,13.65,13.66,13.67,13.68,13.69,13.7,2900,4200,10300,24100,23300,34800,58200,24800,22100,18600,2900,4000,3700,37600,84300,6300,13800,15600,9300,32000
6599.0,13.61,11395500,154190869.0,13.6,13.59,13.58,13.57,13.56,13.55,13.54,13.53,13.52,13.51,13.61,13.62,13.63,13.64,13.65,13.66,13.67,13.68,13.69,13.7,2900,4200,10300,24100,23300,34800,58200,24800,22100,18600,2900,4000,3700,37600,84300,6300,13800,15600,9300,32000
6600.0,13.61,11395700,154193591.0,13.6,13.59,13.58,13.57,13.56,13.55,13.54,13.53,13.52,13.51,13.61,13.62,13.63,13.64,13.65,13.66,13.67,13.68,13.69,13.7,2900,4200,10300,24100,23300,34800,58200,24800,22100,18600,2700,4000,3700,37600,84300,6300,13800,15600,9300,32000
6601.0,13.6,11397500,154218071.0,13.6,13.59,13.58,13.57,13.56,13.55,13.54,13.53,13.52,13.51,13.61,13.62,13.63,13.64,13.65,13.66,13.67,13.68,13.69,13.7,1100,4200,10300,24100,23300,34800,58200,24800,22100,18600,2700,4000,3700,37600,84300,6300,13800,15600,9300,32000
6602.0,13.61,11397700,154220793.0,13.6,13.59,13.58,13.57,13.56,13.55,13.54,13.53,13.52,13.51,13.61,13.62,13.63,13.64,13.65,13.66,13.67,13.68,13.69,13.7,1100,4200,10300,24100,23300,34800,58200,24800,22100,18600,2500,4000,3700,37600,84300,6300,13800,15600,9300,32000
6603.0,13.61,11397900,154223515.0,13.6,13.59,13.58,13.57,13.56,13.55,13.54,13.53,13.52,13.51,13.61,13.62,13.63,13.64,13.65,13.66,13.67,13.68,13.69,13.7,1100,4200,10300,24100,23300,34800,58200,24800,22100,18600,2300,4000,3700,37600,84300,6300,13800,15600,9300,32000
6604.0,13.6,11398100,154226235.0,13.6,13.59,13.58,13.57,13.56,13.55,13.54,13.53,13.52,13.51,13.61,13.62,13.63,13.64,13.65,13.66,13.67,13.68,13.69,13.7,900,4200,10300,24100,23300,34800,57900,24800,22100,18600,2400,4000,3700,37600,84300,6300,13800,15600,9300,32000
6605.0,13.6,11399100,154239837.0,13.6,13.59,13.58,13.57,13.56,13.55,13.54,13.53,13.52,13.51,13.61,13.62,13.63,13.64,13.65,13.66,13.67,13.68,13.69,13.7,100,4200,10300,24100,23300,34800,57900,24800,22100,18600,2200,4000,2400,37600,84300,6300,13800,15600,9300,32000
6606.0,13.6,11399100,154239837.0,13.6,13.59,13.58,13.57,13.56,13.55,13.54,13.53,13.52,13.51,13.61,13.62,13.63,13.64,13.65,13.66,13.67,13.68,13.69,13.7,100,4200,10300,24100,23300,34800,57900,24800,22100,18600,2200,4000,2400,37600,84300,6300,13800,15600,9300,32000
6607.0,13.6,11399100,154239837.0,13.6,13.59,13.58,13.57,13.56,13.55,13.54,13.53,13.52,13.51,13.61,13.62,13.63,13.64,13.65,13.66,13.67,13.68,13.69,13.7,100,4200,10300,24100,23300,34800,57900,24800,22100,18600,2200,4000,3900,37600,84300,6300,13800,15600,9300,32000
6608.0,13.61,11402400,154284750.0,13.61,13.6,13.59,13.58,13.57,13.56,13.55,13.54,13.53,13.52,13.62,13.63,13.64,13.65,13.66,13.67,13.68,13.69,13.7,13.71,21200,100,4200,10300,24100,23300,34800,57900,24800,22100,4000,3900,37600,84300,6300,13800,15600,9300,32000,15800
6609.0,13.62,11402800,154290198.0,13.61,13.6,13.59,13.58,13.57,13.56,13.55,13.54,13.53,13.52,13.62,13.63,13.64,13.65,13.66,13.67,13.68,13.69,13.7,13.71,21200,100,4200,10300,24100,23300,34800,57900,24800,22100,3600,3900,37600,84300,6300,13800,15600,9300,32000,15800
6610.0,13.62,11402800,154290198.0,13.61,13.6,13.59,13.58,13.57,13.56,13.55,13.54,13.53,13.52,13.62,13.63,13.64,13.65,13.66,13.67,13.68,13.69,13.7,13.71,21200,100,4200,10300,24100,23300,34800,57900,24800,22100,3600,3900,37600,84300,6300,13800,15600,9300,32000,15800
6611.0,13.62,11403100,154294284.0,13.61,13.6,13.59,13.58,13.57,13.56,13.55,13.54,13.53,13.52,13.62,13.63,13.64,13.65,13.66,13.67,13.68,13.69,13.7,13.71,21200,100,4200,10300,24100,23300,34800,57900,24800,22100,3300,3900,37600,84300,6300,13800,15600,9300,32000,15800
6612.0,13.62,11403100,154294284.0,13.61,13.6,13.59,13.58,13.57,13.56,13.55,13.54,13.53,13.52,13.62,13.63,13.64,13.65,13.66,13.67,13.68,13.69,13.7,13.71,21200,100,4200,10300,24100,23300,34800,57900,24800,22100,3300,3900,37600,84300,6300,13800,15600,9300,32000,15800
6613.0,13.62,11403100,154294284.0,13.61,13.6,13.59,13.58,13.57,13.56,13.55,13.54,13.53,13.52,13.62,13.63,13.64,13.65,13.66,13.67,13.68,13.69,13.7,13.71,21200,100,4200,10300,24100,23300,34800,57900,24800,22100,3300,3900,37600,84300,6300,13800,15600,9300,32000,15800
6614.0,13.62,11403500,154299732.0,13.61,13.6,13.59,13.58,13.57,13.56,13.55,13.54,13.53,13.52,13.62,13.63,13.64,13.65,13.66,13.67,13.68,13.69,13.7,13.71,21200,100,4200,10300,24100,23300,34800,57900,24800,22100,2900,3900,37600,84300,6300,13800,15600,9300,32000,15800
6615.0,13.62,11403500,154299732.0,13.61,13.6,13.59,13.58,13.57,13.56,13.55,13.54,13.53,13.52,13.62,13.63,13.64,13.65,13.66,13.67,13.68,13.69,13.7,13.71,21200,100,4200,10300,24100,23300,34800,57900,24800,22100,2900,3900,37600,84300,6300,13800,15600,9300,32000,15800
6616.0,13.62,11403900,154305180.0,13.61,13.6,13.59,13.58,13.57,13.56,13.55,13.54,13.53,13.52,13.62,13.63,13.64,13.65,13.66,13.67,13.68,13.69,13.7,13.71,21200,100,4200,10300,24100,23300,34800,57900,24800,22100,2500,3900,37600,84300,6300,13800,15600,9300,32000,15800
6617.0,13.62,11403900,154305180.0,13.61,13.6,13.59,13.58,13.57,13.56,13.55,13.54,13.53,13.52,13.62,13.63,13.64,13.65,13.66,13.67,13.68,13.69,13.7,13.71,21200,100,4200,10300,24100,23300,34800,57900,24800,22100,5300,3900,37600,84300,6300,13800,15600,9300,32000,15800
6618.0,13.62,11403900,154305180.0,13.61,13.6,13.59,13.58,13.57,13.56,13.55,13.54,13.53,13.52,13.62,13.63,13.64,13.65,13.66,13.67,13.68,13.69,13.7,13.71,21200,100,4200,10300,24100,23300,34800,57900,24800,22100,5300,3900,37600,84300,6300,13800,15600,9300,32000,15800
6619.0,13.62,11404400,154311990.0,13.61,13.6,13.59,13.58,13.57,13.56,13.55,13.54,13.53,13.52,13.62,13.63,13.64,13.65,13.66,13.67,13.68,13.69,13.7,13.71,21200,100,4200,10300,24100,23300,34800,57900,24800,22100,4800,3900,37600,84300,6300,13800,15600,9300,32000,15800
6620.0,13.62,11404400,154311990.0,13.61,13.6,13.59,13.58,13.57,13.56,13.55,13.54,13.53,13.52,13.62,13.63,13.64,13.65,13.66,13.67,13.68,13.69,13.7,13.71,21200,100,4200,10300,24100,23300,34800,57900,24800,22100,4800,3900,37600,84300,6300,13800,15600,9300,32000,15800
6621.0,13.62,11404400,154311990.0,13.61,13.6,13.59,13.58,13.57,13.56,13.55,13.54,13.53,13.52,13.62,13.63,13.64,13.65,13.66,13.67,13.68,13.69,13.7,13.71,21200,100,4200,10300,24100,23300,34800,57900,24800,22100,4800,3900,37600,84300,6300,13800,15600,9300,32000,15800
6622.0,13.62,11404400,154311990.0,13.61,13.6,13.59,13.58,13.57,13.56,13.55,13.54,13.53,13.52,13.62,13.63,13.64,13.65,13.66,13.67,13.68,13.69,13.7,13.71,21200,100,4200,10300,24100,23300,34800,57900,24800,22100,4800,3900,37600,84300,6300,13800,15600,9300,32000,15800
6623.0,13.62,11404800,154317438.0,13.61,13.6,13.59,13.58,13.57,13.56,13.55,13.54,13.53,13.52,13.62,13.63,13.64,13.65,13.66,13.67,13.68,13.69,13.7,13.71,21200,100,4200,10300,24100,23300,34800,57900,24800,22100,4400,3900,37600,84300,6300,13800,15800,9300,32000,15800
6624.0,13.62,11405500,154326969.0,13.61,13.6,13.59,13.58,13.57,13.56,13.55,13.54,13.53,13.52,13.62,13.63,13.64,13.65,13.66,13.67,13.68,13.69,13.7,13.71,20900,100,4200,10300,24100,23300,34800,57900,24800,22100,4000,3900,37600,84300,6300,13800,15800,9300,32000,15800
6625.0,13.62,11407000,154347399.0,13.61,13.6,13.59,13.58,13.57,13.56,13.55,13.54,13.53,13.52,13.62,13.63,13.64,13.65,13.66,13.67,13.68,13.69,13.7,13.71,20900,100,4200,10300,24100,23300,34800,57900,24800,22100,2500,3900,37600,84300,6300,13800,15800,9300,32000,15800
6626.0,13.62,11407000,154347399.0,13.61,13.6,13.59,13.58,13.57,13.56,13.55,13.54,13.53,13.52,13.63,13.64,13.65,13.66,13.67,13.68,13.69,13.7,13.71,13.72,20900,100,4200,10300,24100,23300,34800,57900,24800,22100,2900,37600,84300,6300,13800,15800,9300,32000,15800,8400
6627.0,13.63,11407200,154350125.0,13.61,13.6,13.59,13.58,13.57,13.56,13.55,13.54,13.53,13.52,13.63,13.64,13.65,13.66,13.67,13.68,13.69,13.7,13.71,13.72,21200,100,4200,10300,24100,23300,34800,57900,24800,22100,3000,37600,84300,6300,13800,15800,9300,32000,15800,8400
6628.0,13.63,11407800,154358303.0,13.61,13.6,13.59,13.58,13.57,13.56,13.55,13.54,13.53,13.52,13.63,13.64,13.65,13.66,13.67,13.68,13.69,13.7,13.71,13.72,21300,100,4200,9300,24100,23300,34800,57900,24800,22100,2500,37600,84300,6300,13800,15800,9300,32000,15800,8400
6629.0,13.63,11407800,154358303.0,13.61,13.6,13.59,13.58,13.57,13.56,13.55,13.54,13.53,13.52,13.62,13.63,13.64,13.65,13.66,13.67,13.68,13.69,13.7,13.71,21600,100,4200,9300,24100,23300,34800,57900,24800,22100,100,3300,37600,84300,6300,13800,15800,9300,32000,15800
6630.0,13.63,11407800,154358303.0,13.61,13.6,13.59,13.58,13.57,13.56,13.55,13.54,13.53,13.52,13.62,13.63,13.64,13.65,13.66,13.67,13.68,13.69,13.7,13.71,21600,100,4200,9300,24100,23300,34800,57900,24800,22100,100,3300,37600,84300,6300,13800,15800,9300,32000,15800
6631.0,13.63,11407800,154358303.0,13.61,13.6,13.59,13.58,13.57,13.56,13.55,13.54,13.53,13.52,13.62,13.63,13.64,13.65,13.66,13.67,13.68,13.69,13.7,13.71,21600,100,4200,9300,24100,23300,34800,57900,24800,22100,100,3300,37600,84300,6300,13800,15800,9300,32000,15800
6632.0,13.63,11407800,154358303.0,13.61,13.6,13.59,13.58,13.57,13.56,13.55,13.54,13.53,13.52,13.62,13.63,13.64,13.65,13.66,13.67,13.68,13.69,13.7,13.71,21600,100,4200,9300,24100,23300,34800,57900,24800,22100,100,3300,37600,84300,6300,13800,15800,9300,32000,15800
6633.0,13.63,11407800,154358303.0,13.61,13.6,13.59,13.58,13.57,13.56,13.55,13.54,13.53,13.52,13.62,13.63,13.64,13.65,13.66,13.67,13.68,13.69,13.7,13.71,21600,100,4200,9300,24100,23300,34800,57900,24800,22100,100,3300,37600,84300,6300,13800,15800,9300,32000,15800
6634.0,13.63,11407800,154358303.0,13.61,13.6,13.59,13.58,13.57,13.56,13.55,13.54,13.53,13.52,13.62,13.63,13.64,13.65,13.66,13.67,13.68,13.69,13.7,13.71,21600,100,4200,9300,24100,22200,34800,57900,24800,22100,100,3300,37600,84300,6300,13800,15800,9300,32000,15800
6635.0,13.62,11407900,154359665.0,13.62,13.61,13.6,13.59,13.58,13.57,13.56,13.55,13.54,13.53,13.63,13.64,13.65,13.66,13.67,13.68,13.69,13.7,13.71,13.72,4900,21600,100,4200,9300,24100,22200,34800,57900,24800,3300,37600,84300,6300,13800,15800,9300,32000,15800,8400
6636.0,13.62,11407900,154359665.0,13.62,13.61,13.6,13.59,13.58,13.57,13.56,13.55,13.54,13.53,13.63,13.64,13.65,13.66,13.67,13.68,13.69,13.7,13.71,13.72,4900,21600,100,4200,9300,24100,22200,34800,57900,24800,3300,37600,84300,6300,13800,15800,9300,32000,15800,8400
6637.0,13.63,11408200,154363754.0,13.62,13.61,13.6,13.59,13.58,13.57,13.56,13.55,13.54,13.53,13.63,13.64,13.65,13.66,13.67,13.68,13.69,13.7,13.71,13.72,4900,21600,100,4200,9300,24100,22200,34800,57900,24800,3000,37600,84300,6300,13800,15800,9300,32000,15800,8400
6638.0,13.63,11408200,154363754.0,13.62,13.61,13.6,13.59,13.58,13.57,13.56,13.55,13.54,13.53,13.63,13.64,13.65,13.66,13.67,13.68,13.69,13.7,13.71,13.72,4900,21600,100,4200,9300,24100,22200,34800,57900,24800,1500,37600,84300,6300,13800,15800,9300,32000,15800,8400
6639.0,13.63,11408500,154367843.0,13.62,13.61,13.6,13.59,13.58,13.57,13.56,13.55,13.54,13.53,13.63,13.64,13.65,13.66,13.67,13.68,13.69,13.7,13.71,13.72,4900,21600,100,4200,9300,15600,22200,34800,57900,24800,2000,37600,84300,6300,13800,15800,9300,32000,15800,8400
6640.0,13.63,11408500,154367843.0,13.62,13.61,13.6,13.59,13.58,13.57,13.56,13.55,13.54,13.53,13.63,13.64,13.65,13.66,13.67,13.68,13.69,13.7,13.71,13.72,4900,21600,100,4200,9300,15600,22200,34800,57900,24800,2000,37600,84300,6300,13800,15800,9300,47100,15800,8400
6641.0,13.63,11408500,154367843.0,13.62,13.61,13.6,13.59,13.58,13.57,13.56,13.55,13.54,13.53,13.63,13.64,13.65,13.66,13.67,13.68,13.69,13.7,13.71,13.72,4900,21600,100,4200,9300,15600,22200,34800,57900,24800,2000,37600,84300,6300,13800,15800,9300,47100,15800,8400
6642.0,13.63,11408500,154367843.0,13.62,13.61,13.6,13.59,13.58,13.57,13.56,13.55,13.54,13.53,13.63,13.64,13.65,13.66,13.67,13.68,13.69,13.7,13.71,13.72,4900,21600,100,4200,9300,15600,22200,34800,57900,24800,2000,37600,84300,6300,13800,15800,9300,47100,15800,8400
6643.0,13.63,11408500,154367843.0,13.62,13.61,13.6,13.59,13.58,13.57,13.56,13.55,13.54,13.53,13.63,13.64,13.65,13.66,13.67,13.68,13.69,13.7,13.71,13.72,4900,21600,100,4200,9300,15600,22200,34800,57900,24800,2000,37600,84300,6300,13800,15800,9300,47100,15800,8400
6644.0,13.63,11408500,154367843.0,13.62,13.61,13.6,13.59,13.58,13.57,13.56,13.55,13.54,13.53,13.63,13.64,13.65,13.66,13.67,13.68,13.69,13.7,13.71,13.72,4900,21600,100,4200,9300,15600,22200,34800,57900,24800,2000,37600,84300,6300,13800,15800,9300,47100,15800,8400
6645.0,13.63,11408700,154370569.0,13.62,13.61,13.6,13.59,13.58,13.57,13.56,13.55,13.54,13.53,13.63,13.64,13.65,13.66,13.67,13.68,13.69,13.7,13.71,13.72,4900,21600,100,5100,9300,15600,22200,34800,57900,24800,1800,37600,84300,6300,13800,15800,9300,47100,15800,8400
6646.0,13.63,11408700,154370569.0,13.62,13.61,13.6,13.59,13.58,13.57,13.56,13.55,13.54,13.53,13.63,13.64,13.65,13.66,13.67,13.68,13.69,13.7,13.71,13.72,4900,21600,100,5100,9300,15600,22200,34800,57900,24800,1800,37600,84300,6300,13800,15800,9300,47100,15800,8400
6647.0,13.63,11408700,154370569.0,13.62,13.61,13.6,13.59,13.58,13.57,13.56,13.55,13.54,13.53,13.63,13.64,13.65,13.66,13.67,13.68,13.69,13.7,13.71,13.72,4900,24400,100,5100,9300,15600,22200,34800,57900,24800,1800,37600,84300,6300,13800,15800,9300,47100,15800,8400
6648.0,13.63,11408700,154370569.0,13.62,13.61,13.6,13.59,13.58,13.57,13.56,13.55,13.54,13.53,13.63,13.64,13.65,13.66,13.67,13.68,13.69,13.7,13.71,13.72,4900,24400,100,5100,9300,15600,22200,34800,57900,24800,1800,37600,84300,6300,13800,15800,9300,47600,15800,8400
6649.0,13.63,11408700,154370569.0,13.62,13.61,13.6,13.59,13.58,13.57,13.56,13.55,13.54,13.53,13.63,13.64,13.65,13.66,13.67,13.68,13.69,13.7,13.71,13.72,4900,24400,100,5100,9300,15600,22200,34800,57900,24800,1800,37600,84300,6300,13800,15800,9300,47600,15800,8400
6650.0,13.63,11412900,154427791.0,13.63,13.62,13.61,13.6,13.59,13.58,13.57,13.56,13.55,13.54,13.64,13.65,13.66,13.67,13.68,13.69,13.7,13.71,13.72,13.73,3500,2500,24400,100,5100,9300,15600,22200,34800,57900,37600,84300,6300,13800,15800,9300,47600,15800,8400,37700
6651.0,13.64,11413600,154437339.0,13.63,13.62,13.61,13.6,13.59,13.58,13.57,13.56,13.55,13.54,13.64,13.65,13.66,13.67,13.68,13.69,13.7,13.71,13.72,13.73,24300,2500,24400,8600,5100,9300,15600,22200,34800,57900,39900,84300,6300,13800,15800,9300,47600,15800,8400,37700
6652.0,13.64,11414300,154446887.0,13.63,13.62,13.61,13.6,13.59,13.58,13.57,13.56,13.55,13.54,13.64,13.65,13.66,13.67,13.68,13.69,13.7,13.71,13.72,13.73,24300,2500,24400,8600,5100,9300,15600,22200,34800,57900,39200,84300,6300,13800,15800,9300,47600,15800,8400,37700
6653.0,13.64,11414300,154446887.0,13.63,13.62,13.61,13.6,13.59,13.58,13.57,13.56,13.55,13.54,13.64,13.65,13.66,13.67,13.68,13.69,13.7,13.71,13.72,13.73,24300,2500,24400,8600,5100,9300,15600,22200,34800,57900,44000,84300,6300,13800,15800,9300,47600,15800,8400,37700
6654.0,13.63,11415100,154457791.0,13.63,13.62,13.61,13.6,13.59,13.58,13.57,13.56,13.55,13.54,13.64,13.65,13.66,13.67,13.68,13.69,13.7,13.71,13.72,13.73,23500,2500,24400,8600,5100,9300,15600,22200,34800,57900,44000,84300,6300,13800,15800,9300,47600,15800,8400,37700
6655.0,13.63,11415100,154457791.0,13.63,13.62,13.61,13.6,13.59,13.58,13.57,13.56,13.55,13.54,13.64,13.65,13.66,13.67,13.68,13.69,13.7,13.71,13.72,13.73,53600,2500,24400,8600,5100,9300,15600,22200,34800,57900,44000,84300,6300,13800,15800,9300,47600,15800,8400,37700
6656.0,13.63,11415100,154457791.0,13.63,13.62,13.61,13.6,13.59,13.58,13.57,13.56,13.55,13.54,13.64,13.65,13.66,13.67,13.68,13.69,13.7,13.71,13.72,13.73,53600,2500,24400,8600,5100,9300,15600,22200,34800,57900,44000,84300,6300,13800,15800,9300,47600,15800,8400,37700
6657.0,13.64,11415900,154468696.0,13.63,13.62,13.61,13.6,13.59,13.58,13.57,13.56,13.55,13.54,13.64,13.65,13.66,13.67,13.68,13.69,13.7,13.71,13.72,13.73,53900,2500,24400,8600,5100,9300,15600,22200,34800,57900,43900,84300,6300,13800,15800,9300,47600,15800,8400,37700
6658.0,13.64,11415900,154468696.0,13.63,13.62,13.61,13.6,13.59,13.58,13.57,13.56,13.55,13.54,13.64,13.65,13.66,13.67,13.68,13.69,13.7,13.71,13.72,13.73,53900,2500,24400,8600,5100,9300,15600,22200,34800,57900,43900,84300,6300,13800,15800,9300,47600,15800,8400,37700
6659.0,13.64,11416600,154478244.0,13.63,13.62,13.61,13.6,13.59,13.58,13.57,13.56,13.55,13.54,13.64,13.65,13.66,13.67,13.68,13.69,13.7,13.71,13.72,13.73,53900,2500,24400,8600,5100,9300,15600,22200,34800,57900,43200,84300,6300,13800,15800,9300,47600,15800,8400,37700
6660.0,13.64,11420300,154528705.0,13.63,13.62,13.61,13.6,13.59,13.58,13.57,13.56,13.55,13.54,13.64,13.65,13.66,13.67,13.68,13.69,13.7,13.71,13.72,13.73,53200,2500,24400,8600,5100,9300,15600,22200,34800,57900,40200,84300,6300,13800,15800,9300,47600,15800,8400,37700
6661.0,13.64,11421700,154547801.0,13.63,13.62,13.61,13.6,13.59,13.58,13.57,13.56,13.55,13.54,13.64,13.65,13.66,13.67,13.68,13.69,13.7,13.71,13.72,13.73,53200,2500,24400,8600,5100,9300,15600,22200,34800,57900,38800,84300,6300,13800,15800,9300,47600,16700,8400,37700
6662.0,13.63,11421800,154549164.0,13.63,13.62,13.61,13.6,13.59,13.58,13.57,13.56,13.55,13.54,13.64,13.65,13.66,13.67,13.68,13.69,13.7,13.71,13.72,13.73,53100,2500,24400,8600,5100,9300,15600,22200,34800,57900,39700,84300,6300,13800,15800,9300,47600,16700,8400,37700
6663.0,13.63,11422500,154558705.0,13.63,13.62,13.61,13.6,13.59,13.58,13.57,13.56,13.55,13.54,13.64,13.65,13.66,13.67,13.68,13.69,13.7,13.71,13.72,13.73,52400,2500,24400,8600,5100,9300,15600,22200,34800,57900,39700,84300,6300,13800,15800,9300,47600,16700,8400,37700
6664.0,13.64,11422700,154561433.0,13.63,13.62,13.61,13.6,13.59,13.58,13.57,13.56,13.55,13.54,13.64,13.65,13.66,13.67,13.68,13.69,13.7,13.71,13.72,13.73,51400,2500,24400,8600,5100,9300,15600,22200,34800,57900,39500,84300,6300,13800,15800,9300,47600,16700,8400,37700
6665.0,13.64,11422700,154561433.0,13.63,13.62,13.61,13.6,13.59,13.58,13.57,13.56,13.55,13.54,13.64,13.65,13.66,13.67,13.68,13.69,13.7,13.71,13.72,13.73,51400,2500,24400,8600,5100,9300,15600,22200,34800,57900,39500,84300,6300,13800,15800,10300,47600,16700,8400,37700
6666.0,13.63,11432700,154697742.0,13.63,13.62,13.61,13.6,13.59,13.58,13.57,13.56,13.55,13.54,13.64,13.65,13.66,13.67,13.68,13.69,13.7,13.71,13.72,13.73,42300,2500,24400,8600,5100,9300,15600,22200,34800,57900,38600,84300,6300,13800,15800,10300,47600,16700,8400,37700
6667.0,13.64,11436500,154749570.0,13.63,13.62,13.61,13.6,13.59,13.58,13.57,13.56,13.55,13.54,13.64,13.65,13.66,13.67,13.68,13.69,13.7,13.71,13.72,13.73,41900,2500,24400,8600,5100,9300,15600,22200,34800,57900,35200,84300,6300,13800,15800,10300,47600,16700,8400,37700
6668.0,13.64,11436500,154749570.0,13.63,13.62,13.61,13.6,13.59,13.58,13.57,13.56,13.55,13.54,13.64,13.65,13.66,13.67,13.68,13.69,13.7,13.71,13.72,13.73,41900,2500,24400,8600,5100,9300,15600,22200,34800,57900,35200,84300,6300,13800,15800,10300,47600,16700,8400,37700
6669.0,13.64,11442000,154824583.0,13.63,13.62,13.61,13.6,13.59,13.58,13.57,13.56,13.55,13.54,13.64,13.65,13.66,13.67,13.68,13.69,13.7,13.71,13.72,13.73,41200,2500,24400,8600,5100,9300,15600,22200,34800,57900,30400,84300,6300,13800,15800,10300,47600,16700,8400,37700
6670.0,13.64,11442000,154824583.0,13.63,13.62,13.61,13.6,13.59,13.58,13.57,13.56,13.55,13.54,13.64,13.65,13.66,13.67,13.68,13.69,13.7,13.71,13.72,13.73,41200,2500,24400,8600,5100,9300,15600,22200,34800,57900,30400,84300,6300,13800,15800,10300,47600,16700,8400,37700
6671.0,13.64,11442000,154824583.0,13.63,13.62,13.61,13.6,13.59,13.58,13.57,13.56,13.55,13.54,13.64,13.65,13.66,13.67,13.68,13.69,13.7,13.71,13.72,13.73,41200,2500,24400,8600,5100,9300,15600,22200,34800,57900,30400,84300,6300,13800,15800,10300,47600,16700,8400,37700
6672.0,13.64,11444100,154853220.0,13.63,13.62,13.61,13.6,13.59,13.58,13.57,13.56,13.55,13.54,13.64,13.65,13.66,13.67,13.68,13.69,13.7,13.71,13.72,13.73,40500,2500,24400,8600,5100,9300,15600,22200,34800,57900,29000,84300,6300,13800,15800,10300,47600,16700,8400,37700
6673.0,13.64,11444100,154853220.0,13.63,13.62,13.61,13.6,13.59,13.58,13.57,13.56,13.55,13.54,13.64,13.65,13.66,13.67,13.68,13.69,13.7,13.71,13.72,13.73,40500,2500,24400,8600,5100,9300,15600,22200,34800,57900,29000,84300,6300,13800,15800,10300,47600,16700,8400,37700
6674.0,13.63,11444800,154862761.0,13.63,13.62,13.61,13.6,13.59,13.58,13.57,13.56,13.55,13.54,13.64,13.65,13.66,13.67,13.68,13.69,13.7,13.71,13.72,13.73,39800,2500,24400,8600,5100,9300,15600,22200,34800,57900,29000,84300,6300,13800,15800,10300,47600,16700,8400,37700
6675.0,13.63,11444800,154862761.0,13.63,13.62,13.61,13.6,13.59,13.58,13.57,13.56,13.55,13.54,13.64,13.65,13.66,13.67,13.68,13.69,13.7,13.71,13.72,13.73,39800,2500,24400,8600,5100,9300,15600,22200,34800,57900,29000,84300,6300,13800,15800,10300,47600,16700,8400,37700
6676.0,13.64,11445000,154865489.0,13.63,13.62,13.61,13.6,13.59,13.58,13.57,13.56,13.55,13.54,13.64,13.65,13.66,13.67,13.68,13.69,13.7,13.71,13.72,13.73,39800,2500,24400,8600,5100,9300,15600,22200,34800,57900,28800,84300,6300,13800,15800,10300,47600,16700,8400,37700
6677.0,13.63,11445700,154875030.0,13.63,13.62,13.61,13.6,13.59,13.58,13.57,13.56,13.55,13.54,13.64,13.65,13.66,13.67,13.68,13.69,13.7,13.71,13.72,13.73,39100,2500,24400,8600,5100,9300,15600,22200,34800,57900,28800,76700,6300,13800,15800,10300,47600,16700,8400,37700
6678.0,13.63,11460700,155079580.0,13.63,13.62,13.61,13.6,13.59,13.58,13.57,13.56,13.55,13.54,13.64,13.65,13.66,13.67,13.68,13.69,13.7,13.71,13.72,13.73,34100,2500,24400,8600,5100,9300,15600,22200,34800,57900,18800,76700,6300,13800,15800,10300,47600,16700,8400,37700
6679.0,13.63,11460700,155079580.0,13.63,13.62,13.61,13.6,13.59,13.58,13.57,13.56,13.55,13.54,13.64,13.65,13.66,13.67,13.68,13.69,13.7,13.71,13.72,13.73,34100,2500,24400,8600,5100,9300,15600,22200,34800,57900,18800,76700,6300,13800,15800,10300,47600,16700,8400,37700
6680.0,13.63,11461400,155089121.0,13.63,13.62,13.61,13.6,13.59,13.58,13.57,13.56,13.55,13.54,13.64,13.65,13.66,13.67,13.68,13.69,13.7,13.71,13.72,13.73,33400,2500,24400,8600,5100,9300,15600,22200,34800,57900,18800,76700,6300,13800,15800,10300,47600,16700,8400,37700
6681.0,13.64,11461500,155090485.0,13.63,13.62,13.61,13.6,13.59,13.58,13.57,13.56,13.55,13.54,13.64,13.65,13.66,13.67,13.68,13.69,13.7,13.71,13.72,13.73,33400,2500,24400,8600,5100,9300,15600,22200,34800,57900,18700,76700,6300,13800,15800,10300,47600,16700,8400,37700
6682.0,13.63,11464000,155124560.0,13.63,13.62,13.61,13.6,13.59,13.58,13.57,13.56,13.55,13.54,13.64,13.65,13.66,13.67,13.68,13.69,13.7,13.71,13.72,13.73,34100,2500,24400,8600,5100,9300,15600,22200,34800,57900,18700,76700,6300,13800,15800,10300,47600,16700,8400,37700
6683.0,13.63,11466100,155153197.0,13.63,13.62,13.61,13.6,13.59,13.58,13.57,13.56,13.55,13.54,13.64,13.65,13.66,13.67,13.68,13.69,13.7,13.71,13.72,13.73,33400,2500,24400,8600,5100,9300,15600,22200,34800,57900,17300,77700,6300,13800,15800,10300,47600,16700,8400,37700
6684.0,13.63,11466100,155153197.0,13.63,13.62,13.61,13.6,13.59,13.58,13.57,13.56,13.55,13.54,13.64,13.65,13.66,13.67,13.68,13.69,13.7,13.71,13.72,13.73,33400,2500,24400,8600,5100,9300,15600,22200,34800,57900,17300,77700,6300,13800,15800,10300,47600,16700,8400,37700
6685.0,13.63,11466100,155153197.0,13.63,13.62,13.61,13.6,13.59,13.58,13.57,13.56,13.55,13.54,13.64,13.65,13.66,13.67,13.68,13.69,13.7,13.71,13.72,13.73,33400,2500,24400,8600,5100,9300,15600,22200,34800,57900,17300,77700,6300,13800,15800,10300,47600,16700,8400,37700
6686.0,13.63,11466800,155162738.0,13.63,13.62,13.61,13.6,13.59,13.58,13.57,13.56,13.55,13.54,13.64,13.65,13.66,13.67,13.68,13.69,13.7,13.71,13.72,13.73,32700,2500,24400,8600,5100,9300,15600,22200,34800,57900,17800,77700,6300,13800,15800,10300,47600,16700,8400,37700
6687.0,13.63,11466800,155162738.0,13.63,13.62,13.61,13.6,13.59,13.58,13.57,13.56,13.55,13.54,13.64,13.65,13.66,13.67,13.68,13.69,13.7,13.71,13.72,13.73,32700,2500,24400,8600,5100,9300,15600,22200,34800,57900,17800,77700,6300,13800,15800,10300,47600,16700,8400,37700
6688.0,13.63,11466800,155162738.0,13.63,13.62,13.61,13.6,13.59,13.58,13.57,13.56,13.55,13.54,13.64,13.65,13.66,13.67,13.68,13.69,13.7,13.71,13.72,13.73,32700,2500,24400,8600,5100,9300,15600,22200,34800,57900,18000,77700,6300,13800,15800,10300,47600,16700,8400,37700
6689.0,13.63,11467500,155172279.0,13.63,13.62,13.61,13.6,13.59,13.58,13.57,13.56,13.55,13.54,13.64,13.65,13.66,13.67,13.68,13.69,13.7,13.71,13.72,13.73,32000,2500,24400,8600,5100,9300,15600,22200,34800,57900,18000,77700,6300,13800,15800,10300,47600,16700,8400,37700
6690.0,13.63,11467500,155172279.0,13.63,13.62,13.61,13.6,13.59,13.58,13.57,13.56,13.55,13.54,13.64,13.65,13.66,13.67,13.68,13.69,13.7,13.71,13.72,13.73,32000,2500,24400,8600,5100,9300,15600,22200,34800,57900,18000,77700,6300,13800,15800,10300,47600,16700,8400,37700
6691.0,13.63,11467500,155172279.0,13.63,13.62,13.61,13.6,13.59,13.58,13.57,13.56,13.55,13.54,13.64,13.65,13.66,13.67,13.68,13.69,13.7,13.71,13.72,13.73,32000,2500,24400,8600,5100,9300,15600,22200,34800,57900,18000,77700,6300,13800,15800,10300,47600,16700,8400,37700
6692.0,13.64,11476900,155300488.0,13.63,13.62,13.61,13.6,13.59,13.58,13.57,13.56,13.55,13.54,13.64,13.65,13.66,13.67,13.68,13.69,13.7,13.71,13.72,13.73,31500,2500,24400,8600,5100,9300,15600,22200,34800,57900,9400,77700,6300,13800,15800,10300,47600,16700,8400,37700
6693.0,13.64,11476900,155300488.0,13.63,13.62,13.61,13.6,13.59,13.58,13.57,13.56,13.55,13.54,13.64,13.65,13.66,13.67,13.68,13.69,13.7,13.71,13.72,13.73,31500,2500,24400,8600,5100,9800,15600,22200,34800,57900,9400,77700,6300,13800,15800,10300,47600,16700,8400,37700
6694.0,13.64,11478300,155319584.0,13.63,13.62,13.61,13.6,13.59,13.58,13.57,13.56,13.55,13.54,13.64,13.65,13.66,13.67,13.68,13.69,13.7,13.71,13.72,13.73,31500,2500,24400,8600,5100,9800,15600,22200,34800,57900,8000,77700,6300,13800,15800,10300,47600,16700,8400,37700
6695.0,13.63,11479700,155338673.0,13.63,13.62,13.61,13.6,13.59,13.58,13.57,13.56,13.55,13.54,13.64,13.65,13.66,13.67,13.68,13.69,13.7,13.71,13.72,13.73,30800,2500,24400,8600,5100,9800,15600,22200,34800,57900,7300,77700,6300,13800,15800,10300,47600,16700,8400,37700
6696.0,13.63,11479700,155338673.0,13.63,13.62,13.61,13.6,13.59,13.58,13.57,13.56,13.55,13.54,13.64,13.65,13.66,13.67,13.68,13.69,13.7,13.71,13.72,13.73,30800,2500,24400,8600,5100,9800,15600,22200,34800,57900,7300,77700,6300,13800,15800,10300,47600,16700,8400,37700
6697.0,13.64,11480700,155352313.0,13.63,13.62,13.61,13.6,13.59,13.58,13.57,13.56,13.55,13.54,13.64,13.65,13.66,13.67,13.68,13.69,13.7,13.71,13.72,13.73,30800,2500,24400,8600,5100,9800,15600,22200,34800,57900,6600,77700,6300,13800,15800,10300,47600,16700,8400,37700
6698.0,13.63,11483400,155389114.0,13.63,13.62,13.61,13.6,13.59,13.58,13.57,13.56,13.55,13.54,13.64,13.65,13.66,13.67,13.68,13.69,13.7,13.71,13.72,13.73,28100,2500,24400,8600,5100,9800,15600,22200,34800,57900,6600,77700,6300,13800,15800,10300,47600,16700,8400,37700
6699.0,13.63,11483400,155389114.0,13.63,13.62,13.61,13.6,13.59,13.58,13.57,13.56,13.55,13.54,13.64,13.65,13.66,13.67,13.68,13.69,13.7,13.71,13.72,13.73,28500,2500,24400,8600,5100,9800,15600,22200,34800,57900,6600,77700,6300,13800,15800,10300,47600,16700,8400,37700
6700.0,13.64,11486800,155435490.0,13.63,13.62,13.61,13.6,13.59,13.58,13.57,13.56,13.55,13.54,13.64,13.65,13.66,13.67,13.68,13.69,13.7,13.71,13.72,13.73,28500,2500,24400,8600,5100,9800,15600,22200,34800,57900,3200,77700,6300,13800,15800,10300,47600,16700,8400,37700
6701.0,13.63,11488300,155455935.0,13.63,13.62,13.61,13.6,13.59,13.58,13.57,13.56,13.55,13.54,13.64,13.65,13.66,13.67,13.68,13.69,13.7,13.71,13.72,13.73,27000,2500,24400,8600,5100,9800,15600,22200,34800,57900,3200,77700,6300,13800,15800,10300,47600,16700,8400,37700
6702.0,13.64,11488600,155460027.0,13.63,13.62,13.61,13.6,13.59,13.58,13.57,13.56,13.55,13.54,13.64,13.65,13.66,13.67,13.68,13.69,13.7,13.71,13.72,13.73,27000,2500,24400,8600,5100,9800,15600,22200,34800,57900,2900,77700,6300,13800,15800,10300,47600,16700,8400,37700
6703.0,13.64,11488600,155460027.0,13.63,13.62,13.61,13.6,13.59,13.58,13.57,13.56,13.55,13.54,13.64,13.65,13.66,13.67,13.68,13.69,13.7,13.71,13.72,13.73,24900,2500,24400,8600,5100,9800,15600,22200,34800,57900,2900,77700,6300,13800,15800,10300,47600,16700,8400,37700
6704.0,13.63,11490700,155488650.0,13.63,13.62,13.61,13.6,13.59,13.58,13.57,13.56,13.55,13.54,13.64,13.65,13.66,13.67,13.68,13.69,13.7,13.71,13.72,13.73,22800,2500,24400,8600,5100,9800,15600,22200,34800,57900,2900,77700,6300,13800,15800,10300,47600,16700,8400,37700
6705.0,13.63,11490700,155488650.0,13.63,13.62,13.61,13.6,13.59,13.58,13.57,13.56,13.55,13.54,13.64,13.65,13.66,13.67,13.68,13.69,13.7,13.71,13.72,13.73,22800,2500,24400,8600,5100,9800,15600,22200,34800,57900,2900,78400,6300,13800,15800,10300,47600,16700,8400,37700
6706.0,13.64,11491800,155503654.0,13.63,13.62,13.61,13.6,13.59,13.58,13.57,13.56,13.55,13.54,13.64,13.65,13.66,13.67,13.68,13.69,13.7,13.71,13.72,13.73,22800,2500,24400,8600,5100,9800,15600,22200,34800,57900,1800,78400,6300,13800,15800,10300,47600,16700,8400,37700
6707.0,13.64,11493200,155522743.0,13.63,13.62,13.61,13.6,13.59,13.58,13.57,13.56,13.55,13.54,13.64,13.65,13.66,13.67,13.68,13.69,13.7,13.71,13.72,13.73,22100,2500,24400,8600,5100,9800,15600,22200,34800,57900,1100,78400,6300,13800,15800,10300,47600,16700,8400,37700
6708.0,13.63,11493500,155526832.0,13.63,13.62,13.61,13.6,13.59,13.58,13.57,13.56,13.55,13.54,13.64,13.65,13.66,13.67,13.68,13.69,13.7,13.71,13.72,13.73,21800,2500,24400,8600,5100,9800,15600,22200,34800,57900,1100,78400,6300,13800,15800,10300,47600,16700,8400,37700
6709.0,13.63,11494300,155537737.0,13.63,13.62,13.61,13.6,13.59,13.58,13.57,13.56,13.55,13.54,13.64,13.65,13.66,13.67,13.68,13.69,13.7,13.71,13.72,13.73,21100,2500,24400,8600,5100,9800,15600,22200,34800,57900,1000,78400,6300,13800,15800,10300,47600,16700,8400,37700
6710.0,13.63,11494300,155537737.0,13.63,13.62,13.61,13.6,13.59,13.58,13.57,13.56,13.55,13.54,13.64,13.65,13.66,13.67,13.68,13.69,13.7,13.71,13.72,13.73,21100,2500,24400,8600,5100,9800,15600,22200,34800,57900,2000,78400,6300,13800,15800,10300,47600,16700,8400,37700
6711.0,13.64,11494400,155539101.0,13.63,13.62,13.61,13.6,13.59,13.58,13.57,13.56,13.55,13.54,13.64,13.65,13.66,13.67,13.68,13.69,13.7,13.71,13.72,13.73,21100,2500,24400,8600,5100,9800,15600,22200,34800,57900,1900,78400,6300,13800,15800,10300,47600,16700,8400,37700
6712.0,13.63,11495100,155548642.0,13.63,13.62,13.61,13.6,13.59,13.58,13.57,13.56,13.55,13.54,13.64,13.65,13.66,13.67,13.68,13.69,13.7,13.71,13.72,13.73,20400,2500,24400,8600,5100,9800,15600,22200,34800,57900,10300,78400,6300,13800,15800,10300,47600,16700,8400,37700
6713.0,13.63,11498100,155589532.0,13.63,13.62,13.61,13.6,13.59,13.58,13.57,13.56,13.55,13.54,13.64,13.65,13.66,13.67,13.68,13.69,13.7,13.71,13.72,13.73,17400,2500,24400,8600,5100,9800,15600,23000,34800,57900,10300,78400,6300,13800,15800,10300,47600,16700,8400,37700
6714.0,13.63,11498100,155589532.0,13.63,13.62,13.61,13.6,13.59,13.58,13.57,13.56,13.55,13.54,13.64,13.65,13.66,13.67,13.68,13.69,13.7,13.71,13.72,13.73,17600,2500,24400,8600,5100,9800,15600,23000,34800,57900,10300,78400,6300,13800,15800,10300,47600,16700,8400,37700
6715.0,13.64,11504000,155669987.0,13.63,13.62,13.61,13.6,13.59,13.58,13.57,13.56,13.55,13.54,13.64,13.65,13.66,13.67,13.68,13.69,13.7,13.71,13.72,13.73,15500,2500,24400,8600,5100,9800,15600,23000,34800,57900,6500,78400,6300,13800,15800,10300,47600,16700,8400,37700
6716.0,13.64,11505000,155683627.0,13.63,13.62,13.61,13.6,13.59,13.58,13.57,13.56,13.55,13.54,13.64,13.65,13.66,13.67,13.68,13.69,13.7,13.71,13.72,13.73,15500,2500,24400,8600,5100,9800,15600,23000,34800,57900,5500,78400,6300,13800,15800,10300,47600,16700,8400,37700
6717.0,13.64,11505200,155686355.0,13.63,13.62,13.61,13.6,13.59,13.58,13.57,13.56,13.55,13.54,13.64,13.65,13.66,13.67,13.68,13.69,13.7,13.71,13.72,13.73,15500,2500,24400,8600,5100,9800,15600,23000,34800,57900,5300,78400,6300,13800,15800,10300,47600,16700,8400,37700
6718.0,13.63,11505900,155695896.0,13.63,13.62,13.61,13.6,13.59,13.58,13.57,13.56,13.55,13.54,13.64,13.65,13.66,13.67,13.68,13.69,13.7,13.71,13.72,13.73,14800,2500,24400,8600,5100,9800,15600,23000,34800,57900,5300,78400,6300,13800,15800,10300,47600,16700,8400,37700
6719.0,13.64,11507000,155710899.0,13.63,13.62,13.61,13.6,13.59,13.58,13.57,13.56,13.55,13.54,13.64,13.65,13.66,13.67,13.68,13.69,13.7,13.71,13.72,13.73,14700,2500,24400,8600,5100,9800,15600,23000,34800,57900,4300,78400,6300,13800,15800,10300,47600,16700,8400,37700
6720.0,13.64,11507000,155710899.0,13.63,13.62,13.61,13.6,13.59,13.58,13.57,13.56,13.55,13.54,13.64,13.65,13.66,13.67,13.68,13.69,13.7,13.71,13.72,13.73,14700,2500,24400,8600,5100,9800,15600,23000,34800,57900,4300,78400,6300,13800,15800,10300,47600,16700,8400,37700
6721.0,13.64,11510500,155758632.0,13.63,13.62,13.61,13.6,13.59,13.58,13.57,13.56,13.55,13.54,13.64,13.65,13.66,13.67,13.68,13.69,13.7,13.71,13.72,13.73,14000,2500,24400,8600,5100,9800,15600,23000,34800,57900,1500,78400,6300,13800,15800,10300,47600,16700,8400,37700
6722.0,13.64,11510700,155761360.0,13.63,13.62,13.61,13.6,13.59,13.58,13.57,13.56,13.55,13.54,13.64,13.65,13.66,13.67,13.68,13.69,13.7,13.71,13.72,13.73,14000,2500,24400,8600,5300,9800,15600,23000,34800,57900,1500,78400,6300,13800,15800,10300,47800,16700,8400,37700
6723.0,13.64,11510700,155761360.0,13.63,13.62,13.61,13.6,13.59,13.58,13.57,13.56,13.55,13.54,13.64,13.65,13.66,13.67,13.68,13.69,13.7,13.71,13.72,13.73,14000,2500,24400,8600,5300,9800,15600,23000,34800,57900,1500,78400,6300,13800,15800,10300,47800,16700,8400,37700
6724.0,13.64,11512400,155784541.0,13.63,13.62,13.61,13.6,13.59,13.58,13.57,13.56,13.55,13.54,13.64,13.65,13.66,13.67,13.68,13.69,13.7,13.71,13.72,13.73,13300,2500,24400,8600,5300,9800,15600,23000,34800,57900,500,78400,6300,13800,15800,10300,47800,16700,8400,37700
6725.0,13.64,11512400,155784541.0,13.63,13.62,13.61,13.6,13.59,13.58,13.57,13.56,13.55,13.54,13.64,13.65,13.66,13.67,13.68,13.69,13.7,13.71,13.72,13.73,13300,2500,24400,8600,5300,9800,15600,23000,34800,57900,500,78400,6300,13800,15800,10300,47800,16700,8400,37700
6726.0,13.63,11513800,155803623.0,13.63,13.62,13.61,13.6,13.59,13.58,13.57,13.56,13.55,13.54,13.64,13.65,13.66,13.67,13.68,13.69,13.7,13.71,13.72,13.73,11900,2500,24400,8600,5300,9800,15600,23000,34800,57900,700,78400,6300,13800,15800,10300,47800,16700,8400,37700
6727.0,13.63,11514500,155813164.0,13.63,13.62,13.61,13.6,13.59,13.58,13.57,13.56,13.55,13.54,13.64,13.65,13.66,13.67,13.68,13.69,13.7,13.71,13.72,13.73,11200,2500,24400,8600,5300,9800,15600,23000,34800,57900,700,78400,6300,13800,15800,10300,47800,16700,8400,37700
6728.0,13.63,11514500,155813164.0,13.63,13.62,13.61,13.6,13.59,13.58,13.57,13.56,13.55,13.54,13.64,13.65,13.66,13.67,13.68,13.69,13.7,13.71,13.72,13.73,11200,2900,24400,8600,5300,9800,15600,23000,34800,57900,700,78400,6300,13800,15800,10300,47800,16700,8400,37700
6729.0,13.63,11515200,155822705.0,13.63,13.62,13.61,13.6,13.59,13.58,13.57,13.56,13.55,13.54,13.64,13.65,13.66,13.67,13.68,13.69,13.7,13.71,13.72,13.73,10500,2900,24400,8600,5300,9800,15600,23000,34800,57900,700,78400,6300,13800,15800,10300,47800,16700,8400,37700
6730.0,13.63,11515200,155822705.0,13.63,13.62,13.61,13.6,13.59,13.58,13.57,13.56,13.55,13.54,13.64,13.65,13.66,13.67,13.68,13.69,13.7,13.71,13.72,13.73,10500,2900,24400,8600,5300,9800,15600,23000,34800,57900,700,78400,6300,13800,15800,10300,47800,16700,8400,37700
6731.0,13.63,11515200,155822705.0,13.63,13.62,13.61,13.6,13.59,13.58,13.57,13.56,13.55,13.54,13.64,13.65,13.66,13.67,13.68,13.69,13.7,13.71,13.72,13.73,10700,2900,24400,8600,5300,9800,15600,23000,34800,57900,700,78400,6300,13800,15800,10300,47800,16700,8400,37700
6732.0,13.63,11515900,155832246.0,13.63,13.62,13.61,13.6,13.59,13.58,13.57,13.56,13.55,13.54,13.64,13.65,13.66,13.67,13.68,13.69,13.7,13.71,13.72,13.73,10000,2900,24400,8600,5300,9800,15600,23000,34800,57900,2000,78400,6300,13800,15800,10300,47800,16700,8400,37700
6733.0,13.63,11521700,155911300.0,13.63,13.62,13.61,13.6,13.59,13.58,13.57,13.56,13.55,13.54,13.64,13.65,13.66,13.67,13.68,13.69,13.7,13.71,13.72,13.73,4200,2900,24400,8600,5300,9800,15600,23000,34800,57900,3500,78400,6300,13800,15800,10300,48800,16700,8400,37700
6734.0,13.63,11521700,155911300.0,13.63,13.62,13.61,13.6,13.59,13.58,13.57,13.56,13.55,13.54,13.64,13.65,13.66,13.67,13.68,13.69,13.7,13.71,13.72,13.73,4200,2900,24400,8600,5300,9800,15600,23000,34800,57900,8800,78400,6300,13800,15800,10300,48800,16700,8400,37700
6735.0,13.63,11522100,155916752.0,13.63,13.62,13.61,13.6,13.59,13.58,13.57,13.56,13.55,13.54,13.64,13.65,13.66,13.67,13.68,13.69,13.7,13.71,13.72,13.73,3800,2900,24400,8600,5300,9800,15600,23000,34800,57900,8800,78400,6300,13800,15800,10300,48800,16700,8400,37700
6736.0,13.63,11522100,155916752.0,13.63,13.62,13.61,13.6,13.59,13.58,13.57,13.56,13.55,13.54,13.64,13.65,13.66,13.67,13.68,13.69,13.7,13.71,13.72,13.73,3800,2900,24400,8600,5300,9800,15600,23000,34800,57900,8800,78400,6300,13800,15800,10300,48800,16700,8400,37700
6737.0,13.63,11522800,155926293.0,13.63,13.62,13.61,13.6,13.59,13.58,13.57,13.56,13.55,13.54,13.64,13.65,13.66,13.67,13.68,13.69,13.7,13.71,13.72,13.73,3100,2900,24400,8600,5300,9800,15600,23000,34800,57900,9100,78400,6300,13800,15800,10300,48800,16700,8400,37700
6738.0,13.64,11523200,155931746.0,13.63,13.62,13.61,13.6,13.59,13.58,13.57,13.56,13.55,13.54,13.64,13.65,13.66,13.67,13.68,13.69,13.7,13.71,13.72,13.73,2800,2900,24400,8600,5300,9800,15600,23000,34800,57900,9000,78400,6300,13800,15800,10300,48800,16700,8400,37700
6739.0,13.63,11525000,155956280.0,13.63,13.62,13.61,13.6,13.59,13.58,13.57,13.56,13.55,13.54,13.64,13.65,13.66,13.67,13.68,13.69,13.7,13.71,13.72,13.73,1000,2900,24400,8600,5300,9800,15600,23000,34800,57900,9000,78400,6300,13800,15800,10300,48800,16700,8400,37700
6740.0,13.63,11525800,155967184.0,13.62,13.61,13.6,13.59,13.58,13.57,13.56,13.55,13.54,13.53,13.63,13.64,13.65,13.66,13.67,13.68,13.69,13.7,13.71,13.72,2900,24400,8600,5300,9800,15600,23000,34800,57900,23700,2200,6100,78400,6300,13800,15800,10300,48800,16700,8400
6741.0,13.62,11526000,155969908.0,13.62,13.61,13.6,13.59,13.58,13.57,13.56,13.55,13.54,13.53,13.63,13.64,13.65,13.66,13.67,13.68,13.69,13.7,13.71,13.72,2700,24400,8600,5300,9800,15600,23000,34800,57900,23700,2200,6100,78400,6300,13800,15800,10300,48800,16700,8400
6742.0,13.62,11526000,155969908.0,13.62,13.61,13.6,13.59,13.58,13.57,13.56,13.55,13.54,13.53,13.63,13.64,13.65,13.66,13.67,13.68,13.69,13.7,13.71,13.72,2700,24400,8600,5300,9800,15600,23000,34800,57900,23700,2200,6100,78400,6300,13800,15800,10300,48800,16700,8400
6743.0,13.62,11526000,155969908.0,13.62,13.61,13.6,13.59,13.58,13.57,13.56,13.55,13.54,13.53,13.63,13.64,13.65,13.66,13.67,13.68,13.69,13.7,13.71,13.72,2700,24400,8600,5300,9800,15600,23000,34800,57900,23700,2200,6100,78400,6300,13800,15800,10300,48800,16700,8400
6744.0,13.62,11526200,155972632.0,13.62,13.61,13.6,13.59,13.58,13.57,13.56,13.55,13.54,13.53,13.63,13.64,13.65,13.66,13.67,13.68,13.69,13.7,13.71,13.72,2500,24400,8600,5300,9800,15600,23000,34800,57900,23700,2200,6100,78400,6300,13800,15800,10300,48800,16700,8400
6745.0,13.62,11526200,155972632.0,13.62,13.61,13.6,13.59,13.58,13.57,13.56,13.55,13.54,13.53,13.63,13.64,13.65,13.66,13.67,13.68,13.69,13.7,13.71,13.72,2500,24400,8600,5300,9800,15600,23000,34800,57900,23700,2400,6100,78400,6300,13800,15800,10300,48800,16700,8400
6746.0,13.62,11527400,155988976.0,13.62,13.61,13.6,13.59,13.58,13.57,13.56,13.55,13.54,13.53,13.63,13.64,13.65,13.66,13.67,13.68,13.69,13.7,13.71,13.72,1300,24400,8600,5300,9800,15600,23000,34800,57900,23700,10400,6100,78400,6300,13800,15800,10300,48800,16700,8400
6747.0,13.62,11527500,155990338.0,13.62,13.61,13.6,13.59,13.58,13.57,13.56,13.55,13.54,13.53,13.63,13.64,13.65,13.66,13.67,13.68,13.69,13.7,13.71,13.72,1200,24400,8600,5300,9800,15600,23000,34800,57900,23700,10400,6100,78400,6300,13800,15800,10300,48800,16700,8400
6748.0,13.63,11527900,155995788.0,13.62,13.61,13.6,13.59,13.58,13.57,13.56,13.55,13.54,13.53,13.63,13.64,13.65,13.66,13.67,13.68,13.69,13.7,13.71,13.72,1000,24400,8600,5300,9800,15600,23000,34800,57900,23700,10200,6100,78400,6300,13800,15800,10300,48800,16700,8400
6749.0,13.63,11527900,155995788.0,13.62,13.61,13.6,13.59,13.58,13.57,13.56,13.55,13.54,13.53,13.63,13.64,13.65,13.66,13.67,13.68,13.69,13.7,13.71,13.72,1000,24400,8600,5300,9800,15600,23000,34800,57900,23700,10200,6100,78400,6300,13800,15800,10300,48800,16700,8400
6750.0,13.62,11528000,155997150.0,13.62,13.61,13.6,13.59,13.58,13.57,13.56,13.55,13.54,13.53,13.63,13.64,13.65,13.66,13.67,13.68,13.69,13.7,13.71,13.72,900,24400,8600,5300,9800,15600,22200,34800,57900,23700,10200,8100,78400,6300,13800,15800,10300,48800,16700,8400
6751.0,13.62,11528000,155997150.0,13.62,13.61,13.6,13.59,13.58,13.57,13.56,13.55,13.54,13.53,13.63,13.64,13.65,13.66,13.67,13.68,13.69,13.7,13.71,13.72,900,24400,8600,5300,9800,15600,22200,34800,57900,23700,10200,8100,78400,6300,13800,15800,10300,48800,16700,8400
6752.0,13.62,11528000,155997150.0,13.62,13.61,13.6,13.59,13.58,13.57,13.56,13.55,13.54,13.53,13.63,13.64,13.65,13.66,13.67,13.68,13.69,13.7,13.71,13.72,900,24400,8600,5300,9800,15600,22200,34800,57900,23700,10200,8100,78400,6300,13800,15800,10300,48800,16700,8400
6753.0,13.62,11528000,155997150.0,13.62,13.61,13.6,13.59,13.58,13.57,13.56,13.55,13.54,13.53,13.63,13.64,13.65,13.66,13.67,13.68,13.69,13.7,13.71,13.72,900,24400,8600,5300,9800,15600,22200,34800,57900,23700,10200,8100,78400,6300,13800,15800,10300,48800,16700,8400
6754.0,13.62,11528000,155997150.0,13.62,13.61,13.6,13.59,13.58,13.57,13.56,13.55,13.54,13.53,13.63,13.64,13.65,13.66,13.67,13.68,13.69,13.7,13.71,13.72,900,24400,8600,5300,9800,15600,22200,34800,57900,23700,10200,8100,78400,6300,13800,15800,10300,48800,16700,8400
6755.0,13.63,11528300,156001239.0,13.62,13.61,13.6,13.59,13.58,13.57,13.56,13.55,13.54,13.53,13.63,13.64,13.65,13.66,13.67,13.68,13.69,13.7,13.71,13.72,900,24400,8600,5300,9800,15600,22200,34800,57900,23700,14200,6900,78400,6300,13800,15800,10300,48800,16700,8400
6756.0,13.63,11528300,156001239.0,13.62,13.61,13.6,13.59,13.58,13.57,13.56,13.55,13.54,13.53,13.63,13.64,13.65,13.66,13.67,13.68,13.69,13.7,13.71,13.72,900,24400,8600,5300,9800,15600,22200,34800,57900,23700,14200,6900,78400,6300,13800,15800,10300,48800,6700,8400
6757.0,13.62,11529200,156013497.0,13.61,13.6,13.59,13.58,13.57,13.56,13.55,13.54,13.53,13.52,13.62,13.63,13.64,13.65,13.66,13.67,13.68,13.69,13.7,13.71,24400,8600,5300,9800,15600,22200,34800,57900,23700,22100,700,17800,6900,78400,6300,13800,15800,10300,48800,6700
6758.0,13.62,11529500,156017583.0,13.61,13.6,13.59,13.58,13.57,13.56,13.55,13.54,13.53,13.52,13.62,13.63,13.64,13.65,13.66,13.67,13.68,13.69,13.7,13.71,25300,8600,5300,9800,15600,22200,34800,57900,23700,22100,1300,22900,6900,78400,6300,13800,15800,10300,48800,6300
6759.0,13.61,11531600,156046164.0,13.61,13.6,13.59,13.58,13.57,13.56,13.55,13.54,13.53,13.52,13.62,13.63,13.64,13.65,13.66,13.67,13.68,13.69,13.7,13.71,23200,8600,5300,9800,15600,22200,34800,57900,23700,22100,1300,23500,6900,78400,6300,13800,15800,10300,48800,6300
6760.0,13.61,11532300,156055691.0,13.61,13.6,13.59,13.58,13.57,13.56,13.55,13.54,13.53,13.52,13.62,13.63,13.64,13.65,13.66,13.67,13.68,13.69,13.7,13.71,4400,8600,5300,9800,15600,22200,34800,57900,23700,22100,1300,23500,6900,78400,6300,13800,15800,10300,48800,6300
6761.0,13.61,11532300,156055691.0,13.61,13.6,13.59,13.58,13.57,13.56,13.55,13.54,13.53,13.52,13.62,13.63,13.64,13.65,13.66,13.67,13.68,13.69,13.7,13.71,5300,8600,5300,9800,15600,22200,34800,57900,23700,22100,2200,23500,6900,78400,6300,13800,15800,10300,48800,6300
6762.0,13.61,11532800,156062496.0,13.61,13.6,13.59,13.58,13.57,13.56,13.55,13.54,13.53,13.52,13.62,13.63,13.64,13.65,13.66,13.67,13.68,13.69,13.7,13.71,4800,8600,5300,9800,15600,22200,34800,57900,23700,22100,2200,23500,6900,78400,6300,13800,15800,10300,48800,6300
6763.0,13.61,11532800,156062496.0,13.61,13.6,13.59,13.58,13.57,13.56,13.55,13.54,13.53,13.52,13.62,13.63,13.64,13.65,13.66,13.67,13.68,13.69,13.7,13.71,5700,8600,5300,9800,15600,23200,34800,57900,23700,22100,3100,22900,6900,78400,6300,13800,15800,10300,48800,6300
6764.0,13.61,11532800,156062496.0,13.61,13.6,13.59,13.58,13.57,13.56,13.55,13.54,13.53,13.52,13.62,13.63,13.64,13.65,13.66,13.67,13.68,13.69,13.7,13.71,5900,8600,5300,9800,15600,23200,34800,57900,23700,22100,3300,22900,6900,78400,6300,13800,15800,10300,48800,6300
6765.0,13.61,11533300,156069301.0,13.61,13.6,13.59,13.58,13.57,13.56,13.55,13.54,13.53,13.52,13.62,13.63,13.64,13.65,13.66,13.67,13.68,13.69,13.7,13.71,6200,8600,5300,9800,15600,23200,34800,57900,23700,22100,4100,22900,6900,78400,6300,13800,15800,10300,48800,6300
6766.0,13.61,11533900,156077467.0,13.61,13.6,13.59,13.58,13.57,13.56,13.55,13.54,13.53,13.52,13.62,13.63,13.64,13.65,13.66,13.67,13.68,13.69,13.7,13.71,5800,8600,5300,9800,15600,23200,34800,57900,23700,22100,4300,22900,6900,78400,6300,13800,15800,10300,48800,6300
6767.0,13.61,11534400,156084272.0,13.61,13.6,13.59,13.58,13.57,13.56,13.55,13.54,13.53,13.52,13.62,13.63,13.64,13.65,13.66,13.67,13.68,13.69,13.7,13.71,5300,8600,5300,9800,15600,23200,34800,57900,23700,22100,5400,22900,6900,78400,6300,13800,15800,10300,48800,6300
6768.0,13.62,11535200,156095163.0,13.61,13.6,13.59,13.58,13.57,13.56,13.55,13.54,13.53,13.52,13.62,13.63,13.64,13.65,13.66,13.67,13.68,13.69,13.7,13.71,5600,8600,5300,9800,15600,23200,34800,57900,23700,22100,6100,22900,6900,78400,6300,13800,15800,10300,48800,6300
6769.0,13.62,11535200,156095163.0,13.61,13.6,13.59,13.58,13.57,13.56,13.55,13.54,13.53,13.52,13.62,13.63,13.64,13.65,13.66,13.67,13.68,13.69,13.7,13.71,5800,8600,5300,9800,15600,23200,34800,57900,23700,22100,6100,22900,6900,78400,6300,13800,15800,10300,48800,6300
6770.0,13.61,11536300,156110134.0,13.61,13.6,13.59,13.58,13.57,13.56,13.55,13.54,13.53,13.52,13.62,13.63,13.64,13.65,13.66,13.67,13.68,13.69,13.7,13.71,5500,8600,5300,9800,15600,23200,34800,57900,23700,22100,6900,22900,6900,78400,6300,13800,15800,10300,48800,6300
6771.0,13.61,11536800,156116939.0,13.61,13.6,13.59,13.58,13.57,13.56,13.55,13.54,13.53,13.52,13.62,13.63,13.64,13.65,13.66,13.67,13.68,13.69,13.7,13.71,5200,8600,5300,9800,15600,23200,34800,57900,23700,22100,7100,22900,6900,78400,6300,13800,15800,10300,48800,6300
6772.0,13.62,11537600,156127835.0,13.61,13.6,13.59,13.58,13.57,13.56,13.55,13.54,13.53,13.52,13.62,13.63,13.64,13.65,13.66,13.67,13.68,13.69,13.7,13.71,5200,8600,5300,9800,15600,23200,34800,57900,23700,22100,6300,22900,6900,78400,6300,13800,15800,10300,48800,6300
6773.0,13.61,11538700,156142806.0,13.61,13.6,13.59,13.58,13.57,13.56,13.55,13.54,13.53,13.52,13.62,13.63,13.64,13.65,13.66,13.67,13.68,13.69,13.7,13.71,5100,8600,5300,9800,15600,23200,34800,57900,22700,22100,7300,22900,6900,78400,6300,13800,15800,10300,48800,6300
6774.0,13.61,11539200,156149611.0,13.61,13.6,13.59,13.58,13.57,13.56,13.55,13.54,13.53,13.52,13.62,13.63,13.64,13.65,13.66,13.67,13.68,13.69,13.7,13.71,4600,8600,5300,9800,15600,23200,34800,57900,22700,22100,7300,22900,6900,78400,6300,13800,15800,10300,48800,6300
6775.0,13.61,11539700,156156416.0,13.61,13.6,13.59,13.58,13.57,13.56,13.55,13.54,13.53,13.52,13.62,13.63,13.64,13.65,13.66,13.67,13.68,13.69,13.7,13.71,4900,8600,5300,9800,15600,23200,34800,57900,22700,22100,8100,19900,4900,78400,6300,13800,15800,10300,48800,6300
6776.0,13.61,11540100,156161860.0,13.61,13.6,13.59,13.58,13.57,13.56,13.55,13.54,13.53,13.52,13.62,13.63,13.64,13.65,13.66,13.67,13.68,13.69,13.7,13.71,5700,8600,5300,9800,15600,23200,34800,57900,22700,22100,8300,19900,4700,78400,6300,13800,15800,10300,48800,6300
6777.0,13.61,11540100,156161860.0,13.61,13.6,13.59,13.58,13.57,13.56,13.55,13.54,13.53,13.52,13.62,13.63,13.64,13.65,13.66,13.67,13.68,13.69,13.7,13.71,6200,8600,5300,9800,15600,23200,34800,57900,22700,22100,9100,19900,4700,78400,6300,13800,15800,10300,48800,6300
6778.0,13.61,11540100,156161860.0,13.61,13.6,13.59,13.58,13.57,13.56,13.55,13.54,13.53,13.52,13.62,13.63,13.64,13.65,13.66,13.67,13.68,13.69,13.7,13.71,6700,8600,5300,9800,15600,23200,34800,57900,22700,22100,9300,19900,4700,78400,6300,13800,15800,10300,48800,6300
6779.0,13.61,11540700,156170026.0,13.61,13.6,13.59,13.58,13.57,13.56,13.55,13.54,13.53,13.52,13.62,13.63,13.64,13.65,13.66,13.67,13.68,13.69,13.7,13.71,6100,8600,5300,9800,15600,23200,34800,57900,22700,22100,9300,19900,4700,78400,6300,13800,15800,10300,48800,6300
6780.0,13.62,11540800,156171388.0,13.61,13.6,13.59,13.58,13.57,13.56,13.55,13.54,13.53,13.52,13.62,13.63,13.64,13.65,13.66,13.67,13.68,13.69,13.7,13.71,6900,8600,5300,9800,15600,23200,34800,57900,22700,22100,10000,19900,4700,78400,6300,13800,15800,10300,48800,6300
6781.0,13.61,11542800,156198608.0,13.61,13.6,13.59,13.58,13.57,13.56,13.55,13.54,13.53,13.52,13.62,13.63,13.64,13.65,13.66,13.67,13.68,13.69,13.7,13.71,5100,8600,5300,9800,15600,23200,34800,57900,22700,22100,10200,19900,4700,78400,6300,13800,15800,10300,48800,6300
6782.0,13.61,11543300,156205413.0,13.61,13.6,13.59,13.58,13.57,13.56,13.55,13.54,13.53,13.52,13.62,13.63,13.64,13.65,13.66,13.67,13.68,13.69,13.7,13.71,4600,8600,5300,9800,15600,23200,34800,57900,22700,22100,12000,19900,4700,78400,6300,13800,15800,10300,48800,6300
6783.0,13.61,11543300,156205413.0,13.61,13.6,13.59,13.58,13.57,13.56,13.55,13.54,13.53,13.52,13.62,13.63,13.64,13.65,13.66,13.67,13.68,13.69,13.7,13.71,4900,8600,5300,9800,15600,23200,34800,57900,22700,22100,12300,19900,4700,78400,6300,13800,15800,10300,48800,6300
6784.0,13.62,11557500,156398817.0,13.62,13.61,13.6,13.59,13.58,13.57,13.56,13.55,13.54,13.53,13.63,13.64,13.65,13.66,13.67,13.68,13.69,13.7,13.71,13.72,3300,5100,8600,5300,9800,15600,23200,34800,57900,22700,19900,4700,77700,6300,13800,15800,10300,48800,6300,8400
6785.0,13.62,11557800,156402903.0,13.62,13.61,13.6,13.59,13.58,13.57,13.56,13.55,13.54,13.53,13.63,13.64,13.65,13.66,13.67,13.68,13.69,13.7,13.71,13.72,3000,5100,8600,5300,9800,15600,23200,34800,57900,22700,19900,4700,77700,6300,13800,15800,10300,48800,6300,8400
6786.0,13.62,11560800,156443763.0,13.61,13.6,13.59,13.58,13.57,13.56,13.55,13.54,13.53,13.52,13.62,13.63,13.64,13.65,13.66,13.67,13.68,13.69,13.7,13.71,5100,8600,5300,9800,15600,23200,34800,57900,22700,22100,200,19900,4700,77700,6300,13800,15800,10300,48800,6300
6787.0,13.62,11560800,156443763.0,13.61,13.6,13.59,13.58,13.57,13.56,13.55,13.54,13.53,13.52,13.62,13.63,13.64,13.65,13.66,13.67,13.68,13.69,13.7,13.71,5100,8600,5300,9800,15600,23200,34800,57900,22700,22100,2200,19900,4700,77700,6300,13800,15800,10300,48800,6300
6788.0,13.62,11561500,156453292.0,13.61,13.6,13.59,13.58,13.57,13.56,13.55,13.54,13.53,13.52,13.62,13.63,13.64,13.65,13.66,13.67,13.68,13.69,13.7,13.71,5000,8600,5300,9800,15600,23200,34800,58100,22700,22100,2400,19900,4700,77700,6300,13800,15800,10300,48800,6300
6789.0,13.62,11561500,156453292.0,13.61,13.6,13.59,13.58,13.57,13.56,13.55,13.54,13.53,13.52,13.62,13.63,13.64,13.65,13.66,13.67,13.68,13.69,13.7,13.71,5200,8600,5300,9800,15600,23200,34800,58100,22700,22100,2600,19900,4700,77700,6300,13800,15800,10300,48800,6300
6790.0,13.62,11561500,156453292.0,13.61,13.6,13.59,13.58,13.57,13.56,13.55,13.54,13.53,13.52,13.62,13.63,13.64,13.65,13.66,13.67,13.68,13.69,13.7,13.71,5500,8600,5300,9800,15600,23200,34800,58100,22700,22100,2900,19900,4700,77700,6300,13800,15800,10300,48800,6300
6791.0,13.61,11561900,156458736.0,13.61,13.6,13.59,13.58,13.57,13.56,13.55,13.54,13.53,13.52,13.62,13.63,13.64,13.65,13.66,13.67,13.68,13.69,13.7,13.71,5300,8600,5300,9800,15600,23200,34800,58100,22700,22100,3100,19900,4700,77700,6300,13800,15800,10300,48800,6300
6792.0,13.62,11564600,156495500.0,13.61,13.6,13.59,13.58,13.57,13.56,13.55,13.54,13.53,13.52,13.62,13.63,13.64,13.65,13.66,13.67,13.68,13.69,13.7,13.71,7400,8600,5300,9800,15600,23200,34800,58100,22700,22100,1400,19900,4700,77700,6300,13800,15800,10300,48800,6300
6793.0,13.62,11564600,156495500.0,13.61,13.6,13.59,13.58,13.57,13.56,13.55,13.54,13.53,13.52,13.62,13.63,13.64,13.65,13.66,13.67,13.68,13.69,13.7,13.71,7800,8600,5300,9800,15600,23200,34800,58100,22700,22100,1800,19900,4700,77700,6300,13800,15800,10300,48800,6300
6794.0,13.62,11564600,156495500.0,13.61,13.6,13.59,13.58,13.57,13.56,13.55,13.54,13.53,13.52,13.62,13.63,13.64,13.65,13.66,13.67,13.68,13.69,13.7,13.71,8000,8600,5300,9800,15600,23200,34800,58100,22700,22100,2000,19900,5400,77700,6300,13800,15800,10300,48800,6300
6795.0,13.62,11564600,156495500.0,13.61,13.6,13.59,13.58,13.57,13.56,13.55,13.54,13.53,13.52,13.62,13.63,13.64,13.65,13.66,13.67,13.68,13.69,13.7,13.71,8300,8600,5300,9800,15600,23200,34800,58100,22700,22100,2300,19900,5400,78100,6300,13800,15800,10300,48800,6300
6796.0,13.62,11566200,156517285.0,13.61,13.6,13.59,13.58,13.57,13.56,13.55,13.54,13.53,13.52,13.62,13.63,13.64,13.65,13.66,13.67,13.68,13.69,13.7,13.71,7600,8600,5300,9800,15600,23200,34800,58100,22700,22100,1400,19900,5400,78100,6300,13800,15800,10300,48800,6300
6797.0,13.62,11566200,156517285.0,13.61,13.6,13.59,13.58,13.57,13.56,13.55,13.54,13.53,13.52,13.62,13.63,13.64,13.65,13.66,13.67,13.68,13.69,13.7,13.71,8100,8600,5300,9800,15600,23200,34800,58100,22700,22100,1900,19900,5400,78100,6300,13800,15800,10300,47800,6300
6798.0,13.62,11566200,156517285.0,13.61,13.6,13.59,13.58,13.57,13.56,13.55,13.54,13.53,13.52,13.62,13.63,13.64,13.65,13.66,13.67,13.68,13.69,13.7,13.71,8100,8600,5300,9800,15600,23200,34800,58100,22700,22100,1900,19900,5400,78100,6300,13800,15800,10300,47800,6300
6799.0,13.62,11566200,156517285.0,13.61,13.6,13.59,13.58,13.57,13.56,13.55,13.54,13.53,13.52,13.62,13.63,13.64,13.65,13.66,13.67,13.68,13.69,13.7,13.71,8300,8600,5300,9800,15600,23200,34800,58100,22700,22100,2100,19900,5400,78100,6300,13800,15800,10300,47800,6300
6800.0,13.62,11566400,156520009.0,13.61,13.6,13.59,13.58,13.57,13.56,13.55,13.54,13.53,13.52,13.62,13.63,13.64,13.65,13.66,13.67,13.68,13.69,13.7,13.71,8300,8600,5300,9800,15600,23200,34800,58100,22700,22100,5900,19900,5400,78100,6300,13800,15800,10300,47800,6300
6801.0,13.62,11566600,156522733.0,13.61,13.6,13.59,13.58,13.57,13.56,13.55,13.54,13.53,13.52,13.62,13.63,13.64,13.65,13.66,13.67,13.68,13.69,13.7,13.71,8300,8600,5300,9800,15600,23200,34800,58100,22700,22100,21600,19900,5400,78100,6300,13800,15800,10300,47800,6300
6802.0,13.62,11567700,156537715.0,13.61,13.6,13.59,13.58,13.57,13.56,13.55,13.54,13.53,13.52,13.62,13.63,13.64,13.65,13.66,13.67,13.68,13.69,13.7,13.71,8500,8600,5300,9800,15600,23200,34100,58100,22700,22100,20700,19900,5400,78100,6300,13800,15800,10300,47800,6300
6803.0,13.62,11577700,156673894.0,13.61,13.6,13.59,13.58,13.57,13.56,13.55,13.54,13.53,13.52,13.62,13.63,13.64,13.65,13.66,13.67,13.68,13.69,13.7,13.71,6400,11100,5300,9800,15600,23200,34100,58100,22700,22100,12800,19900,5400,78100,6300,13800,15800,10300,47800,6300
6804.0,13.62,11577700,156673894.0,13.61,13.6,13.59,13.58,13.57,13.56,13.55,13.54,13.53,13.52,13.62,13.63,13.64,13.65,13.66,13.67,13.68,13.69,13.7,13.71,6700,11100,5300,9800,15600,23200,34100,58100,22700,22100,13100,19900,5400,78100,6300,13800,15800,10300,47800,6300
6805.0,13.62,11577700,156673894.0,13.61,13.6,13.59,13.58,13.57,13.56,13.55,13.54,13.53,13.52,13.62,13.63,13.64,13.65,13.66,13.67,13.68,13.69,13.7,13.71,6700,11100,5300,9800,15600,23200,34100,58100,22700,22100,13100,19900,5400,78100,6300,13800,15800,10300,47800,6300
6806.0,13.62,11577700,156673894.0,13.61,13.6,13.59,13.58,13.57,13.56,13.55,13.54,13.53,13.52,13.62,13.63,13.64,13.65,13.66,13.67,13.68,13.69,13.7,13.71,6700,11100,5300,9800,15600,23200,34100,58100,22700,22100,13100,19900,6400,78100,6300,13800,15800,10300,47800,6300
6807.0,13.62,11578600,156686152.0,13.61,13.6,13.59,13.58,13.57,13.56,13.55,13.54,13.53,13.52,13.62,13.63,13.64,13.65,13.66,13.67,13.68,13.69,13.7,13.71,6900,11100,5300,9800,15600,23200,34100,58100,22700,22100,12600,19900,6400,78100,6300,13800,15800,10300,47800,6300
6808.0,13.62,11578600,156686152.0,13.61,13.6,13.59,13.58,13.57,13.56,13.55,13.54,13.53,13.52,13.62,13.63,13.64,13.65,13.66,13.67,13.68,13.69,13.7,13.71,7100,11100,5300,9800,15600,23200,34100,58100,22700,22100,12600,19900,6400,78100,6300,13800,15800,10300,47800,6300
6809.0,13.62,11578600,156686152.0,13.61,13.6,13.59,13.58,13.57,13.56,13.55,13.54,13.53,13.52,13.62,13.63,13.64,13.65,13.66,13.67,13.68,13.69,13.7,13.71,7100,11100,5300,9800,15600,23200,34100,58100,22700,22100,12600,19900,6400,78100,6300,13800,15800,10300,47800,6300
6810.0,13.61,11579300,156695679.0,13.61,13.6,13.59,13.58,13.57,13.56,13.55,13.54,13.53,13.52,13.62,13.63,13.64,13.65,13.66,13.67,13.68,13.69,13.7,13.71,6600,11100,5300,9800,15600,23200,34100,58100,22700,22100,12800,19900,6400,78100,6300,13800,15800,10300,47800,6300
6811.0,13.62,11581000,156718833.0,13.61,13.6,13.59,13.58,13.57,13.56,13.55,13.54,13.53,13.52,13.62,13.63,13.64,13.65,13.66,13.67,13.68,13.69,13.7,13.71,6600,11100,5300,9800,15600,23200,34100,58100,22700,22100,11100,19900,6400,78100,6300,13800,15800,10300,47800,6300
6812.0,13.62,11581700,156728367.0,13.61,13.6,13.59,13.58,13.57,13.56,13.55,13.54,13.53,13.52,13.62,13.63,13.64,13.65,13.66,13.67,13.68,13.69,13.7,13.71,6800,11100,5300,9800,15600,23200,34100,58100,22700,22100,10600,19900,6400,78100,6300,13800,15800,10300,47800,6300
6813.0,13.62,11581800,156729729.0,13.61,13.6,13.59,13.58,13.57,13.56,13.55,13.54,13.53,13.52,13.62,13.63,13.64,13.65,13.66,13.67,13.68,13.69,13.7,13.71,6800,11100,5300,9800,15600,23200,34100,58100,22700,22100,10500,19900,6400,78100,6300,13800,15800,10300,47800,6300
6814.0,13.62,11581800,156729729.0,13.61,13.6,13.59,13.58,13.57,13.56,13.55,13.54,13.53,13.52,13.62,13.63,13.64,13.65,13.66,13.67,13.68,13.69,13.7,13.71,6900,11100,5300,9800,15600,23200,34100,58100,22700,22100,10500,19900,6400,78100,6300,13800,15800,10300,47800,6300
6815.0,13.62,11583500,156752870.0,13.61,13.6,13.59,13.58,13.57,13.56,13.55,13.54,13.53,13.52,13.62,13.63,13.64,13.65,13.66,13.67,13.68,13.69,13.7,13.71,5800,11100,5300,9800,11600,23200,34100,58100,22700,22100,10300,19900,6400,78100,6300,13800,15800,10300,47800,6300
6816.0,13.62,11583600,156754232.0,13.61,13.6,13.59,13.58,13.57,13.56,13.55,13.54,13.53,13.52,13.62,13.63,13.64,13.65,13.66,13.67,13.68,13.69,13.7,13.71,5800,11100,5300,9800,11600,23200,34100,58100,22700,22100,10200,19900,6400,78100,6300,13800,15800,10300,47800,6300
6817.0,13.61,11584100,156761037.0,13.61,13.6,13.59,13.58,13.57,13.56,13.55,13.54,13.53,13.52,13.62,13.63,13.64,13.65,13.66,13.67,13.68,13.69,13.7,13.71,5300,11100,5300,9800,11600,23200,34100,58100,22700,22100,10300,19900,6400,78100,6300,13800,15800,10300,47800,6300
6818.0,13.62,11584800,156770571.0,13.61,13.6,13.59,13.58,13.57,13.56,13.55,13.54,13.53,13.52,13.62,13.63,13.64,13.65,13.66,13.67,13.68,13.69,13.7,13.71,5500,11100,5300,9800,11600,23200,34100,58100,22700,22100,9800,19900,6400,78100,6300,13800,15800,10300,47800,6300
6819.0,13.62,11585300,156777381.0,13.61,13.6,13.59,13.58,13.57,13.56,13.55,13.54,13.53,13.52,13.62,13.63,13.64,13.65,13.66,13.67,13.68,13.69,13.7,13.71,5500,11100,5300,9800,11600,23200,34100,58100,22700,22100,11600,19900,6400,78100,6300,13800,15800,10300,47800,6300
6820.0,13.62,11585300,156777381.0,13.61,13.6,13.59,13.58,13.57,13.56,13.55,13.54,13.53,13.52,13.62,13.63,13.64,13.65,13.66,13.67,13.68,13.69,13.7,13.71,5700,11100,5300,9800,11600,23200,34100,58100,22700,22100,11800,19900,6400,78100,6300,13800,15800,10300,47800,6300
6821.0,13.62,11585300,156777381.0,13.61,13.6,13.59,13.58,13.57,13.56,13.55,13.54,13.53,13.52,13.62,13.63,13.64,13.65,13.66,13.67,13.68,13.69,13.7,13.71,5700,11100,5300,9800,11600,23200,34100,58100,22700,22100,11800,19900,7000,78100,6300,13800,15800,10300,47800,6300
6822.0,13.62,11586100,156788277.0,13.61,13.6,13.59,13.58,13.57,13.56,13.55,13.54,13.53,13.52,13.62,13.63,13.64,13.65,13.66,13.67,13.68,13.69,13.7,13.71,5900,11100,5300,9800,11600,23200,34100,58100,22700,22100,11200,19900,7000,78100,6300,13800,15800,10300,47800,6300
6823.0,13.62,11586100,156788277.0,13.61,13.6,13.59,13.58,13.57,13.56,13.55,13.54,13.53,13.52,13.62,13.63,13.64,13.65,13.66,13.67,13.68,13.69,13.7,13.71,5900,11100,5300,9800,11600,23200,34100,58100,22700,22100,11200,19900,7000,78100,6300,13800,15800,10300,47800,6300
6824.0,13.62,11586700,156796444.0,13.61,13.6,13.59,13.58,13.57,13.56,13.55,13.54,13.53,13.52,13.62,13.63,13.64,13.65,13.66,13.67,13.68,13.69,13.7,13.71,5400,11100,5300,9800,11600,23200,34100,58100,22700,22100,11100,19900,7000,78100,6300,13800,15800,10300,47800,6300
6825.0,13.62,11587400,156805978.0,13.61,13.6,13.59,13.58,13.57,13.56,13.55,13.54,13.53,13.52,13.62,13.63,13.64,13.65,13.66,13.67,13.68,13.69,13.7,13.71,5600,11100,5300,9800,11600,23200,34100,58100,22700,22100,10600,19900,7000,78100,6300,13800,15800,10300,47800,6300
6826.0,13.61,11588500,156820949.0,13.61,13.6,13.59,13.58,13.57,13.56,13.55,13.54,13.53,13.52,13.62,13.63,13.64,13.65,13.66,13.67,13.68,13.69,13.7,13.71,4500,11100,5300,9800,11600,23200,34100,58100,22700,22100,10600,19900,7000,78100,6300,13800,15800,10300,47800,6300
6827.0,13.61,11588500,156820949.0,13.61,13.6,13.59,13.58,13.57,13.56,13.55,13.54,13.53,13.52,13.62,13.63,13.64,13.65,13.66,13.67,13.68,13.69,13.7,13.71,4800,11100,5300,9800,11600,23200,34100,58100,22700,22100,10900,19900,7000,78100,6300,13800,15800,10300,47800,6300
6828.0,13.62,11589200,156830483.0,13.61,13.6,13.59,13.58,13.57,13.56,13.55,13.54,13.53,13.52,13.62,13.63,13.64,13.65,13.66,13.67,13.68,13.69,13.7,13.71,4800,11100,5300,9800,11600,23200,34100,58100,22700,22100,10200,14800,7000,78100,6300,13800,15800,10300,47800,6300
6829.0,13.62,11589200,156830483.0,13.61,13.6,13.59,13.58,13.57,13.56,13.55,13.54,13.53,13.52,13.62,13.63,13.64,13.65,13.66,13.67,13.68,13.69,13.7,13.71,4800,11100,5300,9800,11600,23200,34100,58100,22700,22100,10200,14800,7000,78100,6300,13800,15800,10300,47800,6300
6830.0,13.61,11591300,156859065.0,13.61,13.6,13.59,13.58,13.57,13.56,13.55,13.54,13.53,13.52,13.62,13.63,13.64,13.65,13.66,13.67,13.68,13.69,13.7,13.71,2800,11100,5300,9800,11600,23200,34100,58100,22700,22100,10100,14800,7000,78100,6300,13800,15800,10300,47800,6300
6831.0,13.62,11592200,156871321.0,13.61,13.6,13.59,13.58,13.57,13.56,13.55,13.54,13.53,13.52,13.62,13.63,13.64,13.65,13.66,13.67,13.68,13.69,13.7,13.71,2600,11100,5300,9800,11600,23200,34100,58100,22700,22100,9400,14800,7000,78100,6300,13800,15800,10300,47800,6300
6832.0,13.62,11592200,156871321.0,13.61,13.6,13.59,13.58,13.57,13.56,13.55,13.54,13.53,13.52,13.62,13.63,13.64,13.65,13.66,13.67,13.68,13.69,13.7,13.71,2600,11100,5300,9800,11600,23200,34100,58100,22700,22100,9400,14800,7000,78100,6300,13800,15800,10300,47800,6300
6833.0,13.62,11592200,156871321.0,13.61,13.6,13.59,13.58,13.57,13.56,13.55,13.54,13.53,13.52,13.62,13.63,13.64,13.65,13.66,13.67,13.68,13.69,13.7,13.71,2600,11100,5300,9800,11600,23200,34100,58100,22700,22100,9400,14800,7000,78100,6300,13800,15800,10300,47800,6300
6834.0,13.62,11592900,156880855.0,13.61,13.6,13.59,13.58,13.57,13.56,13.55,13.54,13.53,13.52,13.62,13.63,13.64,13.65,13.66,13.67,13.68,13.69,13.7,13.71,2600,11100,5300,9800,11600,23200,34100,58100,22700,22100,8700,14800,7000,78100,6300,13800,15800,10300,47800,6300
6835.0,13.62,11592900,156880855.0,13.61,13.6,13.59,13.58,13.57,13.56,13.55,13.54,13.53,13.52,13.62,13.63,13.64,13.65,13.66,13.67,13.68,13.69,13.7,13.71,2600,11100,5300,9800,11600,23200,34100,58100,22700,22100,8700,14800,7000,78100,6300,13800,15800,10300,47800,6300
6836.0,13.62,11592900,156880855.0,13.61,13.6,13.59,13.58,13.57,13.56,13.55,13.54,13.53,13.52,13.62,13.63,13.64,13.65,13.66,13.67,13.68,13.69,13.7,13.71,2600,11100,5300,9800,11600,23200,34100,58100,22700,22100,8700,14800,7000,78100,6300,13800,15800,10300,47800,6300
6837.0,13.62,11594100,156897194.0,13.61,13.6,13.59,13.58,13.57,13.56,13.55,13.54,13.53,13.52,13.62,13.63,13.64,13.65,13.66,13.67,13.68,13.69,13.7,13.71,2100,11100,5300,9800,11600,23200,34100,58100,22700,22100,8000,14800,7000,78100,6300,13800,15800,10300,47800,6300
6838.0,13.61,11594400,156901277.0,13.61,13.6,13.59,13.58,13.57,13.56,13.55,13.54,13.53,13.52,13.62,13.63,13.64,13.65,13.66,13.67,13.68,13.69,13.7,13.71,1800,11100,5300,9800,11600,23200,34100,58100,22700,22100,8000,14800,7000,78100,6300,13800,15800,10300,47800,6300
6839.0,13.62,11595100,156910811.0,13.61,13.6,13.59,13.58,13.57,13.56,13.55,13.54,13.53,13.52,13.62,13.63,13.64,13.65,13.66,13.67,13.68,13.69,13.7,13.71,1800,11100,5300,9800,11600,23200,34100,58100,22700,22100,7300,14800,7000,78100,6300,13800,15800,10300,47800,6300
6840.0,13.62,11600000,156977549.0,13.61,13.6,13.59,13.58,13.57,13.56,13.55,13.54,13.53,13.52,13.62,13.63,13.64,13.65,13.66,13.67,13.68,13.69,13.7,13.71,1800,11100,5300,9800,11600,23200,34100,58100,22700,22100,2400,14800,7000,78100,6300,13800,15800,10300,47800,6300
6841.0,13.62,11600000,156977549.0,13.61,13.6,13.59,13.58,13.57,13.56,13.55,13.54,13.53,13.52,13.62,13.63,13.64,13.65,13.66,13.67,13.68,13.69,13.7,13.71,1800,11100,5300,9800,11600,23200,34100,58100,22700,22100,2400,14800,6700,78100,6300,13800,15800,10300,47800,6300
6842.0,13.61,11601400,156996603.0,13.61,13.6,13.59,13.58,13.57,13.56,13.55,13.54,13.53,13.52,13.62,13.63,13.64,13.65,13.66,13.67,13.68,13.69,13.7,13.71,400,11100,5300,9800,11600,23200,34100,58100,22700,22100,2400,14800,6700,78100,6300,13800,15800,10300,47800,6300
6843.0,13.62,11601700,157000689.0,13.61,13.6,13.59,13.58,13.57,13.56,13.55,13.54,13.53,13.52,13.62,13.63,13.64,13.65,13.66,13.67,13.68,13.69,13.7,13.71,400,11100,5300,9800,11600,23200,34100,58100,22700,22100,2100,15100,6700,78100,6300,13800,15800,10300,47800,6300
6844.0,13.62,11601700,157000689.0,13.61,13.6,13.59,13.58,13.57,13.56,13.55,13.54,13.53,13.52,13.62,13.63,13.64,13.65,13.66,13.67,13.68,13.69,13.7,13.71,400,11100,5300,9800,11600,23200,34100,58100,22700,22100,2100,15100,6700,78100,6300,13800,15800,10300,47800,6300
6845.0,13.61,11602100,157006133.0,13.6,13.59,13.58,13.57,13.56,13.55,13.54,13.53,13.52,13.51,13.61,13.62,13.63,13.64,13.65,13.66,13.67,13.68,13.69,13.7,11100,5300,9800,11600,23200,34100,58100,22700,22100,18600,1600,2100,15100,6700,78100,6300,13800,15800,10300,47800
6846.0,13.6,11612200,157143494.0,13.6,13.59,13.58,13.57,13.56,13.55,13.54,13.53,13.52,13.51,13.61,13.62,13.63,13.64,13.65,13.66,13.67,13.68,13.69,13.7,1100,5300,9800,11600,23200,34100,58100,22700,22100,18600,1700,2100,15100,6700,78100,6300,13800,15800,10300,47800
6847.0,13.6,11612200,157143494.0,13.6,13.59,13.58,13.57,13.56,13.55,13.54,13.53,13.52,13.51,13.61,13.62,13.63,13.64,13.65,13.66,13.67,13.68,13.69,13.7,1900,5300,9800,11600,23200,34100,58100,22700,22100,18600,2500,2100,15100,8600,78100,6300,13800,15800,10300,48300
6848.0,13.6,11612500,157147574.0,13.6,13.59,13.58,13.57,13.56,13.55,13.54,13.53,13.52,13.51,13.61,13.62,13.63,13.64,13.65,13.66,13.67,13.68,13.69,13.7,1600,5300,9800,11600,23200,34100,58100,22700,22100,18600,2500,2100,15100,8600,78100,6300,13800,15800,10300,48300
6849.0,13.61,11612700,157150296.0,13.6,13.59,13.58,13.57,13.56,13.55,13.54,13.53,13.52,13.51,13.61,13.62,13.63,13.64,13.65,13.66,13.67,13.68,13.69,13.7,1900,5300,9800,11600,23200,34100,58100,22700,22100,18600,2600,2100,15100,8600,78100,6300,13800,15800,10300,48300
6850.0,13.61,11612700,157150296.0,13.6,13.59,13.58,13.57,13.56,13.55,13.54,13.53,13.52,13.51,13.61,13.62,13.63,13.64,13.65,13.66,13.67,13.68,13.69,13.7,2300,5300,9800,11600,23200,34100,58100,22700,22100,18600,3000,2100,15100,8600,78100,6800,13800,15800,10300,48300
6851.0,13.61,11612700,157150296.0,13.6,13.59,13.58,13.57,13.56,13.55,13.54,13.53,13.52,13.51,13.61,13.62,13.63,13.64,13.65,13.66,13.67,13.68,13.69,13.7,2300,5300,9800,11600,23200,34100,58100,22700,22100,18600,3000,2100,15100,8600,78100,6800,13800,15800,10300,48300
6852.0,13.61,11615000,157181597.0,13.6,13.59,13.58,13.57,13.56,13.55,13.54,13.53,13.52,13.51,13.61,13.62,13.63,13.64,13.65,13.66,13.67,13.68,13.69,13.7,2700,5300,9800,11600,23200,34100,58100,22700,22100,18600,1500,2100,15100,8600,78100,6800,13800,15800,10300,48300
6853.0,13.61,11615000,157181597.0,13.6,13.59,13.58,13.57,13.56,13.55,13.54,13.53,13.52,13.51,13.61,13.62,13.63,13.64,13.65,13.66,13.67,13.68,13.69,13.7,2700,5300,9800,11600,23200,34100,58100,22700,22100,18600,1500,2100,15100,8600,78100,6800,13800,15800,10300,48300
6854.0,13.61,11615100,157182958.0,13.6,13.59,13.58,13.57,13.56,13.55,13.54,13.53,13.52,13.51,13.61,13.62,13.63,13.64,13.65,13.66,13.67,13.68,13.69,13.7,3400,5300,9800,11600,23200,34100,58100,22700,22100,18600,5600,2100,15100,9600,78100,6800,13800,15800,10300,48300
6855.0,13.6,11616100,157196558.0,13.6,13.59,13.58,13.57,13.56,13.55,13.54,13.53,13.52,13.51,13.61,13.62,13.63,13.64,13.65,13.66,13.67,13.68,13.69,13.7,2400,5300,9800,11600,23200,34100,58100,22700,22100,18600,5600,2100,15100,9600,78100,6800,13800,15800,10300,48300
6856.0,13.6,11616100,157196558.0,13.6,13.59,13.58,13.57,13.56,13.55,13.54,13.53,13.52,13.51,13.61,13.62,13.63,13.64,13.65,13.66,13.67,13.68,13.69,13.7,2400,5300,9800,11600,23200,34100,58100,22700,22100,18600,5600,2100,15100,9600,78100,6800,13800,15800,10300,48300
6857.0,13.61,11616600,157203363.0,13.6,13.59,13.58,13.57,13.56,13.55,13.54,13.53,13.52,13.51,13.61,13.62,13.63,13.64,13.65,13.66,13.67,13.68,13.69,13.7,3000,5300,9800,11600,23200,34100,58100,22700,22100,18600,5700,2100,17100,9600,78100,6800,13800,15800,10300,48300
6858.0,13.6,11616900,157207443.0,13.6,13.59,13.58,13.57,13.56,13.55,13.54,13.53,13.52,13.51,13.61,13.62,13.63,13.64,13.65,13.66,13.67,13.68,13.69,13.7,2700,5300,9800,11600,23200,34100,58100,22700,22100,18600,5700,2100,17100,9600,78100,6800,13800,15800,10300,48300
6859.0,13.61,11617900,157221048.0,13.6,13.59,13.58,13.57,13.56,13.55,13.54,13.53,13.52,13.51,13.61,13.62,13.63,13.64,13.65,13.66,13.67,13.68,13.69,13.7,2700,5300,9800,11600,23200,34100,58100,22700,22100,18600,5700,2100,17100,9600,78100,6800,13800,15800,10300,48300
6860.0,13.61,11617900,157221048.0,13.6,13.59,13.58,13.57,13.56,13.55,13.54,13.53,13.52,13.51,13.61,13.62,13.63,13.64,13.65,13.66,13.67,13.68,13.69,13.7,2700,5300,9800,11600,23200,34100,58100,22700,22100,18600,5700,2100,17100,9600,78100,6800,13800,15800,10300,48300
6861.0,13.61,11617900,157221048.0,13.6,13.59,13.58,13.57,13.56,13.55,13.54,13.53,13.52,13.51,13.61,13.62,13.63,13.64,13.65,13.66,13.67,13.68,13.69,13.7,2700,5300,9800,11600,23200,34100,58100,22700,22100,18600,5700,2100,17100,9600,78100,5700,13800,15800,10300,48300
6862.0,13.61,11618400,157227853.0,13.6,13.59,13.58,13.57,13.56,13.55,13.54,13.53,13.52,13.51,13.61,13.62,13.63,13.64,13.65,13.66,13.67,13.68,13.69,13.7,3200,5300,9800,11600,23200,34100,58100,22700,22100,18600,5700,2100,17100,9600,78100,5700,13800,15800,10300,48300
6863.0,13.6,11621700,157272734.0,13.59,13.58,13.57,13.56,13.55,13.54,13.53,13.52,13.51,13.5,13.6,13.61,13.62,13.63,13.64,13.65,13.66,13.67,13.68,13.69,5300,9800,11600,23200,34100,58100,22700,22100,18600,38600,300,5600,2100,17100,12500,78100,5700,13800,15800,10300
6864.0,13.6,11621700,157272734.0,13.59,13.58,13.57,13.56,13.55,13.54,13.53,13.52,13.51,13.5,13.6,13.61,13.62,13.63,13.64,13.65,13.66,13.67,13.68,13.69,5600,9800,11600,23200,34100,58100,22700,22100,18600,38600,600,5600,2100,17100,12500,78100,5700,13800,15800,10300
6865.0,13.6,11622900,157289049.0,13.59,13.58,13.57,13.56,13.55,13.54,13.53,13.52,13.51,13.5,13.6,13.61,13.62,13.63,13.64,13.65,13.66,13.67,13.68,13.69,5500,9800,11600,23200,34100,58100,22700,22100,18600,38600,300,5600,2100,17100,12500,78100,5700,13800,15800,10300
6866.0,13.6,11623600,157298569.0,13.59,13.58,13.57,13.56,13.55,13.54,13.53,13.52,13.51,13.5,13.6,13.61,13.62,13.63,13.64,13.65,13.66,13.67,13.68,13.69,6200,9800,11600,23200,34100,58100,22700,22100,18600,38600,300,5600,2100,17100,12500,78100,5700,13800,15800,10300
6867.0,13.6,11623600,157298569.0,13.59,13.58,13.57,13.56,13.55,13.54,13.53,13.52,13.51,13.5,13.6,13.61,13.62,13.63,13.64,13.65,13.66,13.67,13.68,13.69,6800,9800,11600,23200,34100,58100,22700,22100,18600,38600,900,5600,2100,17100,12500,78100,5700,13800,15800,10300
6868.0,13.59,11624500,157310800.0,13.59,13.58,13.57,13.56,13.55,13.54,13.53,13.52,13.51,13.5,13.6,13.61,13.62,13.63,13.64,13.65,13.66,13.67,13.68,13.69,5900,9800,11600,23200,34100,58100,22700,22100,18600,38600,900,5600,2100,17100,12500,78100,5700,13800,15800,10300
6869.0,13.59,11624500,157310800.0,13.59,13.58,13.57,13.56,13.55,13.54,13.53,13.52,13.51,13.5,13.6,13.61,13.62,13.63,13.64,13.65,13.66,13.67,13.68,13.69,6800,9800,11600,23200,34100,58100,22700,22100,18600,38600,1800,5600,2100,17100,12500,78100,5700,13800,15800,10300
6870.0,13.59,11625900,157329827.0,13.59,13.58,13.57,13.56,13.55,13.54,13.53,13.52,13.51,13.5,13.6,13.61,13.62,13.63,13.64,13.65,13.66,13.67,13.68,13.69,5800,9800,11600,23200,34100,58100,22700,22100,18600,38600,2000,5600,2100,17100,12500,78100,5700,13800,15800,10300
6871.0,13.59,11625900,157329827.0,13.59,13.58,13.57,13.56,13.55,13.54,13.53,13.52,13.51,13.5,13.6,13.61,13.62,13.63,13.64,13.65,13.66,13.67,13.68,13.69,6400,9800,11600,23200,34100,58100,22700,22100,18600,38600,3000,5600,2100,18800,12500,78100,5700,13800,15800,10300
6872.0,13.6,11626800,157342061.0,13.59,13.58,13.57,13.56,13.55,13.54,13.53,13.52,13.51,13.5,13.6,13.61,13.62,13.63,13.64,13.65,13.66,13.67,13.68,13.69,6300,9800,11600,23200,34100,58100,22700,22100,18600,38600,3200,5600,2100,18800,12500,78100,5700,13800,15800,9600
6873.0,13.6,11626800,157342061.0,13.59,13.58,13.57,13.56,13.55,13.54,13.53,13.52,13.51,13.5,13.6,13.61,13.62,13.63,13.64,13.65,13.66,13.67,13.68,13.69,6300,9800,11600,23200,34100,58100,22700,22100,18600,38600,3200,5600,2100,19500,12500,78100,5700,13800,15800,9600
6874.0,13.6,11626800,157342061.0,13.59,13.58,13.57,13.56,13.55,13.54,13.53,13.52,13.51,13.5,13.6,13.61,13.62,13.63,13.64,13.65,13.66,13.67,13.68,13.69,7500,9800,11600,23200,34100,58100,22700,22100,18600,38600,4400,5600,2100,19500,12500,78100,5700,13800,15800,9600
6875.0,13.6,11627200,157347501.0,13.59,13.58,13.57,13.56,13.55,13.54,13.53,13.52,13.51,13.5,13.6,13.61,13.62,13.63,13.64,13.65,13.66,13.67,13.68,13.69,7500,9800,11600,23200,34100,58100,22700,22100,18600,38600,4000,5600,2100,19500,12500,78100,5700,13800,15800,9600
6876.0,13.6,11627200,157347501.0,13.59,13.58,13.57,13.56,13.55,13.54,13.53,13.52,13.51,13.5,13.6,13.61,13.62,13.63,13.64,13.65,13.66,13.67,13.68,13.69,8400,9800,11600,23200,34100,58100,22700,22100,18600,38600,4900,5600,2100,19500,12500,78100,5700,13800,15800,9600
6877.0,13.6,11627700,157354301.0,13.59,13.58,13.57,13.56,13.55,13.54,13.53,13.52,13.51,13.5,13.6,13.61,13.62,13.63,13.64,13.65,13.66,13.67,13.68,13.69,8600,9800,11600,23200,34100,58100,22700,22100,18600,38600,4600,5600,2100,19500,12500,78100,5700,13800,15800,9600
6878.0,13.6,11628100,157359741.0,13.59,13.58,13.57,13.56,13.55,13.54,13.53,13.52,13.51,13.5,13.6,13.61,13.62,13.63,13.64,13.65,13.66,13.67,13.68,13.69,9100,9800,11600,23200,34100,58100,22700,22100,18600,38600,4700,5600,2100,19500,12500,78100,5700,13800,15800,9600
6879.0,13.6,11629200,157374694.0,13.59,13.58,13.57,13.56,13.55,13.54,13.53,13.52,13.51,13.5,13.6,13.61,13.62,13.63,13.64,13.65,13.66,13.67,13.68,13.69,8900,9800,11600,23200,34100,58100,22700,22100,18600,38600,4800,5600,2100,19500,12500,78100,5700,13800,15800,9600
6880.0,13.6,11629600,157380134.0,13.59,13.58,13.57,13.56,13.55,13.54,13.53,13.52,13.51,13.5,13.6,13.61,13.62,13.63,13.64,13.65,13.66,13.67,13.68,13.69,8900,9800,11600,23200,34100,58100,22700,22100,18600,38600,4400,5600,2100,19500,12500,78100,5700,13800,15800,9600
6881.0,13.6,11630000,157385574.0,13.59,13.58,13.57,13.56,13.55,13.54,13.53,13.52,13.51,13.5,13.6,13.61,13.62,13.63,13.64,13.65,13.66,13.67,13.68,13.69,9700,9800,11600,23200,34100,58100,22700,22100,18600,38600,4800,5600,2100,19500,12500,78100,5700,13800,15800,9600
6882.0,13.6,11631300,157403254.0,13.59,13.58,13.57,13.56,13.55,13.54,13.53,13.52,13.51,13.5,13.6,13.61,13.62,13.63,13.64,13.65,13.66,13.67,13.68,13.69,9900,9800,11600,23200,34100,58100,22700,22100,18600,38600,3700,5600,2100,19500,12500,78100,5700,13800,15800,9600
6883.0,13.6,11631600,157407334.0,13.59,13.58,13.57,13.56,13.55,13.54,13.53,13.52,13.51,13.5,13.6,13.61,13.62,13.63,13.64,13.65,13.66,13.67,13.68,13.69,10400,9800,11600,23200,34100,58100,22700,22100,18600,38600,3900,5600,2100,19500,12500,78100,5700,13800,15800,9600
6884.0,13.6,11631700,157408694.0,13.59,13.58,13.57,13.56,13.55,13.54,13.53,13.52,13.51,13.5,13.6,13.61,13.62,13.63,13.64,13.65,13.66,13.67,13.68,13.69,10700,9800,11600,23200,34100,58100,22700,22100,18600,38600,4100,5600,2100,19500,12500,78100,5700,13800,15800,9600
6885.0,13.6,11632100,157414134.0,13.59,13.58,13.57,13.56,13.55,13.54,13.53,13.52,13.51,13.5,13.6,13.61,13.62,13.63,13.64,13.65,13.66,13.67,13.68,13.69,11400,9800,11600,23200,34100,58100,22700,22100,18600,38600,4400,5600,2100,19500,12500,78100,5700,13800,15800,9600
6886.0,13.59,11632800,157423647.0,13.59,13.58,13.57,13.56,13.55,13.54,13.53,13.52,13.51,13.5,13.6,13.61,13.62,13.63,13.64,13.65,13.66,13.67,13.68,13.69,11000,9800,11600,23200,34100,58100,22700,22100,18600,38600,4700,5600,2100,19500,12500,78100,5700,13800,15800,9600
6887.0,13.59,11632800,157423647.0,13.59,13.58,13.57,13.56,13.55,13.54,13.53,13.52,13.51,13.5,13.6,13.61,13.62,13.63,13.64,13.65,13.66,13.67,13.68,13.69,11200,9800,11600,23200,34100,58100,22700,22100,18600,38600,4900,8600,2100,19500,12500,78100,5700,13800,15800,9600
6888.0,13.6,11633200,157429087.0,13.59,13.58,13.57,13.56,13.55,13.54,13.53,13.52,13.51,13.5,13.6,13.61,13.62,13.63,13.64,13.65,13.66,13.67,13.68,13.69,11200,9800,11600,23200,34100,58100,22700,22100,18600,38600,4500,8600,2100,19500,12500,78100,5700,13800,15800,9600
6889.0,13.6,11633200,157429087.0,13.59,13.58,13.57,13.56,13.55,13.54,13.53,13.52,13.51,13.5,13.6,13.61,13.62,13.63,13.64,13.65,13.66,13.67,13.68,13.69,11500,9800,11600,23200,34100,58100,22700,22100,18600,38600,9200,8600,2100,19500,12500,78100,5700,13800,15800,9600
6890.0,13.6,11633200,157429087.0,13.59,13.58,13.57,13.56,13.55,13.54,13.53,13.52,13.51,13.5,13.6,13.61,13.62,13.63,13.64,13.65,13.66,13.67,13.68,13.69,11700,9800,11600,23200,34100,58100,22700,22100,18600,38600,9400,8600,2100,19500,12500,78100,5700,13800,15800,9600
6891.0,13.6,11633900,157438607.0,13.59,13.58,13.57,13.56,13.55,13.54,13.53,13.52,13.51,13.5,13.6,13.61,13.62,13.63,13.64,13.65,13.66,13.67,13.68,13.69,12000,9800,11600,23200,34100,58100,22700,22100,18600,38600,9000,8600,2100,19500,12500,77100,5700,13800,15800,9600
6892.0,13.6,11635300,157457647.0,13.59,13.58,13.57,13.56,13.55,13.54,13.53,13.52,13.51,13.5,13.6,13.61,13.62,13.63,13.64,13.65,13.66,13.67,13.68,13.69,12000,9800,11600,23200,34100,58100,22700,22100,18600,38600,7600,9100,2100,19500,12500,77100,5700,13800,15800,9600
6893.0,13.59,11636000,157467160.0,13.59,13.58,13.57,13.56,13.55,13.54,13.53,13.52,13.51,13.5,13.6,13.61,13.62,13.63,13.64,13.65,13.66,13.67,13.68,13.69,11800,9800,11600,23200,34300,58100,22700,22100,18600,38600,9600,9100,2100,19500,12500,77100,5700,13800,15800,9600
6894.0,13.6,11636700,157476680.0,13.59,13.58,13.57,13.56,13.55,13.54,13.53,13.52,13.51,13.5,13.6,13.61,13.62,13.63,13.64,13.65,13.66,13.67,13.68,13.69,11800,9800,11600,23200,34300,58100,22700,22100,18600,38600,8900,9100,2100,19500,12500,77100,5700,13800,15800,9600
6895.0,13.6,11636700,157476680.0,13.59,13.58,13.57,13.56,13.55,13.54,13.53,13.52,13.51,13.5,13.6,13.61,13.62,13.63,13.64,13.65,13.66,13.67,13.68,13.69,12000,9800,11600,23200,34300,58100,22700,22100,18600,38600,9100,9100,2100,19500,12500,77100,5700,13800,15800,9600
6896.0,13.6,11636700,157476680.0,13.59,13.58,13.57,13.56,13.55,13.54,13.53,13.52,13.51,13.5,13.6,13.61,13.62,13.63,13.64,13.65,13.66,13.67,13.68,13.69,12300,9800,11600,23200,34300,58100,22700,22100,18600,38600,9400,9100,2100,19500,12500,77100,5700,13800,15800,9600
6897.0,13.6,11637400,157486200.0,13.59,13.58,13.57,13.56,13.55,13.54,13.53,13.52,13.51,13.5,13.6,13.61,13.62,13.63,13.64,13.65,13.66,13.67,13.68,13.69,12300,9800,11600,23200,34300,58100,22700,22100,18600,38600,8700,9100,2100,22900,12500,77100,5700,13800,15800,9600
6898.0,13.6,11637400,157486200.0,13.59,13.58,13.57,13.56,13.55,13.54,13.53,13.52,13.51,13.5,13.6,13.61,13.62,13.63,13.64,13.65,13.66,13.67,13.68,13.69,12800,9800,11600,23200,34300,58100,22700,22100,18600,38600,10200,9100,2100,22900,12500,77100,5700,13800,15800,9600
6899.0,13.6,11638100,157495720.0,13.59,13.58,13.57,13.56,13.55,13.54,13.53,13.52,13.51,13.5,13.6,13.61,13.62,13.63,13.64,13.65,13.66,13.67,13.68,13.69,12800,9900,11600,23200,34300,58100,22700,22100,18600,38600,9500,9100,2100,22900,12500,77100,5700,13800,15800,9600
6900.0,13.59,11638800,157505233.0,13.59,13.58,13.57,13.56,13.55,13.54,13.53,13.52,13.51,13.5,13.6,13.61,13.62,13.63,13.64,13.65,13.66,13.67,13.68,13.69,12100,9900,11600,23200,34300,58100,22700,22100,18600,38600,9800,9300,2100,22900,12500,77100,5700,13800,15800,9600
6901.0,13.59,11638800,157505233.0,13.59,13.58,13.57,13.56,13.55,13.54,13.53,13.52,13.51,13.5,13.6,13.61,13.62,13.63,13.64,13.65,13.66,13.67,13.68,13.69,12600,9900,11600,23200,34300,58100,22700,22100,18600,38600,10000,9300,2100,22900,12300,77100,5700,13800,15800,9600
6902.0,13.6,11639500,157514753.0,13.59,13.58,13.57,13.56,13.55,13.54,13.53,13.52,13.51,13.5,13.6,13.61,13.62,13.63,13.64,13.65,13.66,13.67,13.68,13.69,12600,9900,11600,23200,34300,58100,22700,22100,18600,38600,9300,9300,2100,22900,12300,77100,5700,13800,15800,9600
6903.0,13.6,11640900,157533793.0,13.59,13.58,13.57,13.56,13.55,13.54,13.53,13.52,13.51,13.5,13.6,13.61,13.62,13.63,13.64,13.65,13.66,13.67,13.68,13.69,12800,9900,11600,23200,34300,58100,22700,22100,18600,38600,8100,9300,2100,22900,12300,77100,5700,13800,15800,9600
6904.0,13.6,11640900,157533793.0,13.59,13.58,13.57,13.56,13.55,13.54,13.53,13.52,13.51,13.5,13.6,13.61,13.62,13.63,13.64,13.65,13.66,13.67,13.68,13.69,12800,9900,11600,23200,34300,58100,22700,22100,18600,38600,8100,9300,2100,22900,12300,77100,5700,13800,15800,9600
6905.0,13.6,11643300,157566433.0,13.59,13.58,13.57,13.56,13.55,13.54,13.53,13.52,13.51,13.5,13.6,13.61,13.62,13.63,13.64,13.65,13.66,13.67,13.68,13.69,12800,9900,11600,23200,34300,58100,22700,22100,18600,38600,5700,9300,2100,22900,12300,77100,5700,13800,15800,9600
6906.0,13.6,11643300,157566433.0,13.59,13.58,13.57,13.56,13.55,13.54,13.53,13.52,13.51,13.5,13.6,13.61,13.62,13.63,13.64,13.65,13.66,13.67,13.68,13.69,13000,9900,11600,23200,34300,58100,22700,22100,18600,38600,5900,9300,2100,22900,12300,77100,5700,13800,15800,9600
6907.0,13.6,11644300,157580026.0,13.59,13.58,13.57,13.56,13.55,13.54,13.53,13.52,13.51,13.5,13.6,13.61,13.62,13.63,13.64,13.65,13.66,13.67,13.68,13.69,12300,9900,11600,23200,34300,58100,22700,22100,18600,38600,5600,9300,2100,22900,12300,77100,5700,13800,15800,9600
6908.0,13.6,11644800,157586826.0,13.59,13.58,13.57,13.56,13.55,13.54,13.53,13.52,13.51,13.5,13.6,13.61,13.62,13.63,13.64,13.65,13.66,13.67,13.68,13.69,12500,9900,11600,23200,34300,58100,22700,22100,18600,38600,5300,9300,2100,22900,12300,77100,5700,13800,15800,9600
6909.0,13.6,11645800,157600426.0,13.59,13.58,13.57,13.56,13.55,13.54,13.53,13.52,13.51,13.5,13.6,13.61,13.62,13.63,13.64,13.65,13.66,13.67,13.68,13.69,12500,9900,11600,23200,34300,58100,22700,22100,18600,38600,4300,9300,2100,22900,12300,77100,5700,13800,15800,9600
6910.0,13.6,11645800,157600426.0,13.59,13.58,13.57,13.56,13.55,13.54,13.53,13.52,13.51,13.5,13.6,13.61,13.62,13.63,13.64,13.65,13.66,13.67,13.68,13.69,12500,9900,11600,23200,34300,58100,22700,22100,18600,38600,4300,9300,2100,22900,12300,77100,5700,13800,15800,9600
6911.0,13.6,11646200,157605866.0,13.59,13.58,13.57,13.56,13.55,13.54,13.53,13.52,13.51,13.5,13.6,13.61,13.62,13.63,13.64,13.65,13.66,13.67,13.68,13.69,12700,9900,11600,23200,34300,58100,22700,22100,18600,38600,4100,9300,2100,22900,12300,77100,5700,13800,15800,9600
6912.0,13.6,11646200,157605866.0,13.59,13.58,13.57,13.56,13.55,13.54,13.53,13.52,13.51,13.5,13.6,13.61,13.62,13.63,13.64,13.65,13.66,13.67,13.68,13.69,12700,9900,11600,23200,34300,58100,22700,22100,18600,38600,4100,9300,2100,22900,12300,77100,5700,13800,15800,9600
6913.0,13.6,11646200,157605866.0,13.59,13.58,13.57,13.56,13.55,13.54,13.53,13.52,13.51,13.5,13.6,13.61,13.62,13.63,13.64,13.65,13.66,13.67,13.68,13.69,12700,9900,11600,23200,34300,58100,22700,22100,18600,38600,4300,9300,2100,22900,12300,77100,5700,13800,15800,9600
6914.0,13.6,11648100,157631699.0,13.59,13.58,13.57,13.56,13.55,13.54,13.53,13.52,13.51,13.5,13.6,13.61,13.62,13.63,13.64,13.65,13.66,13.67,13.68,13.69,12200,9900,11600,23200,34300,58100,22700,22100,18600,38600,3100,9300,2100,22900,12300,77100,5700,13800,15800,9600
6915.0,13.6,11648100,157631699.0,13.59,13.58,13.57,13.56,13.55,13.54,13.53,13.52,13.51,13.5,13.6,13.61,13.62,13.63,13.64,13.65,13.66,13.67,13.68,13.69,12200,9900,11600,23200,34300,58100,22700,22100,18600,38600,3100,9300,2100,22900,12300,77100,5700,13800,15800,9600
6916.0,13.6,11648100,157631699.0,13.59,13.58,13.57,13.56,13.55,13.54,13.53,13.52,13.51,13.5,13.6,13.61,13.62,13.63,13.64,13.65,13.66,13.67,13.68,13.69,12400,9900,11600,23200,34300,58100,22700,22100,18600,38600,3300,9300,2100,22900,12300,77100,5700,13800,15800,9600
6917.0,13.6,11648400,157635779.0,13.59,13.58,13.57,13.56,13.55,13.54,13.53,13.52,13.51,13.5,13.6,13.61,13.62,13.63,13.64,13.65,13.66,13.67,13.68,13.69,12400,9900,11600,23200,34300,58100,22700,22100,18600,38600,3000,9300,2100,20900,12300,77100,5700,13800,15800,9600
6918.0,13.6,11648400,157635779.0,13.59,13.58,13.57,13.56,13.55,13.54,13.53,13.52,13.51,13.5,13.6,13.61,13.62,13.63,13.64,13.65,13.66,13.67,13.68,13.69,12400,9900,11600,23200,34300,58100,22700,22100,18600,38600,3000,9300,2100,20900,12300,77600,8500,13800,15800,9600
6919.0,13.6,11648400,157635779.0,13.59,13.58,13.57,13.56,13.55,13.54,13.53,13.52,13.51,13.5,13.6,13.61,13.62,13.63,13.64,13.65,13.66,13.67,13.68,13.69,12600,9900,11600,23200,34300,58100,22700,22100,18600,38600,3200,9300,2100,20900,12300,77600,8500,13800,15800,9600
6920.0,13.6,11648700,157639859.0,13.59,13.58,13.57,13.56,13.55,13.54,13.53,13.52,13.51,13.5,13.6,13.61,13.62,13.63,13.64,13.65,13.66,13.67,13.68,13.69,12600,9900,11600,23200,34300,58100,22700,22100,18600,38600,2900,9300,2100,20900,12300,77600,8500,13800,15800,9600
6921.0,13.59,11649400,157649372.0,13.59,13.58,13.57,13.56,13.55,13.54,13.53,13.52,13.51,13.5,13.6,13.61,13.62,13.63,13.64,13.65,13.66,13.67,13.68,13.69,11900,12900,11600,23200,34300,58100,22700,22100,18600,38600,2900,9100,2100,20900,12300,77600,8500,13800,15800,9600
6922.0,13.59,11649400,157649372.0,13.59,13.58,13.57,13.56,13.55,13.54,13.53,13.52,13.51,13.5,13.6,13.61,13.62,13.63,13.64,13.65,13.66,13.67,13.68,13.69,12100,12900,11600,23200,34300,58100,22700,22100,18600,38600,3100,9100,2100,20900,12300,77600,8500,13800,15800,9600
6923.0,13.6,11649700,157653452.0,13.59,13.58,13.57,13.56,13.55,13.54,13.53,13.52,13.51,13.5,13.6,13.61,13.62,13.63,13.64,13.65,13.66,13.67,13.68,13.69,12100,12900,11600,23200,34300,58100,22700,22100,18600,38600,2800,9100,2100,20900,12300,77600,8500,13800,15800,9600
6924.0,13.6,11649700,157653452.0,13.59,13.58,13.57,13.56,13.55,13.54,13.53,13.52,13.51,13.5,13.6,13.61,13.62,13.63,13.64,13.65,13.66,13.67,13.68,13.69,12100,12900,11600,23200,34300,58100,22700,22100,18600,38600,3100,9100,2100,20900,12800,77600,8500,13800,15800,9600
6925.0,13.6,11649700,157653452.0,13.59,13.58,13.57,13.56,13.55,13.54,13.53,13.52,13.51,13.5,13.6,13.61,13.62,13.63,13.64,13.65,13.66,13.67,13.68,13.69,12200,12900,11600,23200,34300,58100,22700,22100,18600,38600,3200,9100,2100,20900,12800,77600,8500,13800,15800,9600
6926.0,13.6,11650600,157665692.0,13.59,13.58,13.57,13.56,13.55,13.54,13.53,13.52,13.51,13.5,13.6,13.61,13.62,13.63,13.64,13.65,13.66,13.67,13.68,13.69,12200,12900,11600,23200,34300,58100,22700,22100,18600,38600,2300,9100,2100,20900,12800,77600,8500,13800,15800,9600
6927.0,13.59,11651300,157675205.0,13.59,13.58,13.57,13.56,13.55,13.54,13.53,13.52,13.51,13.5,13.6,13.61,13.62,13.63,13.64,13.65,13.66,13.67,13.68,13.69,11600,12900,11600,23200,34300,58100,22700,22100,18600,38600,2400,9100,2100,20900,12800,77600,8500,13800,15800,9600
6928.0,13.6,11651500,157677925.0,13.59,13.58,13.57,13.56,13.55,13.54,13.53,13.52,13.51,13.5,13.6,13.61,13.62,13.63,13.64,13.65,13.66,13.67,13.68,13.69,11600,12900,11600,23200,34300,58100,22700,22100,18600,38600,2200,9100,2100,20900,12800,77600,8500,13800,15800,9600
6929.0,13.6,11653800,157709205.0,13.6,13.59,13.58,13.57,13.56,13.55,13.54,13.53,13.52,13.51,13.61,13.62,13.63,13.64,13.65,13.66,13.67,13.68,13.69,13.7,1700,11700,12900,11600,23200,34300,58100,22700,22100,18600,9300,2100,20900,12800,77600,8500,13800,15800,9600,48300
6930.0,13.6,11653800,157709205.0,13.6,13.59,13.58,13.57,13.56,13.55,13.54,13.53,13.52,13.51,13.61,13.62,13.63,13.64,13.65,13.66,13.67,13.68,13.69,13.7,9200,11700,12900,11600,23200,34300,58100,22700,22100,18600,9300,2100,20900,12800,77200,8500,13800,15800,9600,48300
6931.0,13.61,11654500,157718732.0,13.6,13.59,13.58,13.57,13.56,13.55,13.54,13.53,13.52,13.51,13.61,13.62,13.63,13.64,13.65,13.66,13.67,13.68,13.69,13.7,9200,11700,12900,11600,23200,34300,58100,22700,22100,18600,8600,2100,20900,12800,77200,8500,13800,15800,9600,48300
6932.0,13.61,11654500,157718732.0,13.6,13.59,13.58,13.57,13.56,13.55,13.54,13.53,13.52,13.51,13.61,13.62,13.63,13.64,13.65,13.66,13.67,13.68,13.69,13.7,9200,11700,12900,11600,23200,34300,58100,22700,22100,18600,8600,2100,20900,12800,77200,8500,13800,15800,9600,48300
6933.0,13.61,11654500,157718732.0,13.6,13.59,13.58,13.57,13.56,13.55,13.54,13.53,13.52,13.51,13.61,13.62,13.63,13.64,13.65,13.66,13.67,13.68,13.69,13.7,9200,11700,12900,11600,23200,34300,58100,22700,22100,18600,8600,2100,20900,12800,77200,8500,13800,15800,9600,48300
6934.0,13.61,11655900,157737779.0,13.6,13.59,13.58,13.57,13.56,13.55,13.54,13.53,13.52,13.51,13.61,13.62,13.63,13.64,13.65,13.66,13.67,13.68,13.69,13.7,8500,11700,12900,11600,23200,34300,58100,22700,22100,18600,7900,2100,20900,12800,77200,8500,13800,15800,9600,48300
6935.0,13.6,11660100,157794899.0,13.6,13.59,13.58,13.57,13.56,13.55,13.54,13.53,13.52,13.51,13.61,13.62,13.63,13.64,13.65,13.66,13.67,13.68,13.69,13.7,4300,11700,12900,12000,23200,34300,58100,22700,22100,18600,7900,2100,20900,12800,77200,8500,13800,15800,9600,48300
6936.0,13.6,11660100,157794899.0,13.6,13.59,13.58,13.57,13.56,13.55,13.54,13.53,13.52,13.51,13.61,13.62,13.63,13.64,13.65,13.66,13.67,13.68,13.69,13.7,4300,11700,12900,12000,23200,34300,58100,22700,22100,18600,7900,2100,20900,12800,76700,8500,13800,15800,9600,48300
6937.0,13.61,11668000,157902418.0,13.61,13.6,13.59,13.58,13.57,13.56,13.55,13.54,13.53,13.52,13.62,13.63,13.64,13.65,13.66,13.67,13.68,13.69,13.7,13.71,14100,4300,11700,12900,12000,23200,34300,58100,22700,22100,2100,20900,12800,76700,8500,13800,15800,9600,48300,6300
6938.0,13.61,11668000,157902418.0,13.61,13.6,13.59,13.58,13.57,13.56,13.55,13.54,13.53,13.52,13.62,13.63,13.64,13.65,13.66,13.67,13.68,13.69,13.7,13.71,14100,4300,11700,12900,12000,23200,34300,58100,22700,22100,2100,20900,12800,76700,8500,13800,15800,9600,48300,6300
6939.0,13.61,11668000,157902418.0,13.61,13.6,13.59,13.58,13.57,13.56,13.55,13.54,13.53,13.52,13.62,13.63,13.64,13.65,13.66,13.67,13.68,13.69,13.7,13.71,15200,4300,11700,12900,12000,23200,34300,58100,22700,22100,2100,20900,12800,76700,8900,13800,15800,9600,48300,6300
6940.0,13.62,11668200,157905142.0,13.61,13.6,13.59,13.58,13.57,13.56,13.55,13.54,13.53,13.52,13.62,13.63,13.64,13.65,13.66,13.67,13.68,13.69,13.7,13.71,15200,5400,11700,12900,12000,23200,34300,58100,22700,22100,1900,20900,12800,76700,8900,13800,15800,9600,48300,6300
6941.0,13.61,11668900,157914669.0,13.61,13.6,13.59,13.58,13.57,13.56,13.55,13.54,13.53,13.52,13.62,13.63,13.64,13.65,13.66,13.67,13.68,13.69,13.7,13.71,14500,5400,11700,12900,12000,23200,34300,58100,22700,22100,1900,20900,12800,76700,8900,13800,15800,9600,48300,6300
6942.0,13.62,11669200,157918755.0,13.61,13.6,13.59,13.58,13.57,13.56,13.55,13.54,13.53,13.52,13.62,13.63,13.64,13.65,13.66,13.67,13.68,13.69,13.7,13.71,14500,5400,11700,12900,12000,23200,34300,58100,22700,22100,1600,20900,12800,76700,8900,13800,15800,9600,48300,6300
6943.0,13.61,11670100,157931005.0,13.61,13.6,13.59,13.58,13.57,13.56,13.55,13.54,13.53,13.52,13.62,13.63,13.64,13.65,13.66,13.67,13.68,13.69,13.7,13.71,13700,5400,11700,12900,12000,23200,34300,58100,22700,22100,1500,20900,12800,76700,8900,13800,15800,9600,48300,6300
6944.0,13.61,11670600,157937810.0,13.61,13.6,13.59,13.58,13.57,13.56,13.55,13.54,13.53,13.52,13.62,13.63,13.64,13.65,13.66,13.67,13.68,13.69,13.7,13.71,13200,5400,11700,12900,12000,23200,34300,58100,22700,22100,1500,20900,12800,76700,8900,13800,15800,9600,48300,6300
6945.0,13.61,11670600,157937810.0,13.61,13.6,13.59,13.58,13.57,13.56,13.55,13.54,13.53,13.52,13.62,13.63,13.64,13.65,13.66,13.67,13.68,13.69,13.7,13.71,13200,5400,11700,12900,12000,23200,34300,58100,22700,22100,1500,20900,12800,76700,8900,13800,15800,9600,48300,6300
6946.0,13.62,11670900,157941896.0,13.61,13.6,13.59,13.58,13.57,13.56,13.55,13.54,13.53,13.52,13.62,13.63,13.64,13.65,13.66,13.67,13.68,13.69,13.7,13.71,13200,5400,11700,12900,12000,23200,34400,58100,22700,22100,1200,20900,12800,76700,8900,13800,15800,9600,48300,6300
6947.0,13.62,11671800,157954147.0,13.61,13.6,13.59,13.58,13.57,13.56,13.55,13.54,13.53,13.52,13.62,13.63,13.64,13.65,13.66,13.67,13.68,13.69,13.7,13.71,12500,5400,11700,12900,12000,23200,34400,58100,22700,22100,1000,20900,12800,76700,8900,13800,15800,9600,48300,6300
6948.0,13.62,11671800,157954147.0,13.61,13.6,13.59,13.58,13.57,13.56,13.55,13.54,13.53,13.52,13.62,13.63,13.64,13.65,13.66,13.67,13.68,13.69,13.7,13.71,12500,5400,11700,12900,12000,23200,34400,58100,22700,22100,1000,20900,12800,76700,8900,13800,15800,9600,48300,6300
6949.0,13.62,11671900,157955509.0,13.61,13.6,13.59,13.58,13.57,13.56,13.55,13.54,13.53,13.52,13.62,13.63,13.64,13.65,13.66,13.67,13.68,13.69,13.7,13.71,12500,5400,11700,12900,12000,23200,34400,58100,22700,22100,900,20900,12800,76700,8900,13800,15800,9600,48300,6300
6950.0,13.62,11671900,157955509.0,13.61,13.6,13.59,13.58,13.57,13.56,13.55,13.54,13.53,13.52,13.62,13.63,13.64,13.65,13.66,13.67,13.68,13.69,13.7,13.71,12500,5400,11700,12900,12000,23200,34400,58100,22700,22100,900,20900,12800,76700,8900,13800,15800,9600,48300,6300
6951.0,13.62,11671900,157955509.0,13.61,13.6,13.59,13.58,13.57,13.56,13.55,13.54,13.53,13.52,13.62,13.63,13.64,13.65,13.66,13.67,13.68,13.69,13.7,13.71,12500,5400,11700,12900,12000,23200,34400,58100,22700,22100,900,21500,12800,76700,8900,13800,15800,9600,48300,6300
6952.0,13.62,11671900,157955509.0,13.61,13.6,13.59,13.58,13.57,13.56,13.55,13.54,13.53,13.52,13.62,13.63,13.64,13.65,13.66,13.67,13.68,13.69,13.7,13.71,12500,5400,11700,12900,12000,23200,34400,58100,22700,22100,900,21500,12800,76700,8900,13800,15800,9600,48300,6300
6953.0,13.62,11671900,157955509.0,13.61,13.6,13.59,13.58,13.57,13.56,13.55,13.54,13.53,13.52,13.62,13.63,13.64,13.65,13.66,13.67,13.68,13.69,13.7,13.71,17300,5400,11700,12900,12000,23200,34400,58100,22700,22100,900,21500,12800,76700,8900,13800,15800,9600,48300,6300
6954.0,13.61,11672700,157966397.0,13.61,13.6,13.59,13.58,13.57,13.56,13.55,13.54,13.53,13.52,13.62,13.63,13.64,13.65,13.66,13.67,13.68,13.69,13.7,13.71,16500,5400,11700,12900,12000,23200,34400,58100,22700,22100,900,21500,12800,76700,8900,13800,15800,9600,48300,6300
6955.0,13.61,11672700,157966397.0,13.61,13.6,13.59,13.58,13.57,13.56,13.55,13.54,13.53,13.52,13.62,13.63,13.64,13.65,13.66,13.67,13.68,13.69,13.7,13.71,16500,5400,11700,12900,12000,23200,34300,58100,22700,22100,900,21500,12800,76700,8900,13800,15800,9600,48300,6300
6956.0,13.61,11672700,157966397.0,13.61,13.6,13.59,13.58,13.57,13.56,13.55,13.54,13.53,13.52,13.62,13.63,13.64,13.65,13.66,13.67,13.68,13.69,13.7,13.71,16500,4300,11700,12900,12000,23200,34300,58100,22700,22100,900,21500,12800,76700,8900,13800,15800,9600,48300,6300
6957.0,13.61,11672700,157966397.0,13.61,13.6,13.59,13.58,13.57,13.56,13.55,13.54,13.53,13.52,13.62,13.63,13.64,13.65,13.66,13.67,13.68,13.69,13.7,13.71,16500,4300,11700,12900,12000,23200,34300,58100,22700,22100,900,21500,12800,76700,8900,13800,15800,9600,48300,6300
6958.0,13.62,11673600,157978655.0,13.62,13.61,13.6,13.59,13.58,13.57,13.56,13.55,13.54,13.53,13.63,13.64,13.65,13.66,13.67,13.68,13.69,13.7,13.71,13.72,500,16500,4300,11700,12900,12000,23200,34300,58100,22700,21500,12800,76700,8900,13800,15800,9600,48300,6300,8400
6959.0,13.62,11673600,157978655.0,13.62,13.61,13.6,13.59,13.58,13.57,13.56,13.55,13.54,13.53,13.63,13.64,13.65,13.66,13.67,13.68,13.69,13.7,13.71,13.72,500,16800,4300,11700,12900,12000,23200,34300,58100,22700,21500,12800,76700,8900,13800,15800,9600,48300,6300,8400
6960.0,13.63,11674300,157988196.0,13.62,13.61,13.6,13.59,13.58,13.57,13.56,13.55,13.54,13.53,13.63,13.64,13.65,13.66,13.67,13.68,13.69,13.7,13.71,13.72,500,16800,4300,11700,12900,12000,23200,34300,58100,22700,20800,12800,76700,8900,13800,15800,9600,48300,6300,8400
6961.0,13.63,11674300,157988196.0,13.62,13.61,13.6,13.59,13.58,13.57,13.56,13.55,13.54,13.53,13.63,13.64,13.65,13.66,13.67,13.68,13.69,13.7,13.71,13.72,500,16800,4300,11700,12900,12000,23200,34300,58100,22700,20800,12800,76700,8900,13800,15800,9600,48300,6300,8400
6962.0,13.63,11676200,158014068.0,13.62,13.61,13.6,13.59,13.58,13.57,13.56,13.55,13.54,13.53,13.63,13.64,13.65,13.66,13.67,13.68,13.69,13.7,13.71,13.72,1000,15800,4300,11700,12900,12000,23200,34300,58100,22700,17000,12800,76700,8900,13800,15800,9600,48300,6300,8400
6963.0,13.63,11676900,158023609.0,13.62,13.61,13.6,13.59,13.58,13.57,13.56,13.55,13.54,13.53,13.63,13.64,13.65,13.66,13.67,13.68,13.69,13.7,13.71,13.72,1000,16500,4300,11700,12900,12000,23200,34300,58100,22700,16300,12800,76700,8900,13800,15800,9600,48300,6300,8400
6964.0,13.63,11676900,158023609.0,13.62,13.61,13.6,13.59,13.58,13.57,13.56,13.55,13.54,13.53,13.63,13.64,13.65,13.66,13.67,13.68,13.69,13.7,13.71,13.72,1000,16500,4300,11700,12900,12000,23200,34300,58100,22700,16300,12800,76700,8900,13800,15800,9600,48300,6300,8400
6965.0,13.63,11677600,158033150.0,13.62,13.61,13.6,13.59,13.58,13.57,13.56,13.55,13.54,13.53,13.63,13.64,13.65,13.66,13.67,13.68,13.69,13.7,13.71,13.72,1000,16500,4300,11700,12900,12000,23200,34300,58100,22700,15600,12800,76700,8900,13800,15800,9600,48300,6300,8400
6966.0,13.63,11677600,158033150.0,13.62,13.61,13.6,13.59,13.58,13.57,13.56,13.55,13.54,13.53,13.63,13.64,13.65,13.66,13.67,13.68,13.69,13.7,13.71,13.72,1900,16500,4300,11700,12900,12000,23200,34300,58100,22700,15600,12800,76700,8900,13800,15800,9600,48300,6300,8400
6967.0,13.62,11677700,158034512.0,13.62,13.61,13.6,13.59,13.58,13.57,13.56,13.55,13.54,13.53,13.63,13.64,13.65,13.66,13.67,13.68,13.69,13.7,13.71,13.72,1800,16500,6600,11700,12900,12000,23200,34300,58100,22700,15600,12800,76700,8900,13800,15800,9600,48300,6300,8400
6968.0,13.62,11677700,158034512.0,13.62,13.61,13.6,13.59,13.58,13.57,13.56,13.55,13.54,13.53,13.63,13.64,13.65,13.66,13.67,13.68,13.69,13.7,13.71,13.72,1800,16500,6600,11700,12900,12000,23200,34300,58100,22700,15600,12800,76700,8900,13800,15800,9600,48300,6300,8400
6969.0,13.63,11679100,158053594.0,13.62,13.61,13.6,13.59,13.58,13.57,13.56,13.55,13.54,13.53,13.63,13.64,13.65,13.66,13.67,13.68,13.69,13.7,13.71,13.72,1800,16500,6600,11700,12900,12000,23200,34300,58100,22700,14200,12800,76700,8900,13800,15800,9600,48300,6300,8400
6970.0,13.63,11681200,158082207.0,13.62,13.61,13.6,13.59,13.58,13.57,13.56,13.55,13.54,13.53,13.63,13.64,13.65,13.66,13.67,13.68,13.69,13.7,13.71,13.72,800,17300,6600,11700,12900,12000,23200,34300,58100,22700,13100,12800,76700,8900,13800,15800,9600,48300,6300,8400
6971.0,13.63,11681200,158082207.0,13.62,13.61,13.6,13.59,13.58,13.57,13.56,13.55,13.54,13.53,13.63,13.64,13.65,13.66,13.67,13.68,13.69,13.7,13.71,13.72,800,17300,6600,11700,12900,12000,23200,34300,58100,22700,13100,12800,76700,8900,13800,15800,9600,48300,6300,8400
6972.0,13.62,11682000,158093103.0,13.61,13.6,13.59,13.58,13.57,13.56,13.55,13.54,13.53,13.52,13.62,13.63,13.64,13.65,13.66,13.67,13.68,13.69,13.7,13.71,17300,6600,11700,12900,12000,23200,34300,58100,22700,22000,7300,13100,12800,76700,8900,13800,15800,9600,48300,6300
6973.0,13.62,11682000,158093103.0,13.61,13.6,13.59,13.58,13.57,13.56,13.55,13.54,13.53,13.52,13.62,13.63,13.64,13.65,13.66,13.67,13.68,13.69,13.7,13.71,17300,6600,11700,12900,12000,23200,34300,58100,22700,22000,7300,13100,12800,76700,8900,13800,15800,9600,48300,6300
6974.0,13.61,11682700,158102630.0,13.61,13.6,13.59,13.58,13.57,13.56,13.55,13.54,13.53,13.52,13.62,13.63,13.64,13.65,13.66,13.67,13.68,13.69,13.7,13.71,16600,6600,11700,12900,12000,23200,34300,58100,22700,22000,7300,13100,12800,76700,8900,13800,15800,9600,48300,6300
6975.0,13.61,11682700,158102630.0,13.61,13.6,13.59,13.58,13.57,13.56,13.55,13.54,13.53,13.52,13.62,13.63,13.64,13.65,13.66,13.67,13.68,13.69,13.7,13.71,16600,6600,11700,12900,12000,23200,34300,58100,22700,22000,7400,13100,12800,76700,8900,13800,15800,9600,48300,6300
6976.0,13.61,11682700,158102630.0,13.61,13.6,13.59,13.58,13.57,13.56,13.55,13.54,13.53,13.52,13.62,13.63,13.64,13.65,13.66,13.67,13.68,13.69,13.7,13.71,16600,6600,11700,12900,12000,23200,34300,58100,22700,22000,7400,13100,12800,76700,8900,13800,15800,9600,48300,6300
6977.0,13.62,11682900,158105354.0,13.61,13.6,13.59,13.58,13.57,13.56,13.55,13.54,13.53,13.52,13.62,13.63,13.64,13.65,13.66,13.67,13.68,13.69,13.7,13.71,16600,6600,11700,12900,12000,23200,34300,58100,22700,22000,7200,13100,12800,76700,8900,13800,15800,9600,48300,6300
6978.0,13.62,11682900,158105354.0,13.61,13.6,13.59,13.58,13.57,13.56,13.55,13.54,13.53,13.52,13.62,13.63,13.64,13.65,13.66,13.67,13.68,13.69,13.7,13.71,16600,6600,11700,12900,12000,23200,34300,58600,22700,22000,7200,13100,12800,76700,8900,13800,15800,9600,48300,6300
6979.0,13.62,11683400,158112164.0,13.61,13.6,13.59,13.58,13.57,13.56,13.55,13.54,13.53,13.52,13.62,13.63,13.64,13.65,13.66,13.67,13.68,13.69,13.7,13.71,16600,9000,11700,12900,12000,23200,34300,58600,22700,22000,6700,13100,12800,76700,8900,13800,15800,9600,48300,6300
6980.0,13.62,11684700,158129870.0,13.61,13.6,13.59,13.58,13.57,13.56,13.55,13.54,13.53,13.52,13.62,13.63,13.64,13.65,13.66,13.67,13.68,13.69,13.7,13.71,16600,9000,11700,12900,12000,23200,34300,58600,22700,22000,5400,13100,12800,76700,8900,13800,15800,9600,48300,6300
6981.0,13.61,11685400,158139397.0,13.61,13.6,13.59,13.58,13.57,13.56,13.55,13.54,13.53,13.52,13.62,13.63,13.64,13.65,13.66,13.67,13.68,13.69,13.7,13.71,15900,9000,11700,12900,12000,23200,34300,58600,22700,22000,5400,13100,12800,77100,8900,13800,15800,9600,48300,6300
6982.0,13.62,11687700,158170723.0,13.61,13.6,13.59,13.58,13.57,13.56,13.55,13.54,13.53,13.52,13.62,13.63,13.64,13.65,13.66,13.67,13.68,13.69,13.7,13.71,15900,9000,11700,12900,12000,23200,34300,58600,22700,22000,3100,13100,12800,77100,8900,13800,15800,9600,48300,6300
6983.0,13.62,11690800,158212945.0,13.62,13.61,13.6,13.59,13.58,13.57,13.56,13.55,13.54,13.53,13.63,13.64,13.65,13.66,13.67,13.68,13.69,13.7,13.71,13.72,1400,15900,9000,11700,12900,12000,23200,34300,58600,22700,13100,12800,77100,8900,13800,15800,9600,48300,6300,8400
6984.0,13.62,11690800,158212945.0,13.62,13.61,13.6,13.59,13.58,13.57,13.56,13.55,13.54,13.53,13.63,13.64,13.65,13.66,13.67,13.68,13.69,13.7,13.71,13.72,1400,15900,9000,11700,12900,12000,23200,34300,58600,22700,13100,12800,77100,8900,13800,15800,9600,48300,6300,8400
6985.0,13.63,11691600,158223849.0,13.62,13.61,13.6,13.59,13.58,13.57,13.56,13.55,13.54,13.53,13.63,13.64,13.65,13.66,13.67,13.68,13.69,13.7,13.71,13.72,1400,15900,9000,11700,12900,12000,23200,34300,58600,22700,12300,12800,77100,8900,13800,15800,9600,48300,6300,8400
6986.0,13.63,11691600,158223849.0,13.62,13.61,13.6,13.59,13.58,13.57,13.56,13.55,13.54,13.53,13.63,13.64,13.65,13.66,13.67,13.68,13.69,13.7,13.71,13.72,1400,15900,9000,11700,12900,12000,23200,34300,58600,22700,12300,12800,77100,8900,13800,15800,9600,48300,6300,8400
6987.0,13.63,11691800,158226574.0,13.62,13.61,13.6,13.59,13.58,13.57,13.56,13.55,13.54,13.53,13.63,13.64,13.65,13.66,13.67,13.68,13.69,13.7,13.71,13.72,1300,15900,9000,11700,12900,12000,23200,34300,58600,22700,12200,12800,77100,8900,13800,15800,9600,48300,6300,8400
6988.0,13.62,11691900,158227936.0,13.62,13.61,13.6,13.59,13.58,13.57,13.56,13.55,13.54,13.53,13.63,13.64,13.65,13.66,13.67,13.68,13.69,13.7,13.71,13.72,2100,15900,9000,11700,12900,12000,23200,34300,58600,22700,14100,12800,77100,8900,13800,15800,9600,48300,6300,8400
6989.0,13.62,11692700,158238832.0,13.62,13.61,13.6,13.59,13.58,13.57,13.56,13.55,13.54,13.53,13.63,13.64,13.65,13.66,13.67,13.68,13.69,13.7,13.71,13.72,1300,15900,9000,11700,12900,12000,23200,34300,58600,22700,14100,12800,77100,8900,13800,15800,9600,48300,6300,8400
6990.0,13.62,11692700,158238832.0,13.62,13.61,13.6,13.59,13.58,13.57,13.56,13.55,13.54,13.53,13.63,13.64,13.65,13.66,13.67,13.68,13.69,13.7,13.71,13.72,1300,15900,9000,11700,12900,12000,23200,34300,58600,22700,14100,12800,77100,8900,13800,15800,9600,48300,6300,8400
6991.0,13.63,11694100,158257914.0,13.62,13.61,13.6,13.59,13.58,13.57,13.56,13.55,13.54,13.53,13.63,13.64,13.65,13.66,13.67,13.68,13.69,13.7,13.71,13.72,1300,15900,9000,11700,12900,12000,23200,34300,58600,22700,12700,12800,77100,8900,13800,15800,9600,48300,6300,8400
6992.0,13.62,11694200,158259276.0,13.62,13.61,13.6,13.59,13.58,13.57,13.56,13.55,13.54,13.53,13.63,13.64,13.65,13.66,13.67,13.68,13.69,13.7,13.71,13.72,1200,14800,9000,11700,12900,12000,23200,34300,58600,22700,12700,12800,77100,8900,13800,15800,9600,48300,6300,8400
6993.0,13.62,11694200,158259276.0,13.62,13.61,13.6,13.59,13.58,13.57,13.56,13.55,13.54,13.53,13.63,13.64,13.65,13.66,13.67,13.68,13.69,13.7,13.71,13.72,1200,14800,9000,11700,12900,12000,23200,34300,58600,22700,12700,12800,77100,8900,13800,15800,9600,48300,6300,8400
6994.0,13.62,11694400,158262000.0,13.62,13.61,13.6,13.59,13.58,13.57,13.56,13.55,13.54,13.53,13.63,13.64,13.65,13.66,13.67,13.68,13.69,13.7,13.71,13.72,1000,14800,9000,11700,12900,12000,23200,34300,58600,22700,12700,12800,77100,8900,13800,15800,9600,48300,6300,8400
6995.0,13.62,11694400,158262000.0,13.62,13.61,13.6,13.59,13.58,13.57,13.56,13.55,13.54,13.53,13.63,13.64,13.65,13.66,13.67,13.68,13.69,13.7,13.71,13.72,1000,14800,9000,11700,12900,12000,23200,34300,58600,22700,12700,12800,77100,8900,13800,15800,9600,48300,6300,8400
6996.0,13.62,11694400,158262000.0,13.62,13.61,13.6,13.59,13.58,13.57,13.56,13.55,13.54,13.53,13.63,13.64,13.65,13.66,13.67,13.68,13.69,13.7,13.71,13.72,1000,14800,9000,11700,12900,12000,23200,34300,58600,22700,12700,12800,77100,8900,13800,15800,9600,48300,6300,8400
6997.0,13.62,11694500,158263362.0,13.62,13.61,13.6,13.59,13.58,13.57,13.56,13.55,13.54,13.53,13.63,13.64,13.65,13.66,13.67,13.68,13.69,13.7,13.71,13.72,900,14800,9000,11700,12900,12000,23200,34300,58600,22700,12700,12800,77100,8900,13800,15800,9600,48300,6300,8400
6998.0,13.62,11694500,158263362.0,13.62,13.61,13.6,13.59,13.58,13.57,13.56,13.55,13.54,13.53,13.63,13.64,13.65,13.66,13.67,13.68,13.69,13.7,13.71,13.72,500,14800,9000,11700,12900,12000,23200,34300,58600,22700,12700,12800,77100,8900,13800,15800,9600,48300,6300,8400
6999.0,13.62,11694500,158263362.0,13.62,13.61,13.6,13.59,13.58,13.57,13.56,13.55,13.54,13.53,13.63,13.64,13.65,13.66,13.67,13.68,13.69,13.7,13.71,13.72,500,14800,9000,11700,12900,12000,23200,34300,58600,22700,12700,12800,77100,8900,13800,15800,9600,48300,6300,8400
7000.0,13.62,11694500,158263362.0,13.62,13.61,13.6,13.59,13.58,13.57,13.56,13.55,13.54,13.53,13.63,13.64,13.65,13.66,13.67,13.68,13.69,13.7,13.71,13.72,500,14800,9000,11700,12900,12000,23200,34300,58600,22700,12700,12800,79100,8900,13800,15800,9600,48300,6300,8400
7001.0,13.62,11694500,158263362.0,13.62,13.61,13.6,13.59,13.58,13.57,13.56,13.55,13.54,13.53,13.63,13.64,13.65,13.66,13.67,13.68,13.69,13.7,13.71,13.72,500,14800,9000,11700,12900,12000,23200,34300,58600,22700,12700,12800,79100,8900,13800,15800,9600,48300,6300,8400
7002.0,13.63,11695900,158282444.0,13.62,13.61,13.6,13.59,13.58,13.57,13.56,13.55,13.54,13.53,13.63,13.64,13.65,13.66,13.67,13.68,13.69,13.7,13.71,13.72,500,14800,9000,11700,12900,12000,23200,34300,58600,22700,11300,12800,79100,8900,13800,15800,9600,48300,6300,8400
7003.0,13.63,11697100,158298800.0,13.62,13.61,13.6,13.59,13.58,13.57,13.56,13.55,13.54,13.53,13.63,13.64,13.65,13.66,13.67,13.68,13.69,13.7,13.71,13.72,500,14800,9000,11700,12900,12000,23200,34300,58600,22700,10100,12800,79100,8900,13800,15800,9600,48300,6300,8400
7004.0,13.63,11697500,158304252.0,13.62,13.61,13.6,13.59,13.58,13.57,13.56,13.55,13.54,13.53,13.63,13.64,13.65,13.66,13.67,13.68,13.69,13.7,13.71,13.72,500,14800,9000,11700,12900,12000,23200,34300,58600,22700,9700,12800,79100,8900,13800,15800,9600,48300,6300,8400
7005.0,13.63,11697500,158304252.0,13.62,13.61,13.6,13.59,13.58,13.57,13.56,13.55,13.54,13.53,13.63,13.64,13.65,13.66,13.67,13.68,13.69,13.7,13.71,13.72,500,14800,9000,11700,12900,12000,23200,34300,58600,22700,9700,12800,79100,8900,13800,15800,9600,48300,6300,8400
7006.0,13.63,11697500,158304252.0,13.62,13.61,13.6,13.59,13.58,13.57,13.56,13.55,13.54,13.53,13.63,13.64,13.65,13.66,13.67,13.68,13.69,13.7,13.71,13.72,500,14800,9000,11700,12900,12000,23200,32600,58600,22700,9700,12800,79100,8900,13800,15800,9600,48300,6300,8400
7007.0,13.63,11697500,158304252.0,13.62,13.61,13.6,13.59,13.58,13.57,13.56,13.55,13.54,13.53,13.63,13.64,13.65,13.66,13.67,13.68,13.69,13.7,13.71,13.72,10000,14800,9000,11700,12900,12000,22200,32600,58600,22700,9700,12800,79100,8900,13800,15800,9600,48300,6300,8400
7008.0,13.63,11697500,158304252.0,13.62,13.61,13.6,13.59,13.58,13.57,13.56,13.55,13.54,13.53,13.63,13.64,13.65,13.66,13.67,13.68,13.69,13.7,13.71,13.72,10000,14800,9000,11700,12900,12000,22200,32600,58600,22700,9700,12800,79100,8900,13800,15800,9600,48300,6300,8400
7009.0,13.62,11698200,158313786.0,13.62,13.61,13.6,13.59,13.58,13.57,13.56,13.55,13.54,13.53,13.63,13.64,13.65,13.66,13.67,13.68,13.69,13.7,13.71,13.72,9300,14800,9000,11700,12900,12000,22200,32600,58600,22700,9700,12800,79100,8900,13800,15800,9600,48300,6300,8400
7010.0,13.62,11698200,158313786.0,13.62,13.61,13.6,13.59,13.58,13.57,13.56,13.55,13.54,13.53,13.63,13.64,13.65,13.66,13.67,13.68,13.69,13.7,13.71,13.72,9300,14800,9000,11700,12900,12000,22200,32600,58600,22700,9700,12800,79100,8900,13800,15800,9600,48300,6300,8400
7011.0,13.62,11698200,158313786.0,13.62,13.61,13.6,13.59,13.58,13.57,13.56,13.55,13.54,13.53,13.63,13.64,13.65,13.66,13.67,13.68,13.69,13.7,13.71,13.72,9300,14800,9000,11700,12900,12000,22200,32600,58600,22700,9700,12800,79100,8900,13800,15800,9600,48300,6300,8400
7012.0,13.63,11700300,158342402.0,13.62,13.61,13.6,13.59,13.58,13.57,13.56,13.55,13.54,13.53,13.63,13.64,13.65,13.66,13.67,13.68,13.69,13.7,13.71,13.72,8600,14800,9000,11700,12900,12000,22200,32600,58600,22700,8300,12800,79100,8900,13800,15800,9600,48300,6300,8400
7013.0,13.63,11700300,158342402.0,13.62,13.61,13.6,13.59,13.58,13.57,13.56,13.55,13.54,13.53,13.63,13.64,13.65,13.66,13.67,13.68,13.69,13.7,13.71,13.72,8600,14800,9000,11700,12900,12000,22200,32600,58600,22700,8300,12800,79100,8900,13800,15800,9600,48300,6300,8400
7014.0,13.62,11701700,158361470.0,13.62,13.61,13.6,13.59,13.58,13.57,13.56,13.55,13.54,13.53,13.63,13.64,13.65,13.66,13.67,13.68,13.69,13.7,13.71,13.72,7200,14800,9000,11700,12900,12000,22200,32600,58600,22700,8300,12800,79100,8900,13800,15800,9600,48300,6300,8400
7015.0,13.62,11701700,158361470.0,13.62,13.61,13.6,13.59,13.58,13.57,13.56,13.55,13.54,13.53,13.63,13.64,13.65,13.66,13.67,13.68,13.69,13.7,13.71,13.72,7200,14800,9000,11700,12900,12000,22200,32600,58600,22700,8300,12800,79100,8900,13800,15800,9600,48300,6300,8400
7016.0,13.62,11701700,158361470.0,13.62,13.61,13.6,13.59,13.58,13.57,13.56,13.55,13.54,13.53,13.63,13.64,13.65,13.66,13.67,13.68,13.69,13.7,13.71,13.72,7200,14800,9000,11700,12900,12000,22200,32600,58600,22700,8300,12800,79100,8900,13800,15800,9600,48300,6300,8400
7017.0,13.63,11703500,158385997.0,13.62,13.61,13.6,13.59,13.58,13.57,13.56,13.55,13.54,13.53,13.63,13.64,13.65,13.66,13.67,13.68,13.69,13.7,13.71,13.72,6500,14800,9000,11700,12900,12000,22200,32600,58600,22700,7200,12800,79100,8900,13800,15800,9600,48300,6300,8400
7018.0,13.63,11703500,158385997.0,13.62,13.61,13.6,13.59,13.58,13.57,13.56,13.55,13.54,13.53,13.63,13.64,13.65,13.66,13.67,13.68,13.69,13.7,13.71,13.72,6500,15700,9000,11700,12900,12000,22200,32600,58600,22700,7200,12800,79100,8900,13800,15800,9600,48300,6300,8400
7019.0,13.62,11704100,158394169.0,13.62,13.61,13.6,13.59,13.58,13.57,13.56,13.55,13.54,13.53,13.63,13.64,13.65,13.66,13.67,13.68,13.69,13.7,13.71,13.72,5900,15700,9000,12700,12900,12000,22200,32600,58600,22700,7200,12800,79100,8900,13800,15800,9600,48300,6300,8400
7020.0,13.62,11704600,158400979.0,13.62,13.61,13.6,13.59,13.58,13.57,13.56,13.55,13.54,13.53,13.63,13.64,13.65,13.66,13.67,13.68,13.69,13.7,13.71,13.72,5400,15700,9000,12700,12900,12000,22200,32600,58600,22700,7200,12800,79100,11900,13800,15800,9600,48300,6300,8400
7021.0,13.62,11704600,158400979.0,13.62,13.61,13.6,13.59,13.58,13.57,13.56,13.55,13.54,13.53,13.63,13.64,13.65,13.66,13.67,13.68,13.69,13.7,13.71,13.72,5400,15700,9000,12700,12900,12000,22200,32600,58600,22700,7200,12800,79100,11900,13800,15800,9600,48300,6300,8400
7022.0,13.62,11705100,158407789.0,13.62,13.61,13.6,13.59,13.58,13.57,13.56,13.55,13.54,13.53,13.63,13.64,13.65,13.66,13.67,13.68,13.69,13.7,13.71,13.72,4900,15700,9000,12700,12900,12000,22200,32600,58600,22700,7200,12800,79100,11900,13800,15800,9600,48300,6300,8400
7023.0,13.62,11705100,158407789.0,13.62,13.61,13.6,13.59,13.58,13.57,13.56,13.55,13.54,13.53,13.63,13.64,13.65,13.66,13.67,13.68,13.69,13.7,13.71,13.72,4900,15700,9000,12700,12900,12000,22200,32600,58600,22700,7200,12800,79100,11900,13800,15800,9600,48300,6300,8400
7024.0,13.62,11705500,158413237.0,13.62,13.61,13.6,13.59,13.58,13.57,13.56,13.55,13.54,13.53,13.63,13.64,13.65,13.66,13.67,13.68,13.69,13.7,13.71,13.72,4500,15700,9000,12700,12900,12000,18700,32600,58600,22700,7200,12800,79100,11900,13800,15800,9600,48300,6300,8400
7025.0,13.62,11705500,158413237.0,13.62,13.61,13.6,13.59,13.58,13.57,13.56,13.55,13.54,13.53,13.63,13.64,13.65,13.66,13.67,13.68,13.69,13.7,13.71,13.72,4500,15700,9000,12700,12900,12000,18700,32600,58600,22700,7200,12800,79100,11900,13800,15800,9600,48300,6300,8400
7026.0,13.62,11705500,158413237.0,13.62,13.61,13.6,13.59,13.58,13.57,13.56,13.55,13.54,13.53,13.63,13.64,13.65,13.66,13.67,13.68,13.69,13.7,13.71,13.72,4500,17900,9000,12700,12900,12000,18700,32600,58600,22700,7200,12800,79100,11900,13800,15800,9600,48300,6300,8400
7027.0,13.62,11706300,158424133.0,13.62,13.61,13.6,13.59,13.58,13.57,13.56,13.55,13.54,13.53,13.63,13.64,13.65,13.66,13.67,13.68,13.69,13.7,13.71,13.72,3700,17900,9000,12700,12900,12000,18700,32600,58600,22700,7200,12800,79100,11900,13800,15800,9600,48300,6300,8400
7028.0,13.62,11706300,158424133.0,13.62,13.61,13.6,13.59,13.58,13.57,13.56,13.55,13.54,13.53,13.63,13.64,13.65,13.66,13.67,13.68,13.69,13.7,13.71,13.72,3700,17900,9000,12700,12900,12000,18700,32600,58600,22700,7200,12800,79100,11900,13800,15800,9600,48300,6400,8400
7029.0,13.62,11706300,158424133.0,13.62,13.61,13.6,13.59,13.58,13.57,13.56,13.55,13.54,13.53,13.63,13.64,13.65,13.66,13.67,13.68,13.69,13.7,13.71,13.72,3700,17900,9000,12700,12900,12000,18700,32600,58600,22700,7200,12800,79100,11900,13800,15800,9600,48300,6400,8400
7030.0,13.63,11706800,158430945.0,13.62,13.61,13.6,13.59,13.58,13.57,13.56,13.55,13.54,13.53,13.63,13.64,13.65,13.66,13.67,13.68,13.69,13.7,13.71,13.72,3400,17900,9000,12700,12900,12000,18700,32600,58600,22700,7000,12800,79100,11900,13800,15800,9600,48300,6400,8400
7031.0,13.63,11706800,158430945.0,13.62,13.61,13.6,13.59,13.58,13.57,13.56,13.55,13.54,13.53,13.63,13.64,13.65,13.66,13.67,13.68,13.69,13.7,13.71,13.72,3400,17900,9000,12700,12900,12000,18700,32600,58600,22700,7000,12800,79100,11900,13800,15800,9600,48300,6400,8400
7032.0,13.63,11706800,158430945.0,13.62,13.61,13.6,13.59,13.58,13.57,13.56,13.55,13.54,13.53,13.63,13.64,13.65,13.66,13.67,13.68,13.69,13.7,13.71,13.72,3400,17900,9000,12700,12900,12000,18700,32600,58600,22700,7000,12800,79100,11900,13800,15800,9600,48300,6400,8400
7033.0,13.63,11707600,158441846.0,13.62,13.61,13.6,13.59,13.58,13.57,13.56,13.55,13.54,13.53,13.63,13.64,13.65,13.66,13.67,13.68,13.69,13.7,13.71,13.72,3100,17900,9000,12700,12900,12000,18700,32600,58600,22700,6500,12800,79100,11900,13800,15800,9600,48300,6400,8400
7034.0,13.62,11708500,158454104.0,13.62,13.61,13.6,13.59,13.58,13.57,13.56,13.55,13.54,13.53,13.63,13.64,13.65,13.66,13.67,13.68,13.69,13.7,13.71,13.72,2200,17900,9000,12700,12900,12000,18700,32600,58600,22700,6500,12800,79100,11900,13800,15800,9600,48300,6400,8400
7035.0,13.62,11708500,158454104.0,13.62,13.61,13.6,13.59,13.58,13.57,13.56,13.55,13.54,13.53,13.63,13.64,13.65,13.66,13.67,13.68,13.69,13.7,13.71,13.72,2200,17900,9000,12700,12900,12000,18700,32600,58600,22700,6500,12800,79100,11900,13800,15800,9600,48300,6400,8400
7036.0,13.62,11708700,158456828.0,13.62,13.61,13.6,13.59,13.58,13.57,13.56,13.55,13.54,13.53,13.63,13.64,13.65,13.66,13.67,13.68,13.69,13.7,13.71,13.72,2000,17900,9000,12700,12900,12000,18700,32600,58600,22700,6500,12800,79100,11900,13800,15800,9600,48300,6400,8400
7037.0,13.62,11708700,158456828.0,13.62,13.61,13.6,13.59,13.58,13.57,13.56,13.55,13.54,13.53,13.63,13.64,13.65,13.66,13.67,13.68,13.69,13.7,13.71,13.72,2000,17900,9000,12700,12900,12000,18700,32600,58600,22700,6600,12800,79100,11900,13800,15800,9600,48300,6400,8400
7038.0,13.62,11708700,158456828.0,13.62,13.61,13.6,13.59,13.58,13.57,13.56,13.55,13.54,13.53,13.63,13.64,13.65,13.66,13.67,13.68,13.69,13.7,13.71,13.72,2200,17900,9000,12700,12900,12000,18700,32600,58600,22700,7100,12800,79100,11900,13800,15800,9600,48300,6400,8400
7039.0,13.62,11708900,158459552.0,13.62,13.61,13.6,13.59,13.58,13.57,13.56,13.55,13.54,13.53,13.63,13.64,13.65,13.66,13.67,13.68,13.69,13.7,13.71,13.72,2000,17900,9000,12700,12900,12000,18700,32600,58600,22700,7100,12800,79100,11900,13800,15800,9600,48300,6400,8400
7040.0,13.62,11709200,158463638.0,13.62,13.61,13.6,13.59,13.58,13.57,13.56,13.55,13.54,13.53,13.63,13.64,13.65,13.66,13.67,13.68,13.69,13.7,13.71,13.72,1700,17900,9000,12700,12900,12000,18700,32600,58600,22700,7100,9900,79100,11900,13800,15800,9600,48300,6400,8400
7041.0,13.63,11709900,158473179.0,13.62,13.61,13.6,13.59,13.58,13.57,13.56,13.55,13.54,13.53,13.63,13.64,13.65,13.66,13.67,13.68,13.69,13.7,13.71,13.72,1700,17900,9000,12700,12900,12000,18700,32600,58600,22700,6400,9900,79100,11900,13800,15800,9600,48300,6400,8400
7042.0,13.62,11710000,158474541.0,13.62,13.61,13.6,13.59,13.58,13.57,13.56,13.55,13.54,13.53,13.63,13.64,13.65,13.66,13.67,13.68,13.69,13.7,13.71,13.72,1600,17900,9000,12700,12900,12000,18700,32600,58600,22700,6400,9900,79100,11900,13800,15800,9600,48300,6400,8400
7043.0,13.62,11710000,158474541.0,13.62,13.61,13.6,13.59,13.58,13.57,13.56,13.55,13.54,13.53,13.63,13.64,13.65,13.66,13.67,13.68,13.69,13.7,13.71,13.72,1600,17900,9000,12700,12900,12000,18700,32600,58600,22700,6400,9900,79100,11900,13800,15800,9600,48300,6400,8400
7044.0,13.62,11710100,158475903.0,13.62,13.61,13.6,13.59,13.58,13.57,13.56,13.55,13.54,13.53,13.63,13.64,13.65,13.66,13.67,13.68,13.69,13.7,13.71,13.72,1500,17900,9000,12700,12900,12000,18700,32600,58600,22700,7800,9900,79100,11900,13800,15800,9600,48300,6400,8400
7045.0,13.62,11710100,158475903.0,13.62,13.61,13.6,13.59,13.58,13.57,13.56,13.55,13.54,13.53,13.63,13.64,13.65,13.66,13.67,13.68,13.69,13.7,13.71,13.72,1500,17900,9000,12700,12900,12000,18700,32600,58600,22700,9900,9900,79100,11900,13800,15800,9600,48300,6400,8400
7046.0,13.62,11710100,158475903.0,13.62,13.61,13.6,13.59,13.58,13.57,13.56,13.55,13.54,13.53,13.63,13.64,13.65,13.66,13.67,13.68,13.69,13.7,13.71,13.72,1500,17900,9000,12700,12900,12000,18700,32600,58600,22700,9900,9900,79100,11900,13800,15800,9600,48300,6400,8400
7047.0,13.62,11710200,158477265.0,13.62,13.61,13.6,13.59,13.58,13.57,13.56,13.55,13.54,13.53,13.63,13.64,13.65,13.66,13.67,13.68,13.69,13.7,13.71,13.72,1400,17900,9000,12700,12900,12000,18700,32600,58600,22700,9900,9900,79100,11900,13800,15800,9600,48300,6400,8400
7048.0,13.63,11710900,158486806.0,13.62,13.61,13.6,13.59,13.58,13.57,13.56,13.55,13.54,13.53,13.63,13.64,13.65,13.66,13.67,13.68,13.69,13.7,13.71,13.72,1400,17900,9000,12700,12900,12000,18700,32600,58600,22700,9200,9900,78700,11900,13800,15800,9600,48300,6400,8400
7049.0,13.63,11712900,158514066.0,13.62,13.61,13.6,13.59,13.58,13.57,13.56,13.55,13.54,13.53,13.63,13.64,13.65,13.66,13.67,13.68,13.69,13.7,13.71,13.72,1400,17900,9000,12700,12900,12000,18700,32600,58600,22700,7200,9900,78700,11900,13800,15800,9600,48300,6400,8400
7050.0,13.62,11713000,158515428.0,13.62,13.61,13.6,13.59,13.58,13.57,13.56,13.55,13.54,13.53,13.63,13.64,13.65,13.66,13.67,13.68,13.69,13.7,13.71,13.72,1300,17900,9000,12700,12900,12000,18700,32600,58600,22700,7200,9900,78700,11900,13800,15800,9600,48300,6400,8400
7051.0,13.62,11713000,158515428.0,13.62,13.61,13.6,13.59,13.58,13.57,13.56,13.55,13.54,13.53,13.63,13.64,13.65,13.66,13.67,13.68,13.69,13.7,13.71,13.72,1300,17900,9000,12700,12900,12000,18700,32600,58600,22700,7200,9900,78700,11900,13800,15800,9600,48300,6400,8400
7052.0,13.62,11713000,158515428.0,13.62,13.61,13.6,13.59,13.58,13.57,13.56,13.55,13.54,13.53,13.63,13.64,13.65,13.66,13.67,13.68,13.69,13.7,13.71,13.72,1300,17900,9000,12700,12900,12000,18700,32600,58600,22700,7200,9900,78700,11900,13800,15800,9600,48300,6400,8400
7053.0,13.62,11713100,158516790.0,13.62,13.61,13.6,13.59,13.58,13.57,13.56,13.55,13.54,13.53,13.63,13.64,13.65,13.66,13.67,13.68,13.69,13.7,13.71,13.72,1200,17900,9000,12700,12900,12000,18700,32600,58600,22700,8800,9900,78700,11900,13800,15800,9600,48300,6400,8400
7054.0,13.63,11713600,158523605.0,13.62,13.61,13.6,13.59,13.58,13.57,13.56,13.55,13.54,13.53,13.63,13.64,13.65,13.66,13.67,13.68,13.69,13.7,13.71,13.72,1200,17900,9000,12700,12900,12000,18700,32600,58600,22700,8300,9900,78700,11900,13800,15800,9600,48300,6400,8400
7055.0,13.63,11714300,158533146.0,13.62,13.61,13.6,13.59,13.58,13.57,13.56,13.55,13.54,13.53,13.63,13.64,13.65,13.66,13.67,13.68,13.69,13.7,13.71,13.72,1200,17900,9000,12700,12900,12000,18700,32600,58600,22700,7600,9900,78700,11900,13800,15800,9600,48300,6400,8400
7056.0,13.62,11714800,158539956.0,13.62,13.61,13.6,13.59,13.58,13.57,13.56,13.55,13.54,13.53,13.63,13.64,13.65,13.66,13.67,13.68,13.69,13.7,13.71,13.72,700,17900,9000,12700,12900,12000,18700,32600,58600,22700,7600,9900,78700,11900,13800,15800,9600,48300,6400,8400
7057.0,13.62,11714800,158539956.0,13.62,13.61,13.6,13.59,13.58,13.57,13.56,13.55,13.54,13.53,13.63,13.64,13.65,13.66,13.67,13.68,13.69,13.7,13.71,13.72,700,17900,9000,12700,12900,12000,18700,32600,58600,22700,7600,9900,78700,11900,13800,15800,9600,48300,6400,8400
7058.0,13.62,11714800,158539956.0,13.62,13.61,13.6,13.59,13.58,13.57,13.56,13.55,13.54,13.53,13.63,13.64,13.65,13.66,13.67,13.68,13.69,13.7,13.71,13.72,700,17900,9000,12700,12900,12000,18700,32600,58600,22700,7600,9900,78700,11900,13800,15800,9600,48300,6400,8400
7059.0,13.62,11714800,158539956.0,13.62,13.61,13.6,13.59,13.58,13.57,13.56,13.55,13.54,13.53,13.63,13.64,13.65,13.66,13.67,13.68,13.69,13.7,13.71,13.72,700,17900,9000,12700,12900,12000,18700,32600,58600,22700,7600,9900,78700,11900,13800,15800,9600,48300,6400,8400
7060.0,13.63,11715000,158542682.0,13.62,13.61,13.6,13.59,13.58,13.57,13.56,13.55,13.54,13.53,13.63,13.64,13.65,13.66,13.67,13.68,13.69,13.7,13.71,13.72,700,17900,9000,12700,12900,12000,18700,32600,58600,22700,7400,9900,78700,11900,13800,15800,9600,48300,6400,8400
7061.0,13.63,11715000,158542682.0,13.62,13.61,13.6,13.59,13.58,13.57,13.56,13.55,13.54,13.53,13.63,13.64,13.65,13.66,13.67,13.68,13.69,13.7,13.71,13.72,700,17900,9000,12700,12900,12000,18700,32600,58600,22700,7400,9900,79700,11900,13800,15800,9600,48300,6400,8400
7062.0,13.63,11715700,158552223.0,13.62,13.61,13.6,13.59,13.58,13.57,13.56,13.55,13.54,13.53,13.63,13.64,13.65,13.66,13.67,13.68,13.69,13.7,13.71,13.72,700,17900,9000,12700,12900,12000,18700,32600,58600,22700,11700,9900,79700,12000,13800,15800,9600,48300,6400,8400
7063.0,13.63,11715700,158552223.0,13.62,13.61,13.6,13.59,13.58,13.57,13.56,13.55,13.54,13.53,13.63,13.64,13.65,13.66,13.67,13.68,13.69,13.7,13.71,13.72,1200,17900,9000,12700,12900,12000,18700,32600,58600,22800,11700,9900,79700,12000,13800,15800,9600,48300,6400,8400
7064.0,13.62,11716100,158557672.0,13.62,13.61,13.6,13.59,13.58,13.57,13.56,13.55,13.54,13.53,13.63,13.64,13.65,13.66,13.67,13.68,13.69,13.7,13.71,13.72,2600,17900,9000,12700,12900,12000,18700,32600,58600,22800,11600,9900,79700,12000,13800,15800,9600,48300,6400,8400
7065.0,13.63,11716200,158559035.0,13.62,13.61,13.6,13.59,13.58,13.57,13.56,13.55,13.54,13.53,13.63,13.64,13.65,13.66,13.67,13.68,13.69,13.7,13.71,13.72,2600,17900,9000,12700,12900,12000,18700,32600,58600,22800,11500,12900,79700,12000,13800,15800,9600,48300,6400,8400
7066.0,13.63,11718000,158583567.0,13.62,13.61,13.6,13.59,13.58,13.57,13.56,13.55,13.54,13.53,13.63,13.64,13.65,13.66,13.67,13.68,13.69,13.7,13.71,13.72,2400,17900,9000,12700,12900,12000,18700,32600,58600,22800,9900,13400,79700,12000,13800,15800,9600,48300,6400,8400
7067.0,13.62,11718400,158589015.0,13.62,13.61,13.6,13.59,13.58,13.57,13.56,13.55,13.54,13.53,13.63,13.64,13.65,13.66,13.67,13.68,13.69,13.7,13.71,13.72,2000,17900,9000,12700,12900,12000,18700,32600,58600,22800,9900,13400,79700,12000,13800,15800,9600,48300,6400,8400
7068.0,13.62,11718400,158589015.0,13.62,13.61,13.6,13.59,13.58,13.57,13.56,13.55,13.54,13.53,13.63,13.64,13.65,13.66,13.67,13.68,13.69,13.7,13.71,13.72,2000,17900,9000,12700,12900,12000,18700,32600,58600,22800,9900,13400,79700,12000,13800,15800,9600,48300,6400,8400
7069.0,13.62,11719300,158601280.0,13.62,13.61,13.6,13.59,13.58,13.57,13.56,13.55,13.54,13.53,13.63,13.64,13.65,13.66,13.67,13.68,13.69,13.7,13.71,13.72,1800,17900,9000,12700,12900,12000,18700,32600,58600,22800,9200,13400,79700,12000,13800,15800,9600,48300,6400,8400
7070.0,13.62,11719300,158601280.0,13.62,13.61,13.6,13.59,13.58,13.57,13.56,13.55,13.54,13.53,13.63,13.64,13.65,13.66,13.67,13.68,13.69,13.7,13.71,13.72,1800,17900,9000,12700,12900,12000,18700,32600,58600,22800,9200,13400,79700,12000,13800,15800,9600,48300,6400,8400
7071.0,13.62,11719300,158601280.0,13.62,13.61,13.6,13.59,13.58,13.57,13.56,13.55,13.54,13.53,13.63,13.64,13.65,13.66,13.67,13.68,13.69,13.7,13.71,13.72,1800,17900,9000,12700,12900,12000,18700,32600,58600,22800,9200,13400,79700,12000,13800,15800,9600,48300,6400,8400
7072.0,13.62,11719400,158602642.0,13.62,13.61,13.6,13.59,13.58,13.57,13.56,13.55,13.54,13.53,13.63,13.64,13.65,13.66,13.67,13.68,13.69,13.7,13.71,13.72,1700,17900,9000,12700,12900,12000,18700,32600,58600,22800,9200,13400,79700,12000,13800,15800,9600,48300,6400,8400
7073.0,13.63,11720500,158617635.0,13.62,13.61,13.6,13.59,13.58,13.57,13.56,13.55,13.54,13.53,13.63,13.64,13.65,13.66,13.67,13.68,13.69,13.7,13.71,13.72,1700,17900,9000,12700,12900,12000,18700,32600,58600,22800,8100,13400,79700,12000,13800,15800,9600,48300,6400,8400
7074.0,13.63,11720500,158617635.0,13.62,13.61,13.6,13.59,13.58,13.57,13.56,13.55,13.54,13.53,13.63,13.64,13.65,13.66,13.67,13.68,13.69,13.7,13.71,13.72,1700,17900,9000,12700,12900,12000,18700,32600,58600,22800,8100,13400,79700,12000,13800,15800,9600,48300,6400,8400
7075.0,13.63,11721300,158628538.0,13.62,13.61,13.6,13.59,13.58,13.57,13.56,13.55,13.54,13.53,13.63,13.64,13.65,13.66,13.67,13.68,13.69,13.7,13.71,13.72,1600,17900,9000,12700,12900,12000,18700,32600,58600,22800,7400,13400,79700,12000,13800,15800,9600,48300,6400,8400
7076.0,13.63,11721300,158628538.0,13.62,13.61,13.6,13.59,13.58,13.57,13.56,13.55,13.54,13.53,13.63,13.64,13.65,13.66,13.67,13.68,13.69,13.7,13.71,13.72,1600,17900,9000,12700,12900,12000,18700,32600,58600,22800,7400,13400,79700,12000,13800,15800,9600,48300,6400,8400
7077.0,13.63,11722300,158642168.0,13.62,13.61,13.6,13.59,13.58,13.57,13.56,13.55,13.54,13.53,13.63,13.64,13.65,13.66,13.67,13.68,13.69,13.7,13.71,13.72,1600,17900,9000,12700,12900,12000,18700,32600,58600,22800,6400,13400,79700,12000,13800,15800,9600,48300,6400,8400
7078.0,13.62,11722700,158647616.0,13.62,13.61,13.6,13.59,13.58,13.57,13.56,13.55,13.54,13.53,13.63,13.64,13.65,13.66,13.67,13.68,13.69,13.7,13.71,13.72,1200,17900,9000,12700,12900,12000,18700,32600,58600,22800,6400,13400,79700,12000,13800,15800,9600,48300,6400,8400
7079.0,13.62,11722700,158647616.0,13.62,13.61,13.6,13.59,13.58,13.57,13.56,13.55,13.54,13.53,13.63,13.64,13.65,13.66,13.67,13.68,13.69,13.7,13.71,13.72,1200,17900,9000,12700,12900,12000,18700,32600,58600,22800,6400,13400,79700,12000,13800,15800,9600,48300,6400,8400
7080.0,13.62,11722700,158647616.0,13.62,13.61,13.6,13.59,13.58,13.57,13.56,13.55,13.54,13.53,13.63,13.64,13.65,13.66,13.67,13.68,13.69,13.7,13.71,13.72,1200,17900,9000,12700,12900,12000,18700,32600,58600,22800,6400,13400,79700,12000,13800,15800,9600,48300,6400,8400
7081.0,13.62,11722800,158648978.0,13.62,13.61,13.6,13.59,13.58,13.57,13.56,13.55,13.54,13.53,13.63,13.64,13.65,13.66,13.67,13.68,13.69,13.7,13.71,13.72,1100,17900,9000,12700,12900,12000,18700,32600,58600,22800,6400,13400,81600,12000,13800,15800,9600,48300,6400,8400
7082.0,13.62,11722800,158648978.0,13.62,13.61,13.6,13.59,13.58,13.57,13.56,13.55,13.54,13.53,13.63,13.64,13.65,13.66,13.67,13.68,13.69,13.7,13.71,13.72,1100,17900,9000,12700,12900,12000,18700,32600,58600,22800,6400,13400,81600,12000,13800,15800,9600,48300,6400,8400
7083.0,13.63,11723400,158657156.0,13.62,13.61,13.6,13.59,13.58,13.57,13.56,13.55,13.54,13.53,13.63,13.64,13.65,13.66,13.67,13.68,13.69,13.7,13.71,13.72,1100,17900,9000,12700,12900,12000,18700,32600,58600,22800,5800,13400,81600,12000,13800,15800,9600,48300,6400,8400
7084.0,13.62,11723500,158658518.0,13.62,13.61,13.6,13.59,13.58,13.57,13.56,13.55,13.54,13.53,13.63,13.64,13.65,13.66,13.67,13.68,13.69,13.7,13.71,13.72,1000,17900,9000,12700,12900,12000,18700,32600,58600,22800,5800,13400,81600,12000,13800,15800,9600,48300,6400,8400
7085.0,13.62,11724500,158672138.0,13.61,13.6,13.59,13.58,13.57,13.56,13.55,13.54,13.53,13.52,13.62,13.63,13.64,13.65,13.66,13.67,13.68,13.69,13.7,13.71,17900,9000,12700,12900,12000,18700,32600,58600,22800,22000,600,5800,13400,81600,12000,13800,15800,9600,48300,6400
7086.0,13.62,11724500,158672138.0,13.61,13.6,13.59,13.58,13.57,13.56,13.55,13.54,13.53,13.52,13.62,13.63,13.64,13.65,13.66,13.67,13.68,13.69,13.7,13.71,18200,9000,12700,12900,12000,18700,32600,58600,22800,22000,900,5800,13400,81600,12000,13800,15800,9600,48300,6400
7087.0,13.61,11725200,158681665.0,13.61,13.6,13.59,13.58,13.57,13.56,13.55,13.54,13.53,13.52,13.62,13.63,13.64,13.65,13.66,13.67,13.68,13.69,13.7,13.71,17600,9000,12700,12900,12000,18700,32600,58600,22800,22000,1000,5800,13400,81600,12000,13800,15800,9600,48300,6400
7088.0,13.63,11730200,158749802.0,13.61,13.6,13.59,13.58,13.57,13.56,13.55,13.54,13.53,13.52,13.63,13.64,13.65,13.66,13.67,13.68,13.69,13.7,13.71,13.72,17900,9000,12700,12900,12000,18700,32600,58600,22800,22000,2100,13400,81600,12000,13800,15800,9600,48300,6400,8400
7089.0,13.61,11731600,158768856.0,13.61,13.6,13.59,13.58,13.57,13.56,13.55,13.54,13.53,13.52,13.63,13.64,13.65,13.66,13.67,13.68,13.69,13.7,13.71,13.72,16500,9000,12700,12900,12000,18700,32600,58600,22800,22000,2100,13400,81600,12000,13800,15800,9600,48300,6400,8400
7090.0,13.61,11732500,158781109.0,13.61,13.6,13.59,13.58,13.57,13.56,13.55,13.54,13.53,13.52,13.62,13.63,13.64,13.65,13.66,13.67,13.68,13.69,13.7,13.71,15900,9000,12700,12900,12000,18700,32600,58600,22800,22000,1900,2000,13400,81600,12000,13800,15800,9600,48300,6400
7091.0,13.62,11732600,158782471.0,13.61,13.6,13.59,13.58,13.57,13.56,13.55,13.54,13.53,13.52,13.62,13.63,13.64,13.65,13.66,13.67,13.68,13.69,13.7,13.71,16300,9000,12700,12900,12000,18700,32600,58600,22800,22000,2200,2000,13400,81600,12000,13800,15800,9600,48300,6400
7092.0,13.62,11732600,158782471.0,13.61,13.6,13.59,13.58,13.57,13.56,13.55,13.54,13.53,13.52,13.62,13.63,13.64,13.65,13.66,13.67,13.68,13.69,13.7,13.71,16300,9000,12700,12900,12000,18700,32600,58600,22800,22000,2300,2000,13400,81600,12000,13800,15800,9600,48300,6400
7093.0,13.61,11733300,158791998.0,13.61,13.6,13.59,13.58,13.57,13.56,13.55,13.54,13.53,13.52,13.62,13.63,13.64,13.65,13.66,13.67,13.68,13.69,13.7,13.71,15900,9000,12700,12900,12000,18700,32600,58600,22800,22000,2600,2000,13400,81600,12000,13800,15800,9600,48300,6400
7094.0,13.61,11733300,158791998.0,13.61,13.6,13.59,13.58,13.57,13.56,13.55,13.54,13.53,13.52,13.62,13.63,13.64,13.65,13.66,13.67,13.68,13.69,13.7,13.71,15900,9000,12700,12900,12000,18700,32600,58600,22800,22000,2600,2000,13400,81600,12000,13800,15800,9600,48300,6400
7095.0,13.62,11736000,158828772.0,13.62,13.61,13.6,13.59,13.58,13.57,13.56,13.55,13.54,13.53,13.63,13.64,13.65,13.66,13.67,13.68,13.69,13.7,13.71,13.72,9300,16000,9000,12700,12900,12000,18700,32600,58600,22800,2000,13400,81600,12000,13800,15800,9600,48300,6400,8400
7096.0,13.62,11736700,158838306.0,13.62,13.61,13.6,13.59,13.58,13.57,13.56,13.55,13.54,13.53,13.63,13.64,13.65,13.66,13.67,13.68,13.69,13.7,13.71,13.72,8600,16000,9000,12700,12900,12000,18700,32600,58600,22800,2000,13400,81600,12000,13800,15800,9600,48300,6400,8400
7097.0,13.63,11736900,158841032.0,13.62,13.61,13.6,13.59,13.58,13.57,13.56,13.55,13.54,13.53,13.63,13.64,13.65,13.66,13.67,13.68,13.69,13.7,13.71,13.72,8600,16000,9000,12700,12900,12000,18700,32600,58600,22800,1800,13400,81600,12000,13800,15800,9600,48300,6400,8400
7098.0,13.63,11736900,158841032.0,13.62,13.61,13.6,13.59,13.58,13.57,13.56,13.55,13.54,13.53,13.63,13.64,13.65,13.66,13.67,13.68,13.69,13.7,13.71,13.72,8600,16000,9000,12700,12900,12000,18700,32600,58600,22800,1800,13400,81600,12000,13800,15800,9600,48300,6400,8400
7099.0,13.62,11737600,158850566.0,13.62,13.61,13.6,13.59,13.58,13.57,13.56,13.55,13.54,13.53,13.63,13.64,13.65,13.66,13.67,13.68,13.69,13.7,13.71,13.72,7900,16000,9000,12700,12900,12000,18700,32600,58600,22800,1800,13400,81600,12000,13800,15800,9600,48300,6400,8400
7100.0,13.64,11746900,158977372.0,13.62,13.61,13.6,13.59,13.58,13.57,13.56,13.55,13.54,13.53,13.64,13.65,13.66,13.67,13.68,13.69,13.7,13.71,13.72,13.73,6500,16000,9000,12700,12900,12000,18700,32600,58600,22800,7300,81600,12000,13800,15800,9600,48300,6400,8400,40700
7101.0,13.64,11746900,158977372.0,13.62,13.61,13.6,13.59,13.58,13.57,13.56,13.55,13.54,13.53,13.64,13.65,13.66,13.67,13.68,13.69,13.7,13.71,13.72,13.73,6800,16000,9000,12700,12900,12000,18700,32600,58600,22800,7900,81600,12000,13800,15800,9600,48300,6400,8400,40700
7102.0,13.62,11747500,158985544.0,13.63,13.62,13.61,13.6,13.59,13.58,13.57,13.56,13.55,13.54,13.64,13.65,13.66,13.67,13.68,13.69,13.7,13.71,13.72,13.73,3800,6200,16000,9000,12700,12900,12000,18700,32600,58600,8300,81600,12000,13800,15800,9600,48300,6400,8400,40700
7103.0,13.64,11748200,158995092.0,13.63,13.62,13.61,13.6,13.59,13.58,13.57,13.56,13.55,13.54,13.64,13.65,13.66,13.67,13.68,13.69,13.7,13.71,13.72,13.73,3800,6600,16000,9000,12700,12900,12000,18700,32600,58600,7600,81600,12000,13800,15800,9600,48300,6400,8400,40700
7104.0,13.64,11748200,158995092.0,13.63,13.62,13.61,13.6,13.59,13.58,13.57,13.56,13.55,13.54,13.64,13.65,13.66,13.67,13.68,13.69,13.7,13.71,13.72,13.73,3800,6600,16000,9000,12700,12900,12000,18700,32000,58600,7600,81600,12000,13800,15800,9600,48300,6400,8400,40700
7105.0,13.63,11748500,158999181.0,13.63,13.62,13.61,13.6,13.59,13.58,13.57,13.56,13.55,13.54,13.64,13.65,13.66,13.67,13.68,13.69,13.7,13.71,13.72,13.73,3500,6600,16000,9000,12700,12900,12000,18700,32000,58600,7600,81600,12000,13800,15800,9600,48300,6400,8400,40700
7106.0,13.63,11748500,158999181.0,13.63,13.62,13.61,13.6,13.59,13.58,13.57,13.56,13.55,13.54,13.64,13.65,13.66,13.67,13.68,13.69,13.7,13.71,13.72,13.73,3500,9600,16000,9000,12700,12900,12000,18700,32000,58600,7600,81600,12000,13800,15800,9600,48300,6400,8400,40700
7107.0,13.63,11748500,158999181.0,13.63,13.62,13.61,13.6,13.59,13.58,13.57,13.56,13.55,13.54,13.64,13.65,13.66,13.67,13.68,13.69,13.7,13.71,13.72,13.73,3500,9600,16000,9000,12700,12900,12000,18700,32000,58600,7600,81600,12000,13800,15800,9600,48300,6400,8400,40700
7108.0,13.63,11749800,159016900.0,13.63,13.62,13.61,13.6,13.59,13.58,13.57,13.56,13.55,13.54,13.64,13.65,13.66,13.67,13.68,13.69,13.7,13.71,13.72,13.73,2200,9600,16000,9000,12700,12900,12000,18700,32000,58600,7600,81600,12000,13800,15800,9600,48300,6400,8400,40700
7109.0,13.63,11749800,159016900.0,13.63,13.62,13.61,13.6,13.59,13.58,13.57,13.56,13.55,13.54,13.64,13.65,13.66,13.67,13.68,13.69,13.7,13.71,13.72,13.73,2200,9600,16000,9000,12700,12900,12000,18700,32000,58600,7600,81600,12000,13800,15800,9600,48300,6400,8400,40700
7110.0,13.64,11749900,159018264.0,13.63,13.62,13.61,13.6,13.59,13.58,13.57,13.56,13.55,13.54,13.64,13.65,13.66,13.67,13.68,13.69,13.7,13.71,13.72,13.73,2200,9600,16000,6600,12700,12900,12000,18700,32000,58600,7500,81600,12000,13800,15800,9600,48300,6400,8400,40700
7111.0,13.63,11751700,159042805.0,13.63,13.62,13.61,13.6,13.59,13.58,13.57,13.56,13.55,13.54,13.64,13.65,13.66,13.67,13.68,13.69,13.7,13.71,13.72,13.73,1300,9600,16000,6600,12700,12900,12000,18700,32000,58600,7900,81600,12000,13800,15800,9600,48300,6400,8400,40700
7112.0,13.64,11752200,159049625.0,13.63,13.62,13.61,13.6,13.59,13.58,13.57,13.56,13.55,13.54,13.64,13.65,13.66,13.67,13.68,13.69,13.7,13.71,13.72,13.73,1300,9600,16000,6600,12700,12900,12000,18700,32000,58600,7400,81600,12000,13800,15800,9600,48300,6400,8400,40700
7113.0,13.64,11753500,159067357.0,13.63,13.62,13.61,13.6,13.59,13.58,13.57,13.56,13.55,13.54,13.64,13.65,13.66,13.67,13.68,13.69,13.7,13.71,13.72,13.73,1300,9600,16000,6600,12700,12900,12000,18700,32000,58600,6100,81600,12000,13800,15800,9600,48300,6400,8400,40700
7114.0,13.63,11754200,159076899.0,13.63,13.62,13.61,13.6,13.59,13.58,13.57,13.56,13.55,13.54,13.64,13.65,13.66,13.67,13.68,13.69,13.7,13.71,13.72,13.73,700,9600,16000,6600,12700,12900,12000,18700,32000,58600,6000,81600,12000,13800,15800,9600,48300,6400,8400,40700
7115.0,13.63,11754200,159076899.0,13.63,13.62,13.61,13.6,13.59,13.58,13.57,13.56,13.55,13.54,13.64,13.65,13.66,13.67,13.68,13.69,13.7,13.71,13.72,13.73,700,9600,16000,6600,12700,12900,12000,18700,32000,58600,6000,81600,12000,13800,15800,9600,48300,6400,8400,40700
7116.0,13.63,11754200,159076899.0,13.63,13.62,13.61,13.6,13.59,13.58,13.57,13.56,13.55,13.54,13.64,13.65,13.66,13.67,13.68,13.69,13.7,13.71,13.72,13.73,700,9600,16000,6600,12700,12900,12000,18700,32000,58600,6000,81600,12000,13800,15800,9600,48300,6400,8400,40700
7117.0,13.64,11755200,159090539.0,13.63,13.62,13.61,13.6,13.59,13.58,13.57,13.56,13.55,13.54,13.64,13.65,13.66,13.67,13.68,13.69,13.7,13.71,13.72,13.73,700,9600,16000,6600,12700,12900,12000,18700,32000,58600,5000,81600,12000,13800,15800,9600,48300,6400,8400,40700
7118.0,13.64,11755200,159090539.0,13.63,13.62,13.61,13.6,13.59,13.58,13.57,13.56,13.55,13.54,13.64,13.65,13.66,13.67,13.68,13.69,13.7,13.71,13.72,13.73,700,9600,16000,6600,12700,12900,12000,18700,32000,58600,5000,81600,12000,13800,15800,9600,48300,6400,8400,40700
7119.0,13.64,11755200,159090539.0,13.63,13.62,13.61,13.6,13.59,13.58,13.57,13.56,13.55,13.54,13.64,13.65,13.66,13.67,13.68,13.69,13.7,13.71,13.72,13.73,700,9600,16000,6600,12700,12900,12000,18700,32000,58600,5000,81600,12000,13800,15800,9600,48300,6400,8400,40700
7120.0,13.64,11755900,159100087.0,13.63,13.62,13.61,13.6,13.59,13.58,13.57,13.56,13.55,13.54,13.64,13.65,13.66,13.67,13.68,13.69,13.7,13.71,13.72,13.73,700,9600,16000,6600,12700,12900,12000,18700,32000,58600,4300,81600,12000,13800,15800,9600,48300,6400,8400,40700
7121.0,13.64,11755900,159100087.0,13.63,13.62,13.61,13.6,13.59,13.58,13.57,13.56,13.55,13.54,13.64,13.65,13.66,13.67,13.68,13.69,13.7,13.71,13.72,13.73,3100,9600,16000,8600,12700,12900,12000,18700,32000,58600,4300,81600,12000,13800,15800,9600,48300,6400,8400,40700
7122.0,13.63,11756600,159109628.0,13.63,13.62,13.61,13.6,13.59,13.58,13.57,13.56,13.55,13.54,13.64,13.65,13.66,13.67,13.68,13.69,13.7,13.71,13.72,13.73,2300,9600,16000,8600,12700,12900,12000,18700,32000,58600,4300,81600,12000,13800,15800,9600,48300,6400,8400,40700
7123.0,13.63,11756600,159109628.0,13.63,13.62,13.61,13.6,13.59,13.58,13.57,13.56,13.55,13.54,13.64,13.65,13.66,13.67,13.68,13.69,13.7,13.71,13.72,13.73,2300,9600,16000,8600,12700,12900,12000,18700,32000,58600,4300,81600,12000,13800,15800,9600,48300,6400,8400,40700
7124.0,13.64,11758300,159132816.0,13.63,13.62,13.61,13.6,13.59,13.58,13.57,13.56,13.55,13.54,13.64,13.65,13.66,13.67,13.68,13.69,13.7,13.71,13.72,13.73,2300,9600,16000,8600,12700,12900,12000,18700,32000,58600,3000,81600,12000,13800,15800,9600,48300,6400,8400,40700
7125.0,13.64,11758300,159132816.0,13.63,13.62,13.61,13.6,13.59,13.58,13.57,13.56,13.55,13.54,13.64,13.65,13.66,13.67,13.68,13.69,13.7,13.71,13.72,13.73,2300,9600,16000,8600,12700,12900,12000,18700,32000,58600,3000,81600,12000,13800,15800,9600,48300,6400,8400,40700
7126.0,13.64,11758700,159138272.0,13.63,13.62,13.61,13.6,13.59,13.58,13.57,13.56,13.55,13.54,13.64,13.65,13.66,13.67,13.68,13.69,13.7,13.71,13.72,13.73,2300,9600,16000,8600,12700,12900,12000,18700,32000,58600,6600,81600,12000,13800,15800,9600,48300,6400,8400,40700
7127.0,13.63,11760500,159162806.0,13.63,13.62,13.61,13.6,13.59,13.58,13.57,13.56,13.55,13.54,13.64,13.65,13.66,13.67,13.68,13.69,13.7,13.71,13.72,13.73,500,9600,16000,8600,12700,12900,12000,18700,32000,58600,11600,81600,12000,13800,15800,9600,48300,6400,8400,40700
7128.0,13.63,11760500,159162806.0,13.63,13.62,13.61,13.6,13.59,13.58,13.57,13.56,13.55,13.54,13.64,13.65,13.66,13.67,13.68,13.69,13.7,13.71,13.72,13.73,500,9600,16000,8600,12700,12900,12000,18700,32000,58600,11600,81600,12000,13800,15800,9600,48300,6400,8400,40700
7129.0,13.63,11760500,159162806.0,13.63,13.62,13.61,13.6,13.59,13.58,13.57,13.56,13.55,13.54,13.64,13.65,13.66,13.67,13.68,13.69,13.7,13.71,13.72,13.73,500,9600,16000,8600,12700,12900,12000,18700,32000,58600,11600,81600,12000,13800,15800,9600,48300,6400,8400,40700
7130.0,13.63,11761000,159169621.0,13.62,13.61,13.6,13.59,13.58,13.57,13.56,13.55,13.54,13.53,13.63,13.64,13.65,13.66,13.67,13.68,13.69,13.7,13.71,13.72,9600,16000,9600,12700,12900,12000,18700,32000,58600,22800,2300,11600,81600,12000,13800,15800,9600,48300,6400,8400
7131.0,13.63,11761000,159169621.0,13.62,13.61,13.6,13.59,13.58,13.57,13.56,13.55,13.54,13.53,13.63,13.64,13.65,13.66,13.67,13.68,13.69,13.7,13.71,13.72,9600,16000,9600,12700,12900,12000,18700,32000,58600,22800,7300,12800,82100,12000,13800,15800,9600,48300,6400,8400
7132.0,13.62,11761700,159179155.0,13.62,13.61,13.6,13.59,13.58,13.57,13.56,13.55,13.54,13.53,13.63,13.64,13.65,13.66,13.67,13.68,13.69,13.7,13.71,13.72,8900,16000,9600,12700,12900,12000,18700,32000,58600,22800,7300,12800,82100,12000,13800,15800,9600,48300,6400,8400
7133.0,13.62,11763900,159209120.0,13.62,13.61,13.6,13.59,13.58,13.57,13.56,13.55,13.54,13.53,13.63,13.64,13.65,13.66,13.67,13.68,13.69,13.7,13.71,13.72,6800,16000,9600,12700,12900,12000,18700,32000,58600,22800,7200,14700,82100,12000,13800,15800,9600,48300,6400,8400
7134.0,13.63,11764300,159214572.0,13.62,13.61,13.6,13.59,13.58,13.57,13.56,13.55,13.54,13.53,13.63,13.64,13.65,13.66,13.67,13.68,13.69,13.7,13.71,13.72,6800,16000,9600,12700,12900,12000,18700,32000,58600,22800,6800,14700,82100,12000,13800,15800,9600,48300,6400,8400
7135.0,13.63,11764300,159214572.0,13.62,13.61,13.6,13.59,13.58,13.57,13.56,13.55,13.54,13.53,13.63,13.64,13.65,13.66,13.67,13.68,13.69,13.7,13.71,13.72,6800,16000,9600,12700,12900,12000,18700,32000,58600,22800,7700,14700,82100,12000,13800,15800,9600,48300,6400,8400
7136.0,13.62,11764900,159222744.0,13.62,13.61,13.6,13.59,13.58,13.57,13.56,13.55,13.54,13.53,13.63,13.64,13.65,13.66,13.67,13.68,13.69,13.7,13.71,13.72,6200,16000,9600,12700,12900,12000,18700,32000,58600,22800,7700,14700,82100,12000,13800,15800,9600,48300,6400,8400
7137.0,13.62,11764900,159222744.0,13.62,13.61,13.6,13.59,13.58,13.57,13.56,13.55,13.54,13.53,13.63,13.64,13.65,13.66,13.67,13.68,13.69,13.7,13.71,13.72,6200,16000,9600,12700,12900,12000,18700,32000,58600,22800,7700,14700,81600,12000,13800,15800,9600,48300,6400,8400
7138.0,13.63,11773100,159334505.0,13.63,13.62,13.61,13.6,13.59,13.58,13.57,13.56,13.55,13.54,13.64,13.65,13.66,13.67,13.68,13.69,13.7,13.71,13.72,13.73,5600,5700,16000,9600,12700,12900,12000,18700,32000,58600,14700,81600,12000,13800,15800,9600,48300,6400,8400,40700
7139.0,13.63,11774100,159348135.0,13.63,13.62,13.61,13.6,13.59,13.58,13.57,13.56,13.55,13.54,13.64,13.65,13.66,13.67,13.68,13.69,13.7,13.71,13.72,13.73,4600,5700,16000,9600,12700,12900,12000,18700,32000,58600,14700,81600,12000,13800,15800,9600,48300,6400,8400,40700
7140.0,13.63,11774100,159348135.0,13.63,13.62,13.61,13.6,13.59,13.58,13.57,13.56,13.55,13.54,13.64,13.65,13.66,13.67,13.68,13.69,13.7,13.71,13.72,13.73,4600,5700,16000,9600,12700,12900,12000,18700,32000,58600,14700,81600,12000,13800,15800,9600,48300,6400,8400,40700
7141.0,13.63,11774100,159348135.0,13.63,13.62,13.61,13.6,13.59,13.58,13.57,13.56,13.55,13.54,13.64,13.65,13.66,13.67,13.68,13.69,13.7,13.71,13.72,13.73,5000,5700,16000,9600,12700,12900,12000,18700,32000,58600,14700,81600,12000,13800,15800,9600,48300,6400,8400,40700
7142.0,13.63,11774600,159354950.0,13.63,13.62,13.61,13.6,13.59,13.58,13.57,13.56,13.55,13.54,13.64,13.65,13.66,13.67,13.68,13.69,13.7,13.71,13.72,13.73,4500,5700,16000,9600,12700,12900,12000,18700,32000,58600,14700,81600,12000,13800,15800,9600,48300,6400,8400,40700
7143.0,13.63,11774600,159354950.0,13.63,13.62,13.61,13.6,13.59,13.58,13.57,13.56,13.55,13.54,13.64,13.65,13.66,13.67,13.68,13.69,13.7,13.71,13.72,13.73,14500,5700,16000,9600,12700,12900,12000,18700,32000,58600,14700,81600,12000,13800,15800,9600,48300,6400,8400,40700
7144.0,13.63,11776000,159374032.0,13.63,13.62,13.61,13.6,13.59,13.58,13.57,13.56,13.55,13.54,13.64,13.65,13.66,13.67,13.68,13.69,13.7,13.71,13.72,13.73,13100,5700,16000,9600,12700,12900,12000,18700,32000,58600,14700,81600,12000,13800,15800,9600,48300,6400,8400,40700
7145.0,13.63,11776700,159383573.0,13.63,13.62,13.61,13.6,13.59,13.58,13.57,13.56,13.55,13.54,13.64,13.65,13.66,13.67,13.68,13.69,13.7,13.71,13.72,13.73,12400,5700,16000,9600,12700,12900,12000,18700,32000,56900,14700,81600,12000,13800,15800,9600,48300,6400,8400,40700
7146.0,13.63,11777400,159393114.0,13.63,13.62,13.61,13.6,13.59,13.58,13.57,13.56,13.55,13.54,13.64,13.65,13.66,13.67,13.68,13.69,13.7,13.71,13.72,13.73,11700,5700,16000,9600,12700,12900,12000,18700,32000,56900,14700,81600,12000,13800,15800,9600,48300,6400,8400,40700
7147.0,13.63,11778400,159406744.0,13.63,13.62,13.61,13.6,13.59,13.58,13.57,13.56,13.55,13.54,13.64,13.65,13.66,13.67,13.68,13.69,13.7,13.71,13.72,13.73,10700,5700,16000,9600,12700,12900,12000,18700,32000,56900,14700,81600,12000,13800,15800,9600,48300,6400,8400,40700
7148.0,13.63,11779100,159416285.0,13.63,13.62,13.61,13.6,13.59,13.58,13.57,13.56,13.55,13.54,13.64,13.65,13.66,13.67,13.68,13.69,13.7,13.71,13.72,13.73,10000,5700,16000,9600,12700,12900,12000,18700,32000,56900,14700,81600,12000,13800,15800,9600,48300,6400,8400,40700
7149.0,13.63,11783400,159474894.0,13.63,13.62,13.61,13.6,13.59,13.58,13.57,13.56,13.55,13.54,13.64,13.65,13.66,13.67,13.68,13.69,13.7,13.71,13.72,13.73,5700,5700,16000,9600,12700,12900,12000,18700,32000,56900,14700,81600,12000,13800,16300,9600,48300,6400,8400,40700
7150.0,13.63,11783400,159474894.0,13.63,13.62,13.61,13.6,13.59,13.58,13.57,13.56,13.55,13.54,13.64,13.65,13.66,13.67,13.68,13.69,13.7,13.71,13.72,13.73,5700,5700,16000,9600,12700,12900,12000,18700,32000,56900,14700,81600,12000,13800,16300,9600,48300,6400,8400,40700
7151.0,13.63,11783900,159481709.0,13.63,13.62,13.61,13.6,13.59,13.58,13.57,13.56,13.55,13.54,13.64,13.65,13.66,13.67,13.68,13.69,13.7,13.71,13.72,13.73,5200,5700,16000,9600,12700,12900,12000,18700,32000,56900,14700,81600,12000,13800,16300,9600,48300,6400,8400,40700
7152.0,13.63,11784400,159488524.0,13.63,13.62,13.61,13.6,13.59,13.58,13.57,13.56,13.55,13.54,13.64,13.65,13.66,13.67,13.68,13.69,13.7,13.71,13.72,13.73,6700,5700,16000,9600,12700,12900,12000,18700,32000,56900,14700,81600,12000,13800,16300,9600,48300,6400,8400,40700
7153.0,13.63,11784400,159488524.0,13.63,13.62,13.61,13.6,13.59,13.58,13.57,13.56,13.55,13.54,13.64,13.65,13.66,13.67,13.68,13.69,13.7,13.71,13.72,13.73,6700,5700,16000,9600,12700,12900,12000,18700,32000,56900,14700,81600,12000,13800,16300,9600,48300,6400,8400,40700
7154.0,13.63,11785200,159499430.0,13.63,13.62,13.61,13.6,13.59,13.58,13.57,13.56,13.55,13.54,13.64,13.65,13.66,13.67,13.68,13.69,13.7,13.71,13.72,13.73,6100,5700,16000,9600,12700,12900,12000,18700,32000,56900,14500,81600,12000,13800,16300,9600,48300,6400,8400,40700
7155.0,13.63,11785200,159499430.0,13.63,13.62,13.61,13.6,13.59,13.58,13.57,13.56,13.55,13.54,13.64,13.65,13.66,13.67,13.68,13.69,13.7,13.71,13.72,13.73,15900,5700,16000,9600,12700,12900,12000,18700,32000,56900,14500,81600,12000,13800,16300,9600,48300,6400,8400,40700
7156.0,13.64,11795600,159641272.0,13.63,13.62,13.61,13.6,13.59,13.58,13.57,13.56,13.55,13.54,13.64,13.65,13.66,13.67,13.68,13.69,13.7,13.71,13.72,13.73,15700,5700,16000,9600,12700,12900,12000,18700,32000,56900,5500,81600,12000,13800,16300,9600,48300,6400,8400,40700
7157.0,13.64,11798900,159686277.0,13.63,13.62,13.61,13.6,13.59,13.58,13.57,13.56,13.55,13.54,13.64,13.65,13.66,13.67,13.68,13.69,13.7,13.71,13.72,13.73,15000,5700,16000,9600,12700,12900,12000,18700,32000,56900,2900,81600,12000,13800,16300,9600,48300,6400,8400,40700
7158.0,13.64,11798900,159686277.0,13.63,13.62,13.61,13.6,13.59,13.58,13.57,13.56,13.55,13.54,13.64,13.65,13.66,13.67,13.68,13.69,13.7,13.71,13.72,13.73,15000,5700,16000,9600,12700,12900,12000,18700,32000,56900,2900,81600,12000,13800,16300,9000,48300,6400,8400,40700
7159.0,13.63,11799600,159695818.0,13.63,13.62,13.61,13.6,13.59,13.58,13.57,13.56,13.55,13.54,13.64,13.65,13.66,13.67,13.68,13.69,13.7,13.71,13.72,13.73,14300,6900,16000,9600,12700,12900,12000,18700,32000,56900,2900,81600,12000,13800,16300,9000,48300,6400,8400,40700
7160.0,13.64,11803200,159744915.0,13.64,13.63,13.62,13.61,13.6,13.59,13.58,13.57,13.56,13.55,13.65,13.66,13.67,13.68,13.69,13.7,13.71,13.72,13.73,13.74,2600,13600,6900,16000,9600,12700,12900,12000,18700,32000,81600,12000,13800,16300,9000,48300,6400,8400,40700,600
7161.0,13.64,11803200,159744915.0,13.64,13.63,13.62,13.61,13.6,13.59,13.58,13.57,13.56,13.55,13.65,13.66,13.67,13.68,13.69,13.7,13.71,13.72,13.73,13.74,2600,13600,6900,16000,9600,12700,12900,12000,18700,32000,81600,12000,13800,16300,9000,48300,6400,8400,40700,600
7162.0,13.64,11803200,159744915.0,13.64,13.63,13.62,13.61,13.6,13.59,13.58,13.57,13.56,13.55,13.65,13.66,13.67,13.68,13.69,13.7,13.71,13.72,13.73,13.74,3100,13600,6900,16000,9600,12700,12900,12000,18700,32000,81600,12000,13800,16300,9000,48300,6400,8400,40700,600
7163.0,13.64,11803200,159744915.0,13.64,13.63,13.62,13.61,13.6,13.59,13.58,13.57,13.56,13.55,13.65,13.66,13.67,13.68,13.69,13.7,13.71,13.72,13.73,13.74,3700,13600,6900,16000,9600,12700,12900,12000,18700,32000,81600,12000,13800,16300,9000,48300,6400,8400,40700,600
7164.0,13.64,11804300,159759919.0,13.64,13.63,13.62,13.61,13.6,13.59,13.58,13.57,13.56,13.55,13.65,13.66,13.67,13.68,13.69,13.7,13.71,13.72,13.73,13.74,3700,13600,6900,16000,9600,12700,12900,12000,18700,32000,81600,12000,13800,16300,9000,48300,6400,8400,40700,600
7165.0,13.64,11804300,159759919.0,13.64,13.63,13.62,13.61,13.6,13.59,13.58,13.57,13.56,13.55,13.65,13.66,13.67,13.68,13.69,13.7,13.71,13.72,13.73,13.74,3700,13600,6900,16000,9600,12700,12900,12000,18700,32000,81600,12000,13800,16300,9000,48300,6400,8400,40700,600
7166.0,13.64,11804600,159764011.0,13.64,13.63,13.62,13.61,13.6,13.59,13.58,13.57,13.56,13.55,13.65,13.66,13.67,13.68,13.69,13.7,13.71,13.72,13.73,13.74,3400,23500,6900,16000,9600,12700,12900,12000,18700,32000,81600,12000,13800,16300,9000,48300,6400,8400,40700,600
7167.0,13.64,11805200,159772195.0,13.64,13.63,13.62,13.61,13.6,13.59,13.58,13.57,13.56,13.55,13.65,13.66,13.67,13.68,13.69,13.7,13.71,13.72,13.73,13.74,2800,23500,6900,16000,9600,12700,12900,12000,18700,32000,81600,12000,13800,16300,9000,48300,6400,8400,40700,600
7168.0,13.64,11805200,159772195.0,13.64,13.63,13.62,13.61,13.6,13.59,13.58,13.57,13.56,13.55,13.65,13.66,13.67,13.68,13.69,13.7,13.71,13.72,13.73,13.74,2800,23500,6900,16000,9600,12700,12900,12000,18700,32000,81600,12500,13800,16300,9000,48300,6400,8400,40700,600
7169.0,13.64,11805400,159774923.0,13.64,13.63,13.62,13.61,13.6,13.59,13.58,13.57,13.56,13.55,13.65,13.66,13.67,13.68,13.69,13.7,13.71,13.72,13.73,13.74,2600,23500,6900,16000,9600,12700,12900,12000,18700,32000,81600,12500,13800,16300,9000,48300,6400,8400,40700,600
7170.0,13.64,11805400,159774923.0,13.64,13.63,13.62,13.61,13.6,13.59,13.58,13.57,13.56,13.55,13.65,13.66,13.67,13.68,13.69,13.7,13.71,13.72,13.73,13.74,2600,23500,6900,16000,9600,12700,12900,12000,18700,32000,81600,12500,13800,16300,9000,48300,6400,8400,40700,600
7171.0,13.64,11809700,159833575.0,13.63,13.62,13.61,13.6,13.59,13.58,13.57,13.56,13.55,13.54,13.64,13.65,13.66,13.67,13.68,13.69,13.7,13.71,13.72,13.73,23500,6900,16000,9600,12700,12900,12000,18700,32000,56900,15600,81600,12500,13800,16300,9000,48300,6400,8400,40700
7172.0,13.64,11809700,159833575.0,13.63,13.62,13.61,13.6,13.59,13.58,13.57,13.56,13.55,13.54,13.64,13.65,13.66,13.67,13.68,13.69,13.7,13.71,13.72,13.73,23500,6900,16000,9600,12700,12900,12000,18700,32000,56900,15600,81600,12500,13800,16300,9000,48300,6400,8400,40700
7173.0,13.64,11824400,160034069.0,13.63,13.62,13.61,13.6,13.59,13.58,13.57,13.56,13.55,13.54,13.64,13.65,13.66,13.67,13.68,13.69,13.7,13.71,13.72,13.73,22100,6900,16000,9600,12700,12900,12000,18700,32000,56900,2300,81600,12500,13800,16300,9000,48300,6400,8400,40700
7174.0,13.64,11824400,160034069.0,13.63,13.62,13.61,13.6,13.59,13.58,13.57,13.56,13.55,13.54,13.64,13.65,13.66,13.67,13.68,13.69,13.7,13.71,13.72,13.73,22100,6900,16000,9600,12700,12900,12000,18700,32000,56900,2300,81600,12500,13800,16300,9000,48300,6400,8400,40700
7175.0,13.65,11826800,160066806.0,13.63,13.62,13.61,13.6,13.59,13.58,13.57,13.56,13.55,13.54,13.65,13.66,13.67,13.68,13.69,13.7,13.71,13.72,13.73,13.74,22100,7700,16000,9600,12700,12900,12000,18700,32000,56900,81500,12500,13800,16300,9000,48300,6400,8400,40700,600
7176.0,13.63,11827500,160076347.0,13.63,13.62,13.61,13.6,13.59,13.58,13.57,13.56,13.55,13.54,13.65,13.66,13.67,13.68,13.69,13.7,13.71,13.72,13.73,13.74,21800,7700,16000,9600,12700,12900,12000,18700,32000,56900,81900,12500,13800,16300,9000,48300,6400,8400,40700,600
7177.0,13.63,11827500,160076347.0,13.63,13.62,13.61,13.6,13.59,13.58,13.57,13.56,13.55,13.54,13.65,13.66,13.67,13.68,13.69,13.7,13.71,13.72,13.73,13.74,22700,7700,16000,9600,12700,12900,12000,18700,32000,56900,83300,12500,13800,16300,9000,48300,6400,8400,40700,600
7178.0,13.63,11828900,160095429.0,13.63,13.62,13.61,13.6,13.59,13.58,13.57,13.56,13.55,13.54,13.64,13.65,13.66,13.67,13.68,13.69,13.7,13.71,13.72,13.73,21800,7700,16000,9600,12700,12900,12000,18700,32000,56900,2000,83300,12500,13800,16300,9000,48300,6400,8400,40700
7179.0,13.63,11829600,160104970.0,13.63,13.62,13.61,13.6,13.59,13.58,13.57,13.56,13.55,13.54,13.64,13.65,13.66,13.67,13.68,13.69,13.7,13.71,13.72,13.73,11200,7700,16000,9600,12700,12900,12000,18700,32000,56900,2000,83300,12500,13800,16300,9000,48300,6400,8400,40700
7180.0,13.63,11829600,160104970.0,13.63,13.62,13.61,13.6,13.59,13.58,13.57,13.56,13.55,13.54,13.64,13.65,13.66,13.67,13.68,13.69,13.7,13.71,13.72,13.73,11200,7700,16000,9600,12700,12900,12000,18700,32000,56900,2000,83300,12500,13800,16300,9000,48300,6400,8400,40700
7181.0,13.63,11830800,160121326.0,13.63,13.62,13.61,13.6,13.59,13.58,13.57,13.56,13.55,13.54,13.64,13.65,13.66,13.67,13.68,13.69,13.7,13.71,13.72,13.73,10000,7700,16000,9600,12700,12900,12000,18700,32000,56900,2000,83300,12500,13800,16300,9000,48300,6400,8400,40700
7182.0,13.63,11831500,160130867.0,13.63,13.62,13.61,13.6,13.59,13.58,13.57,13.56,13.55,13.54,13.64,13.65,13.66,13.67,13.68,13.69,13.7,13.71,13.72,13.73,9300,7700,16000,9600,12700,12900,12000,18700,32000,56900,2000,83300,12500,13800,16300,9000,48300,6400,8400,40700
7183.0,13.63,11831500,160130867.0,13.63,13.62,13.61,13.6,13.59,13.58,13.57,13.56,13.55,13.54,13.64,13.65,13.66,13.67,13.68,13.69,13.7,13.71,13.72,13.73,9300,7700,16000,9600,12700,12900,12000,18700,32000,56900,2000,81300,12500,13800,16300,9000,48300,6400,8400,40700
7184.0,13.64,11833500,160158147.0,13.64,13.63,13.62,13.61,13.6,13.59,13.58,13.57,13.56,13.55,13.65,13.66,13.67,13.68,13.69,13.7,13.71,13.72,13.73,13.74,7600,9300,7700,16000,9600,12700,12900,12000,18700,32000,81300,12500,13800,16300,9000,48300,6400,8400,40700,600
7185.0,13.64,11834200,160167695.0,13.64,13.63,13.62,13.61,13.6,13.59,13.58,13.57,13.56,13.55,13.65,13.66,13.67,13.68,13.69,13.7,13.71,13.72,13.73,13.74,26300,9300,7700,16000,9600,12700,12900,12000,18700,32000,81300,12500,13800,16300,9000,48300,6400,8400,40700,600
7186.0,13.65,11844000,160301465.0,13.64,13.63,13.62,13.61,13.6,13.59,13.58,13.57,13.56,13.55,13.65,13.66,13.67,13.68,13.69,13.7,13.71,13.72,13.73,13.74,26300,9300,7700,16000,9600,12700,12900,12000,18700,32000,71500,12500,13800,16300,9000,48300,6400,8400,40700,600
7187.0,13.65,11844800,160312385.0,13.64,13.63,13.62,13.61,13.6,13.59,13.58,13.57,13.56,13.55,13.65,13.66,13.67,13.68,13.69,13.7,13.71,13.72,13.73,13.74,26300,9300,7700,16000,9600,12700,12900,12000,18700,32000,70700,12500,13800,16300,9000,48300,6400,8400,40700,600
7188.0,13.64,11846200,160331481.0,13.64,13.63,13.62,13.61,13.6,13.59,13.58,13.57,13.56,13.55,13.65,13.66,13.67,13.68,13.69,13.7,13.71,13.72,13.73,13.74,24900,9300,7700,16000,9600,12700,12900,12000,18700,32000,70700,12500,13800,16300,9000,48300,6400,8400,40700,600
7189.0,13.64,11847600,160350577.0,13.64,13.63,13.62,13.61,13.6,13.59,13.58,13.57,13.56,13.55,13.65,13.66,13.67,13.68,13.69,13.7,13.71,13.72,13.73,13.74,23700,9300,7700,16000,9600,12700,12900,12000,18700,32000,70700,12500,13800,16300,9000,48300,6400,8400,40700,600
7190.0,13.64,11847800,160353305.0,13.64,13.63,13.62,13.61,13.6,13.59,13.58,13.57,13.56,13.55,13.65,13.66,13.67,13.68,13.69,13.7,13.71,13.72,13.73,13.74,23500,9300,7700,16000,9600,12700,12900,12000,18700,32000,70700,12500,13800,16300,9000,48300,6400,8400,40700,600
7191.0,13.64,11848500,160362853.0,13.64,13.63,13.62,13.61,13.6,13.59,13.58,13.57,13.56,13.55,13.65,13.66,13.67,13.68,13.69,13.7,13.71,13.72,13.73,13.74,22800,9300,7700,16000,9600,12700,12900,12000,18700,32000,70700,12500,13800,16300,9000,48300,6400,8400,40700,600
7192.0,13.64,11848500,160362853.0,13.64,13.63,13.62,13.61,13.6,13.59,13.58,13.57,13.56,13.55,13.65,13.66,13.67,13.68,13.69,13.7,13.71,13.72,13.73,13.74,22800,9300,7700,16000,9600,12700,12900,12000,18700,32000,70700,12500,13800,16300,9000,48300,6400,8400,40700,600
7193.0,13.64,11848500,160362853.0,13.64,13.63,13.62,13.61,13.6,13.59,13.58,13.57,13.56,13.55,13.65,13.66,13.67,13.68,13.69,13.7,13.71,13.72,13.73,13.74,22800,9300,7700,16000,9600,12700,12900,12000,18700,32000,70700,12500,13800,16300,9000,48300,6400,8400,40700,600
7194.0,13.65,11849400,160375131.0,13.64,13.63,13.62,13.61,13.6,13.59,13.58,13.57,13.56,13.55,13.65,13.66,13.67,13.68,13.69,13.7,13.71,13.72,13.73,13.74,22100,9300,7700,16000,9600,12700,12900,12000,18700,32000,70500,12500,13800,16300,9000,48300,6400,8400,40700,600
7195.0,13.64,11850100,160384679.0,13.64,13.63,13.62,13.61,13.6,13.59,13.58,13.57,13.56,13.55,13.65,13.66,13.67,13.68,13.69,13.7,13.71,13.72,13.73,13.74,21400,9300,7700,16000,9600,12700,12900,12000,18700,32000,70500,12500,13800,16300,9000,48300,6400,8400,40700,600
7196.0,13.65,11850300,160387409.0,13.64,13.63,13.62,13.61,13.6,13.59,13.58,13.57,13.56,13.55,13.65,13.66,13.67,13.68,13.69,13.7,13.71,13.72,13.73,13.74,21400,9300,7700,16000,9600,12700,12900,12000,18700,32000,70300,12500,13800,16300,9000,48300,6400,8400,40700,600
7197.0,13.64,11851000,160396957.0,13.64,13.63,13.62,13.61,13.6,13.59,13.58,13.57,13.56,13.55,13.65,13.66,13.67,13.68,13.69,13.7,13.71,13.72,13.73,13.74,20700,9300,7700,16000,9600,12700,12900,12000,18700,32000,70300,9500,13800,16300,9000,48300,6400,8400,40700,600
7198.0,13.64,11851000,160396957.0,13.64,13.63,13.62,13.61,13.6,13.59,13.58,13.57,13.56,13.55,13.65,13.66,13.67,13.68,13.69,13.7,13.71,13.72,13.73,13.74,20700,9300,7700,16000,9600,12700,12900,12000,18700,32000,70300,9500,13800,16300,9000,48300,6400,8400,40700,600
7199.0,13.64,11851100,160398321.0,13.64,13.63,13.62,13.61,13.6,13.59,13.58,13.57,13.56,13.55,13.65,13.66,13.67,13.68,13.69,13.7,13.71,13.72,13.73,13.74,20600,9300,7700,16000,9600,12700,12900,12000,18700,32000,74600,9500,13800,16300,9000,48300,6400,8400,40700,600
7200.0,13.64,11851800,160407869.0,13.64,13.63,13.62,13.61,13.6,13.59,13.58,13.57,13.56,13.55,13.65,13.66,13.67,13.68,13.69,13.7,13.71,13.72,13.73,13.74,19900,9300,7700,16000,9600,12700,12900,12000,18700,32000,74600,9500,13800,16300,9000,48300,6400,8400,40700,600
7201.0,13.65,11883800,160844585.0,13.64,13.63,13.62,13.61,13.6,13.59,13.58,13.57,13.56,13.55,13.65,13.66,13.67,13.68,13.69,13.7,13.71,13.72,13.73,13.74,1600,9300,7700,16000,9600,13200,12900,12000,18700,32000,48800,5400,13800,15800,9000,33200,6400,8400,40700,900
7202.0,13.65,11912400,161234969.0,13.64,13.63,13.62,13.61,13.6,13.59,13.58,13.57,13.56,13.55,13.65,13.66,13.67,13.68,13.69,13.7,13.71,13.72,13.73,13.74,1500,9500,5700,15200,18000,13200,12600,15700,18700,32000,20300,2600,13800,15800,9000,35100,6400,8400,40700,900
7203.0,13.65,11936400,161562492.0,13.64,13.63,13.62,13.61,13.6,13.59,13.58,13.57,13.56,13.55,13.65,13.66,13.67,13.68,13.69,13.7,13.71,13.72,13.73,13.74,6000,9500,4900,15200,14700,13200,9600,15700,18700,32000,4000,2100,13800,16100,9000,36900,6800,7400,40700,900
7204.0,13.65,11944000,161666238.0,13.65,13.64,13.63,13.62,13.61,13.6,13.59,13.58,13.57,13.56,13.66,13.67,13.68,13.69,13.7,13.71,13.72,13.73,13.74,13.75,27600,6000,9500,4900,15800,15700,13200,11800,15700,18700,1500,13800,17000,9000,36900,5900,7400,40700,900,19900
7205.0,13.66,11946400,161698999.0,13.65,13.64,13.63,13.62,13.61,13.6,13.59,13.58,13.57,13.56,13.66,13.67,13.68,13.69,13.7,13.71,13.72,13.73,13.74,13.75,26300,8200,9500,4900,15800,15700,13200,11800,15700,18700,1600,13800,13000,9000,38600,5900,7400,40700,900,19900
7206.0,13.66,11946400,161698999.0,13.65,13.64,13.63,13.62,13.61,13.6,13.59,13.58,13.57,13.56,13.66,13.67,13.68,13.69,13.7,13.71,13.72,13.73,13.74,13.75,26300,8200,9500,4900,15800,15700,13200,11800,15700,18700,1600,13800,13000,9000,38600,5900,7400,40700,900,19900
7207.0,13.65,11947100,161708554.0,13.65,13.64,13.63,13.62,13.61,13.6,13.59,13.58,13.57,13.56,13.66,13.67,13.68,13.69,13.7,13.71,13.72,13.73,13.74,13.75,25600,8200,9500,4900,15800,15700,13200,11800,15700,18700,1600,13800,13000,9000,38600,5900,7400,40700,900,19900
7208.0,13.65,11947100,161708554.0,13.65,13.64,13.63,13.62,13.61,13.6,13.59,13.58,13.57,13.56,13.66,13.67,13.68,13.69,13.7,13.71,13.72,13.73,13.74,13.75,76700,8200,9500,4900,15800,15700,13200,11800,15700,18700,1600,13800,13000,9000,38600,5900,7400,40700,900,19900
7209.0,13.65,11947800,161718109.0,13.65,13.64,13.63,13.62,13.61,13.6,13.59,13.58,13.57,13.56,13.66,13.67,13.68,13.69,13.7,13.71,13.72,13.73,13.74,13.75,76000,8200,9500,4900,15800,15700,13200,11800,15700,18700,1600,13800,13000,9000,38600,5900,7400,40700,900,19900
7210.0,13.67,11951100,161763190.0,13.65,13.64,13.63,13.62,13.61,13.6,13.59,13.58,13.57,13.56,13.67,13.68,13.69,13.7,13.71,13.72,13.73,13.74,13.75,13.76,75300,8200,9500,4900,15800,15700,13200,11800,15700,18700,12800,13000,9000,38600,5900,7400,40700,900,19900,9000
7211.0,13.67,11951100,161763190.0,13.65,13.64,13.63,13.62,13.61,13.6,13.59,13.58,13.57,13.56,13.67,13.68,13.69,13.7,13.71,13.72,13.73,13.74,13.75,13.76,76200,8200,9500,4900,15800,15700,13200,11800,15700,18700,13700,13000,9000,38600,5900,7400,40700,900,19900,9000
7212.0,13.67,11952600,161783667.0,13.65,13.64,13.63,13.62,13.61,13.6,13.59,13.58,13.57,13.56,13.67,13.68,13.69,13.7,13.71,13.72,13.73,13.74,13.75,13.76,78200,8200,9500,4900,15800,15700,13200,11800,15700,18700,17000,13000,9000,38600,5900,7400,40700,900,19900,9000
7213.0,13.67,11955600,161824663.0,13.65,13.64,13.63,13.62,13.61,13.6,13.59,13.58,13.57,13.56,13.67,13.68,13.69,13.7,13.71,13.72,13.73,13.74,13.75,13.76,77500,8200,9500,4900,15800,15700,13200,11800,15700,18700,14700,13000,9000,38600,5900,7400,40700,900,19900,9000
7214.0,13.67,11955600,161824663.0,13.65,13.64,13.63,13.62,13.61,13.6,13.59,13.58,13.57,13.56,13.67,13.68,13.69,13.7,13.71,13.72,13.73,13.74,13.75,13.76,79700,8200,9500,4900,15800,15700,13200,11800,15700,18700,16900,13000,9000,38600,5900,7400,40700,900,19900,9000
7215.0,13.67,11956200,161832865.0,13.65,13.64,13.63,13.62,13.61,13.6,13.59,13.58,13.57,13.56,13.67,13.68,13.69,13.7,13.71,13.72,13.73,13.74,13.75,13.76,81900,8200,9500,4900,15800,15700,13200,11800,15700,18700,18500,13000,9000,38600,5900,7400,40700,900,19900,9000
7216.0,13.67,11959700,161880682.0,13.65,13.64,13.63,13.62,13.61,13.6,13.59,13.58,13.57,13.56,13.67,13.68,13.69,13.7,13.71,13.72,13.73,13.74,13.75,13.76,80500,8200,9500,4900,15800,15700,13200,11800,15700,18700,16400,13000,9000,38600,5900,7400,40700,900,19900,9000
7217.0,13.67,11960700,161894352.0,13.65,13.64,13.63,13.62,13.61,13.6,13.59,13.58,13.57,13.56,13.67,13.68,13.69,13.7,13.71,13.72,13.73,13.74,13.75,13.76,85900,8200,9500,4900,15800,15700,13200,11800,15700,18700,19800,13000,9000,38600,5900,7400,40700,900,19900,9000
7218.0,13.67,11960700,161894352.0,13.65,13.64,13.63,13.62,13.61,13.6,13.59,13.58,13.57,13.56,13.67,13.68,13.69,13.7,13.71,13.72,13.73,13.74,13.75,13.76,85800,8200,9500,4900,15800,15700,13200,11800,15700,18700,19800,13000,9000,38600,5900,7400,40700,900,19900,9000
7219.0,13.65,11961400,161903907.0,13.65,13.64,13.63,13.62,13.61,13.6,13.59,13.58,13.57,13.56,13.67,13.68,13.69,13.7,13.71,13.72,13.73,13.74,13.75,13.76,85100,8200,9500,4900,15800,15700,13200,11800,15700,18700,20700,13000,9000,38600,5900,7400,40700,900,19900,9000
7220.0,13.65,11961400,161903907.0,13.65,13.64,13.63,13.62,13.61,13.6,13.59,13.58,13.57,13.56,13.67,13.68,13.69,13.7,13.71,13.72,13.73,13.74,13.75,13.76,89500,8200,9500,4900,15800,15700,13200,11800,15700,18700,24200,13000,9000,38600,5900,7400,40700,900,19900,9000
7221.0,13.67,11962700,161921678.0,13.65,13.64,13.63,13.62,13.61,13.6,13.59,13.58,13.57,13.56,13.67,13.68,13.69,13.7,13.71,13.72,13.73,13.74,13.75,13.76,89500,8200,9500,4900,15800,15700,13200,11800,15700,18700,22900,13000,9000,38600,5900,7400,40700,900,19900,9000
7222.0,13.65,11963400,161931233.0,13.65,13.64,13.63,13.62,13.61,13.6,13.59,13.58,13.57,13.56,13.67,13.68,13.69,13.7,13.71,13.72,13.73,13.74,13.75,13.76,93200,8200,9500,4900,15800,15700,13200,11700,15700,18700,27300,13000,9000,38600,5900,7400,40700,900,19900,9000
7223.0,13.65,11964100,161940788.0,13.65,13.64,13.63,13.62,13.61,13.6,13.59,13.58,13.57,13.56,13.66,13.67,13.68,13.69,13.7,13.71,13.72,13.73,13.74,13.75,92500,8200,9500,4900,15800,15700,13200,11700,15700,18700,7700,30500,13000,9000,38600,5900,7400,40700,900,19900
7224.0,13.65,11965500,161959898.0,13.65,13.64,13.63,13.62,13.61,13.6,13.59,13.58,13.57,13.56,13.66,13.67,13.68,13.69,13.7,13.71,13.72,13.73,13.74,13.75,91100,8200,9500,4900,15800,15700,13200,11700,15700,18700,7700,30500,13000,9000,38600,5900,7400,40700,900,19900
7225.0,13.65,11968600,162002233.0,13.65,13.64,13.63,13.62,13.61,13.6,13.59,13.58,13.57,13.56,13.66,13.67,13.68,13.69,13.7,13.71,13.72,13.73,13.74,13.75,90000,8200,9500,4900,15800,15700,13200,11700,15700,18700,5700,30500,13000,9000,38600,5900,7400,40700,900,19900
7226.0,13.65,11968600,162002233.0,13.65,13.64,13.63,13.62,13.61,13.6,13.59,13.58,13.57,13.56,13.66,13.67,13.68,13.69,13.7,13.71,13.72,13.73,13.74,13.75,90000,8200,9500,4900,15800,15700,13200,11700,15700,18700,5700,30500,13000,9000,38600,5900,7400,40700,900,19900
7227.0,13.66,11970900,162033651.0,13.65,13.64,13.63,13.62,13.61,13.6,13.59,13.58,13.57,13.56,13.66,13.67,13.68,13.69,13.7,13.71,13.72,13.73,13.74,13.75,90000,8200,9500,4900,15800,15700,13200,11700,15700,18700,3400,30500,11000,9000,38600,5900,7400,40700,900,19900
7228.0,13.66,11970900,162033651.0,13.65,13.64,13.63,13.62,13.61,13.6,13.59,13.58,13.57,13.56,13.66,13.67,13.68,13.69,13.7,13.71,13.72,13.73,13.74,13.75,90000,8200,9500,4900,15800,15700,13200,11700,15700,18700,3400,30500,11000,9000,38600,5900,7400,40700,900,19900
7229.0,13.66,11971700,162044572.0,13.65,13.64,13.63,13.62,13.61,13.6,13.59,13.58,13.57,13.56,13.66,13.67,13.68,13.69,13.7,13.71,13.72,13.73,13.74,13.75,89300,8200,9500,4900,15800,15700,13200,11700,15700,18700,3300,30500,11000,9000,38600,5900,7400,40700,900,19900
7230.0,13.66,11975400,162095107.0,13.65,13.64,13.63,13.62,13.61,13.6,13.59,13.58,13.57,13.56,13.66,13.67,13.68,13.69,13.7,13.71,13.72,13.73,13.74,13.75,88600,8200,9500,4900,15800,15700,13200,11700,15700,18700,300,30500,11000,9000,38600,5900,7400,40700,900,19900
7231.0,13.65,11976100,162104662.0,13.65,13.64,13.63,13.62,13.61,13.6,13.59,13.58,13.57,13.56,13.66,13.67,13.68,13.69,13.7,13.71,13.72,13.73,13.74,13.75,87900,8200,9500,4900,15800,15700,13200,11700,15700,18700,800,30500,11000,9000,38600,5900,7400,40700,900,19900
7232.0,13.66,11976900,162115590.0,13.66,13.65,13.64,13.63,13.62,13.61,13.6,13.59,13.58,13.57,13.67,13.68,13.69,13.7,13.71,13.72,13.73,13.74,13.75,13.76,400,87900,8200,9500,4900,15800,15700,13200,11700,15700,30500,11000,9000,38600,5900,7400,40700,900,19900,9000
7233.0,13.66,11977300,162121054.0,13.65,13.64,13.63,13.62,13.61,13.6,13.59,13.58,13.57,13.56,13.67,13.68,13.69,13.7,13.71,13.72,13.73,13.74,13.75,13.76,87900,8200,9500,4900,15800,15700,13200,11700,15700,18700,30500,11000,9000,38600,5900,7400,40700,900,19900,9000
7234.0,13.65,11978000,162130609.0,13.65,13.64,13.63,13.62,13.61,13.6,13.59,13.58,13.57,13.56,13.67,13.68,13.69,13.7,13.71,13.72,13.73,13.74,13.75,13.76,89300,8200,9500,4900,15800,15700,13200,11700,15700,18700,34800,11000,9000,38600,5900,7400,40700,900,19900,9000
7235.0,13.65,11979400,162149719.0,13.65,13.64,13.63,13.62,13.61,13.6,13.59,13.58,13.57,13.56,13.67,13.68,13.69,13.7,13.71,13.72,13.73,13.74,13.75,13.76,90100,8200,9500,4900,15800,15700,13200,11700,15700,18700,34900,11000,9000,38600,5900,7400,40700,900,19900,9000
7236.0,13.65,11979400,162149719.0,13.65,13.64,13.63,13.62,13.61,13.6,13.59,13.58,13.57,13.56,13.67,13.68,13.69,13.7,13.71,13.72,13.73,13.74,13.75,13.76,90100,8200,9500,4900,15800,15700,13200,11700,15700,18700,37000,11000,9000,38600,5900,7400,40700,900,19900,9000
7237.0,13.65,11980800,162168829.0,13.65,13.64,13.63,13.62,13.61,13.6,13.59,13.58,13.57,13.56,13.67,13.68,13.69,13.7,13.71,13.72,13.73,13.74,13.75,13.76,93000,8200,9500,4900,15800,15700,13200,11700,15700,18700,39200,11000,9000,38600,5900,7400,40700,900,19900,9000
7238.0,13.65,11980800,162168829.0,13.65,13.64,13.63,13.62,13.61,13.6,13.59,13.58,13.57,13.56,13.67,13.68,13.69,13.7,13.71,13.72,13.73,13.74,13.75,13.76,93000,8200,9500,4900,15800,15700,13200,11700,15700,18700,39200,11000,9000,38600,5900,7400,40700,900,19900,9000
7239.0,13.67,11981900,162183866.0,13.66,13.65,13.64,13.63,13.62,13.61,13.6,13.59,13.58,13.57,13.67,13.68,13.69,13.7,13.71,13.72,13.73,13.74,13.75,13.76,1000,95100,8200,9500,4900,15800,15700,13200,11700,15700,40200,11000,9000,38600,5900,7400,40700,900,19900,9000
7240.0,13.67,11982600,162193435.0,13.66,13.65,13.64,13.63,13.62,13.61,13.6,13.59,13.58,13.57,13.67,13.68,13.69,13.7,13.71,13.72,13.73,13.74,13.75,13.76,1400,95100,8200,9500,4900,15800,15700,13200,11700,15700,39500,11000,9000,38600,5900,7400,40700,900,19900,9000
7241.0,13.67,11983800,162209838.0,13.66,13.65,13.64,13.63,13.62,13.61,13.6,13.59,13.58,13.57,13.67,13.68,13.69,13.7,13.71,13.72,13.73,13.74,13.75,13.76,1300,95100,8200,9500,4900,15800,15700,13200,11700,15700,38400,11000,9000,38600,5900,7400,40700,900,19900,9000
7242.0,13.67,11983800,162209838.0,13.66,13.65,13.64,13.63,13.62,13.61,13.6,13.59,13.58,13.57,13.67,13.68,13.69,13.7,13.71,13.72,13.73,13.74,13.75,13.76,1300,95100,8200,9500,4900,15800,15700,13200,11700,15700,38400,11000,9000,38600,5900,7400,40700,900,19900,9000
7243.0,13.67,11983800,162209838.0,13.66,13.65,13.64,13.63,13.62,13.61,13.6,13.59,13.58,13.57,13.67,13.68,13.69,13.7,13.71,13.72,13.73,13.74,13.75,13.76,1300,95100,8200,9500,4900,15800,15700,13200,11700,15700,38400,10800,9000,38600,5900,7400,40700,900,19900,9000
7244.0,13.67,11984300,162216671.0,13.66,13.65,13.64,13.63,13.62,13.61,13.6,13.59,13.58,13.57,13.67,13.68,13.69,13.7,13.71,13.72,13.73,13.74,13.75,13.76,1100,95100,8200,9500,4900,15800,15700,13200,11700,15700,38100,10800,9000,38600,5900,7400,40700,900,19900,9000
7245.0,13.67,11984300,162216671.0,13.66,13.65,13.64,13.63,13.62,13.61,13.6,13.59,13.58,13.57,13.67,13.68,13.69,13.7,13.71,13.72,13.73,13.74,13.75,13.76,1100,95100,6100,9500,4900,15800,15700,13200,11700,15700,38100,10800,9000,38600,5900,7400,40700,900,19900,9000
7246.0,13.67,11985300,162230339.0,13.66,13.65,13.64,13.63,13.62,13.61,13.6,13.59,13.58,13.57,13.67,13.68,13.69,13.7,13.71,13.72,13.73,13.74,13.75,13.76,900,95100,5600,9500,4900,15800,15700,13200,11700,15700,37300,10800,9000,38600,5900,7400,40700,900,19900,9000
7247.0,13.67,12022600,162740230.0,13.67,13.66,13.65,13.64,13.63,13.62,13.61,13.6,13.59,13.58,13.68,13.69,13.7,13.71,13.72,13.73,13.74,13.75,13.76,13.77,3700,4900,95100,5600,9500,4900,15800,15700,13200,11700,10800,9600,38600,5900,7400,40700,900,19900,9000,21500
7248.0,13.67,12022600,162740230.0,13.67,13.66,13.65,13.64,13.63,13.62,13.61,13.6,13.59,13.58,13.68,13.69,13.7,13.71,13.72,13.73,13.74,13.75,13.76,13.77,3800,4900,95100,5600,9500,4900,15800,15700,13200,11700,10800,9600,38600,5900,7400,40700,900,19900,9000,21500
7249.0,13.68,12024300,162763486.0,13.67,13.66,13.65,13.64,13.63,13.62,13.61,13.6,13.59,13.58,13.68,13.69,13.7,13.71,13.72,13.73,13.74,13.75,13.76,13.77,4000,4900,95100,5600,9500,4900,15800,15700,13200,11700,9100,9600,38600,5900,7400,40700,900,19900,9000,21500
7250.0,13.67,12025100,162774422.0,13.67,13.66,13.65,13.64,13.63,13.62,13.61,13.6,13.59,13.58,13.68,13.69,13.7,13.71,13.72,13.73,13.74,13.75,13.76,13.77,3200,4900,95100,5600,9500,4900,15800,15700,13200,9700,9100,9600,38600,5900,7400,40700,900,19900,9000,21500
7251.0,13.67,12025400,162778523.0,13.67,13.66,13.65,13.64,13.63,13.62,13.61,13.6,13.59,13.58,13.68,13.69,13.7,13.71,13.72,13.73,13.74,13.75,13.76,13.77,4400,4400,95100,5600,9500,4900,15800,15700,13200,9700,9100,9600,38600,5900,7400,40700,900,19900,9000,21500
7252.0,13.67,12025400,162778523.0,13.67,13.66,13.65,13.64,13.63,13.62,13.61,13.6,13.59,13.58,13.68,13.69,13.7,13.71,13.72,13.73,13.74,13.75,13.76,13.77,4400,4400,95100,5600,9500,4900,15800,15700,13200,9700,9100,9600,38600,5900,7400,40700,900,19900,9000,21500
7253.0,13.67,12025400,162778523.0,13.67,13.66,13.65,13.64,13.63,13.62,13.61,13.6,13.59,13.58,13.68,13.69,13.7,13.71,13.72,13.73,13.74,13.75,13.76,13.77,4400,4400,95100,5600,9500,4900,15800,15700,13200,9700,9800,9600,38600,5900,7400,40700,900,19900,9000,21500
7254.0,13.67,12025800,162783991.0,13.67,13.66,13.65,13.64,13.63,13.62,13.61,13.6,13.59,13.58,13.68,13.69,13.7,13.71,13.72,13.73,13.74,13.75,13.76,13.77,4000,4400,95100,5600,9500,4900,15800,15700,13200,9700,9800,9600,38600,5900,7400,40700,900,19900,9000,21500
7255.0,13.67,12025800,162783991.0,13.67,13.66,13.65,13.64,13.63,13.62,13.61,13.6,13.59,13.58,13.68,13.69,13.7,13.71,13.72,13.73,13.74,13.75,13.76,13.77,4000,4400,95100,5600,9500,4900,15800,15700,13200,9700,9800,9600,38900,5900,7400,40700,900,19900,9000,21500
7256.0,13.68,12035600,162918055.0,13.68,13.67,13.66,13.65,13.64,13.63,13.62,13.61,13.6,13.59,13.69,13.7,13.71,13.72,13.73,13.74,13.75,13.76,13.77,13.78,9600,4000,4400,95100,5600,9500,4900,15800,15700,13200,9600,38900,5900,7400,40700,900,19900,9000,21500,120500
7257.0,13.68,12039700,162974143.0,13.68,13.67,13.66,13.65,13.64,13.63,13.62,13.61,13.6,13.59,13.69,13.7,13.71,13.72,13.73,13.74,13.75,13.76,13.77,13.78,5500,13500,4400,95100,5600,9500,4900,15800,15700,13200,9600,38900,5900,7400,40700,900,19900,9000,21500,120500
7258.0,13.68,12040200,162980983.0,13.68,13.67,13.66,13.65,13.64,13.63,13.62,13.61,13.6,13.59,13.69,13.7,13.71,13.72,13.73,13.74,13.75,13.76,13.77,13.78,5000,18300,4400,95100,5600,9500,4900,15800,15700,13200,9600,38900,5900,7400,40700,900,19900,9000,21500,120500
7259.0,13.68,12040200,162980983.0,13.68,13.67,13.66,13.65,13.64,13.63,13.62,13.61,13.6,13.59,13.69,13.7,13.71,13.72,13.73,13.74,13.75,13.76,13.77,13.78,5000,18300,4400,95100,5600,9500,4900,15800,15700,13200,9600,38900,5900,7400,40700,900,19900,9000,21500,120500
7260.0,13.67,12051600,163136887.0,13.67,13.66,13.65,13.64,13.63,13.62,13.61,13.6,13.59,13.58,13.69,13.7,13.71,13.72,13.73,13.74,13.75,13.76,13.77,13.78,12600,4400,95100,5600,9500,4900,15800,15700,13200,9700,9400,38900,5900,7400,40700,900,19900,9000,21500,120500
7261.0,13.67,12051600,163136887.0,13.68,13.67,13.66,13.65,13.64,13.63,13.62,13.61,13.6,13.59,13.69,13.7,13.71,13.72,13.73,13.74,13.75,13.76,13.77,13.78,6300,16200,4400,95100,5600,9500,4900,15800,15700,13200,13000,38900,5900,7400,40700,900,19900,9000,21500,120500
7262.0,13.67,12051600,163136887.0,13.68,13.67,13.66,13.65,13.64,13.63,13.62,13.61,13.6,13.59,13.69,13.7,13.71,13.72,13.73,13.74,13.75,13.76,13.77,13.78,7700,16200,2400,95100,5600,9500,4900,15800,15700,13200,13000,38900,5900,7400,40700,900,19900,9000,21500,120500
7263.0,13.7,12064900,163318967.0,13.69,13.68,13.67,13.66,13.65,13.64,13.63,13.62,13.61,13.6,13.7,13.71,13.72,13.73,13.74,13.75,13.76,13.77,13.78,13.79,3700,7700,16200,2400,95100,5600,9500,4900,15800,15700,38600,5900,7400,40700,900,19900,9000,21500,120500,33600
7264.0,13.69,12065200,163323074.0,13.69,13.68,13.67,13.66,13.65,13.64,13.63,13.62,13.61,13.6,13.7,13.71,13.72,13.73,13.74,13.75,13.76,13.77,13.78,13.79,5300,7700,16200,2400,95100,5600,9500,1900,15800,15700,38600,5900,7400,40700,900,19900,9000,21500,120500,33600
7265.0,13.69,12065700,163329919.0,13.69,13.68,13.67,13.66,13.65,13.64,13.63,13.62,13.61,13.6,13.7,13.71,13.72,13.73,13.74,13.75,13.76,13.77,13.78,13.79,4800,7700,16200,2400,95100,5600,9500,1900,15800,15700,38600,5900,7400,40700,900,19900,9000,21500,120500,33600
7266.0,13.69,12065700,163329919.0,13.69,13.68,13.67,13.66,13.65,13.64,13.63,13.62,13.61,13.6,13.7,13.71,13.72,13.73,13.74,13.75,13.76,13.77,13.78,13.79,4800,7700,16200,2400,95100,5600,9500,1900,15800,15700,38600,5900,7400,40700,900,19900,9000,21500,120500,33600
7267.0,13.69,12066100,163335395.0,13.69,13.68,13.67,13.66,13.65,13.64,13.63,13.62,13.61,13.6,13.7,13.71,13.72,13.73,13.74,13.75,13.76,13.77,13.78,13.79,4400,9700,16200,2400,44000,5600,9500,1900,15800,15700,38600,5900,7400,40700,900,19900,9000,21500,120500,33600
7268.0,13.69,12067900,163360037.0,13.69,13.68,13.67,13.66,13.65,13.64,13.63,13.62,13.61,13.6,13.7,13.71,13.72,13.73,13.74,13.75,13.76,13.77,13.78,13.79,2600,10500,16200,2400,44000,5600,9500,1900,15800,15700,38600,5900,7400,40700,900,19900,9000,21500,120500,33600
7269.0,13.69,12067900,163360037.0,13.69,13.68,13.67,13.66,13.65,13.64,13.63,13.62,13.61,13.6,13.7,13.71,13.72,13.73,13.74,13.75,13.76,13.77,13.78,13.79,2600,10300,16200,2400,44000,5600,9500,1900,15800,15700,38600,5900,7400,40700,900,19900,9000,21500,120500,33600
7270.0,13.69,12068100,163362775.0,13.69,13.68,13.67,13.66,13.65,13.64,13.63,13.62,13.61,13.6,13.7,13.71,13.72,13.73,13.74,13.75,13.76,13.77,13.78,13.79,2400,10300,8400,2400,44000,5600,9500,1900,15800,15700,38600,5900,7400,40700,900,19900,9000,21500,120500,33600
7271.0,13.7,12069400,163380585.0,13.69,13.68,13.67,13.66,13.65,13.64,13.63,13.62,13.61,13.6,13.7,13.71,13.72,13.73,13.74,13.75,13.76,13.77,13.78,13.79,2400,10300,8400,2400,44000,5600,9500,1900,15800,15700,37300,5900,7400,40700,900,19900,9000,21500,120500,33600
7272.0,13.69,12069600,163383323.0,13.69,13.68,13.67,13.66,13.65,13.64,13.63,13.62,13.61,13.6,13.7,13.71,13.72,13.73,13.74,13.75,13.76,13.77,13.78,13.79,2600,10300,3600,2400,44000,5600,9500,1900,15800,15700,37300,5900,7400,40700,900,19900,9000,21500,120500,33600
7273.0,13.69,12069800,163386061.0,13.69,13.68,13.67,13.66,13.65,13.64,13.63,13.62,13.61,13.6,13.7,13.71,13.72,13.73,13.74,13.75,13.76,13.77,13.78,13.79,2400,10300,3600,2400,44000,5600,9500,1900,15800,15700,37300,5900,7400,40700,900,19900,9000,21500,120500,33600
7274.0,13.7,12070800,163399761.0,13.69,13.68,13.67,13.66,13.65,13.64,13.63,13.62,13.61,13.6,13.7,13.71,13.72,13.73,13.74,13.75,13.76,13.77,13.78,13.79,7600,10300,3600,2400,44000,5600,9500,1900,15800,15700,36300,5900,7400,40700,900,19900,9000,21500,120500,33600
7275.0,13.69,12071300,163406606.0,13.69,13.68,13.67,13.66,13.65,13.64,13.63,13.62,13.61,13.6,13.7,13.71,13.72,13.73,13.74,13.75,13.76,13.77,13.78,13.79,7100,10300,3600,2400,44000,5600,9500,1900,15800,15700,36300,5900,7400,40700,900,19900,9000,21500,120500,33600
7276.0,13.7,12076000,163470989.0,13.69,13.68,13.67,13.66,13.65,13.64,13.63,13.62,13.61,13.6,13.7,13.71,13.72,13.73,13.74,13.75,13.76,13.77,13.78,13.79,6400,10300,3600,400,44000,5600,9500,1900,15800,15700,32300,4900,7400,40700,900,19900,9000,21500,120500,33600
7277.0,13.7,12083500,163573739.0,13.69,13.68,13.67,13.66,13.65,13.64,13.63,13.62,13.61,13.6,13.7,13.71,13.72,13.73,13.74,13.75,13.76,13.77,13.78,13.79,6400,10300,3600,400,44000,5600,9500,1900,15800,15700,28500,4900,7400,40700,900,19900,9000,21500,120500,33600
7278.0,13.7,12083500,163573739.0,13.69,13.68,13.67,13.66,13.65,13.64,13.63,13.62,13.61,13.6,13.7,13.71,13.72,13.73,13.74,13.75,13.76,13.77,13.78,13.79,6400,10300,3600,400,44000,5600,9500,1900,15800,15700,28500,4900,7400,40700,900,19900,9000,21500,120500,33600
7279.0,13.69,12085500,163601119.0,13.69,13.68,13.67,13.66,13.65,13.64,13.63,13.62,13.61,13.6,13.7,13.71,13.72,13.73,13.74,13.75,13.76,13.77,13.78,13.79,4400,8300,3600,400,44000,5600,9500,1900,15800,15700,28500,4900,7400,40700,900,19900,9000,21500,120500,33600
7280.0,13.7,12092400,163695633.0,13.69,13.68,13.67,13.66,13.65,13.64,13.63,13.62,13.61,13.6,13.7,13.71,13.72,13.73,13.74,13.75,13.76,13.77,13.78,13.79,2800,8800,3600,400,44000,5600,9500,1900,15800,15700,23200,4900,7400,40700,900,19900,9000,21500,120500,33600
7281.0,13.7,12092900,163702483.0,13.69,13.68,13.67,13.66,13.65,13.64,13.63,13.62,13.61,13.6,13.7,13.71,13.72,13.73,13.74,13.75,13.76,13.77,13.78,13.79,2800,8800,3600,400,44000,5600,9500,1900,15800,15700,22700,4900,7400,40700,900,19900,9000,21500,120500,33600
7282.0,13.7,12094700,163727143.0,13.69,13.68,13.67,13.66,13.65,13.64,13.63,13.62,13.61,13.6,13.7,13.71,13.72,13.73,13.74,13.75,13.76,13.77,13.78,13.79,5900,8800,3600,400,44000,5600,9500,1900,15800,15700,24900,4900,7400,40700,900,19900,9000,21500,120500,33600
7283.0,13.7,12096200,163747688.0,13.69,13.68,13.67,13.66,13.65,13.64,13.63,13.62,13.61,13.6,13.7,13.71,13.72,13.73,13.74,13.75,13.76,13.77,13.78,13.79,5400,8800,3600,400,44000,5600,9500,1900,15800,15700,23900,4900,7400,40700,900,19900,9000,21500,120500,33600
7284.0,13.7,12097300,163762758.0,13.69,13.68,13.67,13.66,13.65,13.64,13.63,13.62,13.61,13.6,13.7,13.71,13.72,13.73,13.74,13.75,13.76,13.77,13.78,13.79,5400,8800,3600,400,44000,5600,9500,1900,15800,15700,22800,4900,7400,40700,900,19900,9000,21500,123500,33600
7285.0,13.7,12097300,163762758.0,13.69,13.68,13.67,13.66,13.65,13.64,13.63,13.62,13.61,13.6,13.7,13.71,13.72,13.73,13.74,13.75,13.76,13.77,13.78,13.79,5400,7400,3600,400,44000,5600,9500,1900,15800,15700,22800,4900,7400,40700,900,19900,9000,21500,123500,33600
7286.0,13.7,12106500,163888788.0,13.69,13.68,13.67,13.66,13.65,13.64,13.63,13.62,13.61,13.6,13.7,13.71,13.72,13.73,13.74,13.75,13.76,13.77,13.78,13.79,6400,7400,3600,400,44000,5600,9500,1900,15800,15700,14600,4900,7400,40700,900,19900,9000,21500,123500,33600
7287.0,13.69,12108400,163914799.0,13.69,13.68,13.67,13.66,13.65,13.64,13.63,13.62,13.61,13.6,13.7,13.71,13.72,13.73,13.74,13.75,13.76,13.77,13.78,13.79,4500,7400,3600,400,44000,5600,9500,1900,15800,15700,14600,4900,7400,40700,900,19900,9000,21500,123500,33600
7288.0,13.7,12108900,163921649.0,13.69,13.68,13.67,13.66,13.65,13.64,13.63,13.62,13.61,13.6,13.7,13.71,13.72,13.73,13.74,13.75,13.76,13.77,13.78,13.79,4500,7400,3600,400,44000,5600,9500,1900,15800,15700,14100,4900,7400,40700,900,20400,9000,21500,123500,33600
7289.0,13.7,12109700,163932605.0,13.69,13.68,13.67,13.66,13.65,13.64,13.63,13.62,13.61,13.6,13.7,13.71,13.72,13.73,13.74,13.75,13.76,13.77,13.78,13.79,4100,7400,3600,400,44000,5600,9500,1900,15800,15700,13700,4900,7400,37700,900,20400,9000,21500,123500,33600
7290.0,13.7,12121100,164088785.0,13.69,13.68,13.67,13.66,13.65,13.64,13.63,13.62,13.61,13.6,13.7,13.71,13.72,13.73,13.74,13.75,13.76,13.77,13.78,13.79,4100,7400,3600,400,44000,5600,9500,1900,15800,15700,2300,4900,7400,37700,900,20400,9000,21500,123500,33600
7291.0,13.7,12123300,164118917.0,13.69,13.68,13.67,13.66,13.65,13.64,13.63,13.62,13.61,13.6,13.7,13.71,13.72,13.73,13.74,13.75,13.76,13.77,13.78,13.79,3300,1300,3600,400,44000,5600,9500,1900,15800,15700,1200,4900,8800,37700,900,20400,9000,21500,123500,33600
7292.0,13.69,12123600,164123024.0,13.69,13.68,13.67,13.66,13.65,13.64,13.63,13.62,13.61,13.6,13.7,13.71,13.72,13.73,13.74,13.75,13.76,13.77,13.78,13.79,7400,1300,3600,400,44000,5600,9500,1900,15800,15700,1600,4900,8800,41700,900,20400,9000,21500,123500,33600
7293.0,13.7,12127600,164177800.0,13.7,13.69,13.68,13.67,13.66,13.65,13.64,13.63,13.62,13.61,13.71,13.72,13.73,13.74,13.75,13.76,13.77,13.78,13.79,13.8,35600,5000,1300,3600,400,44000,5600,9500,1900,15800,7900,8800,41700,900,20400,9000,21500,123500,33600,132600
7294.0,13.7,12127600,164177800.0,13.7,13.69,13.68,13.67,13.66,13.65,13.64,13.63,13.62,13.61,13.71,13.72,13.73,13.74,13.75,13.76,13.77,13.78,13.79,13.8,35600,8000,1300,3600,400,44000,5600,9500,1900,15800,7900,8800,41700,900,20400,9000,21500,123500,33600,132600
7295.0,13.7,12128800,164194240.0,13.7,13.69,13.68,13.67,13.66,13.65,13.64,13.63,13.62,13.61,13.71,13.72,13.73,13.74,13.75,13.76,13.77,13.78,13.79,13.8,34500,8000,1300,3600,400,44000,5600,9500,1900,15800,7900,8800,41700,900,20400,9000,21500,123500,33600,132600
7296.0,13.7,12128800,164194240.0,13.7,13.69,13.68,13.67,13.66,13.65,13.64,13.63,13.62,13.61,13.71,13.72,13.73,13.74,13.75,13.76,13.77,13.78,13.79,13.8,36100,8000,1300,3600,400,44000,5600,9500,1900,15800,7900,8800,41700,900,20400,9000,21500,123500,33600,132600
7297.0,13.7,12128800,164194240.0,13.7,13.69,13.68,13.67,13.66,13.65,13.64,13.63,13.62,13.61,13.71,13.72,13.73,13.74,13.75,13.76,13.77,13.78,13.79,13.8,36100,8000,1300,3600,400,44000,5600,9500,1900,15800,7900,8800,41700,900,20400,9000,21500,123500,33600,132700
7298.0,13.7,12130500,164217530.0,13.7,13.69,13.68,13.67,13.66,13.65,13.64,13.63,13.62,13.61,13.71,13.72,13.73,13.74,13.75,13.76,13.77,13.78,13.79,13.8,34400,8000,1300,3600,400,44000,5600,9500,1900,15800,7900,8800,41700,900,20400,9000,21500,123500,33600,132700
7299.0,13.71,12133700,164261402.0,13.7,13.69,13.68,13.67,13.66,13.65,13.64,13.63,13.62,13.61,13.71,13.72,13.73,13.74,13.75,13.76,13.77,13.78,13.79,13.8,34400,8000,1300,3600,400,44000,5600,9500,1900,15800,4700,9100,41700,900,20400,9000,21500,123500,33600,132700
7300.0,13.71,12138400,164325839.0,13.71,13.7,13.69,13.68,13.67,13.66,13.65,13.64,13.63,13.62,13.72,13.73,13.74,13.75,13.76,13.77,13.78,13.79,13.8,13.81,1400,34400,8000,1300,3600,400,44000,5600,9500,1900,9100,41700,900,20400,9000,21500,123500,33600,131300,8400
7301.0,13.71,12140200,164350517.0,13.7,13.69,13.68,13.67,13.66,13.65,13.64,13.63,13.62,13.61,13.71,13.72,13.73,13.74,13.75,13.76,13.77,13.78,13.79,13.8,34400,8000,1300,3600,400,44000,5600,9500,1900,15800,500,9100,37700,900,20400,9000,21500,123500,33600,131300
7302.0,13.71,12140300,164351888.0,13.7,13.69,13.68,13.67,13.66,13.65,13.64,13.63,13.62,13.61,13.71,13.72,13.73,13.74,13.75,13.76,13.77,13.78,13.79,13.8,37200,8000,1300,3600,142100,44000,5600,9500,1900,15800,400,9100,37700,900,20400,9000,21500,123500,33600,131300
7303.0,13.72,12144000,164402620.0,13.71,13.7,13.69,13.68,13.67,13.66,13.65,13.64,13.63,13.62,13.72,13.73,13.74,13.75,13.76,13.77,13.78,13.79,13.8,13.81,700,35800,8000,1300,3600,142100,44000,5600,9500,1900,7700,37700,900,20400,9000,21500,123500,33600,131300,8400
7304.0,13.72,12144000,164402620.0,13.71,13.7,13.69,13.68,13.67,13.66,13.65,13.64,13.63,13.62,13.72,13.73,13.74,13.75,13.76,13.77,13.78,13.79,13.8,13.81,700,35800,8000,1500,3600,142100,44000,5600,9500,1900,7700,37700,900,20400,9000,21500,123500,33600,131300,8400
7305.0,13.72,12144700,164412224.0,13.71,13.7,13.69,13.68,13.67,13.66,13.65,13.64,13.63,13.62,13.72,13.73,13.74,13.75,13.76,13.77,13.78,13.79,13.8,13.81,3000,35800,8000,1500,3600,142100,44000,5600,9500,1900,7000,37700,900,20000,9000,21500,123500,33600,131300,8400
7306.0,13.72,12145100,164417712.0,13.71,13.7,13.69,13.68,13.67,13.66,13.65,13.64,13.63,13.62,13.72,13.73,13.74,13.75,13.76,13.77,13.78,13.79,13.8,13.81,4000,35800,8000,1500,3600,142100,44000,5600,9500,1900,6600,37700,900,20000,9000,21500,123500,33600,131300,8400
7307.0,13.72,12145100,164417712.0,13.71,13.7,13.69,13.68,13.67,13.66,13.65,13.64,13.63,13.62,13.72,13.73,13.74,13.75,13.76,13.77,13.78,13.79,13.8,13.81,4000,35800,8000,1500,3600,400,44000,5600,9500,1900,6600,37700,900,20000,9000,21500,123500,33600,131300,8400
7308.0,13.72,12148500,164464339.0,13.71,13.7,13.69,13.68,13.67,13.66,13.65,13.64,13.63,13.62,13.72,13.73,13.74,13.75,13.76,13.77,13.78,13.79,13.8,13.81,1900,35700,8000,1500,3600,400,44000,5600,9500,1900,5800,37700,900,20000,9000,21500,123500,33600,131300,8400
7309.0,13.72,12148500,164464339.0,13.71,13.7,13.69,13.68,13.67,13.66,13.65,13.64,13.63,13.62,13.72,13.73,13.74,13.75,13.76,13.77,13.78,13.79,13.8,13.81,1900,35700,8000,1500,3600,400,44000,5600,9500,1900,5800,37700,900,20000,9000,21500,123500,33600,131300,8400
7310.0,13.72,12148500,164464339.0,13.71,13.7,13.69,13.68,13.67,13.66,13.65,13.64,13.63,13.62,13.72,13.73,13.74,13.75,13.76,13.77,13.78,13.79,13.8,13.81,1900,35700,8000,1500,3600,400,44000,5600,9500,1900,5800,37700,900,20000,9000,21500,123500,33600,131300,8400
7311.0,13.71,12150000,164484916.0,13.71,13.7,13.69,13.68,13.67,13.66,13.65,13.64,13.63,13.62,13.72,13.73,13.74,13.75,13.76,13.77,13.78,13.79,13.8,13.81,1600,35700,8000,1500,3600,400,44000,5600,9500,1900,4600,37700,900,20000,9000,21500,123500,33600,131300,8400
7312.0,13.71,12151600,164506852.0,13.7,13.69,13.68,13.67,13.66,13.65,13.64,13.63,13.62,13.61,13.71,13.72,13.73,13.74,13.75,13.76,13.77,13.78,13.79,13.8,35700,600,1500,3600,400,44000,5600,9500,1900,15800,100,4600,37700,900,19000,9000,21500,123500,33600,131300
7313.0,13.72,12151900,164510967.0,13.7,13.69,13.68,13.67,13.66,13.65,13.64,13.63,13.62,13.61,13.72,13.73,13.74,13.75,13.76,13.77,13.78,13.79,13.8,13.81,37400,600,1500,3600,400,44000,5600,9500,1900,15800,4600,37700,900,19000,9000,21500,123500,33600,131300,8400
7314.0,13.72,12155900,164565805.0,13.7,13.68,13.67,13.66,13.65,13.64,13.63,13.62,13.61,13.6,13.71,13.72,13.73,13.74,13.75,13.76,13.77,13.78,13.79,13.8,35300,1500,3600,400,44000,5600,9500,1900,15800,15700,12500,3900,37700,900,19000,9000,21500,123500,33600,131300
7315.0,13.7,12156600,164575395.0,13.7,13.68,13.67,13.66,13.65,13.64,13.63,13.62,13.61,13.6,13.71,13.72,13.73,13.74,13.75,13.76,13.77,13.78,13.79,13.8,34600,1500,3600,400,44000,5600,9500,1900,15800,15700,12500,3900,37700,900,19000,9500,21500,123500,33600,131300
7316.0,13.71,12157400,164586363.0,13.7,13.68,13.67,13.66,13.65,13.64,13.63,13.62,13.61,13.6,13.71,13.72,13.73,13.74,13.75,13.76,13.77,13.78,13.79,13.8,34600,1500,3600,400,44000,5600,9500,1900,15800,15700,11700,3900,37700,900,23000,9500,21500,123500,33600,131300
7317.0,13.73,12178100,164870280.0,13.7,13.68,13.67,13.66,13.65,13.64,13.63,13.62,13.61,13.6,13.73,13.74,13.75,13.76,13.77,13.78,13.79,13.8,13.81,13.82,32300,1500,3600,400,44000,5600,9500,1900,15800,15700,33300,900,23000,9500,21500,123500,33600,131300,8400,25100
7318.0,13.73,12211400,165327489.0,13.73,13.7,13.68,13.67,13.66,13.65,13.64,13.63,13.62,13.61,13.74,13.75,13.76,13.77,13.78,13.79,13.8,13.81,13.82,13.83,15500,32300,1500,3600,400,44000,5600,9500,1900,15800,900,23000,9500,21500,123500,33600,131300,8400,25100,12000
7319.0,13.73,12211400,165327489.0,13.73,13.7,13.68,13.67,13.66,13.65,13.64,13.63,13.62,13.61,13.74,13.75,13.76,13.77,13.78,13.79,13.8,13.81,13.82,13.83,15500,32300,1000,3600,400,44000,5600,9500,1900,15800,900,23000,9500,21500,123500,33600,131300,8400,25100,12000
7320.0,13.73,12212100,165337100.0,13.73,13.7,13.68,13.67,13.66,13.65,13.64,13.63,13.62,13.61,13.74,13.75,13.76,13.77,13.78,13.79,13.8,13.81,13.82,13.83,14800,32300,1000,3600,400,44000,5600,9500,1900,15800,900,23000,9500,21500,123500,33600,131300,8400,25100,12000
7321.0,13.73,12212100,165337100.0,13.73,13.7,13.68,13.67,13.66,13.65,13.64,13.63,13.62,13.61,13.74,13.75,13.76,13.77,13.78,13.79,13.8,13.81,13.82,13.83,14800,32300,1000,3600,400,44000,5600,9500,1900,15800,900,23000,9500,21500,123500,33600,131300,8400,25100,12000
7322.0,13.73,12214000,165363188.0,13.73,13.71,13.7,13.68,13.67,13.66,13.65,13.64,13.63,13.62,13.74,13.75,13.76,13.77,13.78,13.79,13.8,13.81,13.82,13.83,13000,2700,32300,1000,3600,400,44000,5600,9500,1900,800,19000,9500,21500,123500,33600,131300,8400,25100,12000
7323.0,13.73,12214700,165372799.0,13.73,13.71,13.7,13.68,13.67,13.66,13.65,13.64,13.63,13.62,13.74,13.75,13.76,13.77,13.78,13.79,13.8,13.81,13.82,13.83,12300,2700,32300,1000,3600,400,44000,5600,9500,1900,800,19000,9500,21500,123500,33600,131300,8400,25100,12000
7324.0,13.73,12214700,165372799.0,13.73,13.71,13.7,13.68,13.67,13.66,13.65,13.64,13.63,13.62,13.74,13.75,13.76,13.77,13.78,13.79,13.8,13.81,13.82,13.83,12300,2700,32300,1000,3600,400,44000,5600,9500,1900,800,19000,9500,21500,121300,33600,131300,8400,25100,12000
7325.0,13.73,12216800,165401632.0,13.73,13.71,13.7,13.68,13.67,13.66,13.65,13.64,13.63,13.62,13.74,13.75,13.76,13.77,13.78,13.79,13.8,13.81,13.82,13.83,10200,2700,32300,1000,3600,400,44000,5600,9500,1900,1800,19000,9500,21500,121300,33600,131300,8400,25100,12000
7326.0,13.74,12223400,165492258.0,13.73,13.71,13.7,13.68,13.67,13.66,13.65,13.64,13.63,13.62,13.74,13.75,13.76,13.77,13.78,13.79,13.8,13.81,13.82,13.83,4400,2700,32300,1000,3600,400,44000,5600,9500,1900,8000,18400,9500,21500,121300,33600,131300,8400,25100,12000
7327.0,13.74,12223400,165492258.0,13.73,13.71,13.7,13.68,13.67,13.66,13.65,13.64,13.63,13.62,13.74,13.75,13.76,13.77,13.78,13.79,13.8,13.81,13.82,13.83,4400,2700,32300,1000,3600,400,44000,5600,9500,1900,8000,18400,9500,21500,121300,33600,131300,8400,25100,12000
7328.0,13.74,12227500,165548558.0,13.73,13.71,13.7,13.68,13.67,13.66,13.65,13.64,13.63,13.62,13.74,13.75,13.76,13.77,13.78,13.79,13.8,13.81,13.82,13.83,4000,2700,32300,1000,3600,400,44000,5600,9500,1900,7300,20200,9500,24400,121300,33600,131300,8400,25100,12000
7329.0,13.74,12228400,165560919.0,13.73,13.71,13.7,13.68,13.67,13.66,13.65,13.64,13.63,13.62,13.74,13.75,13.76,13.77,13.78,13.79,13.8,13.81,13.82,13.83,3500,2700,32300,1000,3600,400,44000,5600,9500,1900,6900,20200,9500,24400,121300,33600,131300,8400,25100,12000
7330.0,13.74,12236000,165665336.0,13.74,13.73,13.71,13.7,13.68,13.67,13.66,13.65,13.64,13.63,13.75,13.76,13.77,13.78,13.79,13.8,13.81,13.82,13.83,13.84,12600,2800,2700,32300,1000,3600,400,44000,5600,9500,20200,9500,24400,121300,33600,131300,8400,25100,12000,56000
7331.0,13.74,12236700,165674954.0,13.74,13.73,13.71,13.7,13.68,13.67,13.66,13.65,13.64,13.63,13.75,13.76,13.77,13.78,13.79,13.8,13.81,13.82,13.83,13.84,11900,2800,2700,32800,1000,3600,400,44000,5600,9500,20200,9500,24400,121300,33600,132100,8400,25100,12000,56000
7332.0,13.74,12236700,165674954.0,13.74,13.73,13.71,13.7,13.68,13.67,13.66,13.65,13.64,13.63,13.75,13.76,13.77,13.78,13.79,13.8,13.81,13.82,13.83,13.84,11900,2800,2700,32800,1000,3600,400,44000,5600,9500,20200,9500,24400,121300,33600,132100,8400,25100,12000,56000
7333.0,13.74,12236700,165674954.0,13.74,13.73,13.71,13.7,13.68,13.67,13.66,13.65,13.64,13.63,13.75,13.76,13.77,13.78,13.79,13.8,13.81,13.82,13.83,13.84,11900,2800,2700,32800,1000,3600,400,44000,5600,9500,20200,9500,24400,126300,33600,132100,8400,25100,12000,56000
7334.0,13.75,12257500,165960947.0,13.74,13.73,13.71,13.7,13.68,13.67,13.66,13.65,13.64,13.63,13.75,13.76,13.77,13.78,13.79,13.8,13.81,13.82,13.83,13.84,12200,2800,2700,32800,1000,3600,400,44000,5600,9500,100,9500,24400,126300,33600,132100,8100,25100,12000,56000
7335.0,13.75,12257500,165960947.0,13.74,13.73,13.71,13.7,13.68,13.67,13.66,13.65,13.64,13.63,13.75,13.76,13.77,13.78,13.79,13.8,13.81,13.82,13.83,13.84,12200,2800,2700,32800,1000,3600,400,44000,5600,9500,100,9500,24400,126300,33600,132100,8100,25100,12000,56000
7336.0,13.74,12259600,165989801.0,13.74,13.73,13.71,13.7,13.68,13.67,13.66,13.65,13.64,13.63,13.75,13.76,13.77,13.78,13.79,13.8,13.81,13.82,13.83,13.84,11000,2800,2700,32800,1000,3600,400,44000,5600,9500,100,9500,24400,126300,33600,132100,8100,25100,12000,56000
7337.0,13.75,12260400,166000794.0,13.75,13.74,13.73,13.71,13.7,13.68,13.67,13.66,13.65,13.64,13.76,13.77,13.78,13.79,13.8,13.81,13.82,13.83,13.84,13.85,1700,10300,2800,2700,32800,1000,3600,400,44000,5600,9500,24400,126300,33600,132100,8100,25100,12000,56000,25500
7338.0,13.75,12260400,166000794.0,13.75,13.74,13.73,13.71,13.7,13.68,13.67,13.66,13.65,13.64,13.76,13.77,13.78,13.79,13.8,13.81,13.82,13.83,13.84,13.85,1700,10300,2800,2700,32800,1000,3600,400,44000,5600,9500,24400,126300,33600,133600,8100,25100,12000,56000,25500
7339.0,13.75,12261200,166011794.0,13.75,13.74,13.73,13.71,13.7,13.68,13.67,13.66,13.65,13.64,13.76,13.77,13.78,13.79,13.8,13.81,13.82,13.83,13.84,13.85,900,10300,2800,3700,5000,1000,3600,400,44000,5600,9500,24400,126300,33600,133600,8100,25100,12000,56000,25500
7340.0,13.75,12261900,166021419.0,13.75,13.74,13.73,13.71,13.7,13.68,13.67,13.66,13.65,13.64,13.76,13.77,13.78,13.79,13.8,13.81,13.82,13.83,13.84,13.85,200,9400,2800,3700,2200,1000,3600,400,44000,5600,9500,24400,122800,33600,133100,8100,25100,12000,56000,25500
7341.0,13.76,12264200,166053067.0,13.75,13.74,13.73,13.71,13.7,13.68,13.67,13.66,13.65,13.64,13.76,13.77,13.78,13.79,13.8,13.81,13.82,13.83,13.84,13.85,200,9400,2800,3700,2200,1000,3600,400,44000,5600,7200,24400,122800,33600,133100,8100,25100,12000,56000,25500
7342.0,13.76,12264200,166053067.0,13.75,13.74,13.73,13.71,13.7,13.68,13.67,13.66,13.65,13.64,13.76,13.77,13.78,13.79,13.8,13.81,13.82,13.83,13.84,13.85,200,9400,2800,3700,2200,1000,3600,400,44000,5600,7200,24400,122800,33600,133100,8100,25100,12000,56000,25500
7343.0,13.75,12265200,166066822.0,13.74,13.73,13.71,13.7,13.68,13.67,13.66,13.65,13.64,13.63,13.76,13.77,13.78,13.79,13.8,13.81,13.82,13.83,13.84,13.85,9400,2800,3700,2200,1000,3600,400,44000,5600,9500,6700,24400,122800,33600,133100,8100,25100,12000,56000,25500
7344.0,13.76,12275000,166201670.0,13.76,13.74,13.73,13.71,13.7,13.68,13.67,13.66,13.65,13.64,13.77,13.78,13.79,13.8,13.81,13.82,13.83,13.84,13.85,13.86,24000,10300,2800,3700,2200,1000,3600,400,44000,5600,24400,122800,33600,133100,8100,25100,12000,56000,25500,10200
7345.0,13.76,12275000,166201670.0,13.76,13.75,13.74,13.73,13.71,13.7,13.68,13.67,13.66,13.65,13.77,13.78,13.79,13.8,13.81,13.82,13.83,13.84,13.85,13.86,29400,1000,12500,2800,3700,2200,1000,3600,400,44000,24400,122800,33600,133100,8100,25100,12000,56000,25500,10200
7346.0,13.76,12275700,166211302.0,13.76,13.75,13.74,13.73,13.71,13.7,13.68,13.67,13.66,13.65,13.77,13.78,13.79,13.8,13.81,13.82,13.83,13.84,13.85,13.86,28700,1000,12500,2800,3700,2200,1000,3600,400,44000,24400,122800,33600,133100,8100,25100,12000,56000,25500,10200
7347.0,13.76,12278800,166253958.0,13.76,13.75,13.74,13.73,13.71,13.7,13.68,13.67,13.66,13.65,13.77,13.78,13.79,13.8,13.81,13.82,13.83,13.84,13.85,13.86,27300,1000,12500,2800,3700,2200,1000,3600,400,44000,24400,122800,33600,133100,8100,25100,12000,56000,25500,10200
7348.0,13.76,12280200,166273222.0,13.76,13.75,13.74,13.73,13.71,13.7,13.68,13.67,13.66,13.65,13.77,13.78,13.79,13.8,13.81,13.82,13.83,13.84,13.85,13.86,26000,1000,12500,2800,3700,2200,1000,3600,400,44000,24400,122800,33600,133100,8100,25100,12000,56000,25500,10200
7349.0,13.76,12280900,166282854.0,13.76,13.75,13.74,13.73,13.71,13.7,13.68,13.67,13.66,13.65,13.77,13.78,13.79,13.8,13.81,13.82,13.83,13.84,13.85,13.86,25300,1000,12500,2800,3700,2200,1000,3600,400,44000,24400,122800,33600,133100,8100,25100,12000,56000,25500,10200
7350.0,13.76,12286600,166361286.0,13.76,13.75,13.74,13.73,13.71,13.7,13.68,13.67,13.66,13.65,13.77,13.78,13.79,13.8,13.81,13.82,13.83,13.84,13.85,13.86,19600,1000,12500,2800,3700,2200,1000,3600,400,44000,24400,122800,33600,133100,8100,25100,12000,56000,25500,10200
7351.0,13.77,12286700,166362663.0,13.76,13.75,13.74,13.73,13.71,13.7,13.68,13.67,13.66,13.65,13.77,13.78,13.79,13.8,13.81,13.82,13.83,13.84,13.85,13.86,19600,1000,12500,2800,3700,2200,1000,3600,400,44000,24300,122800,33600,133100,8100,25100,12000,56000,25500,10200
7352.0,13.77,12287800,166377803.0,13.76,13.75,13.74,13.73,13.71,13.7,13.68,13.67,13.66,13.65,13.77,13.78,13.79,13.8,13.81,13.82,13.83,13.84,13.85,13.86,18800,1000,12500,2800,3700,2200,1000,3600,400,44000,23900,122400,33600,132900,8100,25100,12000,56000,25500,10200
7353.0,13.77,12288500,166387442.0,13.76,13.75,13.74,13.73,13.71,13.7,13.68,13.67,13.66,13.65,13.77,13.78,13.79,13.8,13.81,13.82,13.83,13.84,13.85,13.86,18800,1000,12500,2800,3700,2200,1000,3600,400,44000,23200,121400,33600,132900,8100,25100,12000,56000,25500,10200
7354.0,13.77,12290900,166420490.0,13.76,13.75,13.74,13.73,13.71,13.7,13.68,13.67,13.66,13.65,13.77,13.78,13.79,13.8,13.81,13.82,13.83,13.84,13.85,13.86,18800,1000,12500,2800,1000,2200,1000,3600,400,44000,21700,121400,33600,132900,8100,25100,12000,56000,25500,10200
7355.0,13.76,12294000,166463146.0,13.76,13.75,13.74,13.73,13.71,13.7,13.68,13.67,13.66,13.65,13.77,13.78,13.79,13.8,13.81,13.82,13.83,13.84,13.85,13.86,15700,1000,12500,2800,1000,2200,1000,3600,400,44000,21700,121400,33600,132900,8100,25100,12000,56000,25500,10200
7356.0,13.76,12294700,166472778.0,13.76,13.75,13.74,13.73,13.71,13.7,13.68,13.67,13.66,13.65,13.77,13.78,13.79,13.8,13.81,13.82,13.83,13.84,13.85,13.86,17800,1000,12500,2800,1000,2200,1000,3600,400,44000,21700,121400,33600,132900,8100,25100,12000,56000,25500,10200
7357.0,13.76,12296000,166490671.0,13.76,13.75,13.74,13.73,13.71,13.7,13.68,13.67,13.66,13.65,13.77,13.78,13.79,13.8,13.81,13.82,13.83,13.84,13.85,13.86,17000,1000,7500,2800,1000,2200,1000,3600,400,44000,21200,121400,33600,132900,8100,25100,12000,56000,25500,10200
7358.0,13.76,12296000,166490671.0,13.76,13.75,13.74,13.73,13.71,13.7,13.68,13.67,13.66,13.65,13.77,13.78,13.79,13.8,13.81,13.82,13.83,13.84,13.85,13.86,17000,1000,7500,2800,1000,2200,1000,3600,400,44000,21200,121400,33600,132900,8100,25100,12000,56000,25500,10200
7359.0,13.77,12299100,166533337.0,13.76,13.75,13.74,13.73,13.71,13.7,13.68,13.67,13.66,13.65,13.77,13.78,13.79,13.8,13.81,13.82,13.83,13.84,13.85,13.86,14900,1000,7500,2800,1000,2200,1000,3600,400,44000,20200,121400,43600,133200,8100,25100,12000,56000,25500,10200
7360.0,13.76,12305500,166621435.0,13.76,13.75,13.74,13.73,13.71,13.7,13.68,13.67,13.66,13.65,13.77,13.78,13.79,13.8,13.81,13.82,13.83,13.84,13.85,13.86,11900,1000,7500,2800,1000,2200,1000,3600,400,44000,16800,121400,43900,133200,8100,25100,12000,56000,25500,10200
7361.0,13.76,12305500,166621435.0,13.76,13.75,13.74,13.73,13.71,13.7,13.68,13.67,13.66,13.65,13.77,13.78,13.79,13.8,13.81,13.82,13.83,13.84,13.85,13.86,11900,1000,4100,2800,1000,2200,1000,3600,400,44000,21900,121400,43900,133200,8100,25100,7500,56000,25500,10200
7362.0,13.76,12311400,166702622.0,13.76,13.75,13.74,13.71,13.7,13.68,13.67,13.66,13.65,13.64,13.77,13.78,13.79,13.8,13.81,13.82,13.83,13.84,13.85,13.86,7000,1000,4100,1000,2200,1000,3600,400,44000,5600,21600,123400,43900,133200,8100,25100,7500,56000,25500,10200
7363.0,13.77,12311900,166709507.0,13.76,13.75,13.74,13.71,13.7,13.68,13.67,13.66,13.65,13.64,13.77,13.78,13.79,13.8,13.81,13.82,13.83,13.84,13.85,13.86,7000,1000,4100,1000,2200,1000,3600,400,44000,5600,23100,123400,43900,133200,8100,25100,7500,56000,25500,10200
7364.0,13.77,12324700,166885716.0,13.76,13.75,13.74,13.71,13.7,13.68,13.67,13.66,13.65,13.64,13.77,13.78,13.79,13.8,13.81,13.82,13.83,13.84,13.85,13.86,2300,1000,4100,1000,2200,1000,3600,400,44000,5600,15600,123400,43900,133200,8100,25100,7500,56000,25500,10200
7365.0,13.77,12325000,166889845.0,13.76,13.75,13.74,13.71,13.7,13.68,13.67,13.66,13.65,13.64,13.77,13.78,13.79,13.8,13.81,13.82,13.83,13.84,13.85,13.86,2100,1000,4100,1000,2200,1000,3600,400,43000,5600,15500,123400,43900,133200,8100,25100,7500,56000,25500,10200
7366.0,13.76,12325500,166896725.0,13.76,13.75,13.74,13.71,13.7,13.68,13.67,13.66,13.65,13.64,13.77,13.78,13.79,13.8,13.81,13.82,13.83,13.84,13.85,13.86,1600,1000,4100,1000,2200,1000,3600,400,43000,5600,15500,123600,43900,133200,8100,25100,7500,56000,25500,10200
7367.0,13.76,12325500,166896725.0,13.76,13.75,13.74,13.71,13.7,13.68,13.67,13.66,13.65,13.64,13.77,13.78,13.79,13.8,13.81,13.82,13.83,13.84,13.85,13.86,1600,1200,4100,1000,2200,1000,3600,400,43000,5600,15500,123600,43900,133200,8100,25100,7500,56000,25500,12200
7368.0,13.76,12328400,166936642.0,13.75,13.74,13.71,13.7,13.68,13.67,13.66,13.65,13.64,13.63,13.76,13.77,13.78,13.79,13.8,13.81,13.82,13.83,13.84,13.85,1200,4100,1000,2200,1000,3600,400,43000,5600,9500,1000,14200,123600,43900,133200,8100,25100,7500,56000,25500
7369.0,13.77,12334000,167013744.0,13.75,13.74,13.71,13.7,13.68,13.67,13.66,13.65,13.64,13.63,13.77,13.78,13.79,13.8,13.81,13.82,13.83,13.84,13.85,13.86,1200,4100,1000,2200,1000,3600,400,43000,5600,9500,9600,123600,43900,133200,8100,25100,7500,56000,25500,12200
7370.0,13.75,12334200,167016494.0,13.75,13.74,13.71,13.7,13.68,13.67,13.66,13.65,13.64,13.63,13.77,13.78,13.79,13.8,13.81,13.82,13.83,13.84,13.85,13.86,3300,4100,1000,2200,1000,3600,400,43000,5600,9500,13800,123800,43900,133200,8100,25100,7500,56000,25500,12200
7371.0,13.75,12334800,167024744.0,13.75,13.74,13.71,13.7,13.68,13.67,13.66,13.65,13.64,13.63,13.76,13.77,13.78,13.79,13.8,13.81,13.82,13.83,13.84,13.85,5000,4100,1000,2200,1000,3600,400,43000,5600,9500,3700,16100,123800,43900,133200,8100,25800,7500,56000,25500
7372.0,13.76,12336600,167049512.0,13.75,13.74,13.71,13.7,13.68,13.67,13.66,13.65,13.64,13.63,13.76,13.77,13.78,13.79,13.8,13.81,13.82,13.83,13.84,13.85,5000,4100,1000,2200,1000,3600,400,43000,5600,9500,3500,16100,123800,43900,133200,8100,25800,7500,56000,25500
7373.0,13.77,12345200,167167899.0,13.75,13.74,13.71,13.7,13.68,13.67,13.66,13.65,13.64,13.63,13.77,13.78,13.79,13.8,13.81,13.82,13.83,13.84,13.85,13.86,5000,4100,1000,2200,1000,3600,400,43000,5600,9500,14600,123800,43900,133200,8100,25800,7500,56000,25500,12200
7374.0,13.75,12345700,167174774.0,13.75,13.74,13.71,13.7,13.68,13.67,13.66,13.65,13.64,13.63,13.76,13.77,13.78,13.79,13.8,13.81,13.82,13.83,13.84,13.85,4500,4100,1000,2200,1000,3600,400,43000,5600,9500,400,15900,123800,43900,133200,8100,25800,7500,56000,25500
7375.0,13.77,12353100,167276668.0,13.75,13.74,13.71,13.7,13.68,13.67,13.66,13.65,13.64,13.63,13.77,13.78,13.79,13.8,13.81,13.82,13.83,13.84,13.85,13.86,4500,4100,1000,2200,1000,3600,400,43000,5600,9500,13500,123800,43900,133200,8100,25800,7500,56000,25500,12200
7376.0,13.76,12355500,167309692.0,13.75,13.74,13.71,13.7,13.68,13.67,13.66,13.65,13.64,13.63,13.76,13.77,13.78,13.79,13.8,13.81,13.82,13.83,13.84,13.85,8000,4100,1000,2200,200,3600,400,43000,5600,9500,1300,17800,123800,44900,133200,8100,25800,7500,56000,25500
7377.0,13.77,12360000,167371630.0,13.76,13.75,13.74,13.71,13.7,13.68,13.67,13.66,13.65,13.64,13.77,13.78,13.79,13.8,13.81,13.82,13.83,13.84,13.85,13.86,3500,7300,4100,1000,2200,200,3600,400,43000,5600,15800,123800,44900,133200,8100,25800,7500,56000,25500,12200
7378.0,13.76,12363700,167422542.0,13.75,13.74,13.71,13.7,13.68,13.67,13.66,13.65,13.64,13.63,13.76,13.77,13.78,13.79,13.8,13.81,13.82,13.83,13.84,13.85,7300,4100,1000,2200,200,3600,400,43000,5600,9500,1500,15800,123800,44900,133200,8100,25800,7500,56000,25500
7379.0,13.76,12367700,167477557.0,13.76,13.75,13.74,13.71,13.7,13.68,13.67,13.66,13.65,13.64,13.77,13.78,13.79,13.8,13.81,13.82,13.83,13.84,13.85,13.86,3500,4800,4100,1000,2200,200,3600,400,43000,5600,16800,123800,44900,133200,8100,25800,7500,56000,25500,12200
7380.0,13.76,12368000,167481685.0,13.76,13.75,13.74,13.71,13.7,13.68,13.67,13.66,13.65,13.64,13.77,13.78,13.79,13.8,13.81,13.82,13.83,13.84,13.85,13.86,8200,4800,4100,1000,2200,200,3600,400,43000,5600,17100,123800,44900,133200,8100,25800,7500,56000,25500,12200
7381.0,13.76,12369500,167502325.0,13.76,13.75,13.74,13.71,13.7,13.68,13.67,13.66,13.65,13.64,13.77,13.78,13.79,13.8,13.81,13.82,13.83,13.84,13.85,13.86,9300,4800,4100,1000,2200,200,3600,400,43000,5600,17100,123800,45900,133200,8100,25800,7500,56000,25500,12200
7382.0,13.76,12369500,167502325.0,13.76,13.75,13.74,13.71,13.7,13.68,13.67,13.66,13.65,13.64,13.77,13.78,13.79,13.8,13.81,13.82,13.83,13.84,13.85,13.86,9300,4800,4100,1000,2200,200,3600,400,43000,5600,17100,123900,45900,133200,8100,25800,7500,56000,25500,12200
7383.0,13.77,12378500,167626248.0,13.76,13.75,13.74,13.73,13.71,13.7,13.68,13.67,13.66,13.65,13.77,13.78,13.79,13.8,13.81,13.82,13.83,13.84,13.85,13.86,8600,4800,4100,1200,1000,2200,200,3600,400,43000,8800,123900,45900,133200,8100,25800,7500,56000,25500,12200
7384.0,13.76,12398000,167894754.0,13.76,13.75,13.74,13.73,13.71,13.7,13.68,13.67,13.66,13.65,13.77,13.78,13.79,13.8,13.81,13.82,13.83,13.84,13.85,13.86,2800,4800,4100,1200,1000,2200,200,3600,400,43000,1600,119000,45900,133200,8100,25800,7500,56000,25500,12200
7385.0,13.77,12400100,167923669.0,13.76,13.75,13.74,13.73,13.71,13.7,13.68,13.67,13.66,13.65,13.77,13.78,13.79,13.8,13.81,13.82,13.83,13.84,13.85,13.86,2900,4800,4100,1200,1000,2200,200,3600,400,43000,10300,119000,45900,133200,8100,25800,7500,56000,25500,12200
7386.0,13.76,12406900,168017277.0,13.76,13.75,13.74,13.73,13.71,13.7,13.68,13.67,13.66,13.65,13.77,13.78,13.79,13.8,13.81,13.82,13.83,13.84,13.85,13.86,100,4800,4100,1200,1000,2200,200,3600,400,43000,6300,119300,45900,133200,8100,25800,7500,56000,25500,12200
7387.0,13.77,12407400,168024162.0,13.76,13.75,13.74,13.73,13.71,13.7,13.68,13.67,13.66,13.65,13.77,13.78,13.79,13.8,13.81,13.82,13.83,13.84,13.85,13.86,100,4800,4100,1200,1000,2200,200,3600,400,43000,6700,119300,45900,133200,8100,25800,7500,56000,25500,12200
7388.0,13.77,12407500,168025539.0,13.76,13.75,13.74,13.73,13.71,13.7,13.68,13.67,13.66,13.65,13.77,13.78,13.79,13.8,13.81,13.82,13.83,13.84,13.85,13.86,100,4800,4100,1200,1000,2200,200,3600,400,43000,6900,119500,46400,133200,8100,25800,7500,56000,25500,12200
7389.0,13.77,12407500,168025539.0,13.76,13.75,13.74,13.73,13.71,13.7,13.68,13.67,13.66,13.65,13.77,13.78,13.79,13.8,13.81,13.82,13.83,13.84,13.85,13.86,100,4800,4100,5000,1000,2200,200,3600,400,43000,6900,119500,46400,133200,8100,25800,7500,56000,25500,12200
7390.0,13.77,12407500,168025539.0,13.76,13.75,13.74,13.73,13.71,13.7,13.68,13.67,13.66,13.65,13.77,13.78,13.79,13.8,13.81,13.82,13.83,13.84,13.85,13.86,100,4800,4100,5000,1000,500,200,3600,400,43000,6900,119500,46700,133200,8100,25800,7500,56000,25500,12200
7391.0,13.77,12407500,168025539.0,13.76,13.75,13.74,13.73,13.71,13.7,13.68,13.67,13.66,13.65,13.77,13.78,13.79,13.8,13.81,13.82,13.83,13.84,13.85,13.86,100,4800,4100,5000,1000,500,200,3600,400,43000,17700,119900,46700,133200,8100,25800,7500,56000,25500,12200
7392.0,13.76,12407600,168026915.0,13.75,13.74,13.73,13.71,13.7,13.68,13.67,13.66,13.65,13.64,13.76,13.77,13.78,13.79,13.8,13.81,13.82,13.83,13.84,13.85,4800,4100,5000,1000,500,200,3600,400,43000,5600,700,18700,119900,46700,133200,8100,25800,7500,56000,25500
7393.0,13.77,12437300,168435965.0,13.77,13.75,13.74,13.73,13.71,13.7,13.68,13.67,13.66,13.65,13.78,13.79,13.8,13.81,13.82,13.83,13.84,13.85,13.86,13.87,9300,4800,4100,5000,1000,500,200,3600,400,43000,111100,46700,133200,8100,25800,7500,56000,25500,12200,18900
7394.0,13.77,12437300,168435965.0,13.77,13.75,13.74,13.73,13.71,13.7,13.68,13.67,13.66,13.65,13.78,13.79,13.8,13.81,13.82,13.83,13.84,13.85,13.86,13.87,9300,4800,4100,5000,1000,500,200,3600,400,43000,111100,46700,133200,8100,25800,7500,56000,25500,12200,18900
7395.0,13.77,12439100,168460751.0,13.77,13.76,13.75,13.74,13.73,13.71,13.7,13.68,13.67,13.66,13.78,13.79,13.8,13.81,13.82,13.83,13.84,13.85,13.86,13.87,7500,100,4800,4100,5000,1000,500,200,3600,400,111200,47200,133200,8100,25800,7500,56000,25500,12200,18900
7396.0,13.76,12446700,168565402.0,13.75,13.74,13.73,13.71,13.7,13.68,13.67,13.66,13.65,13.64,13.76,13.77,13.78,13.79,13.8,13.81,13.82,13.83,13.84,13.85,4800,4100,5000,1000,500,200,3600,400,43000,5600,7300,2000,111200,47200,133200,8100,25800,7500,56000,25500
7397.0,13.76,12446700,168565402.0,13.75,13.74,13.73,13.71,13.7,13.68,13.67,13.66,13.65,13.64,13.76,13.77,13.78,13.79,13.8,13.81,13.82,13.83,13.84,13.85,4800,4100,5000,1000,500,200,3600,400,43000,5600,14200,4300,113600,47200,133200,8100,25800,7500,56000,25500
7398.0,13.75,12447100,168570902.0,13.75,13.74,13.73,13.71,13.7,13.68,13.67,13.66,13.65,13.64,13.76,13.77,13.78,13.79,13.8,13.81,13.82,13.83,13.84,13.85,4400,4100,5000,1000,500,200,3600,400,43000,5600,14200,4500,117300,47200,133200,8100,25800,7500,56000,25500
7399.0,13.75,12447500,168576402.0,13.75,13.74,13.73,13.71,13.7,13.68,13.67,13.66,13.65,13.64,13.76,13.77,13.78,13.79,13.8,13.81,13.82,13.83,13.84,13.85,4000,4100,5000,1000,500,200,3600,400,43000,5600,14200,4500,117600,47200,133200,8100,25800,7500,56000,25500
7400.0,13.75,12447500,168576402.0,13.75,13.74,13.73,13.71,13.7,13.68,13.67,13.66,13.65,13.64,13.76,13.77,13.78,13.79,13.8,13.81,13.82,13.83,13.84,13.85,4000,4100,5000,1000,500,200,3600,400,43000,5600,14200,4500,117600,47200,133200,8100,25800,7500,56000,25500
7401.0,13.75,12447900,168581902.0,13.75,13.74,13.73,13.71,13.7,13.68,13.67,13.66,13.65,13.64,13.76,13.77,13.78,13.79,13.8,13.81,13.82,13.83,13.84,13.85,3600,4100,5000,1000,500,200,3600,400,43000,5600,15200,5900,117600,47200,134200,8100,26100,7500,56000,25500
7402.0,13.75,12447900,168581902.0,13.75,13.74,13.73,13.71,13.7,13.68,13.67,13.66,13.65,13.64,13.76,13.77,13.78,13.79,13.8,13.81,13.82,13.83,13.84,13.85,3600,4100,5000,1000,500,200,3600,400,43000,5600,27800,5900,117800,47200,134200,8100,26100,7500,56000,25500
7403.0,13.75,12448600,168591527.0,13.75,13.74,13.73,13.71,13.7,13.68,13.67,13.66,13.65,13.64,13.76,13.77,13.78,13.79,13.8,13.81,13.82,13.83,13.84,13.85,2900,4100,5000,1000,500,200,3600,400,43000,5600,29000,4700,117800,42100,134200,8100,26100,7500,56000,25500
7404.0,13.76,12449300,168601157.0,13.75,13.74,13.73,13.71,13.7,13.68,13.67,13.66,13.65,13.64,13.76,13.77,13.78,13.79,13.8,13.81,13.82,13.83,13.84,13.85,2700,4100,5000,1000,500,200,3600,400,43000,5600,28500,4700,117800,43100,134200,7900,26100,7500,56000,25500
7405.0,13.75,12452000,168638282.0,13.74,13.73,13.71,13.7,13.68,13.67,13.66,13.65,13.64,13.63,13.75,13.76,13.77,13.78,13.79,13.8,13.81,13.82,13.83,13.84,4100,5000,1000,500,200,3600,400,43000,5600,9500,17300,28500,4700,117800,43100,134200,7900,26100,7500,56000
7406.0,13.74,12452900,168650653.0,13.74,13.73,13.71,13.7,13.68,13.67,13.66,13.65,13.64,13.63,13.75,13.76,13.77,13.78,13.79,13.8,13.81,13.82,13.83,13.84,3700,5000,1000,500,200,3600,400,43000,5600,9500,19800,27300,9700,117500,43100,134200,7900,26100,7500,56000
7407.0,13.74,12453200,168654775.0,13.74,13.73,13.71,13.7,13.68,13.67,13.66,13.65,13.64,13.63,13.75,13.76,13.77,13.78,13.79,13.8,13.81,13.82,13.83,13.84,3400,5000,1000,500,200,3600,400,43000,5600,9500,19800,27300,9700,118000,42600,134200,7900,26100,7500,56000
7408.0,13.75,12453700,168661650.0,13.74,13.73,13.71,13.7,13.68,13.67,13.66,13.65,13.64,13.63,13.75,13.76,13.77,13.78,13.79,13.8,13.81,13.82,13.83,13.84,3400,5000,1000,500,200,3600,400,43000,5600,9500,19300,27300,9800,118000,42600,134200,7900,26100,7500,56000
7409.0,13.74,12454300,168669894.0,13.74,13.73,13.71,13.7,13.68,13.67,13.66,13.65,13.64,13.63,13.75,13.76,13.77,13.78,13.79,13.8,13.81,13.82,13.83,13.84,2800,5000,1000,500,200,3600,400,43000,5600,9500,19300,27300,10300,117900,42600,134200,7900,26100,7500,56000
7410.0,13.75,12454800,168676767.0,13.74,13.73,13.71,13.7,13.68,13.67,13.66,13.65,13.64,13.63,13.75,13.76,13.77,13.78,13.79,13.8,13.81,13.82,13.83,13.84,2600,5000,1000,500,200,3600,400,43000,5600,9500,25000,27300,10300,117900,42600,135200,7900,26100,7500,56000
7411.0,13.74,12455800,168690507.0,13.74,13.73,13.71,13.7,13.68,13.67,13.66,13.65,13.64,13.63,13.75,13.76,13.77,13.78,13.79,13.8,13.81,13.82,13.83,13.84,1600,5000,1000,500,200,3600,400,43300,5600,9500,25000,32400,10300,117900,42600,135200,7900,25400,7500,56000
7412.0,13.74,12455900,168691881.0,13.74,13.73,13.71,13.7,13.69,13.68,13.67,13.66,13.65,13.64,13.75,13.76,13.77,13.78,13.79,13.8,13.81,13.82,13.83,13.84,1500,5000,1000,500,2000,200,3600,400,43300,5600,25000,32300,10300,117700,42600,135200,7900,25400,7500,56000
7413.0,13.74,12456100,168694629.0,13.74,13.73,13.71,13.7,13.69,13.68,13.67,13.66,13.65,13.64,13.75,13.76,13.77,13.78,13.79,13.8,13.81,13.82,13.83,13.84,1300,5000,1000,500,2000,200,3600,400,43300,5600,25000,32300,10300,117700,42600,135200,7900,25400,7500,56000
7414.0,13.75,12456500,168700128.0,13.74,13.73,13.71,13.7,13.69,13.68,13.67,13.66,13.65,13.64,13.75,13.76,13.77,13.78,13.79,13.8,13.81,13.82,13.83,13.84,1400,5000,1000,500,2000,200,3600,400,43300,5600,25200,32300,10300,117700,42600,135200,7900,25400,7500,56000
7415.0,13.75,12457300,168711126.0,13.74,13.73,13.71,13.7,13.69,13.68,13.67,13.66,13.65,13.64,13.75,13.76,13.77,13.78,13.79,13.8,13.81,13.82,13.83,13.84,1200,5000,1000,500,2000,200,3600,400,43300,5600,24600,32300,10300,117700,42600,135200,7900,25400,7500,56000
7416.0,13.74,12457400,168712500.0,13.74,13.73,13.71,13.7,13.69,13.68,13.67,13.66,13.65,13.64,13.75,13.76,13.77,13.78,13.79,13.8,13.81,13.82,13.83,13.84,1100,5000,1000,500,2000,200,3600,400,43300,5600,24600,32300,10300,119700,42600,135900,7900,25400,7500,56000
7417.0,13.73,12461600,168770177.0,13.73,13.71,13.7,13.69,13.68,13.67,13.66,13.65,13.64,13.63,13.74,13.75,13.76,13.77,13.78,13.79,13.8,13.81,13.82,13.83,1900,1000,500,2000,200,3600,400,43300,5800,9500,1000,24600,32300,10300,115700,42600,135900,7900,25400,7500
7418.0,13.73,12461600,168770177.0,13.73,13.71,13.7,13.69,13.68,13.67,13.66,13.65,13.64,13.63,13.74,13.75,13.76,13.77,13.78,13.79,13.8,13.81,13.82,13.83,1900,1000,500,2000,200,3600,400,43300,5800,9500,3300,22800,32300,10300,115700,42600,135900,7900,25400,7500
7419.0,13.73,12462700,168785280.0,13.73,13.71,13.7,13.69,13.68,13.67,13.66,13.65,13.64,13.63,13.74,13.75,13.76,13.77,13.78,13.79,13.8,13.81,13.82,13.83,800,1000,1300,2000,200,3600,400,43300,5800,9500,3300,23000,33100,10300,115700,42600,135900,7900,25400,5500
7420.0,13.73,12463400,168794891.0,13.73,13.71,13.7,13.69,13.68,13.67,13.66,13.65,13.64,13.63,13.74,13.75,13.76,13.77,13.78,13.79,13.8,13.81,13.82,13.83,100,1000,1300,2000,200,3600,400,43300,5800,9500,4200,23000,33100,10300,115700,42600,135900,7900,23400,5500
7421.0,13.75,12490100,169161954.0,13.71,13.7,13.69,13.68,13.67,13.66,13.65,13.64,13.63,13.62,13.74,13.75,13.76,13.77,13.78,13.79,13.8,13.81,13.82,13.83,1000,1300,2000,200,3600,400,43300,5800,9500,700,2200,2100,33100,10300,115700,42600,135900,7900,23400,5500
7422.0,13.71,12490200,169163325.0,13.71,13.7,13.69,13.68,13.67,13.66,13.65,13.64,13.63,13.62,13.74,13.75,13.76,13.77,13.78,13.79,13.8,13.81,13.82,13.83,3300,1300,2000,200,3600,400,43300,5800,9500,700,5100,2100,33100,10300,115700,42600,135900,7900,23400,5500
7423.0,13.71,12490200,169163325.0,13.71,13.7,13.69,13.68,13.67,13.66,13.65,13.64,13.63,13.62,13.74,13.75,13.76,13.77,13.78,13.79,13.8,13.81,13.82,13.83,5700,1300,2000,200,3600,400,43300,5800,9500,700,7500,2100,33100,10300,115700,42600,135900,7900,23400,5500
7424.0,13.71,12490700,169170180.0,13.71,13.7,13.69,13.68,13.67,13.66,13.65,13.64,13.63,13.62,13.74,13.75,13.76,13.77,13.78,13.79,13.8,13.81,13.82,13.83,7600,1300,2000,200,3600,400,43300,5800,9500,700,9900,2200,33100,10600,115300,42600,135900,7900,23400,5500
7425.0,13.71,12490700,169170180.0,13.71,13.7,13.69,13.68,13.67,13.66,13.65,13.64,13.63,13.62,13.74,13.75,13.76,13.77,13.78,13.79,13.8,13.81,13.82,13.83,9900,1300,2000,200,3600,400,43300,5800,9500,700,12200,2200,33100,10600,115300,42600,136600,7900,23400,5500
7426.0,13.71,12492100,169189374.0,13.71,13.7,13.69,13.68,13.67,13.66,13.65,13.64,13.63,13.62,13.74,13.75,13.76,13.77,13.78,13.79,13.8,13.81,13.82,13.83,10800,1300,2000,200,3600,400,43300,5800,9500,700,14500,2200,33100,14600,115300,42600,136600,7900,23400,5500
7427.0,13.71,12493900,169214064.0,13.71,13.7,13.69,13.68,13.67,13.66,13.65,13.64,13.63,13.62,13.74,13.75,13.76,13.77,13.78,13.79,13.8,13.81,13.82,13.83,9400,1300,2000,200,3600,1300,43300,5800,9500,700,15400,2300,33100,14600,115300,42600,136600,7900,23400,5500
7428.0,13.74,12494100,169216812.0,13.72,13.71,13.7,13.69,13.68,13.67,13.66,13.65,13.64,13.63,13.74,13.75,13.76,13.77,13.78,13.79,13.8,13.81,13.82,13.83,1200,11700,1300,2000,200,3600,1300,43300,5800,9500,16200,2300,33100,14600,118500,42600,136600,7900,23400,5500
7429.0,13.74,12494100,169216812.0,13.72,13.71,13.7,13.69,13.68,13.67,13.66,13.65,13.64,13.63,13.74,13.75,13.76,13.77,13.78,13.79,13.8,13.81,13.82,13.83,1200,11700,1300,2000,200,3600,1300,43300,5800,9500,16200,2400,33100,14600,118500,42600,136600,7900,23400,5500
7430.0,13.72,12494200,169218184.0,13.72,13.71,13.7,13.69,13.68,13.67,13.66,13.65,13.64,13.63,13.74,13.75,13.76,13.77,13.78,13.79,13.8,13.81,13.82,13.83,3300,11700,1300,2000,200,3600,1300,43300,5800,9500,18400,2400,33100,14400,118500,42600,136600,7900,23400,5500
7431.0,13.72,12494200,169218184.0,13.72,13.71,13.7,13.69,13.68,13.67,13.66,13.65,13.64,13.63,13.74,13.75,13.76,13.77,13.78,13.79,13.8,13.81,13.82,13.83,3300,11700,1300,2000,200,3600,1300,43300,5800,9500,18400,2400,33100,14400,118500,42600,136600,7900,23400,5500
7432.0,13.74,12494500,169222306.0,13.72,13.71,13.7,13.69,13.68,13.67,13.66,13.65,13.64,13.63,13.74,13.75,13.76,13.77,13.78,13.79,13.8,13.81,13.82,13.83,4500,11700,1300,2000,200,3600,1300,43300,5600,9500,19300,3500,33100,14400,118500,42600,137200,7900,23400,5500
7433.0,13.72,12494900,169227794.0,13.72,13.71,13.7,13.69,13.68,13.67,13.66,13.65,13.64,13.63,13.74,13.75,13.76,13.77,13.78,13.79,13.8,13.81,13.82,13.83,5000,11700,1300,2000,200,3600,1300,43300,5600,9500,20200,3600,33100,14400,118500,42600,137200,7900,23400,5500
7434.0,13.74,12496500,169249778.0,13.72,13.71,13.7,13.69,13.68,13.67,13.66,13.65,13.64,13.63,13.74,13.75,13.76,13.77,13.78,13.79,13.8,13.81,13.82,13.83,5000,11700,1300,2000,200,3600,1300,43300,5600,9500,19800,4100,33100,14400,118500,56400,137200,7900,23400,5500
7435.0,13.72,12497000,169256638.0,13.72,13.71,13.7,13.69,13.68,13.67,13.66,13.65,13.64,13.63,13.74,13.75,13.76,13.77,13.78,13.79,13.8,13.81,13.82,13.83,6600,11700,1300,2000,200,3600,1300,43300,5600,9500,20700,4100,33100,14400,118500,56400,137200,7900,23400,5500
7436.0,13.72,12497600,169264870.0,13.72,13.71,13.7,13.69,13.68,13.67,13.66,13.65,13.64,13.63,13.74,13.75,13.76,13.77,13.78,13.79,13.8,13.81,13.82,13.83,6000,11700,1300,2000,200,3600,1300,43300,5600,9500,20700,4100,33100,14400,118500,56400,137200,7900,23400,5500
7437.0,13.73,12499100,169285453.0,13.72,13.71,13.7,13.69,13.68,13.67,13.66,13.65,13.64,13.63,13.73,13.74,13.75,13.76,13.77,13.78,13.79,13.8,13.81,13.82,6000,11700,1300,2000,200,3600,1300,43300,5600,9500,100,21900,4400,33100,14400,118500,56400,137200,7900,23400
7438.0,13.74,12499300,169288200.0,13.72,13.71,13.7,13.69,13.68,13.67,13.66,13.65,13.64,13.63,13.74,13.75,13.76,13.77,13.78,13.79,13.8,13.81,13.82,13.83,6000,11700,1300,2000,200,3600,1300,43300,5600,9500,21800,4400,36100,14400,118500,56400,137200,7900,23400,5500
7439.0,13.74,12500500,169304676.0,13.72,13.71,13.7,13.69,13.68,13.67,13.66,13.65,13.64,13.63,13.74,13.75,13.76,13.77,13.78,13.79,13.8,13.81,13.82,13.83,6500,11700,1300,2000,200,3600,1300,43300,5600,9500,22300,4400,36100,16400,118500,56400,137200,7900,23400,5500
7440.0,13.74,12500500,169304676.0,13.72,13.71,13.7,13.69,13.68,13.67,13.66,13.65,13.64,13.63,13.74,13.75,13.76,13.77,13.78,13.79,13.8,13.81,13.82,13.83,7300,11700,1300,2000,200,3600,1300,43300,5600,9500,23100,4900,36100,16400,118500,56400,137200,7900,23400,5500
7441.0,13.74,12500500,169304676.0,13.72,13.71,13.7,13.69,13.68,13.67,13.66,13.65,13.64,13.63,13.74,13.75,13.76,13.77,13.78,13.79,13.8,13.81,13.82,13.83,8300,11700,1300,2000,200,3600,1300,43300,5600,9500,24100,4900,36100,16400,118400,56400,137700,7900,23400,5500
7442.0,13.72,12501200,169314280.0,13.73,13.72,13.71,13.7,13.69,13.68,13.67,13.66,13.65,13.64,13.74,13.75,13.76,13.77,13.78,13.79,13.8,13.81,13.82,13.83,400,8400,11700,1300,2000,200,3600,1300,43300,5600,24900,4900,36100,16400,118400,56400,137700,7900,23400,5500
7443.0,13.72,12501200,169314280.0,13.73,13.72,13.71,13.7,13.69,13.68,13.67,13.66,13.65,13.64,13.74,13.75,13.76,13.77,13.78,13.79,13.8,13.81,13.82,13.83,400,8400,11700,1300,2000,200,3600,1300,43300,5600,24900,4900,36100,16400,118400,56400,137700,7900,23400,5500
7444.0,13.73,12501500,169318399.0,13.73,13.72,13.71,13.7,13.69,13.68,13.67,13.66,13.65,13.64,13.74,13.75,13.76,13.77,13.78,13.79,13.8,13.81,13.82,13.83,100,8400,11700,1300,2000,200,3600,1300,43300,5600,24900,6200,32500,16400,118400,56400,137700,7900,23400,5500
7445.0,13.73,12501600,169319772.0,13.72,13.71,13.7,13.69,13.68,13.67,13.66,13.65,13.64,13.63,13.73,13.74,13.75,13.76,13.77,13.78,13.79,13.8,13.81,13.82,8400,11700,1300,2000,200,3600,1300,43300,5600,9500,1900,25900,6600,32500,16400,118400,56400,137700,7900,23400
7446.0,13.72,12502300,169329376.0,13.72,13.71,13.7,13.69,13.68,13.67,13.66,13.65,13.64,13.63,13.73,13.74,13.75,13.76,13.77,13.78,13.79,13.8,13.81,13.82,7700,11700,1300,2000,200,3600,1300,43300,5600,9500,2900,25900,6600,32500,15800,118400,56400,137700,7900,23400
7447.0,13.72,12502300,169329376.0,13.72,13.71,13.7,13.69,13.68,13.67,13.66,13.65,13.64,13.63,13.73,13.74,13.75,13.76,13.77,13.78,13.79,13.8,13.81,13.82,7700,11700,1300,2000,200,3600,1300,43300,5600,9500,2900,25900,6600,32500,15800,118900,56400,137700,7900,23400
7448.0,13.72,12504500,169359561.0,13.72,13.71,13.7,13.69,13.68,13.67,13.66,13.65,13.64,13.63,13.73,13.74,13.75,13.76,13.77,13.78,13.79,13.8,13.81,13.82,5600,11700,1300,2000,200,3600,1300,43300,5600,9500,3000,25900,6600,32500,15800,118900,56400,137700,7900,23400
7449.0,13.72,12505000,169366421.0,13.72,13.71,13.7,13.69,13.68,13.67,13.66,13.65,13.64,13.63,13.73,13.74,13.75,13.76,13.77,13.78,13.79,13.8,13.81,13.82,5100,11700,2500,2000,200,3600,1300,43300,5600,9500,4900,25900,6600,32500,15800,118900,56400,136900,7900,23400
7450.0,13.72,12505000,169366421.0,13.72,13.71,13.7,13.69,13.68,13.67,13.66,13.65,13.64,13.63,13.73,13.74,13.75,13.76,13.77,13.78,13.79,13.8,13.81,13.82,5100,11700,2500,2000,200,3600,1300,43300,5600,9500,4900,25900,6600,32500,15800,118400,56400,136900,7900,23400
7451.0,13.72,12505500,169373281.0,13.72,13.71,13.7,13.69,13.68,13.67,13.66,13.65,13.64,13.63,13.73,13.74,13.75,13.76,13.77,13.78,13.79,13.8,13.81,13.82,4600,11700,2500,2000,200,3600,900,43300,5600,9500,7000,25900,6600,32500,15800,119200,56400,136900,7900,23400
7452.0,13.73,12512500,169469391.0,13.73,13.72,13.71,13.7,13.69,13.68,13.67,13.66,13.65,13.64,13.74,13.75,13.76,13.77,13.78,13.79,13.8,13.81,13.82,13.83,43800,4600,11700,2500,2000,200,3600,900,43300,5600,25900,9500,32500,15800,119200,56400,136900,7900,23400,5500
7453.0,13.73,12512500,169469391.0,13.73,13.72,13.71,13.7,13.69,13.68,13.67,13.66,13.65,13.64,13.74,13.75,13.76,13.77,13.78,13.79,13.8,13.81,13.82,13.83,43800,4600,11700,2500,2000,200,3600,900,43300,5600,25900,9500,32500,15800,119200,56400,136900,7900,23400,5500
7454.0,13.73,12513200,169479002.0,13.73,13.72,13.71,13.7,13.69,13.68,13.67,13.66,13.65,13.64,13.74,13.75,13.76,13.77,13.78,13.79,13.8,13.81,13.82,13.83,43100,4600,11700,2500,2000,200,3600,900,43300,5600,25900,9500,32500,15800,119200,56400,136900,7900,21900,5500
7455.0,13.73,12513200,169479002.0,13.73,13.72,13.71,13.7,13.69,13.68,13.67,13.66,13.65,13.64,13.74,13.75,13.76,13.77,13.78,13.79,13.8,13.81,13.82,13.83,43100,4600,11700,2500,2000,200,3600,900,43300,5600,25900,9500,32500,15800,119200,56400,136900,7900,21900,5500
7456.0,13.73,12513900,169488613.0,13.73,13.72,13.71,13.7,13.69,13.68,13.67,13.66,13.65,13.64,13.74,13.75,13.76,13.77,13.78,13.79,13.8,13.81,13.82,13.83,42400,4600,11700,2500,2000,200,3600,900,43300,5600,25900,9500,32500,10800,119200,56400,136900,7900,21900,5500
7457.0,13.73,12515200,169506472.0,13.73,13.72,13.71,13.7,13.69,13.68,13.67,13.66,13.65,13.64,13.74,13.75,13.76,13.77,13.78,13.79,13.8,13.81,13.82,13.83,42100,4600,11700,2500,2000,200,3600,900,44300,5600,24900,9500,32500,10800,119200,56400,136900,7900,21900,5500
7458.0,13.73,12515900,169516083.0,13.73,13.72,13.71,13.7,13.69,13.68,13.67,13.66,13.65,13.64,13.74,13.75,13.76,13.77,13.78,13.79,13.8,13.81,13.82,13.83,41400,4600,11700,2500,2000,200,3600,900,44300,5600,24900,9500,32500,11800,119200,56400,136900,7900,21900,5500
7459.0,13.73,12516600,169525694.0,13.73,13.72,13.71,13.7,13.69,13.68,13.67,13.66,13.65,13.64,13.74,13.75,13.76,13.77,13.78,13.79,13.8,13.81,13.82,13.83,40700,4600,11700,2500,2000,200,3600,900,44300,5600,24900,9500,31500,11800,119200,56400,136900,7900,21900,5500
7460.0,13.73,12518700,169554527.0,13.73,13.72,13.71,13.7,13.69,13.68,13.67,13.66,13.65,13.64,13.74,13.75,13.76,13.77,13.78,13.79,13.8,13.81,13.82,13.83,38600,4600,11700,2500,2000,200,3600,900,44300,5600,24900,9500,24700,11800,119200,56400,136900,7900,21900,5500
7461.0,13.73,12518700,169554527.0,13.73,13.72,13.71,13.7,13.69,13.68,13.67,13.66,13.65,13.64,13.74,13.75,13.76,13.77,13.78,13.79,13.8,13.81,13.82,13.83,38600,4600,11700,2500,2000,200,3600,900,44300,5600,24900,9500,24700,11800,119200,56400,136900,7900,22900,5500
7462.0,13.73,12518700,169554527.0,13.73,13.72,13.71,13.7,13.69,13.68,13.67,13.66,13.65,13.64,13.74,13.75,13.76,13.77,13.78,13.79,13.8,13.81,13.82,13.83,38600,4600,11700,2500,2000,200,3600,900,44300,5600,24900,9500,24700,11800,119200,56400,136900,7900,22900,5500
7463.0,13.73,12519000,169558646.0,13.73,13.72,13.71,13.7,13.69,13.68,13.67,13.66,13.65,13.64,13.74,13.75,13.76,13.77,13.78,13.79,13.8,13.81,13.82,13.83,38300,4600,11700,1700,2000,200,3600,900,44300,5600,26400,9500,24700,11800,122200,56400,136900,7900,22900,5500
7464.0,13.73,12520400,169577868.0,13.73,13.72,13.71,13.7,13.69,13.68,13.67,13.66,13.65,13.64,13.74,13.75,13.76,13.77,13.78,13.79,13.8,13.81,13.82,13.83,36900,4600,11700,1700,2000,200,3600,900,44300,5600,26400,9500,24700,11800,122200,56400,136900,7900,22900,5500
7465.0,13.74,12525800,169652064.0,13.73,13.72,13.71,13.7,13.69,13.68,13.67,13.66,13.65,13.64,13.74,13.75,13.76,13.77,13.78,13.79,13.8,13.81,13.82,13.83,36900,4600,11700,1700,2000,200,3600,900,44300,5600,21000,9500,25200,11800,122200,56400,136900,7900,22900,5500
7466.0,13.74,12526600,169663049.0,13.73,13.72,13.71,13.7,13.69,13.68,13.67,13.66,13.65,13.64,13.74,13.75,13.76,13.77,13.78,13.79,13.8,13.81,13.82,13.83,36200,4600,11700,1700,2000,200,3600,900,44200,5600,20900,8200,25200,11800,122200,56400,136900,7900,22900,5500
7467.0,13.73,12537000,169805928.0,13.73,13.72,13.71,13.7,13.69,13.68,13.67,13.66,13.65,13.64,13.74,13.75,13.76,13.77,13.78,13.79,13.8,13.81,13.82,13.83,36300,4600,11700,1700,2000,200,3600,900,44200,5600,12200,8200,25200,11800,122200,57200,136900,7900,22900,5500
7468.0,13.74,12540500,169854018.0,13.73,13.72,13.71,13.7,13.69,13.68,13.67,13.66,13.65,13.64,13.74,13.75,13.76,13.77,13.78,13.79,13.8,13.81,13.82,13.83,36300,4600,11700,1700,2000,200,3600,900,44200,6600,8700,8200,25200,11800,122200,57200,136900,7900,22900,5500
7469.0,13.74,12543600,169896612.0,13.73,13.72,13.71,13.7,13.69,13.68,13.67,13.66,13.65,13.64,13.74,13.75,13.76,13.77,13.78,13.79,13.8,13.81,13.82,13.83,38700,4600,11700,1700,2000,200,3600,900,44200,6600,5600,8100,25200,11800,122200,57200,136900,7900,22900,5500
7470.0,13.73,12544300,169906223.0,13.73,13.72,13.71,13.7,13.69,13.68,13.67,13.66,13.65,13.64,13.74,13.75,13.76,13.77,13.78,13.79,13.8,13.81,13.82,13.83,38000,4600,11700,1700,2000,200,3600,900,44200,6600,5600,8100,25200,11800,122200,57200,136900,7900,22900,5500
7471.0,13.73,12546400,169935056.0,13.73,13.72,13.71,13.7,13.69,13.68,13.67,13.66,13.65,13.64,13.74,13.75,13.76,13.77,13.78,13.79,13.8,13.81,13.82,13.83,35900,4600,11700,1700,2000,200,3600,900,44200,6600,5600,7300,25200,11800,122200,57200,136900,7900,22900,5500
7472.0,13.74,12547000,169943300.0,13.73,13.72,13.71,13.7,13.69,13.68,13.67,13.66,13.65,13.64,13.74,13.75,13.76,13.77,13.78,13.79,13.8,13.81,13.82,13.83,35900,4600,11700,1700,2000,200,3600,900,44200,6600,5000,7300,25200,11800,122200,57200,136900,7900,22900,5500
7473.0,13.73,12547700,169952911.0,13.73,13.72,13.71,13.7,13.69,13.68,13.67,13.66,13.65,13.64,13.74,13.75,13.76,13.77,13.78,13.79,13.8,13.81,13.82,13.83,35200,4600,11700,1700,2000,200,3600,900,44200,6600,5000,7300,25200,11800,122200,57200,136900,7900,22900,5500
7474.0,13.73,12547700,169952911.0,13.73,13.72,13.71,13.7,13.69,13.68,13.67,13.66,13.65,13.64,13.74,13.75,13.76,13.77,13.78,13.79,13.8,13.81,13.82,13.83,35200,4600,11700,1700,2000,200,3600,900,44200,6600,5000,7300,25200,11800,122200,57200,136900,7900,22900,5500
7475.0,13.74,12548500,169963903.0,13.73,13.72,13.71,13.7,13.69,13.68,13.67,13.66,13.65,13.64,13.74,13.75,13.76,13.77,13.78,13.79,13.8,13.81,13.82,13.83,35200,4600,11700,1700,2000,200,3600,900,44200,6600,4200,7300,25200,11800,122200,57500,136900,7900,22900,5500
7476.0,13.73,12549200,169973514.0,13.73,13.72,13.71,13.7,13.69,13.68,13.67,13.66,13.65,13.64,13.74,13.75,13.76,13.77,13.78,13.79,13.8,13.81,13.82,13.83,34500,4600,11700,1700,2000,200,3600,900,44200,6600,4200,7300,25200,11800,122200,57500,136900,7900,22900,5500
7477.0,13.73,12552700,170021569.0,13.73,13.72,13.71,13.7,13.69,13.68,13.67,13.66,13.65,13.64,13.74,13.75,13.76,13.77,13.78,13.79,13.8,13.81,13.82,13.83,31000,4600,11700,1700,2000,200,3600,900,44200,6600,4200,7300,24400,11800,122200,57500,136900,7900,22900,5500
7478.0,13.74,12557000,170080644.0,13.73,13.72,13.71,13.7,13.69,13.68,13.67,13.66,13.65,13.64,13.74,13.75,13.76,13.77,13.78,13.79,13.8,13.81,13.82,13.83,30300,4600,11700,1700,2000,200,3600,900,44200,6600,600,7300,24400,11800,122200,58000,136900,7900,22900,5500
7479.0,13.73,12557700,170090255.0,13.73,13.72,13.71,13.7,13.69,13.68,13.67,13.66,13.65,13.64,13.74,13.75,13.76,13.77,13.78,13.79,13.8,13.81,13.82,13.83,29600,4600,11700,1700,2000,200,3600,900,44200,6600,600,7300,24400,11800,122000,58000,136900,7900,22900,5500
7480.0,13.75,12561400,170141124.0,13.73,13.72,13.71,13.7,13.69,13.68,13.67,13.66,13.65,13.64,13.75,13.76,13.77,13.78,13.79,13.8,13.81,13.82,13.83,13.84,29600,4600,11700,1700,2000,200,3600,900,44200,6600,4200,24400,11800,122000,58000,136900,7900,21900,5500,56000
7481.0,13.75,12561400,170141124.0,13.73,13.72,13.71,13.7,13.69,13.68,13.67,13.66,13.65,13.64,13.75,13.76,13.77,13.78,13.79,13.8,13.81,13.82,13.83,13.84,30100,4600,11700,1700,2000,200,3600,900,44200,6600,4700,24400,11800,122000,58000,136900,7900,21900,5500,56000
7482.0,13.75,12562200,170152110.0,13.73,13.72,13.71,13.7,13.69,13.68,13.67,13.66,13.65,13.64,13.75,13.76,13.77,13.78,13.79,13.8,13.81,13.82,13.83,13.84,29400,4600,11700,1700,2000,200,3600,900,44200,6600,4600,24400,11800,122000,58000,136900,7900,21900,5500,56000
7483.0,13.73,12563600,170171332.0,13.73,13.72,13.71,13.7,13.69,13.68,13.67,13.66,13.65,13.64,13.75,13.76,13.77,13.78,13.79,13.8,13.81,13.82,13.83,13.84,28500,4600,11700,1700,2000,200,3600,900,44200,6600,5100,23900,11800,122000,58000,136900,7900,21900,5500,56000
7484.0,13.73,12563600,170171332.0,13.74,13.73,13.72,13.71,13.7,13.69,13.68,13.67,13.66,13.65,13.75,13.76,13.77,13.78,13.79,13.8,13.81,13.82,13.83,13.84,7300,28500,4600,11700,1700,2000,200,3600,900,44200,5100,23900,11800,122000,58000,136900,7900,21900,5500,56000
7485.0,13.75,12565100,170191943.0,13.74,13.73,13.72,13.71,13.7,13.69,13.68,13.67,13.66,13.65,13.75,13.76,13.77,13.78,13.79,13.8,13.81,13.82,13.83,13.84,5900,28500,4600,11700,1700,2000,200,3600,900,44200,5000,23900,11800,122000,58000,136900,7900,21900,5500,56000
7486.0,13.75,12565100,170191943.0,13.74,13.73,13.72,13.71,13.7,13.69,13.68,13.67,13.66,13.65,13.75,13.76,13.77,13.78,13.79,13.8,13.81,13.82,13.83,13.84,5900,28500,4600,11700,1700,2000,200,3600,900,44200,5000,23900,11800,122000,58000,136900,7900,21900,5500,56000
7487.0,13.75,12565100,170191943.0,13.74,13.73,13.72,13.71,13.7,13.69,13.68,13.67,13.66,13.65,13.75,13.76,13.77,13.78,13.79,13.8,13.81,13.82,13.83,13.84,5900,28500,4600,11700,1700,2000,200,3600,900,44200,5300,23900,11800,122000,58000,136900,7900,21900,5500,56000
7488.0,13.75,12566000,170204313.0,13.74,13.73,13.72,13.71,13.7,13.69,13.68,13.67,13.66,13.65,13.75,13.76,13.77,13.78,13.79,13.8,13.81,13.82,13.83,13.84,5400,28500,4600,11700,1700,2000,200,3600,900,44200,4900,23900,11800,94900,58000,137000,7900,21900,5500,56000
7489.0,13.76,12577000,170355624.0,13.74,13.73,13.72,13.71,13.7,13.69,13.68,13.67,13.66,13.65,13.76,13.77,13.78,13.79,13.8,13.81,13.82,13.83,13.84,13.85,5400,28500,4600,11700,1700,2000,200,3600,900,44200,17800,11800,94900,58000,137000,7900,21900,5500,56000,25900
7490.0,13.76,12577300,170359752.0,13.74,13.73,13.72,13.71,13.7,13.69,13.68,13.67,13.66,13.65,13.75,13.76,13.77,13.78,13.79,13.8,13.81,13.82,13.83,13.84,5900,28500,4600,11700,1700,2000,200,3600,900,44200,100,18000,11800,94900,58000,137000,7900,21900,5500,56000
7491.0,13.74,12577800,170366622.0,13.74,13.73,13.72,13.71,13.7,13.69,13.68,13.67,13.66,13.65,13.75,13.76,13.77,13.78,13.79,13.8,13.81,13.82,13.83,13.84,5400,28500,4600,11700,1700,2000,200,3600,900,44200,900,18000,11800,94900,58000,137000,7900,21900,5500,56000
7492.0,13.75,12577900,170367997.0,13.74,13.73,13.72,13.71,13.7,13.69,13.68,13.67,13.66,13.65,13.75,13.76,13.77,13.78,13.79,13.8,13.81,13.82,13.83,13.84,5400,30700,4600,11700,1700,2000,200,3600,900,43900,800,18200,11800,94900,58000,137000,7900,21900,5500,56000
7493.0,13.75,12579000,170383117.0,13.74,13.73,13.72,13.71,13.7,13.69,13.68,13.67,13.66,13.65,13.75,13.76,13.77,13.78,13.79,13.8,13.81,13.82,13.83,13.84,4900,30700,4600,11700,1700,2000,200,3600,900,43900,1500,18500,11800,95300,58000,136000,7900,21900,5500,56000
7494.0,13.74,12580300,170400979.0,13.74,13.73,13.72,13.71,13.7,13.69,13.68,13.67,13.66,13.65,13.75,13.76,13.77,13.78,13.79,13.8,13.81,13.82,13.83,13.84,3600,7400,4600,11700,1700,2000,200,3600,900,43900,1800,18500,11800,95300,58000,136000,7900,21900,5500,56000
7495.0,13.75,12581100,170411979.0,13.74,13.73,13.72,13.71,13.7,13.69,13.68,13.67,13.66,13.65,13.75,13.76,13.77,13.78,13.79,13.8,13.81,13.82,13.83,13.84,3600,7400,4600,11700,1700,2000,200,3600,900,43900,1600,18500,11800,95300,58900,136000,7900,21900,5500,56000
7496.0,13.75,12581100,170411979.0,13.74,13.73,13.72,13.71,13.7,13.69,13.68,13.67,13.66,13.65,13.75,13.76,13.77,13.78,13.79,13.8,13.81,13.82,13.83,13.84,3600,7400,4600,11700,1700,2000,200,3600,900,43900,1600,18500,11800,95300,58900,136000,7900,21900,5500,56000
7497.0,13.75,12581100,170411979.0,13.74,13.73,13.72,13.71,13.7,13.69,13.68,13.67,13.66,13.65,13.75,13.76,13.77,13.78,13.79,13.8,13.81,13.82,13.83,13.84,3600,7400,4600,11700,1700,2000,200,3600,900,43900,1600,18500,11800,95300,58900,136000,7900,21900,5500,56000
7498.0,13.74,12581400,170416101.0,13.74,13.73,13.72,13.71,13.7,13.69,13.68,13.67,13.66,13.65,13.75,13.76,13.77,13.78,13.79,13.8,13.81,13.82,13.83,13.84,3300,7400,4600,11700,1700,2000,200,3600,900,43900,1600,18500,11800,95300,58900,136000,7900,21900,5500,56000
7499.0,13.74,12581400,170416101.0,13.74,13.73,13.72,13.71,13.7,13.69,13.68,13.67,13.66,13.65,13.75,13.76,13.77,13.78,13.79,13.8,13.81,13.82,13.83,13.84,3300,7400,4600,11700,1700,2000,200,3600,900,43900,1600,18500,11800,95300,60300,136000,7900,21900,5500,56000
7500.0,13.74,12581700,170420223.0,13.74,13.73,13.72,13.71,13.7,13.69,13.68,13.67,13.66,13.65,13.75,13.76,13.77,13.78,13.79,13.8,13.81,13.82,13.83,13.84,3000,7400,4600,11700,1700,2000,200,3600,900,43900,2900,18500,11800,95300,60300,136000,7900,21900,5500,56000
7501.0,13.74,12581700,170420223.0,13.74,13.73,13.72,13.71,13.7,13.69,13.68,13.67,13.66,13.65,13.75,13.76,13.77,13.78,13.79,13.8,13.81,13.82,13.83,13.84,3000,7400,4600,11700,1700,2000,200,3600,900,43900,2900,18500,11800,95300,60300,136000,7900,21900,5500,56000
7502.0,13.74,12581700,170420223.0,13.74,13.73,13.72,13.71,13.7,13.69,13.68,13.67,13.66,13.65,13.75,13.76,13.77,13.78,13.79,13.8,13.81,13.82,13.83,13.84,3000,7400,4600,11700,1700,2000,200,3600,900,43900,2900,18200,11800,95300,60300,136000,7900,21900,5500,56000
7503.0,13.74,12581700,170420223.0,13.74,13.73,13.72,13.71,13.7,13.69,13.68,13.67,13.66,13.65,13.75,13.76,13.77,13.78,13.79,13.8,13.81,13.82,13.83,13.84,3000,7400,4600,11700,1700,2000,200,3600,900,43900,4700,18200,11800,95300,60300,136000,7900,21900,5500,56000
7504.0,13.75,12583700,170447723.0,13.74,13.73,13.72,13.71,13.7,13.69,13.68,13.67,13.66,13.65,13.75,13.76,13.77,13.78,13.79,13.8,13.81,13.82,13.83,13.84,3000,7400,4600,11700,1700,2000,200,3600,900,43900,2700,18200,11800,95000,60300,136000,7900,21900,5500,56000
7505.0,13.74,12584300,170455967.0,13.74,13.73,13.72,13.71,13.7,13.69,13.68,13.67,13.66,13.65,13.75,13.76,13.77,13.78,13.79,13.8,13.81,13.82,13.83,13.84,2400,7400,4600,11700,1700,2000,200,3600,900,43900,2700,18200,11800,95000,60300,136400,7900,21900,5500,56000
7506.0,13.74,12584300,170455967.0,13.74,13.73,13.72,13.71,13.7,13.69,13.68,13.67,13.66,13.65,13.75,13.76,13.77,13.78,13.79,13.8,13.81,13.82,13.83,13.84,2400,7400,4600,11700,1700,2000,200,3600,900,43900,2700,18200,11800,95000,60300,137400,7900,21900,5500,56000
7507.0,13.75,12585600,170473840.0,13.74,13.73,13.72,13.71,13.7,13.69,13.68,13.67,13.66,13.65,13.75,13.76,13.77,13.78,13.79,13.8,13.81,13.82,13.83,13.84,2200,7400,4600,11700,1700,2000,200,3600,900,43900,2300,18200,11800,95000,60300,137400,7900,21900,5500,56000
7508.0,13.75,12585600,170473840.0,13.74,13.73,13.72,13.71,13.7,13.69,13.68,13.67,13.66,13.65,13.75,13.76,13.77,13.78,13.79,13.8,13.81,13.82,13.83,13.84,2200,7400,4600,11700,1700,2000,200,3600,900,43900,2300,18200,11800,93000,60300,137400,7900,21900,5500,56000
7509.0,13.75,12586200,170482090.0,13.74,13.73,13.72,13.71,13.7,13.69,13.68,13.67,13.66,13.65,13.75,13.76,13.77,13.78,13.79,13.8,13.81,13.82,13.83,13.84,2200,7400,4600,11700,1700,2000,200,3600,900,43900,1700,18200,11800,93000,60300,136800,7900,21900,5500,56000
7510.0,13.75,12586200,170482090.0,13.74,13.73,13.72,13.71,13.7,13.69,13.68,13.67,13.66,13.65,13.75,13.76,13.77,13.78,13.79,13.8,13.81,13.82,13.83,13.84,2200,7400,4600,11700,1700,2000,200,3600,900,43900,1900,18200,11800,93000,60300,137100,7900,21900,5500,56000
7511.0,13.75,12586200,170482090.0,13.74,13.73,13.72,13.71,13.7,13.69,13.68,13.67,13.66,13.65,13.75,13.76,13.77,13.78,13.79,13.8,13.81,13.82,13.83,13.84,2200,7400,4600,11700,1700,2000,200,3600,900,43900,1900,18200,11800,93000,60300,137600,7900,21900,5500,56000
7512.0,13.75,12586200,170482090.0,13.74,13.73,13.72,13.71,13.7,13.69,13.68,13.67,13.66,13.65,13.75,13.76,13.77,13.78,13.79,13.8,13.81,13.82,13.83,13.84,2200,7400,4600,11700,1700,2000,200,3600,900,43900,1900,18200,11800,93000,60300,137600,7900,21900,5500,56000
7513.0,13.75,12586300,170483465.0,13.74,13.73,13.72,13.71,13.7,13.69,13.68,13.67,13.66,13.65,13.75,13.76,13.77,13.78,13.79,13.8,13.81,13.82,13.83,13.84,2200,7400,4600,11700,1700,2000,200,3600,900,43900,1800,18200,11800,93000,60300,137600,7900,21900,5500,56000
7514.0,13.74,12586500,170486213.0,13.74,13.73,13.72,13.71,13.7,13.69,13.68,13.67,13.66,13.65,13.75,13.76,13.77,13.78,13.79,13.8,13.81,13.82,13.83,13.84,2000,7600,4600,11700,1700,2000,200,3600,900,43900,1800,18200,11800,93000,60300,137600,7900,21900,5500,56000
7515.0,13.74,12586500,170486213.0,13.74,13.73,13.72,13.71,13.7,13.69,13.68,13.67,13.66,13.65,13.75,13.76,13.77,13.78,13.79,13.8,13.81,13.82,13.83,13.84,2000,7600,4600,11700,1700,2000,200,3600,900,43900,1800,18200,11800,93000,60300,137600,7900,21900,5500,56000
7516.0,13.74,12586500,170486213.0,13.74,13.73,13.72,13.71,13.7,13.69,13.68,13.67,13.66,13.65,13.75,13.76,13.77,13.78,13.79,13.8,13.81,13.82,13.83,13.84,2000,7600,4600,11700,1700,2000,200,3600,900,43900,1800,18200,11800,93000,60300,137600,7900,21900,5500,56000
7517.0,13.74,12586900,170491709.0,13.74,13.73,13.72,13.71,13.7,13.69,13.68,13.67,13.66,13.65,13.75,13.76,13.77,13.78,13.79,13.8,13.81,13.82,13.83,13.84,1600,7600,4600,11700,1700,2000,200,3600,900,43900,1800,18200,11800,95000,60300,137600,7900,21900,5500,56000
7518.0,13.74,12586900,170491709.0,13.74,13.73,13.72,13.71,13.7,13.69,13.68,13.67,13.66,13.65,13.75,13.76,13.77,13.78,13.79,13.8,13.81,13.82,13.83,13.84,1600,7600,4600,11700,1700,2000,200,3600,900,43900,4100,18500,11800,95000,60900,137600,7900,21900,5500,56000
7519.0,13.74,12586900,170491709.0,13.74,13.73,13.72,13.71,13.7,13.69,13.68,13.67,13.66,13.65,13.75,13.76,13.77,13.78,13.79,13.8,13.81,13.82,13.83,13.84,1600,7600,4600,11700,1700,2000,200,3600,900,43900,4800,18500,11800,95000,60900,137600,7900,21900,5500,56000
7520.0,13.75,12587500,170499959.0,13.74,13.73,13.72,13.71,13.7,13.69,13.68,13.67,13.66,13.65,13.75,13.76,13.77,13.78,13.79,13.8,13.81,13.82,13.83,13.84,1600,7600,4600,11700,1700,2000,200,3600,900,43900,7200,18500,11800,95000,60900,137600,7900,21900,5500,56000
7521.0,13.75,12587500,170499959.0,13.74,13.73,13.72,13.71,13.7,13.69,13.68,13.67,13.66,13.65,13.75,13.76,13.77,13.78,13.79,13.8,13.81,13.82,13.83,13.84,1600,7600,4600,11700,1700,2000,200,3600,900,43900,7600,18500,11800,95000,61400,137600,7900,21900,5500,56000
7522.0,13.75,12591300,170552208.0,13.74,13.73,13.72,13.71,13.7,13.69,13.68,13.67,13.66,13.65,13.75,13.76,13.77,13.78,13.79,13.8,13.81,13.82,13.83,13.84,1500,7600,4600,11700,1700,2000,200,3600,900,43900,4600,18500,11800,95000,59300,137600,7900,21900,5500,56000
7523.0,13.75,12591300,170552208.0,13.74,13.73,13.72,13.71,13.7,13.69,13.68,13.67,13.66,13.65,13.75,13.76,13.77,13.78,13.79,13.8,13.81,13.82,13.83,13.84,1500,7600,4600,11700,1700,2000,200,3600,900,43900,4900,18500,11800,95000,59300,137600,7900,21900,5500,56000
7524.0,13.75,12591300,170552208.0,13.74,13.73,13.72,13.71,13.7,13.69,13.68,13.67,13.66,13.65,13.75,13.76,13.77,13.78,13.79,13.8,13.81,13.82,13.83,13.84,1500,7600,4600,11700,1700,2000,200,3600,900,43900,34900,18500,11800,95000,59300,137600,7900,21900,5500,56000
7525.0,13.74,12592100,170563207.0,13.74,13.73,13.72,13.71,13.7,13.69,13.68,13.67,13.66,13.65,13.75,13.76,13.77,13.78,13.79,13.8,13.81,13.82,13.83,13.84,1400,7600,4600,11700,1700,2000,200,3600,900,43900,34200,18500,11800,95000,59300,137600,7900,21900,5500,56000
7526.0,13.74,12592100,170563207.0,13.74,13.73,13.72,13.71,13.7,13.69,13.68,13.67,13.66,13.65,13.75,13.76,13.77,13.78,13.79,13.8,13.81,13.82,13.83,13.84,1400,7600,4600,11700,1700,2000,200,3600,900,43900,34200,18500,11800,95000,59300,137600,7900,21900,5500,56000
7527.0,13.74,12592400,170567329.0,13.74,13.73,13.72,13.71,13.7,13.69,13.68,13.67,13.66,13.65,13.75,13.76,13.77,13.78,13.79,13.8,13.81,13.82,13.83,13.84,1100,7600,4600,11700,1700,2000,200,3600,900,43900,41100,18500,11800,95000,59300,137600,7900,21900,5500,56000
7528.0,13.73,12595500,170609917.0,13.73,13.72,13.71,13.7,13.69,13.68,13.67,13.66,13.65,13.64,13.75,13.76,13.77,13.78,13.79,13.8,13.81,13.82,13.83,13.84,6300,4600,11700,1700,2000,200,3600,900,43900,6600,40400,18500,11800,95000,59300,138100,7900,21900,5500,56000
7529.0,13.73,12596100,170618155.0,13.73,13.72,13.71,13.7,13.69,13.68,13.67,13.66,13.65,13.64,13.75,13.76,13.77,13.78,13.79,13.8,13.81,13.82,13.83,13.84,6000,4600,11700,1700,2000,200,3600,900,43900,6600,40700,18500,11800,95000,58800,138100,7900,21900,5500,56000
7530.0,13.73,12596100,170618155.0,13.73,13.72,13.71,13.7,13.69,13.68,13.67,13.66,13.65,13.64,13.74,13.75,13.76,13.77,13.78,13.79,13.8,13.81,13.82,13.83,6000,4600,13600,1700,2000,200,3600,900,43900,6600,500,41300,18500,11800,95000,58800,138600,7900,21900,5500
7531.0,13.73,12596100,170618155.0,13.73,13.72,13.71,13.7,13.69,13.68,13.67,13.66,13.65,13.64,13.74,13.75,13.76,13.77,13.78,13.79,13.8,13.81,13.82,13.83,6000,4600,13600,1700,2000,200,3600,900,43900,6600,500,41300,18500,11800,95000,58800,138600,7900,21900,5500
7532.0,13.74,12596600,170625025.0,13.74,13.73,13.72,13.71,13.7,13.69,13.68,13.67,13.66,13.65,13.75,13.76,13.77,13.78,13.79,13.8,13.81,13.82,13.83,13.84,500,6000,4600,13600,1700,2000,200,3600,900,43900,41300,18500,11800,95000,58800,139300,7900,21900,5500,56000
7533.0,13.74,12597300,170634643.0,13.73,13.72,13.71,13.7,13.69,13.68,13.67,13.66,13.65,13.64,13.74,13.75,13.76,13.77,13.78,13.79,13.8,13.81,13.82,13.83,6000,4600,13600,1700,2000,200,3600,900,43900,6600,500,41300,18200,11800,95000,58800,139300,11900,21900,5500
7534.0,13.74,12597300,170634643.0,13.73,13.72,13.71,13.7,13.69,13.68,13.67,13.66,13.65,13.64,13.74,13.75,13.76,13.77,13.78,13.79,13.8,13.81,13.82,13.83,6000,4600,13600,1700,2000,200,3600,900,44100,6600,500,41300,18200,7800,95000,63500,139300,11900,21900,5500
7535.0,13.75,12617300,170909638.0,13.73,13.72,13.71,13.7,13.69,13.68,13.67,13.66,13.65,13.64,13.75,13.76,13.77,13.78,13.79,13.8,13.81,13.82,13.83,13.84,6000,4600,13600,1700,2000,200,3600,900,44100,6600,21900,18200,7800,95000,63500,139300,11900,21900,5500,56000
7536.0,13.73,12617900,170917876.0,13.73,13.72,13.71,13.7,13.69,13.68,13.67,13.66,13.65,13.64,13.74,13.75,13.76,13.77,13.78,13.79,13.8,13.81,13.82,13.83,5800,4600,13600,1700,2000,200,3600,900,44100,6600,2000,22300,18200,7800,95000,63500,139300,11900,21900,5500
7537.0,13.74,12618200,170921998.0,13.73,13.72,13.71,13.7,13.69,13.68,13.67,13.66,13.65,13.64,13.74,13.75,13.76,13.77,13.78,13.79,13.8,13.81,13.82,13.83,5800,4600,13600,1700,2000,200,3600,900,44100,6600,1700,22300,18200,7800,95000,63500,139300,11900,21900,5500
7538.0,13.74,12618200,170921998.0,13.73,13.72,13.71,13.7,13.69,13.68,13.67,13.66,13.65,13.64,13.74,13.75,13.76,13.77,13.78,13.79,13.8,13.81,13.82,13.83,5800,4600,13600,1700,2000,200,3600,900,44100,6600,18000,26300,23200,7800,95400,63500,139300,11900,21900,5500
7539.0,13.74,12618600,170927494.0,13.73,13.72,13.71,13.7,13.69,13.68,13.67,13.66,13.65,13.64,13.74,13.75,13.76,13.77,13.78,13.79,13.8,13.81,13.82,13.83,5800,4600,13600,1700,2000,200,3600,900,44100,6600,17600,26300,23200,7800,95400,63500,138900,11900,21900,5500
7540.0,13.73,12619700,170942597.0,13.73,13.72,13.71,13.7,13.69,13.68,13.67,13.66,13.65,13.64,13.74,13.75,13.76,13.77,13.78,13.79,13.8,13.81,13.82,13.83,4700,4600,13600,1700,2000,200,3600,900,44100,6600,17600,27300,23200,7800,95200,63500,138900,11900,21900,5500
7541.0,13.74,12621900,170972825.0,13.73,13.72,13.71,13.7,13.69,13.68,13.67,13.66,13.65,13.64,13.74,13.75,13.76,13.77,13.78,13.79,13.8,13.81,13.82,13.83,4700,4600,13600,1700,2000,200,3600,900,44100,6600,15900,27600,23200,7800,95200,63500,138900,11900,21900,5500
7542.0,13.74,12622200,170976947.0,13.73,13.72,13.71,13.7,13.69,13.68,13.67,13.66,13.65,13.64,13.74,13.75,13.76,13.77,13.78,13.79,13.8,13.81,13.82,13.83,4700,4600,13600,1700,2000,200,3600,900,44400,6600,15600,27600,23200,7800,95200,63500,138900,11900,21900,5500
7543.0,13.74,12622700,170983813.0,13.73,13.72,13.71,13.7,13.69,13.68,13.67,13.66,13.65,13.64,13.74,13.75,13.76,13.77,13.78,13.79,13.8,13.81,13.82,13.83,4300,4600,13600,1700,2000,200,3600,900,44400,6600,16200,27600,23200,7800,95200,63500,138900,11900,21900,5500
7544.0,13.74,12623400,170993431.0,13.73,13.72,13.71,13.7,13.69,13.68,13.67,13.66,13.65,13.64,13.74,13.75,13.76,13.77,13.78,13.79,13.8,13.81,13.82,13.83,4300,4600,13600,1700,2000,200,3600,900,44400,6600,15500,28100,23200,7800,95200,63500,138900,11900,21900,5500
7545.0,13.74,12623400,170993431.0,13.73,13.72,13.71,13.7,13.69,13.68,13.67,13.66,13.65,13.64,13.74,13.75,13.76,13.77,13.78,13.79,13.8,13.81,13.82,13.83,4300,4600,13600,1700,2000,200,3600,900,44400,6600,15500,28100,23200,7800,95200,63500,138900,11900,21900,5500
7546.0,13.74,12623400,170993431.0,13.73,13.72,13.71,13.7,13.69,13.68,13.67,13.66,13.65,13.64,13.74,13.75,13.76,13.77,13.78,13.79,13.8,13.81,13.82,13.83,4300,4600,13600,1700,2000,200,3600,900,44400,6600,17700,28100,23200,7800,95800,63500,138900,11900,21900,5500
7547.0,13.74,12624100,171003049.0,13.73,13.72,13.71,13.7,13.69,13.68,13.67,13.66,13.65,13.64,13.74,13.75,13.76,13.77,13.78,13.79,13.8,13.81,13.82,13.83,4300,4600,13600,1700,2000,200,3600,900,44400,6600,17000,28100,23200,7800,95800,63200,138900,11900,21900,5500
7548.0,13.74,12624100,171003049.0,13.73,13.72,13.71,13.7,13.69,13.68,13.67,13.66,13.65,13.64,13.74,13.75,13.76,13.77,13.78,13.79,13.8,13.81,13.82,13.83,4300,4600,13600,1700,2000,200,3600,900,44400,6600,17000,28200,23200,7800,95800,63200,138900,11900,21900,5500
7549.0,13.74,12627100,171044269.0,13.73,13.72,13.71,13.7,13.69,13.68,13.67,13.66,13.65,13.64,13.74,13.75,13.76,13.77,13.78,13.79,13.8,13.81,13.82,13.83,4300,4600,13600,1700,2000,200,3600,900,44400,6600,14000,28200,23200,7800,95800,63200,138900,11900,21900,5500
7550.0,13.73,12628200,171059379.0,13.73,13.72,13.71,13.7,13.69,13.68,13.67,13.66,13.65,13.64,13.74,13.75,13.76,13.77,13.78,13.79,13.8,13.81,13.82,13.83,5300,4600,13600,1700,2000,200,3600,900,44400,6600,13500,28200,23200,7800,95800,63200,138900,11900,21900,5500
7551.0,13.74,12642700,171258599.0,13.74,13.73,13.72,13.71,13.7,13.69,13.68,13.67,13.66,13.65,13.75,13.76,13.77,13.78,13.79,13.8,13.81,13.82,13.83,13.84,37300,4300,4600,13600,1700,2000,200,3600,900,44400,28200,23200,7800,95800,63200,138900,11900,21900,5500,56000
7552.0,13.74,12648200,171334173.0,13.74,13.73,13.72,13.71,13.7,13.69,13.68,13.67,13.66,13.65,13.75,13.76,13.77,13.78,13.79,13.8,13.81,13.82,13.83,13.84,41000,4300,4600,13600,1700,2000,200,3600,900,44400,27800,23200,7800,95800,63200,138900,11900,21900,5500,56000
7553.0,13.75,12648900,171343798.0,13.74,13.73,13.72,13.71,13.7,13.69,13.68,13.67,13.66,13.65,13.75,13.76,13.77,13.78,13.79,13.8,13.81,13.82,13.83,13.84,41000,4300,4600,13600,1700,2000,200,3600,900,44400,27100,23200,7800,95800,61800,139900,11900,21900,5500,56000
7554.0,13.74,12649400,171350668.0,13.74,13.73,13.72,13.71,13.7,13.69,13.68,13.67,13.66,13.65,13.75,13.76,13.77,13.78,13.79,13.8,13.81,13.82,13.83,13.84,40500,4300,4600,13600,1900,2000,200,3600,900,44400,27100,23200,7800,95800,61800,139900,11900,21900,5500,56000
7555.0,13.74,12649600,171353416.0,13.74,13.73,13.72,13.71,13.7,13.69,13.68,13.67,13.66,13.65,13.75,13.76,13.77,13.78,13.79,13.8,13.81,13.82,13.83,13.84,40300,4300,4600,13600,1900,2000,200,3600,900,44400,27100,23200,7800,95800,61800,139900,11900,21900,5500,56000
7556.0,13.75,12650900,171371291.0,13.74,13.73,13.72,13.71,13.7,13.69,13.68,13.67,13.66,13.65,13.75,13.76,13.77,13.78,13.79,13.8,13.81,13.82,13.83,13.84,40800,4300,4600,13600,1900,2000,200,3600,900,44400,25800,23200,7800,95800,61800,139900,11900,21900,5500,56000
7557.0,13.75,12650900,171371291.0,13.74,13.73,13.72,13.71,13.7,13.69,13.68,13.67,13.66,13.65,13.75,13.76,13.77,13.78,13.79,13.8,13.81,13.82,13.83,13.84,41600,4300,4600,13600,1900,2000,200,3600,900,44400,25800,23200,7800,95800,61100,139900,11900,21900,5500,56000
7558.0,13.74,12651600,171380909.0,13.74,13.73,13.72,13.71,13.7,13.69,13.68,13.67,13.66,13.65,13.75,13.76,13.77,13.78,13.79,13.8,13.81,13.82,13.83,13.84,40900,4300,4600,13600,1900,2000,200,3600,900,44400,25800,23200,7800,95800,61100,139900,11900,21900,5500,56000
7559.0,13.75,12652300,171390534.0,13.74,13.73,13.72,13.71,13.7,13.69,13.68,13.67,13.66,13.65,13.75,13.76,13.77,13.78,13.79,13.8,13.81,13.82,13.83,13.84,40900,4300,4600,13600,1900,2000,200,3600,900,44400,25100,23200,7300,95800,61100,140000,11900,21900,5500,56000
7560.0,13.75,12652300,171390534.0,13.74,13.73,13.72,13.71,13.7,13.69,13.68,13.67,13.66,13.65,13.75,13.76,13.77,13.78,13.79,13.8,13.81,13.82,13.83,13.84,40900,4300,4600,13600,1900,2000,200,3600,900,44400,25100,24200,7300,95800,61100,140000,11900,21900,5500,56000
7561.0,13.74,12652500,171393283.0,13.74,13.73,13.72,13.71,13.7,13.69,13.68,13.67,13.66,13.65,13.75,13.76,13.77,13.78,13.79,13.8,13.81,13.82,13.83,13.84,40800,5300,4600,13600,1900,2000,200,3600,900,44400,25000,24200,7300,95800,61100,140000,11900,21900,5500,56000
7562.0,13.75,12654900,171426269.0,13.74,13.73,13.72,13.71,13.7,13.69,13.68,13.67,13.66,13.65,13.75,13.76,13.77,13.78,13.79,13.8,13.81,13.82,13.83,13.84,39400,5300,4600,13600,1900,2000,200,3600,900,44400,24000,24200,7300,95800,61100,140000,11900,21900,5500,56000
7563.0,13.75,12654900,171426269.0,13.74,13.73,13.72,13.71,13.7,13.69,13.68,13.67,13.66,13.65,13.75,13.76,13.77,13.78,13.79,13.8,13.81,13.82,13.83,13.84,39400,5900,4600,13600,1900,2000,200,3600,900,44400,24000,24200,7300,95800,61100,140000,11900,21900,5500,56000
7564.0,13.74,12655900,171440009.0,13.74,13.73,13.72,13.71,13.7,13.69,13.68,13.67,13.66,13.65,13.75,13.76,13.77,13.78,13.79,13.8,13.81,13.82,13.83,13.84,38400,5900,4600,13600,1900,2000,200,3600,900,44400,24300,24200,7300,95800,61100,140000,11900,21900,5500,56000
7565.0,13.74,12659800,171493602.0,13.74,13.73,13.72,13.71,13.7,13.69,13.68,13.67,13.66,13.65,13.75,13.76,13.77,13.78,13.79,13.8,13.81,13.82,13.83,13.84,37200,5900,4600,13600,1900,2000,200,3600,900,44400,24800,24200,7300,95800,60200,140000,11900,21900,5500,56000
7566.0,13.74,12661300,171514212.0,13.74,13.73,13.72,13.71,13.7,13.69,13.68,13.67,13.66,13.65,13.75,13.76,13.77,13.78,13.79,13.8,13.81,13.82,13.83,13.84,35700,5900,4600,13600,1900,2000,200,3600,900,44400,26300,24200,7300,95800,60300,140000,11900,21900,5500,56000
7567.0,13.75,12664400,171556837.0,13.74,13.73,13.72,13.71,13.7,13.69,13.68,13.67,13.66,13.65,13.75,13.76,13.77,13.78,13.79,13.8,13.81,13.82,13.83,13.84,36600,5900,4600,13600,1900,2000,200,3600,900,44400,23800,24200,7300,95800,60300,140000,11900,21900,5500,56000
7568.0,13.75,12664400,171556837.0,13.74,13.73,13.72,13.71,13.7,13.69,13.68,13.67,13.66,13.65,13.75,13.76,13.77,13.78,13.79,13.8,13.81,13.82,13.83,13.84,36600,5900,4600,13600,1900,2000,200,3600,900,44400,23800,24200,10200,95800,60300,140000,11900,21900,5500,56000
7569.0,13.75,12665100,171566462.0,13.74,13.73,13.72,13.71,13.7,13.69,13.68,13.67,13.66,13.65,13.75,13.76,13.77,13.78,13.79,13.8,13.81,13.82,13.83,13.84,36600,4900,4600,13600,1900,2000,200,3600,900,44400,23700,24200,10200,95800,60300,140000,11900,21900,5500,56000
7570.0,13.75,12665100,171566462.0,13.74,13.73,13.72,13.71,13.7,13.69,13.68,13.67,13.66,13.65,13.75,13.76,13.77,13.78,13.79,13.8,13.81,13.82,13.83,13.84,36600,4900,4600,13600,1900,2000,200,3600,900,44400,23700,24200,10200,95800,60300,140000,11900,21900,5500,56000
7571.0,13.75,12665100,171566462.0,13.74,13.73,13.72,13.71,13.7,13.69,13.68,13.67,13.66,13.65,13.75,13.76,13.77,13.78,13.79,13.8,13.81,13.82,13.83,13.84,36600,4900,4600,13600,1900,2000,200,3600,900,44400,23700,19200,10200,95800,60300,140000,11900,21900,5500,56000
7572.0,13.74,12666500,171585705.0,13.74,13.73,13.72,13.71,13.7,13.69,13.68,13.67,13.66,13.65,13.75,13.76,13.77,13.78,13.79,13.8,13.81,13.82,13.83,13.84,35900,4900,4600,13600,1900,2000,200,3600,900,44400,23000,19200,10200,95800,60300,140000,11900,21900,5500,56000
7573.0,13.74,12668100,171607691.0,13.74,13.73,13.72,13.71,13.7,13.69,13.68,13.67,13.66,13.65,13.75,13.76,13.77,13.78,13.79,13.8,13.81,13.82,13.83,13.84,34500,4900,4600,13600,1900,2000,200,3600,900,44400,22800,19200,10200,95800,60300,140000,11900,21900,5500,56000
7574.0,13.74,12668100,171607691.0,13.74,13.73,13.72,13.71,13.7,13.69,13.68,13.67,13.66,13.65,13.75,13.76,13.77,13.78,13.79,13.8,13.81,13.82,13.83,13.84,34500,4900,4600,13600,1900,2000,200,3600,900,44400,22800,19200,10200,95800,60300,140000,11900,21900,5500,56000
7575.0,13.75,12669800,171631066.0,13.74,13.73,13.72,13.71,13.7,13.69,13.68,13.67,13.66,13.65,13.75,13.76,13.77,13.78,13.79,13.8,13.81,13.82,13.83,13.84,34500,4900,4600,13600,1900,2000,200,3600,900,44400,21100,19200,10200,95800,60300,140000,11900,21900,5500,56000
7576.0,13.75,12669800,171631066.0,13.74,13.73,13.72,13.71,13.7,13.69,13.68,13.67,13.66,13.65,13.75,13.76,13.77,13.78,13.79,13.8,13.81,13.82,13.83,13.84,34500,4900,4600,13600,1900,2000,200,3600,900,44400,21100,19200,10200,94800,60300,140000,11900,21900,5500,56000
7577.0,13.75,12669800,171631066.0,13.74,13.73,13.72,13.71,13.7,13.69,13.68,13.67,13.66,13.65,13.75,13.76,13.77,13.78,13.79,13.8,13.81,13.82,13.83,13.84,34500,4900,4600,13600,1900,2000,200,3600,900,44400,21100,19200,10200,94800,60300,140000,11900,21900,5500,56000
7578.0,13.75,12670500,171640691.0,13.74,13.73,13.72,13.71,13.7,13.69,13.68,13.67,13.66,13.65,13.75,13.76,13.77,13.78,13.79,13.8,13.81,13.82,13.83,13.84,34500,4900,4600,13600,1900,2000,200,3600,900,44400,20400,19200,10200,94800,60300,140000,11900,21900,5500,56000
7579.0,13.74,12671200,171650309.0,13.74,13.73,13.72,13.71,13.7,13.69,13.68,13.67,13.66,13.65,13.75,13.76,13.77,13.78,13.79,13.8,13.81,13.82,13.83,13.84,33800,4900,4600,13600,1900,2000,200,3600,900,44400,20400,19200,10200,94800,60300,140000,11900,21900,5500,56000
7580.0,13.75,12674200,171691559.0,13.74,13.73,13.72,13.71,13.7,13.69,13.68,13.67,13.66,13.65,13.75,13.76,13.77,13.78,13.79,13.8,13.81,13.82,13.83,13.84,33800,4900,4600,13600,1900,2000,200,3600,900,44400,19200,19200,10200,95000,60300,140000,11900,21900,5500,56000
7581.0,13.75,12677900,171742434.0,13.74,13.73,13.72,13.71,13.7,13.69,13.68,13.67,13.66,13.65,13.75,13.76,13.77,13.78,13.79,13.8,13.81,13.82,13.83,13.84,33800,4900,4600,13600,1900,2000,200,3600,900,44400,15500,19200,10200,95000,60300,140000,8500,21900,5500,56000
7582.0,13.75,12677900,171742434.0,13.74,13.73,13.72,13.71,13.7,13.69,13.68,13.67,13.66,13.65,13.75,13.76,13.77,13.78,13.79,13.8,13.81,13.82,13.83,13.84,33300,4900,4600,13600,1900,2000,200,3600,900,44400,15800,19200,10900,95000,60300,140000,8500,21900,5500,56000
7583.0,13.75,12678100,171745184.0,13.74,13.73,13.72,13.71,13.7,13.69,13.68,13.67,13.66,13.65,13.75,13.76,13.77,13.78,13.79,13.8,13.81,13.82,13.83,13.84,33300,4900,4600,13600,1900,2000,200,3600,900,44400,15600,19200,10900,95000,60300,140000,8500,21900,5500,56000
7584.0,13.75,12678800,171754809.0,13.74,13.73,13.72,13.71,13.7,13.69,13.68,13.67,13.66,13.65,13.75,13.76,13.77,13.78,13.79,13.8,13.81,13.82,13.83,13.84,33300,4900,4600,13600,1900,2000,200,3600,900,44400,14900,19200,10900,95000,60300,140000,8500,21900,5500,56000
7585.0,13.75,12682300,171802920.0,13.74,13.73,13.72,13.71,13.7,13.69,13.68,13.67,13.66,13.65,13.75,13.76,13.77,13.78,13.79,13.8,13.81,13.82,13.83,13.84,31900,4900,4600,13600,1900,2000,200,3600,900,44400,12800,19200,10900,95000,60300,140000,8500,21900,5500,56000
7586.0,13.75,12683400,171818038.0,13.74,13.73,13.72,13.71,13.7,13.69,13.68,13.67,13.66,13.65,13.75,13.76,13.77,13.78,13.79,13.8,13.81,13.82,13.83,13.84,29200,4900,4600,13600,1900,2000,200,3600,900,44400,12400,19200,10900,95000,60300,140000,8500,21900,5500,56000
7587.0,13.75,12684100,171827663.0,13.74,13.73,13.72,13.71,13.7,13.69,13.68,13.67,13.66,13.65,13.75,13.76,13.77,13.78,13.79,13.8,13.81,13.82,13.83,13.84,29200,4900,4600,13600,1900,2000,200,3600,900,44400,11700,19200,10900,95300,60300,138000,8500,21900,5500,56000
7588.0,13.75,12684100,171827663.0,13.74,13.73,13.72,13.71,13.7,13.69,13.68,13.67,13.66,13.65,13.75,13.76,13.77,13.78,13.79,13.8,13.81,13.82,13.83,13.84,29200,4900,4600,13600,1900,2000,200,3600,900,44400,11700,19200,10900,95300,60300,138000,8500,21900,5500,56000
7589.0,13.75,12684100,171827663.0,13.74,13.73,13.72,13.71,13.7,13.69,13.68,13.67,13.66,13.65,13.75,13.76,13.77,13.78,13.79,13.8,13.81,13.82,13.83,13.84,29200,4900,4600,13600,1900,2000,200,3600,900,44400,12000,19200,10900,95300,60300,138000,8500,21900,5500,56000
7590.0,13.75,12684100,171827663.0,13.74,13.73,13.72,13.71,13.7,13.69,13.68,13.67,13.66,13.65,13.75,13.76,13.77,13.78,13.79,13.8,13.81,13.82,13.83,13.84,29200,4900,4600,13600,1900,2000,200,3600,900,44400,12000,19200,10900,95300,60300,138000,8500,21900,5500,56000
7591.0,13.75,12686100,171855163.0,13.74,13.73,13.72,13.71,13.7,13.69,13.68,13.67,13.66,13.65,13.75,13.76,13.77,13.78,13.79,13.8,13.81,13.82,13.83,13.84,21900,4900,4600,13600,1900,2000,200,3600,900,44400,10000,19200,10900,95300,60300,138000,8500,21900,5500,56000
7592.0,13.74,12686200,171856537.0,13.74,13.73,13.72,13.71,13.7,13.69,13.68,13.67,13.66,13.65,13.75,13.76,13.77,13.78,13.79,13.8,13.81,13.82,13.83,13.84,21800,4900,4600,13600,1900,2000,200,3600,900,44400,10000,19200,10900,95300,60300,138000,8500,21900,5500,56000
7593.0,13.75,12688300,171885412.0,13.74,13.73,13.72,13.71,13.7,13.69,13.68,13.67,13.66,13.65,13.75,13.76,13.77,13.78,13.79,13.8,13.81,13.82,13.83,13.84,21800,4900,4600,13600,1900,2000,200,3600,900,44400,7900,19200,10900,95300,60300,138000,8500,21900,5500,56000
7594.0,13.75,12689200,171897780.0,13.74,13.73,13.72,13.71,13.7,13.69,13.68,13.67,13.66,13.65,13.75,13.76,13.77,13.78,13.79,13.8,13.81,13.82,13.83,13.84,21100,4900,4600,13600,1900,2000,200,3600,900,44400,7700,19200,10900,95300,60300,138000,8500,21900,5500,56000
7595.0,13.75,12689200,171897780.0,13.74,13.73,13.72,13.71,13.7,13.69,13.68,13.67,13.66,13.65,13.75,13.76,13.77,13.78,13.79,13.8,13.81,13.82,13.83,13.84,21100,4900,4600,13600,1900,2000,200,3600,900,44400,7700,19200,10900,95300,60300,138000,8500,21900,5500,56000
7596.0,13.74,12690600,171917016.0,13.74,13.73,13.72,13.71,13.7,13.69,13.68,13.67,13.66,13.65,13.75,13.76,13.77,13.78,13.79,13.8,13.81,13.82,13.83,13.84,19700,4900,4600,13600,1900,2000,200,3600,900,44400,9700,19200,10900,95300,60300,138200,8500,21900,5500,56000
7597.0,13.75,12698800,172029761.0,13.74,13.73,13.72,13.71,13.7,13.69,13.68,13.67,13.66,13.65,13.75,13.76,13.77,13.78,13.79,13.8,13.81,13.82,13.83,13.84,19200,4900,4600,13600,1900,2000,200,3600,900,44400,2000,19200,10900,95300,60500,138200,8500,21900,5500,56000
7598.0,13.75,12700800,172057261.0,13.75,13.74,13.73,13.72,13.71,13.7,13.69,13.68,13.67,13.66,13.76,13.77,13.78,13.79,13.8,13.81,13.82,13.83,13.84,13.85,1400,19200,4900,4600,13600,1900,2000,200,3600,900,19200,10900,95300,60500,138200,8500,21900,5500,56000,26600
7599.0,13.75,12702200,172076511.0,13.74,13.73,13.72,13.71,13.7,13.69,13.68,13.67,13.66,13.65,13.76,13.77,13.78,13.79,13.8,13.81,13.82,13.83,13.84,13.85,19200,4900,4600,13600,1900,2000,200,3600,900,44400,19200,10900,95300,60500,138200,8500,21900,5500,56000,26600
7600.0,13.75,12702200,172076511.0,13.74,13.73,13.72,13.71,13.7,13.69,13.68,13.67,13.66,13.65,13.76,13.77,13.78,13.79,13.8,13.81,13.82,13.83,13.84,13.85,21000,4900,4600,13600,1900,2000,200,3600,900,44400,21000,10900,95300,60500,137900,8500,21900,5500,56000,26600
7601.0,13.74,12702900,172086129.0,13.74,13.73,13.72,13.71,13.7,13.69,13.68,13.67,13.66,13.65,13.76,13.77,13.78,13.79,13.8,13.81,13.82,13.83,13.84,13.85,21000,4900,4600,13600,1900,2000,200,3600,900,44400,21700,10900,95300,60500,137900,8500,21900,5500,56000,26600
7602.0,13.74,12702900,172086129.0,13.75,13.74,13.73,13.72,13.71,13.7,13.69,13.68,13.67,13.66,13.76,13.77,13.78,13.79,13.8,13.81,13.82,13.83,13.84,13.85,6000,22000,4900,4600,13600,1900,2000,200,3600,900,23100,10900,97300,60500,137900,8500,21900,5500,56000,26600
7603.0,13.75,12703500,172094379.0,13.75,13.74,13.73,13.72,13.71,13.7,13.69,13.68,13.67,13.66,13.76,13.77,13.78,13.79,13.8,13.81,13.82,13.83,13.84,13.85,5400,22000,4900,4600,13600,1900,2000,200,3600,900,23100,10900,97300,60500,137900,8500,21900,5500,56000,26600
7604.0,13.75,12703500,172094379.0,13.75,13.74,13.73,13.72,13.71,13.7,13.69,13.68,13.67,13.66,13.76,13.77,13.78,13.79,13.8,13.81,13.82,13.83,13.84,13.85,5400,22000,4900,4600,13600,1900,2000,200,3600,900,23100,10900,97300,60500,137900,8500,21900,5500,56000,26600
7605.0,13.75,12703500,172094379.0,13.75,13.74,13.73,13.72,13.71,13.7,13.69,13.68,13.67,13.66,13.76,13.77,13.78,13.79,13.8,13.81,13.82,13.83,13.84,13.85,5500,22000,4900,4600,13600,1900,2000,200,3600,900,23100,10900,97300,60500,137900,8500,21900,5500,56000,26600
7606.0,13.75,12704000,172101254.0,13.75,13.74,13.73,13.72,13.71,13.7,13.69,13.68,13.67,13.66,13.76,13.77,13.78,13.79,13.8,13.81,13.82,13.83,13.84,13.85,5000,22000,4900,4600,13600,1900,2000,200,3600,900,23100,10900,97300,60500,137900,8500,21900,5500,56000,26600
7607.0,13.75,12705900,172127393.0,13.75,13.74,13.73,13.72,13.71,13.7,13.69,13.68,13.67,13.66,13.76,13.77,13.78,13.79,13.8,13.81,13.82,13.83,13.84,13.85,5500,22000,4900,4600,13600,1900,2000,200,3600,900,21700,10900,97300,60500,137900,8500,21900,5500,56000,26600
7608.0,13.75,12706500,172135643.0,13.75,13.74,13.73,13.72,13.71,13.7,13.69,13.68,13.67,13.66,13.76,13.77,13.78,13.79,13.8,13.81,13.82,13.83,13.84,13.85,4900,22000,4900,4600,13600,1900,2000,200,3600,900,21700,10900,97300,60500,137900,8500,21900,5500,56000,26600
7609.0,13.75,12706900,172141143.0,13.75,13.74,13.73,13.72,13.71,13.7,13.69,13.68,13.67,13.66,13.76,13.77,13.78,13.79,13.8,13.81,13.82,13.83,13.84,13.85,4500,22600,4900,4600,13600,1900,2000,200,3600,900,21700,10900,97300,60500,137900,8500,21900,5500,56000,26600
7610.0,13.75,12707900,172154893.0,13.75,13.74,13.73,13.72,13.71,13.7,13.69,13.68,13.67,13.66,13.76,13.77,13.78,13.79,13.8,13.81,13.82,13.83,13.84,13.85,3500,22600,4900,4600,13600,1900,2000,200,3600,900,21700,10900,97300,60500,138000,8500,21900,5500,56000,26600
7611.0,13.75,12708400,172161768.0,13.75,13.74,13.73,13.72,13.71,13.7,13.69,13.68,13.67,13.66,13.76,13.77,13.78,13.79,13.8,13.81,13.82,13.83,13.84,13.85,3000,22600,4900,4600,13600,1900,2000,200,3600,900,21800,10900,97100,60500,138000,8500,21900,5500,56000,26600
7612.0,13.75,12708400,172161768.0,13.75,13.74,13.73,13.72,13.71,13.7,13.69,13.68,13.67,13.66,13.76,13.77,13.78,13.79,13.8,13.81,13.82,13.83,13.84,13.85,3500,22600,4900,4600,13600,1900,2000,200,3600,900,21800,10900,97100,60500,138000,8500,21900,5500,56000,26600
7613.0,13.75,12711900,172209893.0,13.74,13.73,13.72,13.71,13.7,13.69,13.68,13.67,13.66,13.65,13.75,13.76,13.77,13.78,13.79,13.8,13.81,13.82,13.83,13.84,22600,4900,4600,13600,1900,2000,200,3600,900,44400,300,21800,10900,97100,60500,138000,8500,21900,5500,56000
7614.0,13.74,12712600,172219511.0,13.74,13.73,13.72,13.71,13.7,13.69,13.68,13.67,13.66,13.65,13.75,13.76,13.77,13.78,13.79,13.8,13.81,13.82,13.83,13.84,21900,4900,4600,13600,1900,2000,200,3600,900,44400,300,21800,10900,97100,60500,138000,8500,21900,5500,56000
7615.0,13.74,12713300,172229129.0,13.74,13.73,13.72,13.71,13.7,13.69,13.68,13.67,13.66,13.65,13.75,13.76,13.77,13.78,13.79,13.8,13.81,13.82,13.83,13.84,21200,4900,4600,13600,1900,2000,200,3600,900,44400,700,21800,10900,97100,60500,138000,8500,21900,5500,56000
7616.0,13.74,12714100,172240121.0,13.74,13.73,13.72,13.71,13.7,13.69,13.68,13.67,13.66,13.65,13.75,13.76,13.77,13.78,13.79,13.8,13.81,13.82,13.83,13.84,20400,4900,4600,13600,1900,2000,200,3600,900,44400,700,21800,10900,97100,60500,138000,8500,21900,5500,56000
7617.0,13.74,12714800,172249739.0,13.74,13.73,13.72,13.71,13.7,13.69,13.68,13.67,13.66,13.65,13.75,13.76,13.77,13.78,13.79,13.8,13.81,13.82,13.83,13.84,19700,4900,4600,13600,1900,2000,200,3600,900,44400,700,22200,10900,97100,60500,138000,8500,21900,5500,57000
7618.0,13.75,12715100,172253864.0,13.74,13.73,13.72,13.71,13.7,13.69,13.68,13.67,13.66,13.65,13.75,13.76,13.77,13.78,13.79,13.8,13.81,13.82,13.83,13.84,19700,4900,4600,13600,1900,2000,200,3600,900,44400,400,23000,10900,97100,60500,138000,8500,21900,5500,57000
7619.0,13.75,12715100,172253864.0,13.74,13.73,13.72,13.71,13.7,13.69,13.68,13.67,13.66,13.65,13.75,13.76,13.77,13.78,13.79,13.8,13.81,13.82,13.83,13.84,19700,4900,4600,13600,1900,2000,200,3600,900,44400,400,23000,10900,97100,60500,138000,8500,21900,5500,57000
7620.0,13.75,12716200,172268982.0,13.75,13.74,13.73,13.72,13.71,13.7,13.69,13.68,13.67,13.66,13.76,13.77,13.78,13.79,13.8,13.81,13.82,13.83,13.84,13.85,1900,19000,4900,4600,13600,1900,2000,200,3600,900,23000,10900,97100,60500,138000,8500,21900,5500,57000,26600
7621.0,13.74,12721900,172347319.0,13.74,13.73,13.72,13.71,13.7,13.69,13.68,13.67,13.66,13.65,13.76,13.77,13.78,13.79,13.8,13.81,13.82,13.83,13.84,13.85,15200,4900,4600,13600,1900,2000,200,3600,900,44400,23100,10900,97100,60500,138000,8500,21900,5500,57000,26600
7622.0,13.74,12722600,172356937.0,13.74,13.73,13.72,13.71,13.7,13.69,13.68,13.67,13.66,13.65,13.75,13.76,13.77,13.78,13.79,13.8,13.81,13.82,13.83,13.84,15600,4900,4600,13600,1900,2000,200,3600,900,44400,1200,25000,10900,97100,60500,138000,8500,21900,5500,57000
7623.0,13.74,12723300,172366555.0,13.74,13.73,13.72,13.71,13.7,13.69,13.68,13.67,13.66,13.65,13.75,13.76,13.77,13.78,13.79,13.8,13.81,13.82,13.83,13.84,14900,4900,4600,13600,1900,2000,200,3600,900,44400,1500,25000,10900,97100,60500,138000,8500,21900,5500,57000
7624.0,13.75,12725200,172392680.0,13.75,13.74,13.73,13.72,13.71,13.7,13.69,13.68,13.67,13.66,13.76,13.77,13.78,13.79,13.8,13.81,13.82,13.83,13.84,13.85,6900,14900,4900,4600,13600,1900,2000,200,3600,900,25000,10900,97100,60500,138000,8500,21900,5500,57000,26600
7625.0,13.75,12725800,172400930.0,13.75,13.74,13.73,13.72,13.71,13.7,13.69,13.68,13.67,13.66,13.76,13.77,13.78,13.79,13.8,13.81,13.82,13.83,13.84,13.85,6300,14900,4900,4600,13600,1900,2000,200,3600,900,25000,10900,97300,60500,138000,8500,21900,5500,57000,26600
7626.0,13.75,12726000,172403680.0,13.75,13.74,13.73,13.72,13.71,13.7,13.69,13.68,13.67,13.66,13.76,13.77,13.78,13.79,13.8,13.81,13.82,13.83,13.84,13.85,6100,14900,4900,4600,13600,1900,2000,200,3600,900,25000,10900,97300,60500,138000,8500,21900,5500,57000,26600
7627.0,13.75,12726000,172403680.0,13.75,13.74,13.73,13.72,13.71,13.7,13.69,13.68,13.67,13.66,13.76,13.77,13.78,13.79,13.8,13.81,13.82,13.83,13.84,13.85,6300,14900,4900,4600,13600,1900,2000,200,3600,900,24600,10900,97300,60500,138000,8500,21900,5500,57000,26600
7628.0,13.75,12728300,172435305.0,13.75,13.74,13.73,13.72,13.71,13.7,13.69,13.68,13.67,13.66,13.76,13.77,13.78,13.79,13.8,13.81,13.82,13.83,13.84,13.85,4000,14900,4900,4600,13600,1900,2000,200,3600,900,24600,10900,97300,60500,138000,8500,21900,5500,57000,26600
7629.0,13.75,12749800,172731121.0,13.75,13.74,13.73,13.72,13.71,13.7,13.69,13.68,13.67,13.66,13.76,13.77,13.78,13.79,13.8,13.81,13.82,13.83,13.84,13.85,4200,14900,5300,4600,13600,1900,2000,200,3600,900,5500,10900,97300,61500,138000,8500,21900,5500,57000,26600
7630.0,13.76,12753900,172787517.0,13.75,13.74,13.73,13.72,13.71,13.7,13.69,13.68,13.67,13.66,13.76,13.77,13.78,13.79,13.8,13.81,13.82,13.83,13.84,13.85,2200,14900,5300,4600,13600,1900,2000,200,3600,900,3400,10900,97300,61500,138000,8500,21900,5500,57000,26600
7631.0,13.76,12755200,172805403.0,13.75,13.74,13.73,13.72,13.71,13.7,13.69,13.68,13.67,13.66,13.76,13.77,13.78,13.79,13.8,13.81,13.82,13.83,13.84,13.85,5300,14900,5300,4600,13600,1900,2000,200,3600,900,2300,10900,97300,61500,138000,8500,21900,5500,57000,26600
7632.0,13.76,12755200,172805403.0,13.75,13.74,13.73,13.72,13.71,13.7,13.69,13.68,13.67,13.66,13.76,13.77,13.78,13.79,13.8,13.81,13.82,13.83,13.84,13.85,5500,14900,5300,4600,13600,1900,2000,200,3600,900,2300,10900,97300,61500,138000,8500,21900,5500,57000,26600
7633.0,13.76,12755200,172805403.0,13.75,13.74,13.73,13.72,13.71,13.7,13.69,13.68,13.67,13.66,13.76,13.77,13.78,13.79,13.8,13.81,13.82,13.83,13.84,13.85,5500,14900,5300,4600,13600,1900,2000,200,3600,900,2300,10900,97300,61500,138000,8500,21900,5500,57000,26600
7634.0,13.75,12755700,172812278.0,13.75,13.74,13.73,13.72,13.71,13.7,13.69,13.68,13.67,13.66,13.76,13.77,13.78,13.79,13.8,13.81,13.82,13.83,13.84,13.85,5000,14900,5300,4600,13600,1900,2000,200,3600,900,2300,12100,97300,61500,136500,8500,21900,5500,57000,26600
7635.0,13.75,12755700,172812278.0,13.75,13.74,13.73,13.72,13.71,13.7,13.69,13.68,13.67,13.66,13.76,13.77,13.78,13.79,13.8,13.81,13.82,13.83,13.84,13.85,5000,15800,5300,4600,13600,2900,2000,200,3600,900,2300,12100,96900,61500,137900,8500,21900,5500,57000,26600
7636.0,13.76,12761100,172886582.0,13.75,13.74,13.73,13.72,13.71,13.7,13.69,13.68,13.67,13.65,13.76,13.77,13.78,13.79,13.8,13.81,13.82,13.83,13.84,13.85,5000,15800,5300,4600,13600,2900,2000,200,3600,44400,3800,12100,96900,61500,137900,8500,21900,5500,57000,26600
7637.0,13.76,12763300,172916844.0,13.75,13.74,13.73,13.72,13.71,13.7,13.69,13.68,13.67,13.65,13.76,13.77,13.78,13.79,13.8,13.81,13.82,13.83,13.84,13.85,4000,15800,5300,4600,13600,2900,2000,200,3600,44400,2600,11400,96900,61500,137900,8500,21900,5500,57000,26600
7638.0,13.76,12763300,172916844.0,13.75,13.74,13.73,13.72,13.71,13.7,13.69,13.68,13.67,13.65,13.76,13.77,13.78,13.79,13.8,13.81,13.82,13.83,13.84,13.85,4000,15800,5300,4600,13600,2900,2000,200,3600,44400,2600,11400,96900,61500,137900,8500,21900,5500,57000,26600
7639.0,13.76,12764300,172930604.0,13.75,13.74,13.73,13.72,13.71,13.7,13.69,13.68,13.67,13.65,13.76,13.77,13.78,13.79,13.8,13.81,13.82,13.83,13.84,13.85,4000,15800,5300,4600,13600,2900,2000,200,3600,44400,1600,11400,96900,64500,137900,8500,21900,5500,57000,26600
7640.0,13.75,12764700,172936104.0,13.75,13.74,13.73,13.72,13.71,13.7,13.69,13.68,13.67,13.65,13.76,13.77,13.78,13.79,13.8,13.81,13.82,13.83,13.84,13.85,3600,15800,5300,4600,13600,2900,2000,200,3600,44400,1700,11700,96900,64500,137900,8500,21900,5500,57000,26600
7641.0,13.76,12765000,172940232.0,13.75,13.74,13.73,13.72,13.71,13.7,13.69,13.68,13.67,13.65,13.76,13.77,13.78,13.79,13.8,13.81,13.82,13.83,13.84,13.85,3600,15800,5300,4600,13600,2900,2000,200,3600,44400,1400,11700,96900,64500,137900,8500,21900,5500,57000,26600
7642.0,13.76,12765000,172940232.0,13.75,13.74,13.73,13.72,13.71,13.7,13.69,13.68,13.67,13.65,13.76,13.77,13.78,13.79,13.8,13.81,13.82,13.83,13.84,13.85,3600,15800,5300,4600,13600,2900,2000,200,3600,44400,1400,11700,96900,64500,137900,8500,21900,5500,57000,26600
7643.0,13.76,12766100,172955365.0,13.75,13.74,13.73,13.72,13.71,13.7,13.69,13.68,13.67,13.65,13.76,13.77,13.78,13.79,13.8,13.81,13.82,13.83,13.84,13.85,3300,15800,5300,4600,13600,2900,2000,200,3600,44400,600,12600,96400,64500,137900,8500,21900,5500,57000,26600
7644.0,13.75,12766400,172959490.0,13.75,13.74,13.73,13.72,13.71,13.7,13.69,13.68,13.67,13.65,13.76,13.77,13.78,13.79,13.8,13.81,13.82,13.83,13.84,13.85,7000,15800,5300,4600,13600,2900,2000,200,3600,44400,600,12600,96400,64500,137900,8500,21900,5500,57000,26600
7645.0,13.75,12766400,172959490.0,13.75,13.74,13.73,13.72,13.71,13.7,13.69,13.68,13.67,13.65,13.76,13.77,13.78,13.79,13.8,13.81,13.82,13.83,13.84,13.85,7000,15800,5300,4600,13600,2900,2000,200,3600,44400,600,12600,96400,64500,136900,8500,21900,5500,57000,26600
7646.0,13.75,12767100,172969115.0,13.75,13.74,13.73,13.72,13.71,13.7,13.69,13.68,13.67,13.65,13.76,13.77,13.78,13.79,13.8,13.81,13.82,13.83,13.84,13.85,7200,15800,5300,4600,13600,2900,2000,200,3600,44400,600,12600,96400,64500,136900,8500,21900,5500,57000,26600
7647.0,13.75,12767100,172969115.0,13.75,13.74,13.73,13.72,13.71,13.7,13.69,13.68,13.67,13.65,13.76,13.77,13.78,13.79,13.8,13.81,13.82,13.83,13.84,13.85,7200,15800,5300,4600,13600,3900,2000,200,3600,44400,600,12700,96400,64400,136900,8500,21900,5500,57000,26600
7648.0,13.75,12769000,172995240.0,13.75,13.74,13.73,13.72,13.71,13.7,13.69,13.68,13.67,13.66,13.76,13.77,13.78,13.79,13.8,13.81,13.82,13.83,13.84,13.85,6300,15800,5300,4600,13600,3900,2000,200,3600,1700,600,12700,96400,64400,136900,8500,21900,5500,57000,26600
7649.0,13.77,12773100,173051691.0,13.75,13.74,13.73,13.72,13.71,13.7,13.69,13.68,13.67,13.66,13.77,13.78,13.79,13.8,13.81,13.82,13.83,13.84,13.85,13.86,6300,15800,5300,4600,13600,3900,2000,200,3600,1700,9200,96400,64400,136900,8500,21900,5500,57000,26600,10100
7650.0,13.77,12773100,173051691.0,13.75,13.74,13.73,13.72,13.71,13.7,13.69,13.68,13.67,13.66,13.77,13.78,13.79,13.8,13.81,13.82,13.83,13.84,13.85,13.86,6300,15800,5300,4600,13600,3900,2000,200,3600,1700,9200,96900,64400,136900,8500,21900,5500,56300,26600,10100
7651.0,13.75,12774300,173068191.0,13.75,13.74,13.73,13.72,13.71,13.7,13.69,13.68,13.67,13.66,13.77,13.78,13.79,13.8,13.81,13.82,13.83,13.84,13.85,13.86,7800,15800,5300,4600,13600,3900,2000,200,3600,1700,11500,96900,64400,135400,8500,21900,5500,56300,26600,10100
7652.0,13.75,12774300,173068191.0,13.75,13.74,13.73,13.72,13.71,13.7,13.69,13.68,13.67,13.66,13.77,13.78,13.79,13.8,13.81,13.82,13.83,13.84,13.85,13.86,8200,15800,5300,4600,13600,3900,2000,200,3600,1700,10700,96900,64400,135900,8500,21900,5500,56300,26600,10100
7653.0,13.77,12775700,173087469.0,13.75,13.74,13.73,13.72,13.71,13.7,13.69,13.68,13.67,13.66,13.77,13.78,13.79,13.8,13.81,13.82,13.83,13.84,13.85,13.86,8200,14300,5300,4600,13600,3900,2000,200,3600,1700,9300,97600,64400,135900,8500,21900,5500,56300,26600,10100
7654.0,13.77,12776600,173099848.0,13.75,13.74,13.73,13.72,13.71,13.7,13.69,13.68,13.67,13.66,13.77,13.78,13.79,13.8,13.81,13.82,13.83,13.84,13.85,13.86,9300,14300,5300,4600,35700,3900,2000,200,3600,1700,10900,97600,64400,135900,8500,21900,5500,56300,26600,10100
7655.0,13.77,12776600,173099848.0,13.75,13.74,13.73,13.72,13.71,13.7,13.69,13.68,13.67,13.66,13.77,13.78,13.79,13.8,13.81,13.82,13.83,13.84,13.85,13.86,9700,14300,5300,4600,35700,3900,2000,200,3600,1700,11300,97600,64400,135900,8500,21900,5500,56300,26600,10100
7656.0,13.77,12776800,173102602.0,13.75,13.74,13.73,13.72,13.71,13.7,13.69,13.68,13.67,13.66,13.77,13.78,13.79,13.8,13.81,13.82,13.83,13.84,13.85,13.86,11400,14300,5300,4600,35700,3900,2000,200,3600,1700,12800,96800,64400,135900,8500,21900,5500,56300,26600,10100
7657.0,13.77,12779700,173142521.0,13.75,13.74,13.73,13.72,13.71,13.7,13.69,13.68,13.67,13.66,13.77,13.78,13.79,13.8,13.81,13.82,13.83,13.84,13.85,13.86,11100,14300,5300,4600,35700,3900,2000,200,3600,1700,11000,96800,64400,135900,8500,21900,5500,56300,26600,10100
7658.0,13.75,12780400,173152146.0,13.75,13.74,13.73,13.72,13.71,13.7,13.69,13.68,13.67,13.66,13.77,13.78,13.79,13.8,13.81,13.82,13.83,13.84,13.85,13.86,12200,14300,5300,4600,35700,3900,2000,200,3600,1700,12800,96300,64400,135900,8500,21900,5500,56300,26600,10100
7659.0,13.75,12780400,173152146.0,13.75,13.74,13.73,13.72,13.71,13.7,13.69,13.68,13.67,13.66,13.76,13.77,13.78,13.79,13.8,13.81,13.82,13.83,13.84,13.85,12200,14300,5300,4600,35700,3900,2000,200,3600,1700,3800,14300,96800,64400,135900,8500,21900,5500,56300,26600
7660.0,13.75,12781100,173161771.0,13.75,13.74,13.73,13.72,13.71,13.7,13.69,13.68,13.67,13.66,13.76,13.77,13.78,13.79,13.8,13.81,13.82,13.83,13.84,13.85,11500,14300,5300,4600,35700,3900,2000,200,3600,1700,3800,20500,96800,64400,135900,8500,21900,5500,56300,26600
7661.0,13.75,12781600,173168646.0,13.75,13.74,13.73,13.72,13.71,13.7,13.69,13.68,13.67,13.66,13.76,13.77,13.78,13.79,13.8,13.81,13.82,13.83,13.84,13.85,11000,14300,5300,4600,35700,3900,2000,200,3600,1700,3800,20500,96800,64400,135900,8500,21900,5500,56300,26600
7662.0,13.76,12781900,173172774.0,13.75,13.74,13.73,13.72,13.71,13.7,13.69,13.68,13.67,13.66,13.76,13.77,13.78,13.79,13.8,13.81,13.82,13.83,13.84,13.85,11000,14300,5300,4600,35700,3900,2000,200,3600,1700,3500,21000,96800,64400,135900,8500,21900,5500,56300,26600
7663.0,13.75,12782600,173182399.0,13.75,13.74,13.73,13.72,13.71,13.7,13.69,13.68,13.67,13.66,13.76,13.77,13.78,13.79,13.8,13.81,13.82,13.83,13.84,13.85,10300,14300,5300,4600,35700,3900,2000,200,3600,1700,3500,21000,96800,64400,135900,8500,21900,5500,56300,26600
7664.0,13.76,12783700,173197535.0,13.75,13.74,13.73,13.72,13.71,13.7,13.69,13.68,13.67,13.66,13.76,13.77,13.78,13.79,13.8,13.81,13.82,13.83,13.84,13.85,10300,14300,5300,4600,35700,3900,2000,200,3600,1700,2400,21000,96800,64400,135900,8500,21900,5500,56300,26600
7665.0,13.76,12785000,173215416.0,13.75,13.74,13.73,13.72,13.71,13.7,13.69,13.68,13.67,13.66,13.76,13.77,13.78,13.79,13.8,13.81,13.82,13.83,13.84,13.85,9600,14300,5300,4600,35700,3900,2000,200,3600,1700,1800,21000,97500,64400,135900,8500,21900,5500,56300,26600
7666.0,13.75,12785700,173225041.0,13.75,13.74,13.73,13.72,13.71,13.7,13.69,13.68,13.67,13.66,13.76,13.77,13.78,13.79,13.8,13.81,13.82,13.83,13.84,13.85,8900,14300,5300,4600,35700,3900,2000,200,3600,1700,1800,21000,97500,64400,135900,8500,21900,5500,56300,26600
7667.0,13.75,12785700,173225041.0,13.75,13.74,13.73,13.72,13.71,13.7,13.69,13.68,13.67,13.66,13.76,13.77,13.78,13.79,13.8,13.81,13.82,13.83,13.84,13.85,8900,14300,5300,4600,35700,3900,2000,200,3600,1700,1800,21800,97500,64400,135900,8500,21900,5500,56300,26600
7668.0,13.75,12785700,173225041.0,13.75,13.74,13.73,13.72,13.71,13.7,13.69,13.68,13.67,13.66,13.76,13.77,13.78,13.79,13.8,13.81,13.82,13.83,13.84,13.85,8900,14300,5300,4600,35700,3900,2000,200,3600,1700,1800,21800,97700,64400,135900,8500,21900,5500,56300,26600
7669.0,13.75,12786400,173234666.0,13.75,13.74,13.73,13.72,13.71,13.7,13.69,13.68,13.67,13.66,13.76,13.77,13.78,13.79,13.8,13.81,13.82,13.83,13.84,13.85,8200,14300,5300,4600,35700,3900,2000,200,3600,1700,1800,21800,97700,64400,135900,8500,21900,5500,56300,26600
7670.0,13.76,12786700,173238794.0,13.75,13.74,13.73,13.72,13.71,13.7,13.69,13.68,13.67,13.66,13.76,13.77,13.78,13.79,13.8,13.81,13.82,13.83,13.84,13.85,8200,14300,5300,4600,35700,3900,2000,200,3600,1700,1500,22000,97700,64400,136900,8500,21900,5500,56300,26600
7671.0,13.76,12787000,173242922.0,13.75,13.74,13.73,13.72,13.71,13.7,13.69,13.68,13.67,13.66,13.76,13.77,13.78,13.79,13.8,13.81,13.82,13.83,13.84,13.85,8200,7800,5300,4600,35700,3900,2000,200,3600,1700,1200,22000,97700,64400,136900,8500,21900,5500,56300,26600
7672.0,13.76,12789400,173275932.0,13.75,13.74,13.73,13.72,13.71,13.7,13.69,13.68,13.67,13.66,13.76,13.77,13.78,13.79,13.8,13.81,13.82,13.83,13.84,13.85,6800,7800,5300,4600,35700,3900,2000,200,3600,1700,1500,22000,97700,64400,136900,8500,21900,5500,56300,26600
7673.0,13.76,12790900,173296572.0,13.75,13.74,13.73,13.72,13.71,13.7,13.69,13.68,13.67,13.66,13.77,13.78,13.79,13.8,13.81,13.82,13.83,13.84,13.85,13.86,6800,7800,5300,4600,35700,3900,2000,200,3600,1700,22000,97700,63200,136800,8500,21900,5500,56300,26600,10100
7674.0,13.75,12796600,173374947.0,13.75,13.74,13.73,13.72,13.71,13.7,13.69,13.68,13.67,13.66,13.77,13.78,13.79,13.8,13.81,13.82,13.83,13.84,13.85,13.86,1100,7800,5300,4600,35700,3900,2000,200,3600,1700,22000,97700,63200,136700,8500,21900,5500,56300,26600,10100
7675.0,13.75,12796600,173374947.0,13.76,13.75,13.74,13.73,13.72,13.71,13.7,13.69,13.68,13.67,13.77,13.78,13.79,13.8,13.81,13.82,13.83,13.84,13.85,13.86,200,3200,7800,5300,4600,35700,3900,2000,200,3600,24100,97700,63200,136700,8500,21900,5500,56300,26600,10100
7676.0,13.76,12796800,173377699.0,13.75,13.74,13.73,13.72,13.71,13.7,13.69,13.68,13.67,13.66,13.76,13.77,13.78,13.79,13.8,13.81,13.82,13.83,13.84,13.85,3200,7800,5300,4600,35700,3900,2000,200,3600,1700,100,24100,97700,63200,136700,8500,21900,5500,56300,26600
7677.0,13.76,12796900,173379075.0,13.76,13.75,13.74,13.73,13.72,13.71,13.7,13.69,13.68,13.67,13.77,13.78,13.79,13.8,13.81,13.82,13.83,13.84,13.85,13.86,400,3200,7800,5300,4600,35700,3900,2000,200,3600,24100,99600,63700,136700,8500,21900,5500,56300,26600,10100
7678.0,13.76,12796900,173379075.0,13.76,13.75,13.74,13.73,13.72,13.71,13.7,13.69,13.68,13.67,13.77,13.78,13.79,13.8,13.81,13.82,13.83,13.84,13.85,13.86,400,3200,7800,5300,4600,35700,3900,2000,200,3600,24100,99600,63800,135600,8500,21900,5500,56300,26600,10100
7679.0,13.76,12797800,173391467.0,13.76,13.75,13.74,13.73,13.72,13.71,13.7,13.69,13.68,13.67,13.77,13.78,13.79,13.8,13.81,13.82,13.83,13.84,13.85,13.86,300,3500,7800,5300,4600,35700,3900,2000,200,3600,23800,99600,63800,135600,8500,21900,5500,56300,26600,10100
7680.0,13.76,12797800,173391467.0,13.76,13.75,13.74,13.73,13.72,13.71,13.7,13.69,13.68,13.67,13.77,13.78,13.79,13.8,13.81,13.82,13.83,13.84,13.85,13.86,300,4200,7800,5300,4600,35700,3900,2000,200,3600,23800,99600,63800,135600,8500,21900,5500,56300,26600,10100
7681.0,13.76,12798200,173396971.0,13.75,13.74,13.73,13.72,13.71,13.7,13.69,13.68,13.67,13.66,13.76,13.77,13.78,13.79,13.8,13.81,13.82,13.83,13.84,13.85,4200,7800,5300,4600,35700,3900,2000,200,3600,1700,1100,23800,99600,64100,135600,8500,21900,5500,56300,26600
7682.0,13.75,12798600,173402471.0,13.75,13.74,13.73,13.72,13.71,13.7,13.69,13.68,13.67,13.66,13.76,13.77,13.78,13.79,13.8,13.81,13.82,13.83,13.84,13.85,3800,7800,6500,4600,35700,3900,2000,200,3600,1700,1100,23800,99600,64100,135600,8500,21900,5500,56300,26600
7683.0,13.75,12798600,173402471.0,13.75,13.74,13.73,13.72,13.71,13.7,13.69,13.68,13.67,13.66,13.76,13.77,13.78,13.79,13.8,13.81,13.82,13.83,13.84,13.85,3800,7800,6500,4600,35700,3900,2000,200,3600,1700,1100,23800,99600,64100,135600,8500,21900,5500,56300,26600
7684.0,13.75,12798600,173402471.0,13.75,13.74,13.73,13.72,13.71,13.7,13.69,13.68,13.67,13.66,13.76,13.77,13.78,13.79,13.8,13.81,13.82,13.83,13.84,13.85,3800,7800,6500,4600,35700,3900,2000,200,3600,1700,1100,23800,99600,64100,135600,8500,21900,5500,56300,26600
7685.0,13.75,12798900,173406596.0,13.75,13.74,13.73,13.72,13.71,13.7,13.69,13.68,13.67,13.66,13.76,13.77,13.78,13.79,13.8,13.81,13.82,13.83,13.84,13.85,3500,7000,6500,4600,35700,5100,2000,200,3600,1700,1100,23800,99600,64100,135600,8500,21900,5500,56300,26600
7686.0,13.77,12800900,173434125.0,13.75,13.74,13.73,13.72,13.71,13.7,13.69,13.68,13.67,13.66,13.76,13.77,13.78,13.79,13.8,13.81,13.82,13.83,13.84,13.85,3500,7000,6500,4600,35700,5100,2000,200,3600,1700,200,23900,99600,64100,135600,8500,21900,5500,56300,26600
7687.0,13.75,12801200,173438250.0,13.75,13.74,13.73,13.72,13.71,13.7,13.69,13.68,13.67,13.66,13.76,13.77,13.78,13.79,13.8,13.81,13.82,13.83,13.84,13.85,3200,7000,6500,4600,35700,5100,2000,200,3600,1700,1200,23900,99600,64100,135600,8500,21900,5500,56300,26600
7688.0,13.76,12802000,173449255.0,13.75,13.74,13.73,13.72,13.71,13.7,13.69,13.68,13.67,13.66,13.76,13.77,13.78,13.79,13.8,13.81,13.82,13.83,13.84,13.85,2900,7000,6500,4600,35700,5100,2000,200,3600,1700,1700,24900,99600,64100,135600,8500,21900,5500,56300,26600
7689.0,13.75,12803000,173463005.0,13.75,13.74,13.73,13.72,13.71,13.7,13.69,13.68,13.67,13.66,13.76,13.77,13.78,13.79,13.8,13.81,13.82,13.83,13.84,13.85,1900,7000,6500,4600,35700,5100,2000,200,3600,1700,2200,24900,99600,63100,135600,8500,21900,5500,56300,26600
7690.0,13.77,12808700,173541472.0,13.75,13.74,13.73,13.72,13.71,13.7,13.69,13.68,13.67,13.66,13.77,13.78,13.79,13.8,13.81,13.82,13.83,13.84,13.85,13.86,1900,7000,6500,4600,35700,5100,2000,200,3600,1700,21400,99600,63100,135600,8500,21900,5500,56300,26600,10100
7691.0,13.77,12822700,173734250.0,13.75,13.74,13.73,13.72,13.71,13.7,13.69,13.68,13.67,13.66,13.77,13.78,13.79,13.8,13.81,13.82,13.83,13.84,13.85,13.86,2200,7000,6500,4600,35700,5100,2000,200,3600,1700,7900,99500,63100,135400,8500,21900,5500,56300,26600,9100
7692.0,13.77,12822700,173734250.0,13.75,13.74,13.73,13.72,13.71,13.7,13.69,13.68,13.67,13.66,13.77,13.78,13.79,13.8,13.81,13.82,13.83,13.84,13.85,13.86,4100,7000,6500,4600,35700,5100,2000,200,3600,1700,9800,99500,63100,135400,8500,21900,5500,56300,26600,9100
7693.0,13.75,12825700,173775505.0,13.76,13.75,13.74,13.73,13.72,13.71,13.7,13.69,13.68,13.67,13.77,13.78,13.79,13.8,13.81,13.82,13.83,13.84,13.85,13.86,400,2600,7000,6500,4600,35700,5100,2000,200,3600,9800,99500,63100,135400,8500,21900,5500,56300,26600,9100
7694.0,13.75,12825700,173775505.0,13.76,13.75,13.74,13.73,13.72,13.71,13.7,13.69,13.68,13.67,13.77,13.78,13.79,13.8,13.81,13.82,13.83,13.84,13.85,13.86,600,2600,7000,6500,4600,35700,5100,2000,200,3600,11000,99500,63100,135400,8500,21900,5500,56300,26600,9100
7695.0,13.75,12825700,173775505.0,13.76,13.75,13.74,13.73,13.72,13.71,13.7,13.69,13.68,13.67,13.77,13.78,13.79,13.8,13.81,13.82,13.83,13.84,13.85,13.86,600,2600,7000,6500,4600,35700,5100,2000,200,3600,12000,99500,63100,135400,8500,21900,5500,56300,26600,9100
7696.0,13.75,12825700,173775505.0,13.76,13.75,13.74,13.73,13.72,13.71,13.7,13.69,13.68,13.67,13.77,13.78,13.79,13.8,13.81,13.82,13.83,13.84,13.85,13.86,600,2600,7000,6500,4600,35700,5100,2000,200,3600,12000,99500,63100,135400,8500,21900,5500,56300,26600,9100
7697.0,13.75,12825700,173775505.0,13.76,13.75,13.74,13.73,13.72,13.71,13.7,13.69,13.68,13.67,13.77,13.78,13.79,13.8,13.81,13.82,13.83,13.84,13.85,13.86,600,3500,7000,6500,4600,35700,5100,2000,200,3600,12000,99500,63100,135400,8500,21900,5500,56300,26600,9100
7698.0,13.76,12826000,173779635.0,13.76,13.75,13.74,13.73,13.72,13.71,13.7,13.69,13.68,13.67,13.77,13.78,13.79,13.8,13.81,13.82,13.83,13.84,13.85,13.86,1300,3500,7000,6500,4600,35700,5100,2000,200,3600,11800,99500,63100,135400,8500,21900,5500,56300,26600,9100
7699.0,13.76,12826000,173779635.0,13.76,13.75,13.74,13.73,13.72,13.71,13.7,13.69,13.68,13.67,13.77,13.78,13.79,13.8,13.81,13.82,13.83,13.84,13.85,13.86,1300,3500,7000,6500,4600,35700,5100,2000,200,3600,11800,99500,63100,135400,8500,21900,5500,56300,26600,9100
7700.0,13.77,12827800,173804420.0,13.76,13.75,13.74,13.73,13.72,13.71,13.7,13.69,13.68,13.67,13.77,13.78,13.79,13.8,13.81,13.82,13.83,13.84,13.85,13.86,1200,3500,7000,6500,4600,35700,5100,2000,200,3600,12100,99500,63100,138300,8500,21900,5500,56300,26600,9100
7701.0,13.77,12827800,173804420.0,13.76,13.75,13.74,13.73,13.72,13.71,13.7,13.69,13.68,13.67,13.77,13.78,13.79,13.8,13.81,13.82,13.83,13.84,13.85,13.86,1200,3500,7000,6500,4600,35700,5100,2000,200,3600,12100,99500,63100,138300,8500,21900,5500,56300,26600,9100
7702.0,13.76,12827900,173805796.0,13.76,13.75,13.74,13.73,13.72,13.71,13.7,13.69,13.68,13.67,13.77,13.78,13.79,13.8,13.81,13.82,13.83,13.84,13.85,13.86,300,3500,7000,6500,4600,35700,5100,2000,200,3600,12300,99500,63100,138300,8500,21900,5500,56300,26600,9100
7703.0,13.76,12827900,173805796.0,13.76,13.75,13.74,13.73,13.72,13.71,13.7,13.69,13.68,13.67,13.77,13.78,13.79,13.8,13.81,13.82,13.83,13.84,13.85,13.86,300,5700,7000,6500,4600,35700,5100,2000,200,3600,14000,100000,63100,138300,8500,21900,5500,56300,26600,9100
7704.0,13.76,12827900,173805796.0,13.76,13.75,13.74,13.73,13.72,13.71,13.7,13.69,13.68,13.67,13.77,13.78,13.79,13.8,13.81,13.82,13.83,13.84,13.85,13.86,1300,5700,9000,6500,4600,35700,7800,2000,200,3600,14000,100000,67100,138300,8500,21900,5500,56300,26600,9100
7705.0,13.76,12827900,173805796.0,13.76,13.75,13.74,13.73,13.72,13.71,13.7,13.69,13.68,13.67,13.77,13.78,13.79,13.8,13.81,13.82,13.83,13.84,13.85,13.86,1300,5700,9000,6500,4600,35700,7800,2000,200,3600,16500,100000,67100,138300,8500,21900,5500,56300,26600,9100
7706.0,13.76,12830000,173834692.0,13.75,13.74,13.73,13.72,13.71,13.7,13.69,13.68,13.67,13.66,13.76,13.77,13.78,13.79,13.8,13.81,13.82,13.83,13.84,13.85,5700,9000,6500,4600,35700,7800,2000,200,3600,1700,3700,16500,100000,67100,138300,8500,21900,5500,56300,26600
7707.0,13.76,12830000,173834692.0,13.75,13.74,13.73,13.72,13.71,13.7,13.69,13.68,13.67,13.66,13.76,13.77,13.78,13.79,13.8,13.81,13.82,13.83,13.84,13.85,5700,9000,6500,4600,35700,7800,2000,200,3600,1700,4200,16500,100000,67100,138300,8500,21900,5500,56300,26600
7708.0,13.76,12831100,173849828.0,13.75,13.74,13.73,13.72,13.71,13.7,13.69,13.68,13.67,13.66,13.76,13.77,13.78,13.79,13.8,13.81,13.82,13.83,13.84,13.85,5700,9000,6500,4600,35700,7800,2000,200,3600,1700,3100,19000,100000,67100,138300,8500,21900,5500,56300,26600
7709.0,13.76,12831900,173860831.0,13.75,13.74,13.73,13.72,13.71,13.7,13.68,13.67,13.66,13.65,13.76,13.77,13.78,13.79,13.8,13.81,13.82,13.83,13.84,13.85,5200,9000,6500,4600,35700,7800,200,3600,1700,44400,2800,19000,99500,67100,138300,8500,21900,5500,56300,26600
7710.0,13.75,12833400,173881456.0,13.75,13.74,13.73,13.72,13.71,13.7,13.68,13.67,13.66,13.65,13.76,13.77,13.78,13.79,13.8,13.81,13.82,13.83,13.84,13.85,3700,9000,6500,4600,35700,7800,200,3600,1700,44400,2800,19000,99500,67100,138300,8500,21000,5500,56300,26600
7711.0,13.75,12833400,173881456.0,13.75,13.74,13.73,13.72,13.71,13.7,13.68,13.67,13.66,13.65,13.76,13.77,13.78,13.79,13.8,13.81,13.82,13.83,13.84,13.85,3700,9000,6500,4600,35700,7800,200,3600,1700,44400,2800,19000,99500,67100,138300,8500,21000,5500,56300,26600
7712.0,13.76,12836200,173919984.0,13.76,13.75,13.74,13.73,13.72,13.71,13.7,13.68,13.67,13.66,13.77,13.78,13.79,13.8,13.81,13.82,13.83,13.84,13.85,13.86,30400,3700,9000,6500,4600,35700,7800,200,3600,1700,19000,99500,67100,138300,8500,21000,5500,56300,26600,9100
7713.0,13.76,12836900,173929616.0,13.76,13.75,13.74,13.73,13.72,13.71,13.7,13.68,13.67,13.66,13.77,13.78,13.79,13.8,13.81,13.82,13.83,13.84,13.85,13.86,29700,3700,9000,6500,4600,35700,7800,200,3600,1700,21000,99500,67100,138300,8500,21000,5500,56300,26600,9100
7714.0,13.76,12837300,173935120.0,13.76,13.75,13.74,13.73,13.72,13.71,13.7,13.68,13.67,13.66,13.77,13.78,13.79,13.8,13.81,13.82,13.83,13.84,13.85,13.86,30500,2800,9000,6500,4600,35700,7800,200,3600,1700,21000,99500,67100,138300,8500,21000,5500,56300,26600,9100
7715.0,13.76,12837300,173935120.0,13.76,13.75,13.74,13.73,13.72,13.71,13.7,13.68,13.67,13.66,13.77,13.78,13.79,13.8,13.81,13.82,13.83,13.84,13.85,13.86,30500,2800,9000,6500,4600,35700,7800,200,3600,1700,21000,99700,67100,138300,8500,21000,5500,56300,26600,9100
7716.0,13.76,12838000,173944752.0,13.76,13.75,13.74,13.73,13.72,13.71,13.7,13.68,13.67,13.66,13.77,13.78,13.79,13.8,13.81,13.82,13.83,13.84,13.85,13.86,29800,2800,9000,6500,4600,35700,7800,200,3600,1700,22000,99700,67100,137300,8500,21000,5500,56300,26600,9100
7717.0,13.76,12838700,173954384.0,13.76,13.75,13.74,13.73,13.72,13.71,13.7,13.68,13.67,13.66,13.77,13.78,13.79,13.8,13.81,13.82,13.83,13.84,13.85,13.86,29100,2800,9000,6500,4600,35700,7800,200,3600,1700,23400,99700,67100,137300,8500,21000,5500,56300,26600,9100
7718.0,13.76,12838700,173954384.0,13.76,13.75,13.74,13.73,13.72,13.71,13.7,13.68,13.67,13.66,13.77,13.78,13.79,13.8,13.81,13.82,13.83,13.84,13.85,13.86,29100,2800,9000,6500,4600,35700,7800,200,3600,1700,23400,99700,67100,137300,8500,21000,5500,56300,26600,9100
7719.0,13.76,12839500,173965393.0,13.76,13.75,13.74,13.73,13.72,13.71,13.7,13.68,13.67,13.66,13.77,13.78,13.79,13.8,13.81,13.82,13.83,13.84,13.85,13.86,28400,2800,9000,6500,4600,35700,7800,200,3600,1700,23300,97800,67100,137300,8500,21000,5500,56300,26600,9100
7720.0,13.76,12840800,173983281.0,13.76,13.75,13.74,13.73,13.72,13.71,13.7,13.68,13.67,13.66,13.77,13.78,13.79,13.8,13.81,13.82,13.83,13.84,13.85,13.86,27100,2800,9000,6500,4600,35700,7800,200,3600,1700,23300,97800,67100,137300,8500,21000,5500,56300,26600,9100
7721.0,13.76,12842200,174002545.0,13.76,13.75,13.74,13.73,13.72,13.71,13.7,13.68,13.67,13.66,13.77,13.78,13.79,13.8,13.81,13.82,13.83,13.84,13.85,13.86,25600,2800,9000,6500,4600,35700,7800,200,3600,1700,23300,97800,67100,137300,8500,21000,5500,56300,26600,9100
7722.0,13.76,12842900,174012177.0,13.76,13.75,13.74,13.73,13.72,13.71,13.7,13.68,13.67,13.66,13.77,13.78,13.79,13.8,13.81,13.82,13.83,13.84,13.85,13.86,24900,2800,9000,6500,4600,35700,7800,200,3600,1700,23300,99000,67100,137300,8500,21000,5500,56300,26600,9100
7723.0,13.76,12843400,174019057.0,13.76,13.75,13.74,13.73,13.72,13.71,13.7,13.68,13.67,13.66,13.77,13.78,13.79,13.8,13.81,13.82,13.83,13.84,13.85,13.86,24400,2800,9000,6500,4600,35700,7800,200,3600,1700,23300,99000,67100,137300,8500,21000,5500,56300,26600,9100
7724.0,13.76,12845100,174042449.0,13.76,13.75,13.74,13.73,13.72,13.71,13.7,13.68,13.67,13.66,13.77,13.78,13.79,13.8,13.81,13.82,13.83,13.84,13.85,13.86,22700,2800,9000,6500,4600,35700,7800,200,3600,1700,23300,99000,67100,137800,8500,21000,5500,56300,26600,9100
7725.0,13.76,12845100,174042449.0,13.76,13.75,13.74,13.73,13.72,13.71,13.7,13.68,13.67,13.66,13.77,13.78,13.79,13.8,13.81,13.82,13.83,13.84,13.85,13.86,22700,2800,9000,6500,4600,35700,7800,200,3600,1700,23300,99000,67100,137800,8500,21000,5500,56300,26600,9100
7726.0,13.77,12846300,174058966.0,13.76,13.75,13.74,13.73,13.72,13.71,13.7,13.68,13.67,13.66,13.77,13.78,13.79,13.8,13.81,13.82,13.83,13.84,13.85,13.86,22000,2800,9000,6500,4600,35700,7800,200,3600,1700,22800,99000,67100,137800,8500,21000,5500,56300,26600,9100
7727.0,13.77,12846300,174058966.0,13.76,13.75,13.74,13.73,13.72,13.71,13.7,13.68,13.67,13.66,13.77,13.78,13.79,13.8,13.81,13.82,13.83,13.84,13.85,13.86,22000,2800,9000,6500,4600,35700,7800,200,3600,5200,26700,99000,67100,137800,8500,21000,5500,56300,26600,9100
7728.0,13.77,12846300,174058966.0,13.76,13.75,13.74,13.73,13.72,13.71,13.7,13.68,13.67,13.66,13.77,13.78,13.79,13.8,13.81,13.82,13.83,13.84,13.85,13.86,22000,2800,9000,6500,4600,35700,7800,200,3600,5200,26700,98300,67100,137800,8500,21000,5500,56300,26600,9100
7729.0,13.76,12847000,174068598.0,13.76,13.75,13.74,13.73,13.72,13.71,13.7,13.68,13.67,13.66,13.77,13.78,13.79,13.8,13.81,13.82,13.83,13.84,13.85,13.86,21300,2800,9000,6500,4600,35700,7800,200,3600,5200,26700,98300,67100,137800,8500,21000,5500,56300,26600,9100
7730.0,13.76,12847000,174068598.0,13.76,13.75,13.74,13.73,13.72,13.71,13.7,13.68,13.67,13.66,13.77,13.78,13.79,13.8,13.81,13.82,13.83,13.84,13.85,13.86,21300,2800,9000,6500,4600,35700,7800,200,3600,5200,26700,98300,67100,137800,8500,21000,5500,56300,26600,9100
7731.0,13.76,12847000,174068598.0,13.76,13.75,13.74,13.73,13.72,13.71,13.7,13.68,13.67,13.66,13.77,13.78,13.79,13.8,13.81,13.82,13.83,13.84,13.85,13.86,21300,2800,8100,6500,4600,35700,7800,200,3600,5200,29400,98300,67100,137800,8500,21000,5500,56300,26600,9100
7732.0,13.77,12850100,174111257.0,13.76,13.75,13.74,13.73,13.72,13.71,13.7,13.68,13.67,13.66,13.77,13.78,13.79,13.8,13.81,13.82,13.83,13.84,13.85,13.86,18500,2800,8100,6500,4600,35700,7800,200,3600,5200,29100,98300,67100,137800,8500,21000,5500,56300,26600,9100
7733.0,13.77,12850300,174114011.0,13.76,13.75,13.74,13.73,13.72,13.71,13.7,13.68,13.67,13.66,13.77,13.78,13.79,13.8,13.81,13.82,13.83,13.84,13.85,13.86,18500,2800,8100,6500,4600,35700,7800,200,3600,5200,28600,98300,67100,137800,8500,21000,5500,56300,26600,9100
7734.0,13.77,12852500,174144305.0,13.76,13.75,13.74,13.73,13.72,13.71,13.7,13.68,13.67,13.66,13.77,13.78,13.79,13.8,13.81,13.82,13.83,13.84,13.85,13.86,18500,2800,8100,6500,4600,35700,7800,200,3600,5200,26900,98300,67100,137800,8500,21000,5500,56300,26600,9100
7735.0,13.76,12853200,174153937.0,13.76,13.75,13.74,13.73,13.72,13.71,13.7,13.68,13.67,13.66,13.77,13.78,13.79,13.8,13.81,13.82,13.83,13.84,13.85,13.86,17900,2800,8100,6500,4600,35700,7800,200,3600,5200,26900,98300,67100,137800,8500,21000,5500,56300,26600,9100
7736.0,13.77,12854700,174174582.0,13.76,13.75,13.74,13.73,13.72,13.71,13.7,13.68,13.67,13.66,13.77,13.78,13.79,13.8,13.81,13.82,13.83,13.84,13.85,13.86,16900,2800,8100,6500,4600,35700,7800,200,3600,5200,26600,98100,67100,137800,8500,21000,5500,56300,26600,9100
7737.0,13.76,12871600,174407126.0,13.75,13.74,13.73,13.72,13.71,13.7,13.68,13.67,13.66,13.65,13.76,13.77,13.78,13.79,13.8,13.81,13.82,13.83,13.84,13.85,2800,8100,6500,4600,35700,7800,200,3600,5200,44400,400,26600,99100,73400,137800,8500,21000,5500,56300,26600
7738.0,13.77,12875200,174456689.0,13.76,13.75,13.74,13.73,13.72,13.71,13.7,13.68,13.67,13.66,13.77,13.78,13.79,13.8,13.81,13.82,13.83,13.84,13.85,13.86,900,2600,8100,6500,4600,35700,7800,200,3600,5200,23700,99100,73400,137800,8500,21000,5500,56300,26600,9100
7739.0,13.77,12875200,174456689.0,13.76,13.75,13.74,13.73,13.72,13.71,13.7,13.68,13.67,13.66,13.77,13.78,13.79,13.8,13.81,13.82,13.83,13.84,13.85,13.86,900,2600,8100,6500,4600,35700,7800,200,3600,5200,28600,99100,73400,137800,8500,21000,5500,56300,26600,9100
7740.0,13.77,12876300,174471836.0,13.76,13.75,13.74,13.73,13.72,13.71,13.7,13.68,13.67,13.66,13.77,13.78,13.79,13.8,13.81,13.82,13.83,13.84,13.85,13.86,900,2600,8100,6500,4600,35700,7800,200,3600,5200,27500,99100,73400,137800,8500,21000,5500,56300,26600,9100
7741.0,13.77,12876700,174477342.0,13.76,13.75,13.74,13.73,13.72,13.71,13.7,13.68,13.67,13.66,13.77,13.78,13.79,13.8,13.81,13.82,13.83,13.84,13.85,13.86,700,2600,8100,6500,4600,35700,7800,200,3600,5200,28000,99100,73400,137800,8500,21000,5500,56300,26600,9100
7742.0,13.76,12877400,174486974.0,13.75,13.74,13.73,13.72,13.71,13.7,13.68,13.67,13.66,13.65,13.76,13.77,13.78,13.79,13.8,13.81,13.82,13.83,13.84,13.85,2600,8100,6500,4600,35700,7800,200,3600,5200,44400,30200,28000,99100,73400,137800,8500,21000,5500,56300,26600
7743.0,13.75,12878100,174496599.0,13.75,13.74,13.73,13.72,13.71,13.7,13.68,13.67,13.66,13.65,13.76,13.77,13.78,13.79,13.8,13.81,13.82,13.83,13.84,13.85,1900,8100,6500,4600,35700,7800,200,3600,5200,44400,30200,28000,99100,73800,137800,8500,21000,5500,56300,26600
7744.0,13.75,12880000,174522724.0,13.74,13.73,13.72,13.71,13.7,13.68,13.67,13.66,13.65,13.64,13.75,13.76,13.77,13.78,13.79,13.8,13.81,13.82,13.83,13.84,8100,6500,4600,35700,7800,200,3600,5200,44400,6600,1700,30400,28000,99100,73800,138300,8500,21000,5500,56300
7745.0,13.75,12880000,174522724.0,13.74,13.73,13.72,13.71,13.7,13.68,13.67,13.66,13.65,13.64,13.75,13.76,13.77,13.78,13.79,13.8,13.81,13.82,13.83,13.84,8100,6500,4600,35700,7800,200,3600,5200,44400,6600,1700,30400,28000,99100,73800,138300,8500,21000,5500,56300
7746.0,13.74,12881400,174541960.0,13.74,13.73,13.72,13.71,13.7,13.68,13.67,13.66,13.65,13.64,13.75,13.76,13.77,13.78,13.79,13.8,13.81,13.82,13.83,13.84,6700,6500,4600,35700,7800,200,3600,5200,44400,6600,1700,30500,28000,99100,73800,138300,8500,21000,5500,56300
7747.0,13.76,12884400,174583223.0,13.74,13.73,13.72,13.71,13.7,13.68,13.67,13.66,13.65,13.64,13.76,13.77,13.78,13.79,13.8,13.81,13.82,13.83,13.84,13.85,6700,6500,4600,35700,7800,200,3600,5200,44400,6600,29700,28000,99100,73800,138300,8500,21000,5500,56300,26600
7748.0,13.76,12884600,174585975.0,13.74,13.73,13.72,13.71,13.7,13.68,13.67,13.66,13.65,13.64,13.76,13.77,13.78,13.79,13.8,13.81,13.82,13.83,13.84,13.85,8300,6500,4600,35700,7800,200,3600,5200,44400,6600,31100,27800,99100,73800,139100,8500,21000,5500,56300,26600
7749.0,13.76,12886300,174609353.0,13.75,13.74,13.73,13.72,13.71,13.7,13.68,13.67,13.66,13.65,13.76,13.77,13.78,13.79,13.8,13.81,13.82,13.83,13.84,13.85,10000,8000,6500,4600,35700,7800,200,3600,5200,44400,30500,27800,99100,73800,139100,8500,21000,5500,56300,26600
7750.0,13.76,12886300,174609353.0,13.75,13.74,13.73,13.72,13.71,13.7,13.68,13.67,13.66,13.65,13.76,13.77,13.78,13.79,13.8,13.81,13.82,13.83,13.84,13.85,10000,8000,6500,4600,35700,7800,200,3600,5200,44400,30500,27800,99100,73800,139100,8500,21000,5500,56300,26600
7751.0,13.76,12886300,174609353.0,13.75,13.74,13.73,13.72,13.71,13.7,13.68,13.67,13.66,13.65,13.76,13.77,13.78,13.79,13.8,13.81,13.82,13.83,13.84,13.85,10000,8000,6500,4600,35700,7800,200,3600,5200,44400,30500,27800,99100,73800,139100,8500,21000,5500,56300,26600
7752.0,13.75,12888200,174635478.0,13.75,13.74,13.73,13.72,13.71,13.7,13.68,13.67,13.66,13.65,13.76,13.77,13.78,13.79,13.8,13.81,13.82,13.83,13.84,13.85,8100,8000,6500,4600,35700,7800,200,3600,5200,44400,32400,27800,99100,73800,139100,8500,21000,5500,56300,26600
7753.0,13.75,12888900,174645103.0,13.75,13.74,13.73,13.72,13.71,13.7,13.68,13.67,13.66,13.65,13.76,13.77,13.78,13.79,13.8,13.81,13.82,13.83,13.84,13.85,7400,8000,6500,4600,35700,7800,200,3600,5200,44400,32400,27800,99100,73800,139100,8500,21000,5500,56300,26600
7754.0,13.75,12888900,174645103.0,13.75,13.74,13.73,13.72,13.71,13.7,13.68,13.67,13.66,13.65,13.76,13.77,13.78,13.79,13.8,13.81,13.82,13.83,13.84,13.85,7400,8000,6500,4600,35700,7800,200,3600,5200,44400,32400,27800,99100,73800,139100,8500,21000,5500,56300,26600
7755.0,13.76,12907800,174905130.0,13.75,13.74,13.73,13.72,13.71,13.7,13.68,13.67,13.66,13.65,13.76,13.77,13.78,13.79,13.8,13.81,13.82,13.83,13.84,13.85,3700,8000,6500,4600,35700,7800,200,3600,5200,44400,17200,27800,99100,73800,139100,8500,21000,5500,56300,26600
7756.0,13.76,12908000,174907882.0,13.75,13.74,13.73,13.72,13.71,13.7,13.68,13.67,13.66,13.65,13.76,13.77,13.78,13.79,13.8,13.81,13.82,13.83,13.84,13.85,3700,8000,6500,4600,35700,7800,200,3600,5200,44400,17000,27800,99100,73800,139100,8500,21000,5500,56300,26600
7757.0,13.76,12908000,174907882.0,13.75,13.74,13.73,13.72,13.71,13.7,13.68,13.67,13.66,13.65,13.76,13.77,13.78,13.79,13.8,13.81,13.82,13.83,13.84,13.85,10900,8000,6500,4600,35700,7800,200,3600,5200,44400,17000,27800,99100,73800,139600,8500,21000,5500,56300,26600
7758.0,13.75,12908700,174917507.0,13.75,13.74,13.73,13.72,13.71,13.7,13.68,13.67,13.66,13.65,13.76,13.77,13.78,13.79,13.8,13.81,13.82,13.83,13.84,13.85,10200,8000,6500,4600,35700,7800,200,3600,5200,44400,17000,27800,99100,73800,139600,8500,21000,5500,56300,26600
7759.0,13.75,12908700,174917507.0,13.75,13.74,13.73,13.72,13.71,13.7,13.68,13.67,13.66,13.65,13.76,13.77,13.78,13.79,13.8,13.81,13.82,13.83,13.84,13.85,10200,8000,6500,4600,35700,7800,200,3600,5200,44400,17000,27800,99100,73800,139600,8500,21000,5500,56300,26600
7760.0,13.76,12909900,174934012.0,13.75,13.74,13.73,13.72,13.71,13.7,13.68,13.67,13.66,13.65,13.76,13.77,13.78,13.79,13.8,13.81,13.82,13.83,13.84,13.85,9500,8000,6500,4600,35700,7800,200,3600,5200,44400,16500,27800,99100,73800,139600,8500,21000,5500,56300,26600
7761.0,13.75,12910900,174947765.0,13.75,13.74,13.73,13.72,13.71,13.7,13.68,13.67,13.66,13.65,13.76,13.77,13.78,13.79,13.8,13.81,13.82,13.83,13.84,13.85,8800,8000,6500,4600,35700,7800,200,3600,5200,44400,18100,27800,99100,73800,139600,8500,21000,5500,56300,26600
7762.0,13.75,12910900,174947765.0,13.75,13.74,13.73,13.72,13.71,13.7,13.68,13.67,13.66,13.65,13.76,13.77,13.78,13.79,13.8,13.81,13.82,13.83,13.84,13.85,8800,8000,6500,4600,35700,7800,200,3600,5200,44400,18100,27800,99100,73800,139600,8500,21000,5500,56300,26600
7763.0,13.75,12911600,174957390.0,13.75,13.74,13.73,13.72,13.71,13.7,13.68,13.67,13.66,13.65,13.76,13.77,13.78,13.79,13.8,13.81,13.82,13.83,13.84,13.85,8100,8000,6500,4600,35700,7800,200,3600,5200,44400,18100,27800,99100,73800,139600,8500,21000,5500,56300,26600
7764.0,13.75,12911600,174957390.0,13.75,13.74,13.73,13.72,13.71,13.7,13.68,13.67,13.66,13.65,13.76,13.77,13.78,13.79,13.8,13.81,13.82,13.83,13.84,13.85,8100,8000,6500,4600,35700,7800,200,3600,5200,44400,18100,27800,99100,73800,139600,8500,21000,5500,56300,26600
7765.0,13.76,12914500,174997294.0,13.75,13.74,13.73,13.72,13.71,13.7,13.68,13.67,13.66,13.65,13.76,13.77,13.78,13.79,13.8,13.81,13.82,13.83,13.84,13.85,8100,8000,6500,4600,35700,7800,200,3600,5200,44400,15200,27800,99100,73800,139600,8500,21000,5500,56300,26600
7766.0,13.75,12916600,175026169.0,13.75,13.74,13.73,13.72,13.71,13.7,13.68,13.67,13.66,13.65,13.76,13.77,13.78,13.79,13.8,13.81,13.82,13.83,13.84,13.85,6000,8000,6500,4600,35700,7800,200,3600,5200,44400,15200,27800,99100,73800,139600,8500,21000,5500,56300,26600
7767.0,13.76,12918400,175050931.0,13.75,13.74,13.73,13.72,13.71,13.7,13.68,13.67,13.66,13.65,13.76,13.77,13.78,13.79,13.8,13.81,13.82,13.83,13.84,13.85,5400,8000,6500,4600,35700,7800,200,3600,5200,44400,14000,28800,99100,73800,139600,8500,21000,5500,56300,26600
7768.0,13.75,12918600,175053682.0,13.75,13.74,13.73,13.72,13.71,13.7,13.68,13.67,13.66,13.65,13.76,13.77,13.78,13.79,13.8,13.81,13.82,13.83,13.84,13.85,5300,8000,6500,4600,35700,7800,200,3600,5200,44400,13900,28800,99100,73800,132700,8500,21000,5500,56300,21700
7769.0,13.76,12920100,175074317.0,13.75,13.74,13.73,13.72,13.71,13.7,13.68,13.67,13.66,13.65,13.76,13.77,13.78,13.79,13.8,13.81,13.82,13.83,13.84,13.85,4800,8000,6500,4600,35700,7800,200,3600,5200,44400,13000,28800,99100,73800,132700,8500,21000,5500,56300,21700
7770.0,13.76,12920100,175074317.0,13.75,13.74,13.73,13.72,13.71,13.7,13.68,13.67,13.66,13.65,13.76,13.77,13.78,13.79,13.8,13.81,13.82,13.83,13.84,13.85,4800,8000,6500,4600,35700,7800,200,3600,5200,44400,13000,28800,99100,73800,132700,8500,21000,5500,56300,21700
7771.0,13.76,12920100,175074317.0,13.75,13.74,13.73,13.72,13.71,13.7,13.68,13.67,13.66,13.65,13.76,13.77,13.78,13.79,13.8,13.81,13.82,13.83,13.84,13.85,4800,8000,6500,4600,35700,7800,200,3600,5200,44400,13000,28800,99100,73800,132700,8500,21000,5500,56300,21700
7772.0,13.75,12920500,175079817.0,13.75,13.74,13.73,13.72,13.71,13.7,13.68,13.67,13.66,13.65,13.76,13.77,13.78,13.79,13.8,13.81,13.82,13.83,13.84,13.85,5600,8000,6500,4600,35700,7800,200,3600,5200,44400,13000,28800,99100,73800,132700,8500,21000,5500,56300,21700
7773.0,13.75,12920500,175079817.0,13.75,13.74,13.73,13.72,13.71,13.7,13.68,13.67,13.66,13.65,13.76,13.77,13.78,13.79,13.8,13.81,13.82,13.83,13.84,13.85,5600,8000,6500,4600,35700,7800,200,3600,5200,44400,13000,28800,99100,73800,132700,8500,21000,5500,56300,21700
7774.0,13.75,12921000,175086692.0,13.75,13.74,13.73,13.72,13.71,13.7,13.68,13.67,13.66,13.65,13.76,13.77,13.78,13.79,13.8,13.81,13.82,13.83,13.84,13.85,5100,8000,6500,4600,35700,7800,200,3600,5200,44400,13000,28800,99100,73800,132700,8500,21000,5500,56300,21700
7775.0,13.75,12921000,175086692.0,13.75,13.74,13.73,13.72,13.71,13.7,13.68,13.67,13.66,13.65,13.76,13.77,13.78,13.79,13.8,13.81,13.82,13.83,13.84,13.85,5100,6000,6500,4600,35700,7800,200,3600,5200,44400,13000,28100,99100,73800,132700,9000,21000,5500,56300,21700
7776.0,13.75,12921000,175086692.0,13.75,13.74,13.73,13.72,13.71,13.7,13.68,13.67,13.66,13.65,13.76,13.77,13.78,13.79,13.8,13.81,13.82,13.83,13.84,13.85,1200,6000,6500,4600,35700,7800,200,3600,5200,44400,13000,28100,99100,73800,132700,9000,21000,5500,56300,21700
7777.0,13.75,12921200,175089442.0,13.75,13.74,13.73,13.72,13.71,13.7,13.68,13.67,13.66,13.65,13.76,13.77,13.78,13.79,13.8,13.81,13.82,13.83,13.84,13.85,1000,6000,6500,4600,35700,7800,200,3600,5200,44400,13000,28100,99100,73800,132700,9000,21000,5500,56300,21700
7778.0,13.75,12921200,175089442.0,13.75,13.74,13.73,13.72,13.71,13.7,13.68,13.67,13.66,13.65,13.76,13.77,13.78,13.79,13.8,13.81,13.82,13.83,13.84,13.85,1000,6000,6500,4600,35700,5100,200,3600,5200,44400,13000,28100,99100,73800,132700,9000,21000,5500,56300,21700
7779.0,13.76,12921500,175093570.0,13.75,13.74,13.73,13.72,13.71,13.7,13.68,13.67,13.66,13.65,13.76,13.77,13.78,13.79,13.8,13.81,13.82,13.83,13.84,13.85,1000,6000,6500,4600,35700,5100,200,3600,5200,44400,12700,28400,99100,73800,132700,9000,21000,5500,56300,21700
7780.0,13.75,12922000,175100449.0,13.75,13.74,13.73,13.72,13.71,13.7,13.68,13.67,13.66,13.65,13.76,13.77,13.78,13.79,13.8,13.81,13.82,13.83,13.84,13.85,900,6000,6500,4600,35700,5100,200,3600,5200,44400,12400,28400,126200,73800,132700,9000,21000,5500,56300,21700
7781.0,13.76,12929400,175202273.0,13.75,13.74,13.73,13.72,13.71,13.7,13.68,13.67,13.66,13.65,13.76,13.77,13.78,13.79,13.8,13.81,13.82,13.83,13.84,13.85,900,6000,6500,4600,35700,5100,200,3600,5200,44400,5600,28400,126200,73800,132700,9000,21000,5500,56300,21700
7782.0,13.76,12930400,175216033.0,13.75,13.74,13.73,13.72,13.71,13.7,13.68,13.67,13.66,13.65,13.76,13.77,13.78,13.79,13.8,13.81,13.82,13.83,13.84,13.85,900,6000,6500,4600,35700,5100,200,3600,5200,44400,4700,28400,126200,73800,133900,9000,21000,5500,56300,21700
7783.0,13.76,12930400,175216033.0,13.75,13.74,13.73,13.72,13.71,13.7,13.68,13.67,13.66,13.65,13.76,13.77,13.78,13.79,13.8,13.81,13.82,13.83,13.84,13.85,900,6000,6500,4600,35700,5100,200,3600,5200,44400,4700,28400,126200,73800,133900,9000,21000,5500,56300,21700
7784.0,13.76,12930400,175216033.0,13.75,13.74,13.73,13.72,13.71,13.7,13.68,13.67,13.66,13.65,13.76,13.77,13.78,13.79,13.8,13.81,13.82,13.83,13.84,13.85,900,6000,6500,4600,35700,5100,200,3600,5200,44400,5300,28400,126200,73800,133900,9000,21000,5500,56300,21700
7785.0,13.76,12930400,175216033.0,13.75,13.74,13.73,13.72,13.71,13.7,13.68,13.67,13.66,13.65,13.76,13.77,13.78,13.79,13.8,13.81,13.82,13.83,13.84,13.85,900,6000,6500,4600,35700,5100,200,3600,5200,44400,5600,28400,126200,73800,133900,9000,21000,5500,56300,21700
7786.0,13.76,12930400,175216033.0,13.75,13.74,13.73,13.72,13.71,13.7,13.68,13.67,13.66,13.65,13.76,13.77,13.78,13.79,13.8,13.81,13.82,13.83,13.84,13.85,900,6300,6500,4600,35700,5100,200,3600,5200,44400,7600,28400,126200,73800,133900,9000,21000,5500,56300,21700
7787.0,13.76,12930400,175216033.0,13.75,13.74,13.73,13.72,13.71,13.7,13.68,13.67,13.66,13.65,13.76,13.77,13.78,13.79,13.8,13.81,13.82,13.83,13.84,13.85,900,6300,6500,4600,35700,5100,200,3600,5200,44400,7700,29400,126200,73800,133900,9000,21000,5500,56300,21700
7788.0,13.75,12930500,175217408.0,13.75,13.74,13.73,13.72,13.71,13.7,13.68,13.67,13.66,13.65,13.76,13.77,13.78,13.79,13.8,13.81,13.82,13.83,13.84,13.85,800,6300,5100,4600,35700,5100,200,3600,5200,44400,7700,29400,126200,73800,133900,9000,21000,5500,56300,21700
7789.0,13.76,12930900,175222912.0,13.75,13.74,13.73,13.72,13.71,13.7,13.68,13.67,13.66,13.65,13.76,13.77,13.78,13.79,13.8,13.81,13.82,13.83,13.84,13.85,800,6300,5100,4600,35700,5100,200,3600,5200,44400,7300,29400,126200,73800,133900,9000,21000,5500,56300,21700
7790.0,13.76,12931000,175224288.0,13.75,13.74,13.73,13.72,13.71,13.7,13.68,13.67,13.66,13.65,13.76,13.77,13.78,13.79,13.8,13.81,13.82,13.83,13.84,13.85,800,6300,5100,4600,35700,5100,200,3600,5200,44400,9000,36000,126200,73800,133900,9000,21000,5500,56300,21700
7791.0,13.76,12931000,175224288.0,13.75,13.74,13.73,13.72,13.71,13.7,13.68,13.67,13.66,13.65,13.76,13.77,13.78,13.79,13.8,13.81,13.82,13.83,13.84,13.85,800,6300,5100,4600,35700,5100,200,3600,5200,44400,9000,36000,126200,73800,133900,9000,21000,5500,56300,21700
7792.0,13.76,12931000,175224288.0,13.75,13.74,13.73,13.72,13.71,13.7,13.68,13.67,13.66,13.65,13.76,13.77,13.78,13.79,13.8,13.81,13.82,13.83,13.84,13.85,800,6300,5100,4600,35700,5100,200,3600,5200,44400,9000,36600,126200,73000,133900,9000,21000,5500,56300,21700
7793.0,13.75,12931800,175235288.0,13.74,13.73,13.72,13.71,13.7,13.68,13.67,13.66,13.65,13.64,13.75,13.76,13.77,13.78,13.79,13.8,13.81,13.82,13.83,13.84,6300,5100,4600,35700,5100,200,3600,5200,44400,6700,500,9000,36600,126200,73000,133900,9000,21000,5500,56300
7794.0,13.75,12931800,175235288.0,13.74,13.73,13.72,13.71,13.7,13.68,13.67,13.66,13.65,13.64,13.75,13.76,13.77,13.78,13.79,13.8,13.81,13.82,13.83,13.84,6300,5100,4600,35700,5100,200,3600,5200,44400,6700,500,9000,38600,126200,73000,133900,9000,21000,5500,56300
7795.0,13.76,12933900,175264179.0,13.74,13.73,13.72,13.71,13.7,13.68,13.67,13.66,13.65,13.64,13.76,13.77,13.78,13.79,13.8,13.81,13.82,13.83,13.84,13.85,6300,5100,4600,35700,5100,200,3600,5200,44400,6700,7700,40800,126300,73000,133900,9000,20700,5500,56300,21700
7796.0,13.74,12935100,175280667.0,13.74,13.73,13.72,13.71,13.7,13.68,13.67,13.66,13.65,13.64,13.76,13.77,13.78,13.79,13.8,13.81,13.82,13.83,13.84,13.85,6100,5100,4600,35700,5100,200,3600,5200,44400,6700,10600,40800,126300,73000,133900,9000,20700,5500,56300,21700
7797.0,13.74,12935100,175280667.0,13.75,13.74,13.73,13.72,13.71,13.7,13.68,13.67,13.66,13.65,13.76,13.77,13.78,13.79,13.8,13.81,13.82,13.83,13.84,13.85,2400,7100,5100,4600,35700,5100,200,3600,5200,44400,11000,41800,126300,73000,133900,9000,20700,5500,56300,21700
7798.0,13.74,12935100,175280667.0,13.75,13.74,13.73,13.72,13.71,13.7,13.68,13.67,13.66,13.65,13.76,13.77,13.78,13.79,13.8,13.81,13.82,13.83,13.84,13.85,2400,7100,5100,4600,35700,5100,200,3600,5200,44400,12000,42800,126300,73000,133900,9000,20700,5500,56300,21700
7799.0,13.75,12935700,175288917.0,13.75,13.74,13.73,13.72,13.71,13.7,13.68,13.67,13.66,13.65,13.76,13.77,13.78,13.79,13.8,13.81,13.82,13.83,13.84,13.85,1800,7100,5100,4600,35700,5100,200,3600,5200,44400,12400,43400,126300,73000,133900,9000,20700,5500,56300,21700
7800.0,13.75,12935700,175288917.0,13.75,13.74,13.73,13.72,13.71,13.7,13.68,13.67,13.66,13.65,13.76,13.77,13.78,13.79,13.8,13.81,13.82,13.83,13.84,13.85,1800,7100,5100,4600,35700,5100,200,3600,5200,44400,12400,43400,126500,73000,133900,9000,20700,5500,56300,21700
7801.0,13.75,12935700,175288917.0,13.75,13.74,13.73,13.72,13.71,13.7,13.68,13.67,13.66,13.65,13.76,13.77,13.78,13.79,13.8,13.81,13.82,13.83,13.84,13.85,1800,7100,5100,4600,35700,5100,200,3600,5200,44400,12400,43400,126500,73000,133900,9000,20700,5500,56300,21700
7802.0,13.76,12937900,175319188.0,13.75,13.74,13.73,13.72,13.71,13.7,13.68,13.67,13.66,13.65,13.76,13.77,13.78,13.79,13.8,13.81,13.82,13.83,13.84,13.85,1700,7100,5100,4600,35700,5100,200,3600,5200,44400,10300,43500,126500,73000,133900,9000,20700,5500,56300,21700
7803.0,13.76,12937900,175319188.0,13.75,13.74,13.73,13.72,13.71,13.7,13.68,13.67,13.66,13.65,13.76,13.77,13.78,13.79,13.8,13.81,13.82,13.83,13.84,13.85,1700,7100,5100,4600,35700,5100,200,3600,5200,44400,10300,44000,127400,73000,133900,9000,20700,5500,56300,21700
7804.0,13.75,12938000,175320563.0,13.75,13.74,13.73,13.72,13.71,13.7,13.68,13.67,13.66,13.65,13.76,13.77,13.78,13.79,13.8,13.81,13.82,13.83,13.84,13.85,1600,7100,5100,4600,35700,5100,200,3600,5200,44400,10300,44000,127400,73000,133900,9000,20700,5500,56300,21700
7805.0,13.76,12941600,175370099.0,13.75,13.74,13.73,13.72,13.71,13.7,13.68,13.67,13.66,13.65,13.76,13.77,13.78,13.79,13.8,13.81,13.82,13.83,13.84,13.85,1600,7100,5100,4600,35700,5100,200,3600,5200,44400,6700,44000,127400,73000,131000,9000,20700,5500,56300,21700
7806.0,13.76,12941600,175370099.0,13.75,13.74,13.73,13.72,13.71,13.7,13.68,13.67,13.66,13.65,13.76,13.77,13.78,13.79,13.8,13.81,13.82,13.83,13.84,13.85,1600,7100,5100,4600,35700,5100,200,3600,5200,44400,6700,44000,127700,73000,131000,9000,20700,5500,56300,21700
7807.0,13.75,12942100,175376974.0,13.75,13.74,13.73,13.72,13.71,13.7,13.68,13.67,13.66,13.65,13.76,13.77,13.78,13.79,13.8,13.81,13.82,13.83,13.84,13.85,1100,7100,5100,4600,35700,5100,200,3600,5200,44400,6700,44000,127700,73000,131000,9000,20700,5500,56300,21700
7808.0,13.75,12942100,175376974.0,13.75,13.74,13.73,13.72,13.71,13.7,13.68,13.67,13.66,13.65,13.76,13.77,13.78,13.79,13.8,13.81,13.82,13.83,13.84,13.85,1100,7100,5100,4600,35700,5100,200,3600,5200,44400,6700,50900,127700,73000,131000,9000,20700,5500,56300,21700
7809.0,13.75,12942100,175376974.0,13.75,13.74,13.73,13.72,13.71,13.7,13.68,13.67,13.66,13.65,13.76,13.77,13.78,13.79,13.8,13.81,13.82,13.83,13.84,13.85,1100,7100,5100,4600,35700,5100,200,3600,5200,44400,6700,50900,127700,73000,130500,9000,20700,5500,56300,21700
7810.0,13.75,12942100,175376974.0,13.75,13.74,13.73,13.72,13.71,13.7,13.68,13.67,13.66,13.65,13.76,13.77,13.78,13.79,13.8,13.81,13.82,13.83,13.84,13.85,1100,7100,5100,4600,35700,5100,200,3600,5200,44400,9000,50900,127700,73000,130500,9000,20700,5500,56300,21700
7811.0,13.75,12942400,175381099.0,13.75,13.74,13.73,13.72,13.71,13.7,13.68,13.67,13.66,13.65,13.76,13.77,13.78,13.79,13.8,13.81,13.82,13.83,13.84,13.85,800,7100,5100,4600,35700,5100,200,3600,5200,44400,9000,50900,127700,73000,130500,9000,20700,5500,56300,21700
7812.0,13.75,12942400,175381099.0,13.75,13.74,13.73,13.72,13.71,13.7,13.68,13.67,13.66,13.65,13.76,13.77,13.78,13.79,13.8,13.81,13.82,13.83,13.84,13.85,800,7100,5100,4600,35700,5100,200,3600,5200,44400,10700,51600,127700,73000,130500,9000,20700,5500,56300,21700
7813.0,13.76,12943600,175397611.0,13.75,13.74,13.73,13.72,13.71,13.7,13.68,13.67,13.66,13.65,13.76,13.77,13.78,13.79,13.8,13.81,13.82,13.83,13.84,13.85,800,7100,5100,4600,35700,5100,200,3600,5200,44400,11400,51600,127700,73000,130500,9000,20700,5500,56300,21700
7814.0,13.76,12947000,175444395.0,13.75,13.74,13.73,13.72,13.71,13.7,13.68,13.67,13.66,13.65,13.76,13.77,13.78,13.79,13.8,13.81,13.82,13.83,13.84,13.85,800,7100,5100,4600,35700,5100,200,3600,5200,44400,8000,56600,127700,73000,130500,9000,20700,5500,56300,21700
7815.0,13.76,12947000,175444395.0,13.75,13.74,13.73,13.72,13.71,13.7,13.68,13.67,13.66,13.65,13.76,13.77,13.78,13.79,13.8,13.81,13.82,13.83,13.84,13.85,800,7100,5100,4600,35700,5100,200,3600,5200,44400,8000,56600,127700,73000,130500,9000,20700,5500,56300,22700
7816.0,13.76,12947200,175447147.0,13.75,13.74,13.73,13.72,13.71,13.7,13.68,13.67,13.66,13.65,13.76,13.77,13.78,13.79,13.8,13.81,13.82,13.83,13.84,13.85,800,7100,5100,4600,35700,5100,200,3600,5200,44400,7800,57600,127700,73000,130500,9000,20700,5500,56300,22700
7817.0,13.76,12947200,175447147.0,13.75,13.74,13.73,13.72,13.71,13.7,13.68,13.67,13.66,13.65,13.76,13.77,13.78,13.79,13.8,13.81,13.82,13.83,13.84,13.85,800,7100,5100,4600,35700,5100,200,3600,5200,44400,7800,57600,127700,73000,130500,9000,20700,5500,56300,22700
7818.0,13.76,12947200,175447147.0,13.75,13.74,13.73,13.72,13.71,13.7,13.68,13.67,13.66,13.65,13.76,13.77,13.78,13.79,13.8,13.81,13.82,13.83,13.84,13.85,1000,7100,5100,4600,35700,5100,200,3600,5200,44400,7800,57600,127700,73000,130500,9000,20700,5500,56300,22700
7819.0,13.76,12947200,175447147.0,13.75,13.74,13.73,13.72,13.71,13.7,13.68,13.67,13.66,13.65,13.76,13.77,13.78,13.79,13.8,13.81,13.82,13.83,13.84,13.85,1000,7100,5100,4600,35700,5100,200,3600,5200,44400,7800,58600,127700,73000,130500,9000,20700,5500,56300,22700
7820.0,13.76,12947200,175447147.0,13.75,13.74,13.73,13.72,13.71,13.7,13.68,13.67,13.66,13.65,13.76,13.77,13.78,13.79,13.8,13.81,13.82,13.83,13.84,13.85,1000,7100,5100,4600,35700,5100,200,3600,5200,44400,7800,58600,127700,73000,130500,9000,20700,5500,56300,22700
7821.0,13.76,12947200,175447147.0,13.75,13.74,13.73,13.72,13.71,13.7,13.68,13.67,13.66,13.65,13.76,13.77,13.78,13.79,13.8,13.81,13.82,13.83,13.84,13.85,1000,7100,5100,4600,35700,5100,200,3600,5200,44400,7800,58600,127700,73000,130500,9000,20700,5500,56300,22700
7822.0,13.75,12947400,175449897.0,13.75,13.74,13.73,13.72,13.71,13.7,13.68,13.67,13.66,13.65,13.76,13.77,13.78,13.79,13.8,13.81,13.82,13.83,13.84,13.85,800,7100,5100,4600,35700,5100,200,3600,5200,44400,7800,59900,127700,73000,129500,9000,20700,5500,56300,22700
7823.0,13.76,12947500,175451273.0,13.75,13.74,13.73,13.72,13.71,13.7,13.68,13.67,13.66,13.65,13.76,13.77,13.78,13.79,13.8,13.81,13.82,13.83,13.84,13.85,800,7100,5100,4600,35700,5100,200,3600,5200,44400,7700,59900,127700,73000,129500,9000,20700,5500,56300,22700
7824.0,13.76,12947500,175451273.0,13.75,13.74,13.73,13.72,13.71,13.7,13.68,13.67,13.66,13.65,13.76,13.77,13.78,13.79,13.8,13.81,13.82,13.83,13.84,13.85,1100,7100,5100,4600,35700,5100,200,3600,5200,44400,7700,59900,127700,73000,129500,9000,20700,5500,56300,22700
7825.0,13.76,12947500,175451273.0,13.75,13.74,13.73,13.72,13.71,13.7,13.68,13.67,13.66,13.65,13.76,13.77,13.78,13.79,13.8,13.81,13.82,13.83,13.84,13.85,2600,7100,5100,4600,35700,5100,200,3600,5200,44400,10600,59900,127700,73000,129500,9000,20700,5500,56300,22700
7826.0,13.75,12949000,175471905.0,13.75,13.74,13.73,13.72,13.71,13.7,13.68,13.67,13.66,13.65,13.76,13.77,13.78,13.79,13.8,13.81,13.82,13.83,13.84,13.85,1800,7100,5100,4600,35700,5100,200,3600,5200,44400,9900,59900,127500,73000,129500,9000,20700,5500,56300,22700
7827.0,13.76,12949100,175473281.0,13.75,13.74,13.73,13.72,13.71,13.7,13.68,13.67,13.66,13.65,13.76,13.77,13.78,13.79,13.8,13.81,13.82,13.83,13.84,13.85,1800,7100,5100,4600,35700,5100,200,3600,5200,44400,9800,60000,127500,73000,129500,9000,20700,5500,56300,22700
7828.0,13.76,12949100,175473281.0,13.75,13.74,13.73,13.72,13.71,13.7,13.68,13.67,13.66,13.65,13.76,13.77,13.78,13.79,13.8,13.81,13.82,13.83,13.84,13.85,1800,7100,5100,4600,35700,5100,200,3600,5200,44400,9800,60000,127500,73000,129500,9000,20700,5500,56300,22700
7829.0,13.76,12949100,175473281.0,13.75,13.74,13.73,13.72,13.71,13.7,13.68,13.67,13.66,13.65,13.76,13.77,13.78,13.79,13.8,13.81,13.82,13.83,13.84,13.85,1800,7100,5100,4600,35700,5100,200,3600,5200,44400,9800,60000,127500,73000,129500,9000,20700,5500,56300,22700
7830.0,13.76,12949600,175480161.0,13.75,13.74,13.73,13.72,13.71,13.7,13.68,13.67,13.66,13.65,13.76,13.77,13.78,13.79,13.8,13.81,13.82,13.83,13.84,13.85,1800,7100,5100,4600,35700,5100,200,3600,5200,44400,9300,69000,127500,73000,129500,9000,20700,5500,56300,22700
7831.0,13.76,12949600,175480161.0,13.75,13.74,13.73,13.72,13.71,13.7,13.68,13.67,13.66,13.65,13.76,13.77,13.78,13.79,13.8,13.81,13.82,13.83,13.84,13.85,1800,7100,5100,4600,35700,5100,200,3600,5200,44400,9300,69200,127500,73000,129500,9000,20700,5500,56300,22700
7832.0,13.76,12949600,175480161.0,13.75,13.74,13.73,13.72,13.71,13.7,13.68,13.67,13.66,13.65,13.76,13.77,13.78,13.79,13.8,13.81,13.82,13.83,13.84,13.85,1800,7100,5100,4600,35700,5100,200,3600,5200,44400,9300,69300,126900,73000,129500,9000,20700,5500,56300,22700
7833.0,13.76,12950700,175495293.0,13.75,13.74,13.73,13.72,13.71,13.7,13.68,13.67,13.66,13.65,13.76,13.77,13.78,13.79,13.8,13.81,13.82,13.83,13.84,13.85,1400,7100,5100,4600,35700,5100,200,3600,5200,44400,8600,69300,126900,73000,129500,9000,20700,5500,56300,22700
7834.0,13.76,12950700,175495293.0,13.75,13.74,13.73,13.72,13.71,13.7,13.68,13.67,13.66,13.65,13.76,13.77,13.78,13.79,13.8,13.81,13.82,13.83,13.84,13.85,1400,7100,5100,4600,35700,5100,200,3600,5200,44400,8800,69300,126900,73000,129500,9000,20700,5500,56300,22700
7835.0,13.76,12950700,175495293.0,13.75,13.74,13.73,13.72,13.71,13.7,13.68,13.67,13.66,13.65,13.76,13.77,13.78,13.79,13.8,13.81,13.82,13.83,13.84,13.85,1400,7100,5100,4600,35700,5100,200,3600,5200,44400,8800,70200,127600,73000,129500,9000,20700,5500,56300,22700
7836.0,13.76,12954400,175546205.0,13.75,13.74,13.73,13.72,13.71,13.7,13.68,13.67,13.66,13.65,13.76,13.77,13.78,13.79,13.8,13.81,13.82,13.83,13.84,13.85,1400,7500,5100,4600,35700,5100,200,3600,5200,44400,5100,70200,127600,73000,129000,9000,20700,5500,56300,22700
7837.0,13.76,12954400,175546205.0,13.75,13.74,13.73,13.72,13.71,13.7,13.68,13.67,13.66,13.65,13.76,13.77,13.78,13.79,13.8,13.81,13.82,13.83,13.84,13.85,1400,7500,5100,4600,35700,5100,200,3600,5200,44400,5100,70200,127600,73000,129000,9000,20700,5500,56300,22700
7838.0,13.75,12954500,175547580.0,13.75,13.74,13.73,13.72,13.71,13.7,13.68,13.67,13.66,13.65,13.76,13.77,13.78,13.79,13.8,13.81,13.82,13.83,13.84,13.85,1300,7500,5100,4600,35700,5100,200,3600,5200,44400,5100,70200,127600,73000,129000,9000,20700,5500,56300,22700
7839.0,13.75,12954500,175547580.0,13.75,13.74,13.73,13.72,13.71,13.7,13.68,13.67,13.66,13.65,13.76,13.77,13.78,13.79,13.8,13.81,13.82,13.83,13.84,13.85,1300,7500,5100,4600,35700,5100,200,3600,5200,44400,5300,70200,127600,73000,129300,9000,20700,5500,56300,22700
7840.0,13.76,12955800,175565467.0,13.75,13.74,13.73,13.72,13.71,13.7,13.68,13.67,13.66,13.65,13.76,13.77,13.78,13.79,13.8,13.81,13.82,13.83,13.84,13.85,1200,7500,5100,4600,35700,5100,200,3600,5200,44400,4100,70000,127600,73000,129300,9000,20700,5500,56300,22700
7841.0,13.76,12955800,175565467.0,13.75,13.74,13.73,13.72,13.71,13.7,13.68,13.67,13.66,13.65,13.76,13.77,13.78,13.79,13.8,13.81,13.82,13.83,13.84,13.85,1200,7500,5100,4600,35700,5100,200,3600,5200,44400,4100,70000,127600,73000,129300,8000,20700,5500,56300,22700
7842.0,13.75,12956900,175580592.0,13.75,13.74,13.73,13.72,13.71,13.7,13.68,13.67,13.66,13.65,13.76,13.77,13.78,13.79,13.8,13.81,13.82,13.83,13.84,13.85,100,7500,5100,4600,35700,5100,200,3600,5200,44400,4100,70000,127600,73000,129300,8000,20700,5500,56300,22700
7843.0,13.75,12956900,175580592.0,13.75,13.74,13.73,13.72,13.71,13.7,13.68,13.67,13.66,13.65,13.76,13.77,13.78,13.79,13.8,13.81,13.82,13.83,13.84,13.85,100,7500,5100,4600,35700,5100,200,3600,5200,43400,4100,70000,127600,73000,129300,8000,20700,5500,56300,22700
7844.0,13.75,12956900,175580592.0,13.75,13.74,13.73,13.72,13.71,13.7,13.68,13.67,13.66,13.65,13.76,13.77,13.78,13.79,13.8,13.81,13.82,13.83,13.84,13.85,100,7500,5100,4600,35700,5100,200,3600,5200,43400,4700,70000,127600,73000,129300,8000,20700,5500,56300,22700
7845.0,13.75,12956900,175580592.0,13.75,13.74,13.73,13.72,13.71,13.7,13.68,13.67,13.66,13.65,13.76,13.77,13.78,13.79,13.8,13.81,13.82,13.83,13.84,13.85,100,7500,5100,4600,35700,5100,200,3600,5200,43400,4700,70100,127600,73000,129300,8000,20700,5500,56300,22700
7846.0,13.75,12956900,175580592.0,13.75,13.74,13.73,13.72,13.71,13.7,13.68,13.67,13.66,13.65,13.76,13.77,13.78,13.79,13.8,13.81,13.82,13.83,13.84,13.85,100,7500,5100,4600,35700,5100,200,3600,5200,43400,5900,71200,127600,73000,129300,8000,20700,5500,56300,22700
7847.0,13.75,12956900,175580592.0,13.75,13.74,13.73,13.72,13.71,13.7,13.68,13.67,13.66,13.65,13.76,13.77,13.78,13.79,13.8,13.81,13.82,13.83,13.84,13.85,100,7500,5100,4600,35700,5100,200,3600,5200,43400,6900,71200,127600,73000,129300,8000,20700,5500,56300,22700
7848.0,13.76,12960700,175632880.0,13.75,13.74,13.73,13.72,13.71,13.7,13.68,13.67,13.66,13.65,13.76,13.77,13.78,13.79,13.8,13.81,13.82,13.83,13.84,13.85,100,7500,5100,4600,35700,5100,200,3600,5200,43400,3500,71200,127600,73000,129300,8000,20700,5500,56300,22700
7849.0,13.76,12960700,175632880.0,13.75,13.74,13.73,13.72,13.71,13.7,13.68,13.67,13.66,13.65,13.76,13.77,13.78,13.79,13.8,13.81,13.82,13.83,13.84,13.85,100,7500,5100,4600,35700,5100,200,3600,5200,43400,3500,71200,127600,73000,129300,8000,20700,5500,56300,22700
7850.0,13.76,12960700,175632880.0,13.75,13.74,13.73,13.72,13.71,13.7,13.68,13.67,13.66,13.65,13.76,13.77,13.78,13.79,13.8,13.81,13.82,13.83,13.84,13.85,100,7500,5100,4600,35700,5100,200,3600,5200,43400,3500,71200,127600,74000,129300,8000,20700,5500,56300,22700
7851.0,13.76,12960700,175632880.0,13.75,13.74,13.73,13.72,13.71,13.7,13.68,13.67,13.66,13.65,13.76,13.77,13.78,13.79,13.8,13.81,13.82,13.83,13.84,13.85,200,7500,5100,4600,35700,5100,200,3600,5200,43400,3500,71200,127600,74000,129300,8000,20700,5500,56300,22700
7852.0,13.76,12960700,175632880.0,13.75,13.74,13.73,13.72,13.71,13.7,13.68,13.67,13.66,13.65,13.76,13.77,13.78,13.79,13.8,13.81,13.82,13.83,13.84,13.85,200,7500,5100,4600,35700,9500,200,3600,5200,43400,3500,71200,127600,74600,129300,8000,20700,5500,56300,22400
7853.0,13.76,12960700,175632880.0,13.75,13.74,13.73,13.72,13.71,13.7,13.68,13.67,13.66,13.65,13.76,13.77,13.78,13.79,13.8,13.81,13.82,13.83,13.84,13.85,200,7500,5100,4600,35700,9500,200,3600,5200,43400,6500,71200,127600,74600,129300,8000,20700,5500,56300,22400
7854.0,13.75,12960900,175635630.0,13.74,13.73,13.72,13.71,13.7,13.68,13.67,13.66,13.65,13.64,13.76,13.77,13.78,13.79,13.8,13.81,13.82,13.83,13.84,13.85,7500,5100,4600,35700,9500,200,3600,5200,43400,6700,6500,71200,127600,74600,129300,8000,20700,5500,56300,22400
7855.0,13.74,12963000,175664484.0,13.74,13.73,13.72,13.71,13.7,13.68,13.67,13.66,13.65,13.64,13.76,13.77,13.78,13.79,13.8,13.81,13.82,13.83,13.84,13.85,5700,5100,4600,35700,9500,200,3600,5200,43400,6700,6800,73800,127600,74600,129300,8000,20700,5500,56300,22400
7856.0,13.74,12963000,175664484.0,13.75,13.74,13.73,13.72,13.71,13.7,13.68,13.67,13.66,13.65,13.76,13.77,13.78,13.79,13.8,13.81,13.82,13.83,13.84,13.85,1000,6100,5100,4600,35700,9500,200,3600,5200,43400,7200,73800,127600,74600,129300,8000,20700,5500,56300,22400
7857.0,13.74,12963000,175664484.0,13.75,13.74,13.73,13.72,13.71,13.7,13.68,13.67,13.66,13.65,13.76,13.77,13.78,13.79,13.8,13.81,13.82,13.83,13.84,13.85,1100,6100,5100,4600,35700,9500,200,3600,5200,43400,7200,73800,127600,74600,129300,8000,20700,5500,56300,22400
7858.0,13.76,12967200,175722276.0,13.75,13.74,13.73,13.72,13.71,13.7,13.68,13.67,13.66,13.65,13.76,13.77,13.78,13.79,13.8,13.81,13.82,13.83,13.84,13.85,1100,6100,5100,4600,35700,9500,200,3600,5200,43400,3000,73800,127600,74600,129300,8000,20700,5500,56300,22400
7859.0,13.76,12967800,175730532.0,13.75,13.74,13.73,13.72,13.71,13.7,13.68,13.67,13.66,13.65,13.76,13.77,13.78,13.79,13.8,13.81,13.82,13.83,13.84,13.85,1100,6100,5100,4600,35700,9500,1200,3600,5200,43400,2400,73800,132100,74600,129300,8000,20700,5500,56300,22400
7860.0,13.75,12968300,175737407.0,13.75,13.74,13.73,13.72,13.71,13.7,13.68,13.67,13.66,13.65,13.76,13.77,13.78,13.79,13.8,13.81,13.82,13.83,13.84,13.85,600,6100,5100,4600,35700,9500,1200,3600,5200,43400,2400,73800,132100,74600,129300,8000,20700,5500,56300,22400
7861.0,13.76,12968500,175740159.0,13.75,13.74,13.73,13.72,13.71,13.7,13.68,13.67,13.66,13.65,13.76,13.77,13.78,13.79,13.8,13.81,13.82,13.83,13.84,13.85,600,6100,5100,4600,35700,9500,1200,3600,5200,43400,2200,73800,132100,74600,129300,8000,20700,5500,56300,22400
7862.0,13.76,12969600,175755295.0,13.75,13.74,13.73,13.72,13.71,13.7,13.68,13.67,13.66,13.65,13.76,13.77,13.78,13.79,13.8,13.81,13.82,13.83,13.84,13.85,600,6100,5100,4600,35700,9500,1200,3600,5200,43400,2900,73800,132100,74600,128900,8000,20700,5500,56300,22400
7863.0,13.75,12970200,175763548.0,13.75,13.74,13.73,13.72,13.71,13.7,13.68,13.67,13.66,13.65,13.76,13.77,13.78,13.79,13.8,13.81,13.82,13.83,13.84,13.85,300,6100,5100,4600,35700,9500,1200,3600,5200,43400,3700,73800,132100,75900,130200,8000,20700,5500,56300,22400
7864.0,13.75,12972500,175795193.0,13.74,13.73,13.72,13.71,13.7,13.68,13.67,13.66,13.65,13.64,13.75,13.76,13.77,13.78,13.79,13.8,13.81,13.82,13.83,13.84,6100,5100,5600,35700,9500,1200,3600,5200,43400,6700,4000,1700,73800,132100,75900,130200,8000,20700,5500,56300
7865.0,13.75,12975800,175840568.0,13.74,13.73,13.72,13.71,13.7,13.68,13.67,13.66,13.65,13.64,13.75,13.76,13.77,13.78,13.79,13.8,13.81,13.82,13.83,13.84,6100,5100,5600,35700,9500,1200,3600,5200,43400,6700,700,2700,73800,132100,75900,130200,8000,20700,5500,56300
7866.0,13.75,12975800,175840568.0,13.74,13.73,13.72,13.71,13.7,13.68,13.67,13.66,13.65,13.64,13.75,13.76,13.77,13.78,13.79,13.8,13.81,13.82,13.83,13.84,6100,5100,5600,35700,9500,1200,3600,5200,43400,6700,700,2700,73800,132100,75900,130200,8000,20700,5500,56300
7867.0,13.74,12977000,175857056.0,13.74,13.73,13.72,13.71,13.7,13.68,13.67,13.66,13.65,13.64,13.75,13.76,13.77,13.78,13.79,13.8,13.81,13.82,13.83,13.84,4900,5100,5600,35700,9500,1200,3600,5200,43400,6700,700,2700,72800,132100,75900,130200,8000,20700,5500,56300
7868.0,13.74,12977000,175857056.0,13.74,13.73,13.72,13.71,13.7,13.68,13.67,13.66,13.65,13.64,13.75,13.76,13.77,13.78,13.79,13.8,13.81,13.82,13.83,13.84,4900,5100,5600,35700,9500,1200,3600,5200,43400,6800,700,2700,72900,132100,69600,128200,8000,20700,5500,56300
7869.0,13.74,12977000,175857056.0,13.74,13.73,13.72,13.71,13.7,13.68,13.67,13.66,13.65,13.64,13.75,13.76,13.77,13.78,13.79,13.8,13.81,13.82,13.83,13.84,4900,5100,5600,35700,9500,1200,3600,5200,43400,6800,700,2700,72800,132100,69600,128200,8000,20700,5500,56300
7870.0,13.75,12977900,175869427.0,13.74,13.73,13.72,13.71,13.7,13.68,13.67,13.66,13.65,13.64,13.75,13.76,13.77,13.78,13.79,13.8,13.81,13.82,13.83,13.84,4500,5100,5600,35700,9500,1200,3600,5200,43400,6800,200,2700,72800,132100,69600,128200,8000,20800,5500,56300
7871.0,13.75,12977900,175869427.0,13.74,13.73,13.72,13.71,13.7,13.68,13.67,13.66,13.65,13.64,13.75,13.76,13.77,13.78,13.79,13.8,13.81,13.82,13.83,13.84,4500,5100,5600,35700,9500,1200,3600,5200,43400,6800,200,2700,72800,132100,69600,128200,8000,20800,5500,56300
7872.0,13.76,12979300,175888689.0,13.74,13.73,13.72,13.71,13.7,13.68,13.67,13.66,13.65,13.64,13.76,13.77,13.78,13.79,13.8,13.81,13.82,13.83,13.84,13.85,4500,5100,5600,35700,9500,1200,3600,5200,43400,6800,3000,72800,132100,69600,128200,8000,20800,5500,56300,31300
7873.0,13.76,12979300,175888689.0,13.74,13.73,13.72,13.71,13.7,13.68,13.67,13.66,13.65,13.64,13.76,13.77,13.78,13.79,13.8,13.81,13.82,13.83,13.84,13.85,5100,5100,5600,35700,9500,1200,3600,5200,43400,6800,3600,72800,132100,69600,128200,8000,20800,5500,56300,31300
7874.0,13.76,12979600,175892817.0,13.75,13.74,13.73,13.72,13.71,13.7,13.68,13.67,13.66,13.65,13.76,13.77,13.78,13.79,13.8,13.81,13.82,13.83,13.84,13.85,600,5400,5100,5600,35700,9500,1200,3600,5200,43400,5800,73000,132100,69600,128200,8000,20800,5500,56300,31300
7875.0,13.76,12979600,175892817.0,13.75,13.74,13.73,13.72,13.71,13.7,13.68,13.67,13.66,13.65,13.76,13.77,13.78,13.79,13.8,13.81,13.82,13.83,13.84,13.85,600,5400,5100,5600,35700,9500,1200,3600,5200,43400,5900,73200,132100,69600,128200,8000,20800,5500,56300,31300
7876.0,13.76,12979600,175892817.0,13.75,13.74,13.73,13.72,13.71,13.7,13.68,13.67,13.66,13.65,13.76,13.77,13.78,13.79,13.8,13.81,13.82,13.83,13.84,13.85,600,5400,5100,5600,35700,9500,1200,3600,5200,43400,5900,66300,132100,69600,128200,8000,20800,5500,56300,31300
7877.0,13.76,12980600,175906577.0,13.75,13.74,13.73,13.72,13.71,13.7,13.68,13.67,13.66,13.65,13.76,13.77,13.78,13.79,13.8,13.81,13.82,13.83,13.84,13.85,600,5400,5100,5600,35700,9500,1200,3600,5200,43400,7000,66300,132500,69600,128200,8000,20800,5500,56300,31300
7878.0,13.76,12980600,175906577.0,13.75,13.74,13.73,13.72,13.71,13.7,13.68,13.67,13.66,13.65,13.76,13.77,13.78,13.79,13.8,13.81,13.82,13.83,13.84,13.85,600,5400,5100,5600,35700,9500,1200,3600,5200,43400,7500,57300,132500,69600,128200,8000,20800,5500,56300,31300
7879.0,13.76,12980600,175906577.0,13.75,13.74,13.73,13.72,13.71,13.7,13.68,13.67,13.66,13.65,13.76,13.77,13.78,13.79,13.8,13.81,13.82,13.83,13.84,13.85,600,5400,5100,5600,35700,9500,1200,3600,5200,43400,8000,58400,132500,69600,128200,8000,20800,5500,56300,31300
7880.0,13.76,12981300,175916209.0,13.75,13.74,13.73,13.72,13.71,13.7,13.68,13.67,13.66,13.65,13.76,13.77,13.78,13.79,13.8,13.81,13.82,13.83,13.84,13.85,600,5400,5100,5600,35700,10500,1200,3600,5200,43400,7300,58400,132500,69600,130200,8000,20800,5500,56300,31300
7881.0,13.75,12981900,175924459.0,13.74,13.73,13.72,13.71,13.7,13.68,13.67,13.66,13.65,13.64,13.75,13.76,13.77,13.78,13.79,13.8,13.81,13.82,13.83,13.84,5400,5100,5600,35700,10500,1200,3600,5200,43400,6800,1400,7300,58400,132500,69600,130200,8000,20800,5500,56300
7882.0,13.75,12982500,175932709.0,13.74,13.73,13.72,13.71,13.7,13.68,13.67,13.66,13.65,13.64,13.75,13.76,13.77,13.78,13.79,13.8,13.81,13.82,13.83,13.84,5400,5100,5600,35700,10500,1200,3600,5200,43400,6800,800,7300,58400,132500,69600,130200,8000,20800,5500,56300
7883.0,13.76,12984100,175954717.0,13.74,13.73,13.72,13.71,13.7,13.68,13.67,13.66,13.65,13.64,13.76,13.77,13.78,13.79,13.8,13.81,13.82,13.83,13.84,13.85,5400,5100,5600,35700,10500,1200,3600,5200,43400,6800,11000,60300,132500,69600,130200,8000,20800,5500,56300,31300
7884.0,13.74,12984600,175961587.0,13.74,13.73,13.72,13.71,13.7,13.68,13.67,13.66,13.65,13.64,13.76,13.77,13.78,13.79,13.8,13.81,13.82,13.83,13.84,13.85,5400,5100,5600,35700,10500,1200,3600,5200,43400,6800,11800,60700,132500,69600,130200,8000,20800,5500,56300,31300
7885.0,13.74,12984600,175961587.0,13.74,13.73,13.72,13.71,13.7,13.68,13.67,13.66,13.65,13.64,13.76,13.77,13.78,13.79,13.8,13.81,13.82,13.83,13.84,13.85,5800,5100,5600,35700,10500,1200,3600,5200,43400,6800,12200,60700,132500,69600,130200,8000,20800,5500,56300,31300
7886.0,13.76,12985400,175972595.0,13.75,13.74,13.73,13.72,13.71,13.7,13.68,13.67,13.66,13.65,13.76,13.77,13.78,13.79,13.8,13.81,13.82,13.83,13.84,13.85,3600,6100,5100,5600,35700,10500,1200,3600,5200,43400,11700,61400,132500,69600,130200,8000,20800,5500,56300,31300
7887.0,13.76,12985400,175972595.0,13.75,13.74,13.73,13.72,13.71,13.7,13.68,13.67,13.66,13.65,13.76,13.77,13.78,13.79,13.8,13.81,13.82,13.83,13.84,13.85,3600,6100,5100,5600,35700,10500,1200,3600,5200,43400,11700,61400,132500,69600,130200,8000,20800,5500,56300,31300
7888.0,13.76,12986700,175990483.0,13.75,13.74,13.73,13.72,13.71,13.7,13.68,13.67,13.66,13.65,13.76,13.77,13.78,13.79,13.8,13.81,13.82,13.83,13.84,13.85,3600,6100,5100,5600,38000,10500,1200,3600,5200,43400,10400,61400,132500,69600,130200,8100,20800,5500,57000,31300
7889.0,13.75,12988100,176009740.0,13.75,13.74,13.73,13.72,13.71,13.7,13.68,13.67,13.66,13.65,13.76,13.77,13.78,13.79,13.8,13.81,13.82,13.83,13.84,13.85,2900,6100,5100,5600,38000,10500,1200,3600,5200,43400,9700,61400,132500,69600,130200,8100,20800,5500,57000,31300
7890.0,13.75,12988100,176009740.0,13.75,13.74,13.73,13.72,13.71,13.7,13.68,13.67,13.66,13.65,13.76,13.77,13.78,13.79,13.8,13.81,13.82,13.83,13.84,13.85,2900,6100,5100,5600,38000,10500,1200,3600,5200,43400,9700,61400,132500,69600,130200,8100,20800,5500,57000,31300
7891.0,13.76,12989700,176031754.0,13.75,13.74,13.73,13.72,13.71,13.7,13.68,13.67,13.66,13.65,13.76,13.77,13.78,13.79,13.8,13.81,13.82,13.83,13.84,13.85,2700,6100,5100,5600,38000,10500,1200,3600,5200,43400,8300,61400,132500,69600,130200,8100,20800,5500,57000,31300
7892.0,13.76,12989700,176031754.0,13.75,13.74,13.73,13.72,13.71,13.7,13.68,13.67,13.66,13.65,13.76,13.77,13.78,13.79,13.8,13.81,13.82,13.83,13.84,13.85,2700,6100,5100,5600,38000,10500,1200,3600,5200,43400,9200,61400,132500,69600,130200,8100,20800,5500,57000,31300
7893.0,13.76,12989700,176031754.0,13.75,13.74,13.73,13.72,13.71,13.7,13.68,13.67,13.66,13.65,13.76,13.77,13.78,13.79,13.8,13.81,13.82,13.83,13.84,13.85,2700,6100,5100,5600,38000,10500,1200,3600,5200,43400,9200,61400,132500,71600,130200,8100,20800,5500,57000,31300
7894.0,13.76,12989700,176031754.0,13.75,13.74,13.73,13.72,13.71,13.7,13.68,13.67,13.66,13.65,13.76,13.77,13.78,13.79,13.8,13.81,13.82,13.83,13.84,13.85,2700,6100,5100,5600,38000,10500,1200,3600,5200,43400,18600,61700,132500,71600,130200,8100,20800,5500,57000,31300
7895.0,13.76,12990400,176041386.0,13.75,13.74,13.73,13.72,13.71,13.7,13.68,13.67,13.66,13.65,13.76,13.77,13.78,13.79,13.8,13.81,13.82,13.83,13.84,13.85,2700,6100,5100,5600,35700,10500,1200,3600,5200,43400,17900,61700,132500,71600,130200,8100,20800,5500,57000,31300
7896.0,13.76,12991200,176052394.0,13.75,13.74,13.73,13.72,13.71,13.7,13.68,13.67,13.66,13.65,13.76,13.77,13.78,13.79,13.8,13.81,13.82,13.83,13.84,13.85,2700,6100,5100,5600,35700,10500,1200,3600,5200,43400,18800,62600,132500,71600,130200,8100,20800,5500,57000,31300
7897.0,13.76,12991200,176052394.0,13.75,13.74,13.73,13.72,13.71,13.7,13.68,13.67,13.66,13.65,13.76,13.77,13.78,13.79,13.8,13.81,13.82,13.83,13.84,13.85,2700,6100,5100,5600,35700,10500,1200,3600,5200,43400,19100,62600,132500,71600,130200,8100,20800,5500,57000,31300
7898.0,13.75,12992100,176064776.0,13.75,13.74,13.73,13.72,13.71,13.7,13.68,13.67,13.66,13.65,13.76,13.77,13.78,13.79,13.8,13.81,13.82,13.83,13.84,13.85,2500,6100,5100,5600,35700,10500,1200,3600,5200,43400,18400,62600,132500,71600,130200,8100,20800,5500,57000,31300
7899.0,13.75,12992100,176064776.0,13.75,13.74,13.73,13.72,13.71,13.7,13.68,13.67,13.66,13.65,13.76,13.77,13.78,13.79,13.8,13.81,13.82,13.83,13.84,13.85,2500,6100,5100,5600,35700,10500,1200,3600,5200,43400,18400,62600,132500,71600,130200,8100,20800,5500,57000,31300
7900.0,13.75,12992100,176064776.0,13.75,13.74,13.73,13.72,13.71,13.7,13.68,13.67,13.66,13.65,13.76,13.77,13.78,13.79,13.8,13.81,13.82,13.83,13.84,13.85,2500,6100,5100,5600,35700,10500,1200,3600,5200,43400,18400,62600,132500,71600,130200,8100,20800,5500,57000,31300
7901.0,13.76,12992800,176074408.0,13.75,13.74,13.73,13.72,13.71,13.7,13.68,13.67,13.66,13.65,13.76,13.77,13.78,13.79,13.8,13.81,13.82,13.83,13.84,13.85,2500,6100,5100,5600,35700,10500,1200,3600,5200,43400,17700,62600,132500,71600,130200,8100,20800,5500,57000,31300
7902.0,13.75,12995300,176108783.0,13.74,13.73,13.72,13.71,13.7,13.68,13.67,13.66,13.65,13.64,13.75,13.76,13.77,13.78,13.79,13.8,13.81,13.82,13.83,13.84,6100,5100,5600,35700,10500,1200,3600,5200,43400,6800,1300,17700,62600,132500,71600,130200,8100,20800,5500,57000
7903.0,13.75,12995300,176108783.0,13.74,13.73,13.72,13.71,13.7,13.68,13.67,13.66,13.65,13.64,13.75,13.76,13.77,13.78,13.79,13.8,13.81,13.82,13.83,13.84,6100,5100,5600,35700,10500,1200,3600,5200,43400,6800,1300,17700,62600,132500,71600,130200,8100,20800,5500,57000
7904.0,13.75,12995400,176110158.0,13.74,13.73,13.72,13.71,13.7,13.68,13.67,13.66,13.65,13.64,13.75,13.76,13.77,13.78,13.79,13.8,13.81,13.82,13.83,13.84,6100,5100,5600,35700,10500,1200,3600,5200,43400,6800,1700,20000,62600,132500,71600,130200,8100,20800,5500,57000
7905.0,13.75,12996100,176119777.0,13.74,13.73,13.72,13.71,13.7,13.68,13.67,13.66,13.65,13.64,13.75,13.76,13.77,13.78,13.79,13.8,13.81,13.82,13.83,13.84,5500,5100,5600,35700,10500,1200,3600,5200,43400,6800,1600,20000,62600,132500,71600,130200,8100,20800,5500,57000
7906.0,13.75,12996100,176119777.0,13.74,13.73,13.72,13.71,13.7,13.68,13.67,13.66,13.65,13.64,13.75,13.76,13.77,13.78,13.79,13.8,13.81,13.82,13.83,13.84,5500,5100,5600,35700,10500,1200,3600,5200,43400,6800,1600,20000,62600,132500,71600,130200,8100,20800,5500,57000
7907.0,13.75,12996300,176122527.0,13.74,13.73,13.72,13.71,13.7,13.68,13.67,13.66,13.65,13.64,13.75,13.76,13.77,13.78,13.79,13.8,13.81,13.82,13.83,13.84,5500,5100,5600,35700,10500,1200,3600,5200,43400,6800,1400,20000,62600,132500,71600,130200,8100,20800,5500,57000
7908.0,13.75,12996300,176122527.0,13.74,13.73,13.72,13.71,13.7,13.68,13.67,13.66,13.65,13.64,13.75,13.76,13.77,13.78,13.79,13.8,13.81,13.82,13.83,13.84,5500,5100,5600,35700,10500,1200,3600,5200,43400,6800,1400,20000,62600,132500,71600,130200,8100,20800,5500,57000
7909.0,13.75,12996400,176123902.0,13.74,13.73,13.72,13.71,13.7,13.68,13.67,13.66,13.65,13.64,13.75,13.76,13.77,13.78,13.79,13.8,13.81,13.82,13.83,13.84,5500,5100,5600,35700,10500,1200,3600,5200,43400,6800,1300,20500,62600,132500,71000,130200,8100,20800,5500,57000
7910.0,13.75,12996400,176123902.0,13.74,13.73,13.72,13.71,13.7,13.68,13.67,13.66,13.65,13.64,13.75,13.76,13.77,13.78,13.79,13.8,13.81,13.82,13.83,13.84,5500,5100,5600,35700,10500,1200,3600,5200,43400,6800,4300,20500,62600,132500,71000,130200,8100,20800,5500,57000
7911.0,13.75,12996400,176123902.0,13.74,13.73,13.72,13.71,13.7,13.68,13.67,13.66,13.65,13.64,13.75,13.76,13.77,13.78,13.79,13.8,13.81,13.82,13.83,13.84,5500,5100,5600,35700,10500,1200,3600,5200,43400,6800,4300,20500,62600,132500,71000,130200,8100,20800,5500,57000
7912.0,13.74,12997300,176136272.0,13.74,13.73,13.72,13.71,13.7,13.68,13.67,13.66,13.65,13.64,13.75,13.76,13.77,13.78,13.79,13.8,13.81,13.82,13.83,13.84,5000,5100,5600,35700,10500,1200,3600,5200,43400,6800,3900,20500,62600,133000,71000,130200,8100,20800,5500,57000
7913.0,13.74,12997300,176136272.0,13.74,13.73,13.72,13.71,13.7,13.68,13.67,13.66,13.65,13.64,13.75,13.76,13.77,13.78,13.79,13.8,13.81,13.82,13.83,13.84,5000,5100,5600,35700,10500,1200,3600,5200,43400,6800,6900,21500,62600,133000,71000,130200,8100,20600,5500,57000
7914.0,13.75,12998300,176150022.0,13.74,13.73,13.72,13.71,13.7,13.68,13.67,13.66,13.65,13.64,13.75,13.76,13.77,13.78,13.79,13.8,13.81,13.82,13.83,13.84,5000,5100,5600,35700,10500,1200,3600,5200,43400,6800,5900,21500,62600,133000,71000,130200,8100,20600,5500,57000
7915.0,13.75,13001500,176194022.0,13.74,13.73,13.72,13.71,13.7,13.68,13.67,13.66,13.65,13.64,13.75,13.76,13.77,13.78,13.79,13.8,13.81,13.82,13.83,13.84,5000,5100,5600,35700,10500,1200,3600,5200,43400,6800,2700,21500,62600,133000,71000,130200,8100,20600,5500,57000
7916.0,13.75,13001500,176194022.0,13.74,13.73,13.72,13.71,13.7,13.68,13.67,13.66,13.65,13.64,13.75,13.76,13.77,13.78,13.79,13.8,13.81,13.82,13.83,13.84,5000,5100,5600,35700,10500,1200,3600,5200,43400,6800,2700,21700,62600,141500,71800,130200,8100,20600,5500,57000
7917.0,13.75,13001500,176194022.0,13.74,13.73,13.72,13.71,13.7,13.68,13.67,13.66,13.65,13.64,13.75,13.76,13.77,13.78,13.79,13.8,13.81,13.82,13.83,13.84,5000,5100,5600,35700,10500,1200,3600,5200,43400,6800,2700,21200,58200,140300,71800,130200,8100,20600,5500,57000
7918.0,13.75,13001500,176194022.0,13.74,13.73,13.72,13.71,13.7,13.68,13.67,13.66,13.65,13.64,13.75,13.76,13.77,13.78,13.79,13.8,13.81,13.82,13.83,13.84,5000,5100,5600,35700,10500,1200,3600,5200,43400,6800,2800,21600,58200,140300,71800,130200,8100,20600,5500,57000
7919.0,13.75,13001500,176194022.0,13.74,13.73,13.72,13.71,13.7,13.68,13.67,13.66,13.65,13.64,13.75,13.76,13.77,13.78,13.79,13.8,13.81,13.82,13.83,13.84,5000,5100,5600,35700,10500,1200,3600,5200,43400,6800,2800,28800,58200,140300,71800,130200,8100,20600,5500,57000
7920.0,13.74,13002000,176200892.0,13.74,13.73,13.72,13.71,13.7,13.68,13.67,13.66,13.65,13.64,13.75,13.76,13.77,13.78,13.79,13.8,13.81,13.82,13.83,13.84,4500,5100,5600,35700,10500,1200,3600,5200,43400,6800,2800,28800,57200,140300,71800,130200,8100,20600,5500,57000
7921.0,13.75,13002200,176203642.0,13.74,13.73,13.72,13.71,13.7,13.68,13.67,13.66,13.65,13.64,13.75,13.76,13.77,13.78,13.79,13.8,13.81,13.82,13.83,13.84,4500,5100,5600,35700,10500,1200,3600,5200,43400,6800,2900,28800,57200,140300,71800,130200,8100,20600,5500,57000
7922.0,13.75,13002700,176210517.0,13.74,13.73,13.72,13.71,13.7,13.68,13.67,13.66,13.65,13.64,13.75,13.76,13.77,13.78,13.79,13.8,13.81,13.82,13.83,13.84,4500,5100,5600,35700,10500,1200,3600,5200,43400,6800,2400,28800,57000,140300,71800,130200,8100,20600,5500,57000
7923.0,13.76,13012900,176350835.0,13.74,13.73,13.72,13.71,13.7,13.68,13.67,13.66,13.65,13.64,13.76,13.77,13.78,13.79,13.8,13.81,13.82,13.83,13.84,13.85,4000,5100,5600,35700,10500,1200,3600,5200,43400,6800,26500,57900,140300,71800,130200,8100,20600,5500,57000,31300
7924.0,13.74,13013200,176354957.0,13.74,13.73,13.72,13.71,13.7,13.68,13.67,13.66,13.65,13.64,13.75,13.76,13.77,13.78,13.79,13.8,13.81,13.82,13.83,13.84,5000,5100,5600,35700,10500,1200,3600,5200,43400,6800,2000,27300,57000,140300,71800,130200,8100,20600,5500,57000
7925.0,13.76,13018600,176429241.0,13.74,13.73,13.72,13.71,13.7,13.68,13.67,13.66,13.65,13.64,13.76,13.77,13.78,13.79,13.8,13.81,13.82,13.83,13.84,13.85,5200,5100,5600,35700,10500,1200,3600,5200,43400,6800,24100,57000,140300,72800,130200,8100,20600,5500,57000,31300
7926.0,13.74,13019100,176436111.0,13.74,13.73,13.72,13.71,13.7,13.68,13.67,13.66,13.65,13.64,13.75,13.76,13.77,13.78,13.79,13.8,13.81,13.82,13.83,13.84,5100,5100,5600,35700,10500,1200,3600,5200,43400,6800,1000,27100,57000,140300,72800,130200,8100,20600,5500,57000
7927.0,13.75,13019800,176445731.0,13.74,13.73,13.72,13.71,13.7,13.68,13.67,13.66,13.65,13.64,13.75,13.76,13.77,13.78,13.79,13.8,13.81,13.82,13.83,13.84,5200,5100,5600,35700,10500,1200,3600,5200,43400,6800,1300,27100,57000,140300,72800,130200,8100,20600,5500,57000
7928.0,13.74,13020300,176452601.0,13.74,13.73,13.72,13.71,13.7,13.68,13.67,13.66,13.65,13.64,13.75,13.76,13.77,13.78,13.79,13.8,13.81,13.82,13.83,13.84,4700,5100,5600,35700,10500,1200,3600,5200,43400,6800,1500,27200,57000,140300,72800,130200,8100,20600,5500,57000
7929.0,13.74,13020300,176452601.0,13.74,13.73,13.72,13.71,13.7,13.68,13.67,13.66,13.65,13.64,13.75,13.76,13.77,13.78,13.79,13.8,13.81,13.82,13.83,13.84,4700,5100,5600,35700,10500,1200,3600,5200,43400,6800,1800,27400,57000,140300,72800,130200,8100,20600,5500,57000
7930.0,13.76,13023400,176495235.0,13.74,13.73,13.72,13.71,13.7,13.68,13.67,13.66,13.65,13.64,13.76,13.77,13.78,13.79,13.8,13.81,13.82,13.83,13.84,13.85,4700,5100,5600,35700,10500,1200,3600,5200,43400,6800,26500,57000,140300,72800,130200,8100,20600,5500,57000,31300
7931.0,13.76,13024100,176504867.0,13.74,13.73,13.72,13.71,13.7,13.68,13.67,13.66,13.65,13.64,13.75,13.76,13.77,13.78,13.79,13.8,13.81,13.82,13.83,13.84,5500,5100,5600,35700,10500,1200,3600,5200,43400,6800,1000,26600,57000,140300,72800,130200,8100,20600,5500,57000
7932.0,13.75,13025300,176521367.0,13.74,13.73,13.72,13.71,13.7,13.68,13.67,13.66,13.65,13.64,13.75,13.76,13.77,13.78,13.79,13.8,13.81,13.82,13.83,13.84,5500,5100,5600,35700,10500,1200,3600,5200,43400,6800,200,26600,57000,140300,72800,130200,8100,20600,5500,57000
7933.0,13.75,13025300,176521367.0,13.74,13.73,13.72,13.71,13.7,13.68,13.67,13.66,13.65,13.64,13.75,13.76,13.77,13.78,13.79,13.8,13.81,13.82,13.83,13.84,5500,5100,5600,35700,10500,1200,3600,5200,43400,6800,1000,26600,58000,140300,72800,130200,8100,20600,5500,57000
7934.0,13.74,13026100,176532362.0,13.74,13.73,13.72,13.71,13.7,13.68,13.67,13.66,13.65,13.64,13.75,13.76,13.77,13.78,13.79,13.8,13.81,13.82,13.83,13.84,5000,5100,5600,35700,10500,1200,3600,5200,43400,6800,2900,26600,58000,140300,72800,130200,8100,20600,5500,57000
7935.0,13.75,13026900,176543362.0,13.74,13.73,13.72,13.71,13.7,13.68,13.67,13.66,13.65,13.64,13.75,13.76,13.77,13.78,13.79,13.8,13.81,13.82,13.83,13.84,5000,5100,5600,35700,10500,1200,3600,5200,43400,6800,2100,26600,58000,140300,72800,130200,8100,20600,5500,57000
7936.0,13.75,13027100,176546112.0,13.74,13.73,13.72,13.71,13.7,13.68,13.67,13.66,13.65,13.64,13.75,13.76,13.77,13.78,13.79,13.8,13.81,13.82,13.83,13.84,5000,5100,5600,35700,10300,1200,3600,5200,43400,6800,3000,26600,58000,140300,72800,130200,8100,20600,5500,57000
7937.0,13.75,13027100,176546112.0,13.74,13.73,13.72,13.71,13.7,13.68,13.67,13.66,13.65,13.64,13.75,13.76,13.77,13.78,13.79,13.8,13.81,13.82,13.83,13.84,5000,5100,5600,35700,10300,1200,3600,5200,43400,6800,3000,26600,57200,140300,72800,130200,8100,20600,5500,57000
7938.0,13.75,13027100,176546112.0,13.74,13.73,13.72,13.71,13.7,13.68,13.67,13.66,13.65,13.64,13.75,13.76,13.77,13.78,13.79,13.8,13.81,13.82,13.83,13.84,5000,5100,5600,35700,10300,1200,3600,5200,43400,6800,3500,26600,57200,140300,72800,130200,8100,20600,5500,57000
7939.0,13.75,13027400,176550237.0,13.74,13.73,13.72,13.71,13.7,13.68,13.67,13.66,13.65,13.64,13.75,13.76,13.77,13.78,13.79,13.8,13.81,13.82,13.83,13.84,5000,5100,5600,35700,10300,1200,3600,5200,43400,6800,4500,26600,57200,140300,72800,130200,8100,20600,5500,57000
7940.0,13.75,13027400,176550237.0,13.74,13.73,13.72,13.71,13.7,13.68,13.67,13.66,13.65,13.64,13.75,13.76,13.77,13.78,13.79,13.8,13.81,13.82,13.83,13.84,5000,5100,5600,35700,10300,1200,3600,5200,43400,6800,4500,26600,57200,140300,72800,130200,8100,20600,6500,57000
7941.0,13.75,13028300,176562607.0,13.74,13.73,13.72,13.71,13.7,13.68,13.67,13.66,13.65,13.64,13.75,13.76,13.77,13.78,13.79,13.8,13.81,13.82,13.83,13.84,4500,5100,5600,35700,10300,1200,3600,5200,43400,6800,4100,26600,57200,141300,72800,130200,8100,20600,6500,57000
7942.0,13.74,13029200,176574973.0,13.74,13.73,13.72,13.71,13.7,13.68,13.67,13.66,13.65,13.64,13.75,13.76,13.77,13.78,13.79,13.8,13.81,13.82,13.83,13.84,3600,5100,5600,35700,10300,1200,3600,5200,43400,6800,4100,26600,58500,141300,72800,130200,8100,20600,6500,57000
7943.0,13.74,13030100,176587339.0,13.74,13.73,13.72,13.71,13.7,13.68,13.67,13.66,13.65,13.64,13.75,13.76,13.77,13.78,13.79,13.8,13.81,13.82,13.83,13.84,2700,5100,5600,35700,10300,1200,3600,5200,43400,6800,7600,26600,58500,141300,72800,130200,8100,20600,6500,57000
7944.0,13.75,13031400,176605214.0,13.74,13.73,13.72,13.71,13.7,13.68,13.67,13.66,13.65,13.64,13.75,13.76,13.77,13.78,13.79,13.8,13.81,13.82,13.83,13.84,2700,5100,5600,35700,10300,1200,3600,5200,43400,6800,6300,26600,57600,141300,72800,130200,8100,20600,6500,57000
7945.0,13.74,13034300,176645072.0,13.74,13.73,13.72,13.71,13.7,13.68,13.67,13.66,13.65,13.64,13.75,13.76,13.77,13.78,13.79,13.8,13.81,13.82,13.83,13.84,2000,5100,5600,35700,10300,1200,3600,5200,43400,6800,5100,26900,57600,141300,72800,130200,8100,20600,6500,57000
7946.0,13.74,13035300,176658812.0,13.74,13.73,13.72,13.71,13.7,13.68,13.67,13.66,13.65,13.64,13.75,13.76,13.77,13.78,13.79,13.8,13.81,13.82,13.83,13.84,1000,5100,5600,35700,10300,1200,3600,5200,43400,6800,5100,26900,57600,141300,72800,130200,8100,20600,6500,57000
7947.0,13.74,13036800,176679427.0,13.73,13.72,13.71,13.7,13.68,13.67,13.66,13.65,13.64,13.63,13.75,13.76,13.77,13.78,13.79,13.8,13.81,13.82,13.83,13.84,5100,5600,35700,10300,1200,3600,5200,43400,6800,4300,4600,26900,57600,141300,72800,130200,8100,20600,6500,57000
7948.0,13.75,13037000,176682177.0,13.73,13.72,13.71,13.7,13.68,13.67,13.66,13.65,13.64,13.63,13.74,13.75,13.76,13.77,13.78,13.79,13.8,13.81,13.82,13.83,5100,5600,35700,10300,1200,3600,5200,43400,6800,4300,1000,4400,26900,57600,141300,72800,130200,8100,20600,6500
7949.0,13.76,13043600,176772914.0,13.73,13.72,13.71,13.7,13.68,13.67,13.66,13.65,13.64,13.63,13.76,13.77,13.78,13.79,13.8,13.81,13.82,13.83,13.84,13.85,4600,5600,35700,10300,1200,3600,5200,43400,6800,4300,26200,57600,141300,74800,130200,8100,20600,6500,57000,31300
7950.0,13.76,13044300,176782546.0,13.73,13.72,13.71,13.7,13.68,13.67,13.66,13.65,13.64,13.63,13.75,13.76,13.77,13.78,13.79,13.8,13.81,13.82,13.83,13.84,4600,5600,13600,10300,1200,3600,5200,43400,6800,4300,1300,25500,57600,141300,74800,130200,8100,20600,6500,57000
7951.0,13.76,13044300,176782546.0,13.73,13.72,13.71,13.7,13.68,13.67,13.66,13.65,13.64,13.63,13.75,13.76,13.77,13.78,13.79,13.8,13.81,13.82,13.83,13.84,5300,5600,13600,10300,1200,3600,5200,43400,6800,4300,2000,25500,57600,141300,74800,130200,8100,20600,6500,57000
7952.0,13.76,13044300,176782546.0,13.74,13.73,13.72,13.71,13.7,13.68,13.67,13.66,13.65,13.64,13.75,13.76,13.77,13.78,13.79,13.8,13.81,13.82,13.83,13.84,500,6000,5600,13600,10300,1200,3600,5200,43400,6800,2700,25500,57600,141300,74800,130200,8100,20600,6500,57000
7953.0,13.75,13044500,176785296.0,13.74,13.73,13.72,13.71,13.7,13.68,13.67,13.66,13.65,13.64,13.75,13.76,13.77,13.78,13.79,13.8,13.81,13.82,13.83,13.84,500,6000,5600,13600,10300,1200,3600,5200,43400,6800,2500,25500,57600,141300,74800,130200,8100,20600,6500,57000
7954.0,13.75,13044500,176785296.0,13.74,13.73,13.72,13.71,13.7,13.68,13.67,13.66,13.65,13.64,13.75,13.76,13.77,13.78,13.79,13.8,13.81,13.82,13.83,13.84,500,6000,7600,13600,10300,1200,3600,5200,43400,6800,2500,25500,57600,141300,74800,130200,8100,20600,6500,57000
7955.0,13.75,13044500,176785296.0,13.74,13.73,13.72,13.71,13.7,13.68,13.67,13.66,13.65,13.64,13.75,13.76,13.77,13.78,13.79,13.8,13.81,13.82,13.83,13.84,500,6000,7600,13600,10300,1200,3600,5200,43400,6800,2500,25500,57900,141800,74800,130200,8100,20600,6500,57000
7956.0,13.75,13044700,176788046.0,13.74,13.73,13.72,13.71,13.7,13.68,13.67,13.66,13.65,13.64,13.75,13.76,13.77,13.78,13.79,13.8,13.81,13.82,13.83,13.84,500,6000,7600,13600,10300,1200,3600,5200,43400,6800,2300,25800,57900,141800,74800,130200,8100,20600,6500,57000
7957.0,13.74,13045300,176796291.0,13.73,13.72,13.71,13.7,13.68,13.67,13.66,13.65,13.64,13.63,13.75,13.76,13.77,13.78,13.79,13.8,13.81,13.82,13.83,13.84,6000,7600,13600,10300,1200,3600,5200,43400,6800,4300,3100,25800,57900,141900,74800,130200,8100,20600,6500,57000
7958.0,13.74,13045300,176796291.0,13.73,13.72,13.71,13.7,13.68,13.67,13.66,13.65,13.64,13.63,13.75,13.76,13.77,13.78,13.79,13.8,13.81,13.82,13.83,13.84,6600,7600,13600,10300,1200,3600,5200,43400,6800,4300,3700,25800,57900,141900,74800,130400,8100,20600,6500,57000
7959.0,13.75,13045600,176800416.0,13.74,13.73,13.72,13.71,13.7,13.68,13.67,13.66,13.65,13.64,13.75,13.76,13.77,13.78,13.79,13.8,13.81,13.82,13.83,13.84,1400,6600,7600,13600,10300,1200,3600,5200,43400,6800,3600,25800,57900,142800,74800,130400,8100,20600,6500,57000
7960.0,13.75,13045600,176800416.0,13.74,13.73,13.72,13.71,13.7,13.68,13.67,13.66,13.65,13.64,13.75,13.76,13.77,13.78,13.79,13.8,13.81,13.82,13.83,13.84,1400,6800,7600,13600,10300,1200,3600,5200,43400,6800,3600,25800,57900,142800,74800,130400,8100,20600,6500,57000
7961.0,13.75,13045600,176800416.0,13.74,13.73,13.72,13.71,13.7,13.68,13.67,13.66,13.65,13.64,13.75,13.76,13.77,13.78,13.79,13.8,13.81,13.82,13.83,13.84,1400,6800,7600,13600,10300,1200,3600,5200,43400,6800,3600,32700,57900,142800,74800,130400,8100,20600,6500,57000
7962.0,13.75,13045900,176804541.0,13.74,13.73,13.72,13.71,13.7,13.68,13.67,13.66,13.65,13.64,13.75,13.76,13.77,13.78,13.79,13.8,13.81,13.82,13.83,13.84,1400,6800,7600,13600,10300,1200,3600,5200,43400,6800,3300,32700,57900,141800,74800,130400,8100,20600,6500,57000
7963.0,13.74,13046900,176818281.0,13.74,13.73,13.72,13.71,13.7,13.68,13.67,13.66,13.65,13.64,13.75,13.76,13.77,13.78,13.79,13.8,13.81,13.82,13.83,13.84,400,6800,7600,13600,10300,1200,3600,5200,43400,6800,3300,32700,57900,141800,74800,130400,8100,20600,6500,57000
7964.0,13.74,13046900,176818281.0,13.74,13.73,13.72,13.71,13.7,13.68,13.67,13.66,13.65,13.64,13.75,13.76,13.77,13.78,13.79,13.8,13.81,13.82,13.83,13.84,700,6800,7600,13600,10300,1200,3600,5200,43400,6800,3300,32700,57900,141800,74800,130400,8100,20600,6500,57000
7965.0,13.74,13047700,176829276.0,13.74,13.73,13.72,13.71,13.7,13.68,13.67,13.66,13.65,13.64,13.75,13.76,13.77,13.78,13.79,13.8,13.81,13.82,13.83,13.84,200,6800,7600,13600,10300,1200,3600,5200,43400,6800,4000,32700,57900,141800,74800,130400,8100,20600,6500,57000
7966.0,13.74,13047900,176832024.0,13.73,13.72,13.71,13.7,13.68,13.67,13.66,13.65,13.64,13.63,13.74,13.75,13.76,13.77,13.78,13.79,13.8,13.81,13.82,13.83,6800,7600,13600,10300,1200,3600,5200,43400,6800,4300,500,4000,32700,57900,141800,74800,130400,8100,20600,6500
7967.0,13.74,13048000,176833398.0,13.73,13.72,13.71,13.7,13.68,13.67,13.66,13.65,13.64,13.63,13.74,13.75,13.76,13.77,13.78,13.79,13.8,13.81,13.82,13.83,6800,7600,13600,10300,1200,3600,5200,43400,6800,4300,400,4000,32700,57900,141800,74800,129900,8100,20600,6500
7968.0,13.74,13048000,176833398.0,13.73,13.72,13.71,13.7,13.68,13.67,13.66,13.65,13.64,13.63,13.74,13.75,13.76,13.77,13.78,13.79,13.8,13.81,13.82,13.83,6800,7600,13600,10300,1200,3600,5200,43400,6800,4300,400,4000,32700,57900,141800,72800,129900,8100,20600,6500
7969.0,13.74,13048000,176833398.0,13.73,13.72,13.71,13.7,13.68,13.67,13.66,13.65,13.64,13.63,13.74,13.75,13.76,13.77,13.78,13.79,13.8,13.81,13.82,13.83,6800,7600,13600,10300,1200,3600,5200,43400,6800,4300,400,4000,32700,57900,141800,72800,129900,8100,20600,6500
7970.0,13.74,13048000,176833398.0,13.73,13.72,13.71,13.7,13.68,13.67,13.66,13.65,13.64,13.63,13.74,13.75,13.76,13.77,13.78,13.79,13.8,13.81,13.82,13.83,6800,7600,13600,10300,1200,3600,5200,43400,6800,4300,400,4900,32700,57800,141800,72800,129900,8100,20600,6500
7971.0,13.73,13048600,176841636.0,13.73,13.72,13.71,13.7,13.68,13.67,13.66,13.65,13.64,13.63,13.74,13.75,13.76,13.77,13.78,13.79,13.8,13.81,13.82,13.83,6200,7600,13600,10300,1200,3600,5200,43400,6800,4300,2900,5000,32700,57800,141800,72800,127900,8100,20600,6500
7972.0,13.73,13048600,176841636.0,13.73,13.72,13.71,13.7,13.68,13.67,13.66,13.65,13.64,13.63,13.74,13.75,13.76,13.77,13.78,13.79,13.8,13.81,13.82,13.83,6200,7600,13600,10300,1200,3600,5200,43400,6800,4300,2900,5000,32700,57800,141800,72800,129000,8100,20600,6500
7973.0,13.74,13048800,176844384.0,13.73,13.72,13.71,13.7,13.68,13.67,13.66,13.65,13.64,13.63,13.74,13.75,13.76,13.77,13.78,13.79,13.8,13.81,13.82,13.83,6200,7600,13600,10300,1200,3600,5200,43400,6800,4300,2700,5000,32700,57800,141800,73800,129000,8100,20600,6500
7974.0,13.74,13048800,176844384.0,13.73,13.72,13.71,13.7,13.68,13.67,13.66,13.65,13.64,13.63,13.74,13.75,13.76,13.77,13.78,13.79,13.8,13.81,13.82,13.83,6200,7600,13600,10300,1200,3600,5200,43400,6800,4300,2700,5000,32700,72100,141800,73800,129000,8100,20600,6500
7975.0,13.74,13048800,176844384.0,13.73,13.72,13.71,13.7,13.68,13.67,13.66,13.65,13.64,13.63,13.74,13.75,13.76,13.77,13.78,13.79,13.8,13.81,13.82,13.83,6200,7600,13600,10300,1200,3600,5200,43400,6800,4300,2700,5000,32900,72100,141800,73800,129000,8100,20600,6500
7976.0,13.74,13049000,176847132.0,13.73,13.72,13.71,13.7,13.68,13.67,13.66,13.65,13.64,13.63,13.74,13.75,13.76,13.77,13.78,13.79,13.8,13.81,13.82,13.83,6200,7600,13600,10300,1200,3600,5200,43400,6800,4300,2500,5000,32900,72100,141800,73800,129000,8100,20600,6500
7977.0,13.74,13049300,176851254.0,13.73,13.72,13.71,13.7,13.68,13.67,13.66,13.65,13.64,13.63,13.74,13.75,13.76,13.77,13.78,13.79,13.8,13.81,13.82,13.83,6200,7600,13600,10300,1200,3600,5200,43400,6800,4300,2200,5000,32900,72100,141800,73800,129000,8100,20600,6500
7978.0,13.74,13050400,176866362.0,13.73,13.72,13.71,13.7,13.68,13.67,13.66,13.65,13.64,13.63,13.74,13.75,13.76,13.77,13.78,13.79,13.8,13.81,13.82,13.83,5600,7600,13600,10300,1200,3600,5200,43400,6800,4300,1700,5000,32900,72100,141800,73800,129000,8100,20600,6500
7979.0,13.74,13050500,176867736.0,13.73,13.72,13.71,13.7,13.68,13.67,13.66,13.65,13.64,13.63,13.74,13.75,13.76,13.77,13.78,13.79,13.8,13.81,13.82,13.83,5600,7600,13600,10300,1200,3600,5200,43400,6800,4300,1600,5000,32900,72100,141800,73800,129000,8100,20600,6500
7980.0,13.74,13050500,176867736.0,13.73,13.72,13.71,13.7,13.68,13.67,13.66,13.65,13.64,13.63,13.74,13.75,13.76,13.77,13.78,13.79,13.8,13.81,13.82,13.83,5000,7600,13600,10300,1200,3600,5200,43400,6800,4300,1600,5700,32900,74100,141800,73800,129000,8100,20600,6500
7981.0,13.73,13052900,176900688.0,13.73,13.72,13.71,13.7,13.68,13.67,13.66,13.65,13.64,13.63,13.74,13.75,13.76,13.77,13.78,13.79,13.8,13.81,13.82,13.83,3100,7600,13600,10300,1200,3600,5200,43400,6800,4300,1800,5700,32900,74100,141800,73800,129000,8100,20600,6500
7982.0,13.75,13061000,177012045.0,13.73,13.72,13.71,13.7,13.68,13.67,13.66,13.65,13.64,13.63,13.74,13.76,13.77,13.78,13.79,13.8,13.81,13.82,13.83,13.84,3100,7600,13600,10300,1200,3600,5200,43400,6800,4300,4700,32900,74100,141800,73800,129000,8100,20600,6500,57000
7983.0,13.74,13061300,177016167.0,13.73,13.72,13.71,13.7,13.68,13.67,13.66,13.65,13.64,13.63,13.74,13.76,13.77,13.78,13.79,13.8,13.81,13.82,13.83,13.84,3100,7600,13600,10300,1200,3600,5200,43400,6800,4300,7000,33400,74100,141800,73800,129000,8100,20600,6500,57000
7984.0,13.73,13063000,177039515.0,13.73,13.72,13.71,13.7,13.68,13.67,13.66,13.65,13.64,13.63,13.74,13.76,13.77,13.78,13.79,13.8,13.81,13.82,13.83,13.84,2100,7600,13600,10300,1200,3600,5200,43400,6800,4300,6300,33400,75700,141800,73800,129000,8100,20600,6500,57000
7985.0,13.73,13063700,177049126.0,13.73,13.72,13.71,13.7,13.68,13.67,13.66,13.65,13.64,13.63,13.74,13.76,13.77,13.78,13.79,13.8,13.81,13.82,13.83,13.84,1400,7600,13600,10300,1200,3600,5200,43400,6800,4300,6300,33400,75700,141800,73800,129000,8100,20600,6500,57000
7986.0,13.74,13064200,177055996.0,13.73,13.72,13.71,13.7,13.68,13.67,13.66,13.65,13.64,13.63,13.74,13.76,13.77,13.78,13.79,13.8,13.81,13.82,13.83,13.84,1400,7600,13600,10300,1200,3600,5200,43400,6800,4300,5800,33400,75700,141800,73800,128900,8100,20600,6500,57000
7987.0,13.74,13064700,177062866.0,13.73,13.72,13.71,13.7,13.68,13.67,13.66,13.65,13.64,13.63,13.74,13.76,13.77,13.78,13.79,13.8,13.81,13.82,13.83,13.84,1400,7600,13600,10300,1200,3600,5200,43400,6800,4300,5300,33400,78100,141800,73800,128900,8100,20600,6500,57000
7988.0,13.73,13065600,177075223.0,13.73,13.72,13.71,13.7,13.68,13.67,13.66,13.65,13.64,13.63,13.74,13.76,13.77,13.78,13.79,13.8,13.81,13.82,13.83,13.84,500,7600,13600,10300,1200,3600,5200,43400,6800,4300,5300,33400,78100,141800,73800,129400,8100,20600,6500,57000
7989.0,13.74,13066600,177088963.0,13.73,13.72,13.71,13.7,13.68,13.67,13.66,13.65,13.64,13.63,13.74,13.76,13.77,13.78,13.79,13.8,13.81,13.82,13.83,13.84,500,7600,13600,10300,1200,3600,5200,43400,6800,4300,4300,33400,78100,141800,73800,129400,8100,20600,6500,57000
7990.0,13.74,13067000,177094459.0,13.73,13.72,13.71,13.7,13.68,13.67,13.66,13.65,13.64,13.63,13.74,13.76,13.77,13.78,13.79,13.8,13.81,13.82,13.83,13.84,500,7600,13600,10300,1200,3600,5200,43400,6800,4300,6900,33400,78100,141800,73800,129400,8100,20600,6500,57000
7991.0,13.73,13067600,177102698.0,13.72,13.71,13.7,13.68,13.67,13.66,13.65,13.64,13.63,13.62,13.73,13.74,13.76,13.77,13.78,13.79,13.8,13.81,13.82,13.83,7600,13600,10300,1200,3600,5200,43400,6800,4300,1700,100,6800,33400,78100,141800,73800,129400,8100,20600,6500
7992.0,13.72,13068300,177112302.0,13.72,13.71,13.7,13.68,13.67,13.66,13.65,13.64,13.63,13.62,13.73,13.74,13.76,13.77,13.78,13.79,13.8,13.81,13.82,13.83,6900,13600,10300,1200,3600,5200,43400,6800,4300,1700,100,6800,33400,78100,133300,73800,129400,8100,20600,6500
7993.0,13.72,13068300,177112302.0,13.72,13.71,13.7,13.68,13.67,13.66,13.65,13.64,13.63,13.62,13.73,13.74,13.76,13.77,13.78,13.79,13.8,13.81,13.82,13.83,6900,13600,10300,1200,3600,5200,43400,6800,4300,1700,100,6800,33200,78100,133300,73800,129300,8100,20600,6500
7994.0,13.72,13068300,177112302.0,13.72,13.71,13.7,13.68,13.67,13.66,13.65,13.64,13.63,13.62,13.73,13.74,13.76,13.77,13.78,13.79,13.8,13.81,13.82,13.83,6900,13600,10300,1200,3600,5200,43400,6800,4300,1700,7600,6800,33200,78100,133300,73800,129300,8100,20600,6500
7995.0,13.72,13068300,177112302.0,13.72,13.71,13.7,13.68,13.67,13.66,13.65,13.64,13.63,13.62,13.73,13.74,13.76,13.77,13.78,13.79,13.8,13.81,13.82,13.83,6900,13600,10300,1200,3600,5200,43400,6800,4300,1700,7600,6800,33200,78100,133000,73800,129300,8100,20600,6500
7996.0,13.73,13069000,177121913.0,13.72,13.71,13.7,13.68,13.67,13.66,13.65,13.64,13.63,13.62,13.73,13.74,13.76,13.77,13.78,13.79,13.8,13.81,13.82,13.83,6900,13600,10300,1200,3600,5200,43400,6800,4300,1700,6900,6800,33200,78100,133000,73800,129300,8100,20600,6500
7997.0,13.73,13069000,177121913.0,13.72,13.71,13.7,13.68,13.67,13.66,13.65,13.64,13.63,13.62,13.73,13.74,13.76,13.77,13.78,13.79,13.8,13.81,13.82,13.83,6900,13600,10300,1200,3600,5200,43400,6800,4300,1700,6900,7000,33200,78100,133000,73800,129300,8100,20600,6500
7998.0,13.73,13069000,177121913.0,13.72,13.71,13.7,13.68,13.67,13.66,13.65,13.64,13.63,13.62,13.73,13.74,13.76,13.77,13.78,13.79,13.8,13.81,13.82,13.83,6900,13600,10300,1200,3600,5200,43400,6800,4300,1700,6900,7000,33200,78100,133000,73800,129300,8100,20600,6500
7999.0,13.73,13069600,177130151.0,13.72,13.71,13.7,13.68,13.67,13.66,13.65,13.64,13.63,13.62,13.73,13.74,13.76,13.77,13.78,13.79,13.8,13.81,13.82,13.83,6900,14600,10300,1200,3600,5200,43400,6800,4300,1700,6300,7000,33200,79200,133000,73800,129300,8100,20600,6500
8000.0,13.72,13070900,177147987.0,13.72,13.71,13.7,13.68,13.67,13.66,13.65,13.64,13.63,13.62,13.73,13.74,13.76,13.77,13.78,13.79,13.8,13.81,13.82,13.83,5600,14600,10300,1200,3600,5200,43400,6800,4300,1700,6300,7000,33200,79200,133000,73800,129300,8100,20600,6500
8001.0,13.73,13072100,177164463.0,13.72,13.71,13.7,13.68,13.67,13.66,13.65,13.64,13.63,13.62,13.73,13.74,13.76,13.77,13.78,13.79,13.8,13.81,13.82,13.83,5600,14600,10300,1200,3600,5200,43400,6800,4300,1700,5100,7000,33200,79200,133000,73800,129300,8100,20600,6500
8002.0,13.73,13072600,177171328.0,13.72,13.71,13.7,13.68,13.67,13.66,13.65,13.64,13.63,13.62,13.73,13.74,13.76,13.77,13.78,13.79,13.8,13.81,13.82,13.83,5600,14600,10300,1200,3600,5200,43400,6800,4300,1700,4700,7000,33200,79200,133000,73800,129300,8100,20600,6500
8003.0,13.73,13072600,177171328.0,13.72,13.71,13.7,13.68,13.67,13.66,13.65,13.64,13.63,13.62,13.73,13.74,13.76,13.77,13.78,13.79,13.8,13.81,13.82,13.83,5700,14600,9100,1200,3600,5200,43400,6800,4300,1700,3700,7000,33300,79200,133000,73800,129300,8100,20600,6500
8004.0,13.73,13072900,177175447.0,13.72,13.71,13.7,13.68,13.67,13.66,13.65,13.64,13.63,13.62,13.73,13.74,13.76,13.77,13.78,13.79,13.8,13.81,13.82,13.83,5700,14600,9100,1200,3600,5200,43400,6800,4300,1700,3400,7000,33300,79200,133000,73800,129300,8100,20600,6500
8005.0,13.73,13072900,177175447.0,13.72,13.71,13.7,13.68,13.67,13.66,13.65,13.64,13.63,13.62,13.73,13.74,13.75,13.76,13.77,13.78,13.79,13.8,13.81,13.82,5700,14600,8100,1200,3600,5200,43400,6800,4300,1700,3400,7000,300,33300,79200,133000,73800,129300,8100,20600
8006.0,13.73,13072900,177175447.0,13.72,13.71,13.7,13.68,13.67,13.66,13.65,13.64,13.63,13.62,13.73,13.74,13.75,13.76,13.77,13.78,13.79,13.8,13.81,13.82,5700,14600,8100,1200,3600,5200,43400,6800,4300,1700,3400,7000,300,33300,80200,133000,73800,129300,8100,20600
8007.0,13.72,13078700,177255026.0,13.72,13.71,13.7,13.68,13.67,13.66,13.65,13.64,13.63,13.62,13.73,13.74,13.75,13.76,13.77,13.78,13.79,13.8,13.81,13.82,200,14600,8100,1200,3600,5200,43400,6800,4300,1700,3100,7000,900,33300,80200,133000,73800,129300,8100,20600
8008.0,13.72,13078900,177257770.0,13.71,13.7,13.68,13.67,13.66,13.65,13.64,13.63,13.62,13.61,13.72,13.73,13.74,13.75,13.76,13.77,13.78,13.79,13.8,13.81,14600,8100,1200,3600,5200,43400,6800,4300,1700,14700,1000,3100,7000,900,33300,80200,133000,73800,129300,8100
8009.0,13.72,13079300,177263258.0,13.71,13.7,13.68,13.67,13.66,13.65,13.64,13.63,13.62,13.61,13.72,13.73,13.74,13.75,13.76,13.77,13.78,13.79,13.8,13.81,14600,8100,1200,3600,5200,43400,6800,4300,1700,14700,600,3100,7000,900,33300,80200,133000,73800,129300,8100
8010.0,13.72,13079300,177263258.0,13.71,13.7,13.68,13.67,13.66,13.65,13.64,13.63,13.62,13.61,13.72,13.73,13.74,13.75,13.76,13.77,13.78,13.79,13.8,13.81,14600,8100,1200,3600,5200,43400,6800,4300,1700,14700,38700,3100,7000,900,33300,80200,133000,73800,129300,8100
8011.0,13.72,13082900,177312650.0,13.71,13.7,13.68,13.67,13.66,13.65,13.64,13.63,13.62,13.61,13.72,13.73,13.74,13.75,13.76,13.77,13.78,13.79,13.8,13.81,14600,8100,1200,3600,5200,43400,6800,4300,1700,14700,35100,3100,7000,900,33300,80200,133000,73800,129300,8100
8012.0,13.71,13086800,177366134.0,13.71,13.7,13.68,13.67,13.66,13.65,13.64,13.63,13.62,13.61,13.72,13.73,13.74,13.75,13.76,13.77,13.78,13.79,13.8,13.81,12200,8100,1200,3600,5200,43400,6800,4300,1700,14700,34900,3100,7000,900,33300,80200,133000,73800,129300,8100
8013.0,13.71,13088500,177389448.0,13.71,13.7,13.68,13.67,13.66,13.65,13.64,13.63,13.62,13.61,13.72,13.73,13.74,13.75,13.76,13.77,13.78,13.79,13.8,13.81,11200,8100,1200,3600,5200,43400,6800,4300,1700,14700,34200,3100,7000,900,33300,80200,133000,73800,129300,8100
8014.0,13.71,13091200,177426465.0,13.71,13.7,13.68,13.67,13.66,13.65,13.64,13.63,13.62,13.61,13.72,13.73,13.74,13.75,13.76,13.77,13.78,13.79,13.8,13.81,8500,8100,1200,3600,5200,43400,6800,4300,1700,14700,34200,3100,7000,900,33300,80200,133000,73800,129300,8100
8015.0,13.71,13091200,177426465.0,13.71,13.7,13.68,13.67,13.66,13.65,13.64,13.63,13.62,13.61,13.72,13.73,13.74,13.75,13.76,13.77,13.78,13.79,13.8,13.81,8500,8100,1200,3600,5200,43400,6800,4300,1700,14700,34200,3100,7000,900,33300,80200,133000,73800,129300,8100
8016.0,13.71,13095100,177479941.0,13.71,13.7,13.68,13.67,13.66,13.65,13.64,13.63,13.62,13.61,13.72,13.73,13.74,13.75,13.76,13.77,13.78,13.79,13.8,13.81,5300,7100,1200,3600,5200,43400,6800,4300,1700,14700,33500,3100,7000,900,33300,80200,133000,73800,129300,8100
8017.0,13.71,13095100,177479941.0,13.71,13.7,13.68,13.67,13.66,13.65,13.64,13.63,13.62,13.61,13.72,13.73,13.74,13.75,13.76,13.77,13.78,13.79,13.8,13.81,5300,7100,1200,3600,5200,43400,6800,4300,1700,14700,34000,3100,7000,1100,33300,80200,133000,73800,129300,8100
8018.0,13.71,13100100,177548491.0,13.71,13.7,13.68,13.67,13.66,13.65,13.64,13.63,13.62,13.61,13.72,13.73,13.74,13.75,13.76,13.77,13.78,13.79,13.8,13.81,300,7100,1200,3600,5200,43400,6800,4300,1700,14700,34000,3100,7400,1800,33300,80200,133000,73800,129300,8100
8019.0,13.72,13100800,177558095.0,13.71,13.7,13.68,13.67,13.66,13.65,13.64,13.63,13.62,13.61,13.72,13.73,13.74,13.75,13.76,13.77,13.78,13.79,13.8,13.81,300,7100,1000,3600,5200,43400,6800,4300,1700,14700,33300,3100,7400,1800,33300,80200,133000,73800,129300,8100
8020.0,13.71,13100900,177559466.0,13.71,13.7,13.68,13.67,13.66,13.65,13.64,13.63,13.62,13.61,13.72,13.73,13.74,13.75,13.76,13.77,13.78,13.79,13.8,13.81,200,7100,1000,3600,5200,43400,6800,4300,1700,14700,33800,3100,7400,1800,33300,80200,133000,73800,128700,8100
8021.0,13.71,13100900,177559466.0,13.71,13.7,13.68,13.67,13.66,13.65,13.64,13.63,13.62,13.61,13.72,13.73,13.74,13.75,13.76,13.77,13.78,13.79,13.8,13.81,200,7100,1000,3600,5200,43400,6800,4300,1700,14700,33800,3100,7400,1800,33300,80200,133100,73800,128700,8100
8022.0,13.72,13101600,177569070.0,13.71,13.7,13.68,13.67,13.66,13.65,13.64,13.63,13.62,13.61,13.72,13.73,13.74,13.75,13.76,13.77,13.78,13.79,13.8,13.81,200,7100,1000,3600,5200,43400,6800,4300,1700,14700,33100,3100,7400,1800,33300,80200,133100,73800,128700,8100
8023.0,13.72,13103000,177588278.0,13.71,13.7,13.68,13.67,13.66,13.65,13.64,13.63,13.62,13.61,13.72,13.73,13.74,13.75,13.76,13.77,13.78,13.79,13.8,13.81,200,7100,1000,3600,5200,43400,6800,4300,1700,14700,31200,3100,7400,1800,33300,78600,133100,73800,128700,8100
8024.0,13.7,13110200,177686945.0,13.7,13.68,13.67,13.66,13.65,13.64,13.63,13.62,13.61,13.6,13.72,13.73,13.74,13.75,13.76,13.77,13.78,13.79,13.8,13.81,1900,1000,3600,5200,43400,6800,4300,1700,14700,23800,30500,3100,7400,1800,33300,78600,133100,73800,128700,8100
8025.0,13.7,13110200,177686945.0,13.7,13.68,13.67,13.66,13.65,13.64,13.63,13.62,13.61,13.6,13.72,13.73,13.74,13.75,13.76,13.77,13.78,13.79,13.8,13.81,3300,1000,3600,5200,43400,6800,4300,1700,14700,23800,31300,3100,7400,1800,33300,78600,133100,73800,128700,8200
8026.0,13.7,13110700,177693795.0,13.7,13.68,13.67,13.66,13.65,13.64,13.63,13.62,13.61,13.6,13.72,13.73,13.74,13.75,13.76,13.77,13.78,13.79,13.8,13.81,3500,1000,3600,5200,43400,6800,4300,1700,14700,23800,32000,3100,7400,1800,33300,78600,133100,73800,128700,8200
8027.0,13.7,13114500,177745869.0,13.7,13.68,13.67,13.66,13.65,13.64,13.63,13.62,13.61,13.6,13.72,13.73,13.74,13.75,13.76,13.77,13.78,13.79,13.8,13.81,1200,1000,3600,5200,43400,6800,4300,1700,14700,23800,32100,3100,7400,1800,33700,78600,133100,73800,128700,8200
8028.0,13.7,13116500,177773269.0,13.68,13.67,13.66,13.65,13.64,13.63,13.62,13.61,13.6,13.59,13.7,13.71,13.72,13.73,13.74,13.75,13.76,13.77,13.78,13.79,1000,3600,5200,43400,6800,4300,1700,14700,23800,18600,600,200,32900,3100,7400,1800,33700,78600,133100,73800
8029.0,13.68,13116600,177774637.0,13.68,13.67,13.66,13.65,13.64,13.63,13.62,13.61,13.6,13.59,13.7,13.71,13.72,13.73,13.74,13.75,13.76,13.77,13.78,13.79,1700,3600,5200,43400,6800,4300,1700,14700,23800,18600,1400,5700,32900,3100,7400,3800,33700,78600,133100,73800
8030.0,13.7,13117300,177784227.0,13.68,13.67,13.66,13.65,13.64,13.63,13.62,13.61,13.6,13.59,13.7,13.71,13.72,13.73,13.74,13.75,13.76,13.77,13.78,13.79,2500,3600,5200,43400,6800,4300,1700,14700,23800,18600,1500,5700,33700,3100,7400,3800,33700,78600,133100,73800
8031.0,13.7,13117300,177784227.0,13.68,13.67,13.66,13.65,13.64,13.63,13.62,13.61,13.6,13.59,13.7,13.71,13.72,13.73,13.74,13.75,13.76,13.77,13.78,13.79,3300,3600,5200,43100,6800,4300,1700,14700,23800,18600,2500,5700,33700,3100,7400,3800,33700,78600,133100,73800
8032.0,13.7,13117300,177784227.0,13.68,13.67,13.66,13.65,13.64,13.63,13.62,13.61,13.6,13.59,13.7,13.71,13.72,13.73,13.74,13.75,13.76,13.77,13.78,13.79,3300,3600,5200,43100,6800,4300,1700,14700,23800,18600,2500,5700,33700,3100,7400,3800,33700,78600,133100,73800
8033.0,13.7,13117800,177791077.0,13.68,13.67,13.66,13.65,13.64,13.63,13.62,13.61,13.6,13.59,13.69,13.7,13.71,13.72,13.73,13.74,13.75,13.76,13.77,13.78,4100,3600,5200,43100,6800,4300,1700,14700,23800,18600,1200,3600,5300,33700,3100,7400,3800,33700,78600,133100
8034.0,13.69,13118000,177793815.0,13.68,13.67,13.66,13.65,13.64,13.63,13.62,13.61,13.6,13.59,13.69,13.7,13.71,13.72,13.73,13.74,13.75,13.76,13.77,13.78,4900,3600,5200,43100,6800,4300,1700,14700,23800,18600,5200,3600,5300,33700,3100,7400,3800,33700,78600,133100
8035.0,13.69,13118000,177793815.0,13.68,13.67,13.66,13.65,13.64,13.63,13.62,13.61,13.6,13.59,13.69,13.7,13.71,13.72,13.73,13.74,13.75,13.76,13.77,13.78,4900,3600,5200,43100,6800,4300,1700,14700,23800,18600,5700,3800,5300,33700,3100,7400,3800,35200,77500,133100
8036.0,13.69,13121400,177840357.0,13.68,13.67,13.66,13.65,13.64,13.63,13.62,13.61,13.6,13.59,13.69,13.7,13.71,13.72,13.73,13.74,13.75,13.76,13.77,13.78,4500,3600,5200,43100,6800,4300,1700,14700,23800,18600,2800,3800,5300,33700,3100,4800,3800,28000,77500,132700
8037.0,13.69,13121400,177840357.0,13.68,13.67,13.66,13.65,13.64,13.63,13.62,13.61,13.6,13.59,13.69,13.7,13.71,13.72,13.73,13.74,13.75,13.76,13.77,13.78,4500,3600,5200,43100,6800,4300,1700,14700,23800,18600,2800,3800,5300,33700,3100,4800,3800,28000,77500,132700
8038.0,13.69,13121400,177840357.0,13.68,13.67,13.66,13.65,13.64,13.63,13.62,13.61,13.6,13.59,13.69,13.7,13.71,13.72,13.73,13.74,13.75,13.76,13.77,13.78,4500,3600,5200,43100,6800,4300,1600,14700,23800,18600,3800,3800,5300,33700,3100,4800,3800,28000,77500,132700
8039.0,13.69,13121700,177844464.0,13.68,13.67,13.66,13.65,13.64,13.63,13.62,13.61,13.6,13.59,13.69,13.7,13.71,13.72,13.73,13.74,13.75,13.76,13.77,13.78,4500,3600,5200,43100,6800,4300,1600,14700,23800,18600,3500,3800,300,33700,3100,4800,3800,28000,77500,132700
8040.0,13.69,13121700,177844464.0,13.68,13.67,13.66,13.65,13.64,13.63,13.62,13.61,13.6,13.59,13.69,13.7,13.71,13.72,13.73,13.74,13.75,13.76,13.77,13.78,4500,3600,5200,43100,6800,4300,1600,14700,23800,18600,3500,3800,300,33700,3100,4800,3800,28000,77500,132700
8041.0,13.68,13123100,177863616.0,13.68,13.67,13.66,13.65,13.64,13.63,13.62,13.61,13.6,13.59,13.69,13.7,13.71,13.72,13.73,13.74,13.75,13.76,13.77,13.78,3100,3600,5200,43100,6800,4300,1800,14700,23800,18600,3500,3800,300,33700,3100,4800,3800,28000,77500,132700
8042.0,13.69,13123400,177867723.0,13.68,13.67,13.66,13.65,13.64,13.63,13.62,13.61,13.6,13.59,13.69,13.7,13.71,13.72,13.73,13.74,13.75,13.76,13.77,13.78,3100,3600,5200,43100,6800,4300,1800,14700,23800,18600,3400,3800,300,33700,3100,4800,3500,28000,77500,132700
8043.0,13.68,13123700,177871827.0,13.68,13.67,13.66,13.65,13.64,13.63,13.62,13.61,13.6,13.59,13.69,13.7,13.71,13.72,13.73,13.74,13.75,13.76,13.77,13.78,2800,3600,5200,43100,6800,4300,1800,14700,23800,18600,3400,3800,200,33700,3100,4800,3500,28000,77500,132700
8044.0,13.68,13123700,177871827.0,13.68,13.67,13.66,13.65,13.64,13.63,13.62,13.61,13.6,13.59,13.69,13.7,13.71,13.72,13.73,13.74,13.75,13.76,13.77,13.78,2800,3600,5200,43100,6800,4300,1800,14700,23800,18600,3400,3800,200,33700,3100,4800,3500,28000,77500,132700
8045.0,13.69,13125200,177892362.0,13.68,13.67,13.66,13.65,13.64,13.63,13.62,13.61,13.6,13.59,13.69,13.7,13.71,13.72,13.73,13.74,13.75,13.76,13.77,13.78,4400,3600,5200,43100,6800,4300,1800,14700,23800,18600,1900,3800,100,33700,3100,4800,3500,28000,77500,132700
8046.0,13.68,13125300,177893730.0,13.68,13.67,13.66,13.65,13.64,13.63,13.62,13.61,13.6,13.59,13.69,13.7,13.71,13.72,13.73,13.74,13.75,13.76,13.77,13.78,4300,3600,5200,43100,6800,4300,1800,14700,23800,18600,1900,3800,1300,33700,3100,4800,3500,28000,77500,132700
8047.0,13.69,13125900,177901944.0,13.68,13.67,13.66,13.65,13.64,13.63,13.62,13.61,13.6,13.59,13.69,13.7,13.71,13.72,13.73,13.74,13.75,13.76,13.77,13.78,4300,3600,5200,43100,6800,4300,1800,14700,23800,18600,1300,3800,1300,33700,3100,4800,3500,28000,77500,132700
8048.0,13.7,13136300,178044286.0,13.67,13.66,13.65,13.64,13.63,13.62,13.61,13.6,13.59,13.58,13.7,13.71,13.72,13.73,13.74,13.75,13.76,13.77,13.78,13.79,17800,5200,43100,6800,4300,2200,14700,23800,18600,8100,300,1300,33700,3100,4800,3500,28000,77500,133100,73800
8049.0,13.7,13136300,178044286.0,13.67,13.66,13.65,13.64,13.63,13.62,13.61,13.6,13.59,13.58,13.7,13.71,13.72,13.73,13.74,13.75,13.76,13.77,13.78,13.79,18200,5200,43100,8000,4300,2200,14700,23800,18600,8100,700,1300,33700,3100,4800,3500,28000,77900,133100,73800
8050.0,13.7,13136300,178044286.0,13.67,13.66,13.65,13.64,13.63,13.62,13.61,13.6,13.59,13.58,13.7,13.71,13.72,13.73,13.74,13.75,13.76,13.77,13.78,13.79,19600,5200,43100,8000,4300,2200,14700,23800,18600,8100,2100,1300,33700,3100,4800,3500,28000,77900,133100,73800
8051.0,13.7,13136500,178047026.0,13.67,13.66,13.65,13.64,13.63,13.62,13.61,13.6,13.59,13.58,13.7,13.71,13.72,13.73,13.74,13.75,13.76,13.77,13.78,13.79,19600,5200,43100,8000,4300,2200,14700,23800,18600,8100,2300,1300,33700,3100,4800,3500,28000,77900,133100,73800
8052.0,13.68,13137300,178057970.0,13.68,13.67,13.66,13.65,13.64,13.63,13.62,13.61,13.6,13.59,13.7,13.71,13.72,13.73,13.74,13.75,13.76,13.77,13.78,13.79,1200,21400,5200,43100,8000,4300,2200,14700,25300,18600,3700,1300,33700,3100,4800,3500,27800,77900,133100,73800
8053.0,13.7,13140200,178097670.0,13.67,13.66,13.65,13.64,13.63,13.62,13.61,13.6,13.59,13.58,13.68,13.7,13.71,13.72,13.73,13.74,13.75,13.76,13.77,13.78,21400,5200,43100,8000,4300,2200,14700,25300,18600,8100,27000,2300,1300,33700,2500,4800,3500,27800,77900,133100
8054.0,13.7,13167600,178472510.0,13.68,13.67,13.66,13.65,13.64,13.63,13.62,13.61,13.6,13.59,13.7,13.71,13.72,13.73,13.74,13.75,13.76,13.77,13.78,13.79,700,25100,5200,43100,8000,4300,2200,14700,25300,18600,1900,1300,33700,2500,4800,3500,27800,77900,133100,73800
8055.0,13.71,13169700,178501282.0,13.7,13.69,13.68,13.67,13.66,13.65,13.64,13.63,13.62,13.61,13.71,13.72,13.73,13.74,13.75,13.76,13.77,13.78,13.79,13.8,9300,2100,900,13900,5200,43100,8000,4300,2200,14700,1100,33700,2500,4800,3500,27800,77900,133100,73800,126700
8056.0,13.7,13169800,178502652.0,13.7,13.69,13.68,13.67,13.66,13.65,13.64,13.63,13.62,13.61,13.71,13.72,13.73,13.74,13.75,13.76,13.77,13.78,13.79,13.8,9200,2100,900,13900,5200,43100,8000,4300,2200,14700,1100,39700,2500,4800,3500,27800,77900,133100,73800,126700
8057.0,13.71,13170200,178508136.0,13.7,13.69,13.68,13.67,13.66,13.65,13.64,13.63,13.62,13.61,13.71,13.72,13.73,13.74,13.75,13.76,13.77,13.78,13.79,13.8,9200,2100,900,13900,5200,43100,8000,4300,2200,14700,1100,39700,2500,4800,3500,27800,77900,133100,73800,126700
8058.0,13.71,13170200,178508136.0,13.7,13.69,13.68,13.67,13.66,13.65,13.64,13.63,13.62,13.61,13.71,13.72,13.73,13.74,13.75,13.76,13.77,13.78,13.79,13.8,9200,2100,900,13900,5200,43100,8000,4300,2200,14700,1100,39700,2500,4800,3500,27800,77900,133100,73800,126700
8059.0,13.71,13170300,178509507.0,13.7,13.69,13.68,13.67,13.66,13.65,13.64,13.63,13.62,13.61,13.71,13.72,13.73,13.74,13.75,13.76,13.77,13.78,13.79,13.8,9200,2100,900,13900,5200,43100,8000,4300,2200,14700,1000,39700,2500,4800,3500,27800,77500,133100,73800,126700
8060.0,13.71,13170300,178509507.0,13.7,13.69,13.68,13.67,13.66,13.65,13.64,13.63,13.62,13.61,13.71,13.72,13.73,13.74,13.75,13.76,13.77,13.78,13.79,13.8,9200,2100,900,13900,5200,43100,8000,4300,2200,14700,1000,39700,2500,4800,3500,27800,77500,133100,73800,126700
8061.0,13.71,13170300,178509507.0,13.7,13.69,13.68,13.67,13.66,13.65,13.64,13.63,13.62,13.61,13.71,13.72,13.73,13.74,13.75,13.76,13.77,13.78,13.79,13.8,9200,2100,900,13900,5200,43100,8000,4300,2200,14700,3600,39700,2500,4800,3500,27800,77500,133100,73800,126700
8062.0,13.71,13170600,178513620.0,13.7,13.69,13.68,13.67,13.66,13.65,13.64,13.63,13.62,13.61,13.71,13.72,13.73,13.74,13.75,13.76,13.77,13.78,13.79,13.8,9200,2100,900,10200,5200,43100,8000,4300,2200,14700,3300,39700,2500,4800,3500,27800,77500,133100,73800,126700
8063.0,13.71,13173900,178558863.0,13.71,13.7,13.69,13.68,13.67,13.66,13.65,13.64,13.63,13.62,13.72,13.73,13.74,13.75,13.76,13.77,13.78,13.79,13.8,13.81,2600,9200,2100,900,10200,5200,43100,8000,4300,2200,39700,2500,4800,3500,27800,77500,133100,73800,126700,8200
8064.0,13.71,13173900,178558863.0,13.71,13.7,13.69,13.68,13.67,13.66,13.65,13.64,13.63,13.62,13.72,13.73,13.74,13.75,13.76,13.77,13.78,13.79,13.8,13.81,2900,9200,2100,900,10200,5200,43100,8000,4300,2200,39700,2500,4800,3500,27800,77500,133600,73800,126700,8200
8065.0,13.72,13175300,178578071.0,13.71,13.7,13.69,13.68,13.67,13.66,13.65,13.64,13.63,13.62,13.72,13.73,13.74,13.75,13.76,13.77,13.78,13.79,13.8,13.81,3900,9200,2100,900,10200,5200,43100,8000,4300,2200,38300,2500,4800,3500,27800,77500,133600,73800,126700,8200
8066.0,13.71,13179200,178631540.0,13.7,13.69,13.68,13.67,13.66,13.65,13.64,13.63,13.62,13.61,13.71,13.72,13.73,13.74,13.75,13.76,13.77,13.78,13.79,13.8,9200,2100,900,10200,5200,43100,8000,4300,2200,14700,1100,38300,2500,4800,3500,27800,77500,133600,73800,126700
8067.0,13.71,13179200,178631540.0,13.7,13.69,13.68,13.67,13.66,13.65,13.64,13.63,13.62,13.61,13.71,13.72,13.73,13.74,13.75,13.76,13.77,13.78,13.79,13.8,9200,2100,5400,10200,5200,43100,8000,4300,2200,14700,1100,38300,2500,4800,3500,27800,77500,133600,73800,126700
8068.0,13.71,13179500,178635653.0,13.7,13.69,13.68,13.67,13.66,13.65,13.64,13.63,13.62,13.61,13.71,13.72,13.73,13.74,13.75,13.76,13.77,13.78,13.79,13.8,9200,2100,5400,10200,5200,43100,5000,4300,2200,14700,800,38300,2500,4800,3500,27800,77500,133600,73800,126700
8069.0,13.72,13180500,178649365.0,13.71,13.7,13.69,13.68,13.67,13.66,13.65,13.64,13.63,13.62,13.72,13.73,13.74,13.75,13.76,13.77,13.78,13.79,13.8,13.81,1100,9200,2100,5400,10200,5200,43100,5000,4300,2200,38100,2500,4800,2800,27800,77500,133600,73800,126700,8200
8070.0,13.71,13180700,178652107.0,13.71,13.7,13.69,13.68,13.67,13.66,13.65,13.64,13.63,13.62,13.72,13.73,13.74,13.75,13.76,13.77,13.78,13.79,13.8,13.81,5000,9200,2100,5400,10200,5200,43100,5000,4300,2200,38100,2500,4800,2800,27800,77500,133600,73800,126700,8200
8071.0,13.71,13183100,178685018.0,13.71,13.7,13.69,13.68,13.67,13.66,13.65,13.64,13.63,13.62,13.72,13.73,13.74,13.75,13.76,13.77,13.78,13.79,13.8,13.81,3300,9200,2100,5400,10200,5200,43100,5000,4300,2200,37400,2500,4800,2800,27800,77500,133600,73800,126700,8200
8072.0,13.72,13204900,178984114.0,13.71,13.69,13.68,13.67,13.66,13.65,13.64,13.63,13.62,13.61,13.72,13.73,13.74,13.75,13.76,13.77,13.78,13.79,13.8,13.81,3400,2100,5400,10200,5200,43100,5000,4300,2200,14700,15600,2500,4800,2800,27800,77500,133600,73800,126700,8200
8073.0,13.71,13206400,179004686.0,13.71,13.69,13.68,13.67,13.66,13.65,13.64,13.63,13.62,13.61,13.72,13.73,13.74,13.75,13.76,13.77,13.78,13.79,13.8,13.81,2600,2100,5400,10200,6200,43100,5000,4300,2200,14700,14900,2500,4800,2800,27800,77500,133600,73800,126700,8200
8074.0,13.72,13207000,179012918.0,13.71,13.69,13.68,13.67,13.66,13.65,13.64,13.63,13.62,13.61,13.72,13.73,13.74,13.75,13.76,13.77,13.78,13.79,13.8,13.81,2600,2100,6600,10200,6200,43100,5000,4300,2200,14700,14300,2500,4800,2800,27800,77500,133600,73800,126700,8200
8075.0,13.72,13207000,179012918.0,13.71,13.69,13.68,13.67,13.66,13.65,13.64,13.63,13.62,13.61,13.72,13.73,13.74,13.75,13.76,13.77,13.78,13.79,13.8,13.81,2600,2100,6600,10200,6200,43100,5000,4300,2200,14700,14300,2500,4800,2800,27800,77500,133600,73800,126700,8200
8076.0,13.72,13207700,179022522.0,13.71,13.69,13.68,13.67,13.66,13.65,13.64,13.63,13.62,13.61,13.72,13.73,13.74,13.75,13.76,13.77,13.78,13.79,13.8,13.81,2600,1600,6600,10200,6200,43100,5000,4300,2200,14700,13600,2500,4800,2800,27800,77500,133600,73800,126700,8200
8077.0,13.72,13207700,179022522.0,13.71,13.69,13.68,13.67,13.66,13.65,13.64,13.63,13.62,13.61,13.72,13.73,13.74,13.75,13.76,13.77,13.78,13.79,13.8,13.81,6800,1600,6600,10200,6200,43100,5000,4300,2200,14700,13800,2500,4800,2800,27800,77500,133600,73800,126700,8200
8078.0,13.71,13207800,179023893.0,13.71,13.69,13.68,13.67,13.66,13.65,13.64,13.63,13.62,13.61,13.72,13.73,13.74,13.75,13.76,13.77,13.78,13.79,13.8,13.81,6700,1600,6600,10200,6200,43100,5000,4300,2200,14700,13800,2500,4800,2800,27800,77500,133600,73800,126700,8200
8079.0,13.72,13210600,179062309.0,13.71,13.69,13.68,13.67,13.66,13.65,13.64,13.63,13.62,13.61,13.72,13.73,13.74,13.75,13.76,13.77,13.78,13.79,13.8,13.81,9000,1600,6600,10200,6200,43100,5000,4300,2200,14700,11000,2500,4800,2800,27500,77200,133600,73800,126700,8200
8080.0,13.72,13210600,179062309.0,13.71,13.69,13.68,13.67,13.66,13.65,13.64,13.63,13.62,13.61,13.72,13.73,13.74,13.75,13.76,13.77,13.78,13.79,13.8,13.81,9000,1600,6600,10200,6200,43100,5000,4300,2200,14700,11000,2500,4800,4800,27500,77200,133600,73800,126700,8200
8081.0,13.72,13210600,179062309.0,13.71,13.69,13.68,13.67,13.66,13.65,13.64,13.63,13.62,13.61,13.72,13.73,13.74,13.75,13.76,13.77,13.78,13.79,13.8,13.81,9000,1600,6600,10200,6200,43100,5000,4300,2200,14700,11000,2500,3600,4800,27500,77200,133600,73800,126700,8200
8082.0,13.73,13224100,179247554.0,13.73,13.72,13.71,13.69,13.68,13.67,13.66,13.65,13.64,13.63,13.74,13.75,13.76,13.77,13.78,13.79,13.8,13.81,13.82,13.83,3500,16700,9000,1600,6600,10200,6200,43100,5000,4300,3600,4800,27500,77200,133600,73800,126700,8200,20600,6500
8083.0,13.73,13224600,179254419.0,13.73,13.72,13.71,13.69,13.68,13.67,13.66,13.65,13.64,13.63,13.74,13.75,13.76,13.77,13.78,13.79,13.8,13.81,13.82,13.83,3000,16700,9000,1600,6600,10200,6200,43100,5000,4300,3600,4800,27500,77200,133600,73800,126700,8200,20600,6500
8084.0,13.73,13224600,179254419.0,13.73,13.72,13.71,13.69,13.68,13.67,13.66,13.65,13.64,13.63,13.74,13.75,13.76,13.77,13.78,13.79,13.8,13.81,13.82,13.83,3000,16700,9100,1600,6600,10200,6200,43100,5000,4300,3600,4800,22500,77200,133600,73800,126700,8200,20600,6500
8085.0,13.73,13226300,179277760.0,13.73,13.72,13.71,13.69,13.68,13.67,13.66,13.65,13.64,13.63,13.74,13.75,13.76,13.77,13.78,13.79,13.8,13.81,13.82,13.83,1300,16700,9100,1600,6600,10200,6200,43100,5000,4300,3600,7200,22500,77700,133600,73800,126700,8200,20600,6500
8086.0,13.72,13235200,179399893.0,13.72,13.71,13.69,13.68,13.67,13.66,13.65,13.64,13.63,13.62,13.74,13.75,13.76,13.77,13.78,13.79,13.8,13.81,13.82,13.83,17500,9100,1600,6600,12500,6200,43100,5000,4300,2200,3000,7200,22500,77700,133600,73800,126700,8200,20600,6500
8087.0,13.72,13235200,179399893.0,13.72,13.71,13.7,13.69,13.68,13.67,13.66,13.65,13.64,13.63,13.74,13.75,13.76,13.77,13.78,13.79,13.8,13.81,13.82,13.83,25900,9100,1000,1600,6600,12500,6200,43100,5000,4300,3600,7200,22500,77700,133600,73800,126700,8200,20600,6500
8088.0,13.74,13235900,179409511.0,13.72,13.71,13.7,13.69,13.68,13.67,13.66,13.65,13.64,13.63,13.74,13.75,13.76,13.77,13.78,13.79,13.8,13.81,13.82,13.83,26800,9000,1000,1600,6600,12500,6200,43100,5000,4300,3800,7200,22500,77700,133600,73800,126700,8200,20600,6500
8089.0,13.74,13236300,179415007.0,13.72,13.71,13.7,13.69,13.68,13.67,13.66,13.65,13.64,13.63,13.74,13.75,13.76,13.77,13.78,13.79,13.8,13.81,13.82,13.83,30100,9000,1000,1600,6600,12500,6200,43100,5000,4300,3400,7200,22500,77400,133600,73800,126700,8200,20600,6500
8090.0,13.73,13237500,179431488.0,13.73,13.72,13.71,13.7,13.69,13.68,13.67,13.66,13.65,13.64,13.74,13.75,13.76,13.77,13.78,13.79,13.8,13.81,13.82,13.83,1900,30600,9000,1000,1600,6600,12500,6200,43100,5000,3400,7200,22500,77400,133600,73800,126700,8200,20600,6500
8091.0,13.73,13237500,179431488.0,13.73,13.72,13.71,13.7,13.69,13.68,13.67,13.66,13.65,13.64,13.74,13.75,13.76,13.77,13.78,13.79,13.8,13.81,13.82,13.83,1900,31400,9000,1000,1600,6600,12500,6200,43100,5000,3400,7200,22500,77400,133600,73800,126700,8200,20600,6500
8092.0,13.74,13237900,179436984.0,13.73,13.72,13.71,13.7,13.69,13.68,13.67,13.66,13.65,13.64,13.74,13.75,13.76,13.77,13.78,13.79,13.8,13.81,13.82,13.83,1900,31400,6700,1000,1600,6600,12500,6200,43100,5000,3000,7200,22500,77400,133600,73800,126700,8200,20600,6500
8093.0,13.74,13240900,179478204.0,13.74,13.73,13.72,13.71,13.7,13.69,13.68,13.67,13.66,13.65,13.75,13.76,13.77,13.78,13.79,13.8,13.81,13.82,13.83,13.84,8700,1900,31400,6700,1000,1600,6600,12500,6200,43100,7200,22500,74100,133100,73800,126700,8200,20600,6500,57000
8094.0,13.75,13241600,179487829.0,13.74,13.73,13.72,13.71,13.7,13.69,13.68,13.67,13.66,13.65,13.75,13.76,13.77,13.78,13.79,13.8,13.81,13.82,13.83,13.84,8700,1900,31400,6700,1000,1600,6600,12500,6200,43100,6500,22400,74100,133100,73800,126700,8200,20600,6500,57000
8095.0,13.75,13242500,179500204.0,13.74,13.73,13.72,13.71,13.7,13.69,13.68,13.67,13.66,13.65,13.75,13.76,13.77,13.78,13.79,13.8,13.81,13.82,13.83,13.84,8700,1900,31400,6700,1000,1600,6600,12500,6200,43100,5600,22400,74100,133100,73800,126700,8200,20600,6500,57000
8096.0,13.75,13242500,179500204.0,13.74,13.73,13.72,13.71,13.7,13.69,13.68,13.67,13.66,13.65,13.75,13.76,13.77,13.78,13.79,13.8,13.81,13.82,13.83,13.84,8700,1900,31100,6700,1000,1600,6600,12500,6200,43100,5600,22400,74100,133100,73800,126700,8200,20600,6500,57000
8097.0,13.75,13242500,179500204.0,13.74,13.73,13.72,13.71,13.7,13.69,13.68,13.67,13.66,13.65,13.75,13.76,13.77,13.78,13.79,13.8,13.81,13.82,13.83,13.84,8700,1900,31100,6700,1000,1600,6600,12500,6200,43100,5600,22400,74100,133100,73800,126700,8200,20600,6500,57000
8098.0,13.75,13243000,179507079.0,13.74,13.73,13.72,13.71,13.7,13.69,13.68,13.67,13.66,13.65,13.75,13.76,13.77,13.78,13.79,13.8,13.81,13.82,13.83,13.84,8700,1900,31100,6700,1000,1600,6600,12500,6200,43100,5100,22400,74100,133100,73800,126700,8200,20600,6500,57000
8099.0,13.74,13243600,179515326.0,13.74,13.73,13.72,13.71,13.7,13.69,13.68,13.67,13.66,13.65,13.75,13.76,13.77,13.78,13.79,13.8,13.81,13.82,13.83,13.84,8400,1900,31100,6700,1000,1600,6600,12500,6200,43100,4800,22400,74100,133100,73800,126700,8200,20600,6500,57000
8100.0,13.75,13248400,179581326.0,13.75,13.74,13.73,13.72,13.71,13.7,13.69,13.68,13.67,13.66,13.76,13.77,13.78,13.79,13.8,13.81,13.82,13.83,13.84,13.85,6800,10400,1900,31100,6700,1000,1600,6600,12500,6200,22400,74100,133100,73800,126700,8200,20600,6500,57000,31500
8101.0,13.75,13251500,179623979.0,13.75,13.74,13.73,13.72,13.71,13.7,13.69,13.68,13.67,13.66,13.76,13.77,13.78,13.79,13.8,13.81,13.82,13.83,13.84,13.85,6500,10400,1900,31600,6700,1000,1600,6600,12500,6200,19600,72200,133100,73800,126700,8200,20600,6500,57000,31500
8102.0,13.75,13251500,179623979.0,13.75,13.74,13.73,13.72,13.71,13.7,13.69,13.68,13.67,13.66,13.76,13.77,13.78,13.79,13.8,13.81,13.82,13.83,13.84,13.85,6500,10400,1900,31600,6700,1000,1600,6600,12500,6200,19600,72200,133100,73800,126700,8200,20600,6500,57000,31500
8103.0,13.75,13251500,179623979.0,13.75,13.74,13.73,13.72,13.71,13.7,13.69,13.68,13.67,13.66,13.76,13.77,13.78,13.79,13.8,13.81,13.82,13.83,13.84,13.85,6500,10400,1900,31600,6700,1000,1600,6600,12500,6200,19600,72200,133100,73800,126700,8200,20600,6500,57000,31500
8104.0,13.76,13253300,179648747.0,13.75,13.74,13.73,13.72,13.71,13.7,13.69,13.68,13.67,13.66,13.76,13.77,13.78,13.79,13.8,13.81,13.82,13.83,13.84,13.85,8000,10400,1900,31600,6700,1000,1600,6600,12500,6200,18200,72200,133100,73800,126700,8200,20600,6500,57000,31500
8105.0,13.76,13257000,179699656.0,13.75,13.74,13.73,13.72,13.71,13.7,13.69,13.68,13.67,13.66,13.76,13.77,13.78,13.79,13.8,13.81,13.82,13.83,13.84,13.85,7700,10400,1900,31600,6700,1000,1600,6600,12500,6200,14800,72200,133100,73800,126700,8200,20600,6500,57000,31500
8106.0,13.76,13257000,179699656.0,13.75,13.74,13.73,13.72,13.71,13.7,13.69,13.68,13.67,13.66,13.76,13.77,13.78,13.79,13.8,13.81,13.82,13.83,13.84,13.85,7700,10400,1900,31600,6700,1000,1600,6600,12500,6200,14800,72200,133100,73800,126700,8200,20600,6500,57000,31500
8107.0,13.76,13257700,179709288.0,13.75,13.74,13.73,13.72,13.71,13.7,13.69,13.68,13.67,13.66,13.76,13.77,13.78,13.79,13.8,13.81,13.82,13.83,13.84,13.85,7700,10400,1900,23800,6700,1000,1600,6600,12500,6200,14100,72200,133100,73800,126700,8200,20600,6500,57000,31500
8108.0,13.76,13258400,179718920.0,13.75,13.74,13.73,13.72,13.71,13.7,13.69,13.68,13.67,13.66,13.76,13.77,13.78,13.79,13.8,13.81,13.82,13.83,13.84,13.85,7700,10400,1900,23800,6700,1000,1600,6600,12500,6200,13000,72200,133100,73800,126700,8200,20600,6500,57000,31500
8109.0,13.76,13260400,179746440.0,13.75,13.74,13.73,13.72,13.71,13.7,13.69,13.68,13.67,13.66,13.76,13.77,13.78,13.79,13.8,13.81,13.82,13.83,13.84,13.85,7700,10400,1900,23800,6700,1000,1600,6600,12500,6200,11000,72200,133100,73800,126700,8200,20600,6500,57000,31500
8110.0,13.76,13263200,179784968.0,13.75,13.74,13.73,13.72,13.71,13.7,13.69,13.68,13.67,13.66,13.76,13.77,13.78,13.79,13.8,13.81,13.82,13.83,13.84,13.85,7700,10400,1900,23800,6700,1000,1600,7600,12500,6200,8200,72200,133100,73800,126700,8200,20600,6500,57000,31500
8111.0,13.76,13263200,179784968.0,13.75,13.74,13.73,13.72,13.71,13.7,13.69,13.68,13.67,13.66,13.76,13.77,13.78,13.79,13.8,13.81,13.82,13.83,13.84,13.85,7700,10400,1900,23800,6700,1000,1600,7600,12500,6200,8200,57900,133100,73800,126700,8200,20600,6500,57000,31500
8112.0,13.76,13263900,179794600.0,13.75,13.74,13.73,13.72,13.71,13.7,13.69,13.68,13.67,13.66,13.76,13.77,13.78,13.79,13.8,13.81,13.82,13.83,13.84,13.85,16400,10400,1900,23800,6700,1000,1600,7600,12500,6200,9500,57900,133100,73800,126700,8200,20600,6500,57000,31500
8113.0,13.75,13273400,179925317.0,13.75,13.74,13.73,13.72,13.71,13.7,13.69,13.68,13.67,13.66,13.76,13.77,13.78,13.79,13.8,13.81,13.82,13.83,13.84,13.85,16100,10400,1900,23800,6700,1000,1600,7600,12500,6200,300,57900,133100,73800,126700,8200,20600,6500,57000,31500
8114.0,13.75,13273400,179925317.0,13.75,13.74,13.73,13.72,13.71,13.7,13.69,13.68,13.67,13.66,13.76,13.77,13.78,13.79,13.8,13.81,13.82,13.83,13.84,13.85,16100,10400,1900,23800,6700,1000,1600,7600,12500,6200,300,57900,133100,73800,126700,8200,20600,6500,57000,31500
8115.0,13.75,13273400,179925317.0,13.75,13.74,13.73,13.72,13.71,13.7,13.69,13.68,13.67,13.66,13.76,13.77,13.78,13.79,13.8,13.81,13.82,13.83,13.84,13.85,16100,10400,1900,23800,6700,1000,1600,7600,12500,6200,300,57900,133100,73800,126700,8200,20600,6500,57000,31500
8116.0,13.75,13273400,179925317.0,13.75,13.74,13.73,13.72,13.71,13.7,13.69,13.68,13.67,13.66,13.76,13.77,13.78,13.79,13.8,13.81,13.82,13.83,13.84,13.85,17500,10400,1900,23800,6700,1000,1600,7600,12500,6200,1000,57900,133100,73800,126700,8200,20600,6500,57000,31500
8117.0,13.75,13273400,179925317.0,13.75,13.74,13.73,13.72,13.71,13.7,13.69,13.68,13.67,13.66,13.76,13.77,13.78,13.79,13.8,13.81,13.82,13.83,13.84,13.85,18800,10400,1900,23800,6700,1000,1600,7600,12500,6200,1000,57900,133100,73800,126700,8200,20600,6500,57000,31500
8118.0,13.76,13273500,179926693.0,13.75,13.74,13.73,13.72,13.71,13.7,13.69,13.68,13.67,13.66,13.76,13.77,13.78,13.79,13.8,13.81,13.82,13.83,13.84,13.85,18800,10400,1900,23800,6700,1000,1600,7600,12500,6200,3500,57900,133100,73800,126700,8200,20600,6500,57000,31500
8119.0,13.76,13273500,179926693.0,13.75,13.74,13.73,13.72,13.71,13.7,13.69,13.68,13.67,13.66,13.76,13.77,13.78,13.79,13.8,13.81,13.82,13.83,13.84,13.85,18800,10400,1900,23800,6700,1000,1600,7600,12500,6200,6100,57900,133100,73800,128700,8200,20600,6500,57000,31500
8120.0,13.76,13273500,179926693.0,13.75,13.74,13.73,13.72,13.71,13.7,13.68,13.67,13.66,13.65,13.76,13.77,13.78,13.79,13.8,13.81,13.82,13.83,13.84,13.85,18800,10400,1900,23800,6700,1000,7600,12500,6200,43100,6100,58200,133100,73800,128700,8200,20600,6500,57000,31500
8121.0,13.75,13275100,179948699.0,13.75,13.74,13.73,13.72,13.71,13.7,13.68,13.67,13.66,13.65,13.76,13.77,13.78,13.79,13.8,13.81,13.82,13.83,13.84,13.85,11900,2000,1900,23800,6700,1000,7600,12500,6200,43100,6000,58200,133100,73800,128700,8200,20600,6500,57000,31500
8122.0,13.75,13275100,179948699.0,13.75,13.74,13.73,13.72,13.71,13.7,13.68,13.67,13.66,13.65,13.76,13.77,13.78,13.79,13.8,13.81,13.82,13.83,13.84,13.85,11900,2000,1900,23800,6700,1000,7600,12500,6200,43100,6000,58200,138100,73800,128700,8200,20600,6500,57000,31500
8123.0,13.76,13280600,180024347.0,13.75,13.74,13.73,13.72,13.71,13.7,13.68,13.67,13.66,13.65,13.76,13.77,13.78,13.79,13.8,13.81,13.82,13.83,13.84,13.85,8700,2000,1900,23800,6700,1000,7600,12500,13700,43100,3700,58200,138100,73800,128700,8200,20600,6500,57000,31500
8124.0,13.76,13281300,180033979.0,13.75,13.74,13.73,13.72,13.71,13.7,13.68,13.67,13.66,13.65,13.76,13.77,13.78,13.79,13.8,13.81,13.82,13.83,13.84,13.85,8700,3100,1900,23800,6700,1000,7600,12500,13700,43100,3000,58200,138100,73800,128700,8200,20600,6500,57000,31500
8125.0,13.76,13281300,180033979.0,13.75,13.74,13.73,13.72,13.71,13.7,13.68,13.67,13.66,13.65,13.76,13.77,13.78,13.79,13.8,13.81,13.82,13.83,13.84,13.85,8700,3100,1900,23800,6700,1000,7600,12500,13700,43100,3000,57800,138000,78800,129200,8200,20600,6500,57000,31500
8126.0,13.76,13284300,180075259.0,13.76,13.75,13.74,13.73,13.72,13.71,13.7,13.68,13.67,13.66,13.77,13.78,13.79,13.8,13.81,13.82,13.83,13.84,13.85,13.86,2600,8700,3100,1900,23800,6700,1000,7600,12500,13700,57800,137400,80500,129200,8200,20600,6500,57000,31500,9100
8127.0,13.76,13285500,180091771.0,13.76,13.75,13.74,13.73,13.72,13.71,13.7,13.68,13.67,13.66,13.77,13.78,13.79,13.8,13.81,13.82,13.83,13.84,13.85,13.86,2400,8700,3100,1900,23800,6700,1000,7600,12500,13700,58000,137400,80500,129200,8200,20600,6500,57000,31500,9100
8128.0,13.76,13285500,180091771.0,13.76,13.75,13.74,13.73,13.72,13.71,13.7,13.68,13.67,13.66,13.77,13.78,13.79,13.8,13.81,13.82,13.83,13.84,13.85,13.86,2400,8700,3100,1900,23800,6700,1000,7600,12500,13700,58000,137400,80500,128700,8200,20600,6500,57000,31500,9100
8129.0,13.76,13285500,180091771.0,13.76,13.75,13.74,13.73,13.72,13.71,13.7,13.68,13.67,13.66,13.77,13.78,13.79,13.8,13.81,13.82,13.83,13.84,13.85,13.86,2400,8700,3100,1900,23800,6700,1000,7600,12500,13700,58000,137400,80500,128700,8200,20600,6500,57000,31500,9100
8130.0,13.77,13286400,180104162.0,13.76,13.75,13.74,13.73,13.72,13.71,13.7,13.68,13.67,13.66,13.77,13.78,13.79,13.8,13.81,13.82,13.83,13.84,13.85,13.86,2200,8700,3100,1900,23800,6700,1000,7600,12500,13700,57300,137400,80500,128700,8200,20600,6500,57000,31500,9100
8131.0,13.76,13287500,180119298.0,13.76,13.75,13.74,13.73,13.72,13.71,13.7,13.68,13.67,13.66,13.77,13.78,13.79,13.8,13.81,13.82,13.83,13.84,13.85,13.86,1100,7400,3100,1900,23800,6700,1000,7600,12500,13700,57300,137400,80500,128700,8200,20600,6500,57000,31500,9100
8132.0,13.76,13288000,180126178.0,13.76,13.75,13.74,13.73,13.72,13.71,13.7,13.68,13.67,13.66,13.77,13.78,13.79,13.8,13.81,13.82,13.83,13.84,13.85,13.86,7700,7400,3100,1900,23800,6700,1000,7600,12500,13700,57300,137400,80500,128700,8200,20600,6500,57000,31500,9100
8133.0,13.76,13288700,180135810.0,13.76,13.75,13.74,13.73,13.72,13.71,13.7,13.68,13.67,13.66,13.77,13.78,13.79,13.8,13.81,13.82,13.83,13.84,13.85,13.86,7000,7400,3100,1900,23800,6700,1000,7600,12500,13700,57300,137400,80500,128700,8200,20600,6500,57000,31500,9100
8134.0,13.76,13289700,180149570.0,13.76,13.75,13.74,13.73,13.72,13.71,13.7,13.68,13.67,13.66,13.77,13.78,13.79,13.8,13.81,13.82,13.83,13.84,13.85,13.86,6000,7400,3100,1900,23800,6700,2000,7600,12500,13700,57300,137400,80500,128700,8200,20600,6500,57000,31200,9100
8135.0,13.76,13291200,180170224.0,13.76,13.75,13.74,13.73,13.72,13.71,13.7,13.68,13.67,13.66,13.77,13.78,13.79,13.8,13.81,13.82,13.83,13.84,13.85,13.86,5900,7400,3100,1900,23800,6700,2000,7600,12500,13700,55900,137400,80500,128700,8200,20600,6500,57000,31200,9100
8136.0,13.77,13291800,180178481.0,13.76,13.75,13.74,13.73,13.72,13.71,13.7,13.68,13.67,13.66,13.77,13.78,13.79,13.8,13.81,13.82,13.83,13.84,13.85,13.86,5400,8900,4900,1900,23800,6700,2000,7600,12500,13700,55800,137400,80500,128700,8200,20600,6500,57000,31200,9100
8137.0,13.76,13292300,180185361.0,13.76,13.75,13.74,13.73,13.72,13.71,13.7,13.68,13.67,13.66,13.77,13.78,13.79,13.8,13.81,13.82,13.83,13.84,13.85,13.86,4900,8900,6700,1900,23800,6700,2000,7600,12500,13700,54800,137400,80500,129100,8200,20600,6500,57000,31200,9100
8138.0,13.77,13293000,180195000.0,13.76,13.75,13.74,13.73,13.72,13.71,13.7,13.68,13.67,13.66,13.77,13.78,13.79,13.8,13.81,13.82,13.83,13.84,13.85,13.86,4900,8900,6700,1900,23800,6700,2000,7600,12500,13700,54100,137400,80500,129100,8200,20300,6500,57000,31200,9100
8139.0,13.76,13293400,180200504.0,13.76,13.75,13.74,13.73,13.72,13.71,13.7,13.68,13.67,13.66,13.77,13.78,13.79,13.8,13.81,13.82,13.83,13.84,13.85,13.86,4500,8900,6700,1900,23800,6700,2000,7600,12500,13700,54100,137400,80500,129100,8200,20300,6500,57000,31200,9100
8140.0,13.76,13293400,180200504.0,13.76,13.75,13.74,13.73,13.72,13.71,13.7,13.68,13.67,13.66,13.77,13.78,13.79,13.8,13.81,13.82,13.83,13.84,13.85,13.86,4500,8900,6700,1900,23800,6700,2000,7600,12500,13700,54100,137400,80500,129100,8200,20300,6500,57000,31200,9100
8141.0,13.76,13293400,180200504.0,13.76,13.75,13.74,13.73,13.72,13.71,13.7,13.68,13.67,13.66,13.77,13.78,13.79,13.8,13.81,13.82,13.83,13.84,13.85,13.86,4500,8900,6700,1900,23800,6700,2000,7600,12500,26100,54100,137400,81500,129100,8200,20300,6500,57000,31200,9100
8142.0,13.76,13294300,180212888.0,13.76,13.75,13.74,13.73,13.72,13.71,13.7,13.68,13.67,13.66,13.77,13.78,13.79,13.8,13.81,13.82,13.83,13.84,13.85,13.86,4100,8900,6700,1900,23800,6700,2000,7600,12500,26100,54100,137400,81500,129100,8200,20300,6500,57000,31200,9100
8143.0,13.77,13297300,180254198.0,13.76,13.75,13.74,13.73,13.72,13.71,13.7,13.68,13.67,13.66,13.77,13.78,13.79,13.8,13.81,13.82,13.83,13.84,13.85,13.86,4100,8900,6700,1900,23800,6700,2000,7600,12500,26100,51100,137400,81500,129100,8200,20300,6500,57000,31200,9100
8144.0,13.77,13298100,180265214.0,13.76,13.75,13.74,13.73,13.72,13.71,13.7,13.68,13.67,13.66,13.77,13.78,13.79,13.8,13.81,13.82,13.83,13.84,13.85,13.86,12900,8900,6700,1900,23800,6700,2000,7600,12500,26100,51800,137400,81500,129100,8200,20300,6500,57000,31200,9100
8145.0,13.76,13298800,180274846.0,13.76,13.75,13.74,13.73,13.72,13.71,13.7,13.68,13.67,13.66,13.77,13.78,13.79,13.8,13.81,13.82,13.83,13.84,13.85,13.86,12200,8900,6700,1900,23800,6700,2000,8000,12500,26100,51800,137800,81500,129100,8200,20300,6500,57000,31200,9100
8146.0,13.76,13298800,180274846.0,13.76,13.75,13.74,13.73,13.72,13.71,13.7,13.68,13.67,13.66,13.77,13.78,13.79,13.8,13.81,13.82,13.83,13.84,13.85,13.86,10800,8900,6700,1900,23800,6700,2000,8000,12500,26100,51800,137800,81500,129100,8200,20300,6500,57000,31200,9100
8147.0,13.76,13309100,180416588.0,13.76,13.75,13.74,13.73,13.72,13.71,13.7,13.69,13.68,13.67,13.77,13.78,13.79,13.8,13.81,13.82,13.83,13.84,13.85,13.86,1900,8900,5600,1900,23800,6700,2000,300,8000,12500,50400,137800,81500,129100,8200,20300,6500,57000,31200,9100
8148.0,13.76,13309200,180417964.0,13.76,13.75,13.74,13.73,13.72,13.71,13.7,13.69,13.68,13.67,13.77,13.78,13.79,13.8,13.81,13.82,13.83,13.84,13.85,13.86,3500,8900,5600,1900,23800,6700,2000,300,8000,12500,50400,137800,81500,131200,8200,20300,6500,57000,31200,9100
8149.0,13.76,13309200,180417964.0,13.76,13.75,13.74,13.73,13.72,13.71,13.7,13.69,13.68,13.67,13.77,13.78,13.79,13.8,13.81,13.82,13.83,13.84,13.85,13.86,3500,8900,5600,1900,23800,6700,2000,300,8000,12500,50400,137800,81500,131200,8200,20300,6500,57000,31200,9100
8150.0,13.76,13309300,180419340.0,13.76,13.75,13.74,13.73,13.72,13.71,13.7,13.69,13.68,13.67,13.77,13.78,13.79,13.8,13.81,13.82,13.83,13.84,13.85,13.86,3400,8900,5600,1900,23800,6700,2000,300,8000,12500,50400,137800,81500,131200,8200,20300,6500,57000,31200,9100
8151.0,13.77,13312400,180462024.0,13.76,13.75,13.74,13.73,13.72,13.71,13.7,13.69,13.68,13.67,13.77,13.78,13.79,13.8,13.81,13.82,13.83,13.84,13.85,13.86,3100,8900,5600,1900,23800,6700,2000,300,8000,12500,47600,137800,81500,131200,8200,20300,6500,57000,31200,9100
8152.0,13.77,13313100,180471663.0,13.76,13.75,13.74,13.73,13.72,13.71,13.7,13.69,13.68,13.67,13.77,13.78,13.79,13.8,13.81,13.82,13.83,13.84,13.85,13.86,3100,8900,5600,1900,23800,6700,2000,300,8000,16100,46900,137800,81500,131200,8200,20300,6500,57000,31200,9100
8153.0,13.77,13313800,180481302.0,13.76,13.75,13.74,13.73,13.72,13.71,13.7,13.69,13.68,13.67,13.77,13.78,13.79,13.8,13.81,13.82,13.83,13.84,13.85,13.86,3100,8900,5600,1900,23800,6700,2000,300,8000,16100,46200,137800,81500,131200,8200,20300,6500,57000,31200,9100
8154.0,13.75,13324100,180622958.0,13.75,13.74,13.73,13.72,13.71,13.7,13.69,13.68,13.67,13.66,13.77,13.78,13.79,13.8,13.81,13.82,13.83,13.84,13.85,13.86,1700,5600,1900,23800,6700,2000,300,7600,16100,26100,46700,137800,82500,131200,8200,20300,6500,57000,31200,9100
8155.0,13.77,13324800,180632597.0,13.75,13.74,13.73,13.72,13.71,13.7,13.69,13.68,13.67,13.66,13.77,13.78,13.79,13.8,13.81,13.82,13.83,13.84,13.85,13.86,2100,5600,1900,23800,6700,2000,300,7600,16100,26100,46400,137800,82500,131200,8200,20300,6500,57000,31200,9100
8156.0,13.77,13326800,180660137.0,13.75,13.74,13.73,13.72,13.71,13.7,13.69,13.68,13.67,13.66,13.77,13.78,13.79,13.8,13.81,13.82,13.83,13.84,13.85,13.86,2700,5600,1900,23800,6700,2000,300,7600,16100,26100,45000,137800,82500,131200,8200,20300,6500,57000,31200,9100
8157.0,13.77,13337000,180800591.0,13.75,13.74,13.73,13.72,13.71,13.7,13.69,13.68,13.67,13.66,13.77,13.78,13.79,13.8,13.81,13.82,13.83,13.84,13.85,13.86,3100,5600,1900,23800,6700,2000,300,7600,16100,26100,35200,138700,82500,132200,8200,20300,6500,57000,31200,9100
8158.0,13.77,13338700,180823994.0,13.75,13.74,13.73,13.72,13.71,13.7,13.69,13.68,13.67,13.66,13.77,13.78,13.79,13.8,13.81,13.82,13.83,13.84,13.85,13.86,3500,5600,1900,23800,6700,2000,300,7600,16100,26100,34500,138700,82500,132200,8200,20300,6500,57000,31200,9100
8159.0,13.77,13339500,180835010.0,13.75,13.74,13.73,13.72,13.71,13.7,13.69,13.68,13.67,13.66,13.77,13.78,13.79,13.8,13.81,13.82,13.83,13.84,13.85,13.86,4000,5600,1900,23800,6700,2000,300,7600,16100,26100,34200,138700,82500,132200,8200,20300,6500,57000,31200,9100
8160.0,13.75,13339900,180840510.0,13.75,13.74,13.73,13.72,13.71,13.7,13.69,13.68,13.67,13.66,13.77,13.78,13.79,13.8,13.81,13.82,13.83,13.84,13.85,13.86,3600,5600,1900,23800,6700,2000,300,7600,16100,26100,34900,138700,82500,132200,8200,20300,6500,57000,31200,9100
8161.0,13.77,13348200,180954801.0,13.75,13.74,13.73,13.72,13.71,13.7,13.69,13.68,13.67,13.66,13.77,13.78,13.79,13.8,13.81,13.82,13.83,13.84,13.85,13.86,4800,5600,1900,23800,6700,2000,300,7600,16100,26100,27100,138700,82500,132200,8200,20300,6500,57600,31200,9100
8162.0,13.77,13348200,180954801.0,13.75,13.74,13.73,13.72,13.71,13.7,13.69,13.68,13.67,13.66,13.77,13.78,13.79,13.8,13.81,13.82,13.83,13.84,13.85,13.86,4800,5600,1900,23800,6700,2000,300,7600,16100,26100,27100,138700,82500,132200,8200,20300,6500,57600,31200,12100
8163.0,13.77,13368200,181230201.0,13.75,13.74,13.73,13.72,13.71,13.7,13.69,13.68,13.67,13.66,13.77,13.78,13.79,13.8,13.81,13.82,13.83,13.84,13.85,13.86,6000,5600,1900,23800,6700,2000,300,7600,16100,26100,8300,138700,82500,132200,8200,20300,6500,57600,31200,12100
8164.0,13.76,13369800,181252211.0,13.76,13.75,13.74,13.73,13.72,13.71,13.7,13.69,13.68,13.67,13.77,13.78,13.79,13.8,13.81,13.82,13.83,13.84,13.85,13.86,2800,5400,5600,1900,23800,6700,2000,300,7600,16100,8300,138700,82500,132200,8200,20300,6500,57600,31200,12100
8165.0,13.76,13369800,181252211.0,13.76,13.75,13.74,13.73,13.72,13.71,13.7,13.69,13.68,13.67,13.77,13.78,13.79,13.8,13.81,13.82,13.83,13.84,13.85,13.86,2800,5400,5600,1900,23800,6700,2000,300,7600,16100,8300,138700,82500,132200,8200,20300,6500,57600,31200,12100
8166.0,13.77,13378100,181366502.0,13.77,13.76,13.75,13.74,13.73,13.72,13.71,13.7,13.69,13.68,13.78,13.79,13.8,13.81,13.82,13.83,13.84,13.85,13.86,13.87,7400,2800,5400,5600,1900,23800,6700,2000,300,7600,139200,82500,132200,8200,20300,6500,57600,31200,12100,19500
8167.0,13.77,13378800,181376141.0,13.77,13.76,13.75,13.74,13.73,13.72,13.71,13.7,13.69,13.68,13.78,13.79,13.8,13.81,13.82,13.83,13.84,13.85,13.86,13.87,12200,2800,5400,5600,1900,23800,6700,2000,300,7600,139200,82500,132200,8200,20300,6500,57600,31200,12100,19500
8168.0,13.78,13380700,181402323.0,13.77,13.76,13.75,13.74,13.73,13.72,13.71,13.7,13.69,13.68,13.78,13.79,13.8,13.81,13.82,13.83,13.84,13.85,13.86,13.87,12200,2800,5400,5600,1900,23800,6700,2000,300,7600,137300,82500,132200,8200,20300,6500,57600,31200,12100,19500
8169.0,13.78,13380800,181403701.0,13.77,13.76,13.75,13.74,13.73,13.72,13.71,13.7,13.69,13.68,13.78,13.79,13.8,13.81,13.82,13.83,13.84,13.85,13.86,13.87,12200,2800,5400,5600,1900,23800,6700,2000,300,7600,137200,82500,133200,8200,20300,6500,57600,31200,12100,19500
8170.0,13.78,13385000,181461555.0,13.77,13.75,13.74,13.73,13.72,13.71,13.7,13.69,13.68,13.67,13.78,13.79,13.8,13.81,13.82,13.83,13.84,13.85,13.86,13.87,10000,5400,5600,1900,23800,6700,2000,300,7600,16100,135200,82500,133200,8200,20300,6500,57600,31200,12100,19500
8171.0,13.78,13385000,181461555.0,13.77,13.75,13.74,13.73,13.72,13.71,13.7,13.69,13.68,13.67,13.78,13.79,13.8,13.81,13.82,13.83,13.84,13.85,13.86,13.87,10000,5400,5600,1900,23800,6700,2000,300,7600,16100,135200,82500,133200,8200,20300,6500,57600,31200,12100,19500
8172.0,13.77,13385700,181471194.0,13.77,13.76,13.75,13.74,13.73,13.72,13.71,13.7,13.69,13.68,13.78,13.79,13.8,13.81,13.82,13.83,13.84,13.85,13.86,13.87,9300,200,5400,5600,1900,23800,6700,2000,300,7600,135200,82500,133200,8200,20300,6500,57600,31200,12100,19500
8173.0,13.77,13386700,181484964.0,13.77,13.76,13.75,13.74,13.73,13.72,13.71,13.7,13.69,13.68,13.78,13.79,13.8,13.81,13.82,13.83,13.84,13.85,13.86,13.87,10300,200,5400,5600,1900,23800,6700,2000,300,7600,135200,82500,133200,8200,20300,6500,57600,31200,12100,19500
8174.0,13.78,13392300,181562132.0,13.77,13.76,13.75,13.74,13.73,13.72,13.71,13.7,13.69,13.68,13.78,13.79,13.8,13.81,13.82,13.83,13.84,13.85,13.86,13.87,10400,200,5400,5600,1900,23800,6700,2000,300,7600,129600,82500,103200,8200,20300,6500,57600,31200,12100,19500
8175.0,13.78,13404700,181732897.0,13.76,13.75,13.74,13.73,13.72,13.71,13.7,13.69,13.68,13.67,13.78,13.79,13.8,13.81,13.82,13.83,13.84,13.85,13.86,13.87,200,5400,5600,1900,23800,6700,2000,300,7600,16100,127900,80800,103200,8200,20300,6500,57600,31200,12100,19500
8176.0,13.78,13404700,181732897.0,13.76,13.75,13.74,13.73,13.72,13.71,13.7,13.69,13.68,13.67,13.78,13.79,13.8,13.81,13.82,13.83,13.84,13.85,13.86,13.87,1900,5400,5600,1900,23800,6700,2000,300,7600,16100,129600,80800,103200,8200,20300,6500,57600,31200,12100,19500
8177.0,13.78,13406500,181757691.0,13.76,13.75,13.74,13.73,13.72,13.71,13.7,13.69,13.68,13.67,13.78,13.79,13.8,13.81,13.82,13.83,13.84,13.85,13.86,13.87,1400,5400,5600,1900,23800,6700,2000,300,7600,16100,128300,80200,103200,8200,20300,6500,57600,31200,12100,19500
8178.0,13.78,13407300,181768713.0,13.76,13.75,13.74,13.73,13.72,13.71,13.7,13.69,13.68,13.67,13.78,13.79,13.8,13.81,13.82,13.83,13.84,13.85,13.86,13.87,3000,5400,5600,1900,23800,6700,2000,300,7600,16100,129300,80200,103200,8200,20300,6500,57600,31200,12100,19500
8179.0,13.78,13407400,181770091.0,13.76,13.75,13.74,13.73,13.72,13.71,13.7,13.69,13.68,13.67,13.78,13.79,13.8,13.81,13.82,13.83,13.84,13.85,13.86,13.87,3000,5400,5600,1900,23800,6700,2000,300,7600,16100,129200,80200,103200,8200,20300,6500,57600,31200,12100,19500
8180.0,13.77,13409300,181796245.0,13.77,13.76,13.75,13.74,13.73,13.72,13.71,13.7,13.69,13.68,13.78,13.79,13.8,13.81,13.82,13.83,13.84,13.85,13.86,13.87,500,3700,5400,5600,1900,23800,6700,2000,300,7600,130800,80200,103200,8200,20300,6500,57600,31200,12100,19500
8181.0,13.78,13410200,181808647.0,13.77,13.76,13.75,13.74,13.73,13.72,13.71,13.7,13.69,13.68,13.78,13.79,13.8,13.81,13.82,13.83,13.84,13.85,13.86,13.87,500,3700,5400,5600,1900,23800,6700,2000,300,7600,129900,80200,103200,8200,20300,6500,57600,31200,12100,19500
8182.0,13.78,13413700,181856877.0,13.77,13.76,13.75,13.74,13.73,13.72,13.71,13.7,13.69,13.68,13.78,13.79,13.8,13.81,13.82,13.83,13.84,13.85,13.86,13.87,700,3700,5400,5600,1900,23800,6700,2000,300,7600,126400,80200,103200,8200,20300,6500,57600,31200,12100,19500
8183.0,13.78,13413700,181856877.0,13.77,13.76,13.75,13.74,13.73,13.72,13.71,13.7,13.69,13.68,13.78,13.79,13.8,13.81,13.82,13.83,13.84,13.85,13.86,13.87,700,3700,5400,5600,1900,23800,6700,2000,300,7600,126400,80200,102200,8200,20300,6500,57600,31200,12100,19500
8184.0,13.78,13413700,181856877.0,13.77,13.76,13.75,13.74,13.73,13.72,13.71,13.7,13.69,13.68,13.78,13.79,13.8,13.81,13.82,13.83,13.84,13.85,13.86,13.87,700,3700,5400,5600,1900,23800,6700,2000,300,7600,126400,80200,102200,8200,20300,6500,57600,31200,12100,19500
8185.0,13.78,13416500,181895461.0,13.77,13.76,13.75,13.74,13.73,13.72,13.71,13.7,13.68,13.67,13.78,13.79,13.8,13.81,13.82,13.83,13.84,13.85,13.86,13.87,700,3700,5400,5600,1900,23800,6700,2000,7600,16100,124600,80200,102200,8200,20300,6500,57600,31200,12100,19500
8186.0,13.78,13416500,181895461.0,13.77,13.76,13.75,13.74,13.73,13.72,13.71,13.7,13.68,13.67,13.78,13.79,13.8,13.81,13.82,13.83,13.84,13.85,13.86,13.87,700,3700,5400,5600,1900,23800,6700,2000,7600,16100,124600,80200,102200,8200,20300,6500,57600,31200,12100,19500
8187.0,13.78,13416500,181895461.0,13.77,13.76,13.75,13.74,13.73,13.72,13.71,13.7,13.68,13.67,13.78,13.79,13.8,13.81,13.82,13.83,13.84,13.85,13.86,13.87,700,3700,5400,5600,1900,23800,6700,2000,7600,16100,124600,80200,102200,9000,20300,6500,57600,31200,12100,19500
8188.0,13.77,13417900,181914746.0,13.76,13.75,13.74,13.73,13.72,13.71,13.7,13.68,13.67,13.66,13.77,13.78,13.79,13.8,13.81,13.82,13.83,13.84,13.85,13.86,3700,5400,5600,1900,23800,6700,2000,7600,16100,26100,400,123900,80200,102200,9000,20300,6500,57600,31200,12100
8189.0,13.78,13419900,181942302.0,13.76,13.75,13.74,13.73,13.72,13.71,13.7,13.68,13.67,13.66,13.78,13.79,13.8,13.81,13.82,13.83,13.84,13.85,13.86,13.87,3700,5400,5600,1900,23800,6700,2000,7600,16100,26100,122300,80200,102200,9000,20300,6500,57600,31200,12100,19500
8190.0,13.78,13424200,182001548.0,13.76,13.75,13.74,13.73,13.72,13.71,13.7,13.68,13.67,13.66,13.78,13.79,13.8,13.81,13.82,13.83,13.84,13.85,13.86,13.87,5400,5400,5600,1900,23800,6700,2000,7600,16100,26100,120500,80200,102200,9000,20300,6500,57600,31200,12100,19500
8191.0,13.78,13429300,182071794.0,13.76,13.75,13.74,13.73,13.72,13.71,13.7,13.68,13.67,13.66,13.78,13.79,13.8,13.81,13.82,13.83,13.84,13.85,13.86,13.87,5500,5400,5600,1900,23800,6700,2000,7600,16100,26100,118700,80200,102200,9000,20300,6500,57600,31200,12100,19500
8192.0,13.78,13429300,182071794.0,13.76,13.75,13.74,13.73,13.72,13.71,13.7,13.68,13.67,13.66,13.77,13.78,13.79,13.8,13.81,13.82,13.83,13.84,13.85,13.86,7200,5400,5600,1900,23800,6700,2000,7600,16100,26100,100,120400,80200,102200,9000,20300,6500,57600,31200,12100
8193.0,13.78,13435700,182159971.0,13.76,13.75,13.74,13.73,13.72,13.71,13.7,13.68,13.67,13.66,13.78,13.79,13.8,13.81,13.82,13.83,13.84,13.85,13.86,13.87,6500,5400,5600,1900,23800,6700,2000,7400,16100,26100,114800,80200,102200,9000,20300,6500,57600,31200,12100,19500
8194.0,13.78,13438100,182193043.0,13.76,13.75,13.74,13.73,13.72,13.71,13.7,13.68,13.67,13.66,13.78,13.79,13.8,13.81,13.82,13.83,13.84,13.85,13.86,13.87,6500,5400,5600,1900,23800,6700,2000,7400,16100,26100,112400,80200,102200,9000,20300,6500,57600,31200,12100,19500
8195.0,13.78,13453800,182409389.0,13.76,13.75,13.74,13.73,13.72,13.71,13.7,13.68,13.67,13.66,13.77,13.78,13.79,13.8,13.81,13.82,13.83,13.84,13.85,13.86,7200,5400,5600,1900,23800,6700,2000,7400,16100,26100,20000,97400,80200,102200,9800,20300,6500,57600,31200,12100
8196.0,13.76,13454500,182419021.0,13.76,13.75,13.74,13.73,13.72,13.71,13.7,13.68,13.67,13.66,13.77,13.78,13.79,13.8,13.81,13.82,13.83,13.84,13.85,13.86,6500,5400,5600,1900,23800,6700,2400,7400,16100,26100,20000,97400,80200,100100,9800,20300,6500,57600,31200,12100
8197.0,13.77,13454600,182420398.0,13.76,13.75,13.74,13.73,13.72,13.71,13.7,13.68,13.67,13.66,13.77,13.78,13.79,13.8,13.81,13.82,13.83,13.84,13.85,13.86,6500,8000,5600,1900,23800,6700,2400,7400,16100,26100,19900,97400,80200,100100,9800,20300,6500,57600,31200,12100
8198.0,13.77,13466300,182581507.0,13.76,13.75,13.74,13.73,13.72,13.71,13.7,13.68,13.67,13.66,13.77,13.78,13.79,13.8,13.81,13.82,13.83,13.84,13.85,13.86,6500,8000,5600,1900,23800,6700,2400,7400,16100,26100,9800,97400,80200,100100,9800,20300,6500,57600,31200,12100
8199.0,13.77,13467500,182598025.0,13.76,13.75,13.74,13.73,13.72,13.71,13.7,13.68,13.67,13.66,13.77,13.78,13.79,13.8,13.81,13.82,13.83,13.84,13.85,13.86,5900,8000,3800,1900,23800,6700,2400,7400,16100,26100,9200,97400,80200,100100,9800,20300,6500,57600,31200,12100
8200.0,13.77,13467500,182598025.0,13.76,13.75,13.74,13.73,13.72,13.71,13.7,13.68,13.67,13.66,13.77,13.78,13.79,13.8,13.81,13.82,13.83,13.84,13.85,13.86,5900,8000,3800,1900,23800,6700,2400,7400,16100,26100,9200,97400,80500,100000,9800,20300,6500,57600,31200,12100
8201.0,13.77,13467500,182598025.0,13.76,13.75,13.74,13.73,13.72,13.71,13.7,13.68,13.67,13.66,13.77,13.78,13.79,13.8,13.81,13.82,13.83,13.84,13.85,13.86,5900,8000,3800,1900,23800,4300,2400,7400,16100,26100,9200,97400,80500,100000,9800,20300,6500,57600,31200,12100
8202.0,13.76,13469800,182629680.0,13.76,13.75,13.74,13.73,13.72,13.71,13.7,13.68,13.67,13.66,13.77,13.78,13.79,13.8,13.81,13.82,13.83,13.84,13.85,13.86,4300,8000,3800,1900,23800,4300,2400,7400,17100,26100,8500,97400,80500,99000,9800,20300,6500,57600,31200,12100
8203.0,13.76,13469800,182629680.0,13.76,13.75,13.74,13.73,13.72,13.71,13.7,13.68,13.67,13.66,13.77,13.78,13.79,13.8,13.81,13.82,13.83,13.84,13.85,13.86,4300,8000,3800,1900,23800,4300,2400,7400,17100,26100,8500,97400,80500,99000,9800,20300,6500,57600,31200,12100
8204.0,13.76,13469800,182629680.0,13.76,13.75,13.74,13.73,13.72,13.71,13.7,13.68,13.67,13.66,13.77,13.78,13.79,13.8,13.81,13.82,13.83,13.84,13.85,13.86,5800,8000,3800,1900,23800,4300,3600,7400,17100,26100,8500,98400,80500,99000,9800,20300,6500,57600,31200,12100
8205.0,13.77,13473200,182676492.0,13.76,13.75,13.74,13.73,13.72,13.71,13.7,13.68,13.67,13.66,13.77,13.78,13.79,13.8,13.81,13.82,13.83,13.84,13.85,13.86,5200,8000,3800,1900,23800,4300,3600,7400,17100,26100,5700,103400,80500,99000,9800,20300,6500,57600,31200,12100
8206.0,13.77,13473200,182676492.0,13.76,13.75,13.74,13.73,13.72,13.71,13.7,13.68,13.67,13.66,13.77,13.78,13.79,13.8,13.81,13.82,13.83,13.84,13.85,13.86,5200,8000,3800,1900,23800,4300,3600,7400,17100,26100,5700,103400,80500,99000,9800,20300,6500,57600,31200,12100
8207.0,13.76,13476100,182716396.0,13.76,13.75,13.74,13.73,13.72,13.71,13.7,13.68,13.67,13.66,13.77,13.78,13.79,13.8,13.81,13.82,13.83,13.84,13.85,13.86,2300,8000,3800,1900,23800,4300,2600,7400,17100,26100,5700,103400,80500,99000,9800,20300,6500,57600,31200,12100
8208.0,13.76,13476100,182716396.0,13.76,13.75,13.74,13.73,13.72,13.71,13.7,13.68,13.67,13.66,13.77,13.78,13.79,13.8,13.81,13.82,13.83,13.84,13.85,13.86,2300,8000,3800,1900,23800,4300,2600,7400,17100,26100,5700,103600,80500,99000,9800,20300,6500,57600,31200,12100
8209.0,13.77,13476700,182724658.0,13.76,13.75,13.74,13.73,13.72,13.71,13.7,13.68,13.67,13.66,13.77,13.78,13.79,13.8,13.81,13.82,13.83,13.84,13.85,13.86,2300,8000,3800,1900,23800,4300,2600,7400,17100,26100,5100,105200,80500,99000,9800,20300,6500,57600,31200,12100
8210.0,13.76,13476900,182727410.0,13.76,13.75,13.74,13.73,13.72,13.71,13.7,13.68,13.67,13.66,13.77,13.78,13.79,13.8,13.81,13.82,13.83,13.84,13.85,13.86,2100,8000,3800,1900,23800,4300,2600,7400,17100,26100,5100,105200,80500,99000,9800,20300,6500,57600,31200,12100
8211.0,13.76,13476900,182727410.0,13.76,13.75,13.74,13.73,13.72,13.71,13.7,13.68,13.67,13.66,13.77,13.78,13.79,13.8,13.81,13.82,13.83,13.84,13.85,13.86,2100,9800,3800,1900,23800,4300,2600,7400,17100,26100,5100,105400,80500,99000,9800,20300,6500,57600,31200,12100
8212.0,13.78,13482300,182801771.0,13.76,13.75,13.74,13.73,13.72,13.71,13.7,13.68,13.67,13.66,13.78,13.79,13.8,13.81,13.82,13.83,13.84,13.85,13.86,13.87,2100,9800,3800,1900,23800,4300,2600,7400,17100,26100,105100,80500,99000,9800,20300,6500,57600,31200,12200,19500
8213.0,13.76,13482900,182810027.0,13.76,13.75,13.74,13.73,13.72,13.71,13.7,13.68,13.67,13.66,13.78,13.79,13.8,13.81,13.82,13.83,13.84,13.85,13.86,13.87,2700,9800,3800,1900,23800,4300,2600,7400,17100,26100,106300,80500,99000,9800,20300,6500,57600,31200,12200,19500
8214.0,13.76,13482900,182810027.0,13.76,13.75,13.74,13.73,13.72,13.71,13.7,13.68,13.67,13.66,13.78,13.79,13.8,13.81,13.82,13.83,13.84,13.85,13.86,13.87,2700,9800,3800,1900,23800,4300,2600,7400,17100,26100,106800,80500,99000,9800,20300,6500,57600,31800,12200,19500
8215.0,13.78,13483400,182816913.0,13.76,13.75,13.74,13.73,13.72,13.71,13.7,13.68,13.67,13.66,13.78,13.79,13.8,13.81,13.82,13.83,13.84,13.85,13.86,13.87,4600,10500,3800,1900,23800,4300,2600,7400,17100,26100,108600,80500,99000,9800,20300,6500,57600,31800,12200,19500
8216.0,13.78,13484900,182837583.0,13.76,13.75,13.74,13.73,13.72,13.71,13.7,13.68,13.67,13.66,13.77,13.78,13.79,13.8,13.81,13.82,13.83,13.84,13.85,13.86,5600,10500,3800,1900,23800,4300,2600,7400,17100,26100,5000,107100,80500,99000,9800,20300,6500,57600,31800,12200
8217.0,13.77,13488200,182883024.0,13.76,13.75,13.74,13.73,13.72,13.71,13.7,13.68,13.67,13.66,13.77,13.78,13.79,13.8,13.81,13.82,13.83,13.84,13.85,13.86,5600,10500,3800,1900,23800,4300,2600,7400,17100,26100,1700,107100,80500,99000,9800,20300,6500,57600,31800,12200
8218.0,13.77,13489700,182903674.0,13.76,13.75,13.74,13.73,13.72,13.71,13.7,13.68,13.67,13.66,13.77,13.78,13.79,13.8,13.81,13.82,13.83,13.84,13.85,13.86,5100,10500,3800,1900,23800,4300,2600,7400,17300,26100,700,107100,80500,99000,9800,20300,6500,57600,31800,12200
8219.0,13.77,13490300,182911936.0,13.76,13.75,13.74,13.73,13.72,13.71,13.7,13.68,13.67,13.66,13.77,13.78,13.79,13.8,13.81,13.82,13.83,13.84,13.85,13.86,5100,10500,3800,1900,23800,4300,2600,7400,17300,26100,100,107100,80500,99000,9800,20300,6500,57600,31800,12200
8220.0,13.78,13493900,182961527.0,13.76,13.75,13.74,13.73,13.72,13.71,13.7,13.68,13.67,13.66,13.78,13.79,13.8,13.81,13.82,13.83,13.84,13.85,13.86,13.87,4300,11500,3800,1900,23800,4300,2600,7400,17300,26100,104400,80500,99000,9800,20300,6500,57600,31800,12200,19500
8221.0,13.76,13494300,182967031.0,13.76,13.75,13.74,13.73,13.72,13.71,13.7,13.68,13.67,13.66,13.78,13.79,13.8,13.81,13.82,13.83,13.84,13.85,13.86,13.87,5100,11500,3800,1900,23800,4300,4200,7400,17300,26100,105600,80500,99000,9800,20300,6500,57600,31800,12200,19500
8222.0,13.76,13494300,182967031.0,13.76,13.75,13.74,13.73,13.72,13.71,13.7,13.68,13.67,13.66,13.78,13.79,13.8,13.81,13.82,13.83,13.84,13.85,13.86,13.87,5900,11500,3800,1900,23800,4300,4200,7400,17300,26100,106400,80500,99000,9800,20300,6500,57600,31800,12200,19500
8223.0,13.76,13494800,182973911.0,13.76,13.75,13.74,13.73,13.72,13.71,13.7,13.68,13.67,13.66,13.77,13.78,13.79,13.8,13.81,13.82,13.83,13.84,13.85,13.86,6500,11500,3800,1900,20500,4300,4200,7400,17300,26100,200,109200,80500,99000,9800,20300,6500,57600,31800,12200
8224.0,13.76,13496100,182991799.0,13.76,13.75,13.74,13.73,13.72,13.71,13.7,13.68,13.67,13.66,13.77,13.78,13.79,13.8,13.81,13.82,13.83,13.84,13.85,13.86,11300,11500,3800,1900,20500,4300,4200,7400,17300,26100,200,109200,80500,99000,9800,20300,6500,57600,31800,12200
8225.0,13.76,13496100,182991799.0,13.76,13.75,13.74,13.73,13.72,13.71,13.7,13.68,13.67,13.66,13.77,13.78,13.79,13.8,13.81,13.82,13.83,13.84,13.85,13.86,11300,11500,3800,1900,20500,4300,4200,7400,17300,26100,200,109200,80500,99000,9800,20300,6500,57600,31800,12200
8226.0,13.76,13497200,183006935.0,13.76,13.75,13.74,13.73,13.72,13.71,13.7,13.68,13.67,13.66,13.77,13.78,13.79,13.8,13.81,13.82,13.83,13.84,13.85,13.86,10200,11500,3800,1900,20500,4300,4200,7400,17300,26100,200,109200,80500,99000,9800,20300,6500,57600,31800,12200
8227.0,13.76,13497200,183006935.0,13.76,13.75,13.74,13.73,13.72,13.71,13.7,13.68,13.67,13.66,13.77,13.78,13.79,13.8,13.81,13.82,13.83,13.84,13.85,13.86,10200,11500,3800,1900,20500,4300,4200,7400,17300,26100,200,109400,80500,99000,9800,20300,6500,57600,31800,12200
8228.0,13.76,13497200,183006935.0,13.76,13.75,13.74,13.73,13.72,13.71,13.7,13.68,13.67,13.66,13.77,13.78,13.79,13.8,13.81,13.82,13.83,13.84,13.85,13.86,10200,11500,3800,1900,20500,4300,4200,7400,17300,26100,300,109400,80500,99000,9800,20300,6500,57600,31800,12200
8229.0,13.76,13497900,183016567.0,13.76,13.75,13.74,13.73,13.72,13.71,13.7,13.68,13.67,13.66,13.77,13.78,13.79,13.8,13.81,13.82,13.83,13.84,13.85,13.86,9500,11500,3800,1900,20500,4300,4200,7400,17300,26100,300,109400,80500,99000,9800,20300,6500,57600,31800,12200
8230.0,13.76,13497900,183016567.0,13.76,13.75,13.74,13.73,13.72,13.71,13.7,13.68,13.67,13.66,13.77,13.78,13.79,13.8,13.81,13.82,13.83,13.84,13.85,13.86,9500,11500,3800,1900,20500,4300,4200,7400,17300,26100,300,109500,80500,99000,9800,20300,6500,57600,31800,12200
8231.0,13.76,13497900,183016567.0,13.76,13.75,13.74,13.73,13.72,13.71,13.7,13.68,13.67,13.66,13.77,13.78,13.79,13.8,13.81,13.82,13.83,13.84,13.85,13.86,9500,11500,3800,1900,20500,4300,4200,7400,17300,26100,300,110600,80500,99000,9800,20300,6500,57600,31800,12200
8232.0,13.77,13498700,183027576.0,13.76,13.75,13.74,13.73,13.72,13.71,13.7,13.68,13.67,13.66,13.77,13.78,13.79,13.8,13.81,13.82,13.83,13.84,13.85,13.86,8800,11500,3800,1900,20500,4300,4200,7400,17300,26100,200,110600,80500,99000,9800,20300,6500,57600,31800,12200
8233.0,13.77,13498700,183027576.0,13.76,13.75,13.74,13.73,13.72,13.71,13.7,13.68,13.67,13.66,13.77,13.78,13.79,13.8,13.81,13.82,13.83,13.84,13.85,13.86,8800,11500,3800,1900,20500,4300,4200,7400,17300,26100,200,110600,80500,99000,9800,20300,6500,57600,31800,12200
8234.0,13.77,13498700,183027576.0,13.76,13.75,13.74,13.73,13.72,13.71,13.7,13.68,13.67,13.66,13.77,13.78,13.79,13.8,13.81,13.82,13.83,13.84,13.85,13.86,8800,11500,3800,1900,20500,4300,4200,7400,17300,26100,200,110600,80500,99000,9800,20300,6500,57600,31800,12200
8235.0,13.76,13500800,183056472.0,13.76,13.75,13.74,13.73,13.72,13.71,13.7,13.68,13.67,13.66,13.77,13.78,13.79,13.8,13.81,13.82,13.83,13.84,13.85,13.86,7400,11500,3800,1900,20500,4300,4200,7400,17300,26100,200,110600,80500,99000,9800,20300,6500,57600,31800,12200
8236.0,13.77,13501000,183059226.0,13.76,13.75,13.74,13.73,13.72,13.71,13.7,13.68,13.67,13.66,13.78,13.79,13.8,13.81,13.82,13.83,13.84,13.85,13.86,13.87,7400,11500,3800,1900,20500,4300,4200,7400,17300,26100,110600,80500,99000,9800,20300,7500,57600,31800,12200,19500
8237.0,13.77,13501000,183059226.0,13.76,13.75,13.74,13.73,13.72,13.71,13.7,13.68,13.67,13.66,13.78,13.79,13.8,13.81,13.82,13.83,13.84,13.85,13.86,13.87,7400,11500,3800,1900,20500,4300,4200,7400,17300,26100,110600,80500,99000,9800,20300,7500,57600,31800,12200,19500
8238.0,13.76,13501700,183068858.0,13.76,13.75,13.74,13.73,13.72,13.71,13.7,13.68,13.67,13.66,13.78,13.79,13.8,13.81,13.82,13.83,13.84,13.85,13.86,13.87,9500,11500,3800,1900,20500,4300,4200,7400,17300,26100,111900,80500,104000,9800,20300,7500,57600,31800,12200,19500
8239.0,13.78,13501900,183071614.0,13.76,13.75,13.74,13.73,13.72,13.71,13.7,13.68,13.67,13.66,13.78,13.79,13.8,13.81,13.82,13.83,13.84,13.85,13.86,13.87,10300,11500,3800,1900,20500,4300,4200,7400,17300,26100,118500,80500,104000,9800,20300,7500,57600,31800,12200,19500
8240.0,13.76,13502700,183082624.0,13.76,13.75,13.74,13.73,13.72,13.71,13.7,13.68,13.67,13.66,13.77,13.78,13.79,13.8,13.81,13.82,13.83,13.84,13.85,13.86,10800,11500,3800,1900,20500,4300,4200,7400,17300,26100,800,119600,80500,104000,9800,20300,7500,57600,31800,12200
8241.0,13.77,13503000,183086755.0,13.76,13.75,13.74,13.73,13.72,13.71,13.7,13.68,13.67,13.66,13.77,13.78,13.79,13.8,13.81,13.82,13.83,13.84,13.85,13.86,10800,11500,3800,1900,20500,4300,4200,7400,17300,26100,900,119600,80500,104000,9800,20300,7500,57600,31800,12200
8242.0,13.77,13503000,183086755.0,13.76,13.75,13.74,13.73,13.72,13.71,13.7,13.68,13.67,13.66,13.77,13.78,13.79,13.8,13.81,13.82,13.83,13.84,13.85,13.86,11000,11500,3800,1900,20500,4300,4200,7400,17300,26100,1400,124600,80500,104000,9800,20300,7500,57600,31800,12200
8243.0,13.76,13503700,183096387.0,13.76,13.75,13.74,13.73,13.72,13.71,13.7,13.68,13.67,13.66,13.77,13.78,13.79,13.8,13.81,13.82,13.83,13.84,13.85,13.86,10300,11500,3800,1900,20500,4300,4200,7400,17300,26100,1400,132600,80500,104000,9800,20300,7500,59100,31800,12200
8244.0,13.78,13506000,183128067.0,13.76,13.75,13.74,13.73,13.72,13.71,13.7,13.68,13.67,13.66,13.78,13.79,13.8,13.81,13.82,13.83,13.84,13.85,13.86,13.87,11100,11500,3800,1900,20500,4300,4200,7400,17300,26100,131700,80500,104000,9800,20300,7500,59100,31800,12200,19500
8245.0,13.76,13506700,183137699.0,13.76,13.75,13.74,13.73,13.72,13.71,13.7,13.68,13.67,13.66,13.78,13.79,13.8,13.81,13.82,13.83,13.84,13.85,13.86,13.87,10800,11500,3800,1900,20500,4300,4200,7400,17300,26100,141400,80700,104000,9800,20300,7500,59100,31800,12200,19500
8246.0,13.78,13509000,183169351.0,13.76,13.75,13.74,13.73,13.72,13.71,13.7,13.68,13.67,13.66,13.78,13.79,13.8,13.81,13.82,13.83,13.84,13.85,13.86,13.87,8700,11500,3800,1900,20500,4300,4200,7400,17300,26100,141900,80700,104000,9800,20300,7500,59100,31800,12200,19500
8247.0,13.78,13509000,183169351.0,13.76,13.75,13.74,13.73,13.72,13.71,13.7,13.68,13.67,13.66,13.78,13.79,13.8,13.81,13.82,13.83,13.84,13.85,13.86,13.87,9900,11500,3800,1900,20500,4300,4200,7400,17300,26100,142400,80700,104000,9800,20300,7500,59100,31800,12200,19500
8248.0,13.78,13509000,183169351.0,13.76,13.75,13.74,13.73,13.72,13.71,13.7,13.68,13.67,13.66,13.78,13.79,13.8,13.81,13.82,13.83,13.84,13.85,13.86,13.87,9900,11500,3800,1900,20500,4300,4200,7400,17300,26100,142400,80700,104000,9800,20300,7500,59100,31800,12200,19500
8249.0,13.78,13511200,183199653.0,13.76,13.75,13.74,13.73,13.72,13.71,13.7,13.68,13.67,13.66,13.78,13.79,13.8,13.81,13.82,13.83,13.84,13.85,13.86,13.87,9900,11500,3800,1900,20500,4300,4200,7400,17300,26100,142100,80700,104000,9800,20300,7500,59100,31800,12200,19500
8250.0,13.78,13511200,183199653.0,13.76,13.75,13.74,13.73,13.72,13.71,13.7,13.68,13.67,13.66,13.78,13.79,13.8,13.81,13.82,13.83,13.84,13.85,13.86,13.87,10300,11500,3800,1900,20500,4300,4200,7400,17300,26100,142500,80700,104000,9800,20300,7500,59100,31800,12200,19500
8251.0,13.78,13511200,183199653.0,13.76,13.75,13.74,13.73,13.72,13.71,13.7,13.68,13.67,13.66,13.78,13.79,13.8,13.81,13.82,13.83,13.84,13.85,13.86,13.87,11000,11500,3800,1900,20500,4300,4200,7400,17300,26100,143200,80700,104000,9800,20300,7500,59100,31800,12200,19500
8252.0,13.78,13514700,183247855.0,13.77,13.76,13.75,13.74,13.73,13.72,13.71,13.7,13.68,13.67,13.78,13.79,13.8,13.81,13.82,13.83,13.84,13.85,13.86,13.87,2000,10000,11500,3800,1900,20500,4300,4200,7400,17300,141500,80700,104000,9800,20300,7500,59100,31800,12200,19500
8253.0,13.78,13514700,183247855.0,13.77,13.76,13.75,13.74,13.73,13.72,13.71,13.7,13.68,13.67,13.78,13.79,13.8,13.81,13.82,13.83,13.84,13.85,13.86,13.87,2000,10000,11500,3800,1900,20500,4300,4200,7400,17300,141500,80700,104000,9800,20300,7500,59100,31800,12200,19500
8254.0,13.76,13527900,183429531.0,13.75,13.74,13.73,13.72,13.71,13.7,13.68,13.67,13.66,13.65,13.76,13.78,13.79,13.8,13.81,13.82,13.83,13.84,13.85,13.86,11500,3800,1900,20500,4300,4200,7400,17300,26100,43200,12500,140400,80700,104000,9800,20300,7500,59100,31800,12200
8255.0,13.76,13531200,183474932.0,13.75,13.74,13.73,13.72,13.71,13.7,13.68,13.67,13.66,13.65,13.76,13.78,13.79,13.8,13.81,13.82,13.83,13.84,13.85,13.86,10800,3800,1900,20500,4300,4200,7400,17300,26100,43200,9900,140400,80700,104000,9800,20300,7500,59100,31800,12200
8256.0,13.76,13531200,183474932.0,13.75,13.74,13.73,13.72,13.71,13.7,13.68,13.67,13.66,13.65,13.76,13.78,13.79,13.8,13.81,13.82,13.83,13.84,13.85,13.86,10800,3800,1900,20500,4300,4200,7400,17300,26100,43200,9900,140400,80700,104000,9800,20300,7500,59100,31800,12200
8257.0,13.75,13532600,183494182.0,13.75,13.74,13.73,13.72,13.71,13.7,13.68,13.67,13.66,13.65,13.76,13.78,13.79,13.8,13.81,13.82,13.83,13.84,13.85,13.86,9400,3800,1900,20500,4300,4200,7400,17300,26100,43200,9900,140400,80700,104000,9800,20300,7500,59100,31800,12200
8258.0,13.76,13533400,183505183.0,13.75,13.74,13.73,13.72,13.71,13.7,13.68,13.67,13.66,13.65,13.76,13.77,13.78,13.79,13.8,13.81,13.82,13.83,13.84,13.85,8700,3800,1900,20500,4300,4200,7400,17300,26100,43200,9800,100,140400,81200,104000,9800,20300,7500,59100,31800
8259.0,13.76,13534400,183518936.0,13.75,13.74,13.73,13.72,13.71,13.7,13.68,13.67,13.66,13.65,13.76,13.77,13.78,13.79,13.8,13.81,13.82,13.83,13.84,13.85,8000,3800,1900,20500,4300,4200,7400,17300,26100,43200,9500,100,140400,81200,104000,9800,20300,7500,59100,31800
8260.0,13.76,13534400,183518936.0,13.75,13.74,13.73,13.72,13.71,13.7,13.68,13.67,13.66,13.65,13.76,13.77,13.78,13.79,13.8,13.81,13.82,13.83,13.84,13.85,8000,3800,1900,20500,4300,4300,7400,17300,26100,43200,9500,100,140400,81700,104000,9800,20300,7500,59100,31800
8261.0,13.76,13535400,183532689.0,13.75,13.74,13.73,13.72,13.71,13.7,13.68,13.67,13.66,13.65,13.76,13.77,13.78,13.79,13.8,13.81,13.82,13.83,13.84,13.85,7300,3800,1900,20500,4300,4300,7400,17300,26100,43200,9200,100,140400,81700,104000,9800,20300,7500,59100,31800
8262.0,13.76,13535800,183538193.0,13.75,13.74,13.73,13.72,13.71,13.7,13.68,13.67,13.66,13.65,13.76,13.77,13.78,13.79,13.8,13.81,13.82,13.83,13.84,13.85,6600,3900,1900,20500,4300,4300,7400,17300,26100,43200,8800,100,143900,81700,104000,9800,20300,7500,59100,31800
8263.0,13.75,13536400,183546443.0,13.75,13.74,13.73,13.72,13.71,13.7,13.68,13.67,13.66,13.65,13.76,13.77,13.78,13.79,13.8,13.81,13.82,13.83,13.84,13.85,6000,3900,1900,20500,4300,4300,7400,17300,26100,43200,8800,1100,144200,81700,104000,9800,20300,7500,59100,31800
8264.0,13.76,13542400,183629003.0,13.75,13.74,13.73,13.72,13.71,13.7,13.68,13.67,13.66,13.65,13.76,13.77,13.78,13.79,13.8,13.81,13.82,13.83,13.84,13.85,6000,3900,1900,20500,4300,4300,7400,17300,26100,43200,2800,2100,144200,81700,104000,9800,20300,7500,59100,31800
8265.0,13.76,13545200,183667531.0,13.76,13.75,13.74,13.73,13.72,13.71,13.7,13.68,13.67,13.66,13.77,13.78,13.79,13.8,13.81,13.82,13.83,13.84,13.85,13.86,2300,6000,3900,1900,20500,4300,4300,7400,17300,26100,2100,144200,81700,104000,9800,20300,7500,59100,31800,12200
8266.0,13.76,13545400,183670283.0,13.76,13.75,13.74,13.73,13.72,13.71,13.7,13.68,13.67,13.66,13.77,13.78,13.79,13.8,13.81,13.82,13.83,13.84,13.85,13.86,2100,6000,3900,1900,20500,4300,4300,7400,17300,26100,2300,150600,81700,104000,9800,20300,7500,59100,31800,12200
8267.0,13.76,13545600,183673035.0,13.76,13.75,13.74,13.73,13.72,13.71,13.7,13.68,13.67,13.66,13.77,13.78,13.79,13.8,13.81,13.82,13.83,13.84,13.85,13.86,2100,6000,3900,1900,20500,4300,4300,7400,17300,26100,3300,150600,81700,104000,9800,20300,7500,59100,31800,12700
8268.0,13.76,13545600,183673035.0,13.76,13.75,13.74,13.73,13.72,13.71,13.7,13.68,13.67,13.66,13.77,13.78,13.79,13.8,13.81,13.82,13.83,13.84,13.85,13.86,2100,6000,3900,1900,20500,4300,4300,7400,17300,26100,4300,150600,81700,104000,9800,20300,7500,59100,31800,12700
8269.0,13.76,13546200,183681291.0,13.76,13.75,13.74,13.73,13.72,13.71,13.7,13.68,13.67,13.66,13.77,13.78,13.79,13.8,13.81,13.82,13.83,13.84,13.85,13.86,1500,6000,3900,1900,20500,4300,4300,7400,17300,26100,4300,150600,81700,104000,9800,20300,7500,59100,31800,12700
8270.0,13.76,13546200,183681291.0,13.76,13.75,13.74,13.73,13.72,13.71,13.7,13.68,13.67,13.66,13.77,13.78,13.79,13.8,13.81,13.82,13.83,13.84,13.85,13.86,1500,6000,3800,1900,20500,4300,4300,7400,17300,26100,4900,150600,81700,104000,9800,20300,7500,59100,31800,12700
8271.0,13.76,13546200,183681291.0,13.76,13.75,13.74,13.73,13.72,13.71,13.7,13.68,13.67,13.66,13.77,13.78,13.79,13.8,13.81,13.82,13.83,13.84,13.85,13.86,1500,6000,3800,1900,20500,4300,4300,7400,17300,26100,4900,150600,81700,104000,9800,20300,7500,59100,31800,12700
8272.0,13.76,13546300,183682667.0,13.76,13.75,13.74,13.73,13.72,13.71,13.7,13.68,13.67,13.66,13.77,13.78,13.79,13.8,13.81,13.82,13.83,13.84,13.85,13.86,1400,6000,3800,1900,20500,4300,4300,7400,17300,26100,4900,150600,81700,104000,9800,20300,7500,59100,31800,12700
8273.0,13.76,13546500,183685419.0,13.76,13.75,13.74,13.73,13.72,13.71,13.7,13.68,13.67,13.66,13.77,13.78,13.79,13.8,13.81,13.82,13.83,13.84,13.85,13.86,1200,6000,3800,1900,20500,4300,4300,7400,17300,26100,4900,151100,81700,104000,9800,20300,7500,59100,31800,12700
8274.0,13.76,13547500,183699179.0,13.76,13.75,13.74,13.73,13.72,13.71,13.7,13.68,13.67,13.66,13.77,13.78,13.79,13.8,13.81,13.82,13.83,13.84,13.85,13.86,200,6000,3800,1900,20500,4300,4300,7400,17300,26100,4900,151100,81700,104000,9800,20300,7500,59100,31800,12700
8275.0,13.76,13547500,183699179.0,13.76,13.75,13.74,13.73,13.72,13.71,13.7,13.68,13.67,13.66,13.77,13.78,13.79,13.8,13.81,13.82,13.83,13.84,13.85,13.86,200,6000,3800,1900,20500,4300,4300,7400,17300,26100,5100,151100,81700,104000,9800,20300,7500,59100,31800,12700
8276.0,13.76,13547700,183701931.0,13.75,13.74,13.73,13.72,13.71,13.7,13.68,13.67,13.66,13.65,13.76,13.77,13.78,13.79,13.8,13.81,13.82,13.83,13.84,13.85,6000,3800,1900,20500,4300,4300,7400,17300,26100,43200,800,5500,146100,81700,104000,9800,20300,7500,59100,31800
8277.0,13.76,13547700,183701931.0,13.75,13.74,13.73,13.72,13.71,13.7,13.69,13.68,13.67,13.66,13.76,13.77,13.78,13.79,13.8,13.81,13.82,13.83,13.84,13.85,6000,3800,1900,20500,4300,4300,100,7400,17300,28800,800,5500,146100,81700,104000,9800,20300,7500,59100,31800
8278.0,13.76,13549800,183730821.0,13.75,13.74,13.73,13.72,13.71,13.7,13.69,13.68,13.67,13.66,13.76,13.77,13.78,13.79,13.8,13.81,13.82,13.83,13.84,13.85,5400,3800,1900,20500,4300,4300,100,7400,17300,28800,700,6600,145900,81700,104000,9800,20300,7500,59100,31800
8279.0,13.76,13549800,183730821.0,13.75,13.74,13.73,13.72,13.71,13.7,13.69,13.68,13.67,13.66,13.76,13.77,13.78,13.79,13.8,13.81,13.82,13.83,13.84,13.85,5400,3800,1900,20500,4300,4300,100,7400,17300,28800,700,5600,147000,81700,104000,9800,20300,7500,59100,31800
8280.0,13.75,13550800,183744571.0,13.75,13.74,13.73,13.72,13.71,13.7,13.69,13.68,13.67,13.66,13.76,13.77,13.78,13.79,13.8,13.81,13.82,13.83,13.84,13.85,4400,3800,1900,20500,4300,4300,100,7400,17300,28800,3600,5600,147000,81700,104000,9800,20300,7500,59100,31800
8281.0,13.75,13551600,183755571.0,13.75,13.74,13.73,13.72,13.71,13.7,13.69,13.68,13.67,13.66,13.76,13.77,13.78,13.79,13.8,13.81,13.82,13.83,13.84,13.85,3600,3800,1900,20500,4300,4300,100,7400,17300,28800,3600,5800,147000,81700,104000,9800,20300,7500,59100,31800
8282.0,13.76,13551700,183756947.0,13.75,13.74,13.73,13.72,13.71,13.7,13.69,13.68,13.67,13.66,13.76,13.77,13.78,13.79,13.8,13.81,13.82,13.83,13.84,13.85,3600,3800,1900,20500,4300,4300,100,7400,17300,28800,6000,7200,147000,81700,104000,9800,20300,7500,59100,31800
8283.0,13.76,13555300,183806483.0,13.75,13.74,13.73,13.72,13.71,13.7,13.69,13.68,13.67,13.66,13.76,13.77,13.78,13.79,13.8,13.81,13.82,13.83,13.84,13.85,3600,3800,1900,20500,4300,4300,100,7400,17300,28800,2400,7200,147000,81700,104000,9800,20300,7500,59100,33700
8284.0,13.76,13556000,183816115.0,13.75,13.74,13.73,13.72,13.71,13.7,13.69,13.68,13.67,13.66,13.76,13.77,13.78,13.79,13.8,13.81,13.82,13.83,13.84,13.85,3600,3800,1900,20500,4300,4300,100,7400,17300,28800,2600,8200,147000,81700,104000,9800,20300,7500,59100,33700
8285.0,13.77,13561800,183895955.0,13.75,13.74,13.73,13.72,13.71,13.7,13.69,13.68,13.67,13.66,13.77,13.78,13.79,13.8,13.81,13.82,13.83,13.84,13.85,13.86,3600,3800,1900,20500,4300,4300,100,7400,17300,28800,5200,147000,81700,104000,9800,20300,7500,59100,33700,12700
8286.0,13.77,13561800,183895955.0,13.75,13.74,13.73,13.72,13.71,13.7,13.69,13.68,13.67,13.66,13.77,13.78,13.79,13.8,13.81,13.82,13.83,13.84,13.85,13.86,4100,3800,1900,20500,4300,4300,100,7400,17300,28800,5700,147700,81700,104000,9800,20300,7500,59100,33700,12700
8287.0,13.75,13562000,183898705.0,13.75,13.74,13.73,13.72,13.71,13.7,13.69,13.68,13.67,13.66,13.77,13.78,13.79,13.8,13.81,13.82,13.83,13.84,13.85,13.86,4200,3800,1900,20500,4300,4300,100,7400,17300,28800,6000,147700,81700,104000,9800,20300,7500,59100,33700,12700
8288.0,13.75,13562400,183904205.0,13.76,13.75,13.74,13.73,13.72,13.71,13.7,13.69,13.68,13.67,13.77,13.78,13.79,13.8,13.81,13.82,13.83,13.84,13.85,13.86,1200,4300,3800,1900,20500,4300,4300,100,7400,17300,6700,147700,81700,104000,9800,20300,7500,59100,33700,12700
8289.0,13.75,13562400,183904205.0,13.76,13.75,13.74,13.73,13.72,13.71,13.7,13.69,13.68,13.67,13.77,13.78,13.79,13.8,13.81,13.82,13.83,13.84,13.85,13.86,1200,4300,3800,1900,20500,4300,4300,100,7400,17300,7000,147700,81700,104000,9800,20300,7500,59100,33700,12700
8290.0,13.76,13562800,183909709.0,13.76,13.75,13.74,13.73,13.72,13.71,13.7,13.69,13.68,13.67,13.77,13.78,13.79,13.8,13.81,13.82,13.83,13.84,13.85,13.86,800,4300,3800,1900,20500,4300,4300,100,7400,17300,9400,145100,81700,104000,9800,20300,7500,59100,33700,12700
8291.0,13.77,13563300,183916593.0,13.76,13.75,13.74,13.73,13.72,13.71,13.7,13.69,13.68,13.67,13.77,13.78,13.79,13.8,13.81,13.82,13.83,13.84,13.85,13.86,700,4300,3800,1900,20500,4300,4300,100,7400,17300,9000,145100,81700,104000,9800,20300,7500,59100,33700,12700
8292.0,13.77,13563300,183916593.0,13.76,13.75,13.74,13.73,13.72,13.71,13.7,13.69,13.68,13.67,13.77,13.78,13.79,13.8,13.81,13.82,13.83,13.84,13.85,13.86,700,4300,3800,1900,20500,4300,4300,100,7400,17300,9000,145200,81700,104000,9800,20300,7500,59100,33700,12700
8293.0,13.77,13563900,183924855.0,13.76,13.75,13.74,13.73,13.72,13.71,13.7,13.69,13.68,13.67,13.77,13.78,13.79,13.8,13.81,13.82,13.83,13.84,13.85,13.86,700,4300,3800,1900,20500,4300,4300,100,7400,17300,8400,145200,81700,104000,9800,20300,7500,59100,33700,12700
8294.0,13.77,13563900,183924855.0,13.76,13.75,13.74,13.73,13.72,13.71,13.7,13.69,13.68,13.67,13.77,13.78,13.79,13.8,13.81,13.82,13.83,13.84,13.85,13.86,700,4300,3800,1900,20500,4300,4300,100,7400,17300,9500,145200,81700,104000,9800,20300,7500,59100,33700,12700
8295.0,13.77,13563900,183924855.0,13.76,13.75,13.74,13.73,13.72,13.71,13.7,13.69,13.68,13.67,13.77,13.78,13.79,13.8,13.81,13.82,13.83,13.84,13.85,13.86,700,28000,3800,1900,20500,4300,4300,100,7400,17300,9500,145200,81700,104000,9800,20300,7500,59100,33700,12700
8296.0,13.77,13564500,183933117.0,13.76,13.75,13.74,13.73,13.72,13.71,13.7,13.69,13.68,13.67,13.77,13.78,13.79,13.8,13.81,13.82,13.83,13.84,13.85,13.86,700,28000,3800,1900,20500,4300,4300,100,7400,17300,8600,146500,81700,104500,9800,20300,7500,59100,33700,12700
8297.0,13.77,13564500,183933117.0,13.76,13.75,13.74,13.73,13.72,13.71,13.7,13.69,13.68,13.67,13.77,13.78,13.79,13.8,13.81,13.82,13.83,13.84,13.85,13.86,700,28000,3800,1900,20500,4300,4300,100,7400,17300,8600,146500,81700,104500,9800,20300,7500,59100,33700,12700
8298.0,13.77,13564500,183933117.0,13.76,13.75,13.74,13.73,13.72,13.71,13.7,13.69,13.68,13.67,13.77,13.78,13.79,13.8,13.81,13.82,13.83,13.84,13.85,13.86,700,28000,3800,1900,20500,4300,4300,100,7400,17300,8600,146500,81200,104500,9800,20300,7500,59100,33700,13000
8299.0,13.77,13564500,183933117.0,13.76,13.75,13.74,13.73,13.72,13.71,13.7,13.69,13.68,13.67,13.77,13.78,13.79,13.8,13.81,13.82,13.83,13.84,13.85,13.86,700,28000,3800,1900,20500,4300,4300,100,7400,17300,8600,146500,81200,104500,9800,20300,7500,59100,33700,13000
8300.0,13.77,13564500,183933117.0,13.76,13.75,13.74,13.73,13.72,13.71,13.7,13.69,13.68,13.67,13.77,13.78,13.79,13.8,13.81,13.82,13.83,13.84,13.85,13.86,2000,28000,3800,1900,20500,4300,4300,100,7400,17300,8400,146700,81200,104500,9800,20300,7500,59100,33700,13000
8301.0,13.77,13569500,184001965.0,13.76,13.75,13.74,13.73,13.72,13.71,13.7,13.69,13.68,13.67,13.77,13.78,13.79,13.8,13.81,13.82,13.83,13.84,13.85,13.86,2400,28000,3800,1900,20500,4300,4300,100,7400,17300,3600,146700,86200,104500,9800,20300,7500,59100,33700,13000
8302.0,13.76,13569900,184007469.0,13.76,13.75,13.74,13.73,13.72,13.71,13.7,13.69,13.68,13.67,13.77,13.78,13.79,13.8,13.81,13.82,13.83,13.84,13.85,13.86,2000,28000,3800,1900,20500,4300,4300,100,7400,17300,3600,146700,86200,104500,9800,20300,7500,59100,33700,13000
8303.0,13.77,13572600,184044648.0,13.76,13.75,13.74,13.73,13.72,13.71,13.7,13.69,13.68,13.67,13.77,13.78,13.79,13.8,13.81,13.82,13.83,13.84,13.85,13.86,2000,28000,3800,1900,20500,4300,4300,100,7400,17300,900,146700,86200,104500,9800,20300,7500,59100,33700,13000
8304.0,13.78,13605200,184493867.0,13.77,13.76,13.75,13.74,13.73,13.72,13.71,13.7,13.69,13.68,13.78,13.79,13.8,13.81,13.82,13.83,13.84,13.85,13.86,13.87,100,5400,28000,3800,1900,20500,4300,4300,100,7400,115000,86200,104500,9800,20300,7500,59100,33700,13000,19500
8305.0,13.78,13605300,184495245.0,13.77,13.76,13.75,13.74,13.73,13.72,13.71,13.7,13.69,13.68,13.78,13.79,13.8,13.81,13.82,13.83,13.84,13.85,13.86,13.87,1600,8100,28000,3800,1900,20500,4300,4300,100,7400,114900,86200,104500,9800,20300,7500,59100,33700,13000,19500
8306.0,13.78,13605300,184495245.0,13.77,13.76,13.75,13.74,13.73,13.72,13.71,13.7,13.69,13.68,13.78,13.79,13.8,13.81,13.82,13.83,13.84,13.85,13.86,13.87,1600,8100,28000,3800,1900,20500,4300,4300,100,7400,114900,86200,104500,9800,20300,7500,59100,33700,13000,19500
8307.0,13.78,13606000,184504891.0,13.77,13.76,13.75,13.74,13.73,13.72,13.71,13.7,13.69,13.68,13.78,13.79,13.8,13.81,13.82,13.83,13.84,13.85,13.86,13.87,1600,9100,28000,3800,1900,20500,4300,4300,100,7400,114000,86200,104500,9800,20300,7500,59100,33700,13000,19500
8308.0,13.78,13622400,184730857.0,13.76,13.75,13.74,13.73,13.72,13.71,13.7,13.69,13.68,13.67,13.78,13.79,13.8,13.81,13.82,13.83,13.84,13.85,13.86,13.87,8600,28000,3800,1900,20500,4300,4300,100,7400,17300,100400,86200,104500,9800,20300,7500,59100,33700,13000,19500
8309.0,13.78,13622400,184730857.0,13.77,13.76,13.75,13.74,13.73,13.72,13.71,13.7,13.69,13.68,13.78,13.79,13.8,13.81,13.82,13.83,13.84,13.85,13.86,13.87,2900,8600,28000,3800,1900,20500,4300,4300,100,7400,101200,86200,104500,9800,20300,7500,59100,33700,13000,19500
8310.0,13.78,13629600,184830073.0,13.77,13.76,13.75,13.74,13.73,13.72,13.71,13.7,13.69,13.68,13.78,13.79,13.8,13.81,13.82,13.83,13.84,13.85,13.86,13.87,4900,9400,28000,3800,1900,20500,4300,4300,100,7400,94000,86200,104500,9800,20300,7500,59100,33700,13000,19500
8311.0,13.78,13629600,184830073.0,13.77,13.76,13.75,13.74,13.73,13.72,13.71,13.7,13.69,13.68,13.78,13.79,13.8,13.81,13.82,13.83,13.84,13.85,13.86,13.87,4900,9400,28000,3800,1900,20500,4300,4300,100,7400,94000,86200,104500,9800,20300,7500,59100,33700,13000,19500
8312.0,13.79,13788100,187014848.0,13.77,13.76,13.75,13.74,13.73,13.72,13.71,13.7,13.69,13.68,13.79,13.8,13.81,13.82,13.83,13.84,13.85,13.86,13.87,13.88,4900,9400,28000,3800,1900,20500,4300,4300,100,7400,21700,104500,9800,20300,7500,59100,33700,13000,19500,29200
8313.0,13.8,13912100,188725831.0,13.78,13.77,13.76,13.75,13.74,13.73,13.72,13.71,13.7,13.69,13.8,13.81,13.82,13.83,13.84,13.85,13.86,13.87,13.88,13.89,300,4900,9400,28000,3800,1900,20500,4300,4300,100,2200,9800,20300,7500,59100,33700,13000,19500,29200,12500
8314.0,13.8,13912100,188725831.0,13.78,13.77,13.76,13.75,13.74,13.73,13.72,13.71,13.7,13.69,13.8,13.81,13.82,13.83,13.84,13.85,13.86,13.87,13.88,13.89,5300,4900,9400,28000,3800,1900,20500,4300,4300,100,7200,9800,20300,7500,59100,33700,13000,19500,29200,12500
8315.0,13.83,13967100,189485932.0,13.83,13.82,13.78,13.77,13.76,13.75,13.74,13.73,13.72,13.71,13.84,13.85,13.86,13.87,13.88,13.89,13.9,13.91,13.92,13.93,1700,22400,7200,4900,9400,28000,3800,1900,20500,4300,50000,33700,13000,19500,29200,12500,21000,2900,500,1400
8316.0,13.84,13968300,189502538.0,13.83,13.82,13.79,13.78,13.77,13.76,13.75,13.74,13.73,13.72,13.84,13.85,13.86,13.87,13.88,13.89,13.9,13.91,13.92,13.93,2200,22400,1500,8700,4900,10400,28000,3800,1900,20500,49000,33700,13000,19500,29200,12500,21000,2900,500,1400
8317.0,13.84,13968300,189502538.0,13.83,13.82,13.79,13.78,13.77,13.76,13.75,13.74,13.73,13.72,13.84,13.85,13.86,13.87,13.88,13.89,13.9,13.91,13.92,13.93,2200,22400,1500,8700,2000,10400,28000,3800,1900,20500,49000,33700,13000,19500,29200,12500,21000,2900,500,1400
8318.0,13.84,13972600,189562048.0,13.83,13.79,13.78,13.77,13.76,13.75,13.74,13.73,13.72,13.71,13.84,13.85,13.86,13.87,13.88,13.89,13.9,13.91,13.92,13.93,2000,3600,10200,2000,10400,28000,3800,1900,20500,4300,44900,33700,13000,19500,29200,12500,21000,2900,500,1400
8319.0,13.83,13973700,189577261.0,13.83,13.79,13.78,13.77,13.76,13.75,13.74,13.73,13.72,13.71,13.84,13.85,13.86,13.87,13.88,13.89,13.9,13.91,13.92,13.93,700,3600,10200,2000,9400,28000,3800,1900,20500,4300,44900,33700,13000,19500,29200,12500,21000,2900,500,1400
8320.0,13.84,13973800,189578645.0,13.83,13.79,13.78,13.77,13.76,13.75,13.74,13.73,13.72,13.71,13.84,13.85,13.86,13.87,13.88,13.89,13.9,13.91,13.92,13.93,800,3600,7800,2000,9400,28000,3800,1900,20500,4300,44800,33700,13000,19500,29200,12500,21000,2900,500,1400
8321.0,13.84,13982600,189700433.0,13.83,13.79,13.78,13.77,13.76,13.75,13.74,13.73,13.72,13.71,13.84,13.85,13.86,13.87,13.88,13.89,13.9,13.91,13.92,13.93,400,3600,6300,2000,6000,28000,3800,1900,20500,4300,36400,33700,10000,19500,29200,12500,21000,2900,500,1400
8322.0,13.84,13986900,189759943.0,13.83,13.79,13.78,13.77,13.76,13.75,13.74,13.73,13.72,13.71,13.84,13.85,13.86,13.87,13.88,13.89,13.9,13.91,13.92,13.93,200,3600,6300,2000,6000,28000,2000,1900,20500,100,32300,33700,10000,19500,29200,12500,21000,2900,500,1400
8323.0,13.84,13987000,189761327.0,13.83,13.79,13.78,13.77,13.76,13.75,13.74,13.73,13.72,13.71,13.84,13.85,13.86,13.87,13.88,13.89,13.9,13.91,13.92,13.93,200,2100,6300,2000,6000,28000,2000,1900,20500,100,32200,33700,10000,19500,29200,12500,21000,2900,500,1400
8324.0,13.84,14000800,189952319.0,13.83,13.79,13.78,13.77,13.76,13.75,13.74,13.73,13.72,13.71,13.84,13.85,13.86,13.87,13.88,13.89,13.9,13.91,13.92,13.93,1100,800,6300,2000,6000,28000,2000,1900,20500,100,18400,32200,10000,19500,29200,12500,21000,2900,500,1400
8325.0,13.84,14002500,189975845.0,13.83,13.79,13.78,13.77,13.76,13.75,13.74,13.73,13.72,13.71,13.84,13.85,13.86,13.87,13.88,13.89,13.9,13.91,13.92,13.93,900,800,6300,2000,6000,28000,2000,1900,20500,100,16900,32200,10000,19500,29200,12500,21000,2900,500,1400
8326.0,13.84,14002600,189977229.0,13.83,13.79,13.78,13.77,13.76,13.75,13.74,13.73,13.72,13.71,13.84,13.85,13.86,13.87,13.88,13.89,13.9,13.91,13.92,13.93,900,800,6300,2000,6000,28000,2000,1900,20500,100,16800,32200,10000,19500,29200,12500,21000,2900,500,1400
8327.0,13.84,14011000,190093483.0,13.83,13.79,13.78,13.77,13.76,13.75,13.74,13.73,13.72,13.71,13.84,13.85,13.86,13.87,13.88,13.89,13.9,13.91,13.92,13.93,700,800,6300,2000,6000,28000,2000,1900,20500,100,8600,32200,10000,19500,29200,12500,21000,2900,500,1400
8328.0,13.84,14014200,190137771.0,13.83,13.81,13.79,13.78,13.77,13.76,13.75,13.74,13.73,13.72,13.84,13.85,13.86,13.87,13.88,13.89,13.9,13.91,13.92,13.93,1400,1000,800,6300,2000,5400,28000,2000,1900,20500,5400,32200,10000,19500,28300,12500,21000,2900,500,1400
8329.0,13.84,14019300,190208338.0,13.81,13.8,13.79,13.78,13.77,13.76,13.75,13.74,13.73,13.72,13.84,13.85,13.86,13.87,13.88,13.89,13.9,13.91,13.92,13.93,1000,100,800,4800,2000,4500,28000,2000,1900,20500,2000,32200,10000,19500,28300,12500,21000,2900,500,1400
8330.0,13.84,14019300,190208338.0,13.81,13.8,13.79,13.78,13.77,13.76,13.75,13.74,13.73,13.72,13.84,13.85,13.86,13.87,13.88,13.89,13.9,13.91,13.92,13.93,6900,100,800,4800,2000,4500,28000,2000,1900,20500,7900,32200,10000,19500,28300,12500,21000,2900,500,1400
8331.0,13.84,14023800,190270600.0,13.81,13.8,13.79,13.78,13.77,13.76,13.75,13.74,13.73,13.72,13.84,13.85,13.86,13.87,13.88,13.89,13.9,13.91,13.92,13.93,8700,100,800,4800,2000,4500,28000,2000,1900,20500,11000,32200,10000,19500,28300,12500,21000,2900,500,1400
8332.0,13.84,14035000,190425608.0,13.84,13.81,13.8,13.79,13.78,13.77,13.76,13.75,13.74,13.73,13.85,13.86,13.87,13.88,13.89,13.9,13.91,13.92,13.93,13.94,18400,12200,100,800,4800,2000,4500,28000,2000,1900,32200,10000,19500,28300,12500,21000,2900,500,1400,5200
8333.0,13.85,14035100,190426993.0,13.84,13.81,13.8,13.79,13.78,13.77,13.76,13.75,13.74,13.72,13.85,13.86,13.87,13.88,13.89,13.9,13.91,13.92,13.93,13.94,19000,12200,100,800,14200,2000,4500,28000,2000,20500,32100,10000,19500,28300,12500,21000,2900,500,1400,5200
8334.0,13.85,14036400,190444991.0,13.84,13.81,13.8,13.79,13.78,13.77,13.76,13.75,13.74,13.72,13.85,13.86,13.87,13.88,13.89,13.9,13.91,13.92,13.93,13.94,18800,13200,100,800,14200,2000,4500,28000,2000,20500,31500,10000,19500,28300,12500,21000,2900,500,1400,5200
8335.0,13.85,14040300,190499006.0,13.84,13.83,13.81,13.8,13.79,13.78,13.77,13.76,13.75,13.74,13.85,13.86,13.87,13.88,13.89,13.9,13.91,13.92,13.93,13.94,25900,200,13200,100,800,14200,2000,4500,28000,2000,27600,10000,19500,28300,13500,21000,2900,500,1400,5200
8336.0,13.85,14051000,190647180.0,13.84,13.83,13.81,13.8,13.79,13.78,13.77,13.76,13.75,13.74,13.85,13.86,13.87,13.88,13.89,13.9,13.91,13.92,13.93,13.94,23800,200,13200,100,800,14200,2000,4500,28000,2000,19000,10000,19500,28300,13500,21000,2900,500,1400,5200
8337.0,13.85,14051000,190647180.0,13.84,13.83,13.81,13.8,13.79,13.78,13.77,13.76,13.75,13.74,13.85,13.86,13.87,13.88,13.89,13.9,13.91,13.92,13.93,13.94,24700,200,13200,100,800,14200,2000,4500,28000,2000,19000,10000,19500,28300,13500,21000,2900,500,1400,5200
8338.0,13.85,14055700,190712275.0,13.84,13.83,13.81,13.8,13.79,13.78,13.77,13.76,13.75,13.74,13.85,13.86,13.87,13.88,13.89,13.9,13.91,13.92,13.93,13.94,27500,200,13200,100,800,14200,2000,4500,28000,2000,14500,10000,19500,28300,13500,21000,2900,500,1400,5200
8339.0,13.85,14070200,190913100.0,13.85,13.84,13.83,13.81,13.8,13.79,13.78,13.77,13.76,13.75,13.86,13.87,13.88,13.89,13.9,13.91,13.92,13.93,13.94,13.95,3800,31100,200,13200,100,800,14200,2000,4500,28000,10000,19500,28300,13500,21000,2900,500,1400,5200,16800
8340.0,13.86,14071600,190932504.0,13.85,13.84,13.83,13.81,13.8,13.79,13.78,13.77,13.76,13.75,13.86,13.87,13.88,13.89,13.9,13.91,13.92,13.93,13.94,13.95,11600,31100,200,13200,100,800,14200,2000,4500,28000,8600,19500,27700,13500,21000,2900,500,1400,5200,16800
8341.0,13.84,14111600,191486220.0,13.85,13.84,13.83,13.81,13.8,13.79,13.78,13.77,13.76,13.75,13.86,13.87,13.88,13.89,13.9,13.91,13.92,13.93,13.94,13.95,900,2700,200,13200,100,800,14200,2000,4500,28000,8600,19500,27700,14500,21000,2900,500,1400,5200,16800
8342.0,13.84,14111600,191486220.0,13.85,13.84,13.83,13.81,13.8,13.79,13.78,13.77,13.76,13.75,13.86,13.87,13.88,13.89,13.9,13.91,13.92,13.93,13.94,13.95,4900,2700,200,13200,100,800,14200,2000,4500,28000,8600,19500,27700,14500,21000,2900,500,1400,5200,16800
8343.0,13.85,14112000,191491760.0,13.85,13.84,13.83,13.81,13.8,13.79,13.78,13.77,13.76,13.75,13.86,13.87,13.88,13.89,13.9,13.91,13.92,13.93,13.94,13.95,15900,2700,200,13200,100,800,14200,2000,4500,28000,8600,19500,27700,14500,21000,2900,500,1400,5200,16800
8344.0,13.86,14112600,191500076.0,13.85,13.84,13.83,13.81,13.8,13.79,13.78,13.77,13.76,13.75,13.86,13.87,13.88,13.89,13.9,13.91,13.92,13.93,13.94,13.95,17000,2700,200,13200,100,800,14200,2000,4500,28000,8000,23200,27700,14500,21000,2900,500,1400,5200,16800
8345.0,13.86,14124300,191662188.0,13.85,13.84,13.83,13.81,13.8,13.79,13.78,13.77,13.76,13.75,13.86,13.87,13.88,13.89,13.9,13.91,13.92,13.93,13.94,13.95,12400,2700,200,13200,100,800,14200,2000,4500,28000,1300,23200,27700,14500,21000,2900,500,1400,5200,16800
8346.0,13.86,14125300,191676048.0,13.85,13.84,13.83,13.81,13.8,13.79,13.78,13.77,13.76,13.75,13.86,13.87,13.88,13.89,13.9,13.91,13.92,13.93,13.94,13.95,12400,3500,200,13200,100,800,14200,2000,4500,28000,300,23200,27700,14500,21000,2900,500,1400,5200,16800
8347.0,13.85,14126700,191695438.0,13.85,13.84,13.83,13.81,13.8,13.79,13.78,13.77,13.76,13.75,13.86,13.87,13.88,13.89,13.9,13.91,13.92,13.93,13.94,13.95,11000,800,200,13200,100,800,14200,2000,4500,4300,300,23200,27700,14500,19000,2900,500,1400,5200,16800
8348.0,13.85,14127500,191706518.0,13.85,13.84,13.83,13.81,13.8,13.79,13.78,13.77,13.76,13.75,13.86,13.87,13.88,13.89,13.9,13.91,13.92,13.93,13.94,13.95,10200,3700,200,13200,100,800,15700,2000,4500,4300,3300,24200,27700,14500,19000,2900,500,1400,5200,16800
8349.0,13.86,14131300,191759181.0,13.86,13.85,13.84,13.83,13.81,13.8,13.79,13.78,13.77,13.76,13.87,13.88,13.89,13.9,13.91,13.92,13.93,13.94,13.95,13.96,700,9700,3700,200,13200,100,800,15700,2000,4500,24200,27700,14500,19000,2900,500,1400,5200,16800,39700
8350.0,13.87,14132100,191770277.0,13.86,13.85,13.84,13.83,13.81,13.8,13.79,13.78,13.77,13.76,13.87,13.88,13.89,13.9,13.91,13.92,13.93,13.94,13.95,13.96,1400,9700,3700,200,13200,100,800,15700,2000,4500,21400,27700,14500,19100,2900,500,1400,5200,16800,39700
8351.0,13.86,14133200,191785523.0,13.86,13.85,13.84,13.83,13.81,13.8,13.79,13.78,13.77,13.76,13.87,13.88,13.89,13.9,13.91,13.92,13.93,13.94,13.95,13.96,500,9700,3700,200,13200,100,800,15700,2000,4500,31400,27700,14500,19100,2900,500,1400,5200,16800,39700
8352.0,13.86,14135700,191820155.0,13.86,13.85,13.84,13.83,13.81,13.8,13.79,13.78,13.77,13.76,13.87,13.88,13.89,13.9,13.91,13.92,13.93,13.94,13.95,13.96,200,3300,3700,200,13200,100,800,15700,2000,4500,31400,27700,14500,19100,2900,500,1400,5200,16800,39700
8353.0,13.86,14135700,191820155.0,13.86,13.85,13.84,13.83,13.81,13.8,13.79,13.78,13.77,13.76,13.87,13.88,13.89,13.9,13.91,13.92,13.93,13.94,13.95,13.96,200,3300,3700,200,13200,100,800,15700,2000,4500,31400,27700,14500,19100,2900,500,1400,5200,16800,39700
8354.0,13.85,14137600,191846487.0,13.85,13.84,13.83,13.81,13.8,13.79,13.78,13.77,13.76,13.75,13.87,13.88,13.89,13.9,13.91,13.92,13.93,13.94,13.95,13.96,1500,3700,200,13200,100,800,15700,2000,4500,4300,34500,27700,14500,19100,2900,500,1400,5200,16800,39700
8355.0,13.87,14143300,191925546.0,13.86,13.85,13.84,13.83,13.81,13.8,13.79,13.78,13.77,13.76,13.87,13.88,13.89,13.9,13.91,13.92,13.93,13.94,13.95,13.96,300,4400,3700,200,13200,100,800,15700,2000,4500,31700,27700,14500,19100,2900,500,1400,5200,16800,39700
8356.0,13.86,14145000,191949108.0,13.85,13.84,13.83,13.81,13.8,13.79,13.78,13.77,13.76,13.75,13.86,13.87,13.88,13.89,13.9,13.91,13.92,13.93,13.94,13.95,4400,3700,200,13200,100,800,15700,2000,4500,4300,900,31700,27700,14500,19100,2900,500,1400,5200,16800
8357.0,13.86,14148600,191998975.0,13.85,13.84,13.83,13.81,13.8,13.79,13.78,13.77,13.76,13.75,13.86,13.87,13.88,13.89,13.9,13.91,13.92,13.93,13.94,13.95,1500,3700,200,13200,100,800,15700,2000,4500,4300,1200,31700,27700,14500,19100,2900,500,1400,5200,16800
8358.0,13.87,14150400,192023921.0,13.86,13.85,13.84,13.83,13.81,13.8,13.79,13.78,13.77,13.76,13.87,13.88,13.89,13.9,13.91,13.92,13.93,13.94,13.95,13.96,2900,1100,3700,200,13200,600,800,15700,2000,4500,31500,27700,14500,19100,2900,500,1400,5200,16800,39700
8359.0,13.86,14150600,192026693.0,13.86,13.85,13.84,13.83,13.81,13.8,13.79,13.78,13.77,13.76,13.87,13.88,13.89,13.9,13.91,13.92,13.93,13.94,13.95,13.96,7300,3100,3700,200,13200,600,800,15700,2000,4500,31500,27700,14500,19100,2900,500,1400,5200,16800,39700
8360.0,13.86,14154500,192080750.0,13.86,13.85,13.84,13.83,13.81,13.8,13.79,13.78,13.77,13.76,13.87,13.88,13.89,13.9,13.91,13.92,13.93,13.94,13.95,13.96,3700,3300,3700,200,13200,600,800,15700,2000,4500,31200,27700,14500,19100,2900,500,1400,5200,16800,39700
8361.0,13.87,14156800,192112651.0,13.86,13.85,13.84,13.83,13.81,13.8,13.79,13.78,13.77,13.76,13.87,13.88,13.89,13.9,13.91,13.92,13.93,13.94,13.95,13.96,6100,5200,3700,200,13200,600,800,6300,2000,4500,28900,27700,14500,19100,2900,500,1400,5200,16800,39700
8362.0,13.86,14160600,192165319.0,13.86,13.85,13.84,13.83,13.81,13.8,13.79,13.78,13.77,13.76,13.87,13.88,13.89,13.9,13.91,13.92,13.93,13.94,13.95,13.96,2300,5200,3700,200,12200,600,800,6300,2000,4500,28900,27700,14500,19100,2900,500,1400,5200,16800,39700
8363.0,13.87,14163700,192208316.0,13.86,13.85,13.84,13.83,13.81,13.8,13.79,13.78,13.77,13.76,13.87,13.88,13.89,13.9,13.91,13.92,13.93,13.94,13.95,13.96,4300,5200,3700,200,12200,600,800,6300,2000,4500,25800,27700,14500,19100,2900,500,1400,5200,15200,39700
8364.0,13.87,14165200,192229121.0,13.86,13.85,13.84,13.83,13.81,13.8,13.79,13.78,13.77,13.76,13.87,13.88,13.89,13.9,13.91,13.92,13.93,13.94,13.95,13.96,4300,5200,3700,1800,12200,600,800,6300,2000,4500,25700,27700,14500,19100,2900,500,1400,4500,15200,39700
8365.0,13.87,14176900,192391392.0,13.86,13.85,13.84,13.83,13.81,13.8,13.79,13.78,13.77,13.76,13.87,13.88,13.89,13.9,13.91,13.92,13.93,13.94,13.95,13.96,3500,5200,3700,1800,12200,600,800,6300,2000,4500,14800,27700,14500,19100,2900,500,1400,4500,15200,39700
8366.0,13.87,14184700,192499558.0,13.86,13.85,13.84,13.83,13.81,13.8,13.79,13.78,13.77,13.76,13.87,13.88,13.89,13.9,13.91,13.92,13.93,13.94,13.95,13.96,1500,5200,3700,1800,11800,600,800,6300,2000,4500,9000,27700,14500,19100,2900,500,1400,4500,15200,39700
8367.0,13.87,14193700,192624388.0,13.87,13.86,13.85,13.84,13.83,13.81,13.8,13.79,13.78,13.77,13.88,13.89,13.9,13.91,13.92,13.93,13.94,13.95,13.96,13.97,2600,1500,5200,3700,1800,11800,600,800,6300,2000,25700,14500,19100,2300,500,1400,4500,15200,39700,10200
8368.0,13.87,14194200,192631323.0,13.87,13.86,13.85,13.84,13.83,13.81,13.8,13.79,13.78,13.77,13.88,13.89,13.9,13.91,13.92,13.93,13.94,13.95,13.96,13.97,2100,1500,5200,3700,1800,11800,600,800,6300,2000,25900,14500,20600,2300,500,1400,4500,15200,39700,10200
8369.0,13.87,14195000,192642419.0,13.87,13.86,13.85,13.84,13.83,13.81,13.8,13.79,13.78,13.77,13.88,13.89,13.9,13.91,13.92,13.93,13.94,13.95,13.96,13.97,1600,1500,3300,3700,1600,11800,600,800,6300,2000,20100,14500,20600,2300,500,1400,4500,15200,39700,10200
8370.0,13.87,14195000,192642419.0,13.87,13.86,13.85,13.84,13.83,13.81,13.8,13.79,13.78,13.77,13.88,13.89,13.9,13.91,13.92,13.93,13.94,13.95,13.96,13.97,1700,1500,3300,3700,1600,11800,600,800,6300,2000,20200,12400,20600,2300,500,1400,4500,15200,39700,10200
8371.0,13.87,14195100,192643806.0,13.87,13.86,13.85,13.84,13.83,13.81,13.8,13.79,13.78,13.77,13.88,13.89,13.9,13.91,13.92,13.93,13.94,13.95,13.96,13.97,1600,1500,3300,3700,1600,11800,600,800,6300,2000,20200,12400,20600,2300,500,1400,4500,15200,39700,10200
8372.0,13.87,14195200,192645193.0,13.87,13.86,13.85,13.84,13.83,13.81,13.8,13.79,13.78,13.77,13.88,13.89,13.9,13.91,13.92,13.93,13.94,13.95,13.96,13.97,2600,1500,3300,3700,1600,11800,600,800,6300,2000,20200,12400,20600,2300,500,1400,4500,15200,39700,10200
8373.0,13.88,14195700,192652133.0,13.87,13.86,13.85,13.84,13.83,13.81,13.8,13.79,13.78,13.77,13.88,13.89,13.9,13.91,13.92,13.93,13.94,13.95,13.96,13.97,3900,1500,3300,3700,1600,11800,600,800,6300,2000,19700,12400,20600,2300,500,1400,4500,15200,39700,10200
8374.0,13.87,14204100,192768710.0,13.87,13.86,13.85,13.84,13.83,13.81,13.8,13.79,13.78,13.77,13.88,13.89,13.9,13.91,13.92,13.93,13.94,13.95,13.96,13.97,3100,2700,3300,3700,1600,11800,600,800,6300,2000,12600,12400,20600,2300,500,1400,4500,15200,39700,10200
8375.0,13.87,14205100,192782580.0,13.87,13.86,13.85,13.84,13.83,13.81,13.8,13.79,13.78,13.77,13.88,13.89,13.9,13.91,13.92,13.93,13.94,13.95,13.96,13.97,2300,3300,3300,3700,1600,11800,600,800,6300,2000,12600,11400,22600,2300,500,1400,4500,15200,39700,10200
8376.0,13.87,14205900,192793676.0,13.87,13.86,13.85,13.84,13.83,13.81,13.8,13.79,13.78,13.77,13.88,13.89,13.9,13.91,13.92,13.93,13.94,13.95,13.96,13.97,2500,3400,3300,3700,1600,11800,600,800,6300,2000,12600,11400,22600,2300,500,1400,4500,15200,39700,10200
8377.0,13.87,14207100,192810320.0,13.87,13.86,13.85,13.84,13.83,13.81,13.8,13.79,13.78,13.77,13.88,13.89,13.9,13.91,13.92,13.93,13.94,13.95,13.96,13.97,5700,3400,3300,3700,1600,11800,600,800,6300,2000,14600,11400,22600,2300,500,1400,4500,15200,39700,10200
8378.0,13.87,14212200,192881057.0,13.87,13.86,13.85,13.84,13.83,13.81,13.8,13.79,13.78,13.77,13.88,13.89,13.9,13.91,13.92,13.93,13.94,13.95,13.96,13.97,49300,3400,3300,3700,1600,11800,600,800,6300,2000,14600,11400,22600,2300,500,1400,4500,15200,39700,10200
8379.0,13.88,14213900,192904646.0,13.87,13.86,13.85,13.84,13.83,13.81,13.8,13.79,13.78,13.77,13.88,13.89,13.9,13.91,13.92,13.93,13.94,13.95,13.96,13.97,54500,3300,3300,3700,1600,11800,600,800,6300,2000,13600,11400,22600,2300,500,1400,4500,15200,39700,10200
8380.0,13.88,14221500,193010113.0,13.87,13.86,13.85,13.84,13.83,13.81,13.8,13.79,13.78,13.77,13.88,13.89,13.9,13.91,13.92,13.93,13.94,13.95,13.96,13.97,52400,3300,3300,3700,1600,11800,600,800,6300,2000,8100,11400,22600,4300,500,1400,4500,15200,39700,10200
8381.0,13.87,14221600,193011500.0,13.87,13.86,13.85,13.84,13.83,13.81,13.8,13.79,13.78,13.77,13.88,13.89,13.9,13.91,13.92,13.93,13.94,13.95,13.96,13.97,54500,3300,3300,3700,1600,11800,600,800,6300,2100,8100,11800,22600,4300,500,1400,4500,15200,39700,10200
8382.0,13.88,14229100,193115591.0,13.87,13.86,13.85,13.84,13.83,13.81,13.8,13.79,13.78,13.77,13.88,13.89,13.9,13.91,13.92,13.93,13.94,13.95,13.96,13.97,54000,3300,3400,3700,1600,11800,600,800,6300,2100,1500,11800,22600,4300,500,1400,4500,15200,39700,10200
8383.0,13.88,14232500,193162770.0,13.87,13.86,13.85,13.84,13.81,13.8,13.79,13.78,13.77,13.76,13.88,13.89,13.9,13.91,13.92,13.93,13.94,13.95,13.96,13.97,54200,4600,3400,3700,11800,600,800,6300,2100,5100,1900,11800,22600,4300,500,1400,4500,15200,39700,10200
8384.0,13.88,14233200,193172486.0,13.87,13.86,13.85,13.84,13.81,13.8,13.79,13.78,13.77,13.76,13.88,13.89,13.9,13.91,13.92,13.93,13.94,13.95,13.96,13.97,54200,4600,4300,3700,11800,500,800,6300,2100,5100,1500,11800,22600,7000,500,1400,4500,15200,39700,10200
8385.0,13.89,14236600,193219697.0,13.87,13.86,13.85,13.84,13.81,13.8,13.79,13.78,13.77,13.76,13.89,13.9,13.91,13.92,13.93,13.94,13.95,13.96,13.97,13.98,54800,4600,4300,3700,11800,500,800,6300,2100,5100,9900,22600,7000,500,1400,4500,14100,39700,10200,18300
8386.0,13.89,14238700,193248838.0,13.88,13.87,13.86,13.85,13.84,13.81,13.8,13.79,13.78,13.77,13.89,13.9,13.91,13.92,13.93,13.94,13.95,13.96,13.97,13.98,7300,53400,4600,4300,3700,11800,1500,800,6300,2100,9200,22600,7000,500,1400,4500,14100,39700,10200,18300
8387.0,13.89,14241500,193287730.0,13.88,13.87,13.86,13.85,13.84,13.81,13.8,13.79,13.78,13.77,13.89,13.9,13.91,13.92,13.93,13.94,13.95,13.96,13.97,13.98,8300,53400,4600,4300,3700,11800,1500,800,6300,2100,6400,22600,7000,500,1400,4500,14100,39700,10200,18300
8388.0,13.89,14245700,193346068.0,13.88,13.87,13.86,13.85,13.84,13.81,13.8,13.79,13.78,13.77,13.89,13.9,13.91,13.92,13.93,13.94,13.95,13.96,13.97,13.98,8300,53400,4600,4300,3700,11800,1500,800,6300,2100,2200,22600,7000,500,1500,4500,14100,39700,10200,18300
8389.0,13.88,14256400,193494584.0,13.88,13.87,13.86,13.85,13.84,13.81,13.8,13.79,13.78,13.77,13.89,13.9,13.91,13.92,13.93,13.94,13.95,13.96,13.97,13.98,600,54900,4600,4300,3700,11800,1500,800,6300,2100,2200,22600,7000,500,1500,4500,14100,39700,10200,18300
8390.0,13.89,14258300,193520975.0,13.88,13.87,13.86,13.85,13.84,13.81,13.8,13.79,13.78,13.77,13.89,13.9,13.91,13.92,13.93,13.94,13.95,13.96,13.97,13.98,1600,55800,4600,4300,3700,11800,1500,800,6600,2000,800,22600,7000,500,1500,4500,14100,39700,10200,18300
8391.0,13.89,14260300,193548765.0,13.89,13.88,13.87,13.86,13.85,13.84,13.81,13.8,13.79,13.78,13.9,13.91,13.92,13.93,13.94,13.95,13.96,13.97,13.98,13.99,1900,1900,55700,4600,4300,800,11800,1500,800,6600,21600,7000,500,1500,4500,14100,39700,10200,18300,37800
8392.0,13.9,14265100,193615481.0,13.89,13.88,13.87,13.86,13.85,13.84,13.81,13.8,13.79,13.78,13.9,13.91,13.92,13.93,13.94,13.95,13.96,13.97,13.98,13.99,4900,1900,55700,4600,4300,800,11800,1500,800,6600,17200,7000,500,1500,4500,14100,39700,10200,18300,37800
8393.0,13.9,14267300,193646057.0,13.89,13.88,13.87,13.86,13.85,13.84,13.81,13.8,13.79,13.78,13.9,13.91,13.92,13.93,13.94,13.95,13.96,13.97,13.98,13.99,4500,7200,54600,4600,4300,800,11900,1500,800,6600,16400,7000,500,1500,4500,14100,39700,10200,18300,37800
8394.0,13.89,14268300,193659947.0,13.89,13.88,13.87,13.86,13.85,13.84,13.81,13.8,13.79,13.78,13.9,13.91,13.92,13.93,13.94,13.95,13.96,13.97,13.98,13.99,7000,7300,54000,4600,4300,800,11900,1500,800,6600,16400,7000,500,1500,4500,14100,39700,10200,18300,37800
8395.0,13.89,14269000,193669670.0,13.89,13.88,13.87,13.86,13.85,13.84,13.81,13.8,13.79,13.78,13.9,13.91,13.92,13.93,13.94,13.95,13.96,13.97,13.98,13.99,8900,9000,54000,4000,4300,800,11900,1500,800,6600,16400,7000,500,1500,4500,14100,39700,10200,18300,37800
8396.0,13.9,14269200,193672450.0,13.89,13.88,13.87,13.86,13.85,13.84,13.81,13.8,13.79,13.78,13.9,13.91,13.92,13.93,13.94,13.95,13.96,13.97,13.98,13.99,11100,9000,51800,4000,4300,800,11900,1500,800,6600,16200,7000,500,1500,4500,14100,40200,10200,18300,37800
8397.0,13.9,14274400,193744723.0,13.89,13.88,13.87,13.86,13.85,13.84,13.81,13.8,13.79,13.78,13.9,13.91,13.92,13.93,13.94,13.95,13.96,13.97,13.98,13.99,10900,19000,51800,4000,4300,800,11900,1500,800,6600,12200,5000,500,1500,4500,14100,40200,10200,18300,37800
8398.0,13.89,14276600,193775290.0,13.89,13.88,13.87,13.86,13.85,13.84,13.81,13.8,13.79,13.78,13.9,13.91,13.92,13.93,13.94,13.95,13.96,13.97,13.98,13.99,9600,18900,51800,4000,4300,800,11900,1500,800,6600,11300,5000,500,1500,4500,14100,40200,10200,18300,37800
8399.0,13.9,14277200,193783630.0,13.89,13.88,13.87,13.86,13.85,13.84,13.81,13.8,13.79,13.78,13.9,13.91,13.92,13.93,13.94,13.95,13.96,13.97,13.98,13.99,18900,18900,51800,4000,4300,800,11900,1500,800,6600,10700,5000,500,1500,4500,14100,40200,10200,18300,37800
8400.0,13.9,14288700,193943473.0,13.9,13.89,13.88,13.87,13.86,13.85,13.84,13.81,13.8,13.79,13.91,13.92,13.93,13.94,13.95,13.96,13.97,13.98,13.99,14.0,9900,18600,18900,51800,4000,4300,800,11900,1500,800,5000,500,1500,4500,14100,40200,10200,18300,37800,80200
8401.0,13.9,14293700,194012973.0,13.9,13.89,13.88,13.87,13.86,13.85,13.84,13.81,13.8,13.79,13.91,13.92,13.93,13.94,13.95,13.96,13.97,13.98,13.99,14.0,5300,19600,18900,51800,4000,4300,800,11900,1500,800,5000,500,1500,4500,14100,40200,10200,18300,37800,80200
8402.0,13.9,14293800,194014363.0,13.9,13.89,13.88,13.87,13.86,13.85,13.84,13.81,13.8,13.79,13.91,13.92,13.93,13.94,13.95,13.96,13.97,13.98,13.99,14.0,10500,22400,18900,51800,4000,4300,800,11900,1500,800,5000,500,1500,4100,14100,40200,10200,18300,38800,80200
8403.0,13.9,14295900,194043553.0,13.9,13.89,13.88,13.87,13.86,13.85,13.84,13.81,13.8,13.79,13.91,13.92,13.93,13.94,13.95,13.96,13.97,13.98,13.99,14.0,8700,22400,19400,51800,4000,4300,800,11900,1500,800,5000,500,1500,4100,14100,40200,10200,18300,38800,80200
8404.0,13.9,14295900,194043553.0,13.9,13.89,13.88,13.87,13.86,13.85,13.84,13.81,13.8,13.79,13.91,13.92,13.93,13.94,13.95,13.96,13.97,13.98,13.99,14.0,9900,23400,19400,51800,4000,4300,800,11900,1500,800,5000,700,1500,4100,14100,40200,10200,18300,38800,80200
8405.0,13.9,14297500,194065795.0,13.9,13.89,13.88,13.87,13.86,13.85,13.84,13.81,13.8,13.79,13.91,13.92,13.93,13.94,13.95,13.96,13.97,13.98,13.99,14.0,12700,21600,19400,51800,4000,4300,800,11900,1500,800,4800,700,1500,4100,14100,40200,10200,18300,38800,80200
8406.0,13.91,14303000,194142293.0,13.91,13.9,13.89,13.88,13.87,13.86,13.85,13.84,13.81,13.8,13.92,13.93,13.94,13.95,13.96,13.97,13.98,13.99,14.0,14.01,6700,11600,20600,19400,51800,4000,4800,800,11900,1500,700,1500,4100,14100,40200,10200,18300,38800,80200,7900
8407.0,13.91,14308800,194222972.0,13.91,13.9,13.89,13.88,13.87,13.86,13.85,13.84,13.81,13.8,13.92,13.93,13.94,13.95,13.96,13.97,13.98,13.99,14.0,14.01,1300,12400,20800,19400,51800,4000,4800,800,11900,1500,4200,1500,4100,14100,40200,10200,18300,38800,80200,7900
8408.0,13.91,14308900,194224363.0,13.91,13.9,13.89,13.88,13.87,13.86,13.85,13.84,13.81,13.8,13.92,13.93,13.94,13.95,13.96,13.97,13.98,13.99,14.0,14.01,1200,12600,20800,19400,51800,4000,4800,800,11900,1500,4200,1500,4100,14100,40200,10200,18300,39800,80200,7900
8409.0,13.91,14309000,194225754.0,13.91,13.9,13.89,13.88,13.87,13.86,13.85,13.84,13.81,13.8,13.92,13.93,13.94,13.95,13.96,13.97,13.98,13.99,14.0,14.01,3600,12600,20800,18400,51800,4000,4800,800,11900,1500,4200,1500,4100,14100,40200,10200,18300,39800,80200,7900
8410.0,13.9,14330600,194526111.0,13.89,13.88,13.87,13.86,13.85,13.84,13.81,13.8,13.79,13.78,13.9,13.92,13.93,13.94,13.95,13.96,13.97,13.98,13.99,14.0,20800,13200,51800,4000,4800,800,11900,1500,800,6600,1100,1500,2500,4100,14100,40200,10200,18300,39800,80200
8411.0,13.9,14331800,194542791.0,13.91,13.89,13.88,13.87,13.86,13.85,13.84,13.81,13.8,13.79,13.92,13.93,13.94,13.95,13.96,13.97,13.98,13.99,14.0,14.01,900,19800,13200,51800,4000,4800,800,11900,1500,800,1600,2500,4100,14100,40200,10200,18300,39800,80200,7900
8412.0,13.92,14333000,194559495.0,13.91,13.9,13.89,13.88,13.87,13.86,13.85,13.84,13.81,13.8,13.92,13.93,13.94,13.95,13.96,13.97,13.98,13.99,14.0,14.01,900,400,19800,13200,51800,4000,4800,800,11900,1500,400,2500,4100,14100,40200,10200,18300,39800,80200,7900
8413.0,13.91,14339400,194648648.0,13.91,13.9,13.89,13.88,13.87,13.86,13.85,13.84,13.81,13.8,13.94,13.95,13.96,13.97,13.98,13.99,14.0,14.01,14.02,14.03,900,400,19800,13200,46900,4000,4800,800,11900,1500,2600,16100,40200,10200,18300,39800,80200,7900,12200,9900
8414.0,13.92,14341400,194676487.0,13.91,13.9,13.89,13.88,13.87,13.86,13.85,13.84,13.81,13.8,13.92,13.94,13.95,13.96,13.97,13.98,13.99,14.0,14.01,14.02,3400,400,19800,13200,46900,4000,4800,800,11900,1500,1100,5200,16100,40200,10200,18300,39800,77200,7900,12200
8415.0,13.93,14343900,194711308.0,13.91,13.9,13.89,13.88,13.87,13.86,13.85,13.84,13.81,13.8,13.93,13.94,13.95,13.96,13.97,13.98,13.99,14.0,14.01,14.02,3400,500,16900,13200,46900,4000,4800,800,11900,1500,300,4500,16100,40200,10200,18300,39800,77200,7900,12200
8416.0,13.94,14344800,194723851.0,13.91,13.9,13.89,13.88,13.87,13.86,13.85,13.84,13.81,13.8,13.94,13.95,13.96,13.97,13.98,13.99,14.0,14.01,14.02,14.03,3400,1500,16700,14300,46900,4000,4800,800,11900,1500,4100,16100,40200,10200,18300,39800,77200,7900,12200,9900
8417.0,13.94,14351000,194810270.0,13.91,13.9,13.89,13.88,13.87,13.86,13.85,13.84,13.81,13.8,13.95,13.96,13.97,13.98,13.99,14.0,14.01,14.02,14.03,14.04,4700,1700,7400,14300,4100,4000,4800,800,11900,1500,16100,40200,10200,18300,39800,77200,7900,12200,9900,200
8418.0,13.94,14356700,194889728.0,13.92,13.91,13.9,13.89,13.88,13.87,13.86,13.85,13.84,13.81,13.94,13.95,13.96,13.97,13.98,13.99,14.0,14.01,14.02,14.03,600,8400,2700,7400,14300,4100,4000,4800,800,11900,2100,19800,40200,10200,23900,39800,77200,7900,12200,9900
8419.0,13.94,14356700,194889728.0,13.92,13.91,13.9,13.89,13.88,13.87,13.86,13.85,13.84,13.81,13.94,13.95,13.96,13.97,13.98,13.99,14.0,14.01,14.02,14.03,1400,8400,2900,7400,13200,4100,2500,4800,800,11900,2100,19800,40200,10200,23900,49800,77400,8400,12200,9900
8420.0,13.93,14358600,194916202.0,13.92,13.91,13.9,13.89,13.88,13.87,13.86,13.85,13.84,13.82,13.93,13.94,13.95,13.96,13.97,13.98,13.99,14.0,14.01,14.02,3900,8400,2900,7400,13200,4100,2500,4800,800,800,1500,4400,20100,40200,10200,23900,49800,77400,8400,12200
8421.0,13.92,14364800,195002519.0,13.92,13.91,13.9,13.89,13.88,13.87,13.86,13.85,13.84,13.82,13.93,13.94,13.95,13.96,13.97,13.98,13.99,14.0,14.01,14.02,1000,8400,5300,7400,13200,4100,2500,4800,800,800,200,3200,20100,40200,10200,23900,52800,77400,8400,12200
8422.0,13.91,14370400,195080425.0,13.92,13.91,13.9,13.89,13.88,13.87,13.86,13.85,13.84,13.82,13.93,13.94,13.95,13.96,13.97,13.98,13.99,14.0,14.01,14.02,100,3800,9800,5200,13200,4100,2500,4800,800,800,900,3200,20100,40200,10200,23900,52800,77400,8400,12200
8423.0,13.92,14388800,195336300.0,13.9,13.89,13.88,13.87,13.86,13.85,13.84,13.82,13.81,13.8,13.92,13.93,13.94,13.95,13.96,13.97,13.98,13.99,14.0,14.01,200,5200,13200,4100,2500,4800,800,800,11900,3600,1400,900,3200,20100,40200,10200,23900,52800,78400,8400
8424.0,13.94,14393000,195394817.0,13.91,13.9,13.89,13.88,13.87,13.86,13.85,13.84,13.82,13.81,13.94,13.95,13.96,13.97,13.98,13.99,14.0,14.01,14.02,14.03,200,200,5200,13200,4100,2500,4800,800,800,11900,1000,20100,40200,10200,23900,52800,78400,8400,12200,9900
8425.0,13.96,14474400,196530373.0,13.96,13.93,13.91,13.9,13.89,13.88,13.87,13.86,13.85,13.84,13.97,13.98,13.99,14.0,14.01,14.02,14.03,14.04,14.05,14.06,30300,500,600,200,5200,13200,4100,2500,4800,800,10200,23900,52800,78400,8400,12200,9900,200,4100,11000
8426.0,13.96,14476900,196565273.0,13.96,13.94,13.93,13.91,13.9,13.89,13.88,13.87,13.86,13.85,13.97,13.98,13.99,14.0,14.01,14.02,14.03,14.04,14.05,14.06,27800,700,500,1800,200,5200,13200,4100,2500,4800,10200,23900,52800,78400,8400,12200,9900,200,4100,11000
8427.0,13.96,14486000,196692309.0,13.96,13.95,13.94,13.93,13.91,13.9,13.89,13.88,13.87,13.86,13.97,13.98,13.99,14.0,14.01,14.02,14.03,14.04,14.05,14.06,18700,1000,700,1000,2200,200,5200,12700,4100,2500,10200,23900,52800,78400,8400,12200,9900,200,4100,11000
8428.0,13.96,14490600,196756545.0,13.96,13.95,13.94,13.93,13.91,13.9,13.89,13.88,13.87,13.86,13.97,13.98,13.99,14.0,14.01,14.02,14.03,14.04,14.05,14.06,16100,1000,5400,1000,4000,200,5200,12700,4100,2500,8200,23900,52800,78200,8400,12200,9900,200,4100,11000
8429.0,13.96,14498400,196865433.0,13.96,13.95,13.94,13.93,13.91,13.9,13.89,13.88,13.87,13.86,13.97,13.98,13.99,14.0,14.01,14.02,14.03,14.04,14.05,14.06,8300,1000,5400,1000,4000,200,5200,12700,4100,2500,8200,23900,52800,78200,8400,12900,9900,200,4100,11000
8430.0,13.94,14511500,197048223.0,13.94,13.93,13.91,13.9,13.89,13.88,13.87,13.86,13.85,13.84,13.97,13.98,13.99,14.0,14.01,14.02,14.03,14.04,14.05,14.06,1600,1000,4000,200,5200,12700,4100,2500,4800,800,8200,23900,52800,78200,8400,12900,9900,200,4100,11000
8431.0,13.94,14511900,197053799.0,13.94,13.93,13.91,13.9,13.89,13.88,13.87,13.86,13.85,13.84,13.97,13.98,13.99,14.0,14.01,14.02,14.03,14.04,14.05,14.06,3000,1000,4000,200,5200,12700,4100,2500,4800,800,10000,23900,52800,78200,8400,12900,9900,200,4100,11000
8432.0,13.94,14511900,197053799.0,13.94,13.93,13.91,13.9,13.89,13.88,13.87,13.86,13.85,13.84,13.97,13.98,13.99,14.0,14.01,14.02,14.03,14.04,14.05,14.06,9900,1900,4000,200,6200,13100,4100,2500,4800,800,16900,23900,52800,78200,8400,12900,9900,200,4100,11000
8433.0,13.94,14512600,197063557.0,13.94,13.93,13.91,13.9,13.89,13.88,13.87,13.86,13.85,13.84,13.96,13.97,13.98,13.99,14.0,14.01,14.02,14.03,14.04,14.05,10900,1900,4000,200,6200,13100,4100,2500,4800,800,4300,18600,23900,52800,78200,8400,12900,9900,200,4100
8434.0,13.96,14517300,197129113.0,13.94,13.93,13.91,13.9,13.89,13.88,13.87,13.86,13.85,13.84,13.96,13.97,13.98,13.99,14.0,14.01,14.02,14.03,14.04,14.05,8100,1900,4000,200,6300,13100,4100,2500,4800,800,2400,18600,23900,52800,76700,8400,12900,9900,200,4100
8435.0,13.94,14518200,197141675.0,13.94,13.93,13.91,13.9,13.89,13.88,13.87,13.86,13.85,13.84,13.96,13.97,13.98,13.99,14.0,14.01,14.02,14.03,14.04,14.05,8000,1900,4000,200,7000,14100,4100,2500,4800,800,1600,18600,25900,52800,76700,8400,12900,9900,200,4100
8436.0,13.97,14525100,197237988.0,13.94,13.93,13.91,13.9,13.89,13.88,13.87,13.86,13.85,13.84,13.97,13.98,13.99,14.0,14.01,14.02,14.03,14.04,14.05,14.06,9000,1900,3700,200,7000,14100,3500,2500,4800,800,17800,25900,52800,75600,8400,12900,9900,200,4100,11000
8437.0,13.97,14528300,197282650.0,13.94,13.93,13.91,13.9,13.89,13.88,13.87,13.86,13.85,13.84,13.97,13.98,13.99,14.0,14.01,14.02,14.03,14.04,14.05,14.06,14300,1900,3700,500,7000,14100,3500,2500,4800,800,22700,25900,52800,76200,8400,12900,9900,200,4100,11000
8438.0,13.97,14530300,197310589.0,13.94,13.93,13.91,13.9,13.89,13.88,13.87,13.86,13.85,13.84,13.97,13.98,13.99,14.0,14.01,14.02,14.03,14.04,14.05,14.06,14300,1900,2200,500,7000,16100,3500,2500,4800,800,21800,25100,52800,76200,8400,12900,9900,200,4100,11000
8439.0,13.97,14546100,197531294.0,13.94,13.93,13.91,13.9,13.89,13.88,13.87,13.86,13.85,13.84,13.97,13.98,13.99,14.0,14.01,14.02,14.03,14.04,14.05,14.06,22000,1900,2200,500,7000,16100,3500,2500,4800,800,15100,25100,52800,76200,8400,12900,9900,200,4100,11000
8440.0,13.97,14558500,197704520.0,13.94,13.93,13.91,13.9,13.89,13.88,13.87,13.86,13.85,13.84,13.97,13.98,13.99,14.0,14.01,14.02,14.03,14.04,14.05,14.06,22000,1900,2200,1300,7000,16100,3500,2500,4800,800,2900,25100,52800,76200,8400,12900,9900,200,4100,11000
8441.0,13.97,14566300,197813465.0,13.94,13.93,13.91,13.9,13.89,13.88,13.87,13.86,13.85,13.84,13.97,13.98,13.99,14.0,14.01,14.02,14.03,14.04,14.05,14.06,23100,1000,2200,1300,7000,16100,3500,2500,3800,800,700,25100,52800,76200,8400,12900,9900,200,4100,11000
8442.0,13.97,14571100,197880521.0,13.94,13.93,13.91,13.9,13.89,13.88,13.87,13.86,13.85,13.84,13.97,13.98,13.99,14.0,14.01,14.02,14.03,14.04,14.05,14.06,30400,1000,2200,1300,7000,16100,3500,2500,3800,800,500,25100,52800,76900,8400,12900,9900,200,4100,11000
8443.0,13.98,14574000,197921004.0,13.94,13.93,13.92,13.91,13.9,13.89,13.88,13.87,13.86,13.85,13.98,13.99,14.0,14.01,14.02,14.03,14.04,14.05,14.06,14.07,29400,1000,800,2200,1300,7000,16100,3500,2500,3800,25400,52800,75700,8400,12900,9900,200,4100,11000,5400
8444.0,13.98,14585300,198078950.0,13.94,13.93,13.92,13.91,13.9,13.89,13.88,13.87,13.86,13.85,13.96,13.98,13.99,14.0,14.01,14.02,14.03,14.04,14.05,14.06,37900,1000,800,2300,1300,7000,14400,3500,2500,3800,500,25000,49500,75700,8400,12900,9900,200,4100,11000
8445.0,13.98,14610800,198435406.0,13.94,13.93,13.92,13.91,13.9,13.89,13.88,13.87,13.86,13.85,13.98,13.99,14.0,14.01,14.02,14.03,14.04,14.05,14.06,14.07,37900,1000,800,2300,1300,7000,14400,3500,2500,3800,2900,49500,74200,8400,12200,9900,200,4100,11000,5400
8446.0,13.99,14619500,198557060.0,13.98,13.97,13.94,13.93,13.92,13.91,13.9,13.89,13.88,13.87,13.99,14.0,14.01,14.02,14.03,14.04,14.05,14.06,14.07,14.08,2000,3000,37900,1000,800,2300,1300,7000,14400,3500,46700,72600,8400,10800,9900,200,4100,11000,5400,2500
8447.0,13.99,14633300,198750120.0,13.98,13.97,13.94,13.93,13.92,13.91,13.9,13.89,13.88,13.87,13.99,14.0,14.01,14.02,14.03,14.04,14.05,14.06,14.07,14.08,2300,3000,40900,1000,800,2300,1300,7000,14400,3500,32100,73500,8400,10800,9900,200,4100,11000,5400,2500
8448.0,13.99,14635000,198773894.0,13.98,13.97,13.94,13.93,13.92,13.91,13.9,13.89,13.88,13.87,13.99,14.0,14.01,14.02,14.03,14.04,14.05,14.06,14.07,14.08,3300,3500,40900,1000,800,2300,2300,7000,14400,3500,31300,73500,8400,10800,9900,200,4100,11000,5400,2500
8449.0,14.0,14678600,199383961.0,13.99,13.98,13.97,13.94,13.93,13.92,13.91,13.9,13.89,13.88,14.0,14.01,14.02,14.03,14.04,14.05,14.06,14.07,14.08,14.09,1000,3000,3500,40900,1000,800,2300,2300,7000,14400,62900,8400,10800,9900,200,4100,11000,5400,2500,2500
8450.0,14.0,14680400,199409150.0,13.99,13.98,13.97,13.94,13.93,13.92,13.91,13.9,13.89,13.88,14.0,14.01,14.02,14.03,14.04,14.05,14.06,14.07,14.08,14.09,3100,2400,3500,40900,1000,1800,1900,2300,7000,14400,62200,8400,10800,9900,1200,4100,11000,5400,2500,2500
8451.0,13.99,14686500,199494492.0,13.99,13.98,13.97,13.94,13.93,13.92,13.91,13.9,13.89,13.88,14.0,14.01,14.02,14.03,14.04,14.05,14.06,14.07,14.08,14.09,2300,2400,3500,40900,1000,1800,1900,2300,7000,14400,61000,8400,10800,9900,1200,4100,11000,5400,2500,2500
8452.0,13.98,14708500,199802352.0,13.97,13.94,13.93,13.92,13.91,13.9,13.89,13.88,13.87,13.86,13.98,14.0,14.01,14.02,14.03,14.04,14.05,14.06,14.07,14.08,3500,40900,1000,1800,1900,2300,7000,14900,3500,2500,19900,48500,8400,10800,9900,1200,4100,11000,5400,2500
8453.0,13.98,14719600,199957530.0,13.97,13.94,13.93,13.92,13.91,13.9,13.89,13.88,13.87,13.86,13.98,13.99,14.0,14.01,14.02,14.03,14.04,14.05,14.06,14.07,3500,40900,1000,1800,1900,4000,7000,14900,3500,2500,8800,1500,49500,8400,10800,9900,1200,4100,11000,5400
8454.0,13.98,14728000,200074962.0,13.97,13.94,13.93,13.92,13.91,13.9,13.89,13.88,13.87,13.86,13.98,13.99,14.0,14.01,14.02,14.03,14.04,14.05,14.06,14.07,3500,40900,1000,1800,1900,4000,7000,14900,3500,2500,400,1500,49500,8400,10800,9900,1200,4100,11000,5400
8455.0,14.0,14730300,200107130.0,13.99,13.97,13.94,13.93,13.92,13.91,13.9,13.89,13.88,13.87,14.0,14.01,14.02,14.03,14.04,14.05,14.06,14.07,14.08,14.09,3500,3200,40900,1000,1800,1900,3200,7000,14900,3500,49400,8400,10800,9900,1200,4100,11000,5400,2500,2500
8456.0,14.0,14733800,200156130.0,13.99,13.97,13.94,13.93,13.92,13.91,13.9,13.89,13.88,13.87,14.0,14.01,14.02,14.03,14.04,14.05,14.06,14.07,14.08,14.09,4400,2700,40900,1000,1800,1900,3200,7000,14900,3500,45900,8400,10800,9900,1200,4100,11000,5400,2500,2500
8457.0,14.0,14734900,200171526.0,13.99,13.97,13.94,13.93,13.92,13.91,13.9,13.89,13.88,13.87,14.0,14.01,14.02,14.03,14.04,14.05,14.06,14.07,14.08,14.09,4100,2700,40900,1000,1800,1900,3200,7000,14900,3500,45200,8400,10800,9900,1200,4100,11000,5400,2500,2500
8458.0,14.0,14747600,200349264.0,13.99,13.97,13.94,13.93,13.92,13.91,13.9,13.89,13.88,13.87,14.0,14.01,14.02,14.03,14.04,14.05,14.06,14.07,14.08,14.09,600,2700,40900,1000,1800,1900,3200,7000,14900,3500,38700,8400,10800,9900,1200,4100,11000,5400,2500,2500
8459.0,14.0,14755600,200461264.0,13.99,13.98,13.97,13.96,13.94,13.93,13.92,13.91,13.9,13.89,14.0,14.01,14.02,14.03,14.04,14.05,14.06,14.07,14.08,14.09,600,46000,2700,100,40900,1000,1800,1900,3200,7000,30700,8400,10800,9900,1200,4100,11000,5400,2500,2500
8460.0,14.0,14758500,200501864.0,13.99,13.98,13.97,13.96,13.94,13.93,13.92,13.91,13.9,13.89,14.0,14.01,14.02,14.03,14.04,14.05,14.06,14.07,14.08,14.09,700,46000,2700,100,40900,1000,1800,1900,3200,7000,27800,8400,10800,9900,1200,4100,11000,5400,2500,2500
8461.0,14.0,14762300,200555064.0,13.99,13.98,13.96,13.94,13.93,13.92,13.91,13.9,13.89,13.88,14.0,14.01,14.02,14.03,14.04,14.05,14.06,14.07,14.08,14.09,11800,46000,100,40900,1000,1000,1900,3200,7000,14900,25000,8600,10800,9900,1200,4100,11000,5400,2500,2500
8462.0,14.0,14766900,200619464.0,13.99,13.98,13.96,13.94,13.93,13.92,13.91,13.9,13.89,13.88,14.0,14.01,14.02,14.03,14.04,14.05,14.06,14.07,14.08,14.09,11800,46000,100,40900,1000,1000,1900,3200,7000,14900,25400,10000,10800,9900,1200,4100,11000,5400,2500,2500
8463.0,14.0,14772300,200695064.0,13.99,13.98,13.96,13.94,13.93,13.92,13.91,13.9,13.89,13.88,14.0,14.01,14.02,14.03,14.04,14.05,14.06,14.07,14.08,14.09,13600,46000,100,40900,1000,1000,1900,3200,7000,14900,20000,10000,10800,9900,1200,4100,11000,5400,2500,2500
8464.0,14.0,14777700,200770650.0,13.99,13.98,13.96,13.94,13.93,13.92,13.91,13.9,13.89,13.88,14.0,14.01,14.02,14.03,14.04,14.05,14.06,14.07,14.08,14.09,12200,46000,100,40900,1000,1000,1900,3200,7000,14900,16000,10000,10800,9900,1200,4100,11000,5400,2800,2500
8465.0,14.0,14784400,200864427.0,13.99,13.98,13.96,13.94,13.93,13.92,13.91,13.9,13.89,13.88,14.0,14.01,14.02,14.03,14.04,14.05,14.06,14.07,14.08,14.09,9900,46000,100,40900,1000,1000,1900,3200,5900,14900,11600,10000,10800,9900,1200,4100,11000,5400,2800,2500
8466.0,14.0,14788200,200917627.0,13.99,13.98,13.94,13.93,13.92,13.91,13.9,13.89,13.88,13.87,14.0,14.01,14.02,14.03,14.04,14.05,14.06,14.07,14.08,14.09,9900,46000,40900,1000,1000,1900,3200,5900,14900,3500,7800,10000,10800,9900,1200,4100,11000,5400,2800,2500
8467.0,14.0,14798200,201057634.0,14.0,13.99,13.98,13.94,13.93,13.92,13.91,13.9,13.89,13.88,14.01,14.02,14.03,14.04,14.05,14.06,14.07,14.08,14.09,14.1,15500,9200,46000,40900,1000,1000,1900,3200,5900,14900,8600,10800,9900,1200,4100,11000,5400,2800,2500,7300
8468.0,14.01,14802100,201112273.0,14.0,13.99,13.98,13.94,13.93,13.92,13.91,13.9,13.89,13.88,14.01,14.02,14.03,14.04,14.05,14.06,14.07,14.08,14.09,14.1,18700,9200,46000,40900,1000,1000,1900,3200,5900,14900,4700,10800,9900,1200,4100,11000,5400,2900,2500,7300
8469.0,14.01,14808200,201197720.0,14.01,14.0,13.99,13.98,13.94,13.93,13.92,13.91,13.9,13.89,14.02,14.03,14.04,14.05,14.06,14.07,14.08,14.09,14.1,14.11,2500,20100,9200,46000,40900,1000,1000,1900,2200,5900,10800,9900,1200,4100,11000,5400,2900,2500,7300,1200
8470.0,14.01,14815200,201295843.0,14.01,14.0,13.99,13.98,13.94,13.93,13.92,13.91,13.9,13.89,14.02,14.03,14.04,14.05,14.06,14.07,14.08,14.09,14.1,14.11,2700,20200,9200,46000,40900,1000,1000,1900,2200,6300,6500,9900,1200,4100,11000,5400,2900,2500,7300,1200
8471.0,14.01,14816600,201315459.0,14.01,14.0,13.99,13.98,13.94,13.93,13.92,13.91,13.9,13.89,14.02,14.03,14.04,14.05,14.06,14.07,14.08,14.09,14.1,14.11,2000,20200,9200,46000,40900,1000,1000,1900,2200,6300,6300,9900,1200,4100,11000,5400,2900,2500,7300,1200
8472.0,14.02,14817600,201329479.0,14.01,14.0,13.99,13.98,13.94,13.93,13.92,13.91,13.9,13.89,14.02,14.03,14.04,14.05,14.06,14.07,14.08,14.09,14.1,14.11,6400,25200,2900,46000,40900,1000,1000,1900,2200,6300,5300,9900,1200,4100,11000,5400,2900,2500,7300,1200
8473.0,14.02,14831000,201517341.0,14.02,14.01,14.0,13.99,13.98,13.94,13.93,13.92,13.91,13.9,14.03,14.04,14.05,14.06,14.07,14.08,14.09,14.1,14.11,14.12,4100,6000,25200,2900,46000,40900,1000,1000,1900,2200,9900,1200,4100,11000,5400,2900,2500,7300,1200,17700
8474.0,14.02,14835900,201586035.0,14.02,14.01,14.0,13.99,13.98,13.94,13.93,13.92,13.91,13.9,14.03,14.04,14.05,14.06,14.07,14.08,14.09,14.1,14.11,14.12,600,13800,25200,2100,46000,40900,1000,1000,1900,2200,9900,1200,4100,11000,6400,2900,2500,7300,1200,17700
8475.0,14.03,14838200,201618304.0,14.02,14.01,14.0,13.99,13.98,13.95,13.94,13.93,13.92,13.91,14.03,14.04,14.05,14.06,14.07,14.08,14.09,14.1,14.11,14.12,900,14700,25200,2100,46000,1000,40900,1000,1000,1900,7600,1200,4100,11000,6400,2900,2500,7300,1200,17700
8476.0,14.01,14851400,201803245.0,14.01,14.0,13.99,13.98,13.95,13.94,13.93,13.92,13.91,13.9,14.02,14.03,14.04,14.05,14.06,14.07,14.08,14.09,14.1,14.11,2400,25200,2100,46000,1000,40900,1000,1000,2300,2200,2100,8000,1200,4100,11000,6400,2900,2500,7300,1200
8477.0,14.02,14853600,201834089.0,14.01,14.0,13.99,13.98,13.95,13.94,13.93,13.92,13.91,13.9,14.02,14.03,14.04,14.05,14.06,14.07,14.08,14.09,14.1,14.11,1600,23500,3300,46000,1000,40900,1000,1000,2300,2200,1000,8000,1200,4100,11000,6400,2900,2500,7300,1200
8478.0,14.03,14862700,201961750.0,14.03,14.01,14.0,13.99,13.98,13.96,13.95,13.94,13.93,13.92,14.04,14.05,14.06,14.07,14.08,14.09,14.1,14.11,14.12,14.13,3400,4600,22000,3300,46000,1400,1000,40900,1000,1000,1200,4400,11000,6400,2900,2500,7300,1200,17700,700
8479.0,14.04,14866800,202019285.0,14.04,14.03,14.01,14.0,13.99,13.96,13.95,13.94,13.93,13.92,14.05,14.06,14.07,14.08,14.09,14.1,14.11,14.12,14.13,14.14,800,1500,4500,29700,3300,1400,1000,40900,1000,1000,4400,11000,6400,2900,2500,8300,1200,17700,700,400
8480.0,14.05,14870500,202071266.0,14.04,14.03,14.02,14.01,14.0,13.99,13.96,13.95,13.94,13.93,14.05,14.06,14.07,14.08,14.09,14.1,14.11,14.12,14.13,14.14,400,5500,100,5500,29700,3300,1400,1100,40900,1000,1100,11000,6400,2900,3500,8300,1200,17700,700,400
8481.0,14.03,14871900,202090912.0,14.03,14.02,14.01,14.0,13.99,13.98,13.96,13.95,13.94,13.93,14.05,14.06,14.07,14.08,14.09,14.1,14.11,14.12,14.13,14.14,5900,100,5500,29700,3300,1900,1400,1100,40900,1000,1100,11000,6400,2900,3500,8300,1200,17700,700,400
8482.0,14.05,14873200,202109177.0,14.05,14.04,14.03,14.02,14.01,14.0,13.99,13.98,13.96,13.95,14.06,14.07,14.08,14.09,14.1,14.11,14.12,14.13,14.14,14.15,3900,1800,7700,100,5400,29600,4400,1900,1400,1100,11000,6400,2900,3500,8300,1200,17700,700,400,9800
8483.0,14.05,14874500,202127442.0,14.05,14.04,14.03,14.02,14.01,14.0,13.99,13.98,13.96,13.95,14.06,14.07,14.08,14.09,14.1,14.11,14.12,14.13,14.14,14.15,2600,1800,9200,100,5400,29600,4400,1900,1400,1100,11000,6400,2900,3500,8300,1200,17700,700,400,9800
8484.0,14.06,14881400,202224357.0,14.03,14.02,14.01,14.0,13.99,13.98,13.96,13.95,13.94,13.93,14.06,14.07,14.08,14.09,14.1,14.11,14.12,14.13,14.14,14.15,9900,100,7900,29600,4600,1900,1400,1100,40900,1000,10300,6400,2900,3500,8300,1200,17700,700,400,9800
8485.0,14.03,14883000,202246806.0,14.04,14.03,14.02,14.01,14.0,13.99,13.98,13.96,13.95,13.94,14.05,14.06,14.07,14.08,14.09,14.1,14.11,14.12,14.13,14.14,100,17300,1000,8700,29600,4600,1900,1400,1100,40900,500,17000,6400,2900,3500,8300,1200,17700,700,400
8486.0,14.04,14883100,202248210.0,14.03,14.02,14.01,14.0,13.99,13.98,13.96,13.95,13.94,13.93,14.04,14.05,14.06,14.07,14.08,14.09,14.1,14.11,14.12,14.13,18000,1000,7800,28600,4600,1900,1400,1100,40900,1000,3100,500,17600,6400,2900,3500,8300,1200,17700,700
8487.0,14.04,14886600,202297331.0,14.03,14.02,14.01,14.0,13.99,13.98,13.96,13.95,13.94,13.93,14.04,14.05,14.06,14.07,14.08,14.09,14.1,14.11,14.12,14.13,14400,1000,7800,28600,4600,1900,1400,1100,40900,1000,1500,500,17600,6400,2900,3500,8300,1200,17700,700
8488.0,14.06,14889400,202336657.0,14.04,14.03,14.02,14.01,14.0,13.99,13.98,13.96,13.95,13.94,14.06,14.07,14.08,14.09,14.1,14.11,14.12,14.13,14.14,14.15,300,14100,1000,7800,27500,3500,1900,1400,1100,40900,17500,6400,2900,3500,8300,1200,17700,700,400,9800
8489.0,14.07,14911900,202653057.0,14.06,14.05,14.04,14.03,14.02,14.01,14.0,13.99,13.98,13.96,14.07,14.08,14.09,14.1,14.11,14.12,14.13,14.14,14.15,14.16,100,5700,300,13700,1000,7800,27500,3500,1900,1400,1400,3700,3500,8300,1200,16500,700,400,9800,5600
8490.0,14.06,14914200,202685398.0,14.06,14.05,14.04,14.03,14.02,14.01,14.0,13.99,13.98,13.96,14.07,14.08,14.09,14.1,14.11,14.12,14.13,14.14,14.15,14.16,4400,5700,300,13700,1000,7800,27500,3500,1900,1400,1100,3700,3700,8300,1200,16500,700,400,9800,5600
8491.0,14.07,14919100,202754303.0,14.07,14.06,14.05,14.04,14.03,14.02,14.01,14.0,13.99,13.98,14.08,14.09,14.1,14.11,14.12,14.13,14.14,14.15,14.16,14.17,900,3600,5700,4800,13700,1000,7800,27500,3500,1900,3700,3700,8300,1200,16500,700,400,9800,5600,9300
8492.0,14.08,14919600,202761341.0,14.07,14.06,14.05,14.04,14.03,14.02,14.01,14.0,13.99,13.98,14.08,14.09,14.1,14.11,14.12,14.13,14.14,14.15,14.16,14.17,700,6500,8800,5200,12500,1000,8800,25800,3500,1900,3400,3700,9300,1200,16500,700,400,9800,5600,9300
8493.0,14.08,14922600,202803570.0,14.06,14.05,14.04,14.03,14.02,14.01,14.0,13.99,13.98,13.96,14.08,14.09,14.1,14.11,14.12,14.13,14.14,14.15,14.16,14.17,6400,11000,5200,21800,1000,8800,25800,3500,1900,1400,1400,4200,9300,2400,16500,700,400,9800,5600,9300
8494.0,14.06,14932900,202948408.0,14.05,14.04,14.03,14.02,14.01,14.0,13.99,13.98,13.96,13.95,14.06,14.08,14.09,14.1,14.11,14.12,14.13,14.14,14.15,14.16,13000,5200,21800,1000,8700,23000,3500,1900,1400,1100,3000,400,5200,9300,2400,16500,700,400,9800,5600
8495.0,14.08,14936400,202997616.0,14.06,14.05,14.04,14.03,14.02,14.01,14.0,13.99,13.98,13.96,14.08,14.09,14.1,14.11,14.12,14.13,14.14,14.15,14.16,14.17,700,12600,5200,21800,1000,8700,23000,3500,1900,1400,300,5200,9300,2400,16500,700,400,9800,5600,9300
8496.0,14.09,14941500,203069453.0,14.08,14.06,14.05,14.04,14.03,14.02,14.01,14.0,13.99,13.98,14.09,14.1,14.11,14.12,14.13,14.14,14.15,14.16,14.17,14.18,4000,1200,10700,5200,21800,1000,8700,23000,3500,1900,2300,9300,2400,16500,700,400,9800,5600,9300,3600
8497.0,14.09,14943700,203100451.0,14.08,14.06,14.05,14.04,14.03,14.02,14.01,14.0,13.99,13.98,14.09,14.1,14.11,14.12,14.13,14.14,14.15,14.16,14.17,14.18,5100,6000,10700,5200,21600,1000,8700,23200,3500,1900,100,9300,2400,16500,700,400,9800,5600,9300,3600
8498.0,14.08,14947300,203151157.0,14.08,14.06,14.05,14.04,14.03,14.02,14.01,14.0,13.99,13.98,14.09,14.1,14.11,14.12,14.13,14.14,14.15,14.16,14.17,14.18,3400,6100,10000,5200,21600,1000,8000,23200,1700,1900,500,9200,2400,16500,700,400,9800,5600,9300,3600
8499.0,14.09,14948800,203172284.0,14.09,14.08,14.06,14.05,14.04,14.03,14.02,14.01,14.0,13.99,14.1,14.11,14.12,14.13,14.14,14.15,14.16,14.17,14.18,14.19,1500,2800,7200,10700,5200,21600,1000,8000,24200,4700,9200,2400,16500,700,400,9800,5600,9300,3600,2400
8500.0,14.1,14953000,203231504.0,14.09,14.08,14.06,14.05,14.04,14.03,14.02,14.01,14.0,13.99,14.1,14.11,14.12,14.13,14.14,14.15,14.16,14.17,14.18,14.19,10400,2800,11500,8500,6300,21600,1000,8000,24300,4700,5000,2400,16500,700,400,10800,5600,9300,3600,2400
8501.0,14.09,14956700,203283637.0,14.09,14.08,14.06,14.05,14.04,14.03,14.02,14.01,14.0,13.99,14.1,14.11,14.12,14.13,14.14,14.15,14.16,14.17,14.18,14.19,11100,2800,20500,8500,6300,21300,1000,8000,24300,4700,5000,2400,16500,700,400,10800,5600,9300,3600,2400
8502.0,14.09,14958100,203303363.0,14.09,14.08,14.06,14.05,14.04,14.03,14.02,14.01,14.0,13.99,14.1,14.11,14.12,14.13,14.14,14.15,14.16,14.17,14.18,14.19,11300,2500,20500,7900,6300,9100,1000,8000,24300,4700,5000,2400,16500,700,400,10800,5600,9300,3600,2400
8503.0,14.1,14965200,203403452.0,14.1,14.09,14.08,14.06,14.05,14.04,14.03,14.02,14.01,14.0,14.11,14.12,14.13,14.14,14.15,14.16,14.17,14.18,14.19,14.2,1900,13100,2500,17000,7900,4600,9100,1000,8000,24300,2400,16600,700,400,10800,5600,9300,4300,2400,74400
8504.0,14.1,14978100,203585349.0,14.1,14.09,14.08,14.06,14.05,14.04,14.03,14.02,14.01,14.0,14.11,14.12,14.13,14.14,14.15,14.16,14.17,14.18,14.19,14.2,6400,15500,6500,17000,7900,4200,9100,900,8000,20000,1700,16600,700,400,10800,5600,9300,4300,2400,74400
8505.0,14.11,14980400,203617796.0,14.11,14.1,14.09,14.08,14.06,14.05,14.04,14.03,14.02,14.01,14.12,14.13,14.14,14.15,14.16,14.17,14.18,14.19,14.2,14.21,800,9100,15700,6500,16500,7900,4200,9100,900,8000,16600,700,400,10800,5600,9300,4300,2400,74400,2500
8506.0,14.12,14980600,203620620.0,14.11,14.1,14.09,14.08,14.07,14.06,14.05,14.04,14.03,14.01,14.12,14.13,14.14,14.15,14.16,14.17,14.18,14.19,14.2,14.21,800,13200,20200,6500,100,11600,7900,4200,8900,8000,16400,700,400,10800,5600,9300,4300,3900,74400,2500
8507.0,14.12,14990000,203753314.0,14.1,14.09,14.08,14.07,14.06,14.05,14.04,14.03,14.01,14.0,14.12,14.13,14.14,14.15,14.16,14.17,14.18,14.19,14.2,14.21,13600,20200,6500,100,11600,7900,4200,8600,8000,20000,9100,700,400,10800,5600,9300,4300,3900,74400,2500
8508.0,14.12,14991200,203770244.0,14.1,14.09,14.08,14.07,14.06,14.05,14.04,14.03,14.01,14.0,14.12,14.13,14.14,14.15,14.16,14.17,14.18,14.19,14.2,14.21,17900,16600,5900,100,11600,7900,4200,8600,8000,20000,9600,700,400,10800,5600,9300,4300,3900,74300,2500
8509.0,14.11,14991300,203771655.0,14.1,14.09,14.08,14.07,14.06,14.05,14.04,14.03,14.01,14.0,14.12,14.13,14.14,14.15,14.16,14.17,14.18,14.19,14.2,14.21,21500,16300,5900,100,12000,7900,4200,8600,8000,20000,9600,700,400,10800,5600,9300,4300,3900,74300,2500
8510.0,14.12,14992200,203784349.0,14.11,14.1,14.09,14.08,14.07,14.06,14.05,14.04,14.03,14.01,14.12,14.13,14.14,14.15,14.16,14.17,14.18,14.19,14.2,14.21,1100,21500,18600,3600,100,12000,7900,4200,8600,8000,9500,700,900,10800,5600,9300,4300,3900,74300,2500
8511.0,14.12,14993300,203799881.0,14.11,14.1,14.09,14.08,14.06,14.05,14.04,14.03,14.01,14.0,14.12,14.13,14.14,14.15,14.16,14.17,14.18,14.19,14.2,14.21,1100,21900,18700,3600,11000,7500,4200,8600,8000,20000,8400,700,900,10800,5600,9300,4300,3900,74300,2500
8512.0,14.12,14998600,203874712.0,14.11,14.1,14.09,14.08,14.06,14.05,14.04,14.03,14.01,14.0,14.12,14.13,14.14,14.15,14.16,14.17,14.18,14.19,14.2,14.21,700,20800,17100,3600,11000,7500,4200,8600,9000,20000,3600,700,900,10800,5600,9300,4500,3900,74300,2500
8513.0,14.14,15007300,203997591.0,14.1,14.09,14.08,14.06,14.05,14.04,14.03,14.01,14.0,13.99,14.11,14.12,14.14,14.15,14.16,14.17,14.18,14.19,14.2,14.21,21900,17100,3600,11000,7500,4200,8600,9000,20000,1600,1000,3000,3500,11900,5600,9300,4500,3900,77300,2500
8514.0,14.12,15015500,204113355.0,14.12,14.1,14.09,14.08,14.06,14.05,14.04,14.03,14.01,14.0,14.14,14.15,14.16,14.17,14.18,14.19,14.2,14.21,14.22,14.23,28900,19900,17100,3600,11000,7500,3900,8600,9000,20000,3500,11900,5600,9300,4500,3900,77900,2500,2400,12900
8515.0,14.12,15016600,204128887.0,14.12,14.11,14.1,14.09,14.08,14.06,14.05,14.04,14.03,14.01,14.14,14.15,14.16,14.17,14.18,14.19,14.2,14.21,14.22,14.23,42900,100,18200,17100,3600,10400,7500,3900,8600,9000,3500,11900,5600,9300,4500,3900,77900,2500,2400,12900
8516.0,14.12,15021500,204198129.0,14.12,14.11,14.1,14.09,14.08,14.06,14.05,14.04,14.03,14.02,14.13,14.14,14.15,14.16,14.17,14.18,14.19,14.2,14.21,14.22,44300,100,17200,17000,3600,10400,6500,3900,8600,5300,800,2600,11900,5600,9300,3500,4700,77900,2500,2400
8517.0,14.13,15022000,204205194.0,14.12,14.11,14.1,14.09,14.08,14.06,14.05,14.04,14.03,14.02,14.13,14.14,14.15,14.16,14.17,14.18,14.19,14.2,14.21,14.22,52800,100,17200,15300,3700,1900,6500,1100,8600,5300,5300,2600,11900,5600,9100,3500,3900,77900,2500,2400
8518.0,14.13,15025200,204250403.0,14.12,14.11,14.1,14.09,14.08,14.06,14.05,14.04,14.03,14.02,14.13,14.14,14.15,14.16,14.17,14.18,14.19,14.2,14.21,14.22,61100,200,17900,14300,3700,1900,6500,1100,8600,5300,2800,2600,11900,5600,9100,3500,3900,77900,2500,2400
8519.0,14.12,15037600,204425592.0,14.12,14.11,14.1,14.09,14.08,14.06,14.05,14.04,14.03,14.02,14.15,14.16,14.17,14.18,14.19,14.2,14.21,14.22,14.23,14.24,69700,200,17800,14300,3700,3300,6500,1100,8600,5300,11200,5600,9100,3500,3900,77900,2500,2400,12900,15800
8520.0,14.14,15039300,204449616.0,14.13,14.12,14.11,14.1,14.09,14.08,14.06,14.05,14.04,14.03,14.14,14.15,14.16,14.17,14.18,14.19,14.2,14.21,14.22,14.23,7900,74700,300,17800,14300,3600,3300,6500,1100,8700,300,15600,5600,9100,3500,3900,77900,2500,2400,12900
8521.0,14.13,15041000,204473637.0,14.13,14.12,14.11,14.1,14.09,14.08,14.06,14.05,14.04,14.03,14.14,14.15,14.16,14.17,14.18,14.19,14.2,14.21,14.22,14.23,11600,100500,300,16700,9800,3600,3300,6500,1100,8700,300,15600,5600,9100,3500,3900,78400,2500,2400,12900
8522.0,14.14,15043100,204503331.0,14.13,14.12,14.11,14.1,14.09,14.08,14.06,14.05,14.04,14.03,14.14,14.15,14.16,14.17,14.18,14.19,14.2,14.21,14.22,14.23,18900,101300,200,16200,9800,3600,3600,6500,1100,8700,200,15600,5600,9100,3500,3900,78400,2500,2400,12900
8523.0,14.14,15044000,204516050.0,14.14,14.13,14.12,14.11,14.1,14.09,14.08,14.06,14.05,14.04,14.15,14.16,14.17,14.18,14.19,14.2,14.21,14.22,14.23,14.24,1500,19000,105500,200,12600,6600,3600,3600,6500,1100,14800,5600,9100,3500,3900,78400,2500,2400,12900,15800
8524.0,14.15,15055300,204675834.0,14.14,14.13,14.12,14.11,14.1,14.09,14.08,14.06,14.05,14.04,14.15,14.16,14.17,14.18,14.19,14.2,14.21,14.22,14.23,14.24,2200,16200,102200,1400,13300,6200,3600,3700,6500,1100,11800,5600,9100,3500,3900,78400,2500,2400,12900,15800
8525.0,14.15,15058800,204725354.0,14.14,14.13,14.12,14.11,14.1,14.09,14.08,14.06,14.05,14.04,14.15,14.16,14.17,14.18,14.19,14.2,14.21,14.22,14.23,14.24,8300,19300,104200,1400,13300,5600,6900,3200,6500,1100,8800,5600,9100,3500,3900,78400,2500,2400,12900,15800
8526.0,14.15,15068200,204858317.0,14.14,14.13,14.12,14.11,14.1,14.09,14.08,14.06,14.05,14.04,14.15,14.16,14.17,14.18,14.19,14.2,14.21,14.22,14.23,14.24,11300,18800,103200,1400,12500,5600,6900,24800,6500,1100,4100,5600,9100,4000,3900,78400,2500,2400,12900,15800
8527.0,14.15,15069100,204871045.0,14.14,14.13,14.12,14.11,14.1,14.09,14.08,14.06,14.05,14.04,14.15,14.16,14.17,14.18,14.19,14.2,14.21,14.22,14.23,14.24,17300,18800,103200,1400,11800,2800,6900,24700,6500,1100,3900,5600,9100,6000,3900,78400,2500,2400,12900,15800
8528.0,14.15,15074200,204943170.0,14.14,14.13,14.12,14.11,14.1,14.09,14.08,14.06,14.05,14.04,14.15,14.16,14.17,14.18,14.19,14.2,14.21,14.22,14.23,14.24,14700,20600,99200,1400,11800,2800,6900,24700,6500,1100,2800,5600,9100,6000,3900,78900,2500,2400,12900,15800
8529.0,14.15,15077500,204989849.0,14.14,14.13,14.12,14.11,14.1,14.09,14.08,14.06,14.05,14.04,14.15,14.16,14.17,14.18,14.19,14.2,14.21,14.22,14.23,14.24,14100,20600,73900,1400,11600,2800,6900,24700,6500,1100,1100,6100,9100,6000,3900,78900,2500,2400,12900,15800
8530.0,14.15,15080400,205030875.0,14.14,14.13,14.12,14.11,14.1,14.09,14.08,14.06,14.05,14.04,14.15,14.16,14.17,14.18,14.19,14.2,14.21,14.22,14.23,14.24,8600,21100,60800,1400,11600,2800,6900,24700,6500,1100,6200,6100,9100,6000,3900,78900,2500,2400,12900,15800
8531.0,14.14,15098100,205281142.0,14.13,14.12,14.11,14.1,14.09,14.08,14.06,14.05,14.04,14.03,14.14,14.15,14.16,14.17,14.18,14.19,14.2,14.21,14.22,14.23,18700,60600,1400,11100,2800,6900,24700,6500,1100,8700,2200,700,6100,9100,6000,5100,78900,2500,2400,12900
8532.0,14.14,15106400,205398497.0,14.13,14.12,14.11,14.1,14.09,14.08,14.06,14.05,14.04,14.03,14.14,14.15,14.16,14.17,14.18,14.19,14.2,14.21,14.22,14.23,19000,60700,1400,8900,2800,6900,24700,6500,1100,8700,4600,1400,6100,9100,6000,5100,78900,2500,2400,12900
8533.0,14.14,15110700,205459296.0,14.13,14.12,14.11,14.1,14.09,14.08,14.06,14.05,14.04,14.03,14.14,14.15,14.16,14.17,14.18,14.19,14.2,14.21,14.22,14.23,19200,60700,1400,8900,2800,6900,24700,6500,1100,8700,15800,1400,6100,9100,6000,20000,78900,2500,2400,12900
8534.0,14.14,15113800,205503116.0,14.13,14.12,14.11,14.1,14.09,14.08,14.06,14.05,14.04,14.03,14.14,14.15,14.16,14.17,14.18,14.19,14.2,14.21,14.22,14.23,15400,60400,1300,8900,2800,6900,24400,6500,1100,8700,14400,4400,6100,9100,6000,20000,78900,2500,2400,12900
8535.0,14.13,15127200,205692563.0,14.13,14.12,14.11,14.1,14.09,14.08,14.06,14.05,14.04,14.03,14.14,14.15,14.16,14.17,14.18,14.19,14.2,14.21,14.22,14.23,12500,60400,1300,8900,2800,6900,24400,6500,1100,8700,5400,6500,6100,9100,6000,20800,78900,2500,2400,12900
8536.0,14.14,15134800,205800029.0,14.13,14.12,14.11,14.1,14.09,14.08,14.06,14.05,14.04,14.03,14.14,14.15,14.16,14.17,14.18,14.19,14.2,14.21,14.22,14.23,12500,59900,1300,8900,2800,6900,24400,6500,1100,8700,1000,7300,6100,9100,6000,20800,78800,2500,2400,13700
8537.0,14.15,15146600,205966980.0,14.15,14.14,14.13,14.12,14.11,14.1,14.09,14.08,14.06,14.05,14.16,14.17,14.18,14.19,14.2,14.21,14.22,14.23,14.24,14.25,24200,300,11600,59900,1300,8800,2800,6900,24400,6300,6200,9100,6000,20800,78800,2500,2400,13700,15800,19700
8538.0,14.15,15156900,206112725.0,14.15,14.14,14.13,14.12,14.11,14.1,14.09,14.08,14.06,14.05,14.16,14.17,14.18,14.19,14.2,14.21,14.22,14.23,14.24,14.25,14000,3400,11600,49900,1300,8900,2800,6900,24400,6300,6800,9100,6900,21100,78800,2500,2400,13700,15800,19700
8539.0,14.15,15161700,206180675.0,14.15,14.14,14.13,14.12,14.11,14.1,14.09,14.08,14.06,14.05,14.16,14.17,14.18,14.19,14.2,14.21,14.22,14.23,14.24,14.25,18500,4400,11600,49900,1300,8900,2800,6900,24400,6300,4300,9100,6900,21100,79800,2500,2400,13700,15800,18700
8540.0,14.15,15167700,206265582.0,14.15,14.14,14.13,14.12,14.11,14.1,14.09,14.08,14.06,14.05,14.16,14.17,14.18,14.19,14.2,14.21,14.22,14.23,14.24,14.25,13400,5100,11600,49000,1300,8900,2400,6900,24400,6300,3600,9100,6900,21100,79800,2500,2400,13700,15800,18700
8541.0,14.16,15170200,206300966.0,14.15,14.14,14.13,14.12,14.11,14.1,14.09,14.08,14.06,14.05,14.16,14.17,14.18,14.19,14.2,14.21,14.22,14.23,14.24,14.25,11800,5600,11400,48600,1300,8900,2400,6900,24400,6300,2700,9100,6900,21100,79800,2500,2400,13700,15800,18700
8542.0,14.15,15172300,206330690.0,14.15,14.14,14.13,14.12,14.11,14.1,14.09,14.08,14.06,14.05,14.16,14.17,14.18,14.19,14.2,14.21,14.22,14.23,14.24,14.25,10600,5600,11100,48600,1300,8900,2400,6900,24400,6300,1800,9100,6900,21100,79800,2500,2400,13700,15800,18700
8543.0,14.15,15179600,206434025.0,14.15,14.14,14.13,14.12,14.11,14.1,14.09,14.08,14.06,14.05,14.17,14.18,14.19,14.2,14.21,14.22,14.23,14.24,14.25,14.26,29300,5700,11100,44400,1300,8900,2400,6900,24400,6300,9100,6900,21100,79800,2500,2400,13700,15800,18700,10800
8544.0,14.15,15181500,206460921.0,14.15,14.14,14.13,14.12,14.11,14.1,14.09,14.08,14.06,14.05,14.16,14.17,14.18,14.19,14.2,14.21,14.22,14.23,14.24,14.25,28000,7000,11300,44400,1300,8900,2400,6900,24400,6300,600,8800,6900,21100,80300,2500,3400,13700,15800,18700
8545.0,14.15,15184300,206500567.0,14.15,14.14,14.13,14.12,14.11,14.1,14.09,14.08,14.06,14.05,14.16,14.17,14.18,14.19,14.2,14.21,14.22,14.23,14.24,14.25,27800,6300,11300,44400,1300,8900,2400,6900,24400,6300,200,7800,7400,21100,80300,2500,3400,13700,15800,18700
8546.0,14.15,15195900,206664754.0,14.16,14.15,14.14,14.13,14.12,14.11,14.1,14.09,14.08,14.06,14.17,14.18,14.19,14.2,14.21,14.22,14.23,14.24,14.25,14.26,10600,20900,6300,11300,44400,1300,7400,2400,6900,24400,8800,7400,21100,80300,2500,3400,13700,15800,18700,10800
8547.0,14.17,15200800,206734166.0,14.16,14.15,14.14,14.13,14.12,14.11,14.1,14.09,14.08,14.06,14.17,14.18,14.19,14.2,14.21,14.22,14.23,14.24,14.25,14.26,9400,21400,6300,11300,44400,1300,7400,2400,6900,24400,6000,7800,21200,80300,2500,3400,13700,15800,18700,10800
8548.0,14.16,15205600,206802134.0,14.16,14.15,14.14,14.13,14.12,14.11,14.1,14.09,14.08,14.06,14.17,14.18,14.19,14.2,14.21,14.22,14.23,14.24,14.25,14.26,11300,21400,5700,11300,44400,1300,7400,1700,6900,24400,6000,10300,21200,80300,2500,3400,13700,15800,18700,10800
8549.0,14.16,15219900,207004794.0,14.16,14.15,14.14,14.13,14.12,14.11,14.1,14.09,14.08,14.06,14.18,14.19,14.2,14.21,14.22,14.23,14.24,14.25,14.26,14.27,22400,21400,5700,6700,45200,1300,7400,1700,6900,24400,11100,21200,86600,2500,3400,13700,15800,18700,10800,33600
8550.0,14.18,15221900,207033144.0,14.17,14.16,14.15,14.14,14.13,14.12,14.11,14.1,14.09,14.08,14.18,14.19,14.2,14.21,14.22,14.23,14.24,14.25,14.26,14.27,2400,67500,21400,6600,6700,45200,1300,7400,1700,6900,9600,21200,88100,2500,3400,13700,15800,18700,10800,33600
8551.0,14.17,15226900,207104018.0,14.17,14.16,14.15,14.14,14.13,14.12,14.11,14.1,14.09,14.08,14.18,14.19,14.2,14.21,14.22,14.23,14.24,14.25,14.26,14.27,3100,67800,24200,6600,6700,45100,1300,7400,1700,6900,7200,21200,88100,2500,3400,13700,15800,18700,10800,33600
8552.0,14.17,15242400,207323595.0,14.17,14.16,14.15,14.14,14.13,14.12,14.11,14.1,14.09,14.08,14.18,14.19,14.2,14.21,14.22,14.23,14.24,14.25,14.26,14.27,800,59400,24200,6600,6700,45100,1300,7400,1700,6900,8500,22200,87500,2500,3400,13700,15800,18700,20800,33600
8553.0,14.18,15242500,207325013.0,14.17,14.16,14.15,14.14,14.13,14.12,14.11,14.1,14.09,14.08,14.18,14.19,14.2,14.21,14.22,14.23,14.24,14.25,14.26,14.27,1400,59400,24200,6600,5700,44600,1300,6700,1700,5200,9200,22200,87500,2500,3400,13700,15800,18700,20800,33600
8554.0,14.17,15245300,207364695.0,14.17,14.16,14.15,14.14,14.13,14.12,14.11,14.1,14.09,14.08,14.18,14.19,14.2,14.21,14.22,14.23,14.24,14.25,14.26,14.27,2600,59200,4700,6600,12800,42600,1300,6700,1700,5200,8600,22200,87500,3500,3400,13700,15800,18700,20800,33600
8555.0,14.17,15248900,207415716.0,14.16,14.15,14.14,14.13,14.12,14.11,14.1,14.09,14.08,14.06,14.17,14.18,14.19,14.2,14.21,14.22,14.23,14.24,14.25,14.26,62200,4200,6600,12800,42600,1300,6700,1700,5200,24400,700,8800,8200,87500,3500,3400,13700,15800,18700,20800
8556.0,14.18,15250400,207436979.0,14.17,14.16,14.15,14.14,14.13,14.12,14.11,14.1,14.09,14.08,14.18,14.19,14.2,14.21,14.22,14.23,14.24,14.25,14.26,14.27,200,62200,6200,6600,12800,42600,1300,6700,1700,5200,8100,8200,87500,3500,3400,13700,15800,18800,20800,33600
8557.0,14.18,15258000,207544746.0,14.17,14.16,14.15,14.14,14.13,14.12,14.11,14.1,14.09,14.08,14.18,14.19,14.2,14.21,14.22,14.23,14.24,14.25,14.26,14.27,500,62200,6200,6600,12800,42600,1300,6700,1700,5200,1100,8200,87600,3500,3400,13700,15800,18800,18300,33600
8558.0,14.18,15259700,207568852.0,14.17,14.16,14.15,14.14,14.13,14.12,14.11,14.1,14.09,14.08,14.18,14.19,14.2,14.21,14.22,14.23,14.24,14.25,14.26,14.27,1200,62200,6200,6600,12800,42600,1300,6700,1700,5200,700,9200,88000,3500,3400,12900,15800,18800,18300,33600
8559.0,14.17,15260500,207580194.0,14.17,14.16,14.15,14.14,14.13,14.12,14.11,14.1,14.09,14.08,14.18,14.19,14.2,14.21,14.22,14.23,14.24,14.25,14.26,14.27,1000,69300,6200,6600,12800,42600,1300,5500,1700,5200,100,9700,88000,3500,3400,12900,15800,18800,18300,33600
8560.0,14.19,15266100,207659648.0,14.18,14.17,14.16,14.15,14.14,14.13,14.12,14.11,14.1,14.09,14.19,14.2,14.21,14.22,14.23,14.24,14.25,14.26,14.27,14.28,10200,2400,69400,6200,6600,12800,35600,1300,7600,1700,4800,88000,3500,3400,12900,15800,18800,18300,33600,19000
8561.0,14.18,15271300,207733384.0,14.18,14.17,14.16,14.15,14.14,14.13,14.12,14.11,14.1,14.09,14.19,14.2,14.21,14.22,14.23,14.24,14.25,14.26,14.27,14.28,11600,10300,69400,7700,8000,12000,34300,1300,7600,1200,4800,89500,3500,3400,12900,15800,18800,18600,33600,19000
8562.0,14.18,15279400,207848247.0,14.18,14.17,14.16,14.15,14.14,14.13,14.12,14.11,14.1,14.09,14.19,14.2,14.21,14.22,14.23,14.24,14.25,14.26,14.27,14.28,5000,10300,69400,7700,8000,12000,34200,1300,7600,1200,4300,89500,3500,3400,12900,15800,18800,19100,33600,19000
8563.0,14.19,15284500,207920601.0,14.18,14.17,14.16,14.15,14.14,14.13,14.12,14.11,14.1,14.09,14.19,14.2,14.21,14.22,14.23,14.24,14.25,14.26,14.27,14.28,7800,11400,69400,7700,8000,11800,34200,1300,7600,1200,1100,89500,3500,3400,12900,15800,18800,19100,33600,19000
8564.0,14.19,15285800,207939038.0,14.18,14.17,14.16,14.15,14.14,14.13,14.12,14.11,14.1,14.09,14.19,14.2,14.21,14.22,14.23,14.24,14.25,14.26,14.27,14.28,11100,12100,69600,8200,8000,11800,34200,1300,7600,1200,800,89500,3500,3400,12900,15800,18800,19100,33600,19000
8565.0,14.19,15287500,207963161.0,14.19,14.18,14.17,14.16,14.15,14.14,14.13,14.12,14.11,14.1,14.2,14.21,14.22,14.23,14.24,14.25,14.26,14.27,14.28,14.29,14300,11300,12100,69600,8200,8000,11800,34200,1300,7600,89500,3500,3400,12900,15800,18800,19100,33600,19000,2000
8566.0,14.2,15293000,208041259.0,14.19,14.18,14.17,14.16,14.15,14.14,14.13,14.12,14.11,14.1,14.2,14.21,14.22,14.23,14.24,14.25,14.26,14.27,14.28,14.29,23900,11300,11200,69600,8200,8000,11800,34200,1300,7600,84800,3500,3400,12900,15800,18800,19100,33600,19000,2000
8567.0,14.19,15296800,208095198.0,14.19,14.18,14.17,14.16,14.15,14.14,14.13,14.12,14.11,14.1,14.2,14.21,14.22,14.23,14.24,14.25,14.26,14.27,14.28,14.29,29300,11500,11200,69600,8200,7100,11800,34200,1300,7600,83600,3500,3400,12900,15800,13800,19100,33600,19000,2000
8568.0,14.19,15298100,208113647.0,14.19,14.18,14.17,14.16,14.15,14.14,14.13,14.12,14.11,14.1,14.2,14.21,14.22,14.23,14.24,14.25,14.26,14.27,14.28,14.29,30800,16400,14300,69600,8200,7100,11800,17300,1300,7600,83400,3500,3400,12900,15800,13800,19100,33600,19000,2000
8569.0,14.2,15312600,208319518.0,14.19,14.18,14.17,14.16,14.15,14.14,14.13,14.12,14.11,14.1,14.2,14.21,14.22,14.23,14.24,14.25,14.26,14.27,14.28,14.29,32000,31200,14700,69600,8200,9400,11800,17300,1300,7600,72800,3500,3400,12900,15800,13800,19100,32700,19000,2000
8570.0,14.2,15316000,208367782.0,14.19,14.18,14.17,14.16,14.15,14.14,14.13,14.12,14.11,14.1,14.2,14.21,14.22,14.23,14.24,14.25,14.26,14.27,14.28,14.29,30400,33700,15100,69600,8200,9400,11200,17300,1300,7600,71000,3500,3400,12900,15800,13800,19100,32700,19000,2000
8571.0,14.2,15327500,208531082.0,14.19,14.18,14.17,14.16,14.15,14.14,14.13,14.12,14.11,14.1,14.2,14.21,14.22,14.23,14.24,14.25,14.26,14.27,14.28,14.29,30500,33500,15100,69600,8200,14800,11200,17300,1300,7600,59500,3500,3400,12900,15800,13800,19100,32700,19000,2000
8572.0,14.2,15351900,208877562.0,14.19,14.18,14.17,14.16,14.15,14.14,14.13,14.12,14.11,14.1,14.2,14.21,14.22,14.23,14.24,14.25,14.26,14.27,14.28,14.29,31500,34500,16000,69600,8200,14800,11200,17300,1300,7600,35100,3500,3400,12900,15800,13800,19100,32200,19000,2000
8573.0,14.2,15365700,209073440.0,14.19,14.18,14.17,14.16,14.15,14.14,14.13,14.12,14.11,14.1,14.2,14.21,14.22,14.23,14.24,14.25,14.26,14.27,14.28,14.29,23500,35300,16000,69500,8200,14800,11200,17300,1300,7600,31000,3500,2400,12900,15800,13800,20100,32200,19000,2000
8574.0,14.2,15367100,209093312.0,14.19,14.18,14.17,14.16,14.15,14.14,14.13,14.12,14.11,14.1,14.2,14.21,14.22,14.23,14.24,14.25,14.26,14.27,14.28,14.29,22700,35200,16000,69500,8200,13800,10700,17300,1300,7600,30400,3500,2400,12900,15800,14100,20100,32200,19000,2000
8575.0,14.2,15372700,209172822.0,14.19,14.18,14.17,14.16,14.15,14.14,14.13,14.12,14.11,14.1,14.2,14.21,14.22,14.23,14.24,14.25,14.26,14.27,14.28,14.29,22500,35300,15300,69500,8200,13800,10700,17300,1300,7600,26400,3500,2400,12900,15800,14100,20100,32200,19000,2000
8576.0,14.2,15400600,209568990.0,14.2,14.19,14.18,14.17,14.16,14.15,14.14,14.13,14.12,14.11,14.21,14.22,14.23,14.24,14.25,14.26,14.27,14.28,14.29,14.3,2400,25800,35500,14400,62400,7800,10600,10700,17200,1300,3500,2400,12900,15800,14100,20100,32200,19000,2000,21900
8577.0,14.21,15404900,209630085.0,14.21,14.2,14.19,14.18,14.17,14.16,14.15,14.14,14.13,14.12,14.22,14.23,14.24,14.25,14.26,14.27,14.28,14.29,14.3,14.32,1500,5500,25800,35500,13300,62400,7800,10600,10700,17200,2400,12900,16300,14100,20100,32200,19000,2000,21900,2200
8578.0,14.22,15406800,209657085.0,14.2,14.19,14.18,14.17,14.16,14.15,14.14,14.13,14.12,14.11,14.22,14.23,14.24,14.25,14.26,14.27,14.28,14.29,14.3,14.32,6700,25800,35500,8300,62400,7800,10600,10700,16500,1300,2200,12900,16300,14100,20100,32200,19000,2000,22100,2200
8579.0,14.2,15409800,209699685.0,14.2,14.19,14.18,14.17,14.16,14.15,14.14,14.13,14.12,14.11,14.22,14.23,14.24,14.25,14.26,14.27,14.28,14.29,14.3,14.32,11800,27100,35500,8300,62400,7800,10600,10700,16500,1300,7100,12900,16300,14100,20100,32200,19000,2000,22100,2200
8580.0,14.2,15412200,209733765.0,14.2,14.19,14.18,14.17,14.16,14.15,14.14,14.13,14.12,14.11,14.22,14.23,14.24,14.25,14.26,14.27,14.28,14.29,14.3,14.32,13100,27200,35500,8300,62400,7300,10600,10700,16500,1300,7100,12900,16300,14100,20100,32200,19000,2000,22100,2200
8581.0,14.2,15416300,209792023.0,14.2,14.19,14.18,14.17,14.16,14.15,14.14,14.13,14.12,14.11,14.21,14.22,14.23,14.24,14.25,14.26,14.27,14.28,14.29,14.3,18400,27200,35800,8300,17000,7300,10600,10700,16500,1300,1000,8100,12900,15800,14600,20100,31200,19000,2000,22100
8582.0,14.2,15419100,209831790.0,14.2,14.19,14.18,14.17,14.16,14.15,14.14,14.13,14.12,14.11,14.21,14.22,14.23,14.24,14.25,14.26,14.27,14.28,14.29,14.3,17800,26900,34200,8300,17000,7300,10600,10700,15100,1300,300,8100,12900,15800,14600,20100,31200,19000,2000,22100
8583.0,14.22,15420700,209854525.0,14.21,14.2,14.19,14.18,14.17,14.16,14.15,14.14,14.13,14.12,14.22,14.23,14.24,14.25,14.26,14.27,14.28,14.29,14.3,14.32,500,18100,26500,34100,8300,17000,7300,10600,10700,15100,7500,12900,15800,14600,20100,31200,19000,2000,22100,2200
8584.0,14.21,15423900,209900024.0,14.2,14.19,14.18,14.17,14.16,14.15,14.14,14.13,14.12,14.11,14.22,14.23,14.24,14.25,14.26,14.27,14.28,14.29,14.3,14.32,18900,28000,34100,8300,17000,3900,10600,10700,15100,1300,5600,12900,15800,14900,20100,31200,19000,2000,22100,2200
8585.0,14.22,15432500,210022316.0,14.22,14.2,14.19,14.18,14.17,14.16,14.15,14.14,14.13,14.12,14.23,14.24,14.25,14.26,14.27,14.28,14.29,14.3,14.32,14.33,1400,22100,28000,31900,8300,17000,3900,10600,10700,15100,12900,15800,14900,20100,31200,19000,2000,22100,2200,3900
8586.0,14.2,15450200,210273754.0,14.2,14.19,14.18,14.17,14.16,14.15,14.14,14.13,14.12,14.11,14.22,14.23,14.24,14.25,14.26,14.27,14.28,14.29,14.3,14.32,9300,28000,31900,8300,17000,4000,10600,10700,15100,1300,8000,13200,15800,14900,20100,31200,18000,2000,22100,2200
8587.0,14.2,15456600,210364738.0,14.2,14.19,14.18,14.17,14.16,14.15,14.14,14.13,14.12,14.11,14.22,14.23,14.24,14.25,14.26,14.27,14.28,14.29,14.3,14.32,8600,27300,31900,8300,17000,4200,10600,10700,14300,1300,2800,13200,15800,14600,20100,31200,18000,2000,22100,2200
8588.0,14.23,15462000,210441530.0,14.22,14.2,14.19,14.18,14.17,14.16,14.15,14.14,14.13,14.12,14.23,14.24,14.25,14.26,14.27,14.28,14.29,14.3,14.32,14.33,3700,11600,27300,31900,8300,17000,4400,10600,10700,14300,12800,15800,14600,20100,31200,18000,2000,22100,2200,3900
8589.0,14.22,15467200,210515502.0,14.22,14.2,14.19,14.18,14.17,14.16,14.15,14.14,14.13,14.12,14.23,14.24,14.25,14.26,14.27,14.28,14.29,14.3,14.32,14.33,1300,11700,27300,31900,8300,16900,4400,10600,10700,14300,10000,15800,14600,20100,31200,18000,2000,22100,2200,3900
8590.0,14.22,15470800,210566654.0,14.2,14.19,14.18,14.17,14.16,14.15,14.14,14.13,14.12,14.11,14.22,14.23,14.24,14.25,14.26,14.27,14.28,14.29,14.3,14.32,9700,27800,31900,8300,16900,4200,10600,10700,14300,1300,1800,10000,15800,14600,20100,31200,18000,2000,22100,2200
8591.0,14.22,15472300,210587956.0,14.2,14.19,14.18,14.17,14.16,14.15,14.14,14.13,14.12,14.11,14.22,14.23,14.24,14.25,14.26,14.27,14.28,14.29,14.3,14.32,8300,27700,31600,8300,16900,4200,10600,10700,14300,1300,14200,10000,15800,14600,20100,31200,18000,2000,21900,2200
8592.0,14.19,15497600,210947252.0,14.19,14.18,14.17,14.16,14.15,14.14,14.13,14.12,14.11,14.1,14.22,14.23,14.24,14.25,14.26,14.27,14.28,14.29,14.3,14.32,17700,31300,8300,16900,4200,10600,10700,14300,1300,8000,4300,10000,15800,14600,20100,31200,18000,2000,21900,2200
8593.0,14.22,15505600,211060991.0,14.2,14.19,14.18,14.17,14.16,14.15,14.14,14.13,14.12,14.11,14.22,14.23,14.24,14.25,14.26,14.27,14.28,14.29,14.3,14.32,2000,20400,31300,8300,16900,4200,10600,10700,14300,1300,5500,11400,19600,14600,20100,31200,18000,2000,21900,2200
8594.0,14.22,15510300,211127819.0,14.2,14.19,14.18,14.17,14.16,14.15,14.14,14.13,14.12,14.11,14.22,14.23,14.24,14.25,14.26,14.27,14.28,14.29,14.3,14.32,3800,14700,31200,8300,16800,4200,10100,10700,14300,1300,4500,11400,19600,14600,20100,31200,18000,2000,21900,2200
8595.0,14.22,15512500,211159103.0,14.2,14.19,14.18,14.17,14.16,14.15,14.14,14.13,14.12,14.11,14.22,14.23,14.24,14.25,14.26,14.27,14.28,14.29,14.3,14.32,3800,14700,29500,7900,16800,4200,10100,10700,14300,1300,2500,23000,19600,14600,20500,31200,18000,2000,21900,2200
8596.0,14.23,15543500,211600120.0,14.23,14.2,14.19,14.18,14.17,14.16,14.15,14.14,14.13,14.12,14.24,14.25,14.26,14.27,14.28,14.29,14.3,14.32,14.33,14.34,9900,2700,14700,29500,7900,16800,4200,10100,10700,14300,19600,14700,20500,31200,18000,2000,21900,2200,3900,3000
8597.0,14.24,15548800,211675544.0,14.23,14.22,14.2,14.19,14.18,14.17,14.16,14.15,14.14,14.13,14.24,14.25,14.26,14.27,14.28,14.29,14.3,14.32,14.33,14.34,5900,1500,2700,14700,29500,7300,3400,4200,10100,10700,19100,14700,20500,31200,18000,2000,21900,2200,3900,3000
8598.0,14.23,15549300,211682659.0,14.23,14.22,14.2,14.19,14.18,14.17,14.16,14.15,14.14,14.13,14.24,14.25,14.26,14.27,14.28,14.29,14.3,14.32,14.33,14.34,5600,6100,2900,14700,29500,7300,3400,4200,10100,10200,19100,24700,20500,31200,18000,2000,21900,2200,3900,3000
8599.0,14.24,15554100,211750974.0,14.23,14.22,14.2,14.19,14.18,14.17,14.16,14.15,14.14,14.13,14.24,14.25,14.26,14.27,14.28,14.29,14.3,14.32,14.33,14.34,2000,55700,2900,14700,29500,7300,3400,4200,10100,10200,18000,29700,20500,31200,17800,2000,21900,2200,3900,3000
8600.0,14.23,15570400,211982896.0,14.23,14.22,14.2,14.19,14.18,14.17,14.16,14.15,14.14,14.13,14.24,14.25,14.26,14.27,14.28,14.29,14.3,14.32,14.33,14.34,5500,48100,3700,14700,20000,7300,3400,4200,10100,10200,13000,29700,30200,32200,17800,2000,21900,2200,3900,3000
8601.0,14.23,15573900,212032701.0,14.23,14.22,14.2,14.19,14.18,14.17,14.16,14.15,14.14,14.13,14.24,14.25,14.26,14.27,14.28,14.29,14.3,14.32,14.33,14.34,2100,48100,3700,14700,20000,7300,3400,4200,10100,10200,13000,30200,30200,32200,17800,2000,22400,2200,3900,3000
8602.0,14.22,15595200,212335640.0,14.22,14.2,14.19,14.18,14.17,14.16,14.15,14.14,14.13,14.12,14.24,14.25,14.26,14.27,14.28,14.29,14.3,14.32,14.33,14.34,33200,3700,14700,20000,6300,3400,4200,10100,10200,14300,12800,30400,30200,32200,17800,2000,22400,2200,3900,3000
8603.0,14.22,15595200,212335640.0,14.23,14.22,14.2,14.19,14.18,14.17,14.16,14.15,14.14,14.13,14.24,14.25,14.26,14.27,14.28,14.29,14.3,14.32,14.33,14.34,500,36200,3700,14700,20000,6300,3400,4000,10100,10200,15000,30400,31200,32200,17800,2000,22400,2200,3900,3000
8604.0,14.23,15599900,212402489.0,14.22,14.2,14.19,14.18,14.17,14.16,14.15,14.14,14.13,14.12,14.23,14.24,14.25,14.26,14.27,14.28,14.29,14.3,14.32,14.33,33000,3700,14700,20000,6300,3400,4000,10100,10200,14300,2200,15000,30400,31200,32200,17800,2000,22400,2200,3900
8605.0,14.23,15604400,212466491.0,14.22,14.2,14.19,14.18,14.17,14.16,14.15,14.14,14.13,14.12,14.23,14.24,14.25,14.26,14.27,14.28,14.29,14.3,14.32,14.33,30700,3700,14700,20000,3400,3400,4000,10100,10200,14300,1100,15000,30400,31200,32200,17800,2000,22900,2200,3900
8606.0,14.22,15605600,212483555.0,14.22,14.2,14.19,14.18,14.17,14.16,14.15,14.14,14.13,14.12,14.23,14.24,14.25,14.26,14.27,14.28,14.29,14.3,14.32,14.33,29800,4700,14700,20000,3400,3400,4000,10100,10200,14300,1100,15300,30400,31200,32200,17800,2000,22900,2200,3900
8607.0,14.22,15606600,212497775.0,14.22,14.2,14.19,14.18,14.17,14.16,14.15,14.14,14.13,14.12,14.23,14.24,14.25,14.26,14.27,14.28,14.29,14.3,14.32,14.33,29300,4700,14700,20000,3400,3400,4000,10100,10200,14300,1400,15700,30400,31200,32200,17800,2000,22900,2200,3900
8608.0,14.24,15610900,212558947.0,14.22,14.2,14.19,14.18,14.17,14.16,14.15,14.14,14.13,14.12,14.24,14.25,14.26,14.27,14.28,14.29,14.3,14.32,14.33,14.34,27500,4700,14700,20000,3400,3400,2500,10100,10200,14300,15100,31400,31200,32200,17800,2000,22900,2200,3900,3000
8609.0,14.22,15640200,212975610.0,14.2,14.19,14.18,14.17,14.16,14.15,14.14,14.13,14.12,14.11,14.22,14.23,14.24,14.25,14.26,14.27,14.28,14.29,14.3,14.32,4700,14700,20000,3400,3400,2500,10100,10200,14300,1300,700,900,15100,31700,31200,32200,17800,2000,22900,2200
8610.0,14.2,15642900,213013994.0,14.2,14.19,14.18,14.17,14.16,14.15,14.14,14.13,14.12,14.11,14.22,14.23,14.24,14.25,14.26,14.27,14.28,14.29,14.3,14.32,4200,14700,20000,3400,3400,2300,10100,10200,14300,1300,600,4400,15100,31700,31200,32200,17800,2000,22900,2200
8611.0,14.22,15645400,213049528.0,14.2,14.19,14.18,14.17,14.16,14.15,14.14,14.13,14.12,14.11,14.22,14.23,14.24,14.25,14.26,14.27,14.28,14.29,14.3,14.32,6000,14700,20000,3400,3400,2300,10100,3100,14300,1300,2200,4800,15100,31200,31200,32200,17800,2000,23600,2200
8612.0,14.22,15646300,213062326.0,14.2,14.19,14.18,14.17,14.16,14.15,14.14,14.13,14.12,14.11,14.22,14.23,14.24,14.25,14.26,14.27,14.28,14.29,14.3,14.32,6000,14700,20000,3400,4600,2300,10100,3100,14300,1300,1400,5500,15100,31200,31200,32200,17800,2200,23600,2200
8613.0,14.22,15646800,213069436.0,14.2,14.19,14.18,14.17,14.16,14.15,14.14,14.13,14.12,14.11,14.22,14.23,14.24,14.25,14.26,14.27,14.28,14.29,14.3,14.32,5000,13200,19800,3400,4600,2300,10100,3100,14200,1300,12600,10300,26500,34700,31200,32200,17800,2200,23600,2200
8614.0,14.22,15653400,213163256.0,14.2,14.19,14.18,14.17,14.16,14.15,14.14,14.13,14.12,14.11,14.22,14.23,14.24,14.25,14.26,14.27,14.28,14.29,14.3,14.32,5700,13200,19800,3400,4600,2300,10100,3100,14200,1300,11400,11100,26500,34700,31200,32200,17800,2200,23600,2200
8615.0,14.22,15658400,213234290.0,14.2,14.19,14.18,14.17,14.16,14.15,14.14,14.13,14.12,14.11,14.22,14.23,14.24,14.25,14.26,14.27,14.28,14.29,14.3,14.32,2400,13200,19600,3400,4600,2300,10100,3100,14200,1300,21900,12100,26500,34700,31200,32200,17800,2200,23600,2200
8616.0,14.22,15659400,213248510.0,14.2,14.19,14.18,14.17,14.16,14.15,14.14,14.13,14.12,14.11,14.22,14.23,14.24,14.25,14.26,14.27,14.28,14.29,14.3,14.32,2400,13200,19600,2900,4600,2300,10100,3100,14200,1300,21800,12500,27000,59300,31200,32200,18100,3600,23600,2200
8617.0,14.22,15660900,213269830.0,14.2,14.19,14.18,14.17,14.16,14.15,14.14,14.13,14.12,14.11,14.22,14.23,14.24,14.25,14.26,14.27,14.28,14.29,14.3,14.32,4200,13200,20600,2900,4600,2300,10100,3100,14200,1300,23900,16200,27000,59300,31200,32200,18100,3600,23600,2200
8618.0,14.2,15665100,213329470.0,14.19,14.18,14.17,14.16,14.15,14.14,14.13,14.12,14.11,14.1,14.2,14.22,14.23,14.24,14.25,14.26,14.27,14.28,14.29,14.3,13200,20600,2900,4600,2300,10100,3100,14200,1300,8000,200,26200,18600,29000,59300,31200,32200,18100,3600,23600
8619.0,14.19,15665600,213336565.0,14.19,14.18,14.17,14.16,14.15,14.14,14.13,14.12,14.11,14.1,14.2,14.22,14.23,14.24,14.25,14.26,14.27,14.28,14.29,14.3,12700,20600,2900,4600,2600,10100,3100,14200,1300,8000,200,27400,20100,29100,59300,31200,32200,18100,3600,23600
8620.0,14.22,15668300,213374913.0,14.19,14.18,14.17,14.16,14.15,14.14,14.13,14.12,14.11,14.1,14.22,14.23,14.24,14.25,14.26,14.27,14.28,14.29,14.3,14.32,11300,19600,2900,4600,2600,10100,3100,14200,1300,8000,26600,20400,31100,59300,31200,32200,18100,3600,23600,2200
8621.0,14.19,15668800,213382008.0,14.19,14.18,14.17,14.16,14.15,14.14,14.13,14.12,14.11,14.1,14.2,14.21,14.22,14.23,14.24,14.25,14.26,14.27,14.28,14.29,13900,19600,2900,4600,2600,10100,3100,14200,1300,8000,2100,2200,34000,20400,31400,59300,31200,32200,18100,3600
8622.0,14.2,15675100,213471425.0,14.19,14.18,14.17,14.16,14.15,14.14,14.13,14.12,14.11,14.1,14.2,14.21,14.22,14.23,14.24,14.25,14.26,14.27,14.28,14.29,9600,18300,2900,5600,2600,10100,3100,14200,1300,8100,1800,2200,34100,20500,32400,59300,31200,32200,18100,3600
8623.0,14.19,15676200,213487034.0,14.19,14.18,14.17,14.16,14.15,14.14,14.13,14.12,14.11,14.1,14.2,14.21,14.22,14.23,14.24,14.25,14.26,14.27,14.28,14.29,9200,18300,2900,5600,32300,10100,3100,14200,1300,8100,2800,2200,34100,23600,32400,59300,31200,32200,18100,3800
8624.0,14.19,15684400,213603392.0,14.19,14.18,14.17,14.16,14.15,14.14,14.13,14.12,14.11,14.1,14.2,14.21,14.22,14.23,14.24,14.25,14.26,14.27,14.28,14.29,1000,18300,2900,5600,32300,10100,3100,14200,1300,9000,3200,2200,33600,23600,32600,59300,20800,32200,18100,3800
8625.0,14.19,15685400,213617582.0,14.18,14.17,14.16,14.15,14.14,14.13,14.12,14.11,14.1,14.09,14.19,14.2,14.21,14.22,14.23,14.24,14.25,14.26,14.27,14.28,17100,2900,5600,32300,10100,3100,14200,1300,9000,500,4400,3300,2200,33600,23700,32600,59300,20100,32200,18100
8626.0,14.19,15691800,213708352.0,14.18,14.17,14.16,14.15,14.14,14.13,14.12,14.11,14.1,14.09,14.19,14.2,14.21,14.22,14.23,14.24,14.25,14.26,14.27,14.28,12500,2900,5600,32300,10100,3100,14200,1300,9000,500,5500,3300,2200,33600,23700,32600,59300,20100,32200,18100
8627.0,14.18,15695800,213765072.0,14.18,14.17,14.16,14.15,14.14,14.13,14.12,14.11,14.1,14.09,14.19,14.2,14.21,14.22,14.23,14.24,14.25,14.26,14.27,14.28,8500,2900,4400,32300,10100,3100,14200,1300,9000,500,6100,8200,2200,33500,23500,32600,59300,21100,32200,18100
8628.0,14.19,15696200,213770748.0,14.18,14.17,14.16,14.15,14.14,14.13,14.12,14.11,14.1,14.09,14.19,14.2,14.21,14.22,14.23,14.24,14.25,14.26,14.27,14.28,8500,2900,4400,32300,10100,3100,14200,1300,9000,500,7700,8700,2200,34500,24300,32600,59300,21100,32200,18100
8629.0,14.18,15697000,213782092.0,14.18,14.17,14.16,14.15,14.14,14.13,14.12,14.11,14.1,14.09,14.19,14.2,14.21,14.22,14.23,14.24,14.25,14.26,14.27,14.28,7700,2900,3400,32300,10100,3100,14200,1300,9000,500,14300,9500,2200,34900,24300,32600,59000,21100,32200,18100
8630.0,14.18,15702600,213861510.0,14.18,14.17,14.16,14.15,14.14,14.13,14.12,14.11,14.1,14.09,14.19,14.2,14.21,14.22,14.23,14.24,14.25,14.26,14.27,14.28,3100,2900,3400,33300,10100,3100,14200,1300,9000,500,15700,10500,3200,34900,23500,32600,58500,21100,32200,18100
8631.0,14.17,15705900,213908302.0,14.17,14.16,14.15,14.14,14.13,14.12,14.11,14.1,14.09,14.08,14.18,14.19,14.2,14.21,14.22,14.23,14.24,14.25,14.26,14.27,2700,3400,33300,10100,3100,14200,1300,9000,500,1900,11000,15700,9500,3200,34900,23500,30600,58500,21100,32200
8632.0,14.18,15706800,213921060.0,14.17,14.16,14.15,14.14,14.13,14.12,14.11,14.1,14.09,14.08,14.18,14.19,14.2,14.21,14.22,14.23,14.24,14.25,14.26,14.27,2300,3400,33300,11100,3100,14200,1300,9000,500,1900,17700,21400,9500,3200,31900,23500,29800,60000,21100,32200
8633.0,14.18,15707400,213929568.0,14.17,14.16,14.15,14.14,14.13,14.12,14.11,14.1,14.09,14.08,14.18,14.19,14.2,14.21,14.22,14.23,14.24,14.25,14.26,14.27,2300,3400,33300,11100,3100,14200,1300,8600,500,1900,22400,21400,9900,3700,31900,18200,29800,60000,21100,32200
8634.0,14.16,15712400,214000391.0,14.16,14.15,14.14,14.13,14.12,14.11,14.1,14.09,14.08,14.06,14.18,14.19,14.2,14.21,14.22,14.23,14.24,14.25,14.26,14.27,700,33300,11100,3100,14200,1300,8600,500,1900,23700,24100,30700,10800,3700,32900,18200,29800,60000,21100,32200
8635.0,14.16,15713600,214017397.0,14.16,14.15,14.14,14.13,14.12,14.11,14.1,14.09,14.08,14.06,14.17,14.18,14.19,14.2,14.21,14.22,14.23,14.24,14.25,14.26,14800,33300,10100,3100,14200,1300,8600,500,1900,23700,500,27000,28600,13900,4000,31300,17500,29800,60000,21100
8636.0,14.18,15717700,214075488.0,14.16,14.15,14.14,14.13,14.12,14.11,14.1,14.09,14.08,14.06,14.17,14.18,14.19,14.2,14.21,14.22,14.23,14.24,14.25,14.26,14900,33300,10100,3100,14200,1300,8600,500,1900,23700,2700,30200,28600,13900,4300,28300,17800,29800,61600,20100
8637.0,14.16,15717900,214078320.0,14.16,14.15,14.14,14.13,14.12,14.11,14.1,14.09,14.08,14.06,14.17,14.18,14.19,14.2,14.21,14.22,14.23,14.24,14.25,14.26,14700,33300,9400,3100,14200,1300,8600,500,1900,23700,3900,34200,28600,13900,4300,28300,17800,29800,61600,20100
8638.0,14.16,15718800,214091064.0,14.16,14.15,14.14,14.13,14.12,14.11,14.1,14.09,14.08,14.06,14.17,14.18,14.19,14.2,14.21,14.22,14.23,14.24,14.25,14.26,13800,33300,9400,3100,14200,1300,8600,500,1900,23700,14200,52500,28600,14500,4300,28100,17800,29800,59700,20100
8639.0,14.16,15719900,214106641.0,14.16,14.15,14.14,14.13,14.12,14.11,14.1,14.09,14.08,14.06,14.17,14.18,14.19,14.2,14.21,14.22,14.23,14.24,14.25,14.26,12800,33300,9400,3100,14200,1300,8600,500,1900,23700,14100,68900,28600,14000,2100,25600,17800,29800,60200,20100
8640.0,14.16,15723200,214153369.0,14.16,14.15,14.14,14.13,14.12,14.11,14.1,14.09,14.08,14.06,14.17,14.18,14.19,14.2,14.21,14.22,14.23,14.24,14.25,14.26,9500,3600,9400,3100,14200,1300,8600,500,1900,23700,18200,67900,28600,14000,2100,24700,17700,29800,60200,20100
8641.0,14.16,15724800,214176025.0,14.16,14.15,14.14,14.13,14.12,14.11,14.1,14.09,14.08,14.06,14.17,14.18,14.19,14.2,14.21,14.22,14.23,14.24,14.25,14.26,7900,3600,9400,3100,14200,1300,8600,500,1900,23700,18700,65700,28600,14200,2300,25000,17700,29800,60200,20100
8642.0,14.17,15729300,214239746.0,14.16,14.15,14.14,14.13,14.12,14.11,14.1,14.09,14.08,14.06,14.17,14.18,14.19,14.2,14.21,14.22,14.23,14.24,14.25,14.26,3500,3600,9400,3100,15200,1300,8600,500,1900,23700,20300,65900,30900,13800,2300,25100,17700,30000,60200,20100
8643.0,14.16,15732100,214279401.0,14.16,14.15,14.14,14.13,14.12,14.11,14.1,14.09,14.08,14.06,14.17,14.18,14.19,14.2,14.21,14.22,14.23,14.24,14.25,14.26,1400,3600,9400,3100,15200,1300,8500,500,1900,23700,20800,49100,29900,13800,2300,24100,17700,30000,60200,20100
8644.0,14.16,15733800,214303473.0,14.15,14.14,14.13,14.12,14.11,14.1,14.09,14.08,14.06,14.05,14.16,14.17,14.18,14.19,14.2,14.21,14.22,14.23,14.24,14.25,3900,9400,3100,15200,1300,8500,500,1900,23700,1300,5100,24900,50900,29900,13700,2300,23100,14600,26500,60200
8645.0,14.15,15739400,214382713.0,14.14,14.13,14.12,14.11,14.1,14.09,14.08,14.06,14.05,14.04,14.15,14.16,14.17,14.18,14.19,14.2,14.21,14.22,14.23,14.24,9400,1600,15200,1300,8500,500,1900,23700,1300,1100,3800,24800,25800,50400,28000,13700,2300,23100,14600,26500
8646.0,14.13,15750400,214538237.0,14.12,14.11,14.1,14.09,14.08,14.06,14.05,14.04,14.03,14.02,14.14,14.15,14.16,14.17,14.18,14.19,14.2,14.21,14.22,14.23,15200,1300,8200,500,1900,23700,1300,1100,8700,15300,1500,300,41500,25800,49900,28000,13700,2300,23100,14600
8647.0,14.12,15753000,214574949.0,14.12,14.11,14.1,14.09,14.08,14.06,14.05,14.04,14.03,14.02,14.14,14.15,14.16,14.17,14.18,14.19,14.2,14.21,14.22,14.23,11600,1300,8200,500,1900,23700,1300,1100,8700,15300,1500,3100,43600,25800,49900,26900,13700,2300,23100,14600
8648.0,14.12,15756900,214630017.0,14.12,14.11,14.1,14.09,14.08,14.06,14.05,14.04,14.03,14.02,14.14,14.15,14.16,14.17,14.18,14.19,14.2,14.21,14.22,14.23,7700,1300,8400,500,1900,23700,1300,1100,8700,15300,1500,3600,45000,25900,49500,25900,10900,2300,23100,14600
8649.0,14.12,15756900,214630017.0,14.12,14.11,14.1,14.09,14.08,14.06,14.05,14.04,14.03,14.02,14.14,14.15,14.16,14.17,14.18,14.19,14.2,14.21,14.22,14.23,9600,1300,8400,500,1900,23700,1300,1100,8700,15300,3400,4700,46700,23500,47200,24700,10900,2300,23100,14600
8650.0,14.15,15761900,214700733.0,14.12,14.11,14.1,14.09,14.08,14.06,14.05,14.04,14.03,14.02,14.15,14.16,14.17,14.18,14.19,14.2,14.21,14.22,14.23,14.24,9600,1300,8400,500,2900,23700,1300,1100,8700,15300,19200,48800,15300,45200,24700,10700,2300,23100,14600,26400
8651.0,14.12,15762700,214712029.0,14.12,14.11,14.1,14.09,14.08,14.06,14.05,14.04,14.03,14.02,14.15,14.16,14.17,14.18,14.19,14.2,14.21,14.22,14.23,14.24,8800,1300,8400,500,2900,23700,1300,1100,8700,15300,19200,64100,15700,43800,19700,10300,2300,23500,14600,26400
8652.0,14.12,15764100,214731797.0,14.12,14.11,14.1,14.09,14.08,14.06,14.05,14.04,14.03,14.02,14.15,14.16,14.17,14.18,14.19,14.2,14.21,14.22,14.23,14.24,9200,1300,8400,500,2900,23700,1300,1100,8700,15300,25200,64100,16200,41500,19700,8800,2300,23500,14600,26400
8653.0,14.12,15767700,214782632.0,14.12,14.11,14.1,14.09,14.08,14.06,14.05,14.04,14.03,14.02,14.15,14.16,14.17,14.18,14.19,14.2,14.21,14.22,14.23,14.24,12400,1300,8400,500,2900,23700,1300,1100,8700,15300,27100,64800,16200,40600,18800,8700,2300,24800,14600,26400
8654.0,14.12,15769100,214802400.0,14.12,14.11,14.1,14.09,14.08,14.06,14.05,14.04,14.03,14.02,14.15,14.16,14.17,14.18,14.19,14.2,14.21,14.22,14.23,14.24,11000,1200,7500,500,2900,23700,1300,1100,8700,15300,28900,64800,16200,40600,18800,8700,2300,24800,19600,26400
8655.0,14.12,15771200,214832052.0,14.12,14.11,14.1,14.09,14.08,14.06,14.05,14.04,14.03,14.02,14.15,14.16,14.17,14.18,14.19,14.2,14.21,14.22,14.23,14.24,14600,1200,7500,500,2900,23700,1300,1100,8700,15300,36400,54100,16200,40600,18800,8700,2300,24500,19600,26400
8656.0,14.12,15771700,214839112.0,14.12,14.11,14.1,14.09,14.08,14.06,14.05,14.04,14.03,14.02,14.14,14.15,14.16,14.17,14.18,14.19,14.2,14.21,14.22,14.23,16700,1200,7500,500,2900,23700,1300,1100,8700,15300,1600,39100,42000,15400,40600,17900,8700,2300,24500,19600
8657.0,14.12,15781800,214981730.0,14.12,14.11,14.1,14.09,14.08,14.06,14.05,14.04,14.03,14.02,14.14,14.15,14.16,14.17,14.18,14.19,14.2,14.21,14.22,14.23,8700,1400,7500,500,2900,23700,1300,1100,8700,15300,3000,39300,41000,11100,38300,17900,7000,2300,24500,19600
8658.0,14.12,15787300,215059390.0,14.12,14.11,14.1,14.09,14.08,14.06,14.05,14.04,14.03,14.02,14.14,14.15,14.16,14.17,14.18,14.19,14.2,14.21,14.22,14.23,8200,1400,7500,500,2900,23700,1300,1100,8700,15300,3000,40300,41000,11100,37900,17900,7000,2300,24500,19800
8659.0,14.12,15789800,215094690.0,14.12,14.11,14.1,14.09,14.08,14.07,14.06,14.05,14.04,14.03,14.14,14.15,14.16,14.17,14.18,14.19,14.2,14.21,14.22,14.23,5700,1400,5400,500,2900,1000,23300,1300,1100,8700,3000,40300,41000,11100,37600,17900,7000,2300,24500,21700
8660.0,14.12,15799800,215235858.0,14.1,14.09,14.08,14.07,14.06,14.05,14.04,14.03,14.02,14.01,14.11,14.12,14.14,14.15,14.16,14.17,14.18,14.19,14.2,14.21,3900,500,2900,1000,23300,1300,1100,8700,15300,100,1000,12000,4800,40300,43000,11100,37600,17900,7000,2300
8661.0,14.1,15800600,215247138.0,14.1,14.09,14.08,14.07,14.06,14.05,14.04,14.03,14.02,14.01,14.11,14.12,14.14,14.15,14.16,14.17,14.18,14.19,14.2,14.21,3100,500,1900,1000,23300,1300,1100,8700,15300,100,1800,12000,4800,41400,41900,11000,37600,17800,7200,2300
8662.0,14.11,15802000,215266889.0,14.1,14.09,14.08,14.07,14.06,14.05,14.04,14.03,14.02,14.01,14.11,14.12,14.14,14.15,14.16,14.17,14.18,14.19,14.2,14.21,2800,500,3300,1000,23300,1300,1100,8700,15300,100,700,13600,4800,41400,41900,10400,36600,17800,7200,2300
8663.0,14.1,15817300,215482866.0,14.1,14.09,14.08,14.07,14.06,14.05,14.04,14.03,14.02,14.01,14.12,14.14,14.15,14.16,14.17,14.18,14.19,14.2,14.21,14.22,900,500,3300,1000,23300,1300,1100,8700,15300,100,2500,5300,41800,41900,10400,36200,17800,9200,2300,23500
8664.0,14.1,15817300,215482866.0,14.1,14.09,14.08,14.07,14.06,14.05,14.04,14.03,14.02,14.01,14.11,14.12,14.14,14.15,14.16,14.17,14.18,14.19,14.2,14.21,900,500,3300,1000,24300,1400,1100,8700,15300,100,500,3000,5300,26700,40900,9700,36200,17800,9200,2300
8665.0,14.09,15818700,215502601.0,14.08,14.07,14.06,14.05,14.04,14.03,14.02,14.01,14.0,13.98,14.1,14.11,14.12,14.14,14.15,14.16,14.17,14.18,14.19,14.2,3300,1000,24300,1400,1100,8700,15300,100,25400,100,3500,6100,3000,5300,26100,38600,9700,36200,17800,9200
8666.0,14.1,15819000,215506831.0,14.08,14.07,14.06,14.05,14.04,14.03,14.02,14.01,14.0,13.98,14.1,14.11,14.12,14.14,14.15,14.16,14.17,14.18,14.19,14.2,3300,1000,24300,1400,1100,8700,15300,100,25400,100,4000,7200,3000,5300,26100,38600,8000,20600,17800,9400
8667.0,14.1,15819600,215515285.0,14.08,14.07,14.06,14.05,14.04,14.03,14.02,14.01,14.0,13.98,14.1,14.11,14.12,14.14,14.15,14.16,14.17,14.18,14.19,14.2,4700,1000,2700,1400,1100,8700,15300,100,25400,100,6800,19200,3000,5300,26100,38600,7800,20600,17800,9300
8668.0,14.08,15820200,215523736.0,14.08,14.07,14.06,14.05,14.04,14.03,14.02,14.01,14.0,13.98,14.09,14.1,14.11,14.12,14.14,14.15,14.16,14.17,14.18,14.19,4300,1000,1700,1400,1100,14700,15300,100,25300,100,800,21800,19200,3000,5300,26100,36400,7800,20600,17800
8669.0,14.08,15823200,215565976.0,14.08,14.07,14.06,14.05,14.04,14.03,14.02,14.01,14.0,13.98,14.09,14.1,14.11,14.12,14.14,14.15,14.16,14.17,14.18,14.19,1300,1000,1700,1400,1100,14700,15300,100,25300,100,900,22100,18700,2700,5300,23100,36400,7300,20600,17800
8670.0,14.08,15823900,215575832.0,14.08,14.07,14.06,14.05,14.04,14.03,14.02,14.01,14.0,13.98,14.09,14.1,14.11,14.12,14.14,14.15,14.16,14.17,14.18,14.19,600,1000,1700,1400,1500,14700,15300,100,25300,100,1100,22500,17300,2700,5300,23100,36400,7300,20400,17800
8671.0,14.09,15824700,215587104.0,14.08,14.07,14.06,14.05,14.04,14.03,14.02,14.01,14.0,13.98,14.09,14.1,14.11,14.12,14.14,14.15,14.16,14.17,14.18,14.19,1500,1000,1700,1400,1500,14700,16300,100,25300,100,5300,23100,17300,2700,5300,22600,36000,7300,20400,16900
8672.0,14.07,15827200,215622294.0,14.06,14.05,14.04,14.03,14.02,14.01,14.0,13.98,13.96,13.95,14.07,14.08,14.09,14.1,14.11,14.12,14.14,14.15,14.16,14.17,1700,1400,1500,14700,16300,100,25500,100,1900,2200,500,1600,5300,23600,15900,2700,5300,24100,32900,7300
8673.0,14.06,15827500,215626512.0,14.06,14.05,14.04,14.03,14.02,14.01,14.0,13.98,13.96,13.95,14.07,14.08,14.09,14.1,14.11,14.12,14.14,14.15,14.16,14.17,1400,1400,1500,14700,16300,100,25500,100,1900,2200,500,4400,5300,24700,15900,2700,5300,24100,32900,7300
8674.0,14.06,15827500,215626512.0,14.06,14.05,14.04,14.03,14.02,14.01,14.0,13.98,13.96,13.95,14.07,14.08,14.09,14.1,14.11,14.12,14.14,14.15,14.16,14.17,1400,1400,1500,14700,16300,100,25500,100,1900,2200,500,7300,5300,29700,15900,2200,5300,25000,32900,7300
8675.0,14.06,15827500,215626512.0,14.06,14.05,14.04,14.03,14.02,14.01,14.0,13.98,13.96,13.95,14.07,14.08,14.09,14.1,14.11,14.12,14.14,14.15,14.16,14.17,1400,1400,1500,14700,16300,100,25500,100,1900,2200,500,11600,5300,33500,15900,2200,5300,25000,32400,7300
8676.0,14.06,15827700,215629324.0,14.06,14.05,14.04,14.03,14.02,14.01,14.0,13.98,13.96,13.95,14.07,14.08,14.09,14.1,14.11,14.12,14.14,14.15,14.16,14.17,1200,1400,1500,14700,16300,100,25500,100,1900,2200,500,11700,5300,33600,3900,2200,5300,25000,32400,7300
8677.0,14.07,15828100,215634952.0,14.06,14.05,14.04,14.03,14.02,14.01,14.0,13.98,13.96,13.95,14.07,14.08,14.09,14.1,14.11,14.12,14.14,14.15,14.16,14.17,1200,1400,1500,14700,16300,100,25500,100,1900,2200,100,12400,5300,34400,3900,2200,5300,25000,31500,7300
8678.0,14.06,15829000,215647606.0,14.06,14.05,14.04,14.03,14.02,14.01,14.0,13.98,13.96,13.95,14.07,14.08,14.09,14.1,14.11,14.12,14.14,14.15,14.16,14.17,300,1400,1500,14700,15300,100,25500,100,1900,2200,100,11900,5800,33500,3900,2200,5300,25000,26400,7300
8679.0,14.06,15829000,215647606.0,14.06,14.05,14.04,14.03,14.02,14.01,14.0,13.98,13.96,13.95,14.07,14.08,14.09,14.1,14.11,14.12,14.14,14.15,14.16,14.17,300,1400,2000,14700,15300,100,24500,100,1900,2200,1100,11100,5800,35500,3900,2200,5300,25000,26400,7300
8680.0,14.06,15829300,215651824.0,14.05,14.04,14.03,14.02,14.01,14.0,13.98,13.96,13.95,13.94,14.06,14.07,14.08,14.09,14.1,14.11,14.12,14.14,14.15,14.16,1400,2000,14700,15300,100,24500,100,1900,2200,41700,15900,2200,11100,5800,35400,3900,2200,5300,24800,21400
8681.0,14.05,15830300,215665879.0,14.05,14.04,14.03,14.02,14.01,14.0,13.99,13.98,13.96,13.95,14.06,14.07,14.08,14.09,14.1,14.11,14.12,14.14,14.15,14.16,900,2000,14700,15300,100,24500,1000,100,1900,2200,22200,2200,11100,5800,35300,3900,2200,5300,24800,21400
8682.0,14.04,15831800,215686948.0,14.04,14.03,14.02,14.01,14.0,13.99,13.98,13.96,13.95,13.94,14.06,14.07,14.08,14.09,14.1,14.11,14.12,14.14,14.15,14.16,1400,14700,15300,100,24500,1000,100,1900,2200,41700,22500,2200,10100,5800,34600,3900,2200,5300,24800,20900
8683.0,14.06,15832200,215692570.0,14.04,14.03,14.02,14.01,14.0,13.99,13.98,13.96,13.95,13.94,14.06,14.07,14.08,14.09,14.1,14.11,14.12,14.14,14.15,14.16,1300,14700,15300,100,24500,1000,100,1900,2200,41700,22900,2200,10100,5800,34600,3900,2200,5300,23900,20100
8684.0,14.06,15833300,215708036.0,14.05,14.04,14.03,14.02,14.01,14.0,13.99,13.98,13.96,13.95,14.06,14.07,14.08,14.09,14.1,14.11,14.12,14.14,14.15,14.16,200,2400,14700,15300,100,25300,1000,100,1900,2200,25100,2200,10100,6300,19600,3900,2200,5300,38600,20100
8685.0,14.06,15833300,215708036.0,14.05,14.04,14.03,14.02,14.01,14.0,13.99,13.98,13.96,13.95,14.06,14.07,14.08,14.09,14.1,14.11,14.12,14.14,14.15,14.16,200,2400,14700,15300,100,25300,1000,100,1900,2400,34000,2200,10100,5900,17200,3900,2200,5300,38600,20100
8686.0,14.04,15836800,215757188.0,14.03,14.02,14.01,14.0,13.99,13.98,13.96,13.95,13.94,13.91,14.04,14.06,14.07,14.08,14.09,14.1,14.11,14.12,14.14,14.15,14700,15300,100,25300,1000,100,1900,2400,41700,2400,12700,37900,2200,9900,5900,14200,3900,2200,5300,38500
8687.0,14.04,15836900,215758592.0,14.03,14.02,14.01,14.0,13.99,13.98,13.96,13.95,13.94,13.91,14.04,14.05,14.06,14.07,14.08,14.09,14.1,14.11,14.12,14.14,14700,15300,600,25300,1000,4500,1900,2400,41700,2400,13500,3100,37900,2200,8900,5900,13500,3600,1000,4800
8688.0,14.04,15837700,215769817.0,14.03,14.02,14.01,14.0,13.99,13.98,13.96,13.95,13.94,13.91,14.04,14.05,14.06,14.07,14.08,14.09,14.1,14.11,14.12,14.14,14000,15300,600,25300,1000,4500,1900,2400,41700,2400,14200,3300,37300,2200,6400,5900,13500,3600,1000,4800
8689.0,14.04,15838400,215779645.0,14.03,14.02,14.01,14.0,13.99,13.98,13.96,13.95,13.94,13.91,14.04,14.05,14.06,14.07,14.08,14.09,14.1,14.11,14.12,14.14,14000,15500,1000,25300,1000,4500,1900,2400,41700,2400,17100,3700,52100,2200,6400,700,13600,3600,4000,4800
8690.0,14.04,15842500,215837202.0,14.03,14.02,14.01,14.0,13.99,13.98,13.96,13.95,13.94,13.91,14.04,14.05,14.06,14.07,14.08,14.09,14.1,14.11,14.12,14.14,13300,15500,1000,25000,1000,4500,1900,2400,41700,2400,14500,4300,40100,2200,6400,700,13600,2600,4000,4800
8691.0,14.04,15846000,215886342.0,14.03,14.02,14.01,14.0,13.99,13.98,13.96,13.95,13.94,13.91,14.04,14.05,14.06,14.07,14.08,14.09,14.1,14.11,14.12,14.14,13300,15500,1000,25000,1000,4500,1900,32300,41700,2400,25500,4300,40100,2200,6300,700,13600,2600,4000,4500
8692.0,14.04,15848400,215920024.0,14.03,14.02,14.01,14.0,13.98,13.96,13.95,13.94,13.91,13.9,14.04,14.05,14.06,14.07,14.08,14.09,14.1,14.11,14.12,14.14,11900,15500,1000,25600,4500,1900,32300,41700,2400,2200,26000,4300,40100,1100,7400,700,7800,2600,4000,4500
8693.0,14.04,15852400,215976173.0,14.03,14.02,14.01,14.0,13.98,13.96,13.95,13.94,13.91,13.9,14.04,14.05,14.06,14.07,14.08,14.09,14.1,14.11,14.12,14.14,10800,15600,1000,47400,4500,1900,32300,41700,2400,2200,23900,4300,40100,1100,7400,700,7800,2600,4000,4500
8694.0,14.03,15864600,216147404.0,14.03,14.02,14.01,14.0,13.98,13.96,13.95,13.94,13.91,13.9,14.04,14.05,14.06,14.07,14.08,14.09,14.1,14.11,14.12,14.14,5100,15600,1000,46400,4500,1900,32300,41700,2400,2200,17400,4300,38500,1100,7400,700,7800,2600,4000,4500
8695.0,14.03,15864600,216147404.0,14.03,14.02,14.01,14.0,13.98,13.96,13.95,13.94,13.91,13.9,14.04,14.05,14.06,14.07,14.08,14.09,14.1,14.11,14.12,14.14,5100,15600,1000,46400,4500,1900,32100,41700,2400,2200,18100,4300,38500,1100,7400,700,7700,2600,4000,4500
8696.0,14.03,15869900,216221763.0,14.02,14.01,14.0,13.98,13.96,13.95,13.94,13.91,13.9,13.89,14.03,14.04,14.05,14.06,14.07,14.08,14.09,14.1,14.11,14.12,15600,1100,46400,4500,1900,32100,41700,2400,2200,7200,15600,18600,4300,38500,1100,7400,700,7700,2600,3800
8697.0,14.02,15872000,216251217.0,14.02,14.01,14.0,13.98,13.96,13.95,13.94,13.91,13.9,13.89,14.03,14.04,14.05,14.06,14.07,14.08,14.09,14.1,14.11,14.12,14700,1100,46400,4500,1900,32100,41700,2400,2200,7200,14400,18800,4300,38500,1100,7400,700,7600,2600,3800
8698.0,14.03,15872300,216255426.0,14.02,14.01,14.0,13.98,13.96,13.95,13.94,13.91,13.9,13.89,14.03,14.04,14.05,14.06,14.07,14.08,14.09,14.1,14.11,14.12,14600,1100,46400,4500,1900,32100,41700,2400,1900,7200,14100,18800,4300,38500,1100,7400,700,7600,2600,3800
8699.0,14.03,15874500,216286292.0,14.02,14.01,14.0,13.98,13.96,13.95,13.94,13.93,13.91,13.9,14.03,14.04,14.05,14.06,14.07,14.08,14.09,14.1,14.11,14.12,14600,1200,25000,4500,1900,32100,41700,1000,2400,1900,27600,19400,4300,38500,1100,7400,700,7600,2600,3800
8700.0,14.03,15875200,216296113.0,14.02,14.01,14.0,13.98,13.96,13.95,13.94,13.93,13.91,13.9,14.03,14.04,14.05,14.06,14.07,14.08,14.09,14.1,14.11,14.12,14800,1200,25500,4500,1900,32500,41700,1000,2400,1900,26900,19400,4300,38500,1100,6800,700,7200,2600,3800
8701.0,14.03,15878500,216342396.0,14.02,14.01,14.0,13.98,13.96,13.95,13.94,13.93,13.91,13.9,14.03,14.04,14.05,14.06,14.07,14.08,14.09,14.1,14.11,14.12,13200,1400,28700,4500,1900,32500,41700,1000,2400,1900,25200,19400,4300,38500,1100,6800,700,7200,2600,3500
8702.0,14.02,15885500,216440536.0,14.02,14.01,14.0,13.98,13.96,13.95,13.94,13.93,13.91,13.9,14.03,14.04,14.05,14.06,14.07,14.08,14.09,14.1,14.11,14.12,6200,6000,28700,4500,1900,32400,41700,1000,2400,1900,25200,18800,4300,38500,1100,5200,1200,7200,2600,3500
8703.0,14.03,15888300,216479808.0,14.02,14.01,14.0,13.98,13.96,13.95,13.94,13.93,13.91,13.9,14.03,14.04,14.05,14.06,14.07,14.08,14.09,14.1,14.11,14.12,5000,6000,28800,4500,1900,32400,41700,1000,2400,1900,23600,18200,4300,36500,1100,5200,1200,7200,2600,3500
8704.0,14.03,15892800,216542902.0,14.02,14.01,14.0,13.98,13.96,13.95,13.94,13.93,13.91,13.9,14.03,14.04,14.05,14.06,14.07,14.08,14.09,14.1,14.11,14.12,900,6100,29300,4500,1900,32400,41700,1000,2400,1900,24300,18200,6100,36500,1100,5200,1200,7200,2600,3500
8705.0,14.01,15893800,216556921.0,14.01,14.0,13.98,13.96,13.95,13.94,13.93,13.91,13.9,13.89,14.03,14.04,14.05,14.06,14.07,14.08,14.09,14.1,14.11,14.12,6000,29300,4500,1900,32400,41700,1000,2400,1900,7200,26700,18200,6100,36500,1100,5200,1200,7200,2600,3500
8706.0,14.01,15894600,216568143.0,14.01,14.0,13.98,13.96,13.95,13.94,13.93,13.91,13.9,13.89,14.02,14.03,14.04,14.05,14.06,14.07,14.08,14.09,14.1,14.11,6800,29300,4500,1900,32400,41700,1000,2400,1900,7200,7100,26900,18200,6100,35600,1100,5200,1100,7200,2600
8707.0,14.02,15898000,216615791.0,14.01,14.0,13.98,13.96,13.95,13.94,13.93,13.91,13.9,13.89,14.02,14.03,14.04,14.05,14.06,14.07,14.08,14.09,14.1,14.11,5100,29300,4500,1900,32400,41700,1000,2400,500,7200,6100,27200,18200,6100,35600,1100,5200,1100,7200,2600
8708.0,14.02,15898500,216622801.0,14.01,14.0,13.98,13.96,13.95,13.94,13.93,13.91,13.9,13.89,14.02,14.03,14.04,14.05,14.06,14.07,14.08,14.09,14.1,14.11,5100,29300,4500,1900,32400,41700,1000,2400,500,7200,11700,27200,18200,6100,35600,1100,5200,1100,7200,2600
8709.0,14.02,15899200,216632615.0,14.01,14.0,13.98,13.96,13.95,13.94,13.93,13.91,13.9,13.89,14.02,14.03,14.04,14.05,14.06,14.07,14.08,14.09,14.1,14.11,1300,29500,4500,1900,32400,41700,1000,2400,500,7200,13000,24200,18100,6100,35600,1100,4600,1100,7200,2600
8710.0,14.02,15899400,216635419.0,14.01,14.0,13.98,13.96,13.95,13.94,13.91,13.9,13.89,13.88,14.02,14.03,14.04,14.05,14.06,14.07,14.08,14.09,14.1,14.11,1300,29500,4500,1900,32400,41700,2400,500,7200,4400,16300,24200,17400,6100,20800,1100,4600,1100,7200,2600
8711.0,14.02,15900200,216646635.0,14.01,14.0,13.98,13.96,13.95,13.94,13.91,13.9,13.89,13.88,14.02,14.03,14.04,14.05,14.06,14.07,14.08,14.09,14.1,14.11,7100,29700,4500,1900,32400,41700,2400,500,7200,4400,17000,24200,11200,6100,15000,1100,4400,1100,7200,2600
8712.0,14.02,15903600,216694296.0,14.01,14.0,13.98,13.96,13.95,13.94,13.91,13.9,13.89,13.88,14.02,14.03,14.04,14.05,14.06,14.07,14.08,14.09,14.1,14.11,6400,29700,4500,1900,32400,41700,2400,500,7200,4400,13500,23200,11200,6100,15000,1100,4400,1100,7200,2600
8713.0,14.02,15903600,216694296.0,14.01,14.0,13.98,13.96,13.95,13.94,13.91,13.9,13.89,13.88,14.02,14.03,14.04,14.05,14.06,14.07,14.08,14.09,14.1,14.11,51500,29100,4500,1900,32400,41700,2400,500,7200,4400,13500,23100,11200,16400,15000,1100,4400,1100,7200,2600
8714.0,14.01,15907300,216746136.0,14.01,14.0,13.98,13.96,13.95,13.94,13.91,13.9,13.89,13.88,14.02,14.03,14.04,14.05,14.06,14.07,14.08,14.09,14.1,14.11,48100,29100,4600,1900,32400,41700,2400,500,7200,4400,13900,23100,11200,16400,13300,1100,4400,1100,7200,2600
8715.0,14.02,15915300,216858229.0,14.01,14.0,13.98,13.96,13.95,13.94,13.91,13.9,13.89,13.88,14.02,14.03,14.04,14.05,14.06,14.07,14.08,14.09,14.1,14.11,41400,29100,4600,1900,32400,41700,2400,500,7200,4400,12600,23100,11200,16400,13300,1100,4400,1100,7200,2600
8716.0,14.01,15921500,216945132.0,14.01,14.0,13.98,13.96,13.95,13.94,13.91,13.9,13.89,13.88,14.02,14.03,14.04,14.05,14.06,14.07,14.08,14.09,14.1,14.11,39300,29700,4600,1900,32400,41700,2400,2700,7200,4400,8500,23100,11200,16400,13300,1100,4400,1100,7200,2600
8717.0,14.02,15933800,217117473.0,14.01,14.0,13.99,13.98,13.96,13.95,13.94,13.91,13.9,13.89,14.02,14.03,14.04,14.05,14.06,14.07,14.08,14.09,14.1,14.11,28800,29700,800,4600,1900,32400,41700,2400,2700,7200,7200,23100,11200,16200,13000,100,4400,1000,7200,2600
8718.0,14.02,15940500,217211407.0,14.01,14.0,13.99,13.98,13.97,13.96,13.95,13.94,13.91,13.9,14.02,14.03,14.04,14.05,14.06,14.07,14.08,14.09,14.1,14.11,28800,29600,900,4600,1000,3700,32400,41700,2400,2700,500,23100,11100,16200,13000,100,4400,1000,7200,2600
8719.0,14.03,15941900,217231030.0,14.02,14.01,14.0,13.99,13.98,13.97,13.96,13.95,13.94,13.91,14.03,14.04,14.05,14.06,14.07,14.08,14.09,14.1,14.11,14.12,1000,28100,29600,900,4600,1000,3700,32400,41700,2400,22700,11100,16200,13000,100,4400,1000,7200,2600,3500
8720.0,14.03,15970600,217633529.0,14.01,14.0,13.99,13.98,13.97,13.96,13.95,13.94,13.91,13.9,14.03,14.04,14.05,14.06,14.07,14.08,14.09,14.1,14.11,14.12,29900,29600,900,4600,1000,3700,32400,41700,2400,2700,10000,10300,16200,13000,100,4400,1000,7200,2600,3500
8721.0,14.03,15972000,217653167.0,14.02,14.01,14.0,13.99,13.98,13.97,13.96,13.95,13.94,13.91,14.03,14.04,14.05,14.06,14.07,14.08,14.09,14.1,14.11,14.12,1400,30700,29600,900,4600,1400,3700,32400,41700,2400,9800,10300,16200,13000,100,4400,1000,7200,2600,3500
8722.0,14.03,15980500,217772422.0,14.02,14.01,14.0,13.99,13.98,13.97,13.96,13.95,13.94,13.91,14.03,14.04,14.05,14.06,14.07,14.08,14.09,14.1,14.11,14.12,2100,30700,29600,900,4600,1400,3700,32400,41700,2400,1300,10300,16200,13000,100,4400,1000,7200,2600,3500
8723.0,14.04,15993700,217957616.0,14.02,14.01,14.0,13.99,13.98,13.97,13.96,13.95,13.94,13.92,14.04,14.05,14.06,14.07,14.08,14.09,14.1,14.11,14.12,14.14,2100,28400,27600,900,4600,1400,3700,32400,41700,600,3300,16200,13000,100,4400,1000,7200,2600,3500,3500
8724.0,14.02,15997500,218010914.0,14.02,14.01,14.0,13.99,13.98,13.97,13.96,13.95,13.94,13.92,14.04,14.05,14.06,14.07,14.08,14.09,14.1,14.11,14.12,14.14,3100,28400,27600,900,4600,1500,3700,32400,41700,600,3300,16200,13000,100,4400,1000,7200,2600,3500,3500
8725.0,14.02,15998500,218024943.0,14.02,14.01,14.0,13.99,13.98,13.97,13.96,13.95,13.94,13.92,14.04,14.05,14.06,14.07,14.08,14.09,14.1,14.11,14.12,14.14,3600,28400,27600,900,4700,1500,3700,32400,41700,600,3000,16200,13000,100,4400,1000,7500,2600,3500,3500
8726.0,14.04,16004300,218106323.0,14.04,14.03,14.02,14.01,14.0,13.99,13.98,13.97,13.96,13.95,14.05,14.06,14.07,14.08,14.09,14.1,14.11,14.12,14.14,14.15,22600,2800,1000,26400,27600,900,4700,1500,3700,2500,16200,13000,100,4400,1000,7500,2600,3500,3500,39800
8727.0,14.04,16006000,218130191.0,14.04,14.03,14.02,14.01,14.0,13.99,13.98,13.97,13.96,13.95,14.05,14.06,14.07,14.08,14.09,14.1,14.11,14.12,14.14,14.15,20900,2800,5300,26400,27600,900,4700,1500,3700,2500,13200,13000,100,4400,1000,7500,2600,3500,3500,39800
8728.0,14.05,16006700,218140026.0,14.04,14.03,14.02,14.01,14.0,13.99,13.98,13.97,13.96,13.95,14.05,14.06,14.07,14.08,14.09,14.1,14.11,14.12,14.14,14.15,20900,4300,5900,26400,27000,900,4700,1500,3700,2500,12500,13000,100,4400,1000,7500,2600,3500,3500,38300
8729.0,14.04,16013100,218229942.0,14.04,14.03,14.02,14.01,14.0,13.99,13.98,13.97,13.96,13.95,14.05,14.06,14.07,14.08,14.09,14.1,14.11,14.12,14.14,14.15,20500,4300,5900,26400,27000,900,4700,1500,3700,2500,6500,13000,100,4400,1000,7500,2600,3500,3500,38300
8730.0,14.04,16013200,218231346.0,14.04,14.03,14.02,14.01,14.0,13.99,13.98,13.97,13.96,13.95,14.05,14.06,14.07,14.08,14.09,14.1,14.11,14.12,14.14,14.15,20400,4300,5900,27500,27000,900,4700,1500,3700,2500,6500,13000,100,4400,1000,7500,2600,3500,3500,38300
8731.0,14.05,16014500,218249611.0,14.04,14.03,14.02,14.01,14.0,13.99,13.98,13.97,13.96,13.95,14.05,14.06,14.07,14.08,14.09,14.1,14.11,14.12,14.14,14.15,22800,4000,5900,27500,27000,900,4700,1500,3700,2500,5200,13000,100,4400,1000,7500,2600,3500,3500,38300
8732.0,14.04,16015000,218256631.0,14.04,14.03,14.02,14.01,14.0,13.99,13.98,13.97,13.96,13.95,14.05,14.06,14.07,14.08,14.09,14.1,14.11,14.12,14.14,14.15,22300,4100,10000,27500,27000,900,4700,1500,3700,2500,5200,13000,100,4400,1000,7500,2600,3500,3500,38300
8733.0,14.04,16015900,218269267.0,14.04,14.03,14.02,14.01,14.0,13.99,13.98,13.97,13.96,13.95,14.05,14.06,14.07,14.08,14.09,14.1,14.11,14.12,14.14,14.15,21400,4100,13100,27500,27000,2200,5000,1500,3700,2500,5200,13000,100,4400,1000,7500,2600,3500,3500,38300
8734.0,14.04,16021700,218350709.0,14.04,14.03,14.02,14.01,14.0,13.99,13.98,13.97,13.96,13.95,14.05,14.06,14.07,14.08,14.09,14.1,14.11,14.12,14.14,14.15,16600,4100,14300,27600,27000,2200,5000,1500,3700,2500,4200,13000,100,4400,1000,7000,2600,3500,3500,38300
8735.0,14.05,16025900,218409719.0,14.05,14.04,14.03,14.02,14.01,14.0,13.99,13.98,13.97,13.96,14.06,14.07,14.08,14.09,14.1,14.11,14.12,14.14,14.15,14.16,1600,20000,4100,14300,27600,27000,2200,5000,1500,3700,13000,100,3300,1000,7000,2600,3500,3500,38300,16400
8736.0,14.06,16028900,218451899.0,14.05,14.04,14.03,14.02,14.01,14.0,13.99,13.98,13.97,13.96,14.06,14.07,14.08,14.09,14.1,14.11,14.12,14.14,14.15,14.16,1700,20800,4100,12800,28600,27000,2200,43700,1500,3700,10000,100,3300,1000,7000,2600,3500,3500,38300,16400
8737.0,14.05,16029900,218465956.0,14.05,14.04,14.03,14.02,14.01,14.0,13.99,13.98,13.97,13.96,14.06,14.07,14.08,14.09,14.1,14.11,14.12,14.14,14.15,14.16,9200,26600,4100,13300,28700,27000,2000,43700,1500,3700,9300,100,3300,1000,6600,2600,3500,3500,38300,16400
8738.0,14.05,16029900,218465956.0,14.05,14.04,14.03,14.02,14.01,14.0,13.99,13.98,13.97,13.96,14.06,14.07,14.08,14.09,14.1,14.11,14.12,14.14,14.15,14.16,10000,27300,6100,10200,28700,27100,2000,43700,1500,3700,9300,100,3300,1000,6600,2600,3500,3500,38300,16400
8739.0,14.05,16032900,218508121.0,14.05,14.04,14.03,14.02,14.01,14.0,13.99,13.98,13.97,13.96,14.06,14.07,14.08,14.09,14.1,14.11,14.12,14.14,14.15,14.16,16200,27300,6100,10400,27900,27400,2000,43700,1500,3700,7800,100,3300,1000,5800,2600,3500,3500,38300,16400
8740.0,14.05,16034300,218527798.0,14.05,14.04,14.03,14.02,14.01,14.0,13.99,13.98,13.97,13.96,14.06,14.07,14.08,14.09,14.1,14.11,14.12,14.14,14.15,14.16,20800,27300,6100,10400,28100,57300,2000,43700,1500,3700,7100,100,3300,1000,5800,2600,3500,3500,38300,16400
8741.0,14.05,16037600,218574172.0,14.05,14.04,14.03,14.02,14.01,14.0,13.99,13.98,13.97,13.96,14.06,14.07,14.08,14.09,14.1,14.11,14.12,14.14,14.15,14.16,19900,27300,6100,10400,28100,57300,2000,43700,1500,3700,6200,100,3300,500,6800,2600,3500,3500,38300,16400
8742.0,14.06,16039200,218596668.0,14.05,14.04,14.03,14.02,14.01,14.0,13.99,13.98,13.97,13.96,14.06,14.07,14.08,14.09,14.1,14.11,14.12,14.14,14.15,14.16,23600,27300,4700,10400,28200,57300,2000,43700,1500,3700,4600,100,3300,500,6800,2600,3500,3500,38300,16400
8743.0,14.06,16040600,218616347.0,14.05,14.04,14.03,14.02,14.01,14.0,13.99,13.98,13.97,13.96,14.06,14.07,14.08,14.09,14.1,14.11,14.12,14.14,14.15,14.16,22700,27300,4000,10400,28200,57300,2000,43700,1500,3700,3700,100,3300,500,6800,2600,3500,3500,38300,16400
8744.0,14.06,16041800,218633219.0,14.05,14.04,14.03,14.02,14.01,14.0,13.99,13.98,13.97,13.96,14.06,14.07,14.08,14.09,14.1,14.11,14.12,14.14,14.15,14.16,37000,26900,4200,2800,28200,57100,2000,43700,1500,4700,2500,100,3300,500,6800,2600,3500,3500,36400,16400
8745.0,14.06,16042900,218648685.0,14.05,14.04,14.03,14.02,14.01,14.0,13.99,13.98,13.97,13.96,14.06,14.07,14.08,14.09,14.1,14.11,14.12,14.14,14.15,14.16,40000,26100,4200,2800,28200,57100,2000,43700,1500,4700,1400,100,3300,500,6800,2600,3500,3500,36400,16400
8746.0,14.05,16044500,218671180.0,14.06,14.05,14.04,14.03,14.02,14.01,14.0,13.99,13.98,13.97,14.07,14.08,14.09,14.1,14.11,14.12,14.14,14.15,14.16,14.17,2500,42000,24100,4200,2800,28200,57400,2000,43700,1500,100,3300,500,6800,2600,3500,3500,36400,16400,11300
8747.0,14.07,16045900,218690865.0,14.07,14.06,14.05,14.04,14.03,14.02,14.01,14.0,13.99,13.98,14.08,14.09,14.1,14.11,14.12,14.14,14.15,14.16,14.17,14.18,3200,1600,39200,24100,4200,2700,29200,57400,2000,43700,3200,500,6800,2600,3500,3500,36400,16400,9500,14900
8748.0,14.07,16045900,218690865.0,14.07,14.06,14.05,14.04,14.03,14.02,14.01,14.0,13.99,13.98,14.08,14.09,14.1,14.11,14.12,14.14,14.15,14.16,14.17,14.18,3200,14800,39200,18300,4200,2700,29200,57400,2000,43700,3200,500,6800,2600,3500,3500,35400,16400,9500,14900
8749.0,14.07,16047300,218710566.0,14.07,14.06,14.05,14.04,14.03,14.02,14.01,14.0,13.99,13.98,14.08,14.09,14.1,14.11,14.12,14.14,14.15,14.16,14.17,14.18,2100,24800,40000,18300,4200,2700,29200,57200,2000,43700,2900,500,6800,2600,3500,3500,35400,16400,9500,14900
8750.0,14.06,16049500,218741519.0,14.06,14.05,14.04,14.03,14.02,14.01,14.0,13.99,13.98,13.97,14.07,14.08,14.1,14.11,14.12,14.14,14.15,14.16,14.17,14.18,34800,40900,18300,4200,2700,29200,52200,2000,43700,1500,600,1800,6800,2600,3500,3500,34800,16400,9500,14900
8751.0,14.07,16050300,218752775.0,14.06,14.05,14.04,14.03,14.02,14.01,14.0,13.99,13.98,13.97,14.08,14.1,14.11,14.12,14.14,14.15,14.16,14.17,14.18,14.19,38200,40400,18300,4200,2900,29200,52200,2000,43700,1500,1800,6800,2600,4000,3500,34800,16400,9500,14900,10500
8752.0,14.07,16051000,218762625.0,14.07,14.06,14.05,14.04,14.03,14.02,14.01,14.0,13.99,13.98,14.08,14.1,14.11,14.12,14.14,14.15,14.16,14.17,14.18,14.19,1400,41100,38200,18300,4200,2900,29700,52700,2000,43700,2800,6800,2600,4000,3500,34800,16400,9500,14900,10500
8753.0,14.08,16054100,218806270.0,14.08,14.07,14.06,14.05,14.04,14.03,14.02,14.01,14.0,13.99,14.1,14.11,14.12,14.14,14.15,14.16,14.17,14.18,14.19,14.2,6000,1100,42600,38500,18300,4600,2900,29500,52700,2000,6800,2600,4000,3500,34800,16400,9500,14900,10500,32500
8754.0,14.08,16055400,218824574.0,14.08,14.07,14.06,14.05,14.04,14.03,14.02,14.01,14.0,13.99,14.1,14.11,14.12,14.14,14.15,14.16,14.17,14.18,14.19,14.2,4700,1100,41000,28500,18300,4600,2900,29500,52700,1900,6800,2600,4000,3500,34800,16400,9500,14900,10500,32500
8755.0,14.08,16057300,218851338.0,14.08,14.07,14.06,14.05,14.04,14.03,14.02,14.01,14.0,13.99,14.1,14.11,14.12,14.14,14.15,14.16,14.17,14.18,14.19,14.2,4500,1100,41200,25700,18300,4600,2900,29500,52700,1900,7300,2600,4000,3500,34800,16400,9500,15200,8500,32500
8756.0,14.08,16057800,218858378.0,14.08,14.07,14.06,14.05,14.04,14.03,14.02,14.01,14.0,13.99,14.09,14.1,14.11,14.12,14.14,14.15,14.16,14.17,14.18,14.19,5500,1600,41200,25700,18300,3300,2900,29500,52700,1900,7500,7400,2600,4000,3500,34800,16400,9500,15200,8500
8757.0,14.08,16060600,218897817.0,14.08,14.07,14.06,14.05,14.04,14.03,14.02,14.01,14.0,13.99,14.09,14.1,14.11,14.12,14.14,14.15,14.16,14.17,14.18,14.19,4200,1600,41200,25700,18300,3300,2900,29500,52700,1900,6100,7400,2600,4000,3500,34800,16400,9500,15200,9700
8758.0,14.09,16068000,219002031.0,14.07,14.06,14.05,14.04,14.03,14.02,14.01,14.0,13.99,13.98,14.08,14.09,14.1,14.11,14.12,14.14,14.15,14.16,14.17,14.18,2700,41900,25400,18300,3300,2900,29500,21200,1900,43600,3200,3900,7400,2600,4000,3500,34800,16400,9500,15200
8759.0,14.06,16099000,219437945.0,14.06,14.05,14.04,14.03,14.02,14.01,14.0,13.99,13.98,13.97,14.07,14.09,14.1,14.11,14.12,14.14,14.15,14.16,14.17,14.18,16200,25800,18300,3300,2900,29500,21200,14000,43600,1500,16000,3900,7300,2600,4000,3500,34800,16400,9500,15200
8760.0,14.07,16103300,219498441.0,14.06,14.05,14.04,14.03,14.02,14.01,14.0,13.99,13.98,13.97,14.07,14.09,14.1,14.11,14.12,14.14,14.15,14.16,14.17,14.18,15500,25700,18300,3300,2900,29500,21800,14000,43600,1500,12200,3900,7300,2600,4000,3500,34800,16400,9300,15200
8761.0,14.07,16110500,219599728.0,14.06,14.05,14.04,14.03,14.02,14.01,14.0,13.99,13.98,13.97,14.07,14.09,14.1,14.11,14.12,14.14,14.15,14.16,14.17,14.18,13800,25700,18300,3300,2700,29500,21800,14000,43600,1500,6700,3900,7300,2600,4000,3500,34800,16400,9300,15200
8762.0,14.07,16114900,219661629.0,14.06,14.05,14.04,14.03,14.02,14.01,14.0,13.99,13.98,13.97,14.07,14.09,14.1,14.11,14.12,14.14,14.15,14.16,14.17,14.18,8600,25300,18300,3300,2700,29500,21800,14000,43600,1500,3000,3900,7300,2600,4000,3500,34800,16400,9300,15200
8763.0,14.07,16117500,219698211.0,14.06,14.05,14.04,14.03,14.02,14.01,14.0,13.99,13.98,13.97,14.07,14.09,14.1,14.11,14.12,14.14,14.15,14.16,14.17,14.18,8600,25300,18300,3300,2700,29500,21800,14000,43600,1500,400,4000,7300,2600,4000,3500,34800,16400,9300,15200
8764.0,14.07,16117600,219699618.0,14.06,14.05,14.04,14.03,14.02,14.01,14.0,13.99,13.98,13.97,14.07,14.09,14.1,14.11,14.12,14.14,14.15,14.16,14.17,14.18,8600,25300,18300,3300,2700,29500,21800,14000,43600,1500,100,4000,7300,2600,4000,3500,34800,16400,9300,15200
8765.0,14.08,16124200,219792443.0,14.08,14.06,14.05,14.04,14.03,14.02,14.01,14.0,13.99,13.98,14.09,14.1,14.11,14.12,14.14,14.15,14.16,14.17,14.18,14.19,1800,3200,25000,18300,3300,2700,29500,21800,14000,43600,3400,7300,2600,4000,3500,34800,15900,9300,15200,9700
8766.0,14.08,16124200,219792443.0,14.08,14.06,14.05,14.04,14.03,14.02,14.01,14.0,13.99,13.98,14.09,14.1,14.11,14.12,14.14,14.15,14.16,14.17,14.18,14.19,3100,4100,25000,14900,3300,2700,29500,21800,14000,43600,3400,7300,2600,4000,3500,34800,15900,9300,15200,9700
8767.0,14.09,16124500,219796670.0,14.08,14.06,14.05,14.04,14.03,14.02,14.01,14.0,13.99,13.98,14.09,14.1,14.11,14.12,14.14,14.15,14.16,14.17,14.18,14.19,4700,4100,25000,14900,3300,2700,29500,21800,14000,43600,3100,7300,2600,4300,3500,34800,15900,9300,15200,9700
8768.0,14.09,16124500,219796670.0,14.08,14.07,14.06,14.05,14.04,14.03,14.02,14.01,14.0,13.99,14.09,14.1,14.11,14.12,14.14,14.15,14.16,14.17,14.18,14.19,6100,200,4100,24700,700,3300,2700,29500,21800,14000,3100,7300,2600,4300,3500,34800,15900,9300,15200,9700
8769.0,14.08,16131100,219889608.0,14.08,14.07,14.06,14.05,14.04,14.03,14.02,14.01,14.0,13.99,14.09,14.1,14.11,14.12,14.14,14.15,14.16,14.17,14.18,14.19,700,500,4100,24700,700,3300,2700,29500,21800,14000,2700,7300,2600,4300,3500,34800,15900,9300,15500,9700
8770.0,14.06,16137300,219976822.0,14.05,14.04,14.03,14.02,14.01,14.0,13.99,13.98,13.97,13.96,14.06,14.09,14.1,14.11,14.12,14.14,14.15,14.16,14.17,14.18,27800,700,3300,2700,29500,21800,14000,43600,1500,4700,7700,2000,7300,2600,4800,3500,34800,15900,9300,15500
8771.0,14.05,16139600,220009152.0,14.05,14.04,14.03,14.02,14.01,14.0,13.99,13.98,13.97,13.96,14.06,14.07,14.09,14.1,14.11,14.12,14.14,14.15,14.16,14.17,27300,700,3300,2700,29000,21800,14000,43600,1500,4700,7200,5100,2000,7300,2600,4800,3500,34800,15900,9300
8772.0,14.06,16143400,220062580.0,14.05,14.04,14.03,14.02,14.01,14.0,13.99,13.98,13.97,13.96,14.06,14.07,14.08,14.09,14.1,14.11,14.12,14.14,14.15,14.16,26100,700,3300,2700,29000,21800,14000,43600,1500,4700,3400,5100,700,2000,7300,2600,4800,3500,34800,15900
8773.0,14.06,16144700,220080858.0,14.05,14.04,14.03,14.02,14.01,14.0,13.99,13.98,13.97,13.96,14.06,14.07,14.08,14.09,14.1,14.11,14.12,14.14,14.15,14.16,26100,700,3300,2700,29000,23300,14000,43600,1500,4700,2100,5100,2800,2000,7300,2600,4800,3500,34800,15900
8774.0,14.07,16147000,220113198.0,14.06,14.05,14.04,14.03,14.02,14.01,14.0,13.99,13.98,13.97,14.07,14.08,14.09,14.1,14.11,14.12,14.14,14.15,14.16,14.17,2100,26100,700,3300,2700,29000,23100,14000,43600,1500,4900,3700,2000,7700,2600,4800,3500,34800,15900,9300
8775.0,14.08,16152000,220183549.0,14.06,14.05,14.04,14.03,14.02,14.01,14.0,13.99,13.98,13.97,14.08,14.09,14.1,14.11,14.12,14.14,14.15,14.16,14.17,14.18,2100,26100,700,3300,2700,29000,23100,14000,43600,1100,3600,2000,12700,2600,4800,3500,34800,15900,9300,15300
8776.0,14.08,16153100,220199025.0,14.06,14.05,14.04,14.03,14.02,14.01,14.0,13.99,13.98,13.97,14.08,14.09,14.1,14.11,14.12,14.14,14.15,14.16,14.17,14.18,2800,26100,700,3300,2700,29000,23500,14000,43600,1100,6400,2000,12700,3600,4800,3500,34800,15900,9300,15300
8777.0,14.06,16153300,220201837.0,14.06,14.05,14.04,14.03,14.02,14.01,14.0,13.99,13.98,13.97,14.08,14.09,14.1,14.11,14.12,14.14,14.15,14.16,14.17,14.18,2600,26100,700,3300,2700,29000,23500,14000,43600,1100,6400,2000,13200,3600,4800,3500,34800,15900,9300,15300
8778.0,14.06,16159300,220286197.0,14.06,14.05,14.04,14.03,14.02,14.01,14.0,13.99,13.98,13.97,14.08,14.09,14.1,14.11,14.12,14.14,14.15,14.16,14.17,14.18,3800,26100,700,3300,2700,29000,23500,14000,43600,1100,6400,2000,13200,1000,5800,3500,34800,15900,9300,15300
8779.0,14.08,16159900,220294645.0,14.06,14.05,14.04,14.03,14.02,14.01,14.0,13.99,13.98,13.97,14.08,14.09,14.1,14.11,14.12,14.14,14.15,14.16,14.17,14.18,5100,26100,700,3300,2700,29000,23500,14000,43600,1100,8100,2000,15200,1000,5800,3500,34800,15900,9300,15300
8780.0,14.08,16163900,220350945.0,14.06,14.05,14.04,14.03,14.02,14.01,14.0,13.99,13.98,13.97,14.08,14.09,14.1,14.11,14.12,14.14,14.15,14.16,14.17,14.18,4100,25500,700,3300,2700,29000,23500,14000,43600,1100,6900,2000,15200,1000,5800,3500,34800,15900,9300,15300
8781.0,14.08,16167100,220396001.0,14.06,14.05,14.04,14.03,14.02,14.01,14.0,13.99,13.98,13.97,14.08,14.09,14.1,14.11,14.12,14.14,14.15,14.16,14.17,14.18,7800,25500,700,3400,3800,29000,23500,14000,43600,1100,5000,2000,15600,1000,5800,4000,34800,15900,9300,15000
8782.0,14.08,16167600,220403041.0,14.06,14.05,14.04,14.03,14.02,14.01,14.0,13.99,13.98,13.97,14.08,14.09,14.1,14.11,14.12,14.14,14.15,14.16,14.17,14.18,19100,25500,700,3400,3800,29000,23500,14000,43600,1100,4500,2800,15600,1000,5800,4000,34800,15900,9300,15000
8783.0,14.08,16170000,220436833.0,14.07,14.06,14.05,14.04,14.03,14.02,14.01,14.0,13.99,13.98,14.08,14.09,14.1,14.11,14.12,14.13,14.14,14.15,14.16,14.17,100,19300,25500,700,3400,3800,29000,23500,14000,43600,2100,2800,15600,1000,5800,600,4000,34800,15900,9300
8784.0,14.07,16170100,220438240.0,14.06,14.05,14.04,14.03,14.02,14.01,14.0,13.99,13.98,13.97,14.07,14.08,14.09,14.1,14.11,14.12,14.13,14.14,14.15,14.16,20400,21700,700,3400,3800,29000,23500,12900,43600,1100,900,2200,2800,15600,1000,5800,600,4000,34800,15900
8785.0,14.07,16177200,220538072.0,14.06,14.05,14.04,14.03,14.02,14.01,14.0,13.99,13.98,13.97,14.07,14.08,14.09,14.1,14.11,14.12,14.13,14.14,14.15,14.16,13900,21800,700,3400,3800,29000,23700,12900,43600,1100,300,2200,2800,15600,1000,5800,600,4000,34800,15900
8786.0,14.06,16177500,220542290.0,14.06,14.05,14.04,14.03,14.02,14.01,14.0,13.99,13.98,13.97,14.07,14.08,14.09,14.1,14.11,14.12,14.13,14.14,14.15,14.16,13600,21800,700,3400,3800,29000,53600,12900,43600,1100,300,2600,2800,15600,1000,5800,600,4000,34800,15900
8787.0,14.06,16178500,220556350.0,14.06,14.05,14.04,14.03,14.02,14.01,14.0,13.99,13.98,13.97,14.07,14.08,14.09,14.1,14.11,14.12,14.13,14.14,14.15,14.16,12600,21800,700,3400,3800,29000,53600,12900,43600,1100,300,2600,2800,15600,1000,5800,600,4000,34800,15900
8788.0,14.08,16181800,220602811.0,14.06,14.05,14.04,14.03,14.02,14.01,14.0,13.99,13.98,13.97,14.09,14.1,14.11,14.12,14.13,14.14,14.15,14.16,14.17,14.18,12600,21400,700,3400,3800,29000,53600,12900,43600,1100,2800,15600,1000,5800,600,4000,34800,15900,9300,15000
8789.0,14.07,16182500,220612660.0,14.07,14.06,14.05,14.04,14.03,14.02,14.01,14.0,13.99,13.98,14.09,14.1,14.11,14.12,14.13,14.14,14.15,14.16,14.17,14.18,1000,12600,21400,700,3400,3800,29000,53600,12900,43600,2800,15600,1000,5800,600,4000,34800,15900,9300,15000
8790.0,14.07,16183500,220626730.0,14.06,14.05,14.04,14.03,14.02,14.01,14.0,13.99,13.98,13.97,14.07,14.09,14.1,14.11,14.12,14.13,14.14,14.15,14.16,14.17,12600,21400,700,3400,4100,29000,53600,12900,43600,1100,100,2800,15600,1000,5800,800,4000,34800,15900,9300
8791.0,14.07,16184300,220637979.0,14.06,14.05,14.04,14.03,14.02,14.01,14.0,13.99,13.98,13.97,14.08,14.09,14.1,14.11,14.12,14.13,14.14,14.15,14.16,14.17,11900,22700,700,3400,4100,29000,53600,12900,43600,1100,600,2800,15600,1000,5800,800,4000,34800,15900,9300
8792.0,14.09,16185100,220649245.0,14.06,14.05,14.04,14.03,14.02,14.01,14.0,13.99,13.98,13.97,14.09,14.1,14.11,14.12,14.13,14.14,14.15,14.16,14.17,14.18,13100,22700,700,3400,4100,29000,53600,12900,43600,1100,2600,15200,1000,5800,800,4000,34800,15900,9300,15000
8793.0,14.09,16185100,220649245.0,14.07,14.06,14.05,14.04,14.03,14.02,14.01,14.0,13.99,13.98,14.09,14.1,14.11,14.12,14.13,14.14,14.15,14.16,14.17,14.18,400,17900,22700,700,3400,4100,29000,53600,12900,4900,7400,15200,1000,4800,800,4000,34800,15900,9300,15000
8794.0,14.09,16194100,220776055.0,14.09,14.07,14.06,14.05,14.04,14.03,14.02,14.01,14.0,13.99,14.1,14.11,14.12,14.13,14.14,14.15,14.16,14.17,14.18,14.19,900,400,17900,22700,700,3400,4100,29000,53400,12900,15200,1000,4800,800,4000,34800,15900,9300,15000,9700
8795.0,14.09,16195400,220794379.0,14.09,14.07,14.06,14.05,14.04,14.03,14.02,14.01,14.0,13.99,14.1,14.11,14.12,14.13,14.14,14.15,14.16,14.17,14.18,14.19,300,1500,18900,22700,700,3400,4100,29000,53400,12900,14500,1000,4800,800,4500,34800,15900,9300,15000,9700
8796.0,14.09,16195500,220795788.0,14.09,14.08,14.07,14.06,14.05,14.04,14.03,14.02,14.01,14.0,14.1,14.11,14.12,14.13,14.14,14.15,14.16,14.17,14.18,14.19,200,1000,12700,18900,22600,700,3400,4100,29000,53400,14500,1000,4800,800,4500,34800,15900,9300,15000,9700
8797.0,14.08,16196900,220815512.0,14.08,14.07,14.06,14.05,14.04,14.03,14.02,14.01,14.0,13.99,14.1,14.11,14.12,14.13,14.14,14.15,14.16,14.17,14.18,14.19,300,12700,18900,22600,700,3400,4100,29000,52800,12900,14000,1000,4800,800,4500,34800,16500,9300,15000,9700
8798.0,14.08,16198300,220835238.0,14.08,14.07,14.06,14.05,14.04,14.03,14.02,14.01,14.0,13.99,14.09,14.1,14.11,14.12,14.13,14.14,14.15,14.16,14.17,14.18,600,12700,18900,22600,700,3000,4100,29000,52800,12900,500,14300,1000,4800,800,4500,34800,16400,9300,15000
8799.0,14.08,16198500,220838054.0,14.08,14.07,14.06,14.05,14.04,14.03,14.02,14.01,14.0,13.99,14.09,14.1,14.11,14.12,14.13,14.14,14.15,14.16,14.17,14.18,900,12700,18900,19700,700,3000,4100,29000,52800,12900,500,14300,1000,4800,800,4500,34800,16400,9300,15000
8800.0,14.08,16198500,220838054.0,14.08,14.07,14.06,14.05,14.04,14.03,14.02,14.01,14.0,13.99,14.09,14.1,14.11,14.12,14.13,14.14,14.15,14.16,14.17,14.18,900,12700,18900,19700,700,3000,4100,29000,52800,12900,500,14300,1000,4800,800,4500,36700,16400,9300,15000
8801.0,14.1,16199900,220857789.0,14.08,14.07,14.06,14.05,14.04,14.03,14.02,14.01,14.0,13.99,14.09,14.1,14.11,14.12,14.13,14.14,14.15,14.16,14.17,14.18,2700,12700,18900,19700,700,3000,4100,29000,52800,12900,5000,13400,1000,4800,800,4500,36700,16400,9300,15000
8802.0,14.08,16200400,220864829.0,14.08,14.07,14.06,14.05,14.04,14.03,14.02,14.01,14.0,13.99,14.09,14.1,14.11,14.12,14.13,14.14,14.15,14.16,14.17,14.18,2200,12700,18900,19700,700,3000,4100,29000,52800,12900,5000,13400,1000,4800,800,4500,36700,16400,9300,15000
8803.0,14.08,16200400,220864829.0,14.08,14.07,14.06,14.05,14.04,14.03,14.02,14.01,14.0,13.99,14.09,14.1,14.11,14.12,14.13,14.14,14.15,14.16,14.17,14.18,2200,12700,18900,19700,700,3000,4100,29000,52800,12900,5000,13400,1000,4800,800,4500,36700,16400,9300,15000
8804.0,14.09,16202800,220898645.0,14.08,14.07,14.06,14.05,14.04,14.03,14.02,14.01,14.0,13.99,14.09,14.1,14.11,14.12,14.13,14.14,14.15,14.16,14.17,14.18,2200,12700,18900,19700,700,3000,4100,29000,52300,12900,2600,13400,1000,4800,800,4500,36700,16400,9300,15000
8805.0,14.09,16202800,220898645.0,14.08,14.07,14.06,14.05,14.04,14.03,14.02,14.01,14.0,13.99,14.09,14.1,14.11,14.12,14.13,14.14,14.15,14.16,14.17,14.18,2200,12700,18900,19600,700,3000,5100,29000,52300,12900,2600,13400,1000,4800,800,4500,36700,16400,9300,15000
8806.0,14.09,16203800,220912733.0,14.08,14.07,14.06,14.05,14.04,14.03,14.02,14.01,14.0,13.99,14.09,14.1,14.11,14.12,14.13,14.14,14.15,14.16,14.17,14.18,2000,12700,18900,19600,700,3000,5100,29000,52300,12900,2800,13400,1000,4800,800,4500,36700,16400,9300,15000
8807.0,14.09,16204100,220916960.0,14.08,14.07,14.06,14.05,14.04,14.03,14.02,14.01,14.0,13.99,14.09,14.1,14.11,14.12,14.13,14.14,14.15,14.16,14.17,14.18,2000,12700,19200,19600,900,3000,5100,29000,52300,12900,5100,13500,1000,4800,800,4500,36700,16400,9300,15000
8808.0,14.09,16205900,220942322.0,14.08,14.07,14.06,14.05,14.04,14.03,14.02,14.01,14.0,13.99,14.09,14.1,14.11,14.12,14.13,14.14,14.15,14.16,14.17,14.18,2000,12700,19200,19600,900,3000,5100,29000,52300,12900,3300,13500,1000,4800,800,4500,36700,16400,9300,15000
8809.0,14.09,16205900,220942322.0,14.08,14.07,14.06,14.05,14.04,14.03,14.02,14.01,14.0,13.99,14.09,14.1,14.11,14.12,14.13,14.14,14.15,14.16,14.17,14.18,2000,12900,19200,19600,900,3000,5100,29000,52300,12900,3300,13500,1000,4800,800,4500,36700,16400,9300,15000
8810.0,14.09,16207400,220963457.0,14.08,14.07,14.06,14.05,14.04,14.03,14.02,14.01,14.0,13.99,14.09,14.1,14.11,14.12,14.13,14.14,14.15,14.16,14.17,14.18,2300,12900,19200,19600,1200,3000,5100,29000,52300,12900,1800,13500,1000,4800,800,4500,36700,16400,9300,15000
8811.0,14.09,16209000,220986001.0,14.08,14.07,14.06,14.05,14.04,14.03,14.02,14.01,14.0,13.99,14.09,14.1,14.11,14.12,14.13,14.14,14.15,14.16,14.17,14.18,2300,12900,19200,13600,1200,3000,5100,29000,53300,12900,200,13500,1000,4800,800,4500,36700,16400,9300,15000
8812.0,14.08,16212000,221028241.0,14.08,14.07,14.06,14.05,14.04,14.03,14.02,14.01,14.0,13.99,14.09,14.1,14.11,14.12,14.13,14.14,14.15,14.16,14.17,14.18,3000,12900,19200,13600,1200,3000,5100,29000,53300,12900,200,13500,1000,4800,800,4500,36700,16400,9300,15000
8813.0,14.08,16212300,221032465.0,14.08,14.07,14.06,14.05,14.04,14.03,14.02,14.01,14.0,13.99,14.09,14.1,14.11,14.12,14.13,14.14,14.15,14.16,14.17,14.18,3700,12900,19200,13600,45700,3000,5100,29000,53700,12900,200,14300,1000,4800,800,4500,36700,16400,9300,15000
8814.0,14.09,16212400,221033874.0,14.08,14.07,14.06,14.05,14.04,14.03,14.02,14.01,14.0,13.99,14.09,14.1,14.11,14.12,14.13,14.14,14.15,14.16,14.17,14.18,3900,12900,18400,13600,45400,3000,5100,29000,53700,12900,600,14300,1000,4800,800,4500,36700,16400,9300,15000
8815.0,14.09,16212400,221033874.0,14.08,14.07,14.06,14.05,14.04,14.03,14.02,14.01,14.0,13.99,14.09,14.1,14.11,14.12,14.13,14.14,14.15,14.16,14.17,14.18,3900,12900,18200,13600,45400,3000,5100,29000,53700,12900,600,14300,1000,4800,800,4500,36700,16400,9300,15000
8816.0,14.09,16212900,221040916.0,14.08,14.07,14.06,14.05,14.04,14.03,14.02,14.01,14.0,13.99,14.09,14.1,14.11,14.12,14.13,14.14,14.15,14.16,14.17,14.18,3600,12900,18200,13600,45400,3000,5100,29000,53700,12900,3300,14300,1000,4800,800,4500,36700,16400,9300,15000
8817.0,14.09,16217400,221104285.0,14.08,14.07,14.06,14.05,14.04,14.03,14.02,14.01,14.0,13.99,14.09,14.1,14.11,14.12,14.13,14.14,14.15,14.16,14.17,14.18,4200,12900,18200,13600,45400,3000,5100,29000,53700,12900,2400,14300,1000,4800,800,4500,36800,15800,9300,15000
8818.0,14.07,16221800,221166235.0,14.07,14.06,14.05,14.04,14.03,14.02,14.01,14.0,13.99,13.98,14.08,14.09,14.1,14.11,14.12,14.13,14.14,14.15,14.16,14.17,12500,18200,13600,45400,2800,5100,29000,53500,12900,4900,7800,2400,14300,1000,4800,800,4500,36800,15800,9300
8819.0,14.08,16222200,221171867.0,14.07,14.06,14.05,14.04,14.03,14.02,14.01,14.0,13.99,13.98,14.08,14.09,14.1,14.11,14.12,14.13,14.14,14.15,14.16,14.17,12500,18200,13600,45400,2800,5100,29000,53500,12900,4900,7600,4400,14300,1000,4800,800,4500,36800,15800,9300
8820.0,14.08,16222900,221181723.0,14.07,14.06,14.05,14.04,14.03,14.02,14.01,14.0,13.99,13.98,14.08,14.09,14.1,14.11,14.12,14.13,14.14,14.15,14.16,14.17,12500,18200,13600,45400,2800,5100,29000,53500,12900,4900,6900,4400,14300,1000,4800,800,4900,36800,15800,9300
8821.0,14.08,16223700,221192980.0,14.07,14.06,14.05,14.04,14.03,14.02,14.01,14.0,13.99,13.98,14.08,14.09,14.1,14.11,14.12,14.13,14.14,14.15,14.16,14.17,11800,18200,13000,45400,2800,5100,29000,53500,12900,4900,6800,4900,14400,1000,4500,800,4900,36800,15800,9300
8822.0,14.08,16223700,221192980.0,14.07,14.06,14.05,14.04,14.03,14.02,14.01,14.0,13.99,13.98,14.08,14.09,14.1,14.11,14.12,14.13,14.14,14.15,14.16,14.17,11800,18200,13200,45400,2800,5100,29000,23600,12900,4900,6800,4900,14400,1000,4500,800,4900,36800,15800,9300
8823.0,14.08,16224300,221201428.0,14.07,14.06,14.05,14.04,14.03,14.02,14.01,14.0,13.99,13.98,14.08,14.09,14.1,14.11,14.12,14.13,14.14,14.15,14.16,14.17,11800,18200,13300,45400,2800,5100,29000,23600,12900,4900,6100,4900,14400,1000,4500,800,4900,36800,15800,9300
8824.0,14.08,16231000,221295707.0,14.07,14.06,14.05,14.04,14.03,14.02,14.01,14.0,13.99,13.98,14.08,14.09,14.1,14.11,14.12,14.13,14.14,14.15,14.16,14.17,6100,18200,12700,45400,2800,5100,29000,23600,12900,4900,5100,15600,14400,1000,4500,800,4900,36800,15800,9300
8825.0,14.07,16242300,221454694.0,14.06,14.05,14.04,14.03,14.02,14.01,14.0,13.99,13.98,13.97,14.07,14.08,14.09,14.1,14.11,14.12,14.13,14.14,14.15,14.16,15600,12700,45400,2800,5100,29000,23600,12900,4900,3600,2700,2900,15600,14400,1000,4500,800,4900,36800,15800
8826.0,14.07,16242900,221463136.0,14.06,14.05,14.04,14.03,14.02,14.01,14.0,13.99,13.98,13.97,14.07,14.08,14.09,14.1,14.11,14.12,14.13,14.14,14.15,14.16,15600,14100,45400,2800,5100,29000,23600,12900,4900,3600,2100,5800,15600,14400,1000,4500,800,4900,36800,15800
8827.0,14.07,16243500,221471578.0,14.06,14.05,14.04,14.03,14.02,14.01,14.0,13.99,13.98,13.97,14.07,14.08,14.09,14.1,14.11,14.12,14.13,14.14,14.15,14.16,15600,14100,45400,2800,5300,29000,23600,12900,4900,3600,1700,5800,15600,14400,1000,4500,800,4900,36800,15200
8828.0,14.06,16244200,221481420.0,14.06,14.05,14.04,14.03,14.02,14.01,14.0,13.99,13.98,13.97,14.07,14.08,14.09,14.1,14.11,14.12,14.13,14.14,14.15,14.16,14900,14100,45400,2800,5300,29000,23600,12900,4900,3600,5200,6500,15600,14400,1000,4500,800,4900,36800,15200
8829.0,14.07,16245400,221498304.0,14.06,14.05,14.04,14.03,14.02,14.01,14.0,13.99,13.98,13.97,14.07,14.08,14.09,14.1,14.11,14.12,14.13,14.14,14.15,14.16,14900,14100,45400,2800,5300,29000,23600,12900,4900,3600,4400,6500,15600,14400,1000,4500,800,4900,36800,15200
8830.0,14.07,16245800,221503932.0,14.06,14.05,14.04,14.03,14.02,14.01,14.0,13.99,13.98,13.97,14.07,14.08,14.09,14.1,14.11,14.12,14.13,14.14,14.15,14.16,14900,14100,45400,2800,5300,29000,23600,12900,4900,3600,4000,6600,15600,14400,1000,4500,800,4900,36800,15200
8831.0,14.07,16245800,221503932.0,14.06,14.05,14.04,14.03,14.02,14.01,14.0,13.99,13.98,13.97,14.07,14.08,14.09,14.1,14.11,14.12,14.13,14.14,14.15,14.16,14600,14100,45400,2800,5300,29000,23100,12900,4900,3600,4200,10500,15600,14400,3000,4500,800,4900,36800,15200
8832.0,14.07,16245800,221503932.0,14.06,14.05,14.04,14.03,14.02,14.01,14.0,13.99,13.98,13.97,14.07,14.08,14.09,14.1,14.11,14.12,14.13,14.14,14.15,14.16,14600,14100,45400,2800,5300,29000,23100,12900,4900,3600,4800,10500,13600,13900,3000,4500,800,4900,36800,15200
8833.0,14.06,16248400,221540492.0,14.06,14.05,14.04,14.03,14.02,14.01,14.0,13.99,13.98,13.97,14.07,14.08,14.09,14.1,14.11,14.12,14.13,14.14,14.15,14.16,12400,14100,45400,2800,5300,29000,23100,12900,4900,3600,4400,11000,14600,13900,3000,4500,800,4900,36800,15200
8834.0,14.06,16248400,221540492.0,14.06,14.05,14.04,14.03,14.02,14.01,14.0,13.99,13.98,13.97,14.07,14.08,14.09,14.1,14.11,14.12,14.13,14.14,14.15,14.16,14400,14100,45400,2800,5300,29000,23100,12900,4900,3600,4400,24900,14600,13900,3000,4500,800,4900,36800,15300
8835.0,14.06,16252300,221595340.0,14.06,14.05,14.04,14.03,14.02,14.01,14.0,13.99,13.98,13.97,14.07,14.08,14.09,14.1,14.11,14.12,14.13,14.14,14.15,14.16,11900,14100,45400,2800,5300,29000,23100,12900,4900,3600,3000,24900,14600,13900,3000,4500,800,4900,36800,15300
8836.0,14.07,16255200,221636134.0,14.06,14.05,14.04,14.03,14.02,14.01,14.0,13.99,13.98,13.97,14.07,14.08,14.09,14.1,14.11,14.12,14.13,14.14,14.15,14.16,11000,14100,45400,2400,5300,29000,23100,12900,4900,3600,1500,24900,14600,13900,3000,4500,1700,4900,36800,15300
8837.0,14.07,16255300,221637541.0,14.06,14.05,14.04,14.03,14.02,14.01,14.0,13.99,13.98,13.97,14.07,14.08,14.09,14.1,14.11,14.12,14.13,14.14,14.15,14.16,11000,14100,45400,2400,5300,29000,23100,12900,4900,3600,1500,29900,14600,13900,3000,4500,1700,4900,36800,15300
8838.0,14.06,16257100,221662849.0,14.06,14.05,14.04,14.03,14.02,14.01,14.0,13.99,13.98,13.97,14.07,14.08,14.09,14.1,14.11,14.12,14.13,14.14,14.15,14.16,9200,14100,45400,2400,5300,29000,23100,12900,4900,3600,1500,30200,14600,13900,3000,4500,1700,4900,36800,15300
8839.0,14.06,16262200,221734561.0,14.06,14.05,14.04,14.03,14.02,14.01,14.0,13.99,13.98,13.97,14.07,14.08,14.09,14.1,14.11,14.12,14.13,14.14,14.15,14.16,4700,14100,45400,2400,5300,29000,23200,12900,4900,3600,1300,30200,14600,13900,3000,4500,1700,4900,36800,15300
8840.0,14.07,16262400,221737375.0,14.06,14.05,14.04,14.03,14.02,14.01,14.0,13.99,13.98,13.97,14.07,14.08,14.09,14.1,14.11,14.12,14.13,14.14,14.15,14.16,5300,14100,45400,2400,5300,29000,23200,12900,4900,3600,1500,30200,14600,13900,3300,4500,1700,4900,22100,15300
8841.0,14.06,16262500,221738781.0,14.06,14.05,14.04,14.03,14.02,14.01,14.0,13.99,13.98,13.97,14.07,14.08,14.09,14.1,14.11,14.12,14.13,14.14,14.15,14.16,5200,14100,45400,2400,5300,29000,23200,12900,4900,3600,1500,30200,13800,13900,3300,4500,1700,4900,22100,15300
8842.0,14.07,16262600,221740188.0,14.06,14.05,14.04,14.03,14.02,14.01,14.0,13.99,13.98,13.97,14.07,14.08,14.09,14.1,14.11,14.12,14.13,14.14,14.15,14.16,5200,14100,45400,2400,5300,29000,23200,12900,4900,3600,1400,30200,13800,13100,3300,4500,1700,4900,22100,15100
8843.0,14.06,16264500,221766902.0,14.06,14.05,14.04,14.03,14.02,14.01,14.0,13.99,13.98,13.97,14.07,14.08,14.09,14.1,14.11,14.12,14.13,14.14,14.15,14.16,3300,14100,45400,2400,5300,29000,23200,12900,4900,3600,2400,30000,13800,13100,3300,4500,1700,4900,22100,15100
8844.0,14.05,16268300,221820325.0,14.05,14.04,14.03,14.02,14.01,14.0,13.99,13.98,13.97,13.96,14.06,14.07,14.08,14.09,14.1,14.11,14.12,14.13,14.14,14.15,13500,45400,2400,5300,29000,23200,12900,4900,3600,4500,2700,2400,30000,13800,13100,3300,4500,1700,4900,22100
8845.0,14.06,16270000,221844227.0,14.05,14.04,14.03,14.02,14.01,14.0,13.99,13.98,13.97,13.96,14.06,14.07,14.08,14.09,14.1,14.11,14.12,14.13,14.14,14.15,13500,45400,8300,5300,29000,23200,12900,4900,3600,4500,1100,2400,30000,13800,13100,3300,4500,1700,4900,22100
8846.0,14.06,16270900,221856881.0,14.05,14.04,14.03,14.02,14.01,14.0,13.99,13.98,13.97,13.96,14.06,14.07,14.08,14.09,14.1,14.11,14.12,14.13,14.14,14.15,13500,45400,8300,5300,29000,23200,12900,4900,3600,4500,4300,2300,30000,13800,13100,3300,4500,1700,4900,22100
8847.0,14.05,16271200,221861096.0,14.05,14.04,14.03,14.02,14.01,14.0,13.99,13.98,13.97,13.96,14.06,14.07,14.08,14.09,14.1,14.11,14.12,14.13,14.14,14.15,13200,44700,8300,5300,29000,23200,12900,4900,3600,4500,4300,2300,30500,13800,14100,3300,4500,1700,4900,22100
8848.0,14.05,16274200,221903250.0,14.05,14.04,14.03,14.02,14.01,14.0,13.99,13.98,13.97,13.96,14.06,14.07,14.08,14.09,14.1,14.11,14.12,14.13,14.14,14.15,10600,44700,8300,5300,29000,23200,12900,4900,3600,4500,3900,2300,31000,13800,14100,3300,4500,1700,4900,22100
8849.0,14.05,16275400,221920115.0,14.05,14.04,14.03,14.02,14.01,14.0,13.99,13.98,13.97,13.96,14.06,14.07,14.08,14.09,14.1,14.11,14.12,14.13,14.14,14.15,9900,44700,8300,5300,29000,23200,12900,4900,3600,4500,3400,2300,45700,13500,14100,3300,4500,1700,4900,22100
8850.0,14.05,16276800,221939788.0,14.05,14.04,14.03,14.02,14.01,14.0,13.99,13.98,13.97,13.96,14.06,14.07,14.08,14.09,14.1,14.11,14.12,14.13,14.14,14.15,9000,44700,8300,5300,29000,23200,12900,4900,3600,4500,3300,1900,45700,13500,14100,3300,4500,1700,4900,22100
8851.0,14.05,16281800,222010066.0,14.05,14.04,14.03,14.02,14.01,14.0,13.99,13.98,13.97,13.96,14.06,14.07,14.08,14.09,14.1,14.11,14.12,14.13,14.14,14.15,6800,44700,8300,5300,29000,23200,12900,4900,3600,4500,500,1900,45700,13500,14300,3300,4500,1700,4900,22100
8852.0,14.06,16291700,222149170.0,14.04,14.03,14.02,14.01,14.0,13.99,13.98,13.97,13.96,13.95,14.05,14.07,14.08,14.09,14.1,14.11,14.12,14.13,14.14,14.15,44700,8300,4100,29000,23200,12900,4900,3600,4500,7600,7000,1900,46800,13500,14300,3300,4500,800,4900,22100
8853.0,14.05,16292400,222159005.0,14.04,14.03,14.02,14.01,14.0,13.99,13.98,13.97,13.96,13.95,14.05,14.06,14.07,14.08,14.09,14.1,14.11,14.12,14.13,14.14,44700,8300,4100,29000,23200,12900,4900,3600,4500,7600,7000,1900,1900,46900,13500,14300,3300,4500,800,4900
8854.0,14.05,16292400,222159005.0,14.04,14.03,14.02,14.01,14.0,13.99,13.98,13.97,13.96,13.95,14.05,14.06,14.07,14.08,14.09,14.1,14.11,14.12,14.13,14.14,44700,8300,4100,29000,23200,12900,4900,3600,4500,7600,7100,5900,1900,46900,13500,14300,3300,4500,900,4900
8855.0,14.05,16292500,222160410.0,14.04,14.03,14.02,14.01,14.0,13.99,13.98,13.97,13.96,13.95,14.05,14.06,14.07,14.08,14.09,14.1,14.11,14.12,14.13,14.14,44700,8300,4100,29000,23200,12900,4900,3600,4500,7600,8200,5900,1900,46900,13500,14600,3300,4500,900,4900
8856.0,14.05,16292500,222160410.0,14.04,14.03,14.02,14.01,14.0,13.99,13.98,13.97,13.96,13.95,14.05,14.06,14.07,14.08,14.09,14.1,14.11,14.12,14.13,14.14,44700,8300,4100,29000,23200,12900,4900,3600,4500,7600,8200,5900,1900,46900,13500,14600,3300,4500,900,4900
8857.0,14.04,16300100,222267120.0,14.04,14.03,14.02,14.01,14.0,13.99,13.98,13.97,13.96,13.95,14.05,14.06,14.07,14.08,14.09,14.1,14.11,14.12,14.13,14.14,37700,8300,4100,29000,23200,12900,4900,3600,4500,7600,8000,5900,1900,46900,13500,14600,3300,4500,900,4900
8858.0,14.05,16337000,222785206.0,14.04,14.03,14.02,14.01,14.0,13.99,13.98,13.97,13.96,13.95,14.05,14.06,14.07,14.08,14.09,14.1,14.11,14.12,14.13,14.14,1800,8300,4100,29000,23200,12900,4900,3600,4500,7600,7000,5900,1900,46900,13500,14600,3300,4500,900,4900
8859.0,14.04,16337600,222793634.0,14.04,14.03,14.02,14.01,14.0,13.99,13.98,13.97,13.96,13.95,14.05,14.06,14.07,14.08,14.09,14.1,14.11,14.12,14.13,14.14,1600,8300,4100,29000,23200,12900,4900,3600,4500,7600,6600,6000,2400,46900,13500,14600,3300,4500,900,4900
8860.0,14.04,16337900,222797846.0,14.04,14.03,14.02,14.01,14.0,13.99,13.98,13.97,13.96,13.95,14.05,14.06,14.07,14.08,14.09,14.1,14.11,14.12,14.13,14.14,1300,8300,4100,29000,23200,12900,4900,3600,4500,7600,6600,6800,2400,46900,13900,14600,3300,4500,900,4900
8861.0,14.04,16337900,222797846.0,14.04,14.03,14.02,14.01,14.0,13.99,13.98,13.97,13.96,13.95,14.05,14.06,14.07,14.08,14.09,14.1,14.11,14.12,14.13,14.14,1300,8300,3100,29000,23200,12900,4900,3600,4500,7600,7600,6800,2500,48600,13900,14600,3300,4500,900,4900
8862.0,14.03,16339400,222818904.0,14.03,14.02,14.01,14.0,13.99,13.98,13.97,13.96,13.95,13.94,14.04,14.05,14.06,14.07,14.08,14.09,14.1,14.11,14.12,14.13,8100,3100,29000,23200,12900,4900,3600,4500,7600,41700,400,9100,6800,2500,33900,12700,14600,3300,4500,900
8863.0,14.03,16339400,222818904.0,14.03,14.02,14.01,14.0,13.99,13.98,13.97,13.96,13.95,13.94,14.04,14.05,14.06,14.07,14.08,14.09,14.1,14.11,14.12,14.13,8100,3100,29000,23200,12900,4900,3600,4500,7600,41700,4900,9100,7000,2500,33900,12700,14600,3300,4500,900
8864.0,14.04,16340100,222828732.0,14.03,14.02,14.01,14.0,13.99,13.98,13.97,13.96,13.95,13.94,14.04,14.05,14.06,14.07,14.08,14.09,14.1,14.11,14.12,14.13,8100,3100,29000,23200,12900,4900,3600,4500,7600,41700,6200,9100,7000,2500,33900,12700,14600,3300,4500,900
8865.0,14.03,16341500,222848374.0,14.03,14.02,14.01,14.0,13.99,13.98,13.97,13.96,13.95,13.94,14.04,14.05,14.06,14.07,14.08,14.09,14.1,14.11,14.12,14.13,6600,6800,29000,23200,12900,4900,3600,4500,7600,41700,6800,9100,13000,2500,33900,12700,14600,3300,4500,900
8866.0,14.03,16341500,222848374.0,14.03,14.02,14.01,14.0,13.99,13.98,13.97,13.96,13.95,13.94,14.04,14.05,14.06,14.07,14.08,14.09,14.1,14.11,14.12,14.13,6600,6800,29000,23200,12900,4900,3600,4500,7600,41700,11200,9100,13000,2500,33900,12700,14600,3300,4500,900
8867.0,14.03,16342500,222862411.0,14.03,14.02,14.01,14.0,13.99,13.98,13.97,13.96,13.95,13.94,14.04,14.05,14.06,14.07,14.08,14.09,14.1,14.11,14.12,14.13,6300,6800,29000,23200,12900,4900,3600,4500,7600,41700,10600,9100,13000,2500,33200,12700,14600,3300,4500,900
8868.0,14.03,16343200,222872232.0,14.03,14.02,14.01,14.0,13.99,13.98,13.97,13.96,13.95,13.94,14.04,14.05,14.06,14.07,14.08,14.09,14.1,14.11,14.12,14.13,5600,6800,29000,23200,12900,4900,3600,4500,7600,41700,10600,9100,13000,2500,33200,12700,14600,3300,4500,900
8869.0,14.03,16343200,222872232.0,14.03,14.02,14.01,14.0,13.99,13.98,13.97,13.96,13.95,13.94,14.04,14.05,14.06,14.07,14.08,14.09,14.1,14.11,14.12,14.13,5600,6800,29000,23200,12900,4900,3600,4500,7600,41700,10600,8100,13500,2500,33200,12700,14600,3300,4500,900
8870.0,14.03,16343500,222876441.0,14.03,14.02,14.01,14.0,13.99,13.98,13.97,13.96,13.95,13.94,14.04,14.05,14.06,14.07,14.08,14.09,14.1,14.11,14.12,14.13,5300,6800,29000,23200,12900,4900,3600,4500,7600,41700,10600,22800,13500,2500,20300,12700,14600,3300,4500,900
8871.0,14.03,16344100,222884859.0,14.03,14.02,14.01,14.0,13.99,13.98,13.97,13.96,13.95,13.94,14.04,14.05,14.06,14.07,14.08,14.09,14.1,14.11,14.12,14.13,4700,6800,29000,33200,12900,4900,3600,4500,7600,41700,12600,22800,13500,2500,20300,12700,14600,3300,4500,900
8872.0,14.03,16346100,222912919.0,14.03,14.02,14.01,14.0,13.99,13.98,13.97,13.96,13.95,13.94,14.04,14.05,14.06,14.07,14.08,14.09,14.1,14.11,14.12,14.13,2700,6800,29000,33200,12900,4900,3600,4500,7600,41700,12600,22800,14700,2500,20300,12700,14600,3300,4500,900
8873.0,14.03,16346100,222912919.0,14.03,14.02,14.01,14.0,13.99,13.98,13.97,13.96,13.95,13.94,14.04,14.05,14.06,14.07,14.08,14.09,14.1,14.11,14.12,14.13,2700,6800,29000,33200,12900,4900,3600,4500,7600,41700,8800,21800,14700,2500,20300,12700,14600,3300,4500,900
8874.0,14.03,16350000,222967650.0,14.03,14.02,14.01,14.0,13.99,13.98,13.97,13.96,13.95,13.94,14.04,14.05,14.06,14.07,14.08,14.09,14.1,14.11,14.12,14.13,200,6800,29000,33200,12900,4900,3600,4500,7500,41700,5200,21900,14700,2500,20300,12700,14600,3300,4500,900
8875.0,14.04,16360800,223119241.0,14.02,14.01,14.0,13.99,13.98,13.97,13.96,13.95,13.94,13.93,14.03,14.05,14.06,14.07,14.08,14.09,14.1,14.11,14.12,14.13,6800,29000,33200,12900,4900,3600,4500,7500,41700,100,3700,21900,14700,2500,20300,12700,14600,3300,4500,900
8876.0,14.03,16363300,223154316.0,14.02,14.01,14.0,13.99,13.98,13.97,13.96,13.95,13.94,13.93,14.03,14.05,14.06,14.07,14.08,14.09,14.1,14.11,14.12,14.13,6800,29000,33200,12900,4900,3600,4500,7500,41700,100,1700,21900,14700,2500,20300,12700,14900,3300,4500,900
8877.0,14.02,16363900,223162728.0,14.02,14.01,14.0,13.99,13.98,13.97,13.96,13.95,13.94,13.93,14.03,14.05,14.06,14.07,14.08,14.09,14.1,14.11,14.12,14.13,6200,29000,33200,12900,4900,3600,4500,7500,41700,100,2900,21900,14700,2500,20300,12700,14900,3300,4500,900
8878.0,14.02,16363900,223162728.0,14.02,14.01,14.0,13.99,13.98,13.97,13.96,13.95,13.94,13.93,14.03,14.05,14.06,14.07,14.08,14.09,14.1,14.11,14.12,14.13,6200,29000,33200,12900,4900,3600,4500,7500,41700,100,5900,21900,14700,2500,20300,12700,13900,3300,4500,900
8879.0,14.02,16365100,223179552.0,14.02,14.01,14.0,13.99,13.98,13.97,13.96,13.95,13.94,13.93,14.03,14.05,14.06,14.07,14.08,14.09,14.1,14.11,14.12,14.13,5000,29000,33200,12900,4900,3600,4500,7500,41700,100,5900,21900,14700,2500,20300,12700,13900,3300,4500,900
8880.0,14.02,16366100,223193572.0,14.02,14.01,14.0,13.99,13.98,13.97,13.96,13.95,13.94,13.93,14.03,14.04,14.05,14.06,14.07,14.08,14.09,14.1,14.11,14.12,4000,29000,34500,12900,4900,3600,4500,7500,41700,100,5900,1300,23200,14700,2500,20300,12700,13900,3300,4500
8881.0,14.02,16366100,223193572.0,14.02,14.01,14.0,13.99,13.98,13.97,13.96,13.95,13.94,13.93,14.03,14.04,14.05,14.06,14.07,14.08,14.09,14.1,14.11,14.12,4000,29000,34500,12900,4900,3600,4500,7500,41700,100,5900,2900,23200,14700,2500,20300,12700,13900,3300,4500
8882.0,14.02,16366100,223193572.0,14.02,14.01,14.0,13.99,13.98,13.97,13.96,13.95,13.94,13.93,14.03,14.04,14.05,14.06,14.07,14.08,14.09,14.1,14.11,14.12,4500,29000,34500,12900,4900,3600,4500,7500,41700,100,5900,2900,23200,14700,2000,20300,12700,16400,3300,4500
8883.0,14.02,16366500,223199180.0,14.02,14.01,14.0,13.99,13.98,13.97,13.96,13.95,13.94,13.93,14.03,14.04,14.05,14.06,14.07,14.08,14.09,14.1,14.11,14.12,4100,29000,34500,12900,4900,3600,4500,7500,41700,100,5900,6700,23200,14700,2000,20300,12700,16400,3300,4500
8884.0,14.03,16367900,223218822.0,14.02,14.01,14.0,13.99,13.98,13.97,13.96,13.95,13.94,13.93,14.03,14.04,14.05,14.06,14.07,14.08,14.09,14.1,14.11,14.12,4100,29000,34500,12900,4900,3600,4500,5500,41700,100,4500,10400,23200,14700,2000,20300,12700,16400,3300,4500
8885.0,14.02,16372000,223276304.0,14.01,14.0,13.99,13.98,13.97,13.96,13.95,13.94,13.93,13.91,14.02,14.03,14.04,14.05,14.06,14.07,14.08,14.09,14.1,14.11,29000,34500,12900,4900,3600,4500,5500,41700,100,2000,2300,4500,9400,23200,14700,2000,20300,12700,16400,3300
8886.0,14.01,16373100,223291719.0,14.01,14.0,13.99,13.98,13.97,13.96,13.95,13.94,13.93,13.91,14.02,14.03,14.04,14.05,14.06,14.07,14.08,14.09,14.1,14.11,28300,34200,12900,4900,3600,4500,5500,41700,100,2000,7500,4500,9400,24400,7900,2000,20300,12700,16400,3300
8887.0,14.01,16380400,223394055.0,14.01,14.0,13.99,13.98,13.97,13.96,13.95,13.94,13.93,13.91,14.02,14.03,14.04,14.05,14.06,14.07,14.08,14.09,14.1,14.11,27300,34100,12900,4900,3600,4500,5500,41700,100,2000,2200,4500,9400,24400,7400,2000,20300,12700,16400,3300
8888.0,14.01,16382100,223417876.0,14.01,14.0,13.99,13.98,13.97,13.96,13.95,13.94,13.93,13.91,14.02,14.03,14.04,14.05,14.06,14.07,14.08,14.09,14.1,14.11,26000,31100,12900,4900,3600,4500,5500,41700,100,2000,2800,1500,9400,38700,7400,2000,20300,12700,16400,3300
8889.0,14.02,16384700,223454321.0,14.01,14.0,13.99,13.98,13.97,13.96,13.95,13.94,13.93,13.91,14.02,14.03,14.04,14.05,14.06,14.07,14.08,14.09,14.1,14.11,25300,31100,12900,4900,3600,4500,5500,41700,100,2000,3100,1600,9400,38700,7400,2000,20300,17700,16400,3300
8890.0,14.02,16384700,223454321.0,14.01,14.0,13.99,13.98,13.97,13.96,13.95,13.94,13.93,13.91,14.02,14.03,14.04,14.05,14.06,14.07,14.08,14.09,14.1,14.11,25300,31100,12900,4900,3600,4500,5500,41700,100,2000,5100,1600,9400,38600,7400,2000,20300,17700,19400,3300
8891.0,14.02,16393100,223572090.0,14.01,14.0,13.99,13.98,13.97,13.96,13.95,13.94,13.93,13.91,14.02,14.03,14.04,14.05,14.06,14.07,14.08,14.09,14.1,14.11,25300,31100,12900,4900,3600,4500,5500,41700,100,2000,1200,1500,9400,38600,7400,2000,20300,17700,19400,3300
8892.0,14.01,16393800,223581897.0,14.01,14.0,13.99,13.98,13.97,13.96,13.95,13.94,13.93,13.91,14.02,14.03,14.04,14.05,14.06,14.07,14.08,14.09,14.1,14.11,24600,31100,12900,4900,3600,4500,5500,41700,100,2000,7000,1500,9400,38600,7400,2000,20300,17700,19400,3300
8893.0,14.01,16393800,223581897.0,14.01,14.0,13.99,13.98,13.97,13.96,13.95,13.94,13.93,13.91,14.02,14.03,14.04,14.05,14.06,14.07,14.08,14.09,14.1,14.11,24600,31100,12900,4900,3600,4500,5500,41700,100,2000,7000,1500,9400,38600,7400,2000,20300,17700,19400,3300
8894.0,14.01,16395200,223601511.0,14.01,14.0,13.99,13.98,13.97,13.96,13.95,13.94,13.93,13.91,14.02,14.03,14.04,14.05,14.06,14.07,14.08,14.09,14.1,14.11,23200,31100,12900,4900,3600,4500,5500,41700,100,2000,7000,1500,9400,38600,7400,2000,20300,17700,19400,3300
8895.0,14.01,16395400,223604313.0,14.01,14.0,13.99,13.98,13.97,13.96,13.95,13.94,13.93,13.91,14.02,14.03,14.04,14.05,14.06,14.07,14.08,14.09,14.1,14.11,23000,31100,12900,4900,3600,4500,5500,41700,100,2000,7000,1500,9400,38600,7400,2000,18100,17700,19400,3300
8896.0,14.01,16395400,223604313.0,14.01,14.0,13.99,13.98,13.97,13.96,13.95,13.94,13.93,13.91,14.02,14.03,14.04,14.05,14.06,14.07,14.08,14.09,14.1,14.11,23600,31100,12900,4900,3600,4500,5500,41700,100,2000,7000,1700,9400,38600,7400,2000,18100,17700,19400,3300
8897.0,14.01,16397500,223633748.0,14.01,14.0,13.99,13.98,13.97,13.96,13.95,13.94,13.93,13.91,14.02,14.03,14.04,14.05,14.06,14.07,14.08,14.09,14.1,14.11,22900,31100,13200,4900,3600,4500,5500,41700,100,2000,5800,2500,9400,38600,7400,2000,13100,17700,19400,3300
8898.0,14.01,16397500,223633748.0,14.01,14.0,13.99,13.98,13.97,13.96,13.95,13.94,13.93,13.92,14.02,14.03,14.04,14.05,14.06,14.07,14.08,14.09,14.1,14.11,22900,31100,13200,4900,3600,4500,5500,41700,100,1200,5800,2500,5400,38900,7400,2000,13100,17700,19400,3300
8899.0,14.02,16401800,223694034.0,14.01,14.0,13.99,13.98,13.97,13.96,13.95,13.94,13.93,13.92,14.02,14.03,14.04,14.05,14.06,14.07,14.08,14.09,14.1,14.11,22900,31100,13200,4900,3600,4500,5500,41700,100,1200,2300,2500,5500,38900,7400,2000,13100,17700,19400,3300
8900.0,14.01,16406500,223759918.0,14.01,14.0,13.99,13.98,13.97,13.96,13.95,13.94,13.93,13.92,14.03,14.04,14.05,14.06,14.07,14.08,14.09,14.1,14.11,14.12,21200,31100,12900,4900,3600,4500,5500,41700,100,1200,2000,5500,38900,7400,2000,13100,17700,20400,3300,4500
8901.0,14.01,16414200,223867795.0,14.01,14.0,13.99,13.98,13.97,13.96,13.95,13.94,13.93,13.92,14.03,14.04,14.05,14.06,14.07,14.08,14.09,14.1,14.11,14.12,14400,31100,12900,4900,3600,4500,5500,41700,100,1200,3000,6500,38900,7400,2000,13100,17700,20400,3300,4500
8902.0,14.01,16414200,223867795.0,14.02,14.01,14.0,13.99,13.98,13.97,13.96,13.95,13.94,13.93,14.03,14.04,14.05,14.06,14.07,14.08,14.09,14.1,14.11,14.12,500,16500,31100,12900,4900,3600,4500,5500,41700,100,5100,6500,38900,7400,2000,13100,17700,20400,3300,4500
8903.0,14.03,16414500,223872004.0,14.02,14.01,14.0,13.99,13.98,13.97,13.96,13.95,13.94,13.93,14.03,14.04,14.05,14.06,14.07,14.08,14.09,14.1,14.11,14.12,2400,16500,31300,12900,4900,3600,4500,5500,41700,100,4800,6500,38900,7400,2000,13100,17700,20400,3300,4500
8904.0,14.01,16417100,223908454.0,14.01,14.0,13.99,13.98,13.97,13.96,13.95,13.94,13.93,13.92,14.03,14.04,14.05,14.06,14.07,14.08,14.09,14.1,14.11,14.12,16300,31300,12900,4900,3600,4500,5500,41700,100,1200,4800,6500,39500,7400,2000,13100,17700,20400,3300,4500
8905.0,14.01,16419400,223940677.0,14.01,14.0,13.99,13.98,13.97,13.96,13.95,13.94,13.93,13.92,14.03,14.04,14.05,14.06,14.07,14.08,14.09,14.1,14.11,14.12,15200,31300,12900,4900,3600,4500,5500,41700,100,1200,13500,6500,39500,7400,2000,13100,17700,20200,3300,4500
8906.0,14.01,16438400,224206867.0,14.0,13.99,13.98,13.97,13.96,13.95,13.94,13.93,13.92,13.91,14.01,14.03,14.04,14.05,14.06,14.07,14.08,14.09,14.1,14.11,31300,12900,4900,3600,4500,5500,41700,100,1200,2000,38100,16300,7100,40400,7400,15800,13100,17700,20200,3300
8907.0,14.01,16447700,224337160.0,14.0,13.99,13.98,13.97,13.96,13.95,13.94,13.93,13.92,13.91,14.01,14.02,14.03,14.04,14.05,14.06,14.07,14.08,14.09,14.1,31300,12900,4900,4300,4500,5500,41700,100,6200,2000,28800,2100,16300,7100,40400,7400,15800,13100,16700,20200
8908.0,14.01,16451500,224390391.0,14.0,13.99,13.98,13.97,13.96,13.95,13.94,13.93,13.92,13.91,14.01,14.02,14.03,14.04,14.05,14.06,14.07,14.08,14.09,14.1,30600,12900,4900,4300,4500,5500,41700,100,6200,2000,25700,2100,16300,7100,40400,7400,15800,13100,16700,20200
8909.0,14.01,16458900,224494000.0,14.0,13.99,13.98,13.97,13.96,13.95,13.94,13.93,13.92,13.91,14.01,14.02,14.03,14.04,14.05,14.06,14.07,14.08,14.09,14.1,24100,12900,4900,4300,4500,5500,41700,100,6200,2000,29800,2100,16300,7100,40400,7400,15800,14000,16700,20200
8910.0,14.0,16459700,224505207.0,14.0,13.99,13.98,13.97,13.96,13.95,13.94,13.93,13.92,13.91,14.01,14.02,14.03,14.04,14.05,14.06,14.07,14.08,14.09,14.1,24000,12900,4900,4300,4500,5500,41700,100,6200,2000,29600,2100,16300,7100,40400,7400,15800,14000,16700,20200
8911.0,14.0,16459700,224505207.0,14.0,13.99,13.98,13.97,13.96,13.95,13.94,13.93,13.92,13.91,14.01,14.02,14.03,14.04,14.05,14.06,14.07,14.08,14.09,14.1,24000,12900,4900,4300,4500,5500,41700,100,6200,2000,30400,2100,16300,7100,41400,7400,15800,14000,16700,15200
8912.0,14.0,16462400,224543027.0,14.0,13.99,13.98,13.97,13.96,13.95,13.94,13.93,13.92,13.91,14.01,14.02,14.03,14.04,14.05,14.06,14.07,14.08,14.09,14.1,23300,12900,4900,4300,4500,5500,41700,100,6200,2000,28400,2100,16300,7100,41400,7400,15800,14000,16700,15200
8913.0,14.0,16465000,224579434.0,14.0,13.99,13.98,13.97,13.96,13.95,13.94,13.93,13.92,13.91,14.01,14.02,14.03,14.04,14.05,14.06,14.07,14.08,14.09,14.1,21400,12900,4900,4300,4500,5500,41700,100,6200,2000,27800,2100,16200,7400,41400,7400,15800,14000,16700,15200
8914.0,14.0,16465100,224580834.0,14.0,13.99,13.98,13.97,13.96,13.95,13.94,13.93,13.92,13.91,14.01,14.02,14.03,14.04,14.05,14.06,14.07,14.08,14.09,14.1,21300,12900,4900,4300,4500,5500,41700,100,6200,2000,30100,2100,16200,7400,41400,7400,15800,14000,16700,15200
8915.0,14.0,16465100,224580834.0,14.0,13.99,13.98,13.97,13.96,13.95,13.94,13.93,13.92,13.91,14.01,14.02,14.03,14.04,14.05,14.06,14.07,14.08,14.09,14.1,21500,12900,4900,4300,4500,5500,41700,100,6200,2000,30100,2100,16200,7400,41400,7400,15800,14000,16700,15200
8916.0,14.0,16465800,224590634.0,14.0,13.99,13.98,13.97,13.96,13.95,13.94,13.93,13.92,13.91,14.01,14.02,14.03,14.04,14.05,14.06,14.07,14.08,14.09,14.1,20800,12900,4900,4300,4500,5500,41700,100,6200,2000,30100,2100,16200,7400,25500,7400,15800,14000,16700,15200
8917.0,14.0,16468000,224621441.0,14.0,13.99,13.98,13.97,13.96,13.95,13.94,13.93,13.92,13.91,14.01,14.02,14.03,14.04,14.05,14.06,14.07,14.08,14.09,14.1,19300,12900,4900,4300,4500,5500,41700,100,6200,2000,30000,2100,16200,7400,25500,7400,15800,14000,16700,15200
8918.0,14.01,16478000,224761541.0,14.0,13.99,13.98,13.97,13.96,13.95,13.94,13.93,13.92,13.91,14.01,14.02,14.03,14.04,14.05,14.06,14.07,14.08,14.09,14.1,19300,12900,4900,4300,4500,5500,41700,100,6200,2000,20400,2100,16200,7400,25500,7400,15800,10300,16700,15200
8919.0,14.0,16478500,224768541.0,14.0,13.99,13.98,13.97,13.96,13.95,13.94,13.93,13.92,13.91,14.01,14.02,14.03,14.04,14.05,14.06,14.07,14.08,14.09,14.1,18800,12900,4900,4300,4500,5500,41700,100,6200,2000,21400,2100,16200,7400,25500,7400,15800,10300,16700,15200
8920.0,14.01,16487100,224889012.0,14.0,13.99,13.98,13.97,13.96,13.95,13.94,13.93,13.92,13.91,14.01,14.02,14.03,14.04,14.05,14.06,14.07,14.08,14.09,14.1,17300,12900,4900,4300,4500,5500,41700,100,6200,2000,14200,2100,16200,7400,25500,6100,15800,10300,16700,15200
8921.0,14.01,16487100,224889012.0,14.0,13.99,13.98,13.97,13.96,13.95,13.94,13.93,13.92,13.91,14.01,14.02,14.03,14.04,14.05,14.06,14.07,14.08,14.09,14.1,7300,12900,4900,4300,4500,5500,41700,100,6200,2000,14200,2100,16200,7400,25500,6100,15800,10300,16700,15200
8922.0,14.0,16488300,224905812.0,14.0,13.99,13.98,13.97,13.96,13.95,13.94,13.93,13.92,13.91,14.01,14.02,14.03,14.04,14.05,14.06,14.07,14.08,14.09,14.1,6200,12900,4900,4300,4500,5500,41700,100,6200,2000,14200,2100,16200,7400,25500,6100,15800,10300,16700,15900
8923.0,14.0,16494800,224996819.0,14.0,13.99,13.98,13.97,13.96,13.95,13.94,13.93,13.92,13.91,14.01,14.02,14.03,14.04,14.05,14.06,14.07,14.08,14.09,14.1,400,12900,4900,4300,4500,5500,41700,100,6200,2000,13500,2100,16200,7400,25500,6100,15800,10300,16700,15900
8924.0,14.0,16495200,225002419.0,13.99,13.98,13.97,13.96,13.95,13.94,13.93,13.92,13.91,13.9,14.0,14.01,14.02,14.03,14.04,14.05,14.06,14.07,14.08,14.09,12900,4900,6300,4500,5500,41700,100,6200,2000,4900,500,13500,2100,30900,7400,25500,6100,15800,10300,16700
8925.0,14.0,16495200,225002419.0,13.99,13.98,13.97,13.96,13.95,13.94,13.93,13.92,13.91,13.9,14.0,14.01,14.02,14.03,14.04,14.05,14.06,14.07,14.08,14.09,12900,4900,6300,4500,5500,41700,100,6200,2000,4900,2600,13500,2100,30900,7400,25500,6100,15800,10300,16700
8926.0,14.0,16495400,225005219.0,13.99,13.98,13.97,13.96,13.95,13.94,13.93,13.92,13.91,13.9,14.0,14.01,14.02,14.03,14.04,14.05,14.06,14.07,14.08,14.09,12900,4900,6300,4500,5500,41700,100,6200,2000,4900,5200,13500,2100,30900,7400,25500,6100,15800,10300,16700
8927.0,14.0,16495400,225005219.0,13.99,13.98,13.97,13.96,13.95,13.94,13.93,13.92,13.91,13.9,14.0,14.01,14.02,14.03,14.04,14.05,14.06,14.07,14.08,14.09,12900,4900,6300,4500,5500,41700,100,6200,2000,7900,14700,13500,2100,30900,7400,25500,6100,15800,10300,16700
8928.0,14.0,16495400,225005219.0,13.99,13.98,13.97,13.96,13.95,13.94,13.93,13.92,13.91,13.9,14.0,14.01,14.02,14.03,14.04,14.05,14.06,14.07,14.08,14.09,12900,4900,6300,4500,5500,41700,100,6200,2000,7900,19100,13500,2100,30900,7400,25500,6100,15800,9200,16700
8929.0,14.0,16496100,225015019.0,13.99,13.98,13.97,13.96,13.95,13.94,13.93,13.92,13.91,13.9,14.0,14.01,14.02,14.03,14.04,14.05,14.06,14.07,14.08,14.09,12900,4900,6300,4500,5500,41700,100,6200,2000,7900,18400,14700,3300,30900,7400,25500,6100,15800,9200,16700
8930.0,14.0,16496500,225020619.0,13.99,13.98,13.97,13.96,13.95,13.94,13.93,13.92,13.91,13.9,14.0,14.01,14.02,14.03,14.04,14.05,14.06,14.07,14.08,14.09,12900,4900,6300,4500,5500,41700,100,6200,2000,7900,18300,14700,3300,30900,7600,25500,6100,15800,9200,16700
8931.0,14.0,16498600,225050012.0,13.99,13.98,13.97,13.96,13.95,13.94,13.93,13.92,13.91,13.9,14.0,14.01,14.02,14.03,14.04,14.05,14.06,14.07,14.08,14.09,12200,4900,6300,4500,5500,41700,100,6200,2000,7900,16900,14700,3300,30900,7600,24300,6100,15800,10900,16700
8932.0,14.0,16499300,225059812.0,13.99,13.98,13.97,13.96,13.95,13.94,13.93,13.92,13.91,13.9,14.0,14.01,14.02,14.03,14.04,14.05,14.06,14.07,14.08,14.09,12200,4900,6300,4500,5500,41700,100,6200,2000,7900,17000,13700,3300,30900,7600,24300,6100,15800,10900,16700
8933.0,14.0,16499800,225066812.0,13.99,13.98,13.97,13.96,13.95,13.94,13.93,13.92,13.91,13.9,14.0,14.01,14.02,14.03,14.04,14.05,14.06,14.07,14.08,14.09,12200,4900,6300,4500,5500,41700,100,6200,2000,7900,18500,13700,3300,30900,7600,24300,6100,15800,10900,16700
8934.0,13.99,16500800,225080802.0,13.99,13.98,13.97,13.96,13.95,13.94,13.93,13.92,13.91,13.9,14.0,14.01,14.02,14.03,14.04,14.05,14.06,14.07,14.08,14.09,11200,4900,6300,5500,5500,41700,100,6200,2000,7900,22100,13700,3300,30900,7600,24300,6100,15800,10900,16700
8935.0,14.0,16501500,225090602.0,13.99,13.98,13.97,13.96,13.95,13.94,13.93,13.92,13.91,13.9,14.0,14.01,14.02,14.03,14.04,14.05,14.06,14.07,14.08,14.09,11200,4900,6300,5500,5500,41700,100,6200,2000,7900,21400,13700,3300,30900,7600,24300,4600,15800,10900,16700
8936.0,13.99,16502500,225104592.0,13.99,13.98,13.97,13.96,13.95,13.94,13.93,13.92,13.91,13.9,14.0,14.01,14.02,14.03,14.04,14.05,14.06,14.07,14.08,14.09,11700,4900,6300,4500,5500,41700,100,6200,2000,7900,21400,13700,3300,30900,7600,23300,4600,15800,10900,16700
8937.0,13.99,16514200,225268275.0,13.98,13.97,13.96,13.95,13.94,13.93,13.92,13.91,13.9,13.89,13.99,14.0,14.01,14.02,14.03,14.04,14.05,14.06,14.07,14.08,4900,6300,4500,5500,41700,100,6200,2000,7900,8200,1500,21400,13700,3300,30900,7600,23300,4600,15800,10900
8938.0,13.99,16516700,225303246.0,13.98,13.97,13.96,13.95,13.94,13.93,13.92,13.91,13.9,13.89,13.99,14.0,14.01,14.02,14.03,14.04,14.05,14.06,14.07,14.08,4500,6300,4500,5500,41700,100,6200,2000,7900,8200,1100,21400,13700,3300,30900,7600,9000,4600,15800,10900
8939.0,13.99,16520000,225349383.0,13.98,13.97,13.96,13.95,13.94,13.93,13.92,13.91,13.9,13.89,13.99,14.0,14.01,14.02,14.03,14.04,14.05,14.06,14.07,14.08,1500,6300,4500,5500,41700,100,6200,2000,7900,8200,1800,12000,13700,3300,30900,7600,9000,4600,15800,10900
8940.0,13.99,16520000,225349383.0,13.98,13.97,13.96,13.95,13.94,13.93,13.92,13.91,13.9,13.89,13.99,14.0,14.01,14.02,14.03,14.04,14.05,14.06,14.07,14.08,1500,6300,4500,5500,41700,100,6200,2000,7900,8200,34800,18800,9700,3300,30900,7600,9000,5300,15800,10900
8941.0,13.99,16520700,225359176.0,13.98,13.97,13.96,13.95,13.94,13.93,13.92,13.91,13.9,13.89,13.99,14.0,14.01,14.02,14.03,14.04,14.05,14.06,14.07,14.08,1500,6300,4500,5500,41700,100,6200,2000,7900,8200,34700,19500,9700,3300,30900,7600,9000,5300,15800,10900
8942.0,13.99,16522100,225378762.0,13.98,13.97,13.96,13.95,13.94,13.93,13.92,13.91,13.9,13.89,13.99,14.0,14.01,14.02,14.03,14.04,14.05,14.06,14.07,14.08,1500,6300,4500,5500,41700,100,6200,2000,7900,8200,40700,19500,9400,3300,30900,7600,9000,5300,15700,10900
8943.0,13.99,16522100,225378762.0,13.98,13.97,13.96,13.95,13.94,13.93,13.92,13.91,13.9,13.89,13.99,14.0,14.01,14.02,14.03,14.04,14.05,14.06,14.07,14.08,1500,6300,4500,5500,41700,100,6200,2000,7800,8200,40700,17500,9400,3300,30900,7600,9000,5300,15700,10900
8944.0,13.98,16523800,225402535.0,13.98,13.97,13.96,13.95,13.94,13.93,13.92,13.91,13.9,13.89,13.99,14.0,14.01,14.02,14.03,14.04,14.05,14.06,14.07,14.08,600,6300,4500,5500,41700,100,6200,2000,4800,8200,40000,30500,9400,3300,30900,3800,9000,5300,15700,10900
8945.0,13.99,16524700,225415121.0,13.97,13.96,13.95,13.94,13.93,13.92,13.91,13.9,13.89,13.88,13.99,14.0,14.01,14.02,14.03,14.04,14.05,14.06,14.07,14.08,6300,4500,5500,41700,100,6200,2000,4800,8200,2400,39600,30500,9400,3300,30900,3800,9000,5300,15700,10900
8946.0,13.98,16528500,225468245.0,13.97,13.96,13.95,13.94,13.93,13.92,13.91,13.9,13.89,13.88,13.98,13.99,14.0,14.01,14.02,14.03,14.04,14.05,14.06,14.07,8200,4500,5500,41700,100,6200,2000,4800,8200,2400,400,41500,30600,9400,3300,30900,3800,9000,5300,15700
8947.0,13.98,16528500,225468245.0,13.97,13.96,13.95,13.94,13.93,13.92,13.91,13.9,13.89,13.88,13.98,13.99,14.0,14.01,14.02,14.03,14.04,14.05,14.06,14.07,8200,4500,5500,41700,100,6200,3000,4800,8200,2400,600,41500,30600,8900,3300,30900,3800,9000,5300,15700
8948.0,13.98,16528500,225468245.0,13.97,13.96,13.95,13.94,13.93,13.92,13.91,13.9,13.89,13.88,13.98,13.99,14.0,14.01,14.02,14.03,14.04,14.05,14.06,14.07,8200,4500,5500,41700,100,5000,3000,4800,8200,2400,2600,42000,30400,8900,3300,30900,3900,11500,5300,15700
8949.0,13.98,16528700,225471041.0,13.97,13.96,13.95,13.94,13.93,13.92,13.91,13.9,13.89,13.88,13.98,13.99,14.0,14.01,14.02,14.03,14.04,14.05,14.06,14.07,6200,4500,5500,41700,100,5000,3000,4800,8200,2400,3000,42000,30400,8200,3300,30900,3900,11500,5300,15700
8950.0,13.98,16529200,225478031.0,13.97,13.96,13.95,13.94,13.93,13.92,13.91,13.9,13.89,13.88,13.98,13.99,14.0,14.01,14.02,14.03,14.04,14.05,14.06,14.07,6200,4500,5500,41700,100,5000,3000,4800,8200,2400,3600,43000,30400,8200,3300,30900,3900,11500,5300,15700
8951.0,13.98,16529500,225482225.0,13.97,13.96,13.95,13.94,13.93,13.92,13.91,13.9,13.89,13.88,13.98,13.99,14.0,14.01,14.02,14.03,14.04,14.05,14.06,14.07,6200,4500,5500,41700,100,5000,3000,4800,8200,2400,4000,43000,30400,7200,3300,30900,3900,11500,5300,15700
8952.0,13.98,16529900,225487817.0,13.97,13.96,13.95,13.94,13.93,13.92,13.91,13.9,13.89,13.88,13.98,13.99,14.0,14.01,14.02,14.03,14.04,14.05,14.06,14.07,6200,4500,5500,41700,100,5000,3000,4800,8200,2400,3600,43000,31400,7200,3300,30900,3900,11500,5300,15700
8953.0,13.97,16530500,225496199.0,13.97,13.96,13.95,13.94,13.93,13.92,13.91,13.9,13.89,13.88,13.98,13.99,14.0,14.01,14.02,14.03,14.04,14.05,14.06,14.07,3100,4500,5500,41700,100,5000,3000,4800,8200,2400,8600,43000,31400,7200,3300,30900,3900,11500,5300,15700
8954.0,13.97,16532900,225529741.0,13.97,13.96,13.95,13.94,13.93,13.92,13.91,13.9,13.89,13.88,13.98,13.99,14.0,14.01,14.02,14.03,14.04,14.05,14.06,14.07,2100,4500,5500,41700,100,5000,3000,4800,8200,2400,7200,43000,31400,7200,3300,30900,3900,11500,5300,15700
8955.0,13.98,16533600,225539527.0,13.97,13.96,13.95,13.94,13.93,13.92,13.91,13.9,13.89,13.88,13.98,13.99,14.0,14.01,14.02,14.03,14.04,14.05,14.06,14.07,2100,4500,5500,41700,100,5000,3000,4800,8200,2400,7000,43000,31400,7200,3300,30900,3900,11500,5300,15700
8956.0,13.98,16533800,225542323.0,13.97,13.96,13.95,13.94,13.93,13.92,13.91,13.9,13.89,13.88,13.98,13.99,14.0,14.01,14.02,14.03,14.04,14.05,14.06,14.07,2100,4500,5500,41700,100,5000,3000,4800,8200,2400,6900,37000,31500,7200,3300,30900,3900,11500,5300,15700
8957.0,13.97,16535900,225571660.0,13.96,13.95,13.94,13.93,13.92,13.91,13.9,13.89,13.88,13.87,13.97,13.98,13.99,14.0,14.01,14.02,14.03,14.04,14.05,14.06,4500,5500,41700,100,5000,3000,4800,8200,2400,2000,2300,6900,37000,31500,7200,3300,30900,3900,11500,5300
8958.0,13.97,16538100,225602394.0,13.96,13.95,13.94,13.93,13.92,13.91,13.9,13.89,13.88,13.87,13.97,13.98,13.99,14.0,14.01,14.02,14.03,14.04,14.05,14.06,4500,5500,41700,100,5000,3000,4800,8200,2400,2000,1300,6900,37000,31500,7200,3300,30900,3900,11500,5300
8959.0,13.97,16538100,225602394.0,13.96,13.95,13.94,13.93,13.92,13.91,13.9,13.89,13.88,13.87,13.97,13.98,13.99,14.0,14.01,14.02,14.03,14.04,14.05,14.06,4500,5500,41700,100,5000,3000,4800,8200,2400,2000,1300,6300,38000,31000,7200,3300,30900,3900,11500,5300
8960.0,13.97,16538800,225612169.0,13.96,13.95,13.94,13.93,13.92,13.91,13.9,13.89,13.88,13.87,13.97,13.98,13.99,14.0,14.01,14.02,14.03,14.04,14.05,14.06,4100,5500,41700,100,5000,3000,4800,8200,2400,2000,1000,7000,38000,31000,7200,3300,30900,3900,11500,5300
8961.0,13.97,16538900,225613566.0,13.96,13.95,13.94,13.93,13.92,13.91,13.9,13.89,13.88,13.87,13.97,13.98,13.99,14.0,14.01,14.02,14.03,14.04,14.05,14.06,4100,5500,41700,100,5000,3000,5200,8200,2400,2000,1200,7000,39000,31000,7200,3300,30900,3900,11500,5300
8962.0,13.97,16540700,225638712.0,13.96,13.95,13.94,13.93,13.92,13.91,13.9,13.89,13.88,13.87,13.97,13.98,13.99,14.0,14.01,14.02,14.03,14.04,14.05,14.06,4100,5500,41700,100,5000,3000,5200,8200,2400,2000,500,7000,39000,31000,6200,3300,30900,3900,11500,5300
8963.0,13.97,16541600,225651285.0,13.97,13.96,13.95,13.94,13.93,13.92,13.91,13.9,13.89,13.88,13.98,13.99,14.0,14.01,14.02,14.03,14.04,14.05,14.06,14.07,100,4100,5500,41700,100,5000,3000,5200,8200,2400,7000,39000,31000,6200,3300,30900,3900,11500,5300,15700
8964.0,13.98,16545800,225709962.0,13.96,13.95,13.94,13.93,13.92,13.91,13.9,13.89,13.88,13.87,13.98,13.99,14.0,14.01,14.02,14.03,14.04,14.05,14.06,14.07,2200,5500,41700,100,5000,3000,5200,8200,2400,2000,4800,39000,31000,6200,3300,30900,3900,11500,5300,15700
8965.0,13.98,16546700,225722544.0,13.96,13.95,13.94,13.93,13.92,13.91,13.9,13.89,13.88,13.87,13.97,13.98,13.99,14.0,14.01,14.02,14.03,14.04,14.05,14.06,4000,5500,41700,100,5000,3000,5200,8200,2400,2000,3400,5700,39000,31000,6200,3300,30900,3900,11500,5300
8966.0,13.96,16547500,225733715.0,13.96,13.95,13.94,13.93,13.92,13.91,13.9,13.89,13.88,13.87,13.97,13.98,13.99,14.0,14.01,14.02,14.03,14.04,14.05,14.06,3500,6500,41700,100,5000,3000,5200,6900,2400,2000,3100,5000,39000,31000,6200,3300,16200,3900,11500,5300
8967.0,13.97,16552100,225797974.0,13.97,13.96,13.95,13.94,13.93,13.92,13.91,13.9,13.89,13.88,13.98,13.99,14.0,14.01,14.02,14.03,14.04,14.05,14.06,14.07,700,3200,6500,41700,100,5000,3000,5200,6900,2400,5000,39000,31000,6200,3300,16200,3900,11500,5300,15700
8968.0,13.97,16552100,225797974.0,13.97,13.96,13.95,13.94,13.93,13.92,13.91,13.9,13.89,13.88,13.98,13.99,14.0,14.01,14.02,14.03,14.04,14.05,14.06,14.07,1200,3200,6500,41700,2600,5000,3000,5200,6900,2400,5000,39000,30800,6200,3300,16200,3900,10200,5300,15700
8969.0,13.98,16553600,225818944.0,13.97,13.96,13.95,13.94,13.93,13.92,13.91,13.9,13.89,13.88,13.98,13.99,14.0,14.01,14.02,14.03,14.04,14.05,14.06,14.07,1200,3200,6500,41700,2600,5000,3000,5700,6900,2400,3500,39000,31100,6200,3300,16200,3900,10200,5300,15700
8970.0,13.98,16553600,225818944.0,13.97,13.96,13.95,13.94,13.93,13.92,13.91,13.9,13.89,13.88,13.98,13.99,14.0,14.01,14.02,14.03,14.04,14.05,14.06,14.07,1500,3200,6500,41700,2600,5000,3000,5700,6900,2400,3900,39000,31100,6200,3300,16200,3900,10200,5300,15300
8971.0,13.98,16553600,225818944.0,13.97,13.96,13.95,13.94,13.93,13.92,13.91,13.9,13.89,13.88,13.98,13.99,14.0,14.01,14.02,14.03,14.04,14.05,14.06,14.07,1500,3200,6500,41700,2600,5000,3000,5700,6900,2400,3900,39000,31100,6200,3300,16200,3900,10100,5300,15300
8972.0,13.97,16555600,225846889.0,13.96,13.95,13.94,13.93,13.92,13.91,13.9,13.89,13.88,13.87,13.97,13.98,13.99,14.0,14.01,14.02,14.03,14.04,14.05,14.06,3200,6500,41700,2600,5000,2900,5700,6900,4500,2000,15400,3400,39000,31100,6200,3300,16200,3900,10100,5300
8973.0,13.97,16555600,225846889.0,13.96,13.95,13.94,13.93,13.92,13.91,13.9,13.89,13.88,13.87,13.97,13.98,13.99,14.0,14.01,14.02,14.03,14.04,14.05,14.06,3200,6500,41700,2600,5000,2900,5700,6900,4500,2000,16100,3400,39000,31100,6200,3300,16200,3900,10100,5300
8974.0,13.97,16555600,225846889.0,13.96,13.95,13.94,13.93,13.92,13.91,13.9,13.89,13.88,13.87,13.97,13.98,13.99,14.0,14.01,14.02,14.03,14.04,14.05,14.06,3200,6500,41700,2600,5000,2900,5700,6900,4500,2000,16100,5400,39000,31100,6200,3300,16200,3900,5900,5300
8975.0,13.97,16556600,225860856.0,13.96,13.95,13.94,13.93,13.92,13.91,13.9,13.89,13.88,13.87,13.97,13.98,13.99,14.0,14.01,14.02,14.03,14.04,14.05,14.06,2900,6500,41700,2600,5000,2900,5700,6900,4500,2000,17900,7400,39000,31100,6200,3300,16200,3900,5900,5300
8976.0,13.97,16558100,225881811.0,13.96,13.95,13.94,13.93,13.92,13.91,13.9,13.89,13.88,13.87,13.97,13.98,13.99,14.0,14.01,14.02,14.03,14.04,14.05,14.06,2900,6500,41700,2600,5000,1900,5700,6900,4500,2000,16800,7400,39000,31000,6200,3300,16200,3900,5900,5300
8977.0,13.97,16558100,225881811.0,13.96,13.95,13.94,13.93,13.92,13.91,13.9,13.89,13.88,13.87,13.97,13.98,13.99,14.0,14.01,14.02,14.03,14.04,14.05,14.06,3200,6500,41700,2600,5000,1900,5700,6900,4500,2000,16800,7800,39000,31000,6200,3300,16200,3900,5900,5300
8978.0,13.96,16560100,225909747.0,13.96,13.95,13.94,13.93,13.92,13.91,13.9,13.89,13.88,13.87,13.97,13.98,13.99,14.0,14.01,14.02,14.03,14.04,14.05,14.06,2800,6500,41700,2600,5000,1900,5700,6900,4500,2000,19900,7800,39000,31000,6200,3300,16200,3900,5900,5300
8979.0,13.96,16560300,225912539.0,13.96,13.95,13.94,13.93,13.92,13.91,13.9,13.89,13.88,13.87,13.97,13.98,13.99,14.0,14.01,14.02,14.03,14.04,14.05,14.06,4300,6500,41700,2600,5000,1900,5700,6900,4500,2000,19200,7800,39000,31100,6200,6300,16200,3900,5900,5300
8980.0,13.97,16560500,225915333.0,13.96,13.95,13.94,13.93,13.92,13.91,13.9,13.89,13.88,13.87,13.97,13.98,13.99,14.0,14.01,14.02,14.03,14.04,14.05,14.06,4300,6500,41700,2600,5000,1900,5700,6900,4500,2000,22000,7800,39000,31200,6200,6300,16200,3900,7700,5300
8981.0,13.96,16561500,225929300.0,13.96,13.95,13.94,13.93,13.92,13.91,13.9,13.89,13.88,13.87,13.97,13.98,13.99,14.0,14.01,14.02,14.03,14.04,14.05,14.06,4000,6500,41700,2600,5000,1900,5700,6900,4500,2000,21800,7800,39000,31200,6200,5100,16200,3800,7700,5300
8982.0,13.96,16561900,225934884.0,13.96,13.95,13.94,13.93,13.92,13.91,13.9,13.89,13.88,13.87,13.97,13.98,13.99,14.0,14.01,14.02,14.03,14.04,14.05,14.06,3600,6800,41700,2600,5000,1900,5700,6900,4500,2000,22500,8800,39000,31200,6200,5100,16200,3800,7700,5300
8983.0,13.96,16563600,225958623.0,13.96,13.95,13.94,13.93,13.92,13.91,13.9,13.89,13.88,13.87,13.97,13.98,13.99,14.0,14.01,14.02,14.03,14.04,14.05,14.06,2600,6800,41700,2600,5000,1900,5700,6900,4500,2000,21800,8800,39000,31200,6200,5100,16200,3800,7700,5300
8984.0,13.96,16564500,225971187.0,13.96,13.95,13.94,13.93,13.92,13.91,13.9,13.89,13.88,13.87,13.97,13.98,13.99,14.0,14.01,14.02,14.03,14.04,14.05,14.06,1700,6500,41700,2600,5000,1900,5700,6900,4500,2000,21800,8800,37700,31200,6200,5100,16200,3800,7700,5300
8985.0,13.96,16565200,225980959.0,13.96,13.95,13.94,13.93,13.92,13.91,13.9,13.89,13.88,13.87,13.97,13.98,13.99,14.0,14.01,14.02,14.03,14.04,14.05,14.06,1000,6500,41700,2600,5000,1900,5700,6900,4500,2000,21800,8800,37700,31200,6200,5100,16200,3800,7700,5300
8986.0,13.96,16566100,225993530.0,13.96,13.95,13.94,13.93,13.92,13.91,13.9,13.89,13.88,13.87,13.97,13.98,13.99,14.0,14.01,14.02,14.03,14.04,14.05,14.06,800,6500,41700,2600,5000,1900,5700,6900,4500,2000,21100,8300,37700,31200,6200,5100,16200,3800,7700,5300
8987.0,13.96,16568300,226024256.0,13.95,13.94,13.93,13.92,13.91,13.9,13.89,13.88,13.87,13.86,13.96,13.97,13.98,13.99,14.0,14.01,14.02,14.03,14.04,14.05,6500,41700,2600,5000,1900,5700,6900,4500,2000,6800,700,19700,8300,37700,31200,3300,5100,16200,3800,7700
8988.0,13.96,16568700,226029840.0,13.95,13.94,13.93,13.92,13.91,13.9,13.89,13.88,13.87,13.86,13.96,13.97,13.98,13.99,14.0,14.01,14.02,14.03,14.04,14.05,6500,41700,2600,5000,1900,5700,6900,4500,2100,6800,600,19700,8300,37700,31200,3300,5100,16200,3800,7700
8989.0,13.97,16570700,226057762.0,13.95,13.94,13.93,13.92,13.91,13.9,13.89,13.88,13.87,13.86,13.96,13.97,13.98,13.99,14.0,14.01,14.02,14.03,14.04,14.05,6000,56400,2600,5000,1900,5700,6900,4500,3100,6800,2000,18900,8300,37700,31200,3300,5100,16200,3800,7700
8990.0,13.97,16570700,226057762.0,13.95,13.94,13.93,13.92,13.91,13.9,13.89,13.88,13.87,13.86,13.96,13.97,13.98,13.99,14.0,14.01,14.02,14.03,14.04,14.05,6300,56400,2600,5800,1900,5700,6900,4500,3100,6800,15000,19200,8300,37700,31200,3300,5100,16200,3800,7700
8991.0,13.96,16571400,226067534.0,13.95,13.94,13.93,13.92,13.91,13.9,13.89,13.88,13.87,13.86,13.96,13.97,13.98,13.99,14.0,14.01,14.02,14.03,14.04,14.05,6400,56400,2600,5800,1900,5700,6900,4500,3100,6800,14800,19200,8300,37700,31600,3300,5100,16200,3800,7700
8992.0,13.96,16571800,226073118.0,13.95,13.94,13.93,13.92,13.91,13.9,13.89,13.88,13.87,13.86,13.96,13.97,13.98,13.99,14.0,14.01,14.02,14.03,14.04,14.05,6400,56400,2600,5800,1900,5700,6900,4500,3100,6800,14400,19200,8300,37700,31600,3300,5100,16200,3800,7700
8993.0,13.96,16572100,226077306.0,13.95,13.94,13.93,13.92,13.91,13.9,13.89,13.88,13.87,13.86,13.96,13.97,13.98,13.99,14.0,14.01,14.02,14.03,14.04,14.05,6400,56400,2600,5800,1900,5700,6900,4500,3100,6800,14100,19200,8300,37200,31600,2000,5100,16200,3800,7700
8994.0,13.96,16572400,226081494.0,13.95,13.94,13.93,13.92,13.91,13.9,13.89,13.88,13.87,13.86,13.96,13.97,13.98,13.99,14.0,14.01,14.02,14.03,14.04,14.05,6400,56400,2600,5800,2700,5700,6900,4500,3100,6800,14800,21000,8300,37200,31600,2000,5100,16200,3800,7700
8995.0,13.95,16574400,226109401.0,13.95,13.94,13.93,13.92,13.91,13.9,13.89,13.88,13.87,13.86,13.96,13.97,13.98,13.99,14.0,14.01,14.02,14.03,14.04,14.05,5100,56400,2600,5800,2700,6400,6900,4500,3100,6800,14100,18000,8300,37200,31600,2000,5100,16200,3800,7700
8996.0,13.95,16581600,226209842.0,13.94,13.93,13.92,13.91,13.9,13.89,13.88,13.87,13.86,13.85,13.95,13.96,13.97,13.98,13.99,14.0,14.01,14.02,14.03,14.04,56400,2600,5800,2700,6400,6900,4500,3100,6800,6400,6900,14700,18000,8300,37200,31600,2000,5100,16200,3800
8997.0,13.95,16582300,226219607.0,13.94,13.93,13.92,13.91,13.9,13.89,13.88,13.87,13.86,13.85,13.95,13.96,13.97,13.98,13.99,14.0,14.01,14.02,14.03,14.04,56400,2600,5800,2700,6400,6900,4500,3100,6800,6400,6200,14700,18000,8300,36700,31600,2000,5100,16200,3800
8998.0,13.95,16583500,226236347.0,13.94,13.93,13.92,13.91,13.9,13.89,13.88,13.87,13.86,13.85,13.95,13.96,13.97,13.98,13.99,14.0,14.01,14.02,14.03,14.04,56400,2600,5800,2700,6400,6900,4500,3100,6800,6400,5000,14700,18000,8300,36700,31600,2000,5100,16200,3800
8999.0,13.95,16583500,226236347.0,13.94,13.93,13.92,13.91,13.9,13.89,13.88,13.87,13.86,13.85,13.95,13.96,13.97,13.98,13.99,14.0,14.01,14.02,14.03,14.04,56400,2600,5800,2700,6400,6900,4500,3100,6800,6400,8800,14700,18000,8300,36700,31600,2000,5100,16200,3800
9000.0,13.94,16604300,226526307.0,13.94,13.93,13.92,13.91,13.9,13.89,13.88,13.87,13.86,13.85,13.95,13.96,13.97,13.98,13.99,14.0,14.01,14.02,14.03,14.04,36400,2600,5800,2700,6400,6900,4500,3100,6800,6400,8000,14000,18000,8300,36700,31600,2000,5100,16200,3800
9001.0,13.94,16607100,226565339.0,13.94,13.93,13.92,13.91,13.9,13.89,13.88,13.87,13.86,13.85,13.95,13.96,13.97,13.98,13.99,14.0,14.01,14.02,14.03,14.04,33600,2600,5800,2700,6400,6900,4500,3100,6800,6400,8500,14000,18000,8200,36700,31600,2000,5100,16700,3800
9002.0,13.95,16608300,226582079.0,13.94,13.93,13.92,13.91,13.9,13.89,13.88,13.87,13.86,13.85,13.95,13.96,13.97,13.98,13.99,14.0,14.01,14.02,14.03,14.04,33600,2600,5800,2700,6400,6900,4500,3100,6800,6400,7300,14000,23000,8200,36700,31600,2000,5100,16700,3800
9003.0,13.95,16609100,226593232.0,13.94,13.93,13.92,13.91,13.9,13.89,13.88,13.87,13.86,13.85,13.95,13.96,13.97,13.98,13.99,14.0,14.01,14.02,14.03,14.04,32900,3200,5800,2700,6400,6900,4500,3100,6800,6400,7200,14000,23000,8200,36700,31600,2000,5100,16700,3800
9004.0,13.95,16609300,226596022.0,13.94,13.93,13.92,13.91,13.9,13.89,13.88,13.87,13.86,13.85,13.95,13.96,13.97,13.98,13.99,14.0,14.01,14.02,14.03,14.04,32900,3200,5800,2700,5700,6900,4500,3100,6800,6400,7000,14000,23000,8200,36700,31600,2000,5100,16700,3800
9005.0,13.94,16612400,226639243.0,13.94,13.93,13.92,13.91,13.9,13.89,13.88,13.87,13.86,13.85,13.95,13.96,13.97,13.98,13.99,14.0,14.01,14.02,14.03,14.04,30500,3200,5800,2800,3500,6900,4500,3100,6800,6400,6300,14000,23000,8200,36700,31600,2000,5100,16700,3800
9006.0,13.94,16613900,226660153.0,13.94,13.93,13.92,13.91,13.9,13.89,13.88,13.87,13.86,13.85,13.95,13.96,13.97,13.98,13.99,14.0,14.01,14.02,14.03,14.04,29000,3200,5800,2800,4000,6900,4500,3100,6800,6400,6300,14000,20800,8200,36700,31600,2000,5100,16700,3800
9007.0,13.94,16613900,226660153.0,13.94,13.93,13.92,13.91,13.9,13.89,13.88,13.87,13.86,13.85,13.95,13.96,13.97,13.98,13.99,14.0,14.01,14.02,14.03,14.04,29000,3200,5800,2800,4000,6900,4500,3100,6800,6400,5800,14000,20800,8200,36700,31600,2000,5100,16700,3800
9008.0,13.94,16619200,226734040.0,13.94,13.93,13.92,13.91,13.9,13.89,13.88,13.87,13.86,13.85,13.95,13.96,13.97,13.98,13.99,14.0,14.01,14.02,14.03,14.04,24200,3200,6000,2800,4000,6900,4500,3100,6800,6400,4800,14000,20800,8200,36700,28000,2000,5100,16700,3800
9009.0,13.94,16620200,226747989.0,13.94,13.93,13.92,13.91,13.9,13.89,13.88,13.87,13.86,13.85,13.95,13.96,13.97,13.98,13.99,14.0,14.01,14.02,14.03,14.04,24100,3200,6200,2800,4000,6900,4500,3100,6800,6400,3900,14000,20800,8200,36700,13700,2000,5100,16700,3800
9010.0,13.94,16621500,226766111.0,13.94,13.93,13.92,13.91,13.9,13.89,13.88,13.87,13.86,13.85,13.95,13.96,13.97,13.98,13.99,14.0,14.01,14.02,14.03,14.04,22800,3200,6200,2800,4000,6900,5000,3100,6800,6400,3900,14000,20800,8200,36700,13700,2000,5100,16700,3800
9011.0,13.94,16623600,226795388.0,13.94,13.93,13.92,13.91,13.9,13.89,13.88,13.87,13.86,13.85,13.95,13.96,13.97,13.98,13.99,14.0,14.01,14.02,14.03,14.04,21000,3200,6200,3900,4200,6900,5000,3100,6800,6400,3600,14000,20800,7800,35700,13700,2000,5100,16700,3800
9012.0,13.94,16643900,227078370.0,13.94,13.93,13.92,13.91,13.9,13.89,13.88,13.87,13.86,13.85,13.95,13.96,13.97,13.98,13.99,14.0,14.01,14.02,14.03,14.04,700,3200,6200,3900,4200,6900,8900,3100,6800,6400,3600,14000,20800,7800,35700,13700,2000,5100,16700,3800
9013.0,13.94,16644600,227088128.0,13.93,13.92,13.91,13.9,13.89,13.88,13.87,13.86,13.85,13.84,13.94,13.95,13.96,13.97,13.98,13.99,14.0,14.01,14.02,14.03,3200,6200,3900,4200,6900,8900,3100,6800,6400,2900,100,3600,14000,20800,7800,35700,13700,2000,5100,16700
9014.0,13.94,16644600,227088128.0,13.93,13.92,13.91,13.9,13.89,13.88,13.87,13.86,13.85,13.84,13.94,13.95,13.96,13.97,13.98,13.99,14.0,14.01,14.02,14.03,3200,11200,3900,4200,6900,9900,3100,6800,6400,2900,2100,3700,14000,20800,7800,35700,13700,2000,5100,16700
9015.0,13.94,16644600,227088128.0,13.93,13.92,13.91,13.9,13.89,13.88,13.87,13.86,13.85,13.84,13.94,13.95,13.96,13.97,13.98,13.99,14.0,14.01,14.02,14.03,3200,11200,3900,4200,6900,9900,3100,6800,6400,2900,2100,3700,14000,20800,7800,35700,13700,2000,5100,16700
9016.0,13.93,16647200,227124346.0,13.93,13.92,13.91,13.9,13.89,13.88,13.87,13.86,13.85,13.84,13.94,13.95,13.96,13.97,13.98,13.99,14.0,14.01,14.02,14.03,600,11200,4400,4200,6900,9900,3100,6800,6400,2900,2100,3700,14000,20800,7800,35700,14000,2000,5100,16700
9017.0,13.94,16647400,227127134.0,13.93,13.92,13.91,13.9,13.89,13.88,13.87,13.86,13.85,13.84,13.94,13.95,13.96,13.97,13.98,13.99,14.0,14.01,14.02,14.03,600,11200,4400,4400,6900,9900,3100,6800,6400,2900,1900,3700,13500,20800,7400,35700,14000,2000,5100,16700
9018.0,13.93,16647500,227128527.0,13.93,13.92,13.91,13.9,13.89,13.88,13.87,13.86,13.85,13.84,13.94,13.95,13.96,13.97,13.98,13.99,14.0,14.01,14.02,14.03,500,11200,4600,5200,6900,9900,3100,6800,6400,2900,1900,1700,13500,20800,7400,35700,14000,2000,5100,16700
9019.0,13.92,16648500,227142452.0,13.92,13.91,13.9,13.89,13.88,13.87,13.86,13.85,13.84,13.82,13.94,13.95,13.96,13.97,13.98,13.99,14.0,14.01,14.02,14.03,10700,4900,5200,6900,9900,3100,5500,6400,2900,5200,1900,1700,13500,20800,7400,35700,14000,1600,5100,16700
9020.0,13.92,16654900,227231548.0,13.92,13.91,13.9,13.89,13.88,13.87,13.86,13.85,13.84,13.82,13.94,13.95,13.96,13.97,13.98,13.99,14.0,14.01,14.02,14.03,7000,9900,5200,6900,9900,3100,6000,6400,2900,5200,3800,2900,13500,20800,7400,35700,14000,1600,5100,16700
9021.0,13.92,16654900,227231548.0,13.92,13.91,13.9,13.89,13.88,13.87,13.86,13.85,13.84,13.82,13.93,13.94,13.95,13.96,13.97,13.98,13.99,14.0,14.01,14.02,7000,9900,5200,6900,9900,3100,6000,6400,2900,5200,1200,3800,2900,13500,20800,7400,34700,14000,1600,5100
9022.0,13.92,16654900,227231548.0,13.92,13.91,13.9,13.89,13.88,13.87,13.86,13.85,13.84,13.82,13.93,13.94,13.95,13.96,13.97,13.98,13.99,14.0,14.01,14.02,7000,9900,5200,6900,9900,3100,6000,6400,2900,5200,1200,3800,2900,13500,20800,7400,34700,14000,1600,5100
9023.0,13.93,16655000,227232941.0,13.92,13.91,13.9,13.89,13.88,13.87,13.86,13.85,13.84,13.82,13.93,13.94,13.95,13.96,13.97,13.98,13.99,14.0,14.01,14.02,7000,10700,5200,6900,9900,3100,6000,6400,2900,5200,1100,3800,2900,13500,20800,7400,34700,14000,1600,5100
9024.0,13.92,16657800,227271918.0,13.92,13.91,13.9,13.89,13.88,13.87,13.86,13.85,13.84,13.82,13.93,13.94,13.95,13.96,13.97,13.98,13.99,14.0,14.01,14.02,4300,10700,5800,6900,9900,3100,6000,6400,2900,5200,1200,3800,2900,13500,20800,7400,34700,14000,1600,5100
9025.0,13.92,16660300,227306718.0,13.92,13.91,13.9,13.89,13.88,13.87,13.86,13.85,13.84,13.82,13.93,13.94,13.95,13.96,13.97,13.98,13.99,14.0,14.01,14.02,1800,10700,5600,6900,9900,3100,6000,6400,2900,5200,1200,3800,2900,13500,20800,7400,34700,14000,1600,5100
9026.0,13.91,16667500,227406888.0,13.91,13.9,13.89,13.88,13.87,13.86,13.85,13.84,13.82,13.81,13.93,13.94,13.95,13.96,13.97,13.98,13.99,14.0,14.01,14.02,5300,5400,7900,9900,3100,6000,6400,2900,5200,35800,1200,2300,2900,13500,20800,7400,34700,14000,1600,5100
9027.0,13.93,16667600,227408281.0,13.91,13.9,13.89,13.88,13.87,13.86,13.85,13.84,13.82,13.81,13.93,13.94,13.95,13.96,13.97,13.98,13.99,14.0,14.01,14.02,5900,5400,7900,9900,3500,6000,6300,2900,5200,35800,1700,2300,2900,13500,20800,7400,34700,14000,1600,5100
9028.0,13.93,16667600,227408281.0,13.91,13.9,13.89,13.88,13.87,13.86,13.85,13.84,13.82,13.81,13.93,13.94,13.95,13.96,13.97,13.98,13.99,14.0,14.01,14.02,8500,5400,7900,9900,3500,6000,6300,2900,5200,35800,4300,2300,2900,13500,20800,7400,34700,14000,1600,5100
9029.0,13.93,16667600,227408281.0,13.91,13.9,13.89,13.88,13.87,13.86,13.85,13.84,13.82,13.81,13.93,13.94,13.95,13.96,13.97,13.98,13.99,14.0,14.01,14.02,8500,5400,8000,9900,3500,6000,6300,2900,5200,35800,4300,2300,2900,13500,20800,7400,34700,14000,1600,5100
9030.0,13.91,16670300,227445846.0,13.91,13.9,13.89,13.88,13.87,13.86,13.85,13.84,13.82,13.81,13.93,13.94,13.95,13.96,13.97,13.98,13.99,14.0,14.01,14.02,7700,5400,10200,9900,3500,6000,6300,2900,5200,35800,5400,2300,4900,13500,18300,7400,34700,14000,1600,5100
9031.0,13.91,16674700,227507072.0,13.91,13.9,13.89,13.88,13.87,13.86,13.85,13.84,13.82,13.81,13.93,13.94,13.95,13.96,13.97,13.98,13.99,14.0,14.01,14.02,6000,5400,10200,9900,3500,6000,6300,2900,5200,35800,5900,2300,4900,13500,13400,7400,34700,14000,1600,5100
9032.0,13.91,16681400,227600291.0,13.91,13.9,13.89,13.88,13.87,13.86,13.85,13.84,13.82,13.81,13.93,13.94,13.95,13.96,13.97,13.98,13.99,14.0,14.01,14.02,400,5400,10300,9900,3500,6000,6300,2900,5200,35800,4800,2300,4900,13500,13400,7400,34700,14000,1600,5100
9033.0,13.91,16683700,227632292.0,13.91,13.9,13.89,13.88,13.87,13.86,13.85,13.84,13.82,13.81,13.93,13.94,13.95,13.96,13.97,13.98,13.99,14.0,14.01,14.02,1900,5400,10500,9900,3500,6000,5800,2900,5200,35800,7800,2300,4900,13500,13400,7400,34700,14000,1600,5100
9034.0,13.9,16687000,227678181.0,13.9,13.89,13.88,13.87,13.86,13.85,13.84,13.82,13.81,13.8,13.93,13.94,13.95,13.96,13.97,13.98,13.99,14.0,14.01,14.02,4000,10500,9900,3500,6000,5800,2900,5200,35800,15700,7800,2300,4900,13500,13400,7400,34700,14000,1600,5100
9035.0,13.9,16689000,227706001.0,13.9,13.89,13.88,13.87,13.86,13.85,13.84,13.82,13.81,13.8,13.93,13.94,13.95,13.96,13.97,13.98,13.99,14.0,14.01,14.02,4800,10500,9900,3600,6000,5800,2900,5200,35800,15700,9100,2300,4900,13500,13400,7400,34700,14000,1600,5100
9036.0,13.93,16689700,227715752.0,13.9,13.89,13.88,13.87,13.86,13.85,13.84,13.82,13.81,13.8,13.92,13.93,13.94,13.95,13.96,13.97,13.98,13.99,14.0,14.01,8600,10500,9900,3600,6200,5800,2900,5200,35800,15700,700,10100,2300,4900,13500,13400,7400,34700,12500,1600
9037.0,13.9,16689900,227718532.0,13.9,13.89,13.88,13.87,13.86,13.85,13.84,13.82,13.81,13.8,13.92,13.93,13.94,13.95,13.96,13.97,13.98,13.99,14.0,14.01,11100,10500,9900,3600,6200,5800,2900,5200,35800,15700,700,10100,2300,4900,13500,13400,7400,34700,12500,1600
9038.0,13.9,16690800,227731042.0,13.9,13.89,13.88,13.87,13.86,13.85,13.84,13.82,13.81,13.8,13.92,13.93,13.94,13.95,13.96,13.97,13.98,13.99,14.0,14.01,16600,10500,9900,3600,6200,5800,2900,5200,35800,15700,4100,10100,2300,4900,13500,13400,7400,34700,12500,1600
9039.0,13.9,16693700,227771360.0,13.9,13.89,13.88,13.87,13.86,13.85,13.84,13.82,13.81,13.8,13.92,13.93,13.94,13.95,13.96,13.97,13.98,13.99,14.0,14.01,14100,11900,9900,3600,6200,5800,2900,5200,35800,17200,3700,10100,2300,4900,13500,13400,7400,34700,12500,1600
9040.0,13.9,16694100,227776920.0,13.9,13.89,13.88,13.87,13.86,13.85,13.84,13.82,13.81,13.8,13.92,13.93,13.94,13.95,13.96,13.97,13.98,13.99,14.0,14.01,16900,11900,9900,3600,6200,5800,2900,5200,35800,17200,6400,10100,2300,4900,13500,13400,7400,34700,12500,1000
9041.0,13.9,16696800,227814450.0,13.9,13.89,13.88,13.87,13.86,13.85,13.84,13.82,13.81,13.8,13.92,13.93,13.94,13.95,13.96,13.97,13.98,13.99,14.0,14.01,14900,11900,9900,3600,6200,5800,2900,5200,35800,17000,7100,10100,2300,4900,13500,13400,7400,34700,12500,1000
9042.0,13.9,16702900,227899282.0,13.9,13.89,13.88,13.87,13.86,13.85,13.84,13.82,13.81,13.8,13.92,13.93,13.94,13.95,13.96,13.97,13.98,13.99,14.0,14.01,12200,12400,9900,3500,6200,5800,2900,5200,35800,17000,6000,10100,2300,4600,13500,13400,7400,34700,12500,1000
9043.0,13.9,16702900,227899282.0,13.9,13.89,13.88,13.87,13.86,13.85,13.84,13.82,13.81,13.8,13.92,13.93,13.94,13.95,13.96,13.97,13.98,13.99,14.0,14.01,14700,12700,9900,3500,6200,5800,2900,5200,35800,17000,8500,10100,2300,4600,13500,13400,7400,34700,12500,1000
9044.0,13.9,16707900,227968782.0,13.9,13.89,13.88,13.87,13.86,13.85,13.84,13.82,13.81,13.8,13.92,13.93,13.94,13.95,13.96,13.97,13.98,13.99,14.0,14.01,9700,12700,9900,3500,6200,5800,2900,5200,35800,17000,8500,10100,2300,4600,13500,13400,7900,34700,12500,1000
9045.0,13.9,16709300,227988256.0,13.9,13.89,13.88,13.87,13.86,13.85,13.84,13.82,13.81,13.8,13.92,13.93,13.94,13.95,13.96,13.97,13.98,13.99,14.0,14.01,10100,12700,9900,3500,6200,5800,2900,5200,35800,17000,8900,10100,2300,2100,13500,13400,7900,34700,12500,1000
9046.0,13.9,16709300,227988256.0,13.9,13.89,13.88,13.87,13.86,13.85,13.84,13.82,13.81,13.8,13.92,13.93,13.94,13.95,13.96,13.97,13.98,13.99,14.0,14.01,10800,12700,9400,3500,6200,5800,2900,5200,35800,17000,9600,10100,2300,2100,13500,13400,7900,34700,12500,1000
9047.0,13.9,16709300,227988256.0,13.9,13.89,13.88,13.87,13.86,13.85,13.84,13.82,13.81,13.8,13.92,13.93,13.94,13.95,13.96,13.97,13.98,13.99,14.0,14.01,11900,12700,9400,3500,6000,5800,2900,5200,35800,17000,10700,10100,2300,2100,13500,13400,7900,34700,12500,1000
9048.0,13.9,16710400,228003560.0,13.9,13.89,13.88,13.87,13.86,13.85,13.84,13.82,13.81,13.8,13.92,13.93,13.94,13.95,13.96,13.97,13.98,13.99,14.0,14.01,11500,12700,9400,3500,6000,5800,2900,5200,35800,17000,10000,10100,2300,2100,13500,13400,7900,34700,12500,1000
9049.0,13.9,16711700,228021630.0,13.9,13.89,13.88,13.87,13.86,13.85,13.84,13.82,13.81,13.8,13.92,13.93,13.94,13.95,13.96,13.97,13.98,13.99,14.0,14.01,11000,12700,9400,3500,6000,5800,2900,5200,35800,17000,10700,10100,2300,2100,13500,13400,7900,34700,12500,1000
9050.0,13.9,16711700,228021630.0,13.9,13.89,13.88,13.87,13.86,13.85,13.84,13.82,13.81,13.8,13.92,13.93,13.94,13.95,13.96,13.97,13.98,13.99,14.0,14.01,12100,12700,9400,3500,6000,5800,2900,5200,35800,17000,11800,10100,2300,2100,13500,13300,7900,34700,12500,1000
9051.0,13.92,16712400,228031374.0,13.9,13.89,13.88,13.87,13.86,13.85,13.84,13.82,13.81,13.8,13.92,13.93,13.94,13.95,13.96,13.97,13.98,13.99,14.0,14.01,12100,12700,9400,3500,6000,5800,2900,5200,35800,17000,11800,10100,2300,2100,13500,13300,7900,34700,12200,1000
9052.0,13.9,16713500,228046664.0,13.9,13.89,13.88,13.87,13.86,13.85,13.84,13.82,13.81,13.8,13.92,13.93,13.94,13.95,13.96,13.97,13.98,13.99,14.0,14.01,12800,12800,9400,3500,6000,5800,2900,5200,35800,17000,12900,10100,2300,2100,13500,11500,7900,34700,12200,1000
9053.0,13.9,16717300,228099512.0,13.9,13.89,13.88,13.87,13.86,13.85,13.84,13.82,13.81,13.8,13.92,13.93,13.94,13.95,13.96,13.97,13.98,13.99,14.0,14.01,10400,12800,10400,3500,6000,5800,2900,5200,35800,17000,11500,10100,2300,2100,13500,11500,7900,34700,12200,1000
9054.0,13.9,16720800,228148162.0,13.9,13.89,13.88,13.87,13.86,13.85,13.84,13.83,13.82,13.81,13.92,13.93,13.94,13.95,13.96,13.97,13.98,13.99,14.0,14.01,7600,12800,11800,3800,6000,5800,2900,1000,5200,35800,12200,10100,2300,2100,13500,11500,7900,34700,12200,1000
9055.0,13.92,16721500,228157906.0,13.9,13.89,13.88,13.87,13.86,13.85,13.84,13.83,13.82,13.81,13.92,13.93,13.94,13.95,13.96,13.97,13.98,13.99,14.0,14.01,8700,12800,11800,4300,6000,5800,2900,1000,5200,35800,12600,10100,2300,2100,13500,11500,7900,34700,12200,1000
9056.0,13.9,16727000,228234370.0,13.9,13.89,13.88,13.87,13.86,13.85,13.84,13.83,13.82,13.81,13.92,13.93,13.94,13.95,13.96,13.97,13.98,13.99,14.0,14.01,4400,14000,11800,4300,6000,5800,2900,1000,5200,35800,11900,10100,2300,2100,13500,11500,7900,34700,12200,1000
9057.0,13.9,16728200,228251050.0,13.9,13.89,13.88,13.87,13.86,13.85,13.84,13.83,13.82,13.81,13.92,13.93,13.94,13.95,13.96,13.97,13.98,13.99,14.0,14.01,5200,14000,11800,4300,6000,5800,7900,1000,5200,35800,13900,10100,2300,2100,13500,11500,7900,34700,12200,1000
9058.0,13.92,16728900,228260794.0,13.9,13.89,13.88,13.87,13.86,13.85,13.84,13.83,13.82,13.81,13.92,13.93,13.94,13.95,13.96,13.97,13.98,13.99,14.0,14.01,5200,14000,14400,4300,4700,5800,7900,1000,5200,35800,13200,10100,2300,2100,13500,11500,7900,34700,12200,1000
9059.0,13.9,16729400,228267744.0,13.9,13.89,13.88,13.87,13.86,13.85,13.84,13.83,13.82,13.81,13.92,13.93,13.94,13.95,13.96,13.97,13.98,13.99,14.0,14.01,5500,14000,14500,4300,4700,5800,7900,1000,5200,35800,17800,10100,2300,2100,13500,11500,7900,34700,12200,1000
9060.0,13.9,16729700,228271914.0,13.9,13.89,13.88,13.87,13.86,13.85,13.84,13.83,13.82,13.81,13.92,13.93,13.94,13.95,13.96,13.97,13.98,13.99,14.0,14.01,5200,14000,14500,4300,4700,5800,7900,1000,7400,35800,17800,10100,2300,2100,13500,11500,7900,33600,12200,1000
9061.0,13.9,16734300,228335868.0,13.9,13.89,13.88,13.87,13.86,13.85,13.84,13.83,13.82,13.81,13.92,13.93,13.94,13.95,13.96,13.97,13.98,13.99,14.0,14.01,1300,14000,14400,4300,4700,5800,7900,1100,7400,35800,17100,10100,2300,2100,13500,11500,7900,33600,12200,1000
9062.0,13.9,16736400,228365058.0,13.89,13.88,13.87,13.86,13.85,13.84,13.83,13.82,13.81,13.8,13.92,13.93,13.94,13.95,13.96,13.97,13.98,13.99,14.0,14.01,14000,14500,4200,4700,5800,7900,1100,7400,35800,17000,17900,10100,2300,2100,13500,11500,7900,33600,12200,1000
9063.0,13.9,16736400,228365058.0,13.89,13.88,13.87,13.86,13.85,13.84,13.83,13.82,13.81,13.8,13.92,13.93,13.94,13.95,13.96,13.97,13.98,13.99,14.0,14.01,16000,14600,4200,4700,5800,7900,1100,9900,35800,18000,19900,10100,2300,2100,13500,11500,7900,33600,12200,1000
9064.0,13.89,16743000,228456753.0,13.89,13.88,13.87,13.86,13.85,13.84,13.83,13.82,13.81,13.8,13.9,13.92,13.93,13.94,13.95,13.96,13.97,13.98,13.99,14.0,12200,14900,4200,4700,5800,7900,1100,9900,35800,18000,700,21200,10100,2300,2100,13500,11500,7900,33600,12200
9065.0,13.89,16744300,228474811.0,13.89,13.88,13.87,13.86,13.85,13.84,13.83,13.82,13.81,13.8,13.9,13.92,13.93,13.94,13.95,13.96,13.97,13.98,13.99,14.0,11000,15700,4200,4700,5800,7900,1300,9900,35800,19200,600,21200,10100,2300,2100,13500,11500,7900,33600,12200
9066.0,13.89,16745100,228485923.0,13.89,13.88,13.87,13.86,13.85,13.84,13.83,13.82,13.81,13.8,13.9,13.92,13.93,13.94,13.95,13.96,13.97,13.98,13.99,14.0,10200,15800,4200,4700,5800,7900,1300,9900,35800,19200,600,21200,10100,2300,2100,13500,10800,7900,33600,12200
9067.0,13.89,16746300,228502591.0,13.89,13.88,13.87,13.86,13.85,13.84,13.83,13.82,13.81,13.8,13.9,13.92,13.93,13.94,13.95,13.96,13.97,13.98,13.99,14.0,9000,16100,4200,4700,5800,7900,1300,9900,35800,19200,600,20900,10100,2300,2100,13500,10800,7900,33600,12200
9068.0,13.89,16747200,228515092.0,13.89,13.88,13.87,13.86,13.85,13.84,13.83,13.82,13.81,13.8,13.9,13.92,13.93,13.94,13.95,13.96,13.97,13.98,13.99,14.0,8100,16600,4200,4700,5800,7900,1300,9900,35800,19200,1000,20900,10100,2300,2100,13500,10800,7900,33600,12200
9069.0,13.89,16748200,228528982.0,13.89,13.88,13.87,13.86,13.85,13.84,13.83,13.82,13.81,13.8,13.9,13.92,13.93,13.94,13.95,13.96,13.97,13.98,13.99,14.0,8500,16600,4400,4700,5800,7900,1300,9900,35800,19200,2000,20900,10100,2300,2100,13500,10800,7900,33600,12200
9070.0,13.88,16763600,228742827.0,13.88,13.87,13.86,13.85,13.84,13.83,13.82,13.81,13.8,13.79,13.9,13.92,13.93,13.94,13.95,13.96,13.97,13.98,13.99,14.0,10500,4400,4700,5900,7900,1300,9900,37800,19200,800,1800,20900,10100,2300,2100,13500,10800,7900,33600,12200
9071.0,13.89,16763700,228744216.0,13.89,13.88,13.87,13.86,13.85,13.84,13.83,13.82,13.81,13.8,13.9,13.92,13.93,13.94,13.95,13.96,13.97,13.98,13.99,14.0,100,11400,4400,4700,5900,7900,1300,9900,37800,19200,2700,20900,10100,2300,2100,13500,5800,7900,33600,12200
9072.0,13.9,16764300,228752555.0,13.88,13.87,13.86,13.85,13.84,13.83,13.82,13.81,13.8,13.79,13.9,13.92,13.93,13.94,13.95,13.96,13.97,13.98,13.99,14.0,11400,4400,4700,5900,2900,1300,9900,37800,19200,800,2200,20900,10100,2300,2100,13500,5800,7900,33600,12200
9073.0,13.88,16765800,228773379.0,13.88,13.87,13.86,13.85,13.84,13.83,13.82,13.81,13.8,13.79,13.9,13.92,13.93,13.94,13.95,13.96,13.97,13.98,13.99,14.0,10600,4400,4700,5900,2900,1300,9900,37800,19200,800,2000,20900,10100,2300,2100,13500,5800,7900,33600,12200
9074.0,13.9,16767200,228792825.0,13.88,13.87,13.86,13.85,13.84,13.83,13.82,13.81,13.8,13.79,13.9,13.92,13.93,13.94,13.95,13.96,13.97,13.98,13.99,14.0,10800,5100,4700,5900,2900,1300,9900,37700,19200,800,2200,20900,10100,2300,2100,13000,5800,7900,33600,12200
9075.0,13.88,16769400,228823361.0,13.88,13.87,13.86,13.85,13.84,13.83,13.82,13.81,13.8,13.79,13.9,13.92,13.93,13.94,13.95,13.96,13.97,13.98,13.99,14.0,9000,5100,4700,5900,2900,1300,9900,37700,19200,800,2200,20900,10100,2300,2100,13000,5800,7900,33600,12100
9076.0,13.88,16770100,228833089.0,13.88,13.87,13.86,13.85,13.84,13.83,13.82,13.81,13.8,13.79,13.9,13.92,13.93,13.94,13.95,13.96,13.97,13.98,13.99,14.0,8900,5100,4700,7900,2900,1300,9900,37700,19200,800,1600,20900,10100,2300,2100,13000,5800,7900,33600,12100
9077.0,13.9,16770400,228837259.0,13.88,13.87,13.86,13.85,13.84,13.83,13.82,13.81,13.8,13.79,13.9,13.92,13.93,13.94,13.95,13.96,13.97,13.98,13.99,14.0,9800,5100,7700,7900,2900,1300,11700,37700,19200,800,2200,20900,10100,2300,2100,13000,5800,7900,33600,12100
9078.0,13.88,16770500,228838647.0,13.88,13.87,13.86,13.85,13.84,13.83,13.82,13.81,13.8,13.79,13.9,13.92,13.93,13.94,13.95,13.96,13.97,13.98,13.99,14.0,9700,5300,7700,7900,2900,1300,11700,37700,19200,800,2200,20900,10100,2300,2100,13000,5800,7900,33600,12100
9079.0,13.9,16770700,228841427.0,13.88,13.87,13.86,13.85,13.84,13.83,13.82,13.81,13.8,13.79,13.9,13.92,13.93,13.94,13.95,13.96,13.97,13.98,13.99,14.0,10500,5300,8100,7900,2900,1300,11700,37700,19200,800,2800,21200,10100,2300,2100,13000,5800,7900,33600,12100
9080.0,13.9,16770700,228841427.0,13.88,13.87,13.86,13.85,13.84,13.83,13.82,13.81,13.8,13.79,13.9,13.92,13.93,13.94,13.95,13.96,13.97,13.98,13.99,14.0,10500,5600,8100,7900,2900,1300,11700,37700,19200,800,2800,21200,10100,2300,2100,13000,5800,7900,33600,9500
9081.0,13.9,16771600,228853923.0,13.88,13.87,13.86,13.85,13.84,13.83,13.82,13.81,13.8,13.79,13.9,13.92,13.93,13.94,13.95,13.96,13.97,13.98,13.99,14.0,9800,5600,8100,7900,3900,1800,11900,37700,19200,800,2600,21200,10100,2300,2100,13000,5800,7900,33600,9500
9082.0,13.88,16772000,228859475.0,13.88,13.87,13.86,13.85,13.84,13.83,13.82,13.81,13.8,13.79,13.9,13.92,13.93,13.94,13.95,13.96,13.97,13.98,13.99,14.0,10200,5600,8100,7900,3900,1800,11900,38900,19200,800,3400,21200,10100,2300,2100,13000,5800,7900,33600,9500
9083.0,13.88,16773000,228873355.0,13.88,13.87,13.86,13.85,13.84,13.83,13.82,13.81,13.8,13.79,13.9,13.92,13.93,13.94,13.95,13.96,13.97,13.98,13.99,14.0,9200,5600,8100,7900,3900,1800,11900,38900,19200,800,3400,21200,10100,2300,2100,13000,5800,7900,33600,9500
9084.0,13.9,16773300,228877525.0,13.88,13.87,13.86,13.85,13.84,13.83,13.82,13.81,13.8,13.79,13.9,13.92,13.93,13.94,13.95,13.96,13.97,13.98,13.99,14.0,10000,5600,8100,7900,3900,1800,11900,38900,19200,800,3900,21200,10100,2300,2100,13000,5800,7900,33600,9500
9085.0,13.88,16774700,228896957.0,13.88,13.87,13.86,13.85,13.84,13.83,13.82,13.81,13.8,13.79,13.9,13.92,13.93,13.94,13.95,13.96,13.97,13.98,13.99,14.0,8600,5600,8100,7900,3900,1800,12200,38900,19200,800,3900,21200,10100,2300,2100,13000,5800,7900,33600,9500
9086.0,13.88,16774700,228896957.0,13.88,13.87,13.86,13.85,13.84,13.83,13.82,13.81,13.8,13.79,13.9,13.92,13.93,13.94,13.95,13.96,13.97,13.98,13.99,14.0,9400,5600,8100,7900,3900,2100,12700,38900,19400,800,4700,17700,13100,2300,2100,13000,5800,7900,33600,9500
9087.0,13.88,16776600,228923355.0,13.88,13.87,13.86,13.85,13.84,13.83,13.82,13.81,13.8,13.79,13.9,13.92,13.93,13.94,13.95,13.96,13.97,13.98,13.99,14.0,8800,5600,8100,7900,3900,2100,12700,39300,19400,800,3400,17700,13100,2300,2100,13000,5800,7900,33600,9500
9088.0,13.87,16789400,229100979.0,13.87,13.86,13.85,13.84,13.83,13.82,13.81,13.8,13.79,13.78,13.9,13.92,13.93,13.94,13.95,13.96,13.97,13.98,13.99,14.0,1600,8100,7900,3900,4100,12700,39300,19400,800,11100,4100,17700,13100,2300,2100,13000,5800,7900,33600,9500
9089.0,13.87,16789400,229100979.0,13.88,13.87,13.86,13.85,13.84,13.83,13.82,13.81,13.8,13.79,13.9,13.92,13.93,13.94,13.95,13.96,13.97,13.98,13.99,14.0,700,4300,8100,7900,3900,4100,12700,39300,19400,800,6800,17700,13100,2300,2100,13000,5800,7900,33600,9500
9090.0,13.9,16790000,229109319.0,13.88,13.87,13.86,13.85,13.84,13.83,13.82,13.81,13.8,13.79,13.9,13.92,13.93,13.94,13.95,13.96,13.97,13.98,13.99,14.0,700,4300,8100,9500,3900,4600,13700,37300,19700,800,6200,17700,13100,2300,2100,13000,5800,7900,33600,9500
9091.0,13.88,16790300,229113483.0,13.88,13.87,13.86,13.85,13.84,13.83,13.82,13.81,13.8,13.79,13.9,13.92,13.93,13.94,13.95,13.96,13.97,13.98,13.99,14.0,400,4300,8100,14500,3900,4600,13700,37300,19400,800,6200,17700,13100,2300,2100,13000,5800,7900,33600,8500
9092.0,13.87,16792500,229144037.0,13.87,13.86,13.85,13.84,13.83,13.82,13.81,13.8,13.79,13.78,13.9,13.92,13.93,13.94,13.95,13.96,13.97,13.98,13.99,14.0,4700,15400,14500,3900,4600,15300,37300,19400,800,11100,5000,17700,13100,2300,2100,13000,5800,7900,33600,8500
9093.0,13.87,16798000,229220337.0,13.87,13.86,13.85,13.84,13.83,13.82,13.81,13.8,13.79,13.78,13.9,13.92,13.93,13.94,13.95,13.96,13.97,13.98,13.99,14.0,3000,16000,14600,3900,4600,15300,37300,19400,800,11100,12800,17700,13100,2300,2100,13000,5800,7900,33600,8500
9094.0,13.87,16798300,229224498.0,13.87,13.86,13.85,13.84,13.83,13.82,13.81,13.8,13.79,13.78,13.9,13.92,13.93,13.94,13.95,13.96,13.97,13.98,13.99,14.0,2700,16000,14600,3900,4600,15300,37300,19400,800,11100,12800,17700,13100,2300,2100,13000,5800,7900,33600,8500
9095.0,13.87,16799700,229243916.0,13.87,13.86,13.85,13.84,13.83,13.82,13.81,13.8,13.79,13.78,13.9,13.92,13.93,13.94,13.95,13.96,13.97,13.98,13.99,14.0,6000,16000,14600,3900,4600,15300,37300,19400,800,11100,14500,17700,13100,2300,2100,13000,5800,7900,33600,8500
9096.0,13.9,16800400,229253646.0,13.87,13.86,13.85,13.84,13.83,13.82,13.81,13.8,13.79,13.78,13.9,13.92,13.93,13.94,13.95,13.96,13.97,13.98,13.99,14.0,7600,16000,14600,3900,4600,15300,37300,19400,800,11100,15400,17700,13100,2300,2100,13000,5800,7900,33600,8500
9097.0,13.86,16825600,229603003.0,13.85,13.84,13.83,13.82,13.81,13.8,13.79,13.78,13.77,13.76,13.86,13.9,13.92,13.93,13.94,13.95,13.96,13.97,13.98,13.99,14600,3900,4600,15300,37300,19700,800,11100,2300,5700,35300,16300,17700,13100,2300,2100,13000,5800,7900,33600
9098.0,13.85,16828700,229645959.0,13.85,13.84,13.83,13.82,13.81,13.8,13.79,13.78,13.77,13.76,13.86,13.9,13.92,13.93,13.94,13.95,13.96,13.97,13.98,13.99,13600,3900,4600,15300,37300,19700,800,11100,2300,5700,33200,16300,17700,13100,2300,2100,13000,5800,7900,33600
9099.0,13.85,16831500,229684746.0,13.85,13.84,13.83,13.82,13.81,13.8,13.79,13.78,13.77,13.76,13.86,13.9,13.92,13.93,13.94,13.95,13.96,13.97,13.98,13.99,11500,3900,4600,15300,37300,20000,800,11100,2300,5700,32500,16300,17700,13100,2300,2100,13000,5800,7900,33600
9100.0,13.85,16833300,229709676.0,13.85,13.84,13.83,13.82,13.81,13.8,13.79,13.78,13.77,13.76,13.86,13.9,13.92,13.93,13.94,13.95,13.96,13.97,13.98,13.99,9700,3900,4600,15300,37300,20000,800,11100,2300,5700,32500,16300,17700,13100,2300,2100,13000,5800,7900,33600
9101.0,13.86,16834200,229722150.0,13.85,13.84,13.83,13.82,13.81,13.8,13.79,13.78,13.77,13.76,13.86,13.9,13.92,13.93,13.94,13.95,13.96,13.97,13.98,13.99,11000,3900,4600,15300,37300,20000,800,11100,2300,5700,31600,16300,17700,13100,2300,2100,13000,5800,7900,33600
9102.0,13.85,16835200,229736000.0,13.85,13.84,13.83,13.82,13.81,13.8,13.79,13.78,13.77,13.76,13.86,13.9,13.92,13.93,13.94,13.95,13.96,13.97,13.98,13.99,10000,3900,4600,15300,37300,20000,800,11100,2300,5700,31600,16300,17800,13100,2300,2100,13000,5800,7900,33600
9103.0,13.85,16835900,229745695.0,13.85,13.84,13.83,13.82,13.81,13.8,13.79,13.78,13.77,13.76,13.86,13.9,13.92,13.93,13.94,13.95,13.96,13.97,13.98,13.99,9200,3900,4600,15300,37300,20000,800,11100,2300,5700,31600,16300,17800,13100,2300,2100,13000,5400,7900,33600
9104.0,13.85,16838100,229776172.0,13.85,13.84,13.83,13.82,13.81,13.8,13.79,13.78,13.77,13.76,13.86,13.9,13.92,13.93,13.94,13.95,13.96,13.97,13.98,13.99,6400,3900,4600,15300,37300,20000,800,11100,2300,5700,30900,16300,17800,13100,2300,2100,13000,5400,7900,33600
9105.0,13.85,16843100,229845422.0,13.85,13.84,13.83,13.82,13.81,13.8,13.79,13.78,13.77,13.76,13.86,13.9,13.92,13.93,13.94,13.95,13.96,13.97,13.98,13.99,1400,3900,4600,15300,37300,20000,800,11100,2300,5700,30900,16300,17800,13100,2300,2100,13000,5400,7900,33600
9106.0,13.86,16843500,229850966.0,13.85,13.84,13.83,13.82,13.81,13.8,13.79,13.78,13.77,13.76,13.86,13.9,13.92,13.93,13.94,13.95,13.96,13.97,13.98,13.99,1400,3900,4600,15300,37300,20000,800,11100,2300,5700,30500,16300,17800,13100,2300,2100,13000,5400,7900,33600
9107.0,13.85,16845500,229878673.0,13.85,13.84,13.83,13.82,13.81,13.8,13.79,13.78,13.77,13.76,13.86,13.9,13.92,13.93,13.94,13.95,13.96,13.97,13.98,13.99,100,4200,5600,15300,37300,20000,800,11100,2300,5700,29800,16300,17800,13100,2300,2100,13000,5400,7900,33600
9108.0,13.85,16845500,229878673.0,13.85,13.84,13.83,13.82,13.81,13.8,13.79,13.78,13.77,13.76,13.86,13.9,13.92,13.93,13.94,13.95,13.96,13.97,13.98,13.99,100,4200,5600,15300,37300,21100,800,11100,2300,5700,29800,16300,17800,13100,2300,2100,13000,5400,7900,33600
9109.0,13.86,16847000,229899463.0,13.85,13.84,13.83,13.82,13.81,13.8,13.79,13.78,13.77,13.76,13.86,13.9,13.92,13.93,13.94,13.95,13.96,13.97,13.98,13.99,100,4200,10200,15300,37300,21100,800,11100,2300,5700,28300,16300,17800,13100,2300,2100,13000,5400,7900,33600
9110.0,13.86,16847700,229909165.0,13.85,13.84,13.83,13.82,13.81,13.8,13.79,13.78,13.77,13.76,13.86,13.9,13.92,13.93,13.94,13.95,13.96,13.97,13.98,13.99,100,4200,11000,15300,37300,21100,800,11100,2300,5700,29600,16300,17800,13100,2300,2100,13000,5400,7900,33600
9111.0,13.85,16847800,229910550.0,13.84,13.83,13.82,13.81,13.8,13.79,13.78,13.77,13.76,13.75,13.85,13.86,13.9,13.92,13.93,13.94,13.95,13.96,13.97,13.98,4200,11000,15300,37300,21100,800,11100,2300,5700,2700,1500,29600,16300,17800,13100,2300,2100,13000,5400,7900
9112.0,13.85,16848800,229924400.0,13.84,13.83,13.82,13.81,13.8,13.79,13.78,13.77,13.76,13.75,13.85,13.86,13.9,13.92,13.93,13.94,13.95,13.96,13.97,13.98,4200,11000,15300,37300,21100,800,11100,2300,5700,2700,500,29600,16300,17800,13100,2300,2100,13000,5400,7900
9113.0,13.85,16848900,229925785.0,13.84,13.83,13.82,13.81,13.8,13.79,13.78,13.77,13.76,13.75,13.85,13.86,13.9,13.92,13.93,13.94,13.95,13.96,13.97,13.98,4200,11200,15300,37300,21100,800,11100,2300,5700,2700,400,29600,16300,17800,13100,2300,2100,13000,5400,7900
9114.0,13.85,16848900,229925785.0,13.84,13.83,13.82,13.81,13.8,13.79,13.78,13.77,13.76,13.75,13.85,13.86,13.9,13.92,13.93,13.94,13.95,13.96,13.97,13.98,4300,11200,15300,37300,21100,800,11100,2300,5700,2700,400,29600,16300,17800,13100,2300,2100,13000,5400,7900
9115.0,13.85,16848900,229925785.0,13.84,13.83,13.82,13.81,13.8,13.79,13.78,13.77,13.76,13.75,13.85,13.86,13.9,13.92,13.93,13.94,13.95,13.96,13.97,13.98,4300,11300,15300,37300,21100,800,11100,2300,5700,2700,400,29600,16300,17800,13100,2300,2100,13000,5400,7900
9116.0,13.85,16848900,229925785.0,13.84,13.83,13.82,13.81,13.8,13.79,13.78,13.77,13.76,13.75,13.85,13.86,13.9,13.92,13.93,13.94,13.95,13.96,13.97,13.98,7000,11300,15300,37300,21100,800,11100,2300,5700,2700,2000,29600,16300,17800,13100,2300,2100,13000,5400,7900
9117.0,13.85,16849700,229936858.0,13.84,13.83,13.82,13.81,13.8,13.79,13.78,13.77,13.76,13.75,13.85,13.86,13.9,13.92,13.93,13.94,13.95,13.96,13.97,13.98,6300,11300,15300,37500,21100,800,11100,2300,5700,2700,1900,29600,16300,17800,13100,2300,2100,13000,5400,7900
9118.0,13.85,16851600,229963173.0,13.84,13.83,13.82,13.81,13.8,13.79,13.78,13.77,13.76,13.75,13.85,13.86,13.89,13.9,13.92,13.93,13.94,13.95,13.96,13.97,6300,11300,15300,37900,21100,800,11100,2300,5700,2700,100,29600,600,16300,17800,13100,2300,2100,13000,5400
9119.0,13.85,16851600,229963173.0,13.84,13.83,13.82,13.81,13.8,13.79,13.78,13.77,13.76,13.75,13.85,13.86,13.89,13.9,13.92,13.93,13.94,13.95,13.96,13.97,6300,12200,15300,37900,21100,800,11100,2300,5700,2700,100,29600,600,16300,17800,13100,2300,2100,13000,5400
9120.0,13.84,16852200,229971477.0,13.84,13.83,13.82,13.81,13.8,13.79,13.78,13.77,13.76,13.75,13.85,13.86,13.89,13.9,13.92,13.93,13.94,13.95,13.96,13.97,5700,12200,15300,37900,21100,800,11100,2300,5700,2600,100,29600,600,16300,17800,13100,2300,2100,13000,5400
9121.0,13.84,16852200,229971477.0,13.84,13.83,13.82,13.81,13.8,13.79,13.78,13.77,13.76,13.75,13.85,13.86,13.89,13.9,13.92,13.93,13.94,13.95,13.96,13.97,5700,12200,15300,37900,19600,800,11100,2300,5700,2600,100,29600,600,16300,17800,13100,2300,2100,13000,5400
9122.0,13.84,16852200,229971477.0,13.84,13.83,13.82,13.81,13.8,13.79,13.78,13.77,13.76,13.75,13.85,13.86,13.89,13.9,13.92,13.93,13.94,13.95,13.96,13.97,6000,12200,15300,37900,19600,800,11100,2300,5700,2600,100,29600,600,16300,17800,13100,2300,2100,13000,5400
9123.0,13.84,16853200,229985317.0,13.84,13.83,13.82,13.81,13.8,13.79,13.78,13.77,13.76,13.75,13.85,13.86,13.89,13.9,13.92,13.93,13.94,13.95,13.96,13.97,5000,12200,15300,37900,19600,800,11100,2300,5700,2600,100,29600,600,16300,17800,13100,2300,2100,13000,5400
9124.0,13.85,16853800,229993622.0,13.85,13.84,13.83,13.82,13.81,13.8,13.79,13.78,13.77,13.76,13.86,13.89,13.9,13.92,13.93,13.94,13.95,13.96,13.97,13.98,900,4700,12200,15300,37900,19600,800,11100,2300,5700,29600,600,16300,17800,13100,2300,2100,13000,5400,7900
9125.0,13.86,16854500,230003324.0,13.85,13.84,13.83,13.82,13.81,13.8,13.79,13.78,13.77,13.76,13.86,13.89,13.9,13.92,13.93,13.94,13.95,13.96,13.97,13.98,1500,5700,12200,15300,37900,19600,800,11100,2300,5700,28900,600,16300,17800,13100,2300,2100,13000,5400,7900
9126.0,13.86,16855500,230017184.0,13.85,13.84,13.83,13.82,13.81,13.8,13.79,13.78,13.77,13.76,13.86,13.89,13.9,13.92,13.93,13.94,13.95,13.96,13.97,13.98,1500,5700,12200,15300,37900,19600,800,11100,2300,5700,27900,600,16300,17800,13100,2300,2100,13000,5400,7900
9127.0,13.85,16857000,230037959.0,13.84,13.83,13.82,13.81,13.8,13.79,13.78,13.77,13.76,13.75,13.85,13.86,13.89,13.9,13.92,13.93,13.94,13.95,13.96,13.97,6700,12200,15300,37900,19600,800,11100,2300,5700,2600,700,27900,600,16300,17800,13100,2300,2100,13000,5400
9128.0,13.85,16857000,230037959.0,13.84,13.83,13.82,13.81,13.8,13.79,13.78,13.77,13.76,13.75,13.85,13.86,13.89,13.9,13.92,13.93,13.94,13.95,13.96,13.97,6700,14000,15300,37900,19600,800,11100,2300,8700,2600,1500,28000,600,16300,17800,13100,2300,2100,13000,5400
9129.0,13.85,16857000,230037959.0,13.84,13.83,13.82,13.81,13.8,13.79,13.78,13.77,13.76,13.75,13.85,13.86,13.89,13.9,13.92,13.93,13.94,13.95,13.96,13.97,6700,14000,15300,37900,19600,800,11100,2300,8700,2600,1500,28000,600,16300,17800,13100,2300,2100,13000,5400
9130.0,13.84,16860500,230086399.0,13.84,13.83,13.82,13.81,13.8,13.79,13.78,13.77,13.76,13.75,13.85,13.86,13.89,13.9,13.92,13.93,13.94,13.95,13.96,13.97,3200,14000,15300,37900,19700,800,11100,2300,8700,2600,1500,28000,600,16300,17800,13100,2300,2100,13000,5400
9131.0,13.85,16861800,230104401.0,13.84,13.83,13.82,13.81,13.8,13.79,13.78,13.77,13.76,13.75,13.85,13.86,13.89,13.9,13.92,13.93,13.94,13.95,13.96,13.97,2900,14000,15300,37900,19700,800,11100,2300,8700,2600,600,28000,600,16300,17800,13100,2300,2100,13000,5400
9132.0,13.84,16863100,230122400.0,13.85,13.84,13.83,13.82,13.81,13.8,13.79,13.78,13.77,13.76,13.86,13.89,13.9,13.92,13.93,13.94,13.95,13.96,13.97,13.98,200,2300,14000,15300,37900,19800,800,11100,2300,8700,28000,600,16300,17800,13100,2300,2100,13000,5400,7900
9133.0,13.86,16863800,230132102.0,13.85,13.84,13.83,13.82,13.81,13.8,13.79,13.78,13.77,13.76,13.86,13.89,13.9,13.92,13.93,13.94,13.95,13.96,13.97,13.98,200,2300,14000,15300,37900,19800,800,11100,2300,8700,27300,600,16300,17800,13100,2300,2100,13000,5400,7900
9134.0,13.86,16863800,230132102.0,13.85,13.84,13.83,13.82,13.81,13.8,13.79,13.78,13.77,13.76,13.86,13.89,13.9,13.92,13.93,13.94,13.95,13.96,13.97,13.98,700,2300,14000,15300,37900,15500,800,11100,2300,8700,27300,600,16300,17800,13100,2300,2100,13000,5400,7900
9135.0,13.85,16864000,230134872.0,13.85,13.84,13.83,13.82,13.81,13.8,13.79,13.78,13.77,13.76,13.86,13.89,13.9,13.92,13.93,13.94,13.95,13.96,13.97,13.98,500,2300,14000,15300,37900,15500,800,11100,2300,8700,27300,600,16300,17800,13100,2300,2100,13000,5400,7900
9136.0,13.86,16864700,230144574.0,13.85,13.84,13.83,13.82,13.81,13.8,13.79,13.78,13.77,13.76,13.86,13.89,13.9,13.92,13.93,13.94,13.95,13.96,13.97,13.98,600,2300,14000,15300,37900,15500,800,11100,2300,8700,26600,600,16300,17800,13100,2300,2100,13000,5400,7900
9137.0,13.86,16864700,230144574.0,13.85,13.84,13.83,13.82,13.81,13.8,13.79,13.78,13.77,13.76,13.86,13.89,13.9,13.92,13.93,13.94,13.95,13.96,13.97,13.98,1000,2300,14500,15300,37900,15500,800,11100,2300,8700,26600,600,16300,17800,13100,2300,2100,13000,5400,7900
9138.0,13.85,16864800,230145959.0,13.85,13.84,13.83,13.82,13.81,13.8,13.79,13.78,13.77,13.76,13.86,13.89,13.9,13.92,13.93,13.94,13.95,13.96,13.97,13.98,900,2700,14500,15300,37900,15500,800,11100,2300,8700,26600,600,16300,17800,13100,2300,2100,13000,5400,7900
9139.0,13.86,16865500,230155661.0,13.85,13.84,13.83,13.82,13.81,13.8,13.79,13.78,13.77,13.76,13.86,13.89,13.9,13.92,13.93,13.94,13.95,13.96,13.97,13.98,1500,2900,14500,15300,37900,15500,800,11100,2300,8700,25900,600,16300,17800,13100,2300,2100,13000,5400,7900
9140.0,13.85,16865800,230159817.0,13.85,13.84,13.83,13.82,13.81,13.8,13.79,13.78,13.77,13.76,13.86,13.89,13.9,13.92,13.93,13.94,13.95,13.96,13.97,13.98,1500,2900,14500,15300,37900,15500,800,11100,2300,8700,25800,600,16300,17800,13100,2300,2100,13000,5400,7900
9141.0,13.85,16865800,230159817.0,13.85,13.84,13.83,13.82,13.81,13.8,13.79,13.78,13.77,13.76,13.86,13.89,13.9,13.92,13.93,13.94,13.95,13.96,13.97,13.98,1600,3300,14500,15300,37900,15500,800,11100,2300,8700,25800,600,16300,17800,13100,2300,2100,13000,5400,7900
9142.0,13.86,16868100,230191695.0,13.85,13.84,13.83,13.82,13.81,13.8,13.79,13.78,13.77,13.76,13.86,13.89,13.9,13.92,13.93,13.94,13.95,13.96,13.97,13.98,2600,3400,14500,15300,37900,15500,800,11100,2300,8700,23500,600,16300,17800,13100,2300,2100,13000,5400,7900
9143.0,13.86,16868100,230191695.0,13.85,13.84,13.83,13.82,13.81,13.8,13.79,13.78,13.77,13.76,13.86,13.89,13.9,13.92,13.93,13.94,13.95,13.96,13.97,13.98,2800,3400,14000,15300,37900,15500,800,11100,2300,8700,23500,600,16300,17800,13100,2300,2100,13000,5400,7900
9144.0,13.86,16868100,230191695.0,13.85,13.84,13.83,13.82,13.81,13.8,13.79,13.78,13.77,13.76,13.86,13.89,13.9,13.92,13.93,13.94,13.95,13.96,13.97,13.98,2800,3400,14000,15300,37900,17700,800,11100,2300,8700,23500,600,16300,17800,13100,2300,2100,13000,5400,7900
9145.0,13.86,16868800,230201397.0,13.85,13.84,13.83,13.82,13.81,13.8,13.79,13.78,13.77,13.76,13.86,13.89,13.9,13.92,13.93,13.94,13.95,13.96,13.97,13.98,2800,3700,14800,15300,37900,17700,800,11100,2300,8700,22800,600,16300,17800,13100,2300,2100,13000,5400,7900
9146.0,13.86,16869500,230211099.0,13.85,13.84,13.83,13.82,13.81,13.8,13.79,13.78,13.77,13.76,13.86,13.89,13.9,13.92,13.93,13.94,13.95,13.96,13.97,13.98,2900,3700,14800,15300,37900,17700,800,11100,2300,8700,22100,600,16300,17800,13100,2300,2100,13000,5400,7900
9147.0,13.85,16869600,230212484.0,13.85,13.84,13.83,13.82,13.81,13.8,13.79,13.78,13.77,13.76,13.86,13.89,13.9,13.92,13.93,13.94,13.95,13.96,13.97,13.98,2800,3700,14800,15100,37900,17700,800,11100,2300,8700,22100,600,16300,17800,13100,2300,2100,13000,5400,7900
9148.0,13.85,16871000,230231881.0,13.85,13.84,13.83,13.82,13.81,13.8,13.79,13.78,13.77,13.76,13.86,13.89,13.9,13.92,13.93,13.94,13.95,13.96,13.97,13.98,3600,7800,14800,15100,37900,17700,800,11000,2300,8700,21400,600,16300,17800,13100,2300,2100,13000,5400,7900
9149.0,13.86,16871200,230234653.0,13.85,13.84,13.83,13.82,13.81,13.8,13.79,13.78,13.77,13.76,13.86,13.89,13.9,13.92,13.93,13.94,13.95,13.96,13.97,13.98,4600,8700,14800,15100,37900,17700,800,11000,2300,8700,21200,600,16300,17800,13100,2300,2100,13000,5400,7900
9150.0,13.86,16872100,230247127.0,13.85,13.84,13.83,13.82,13.81,13.8,13.79,13.78,13.77,13.76,13.86,13.89,13.9,13.92,13.93,13.94,13.95,13.96,13.97,13.98,4700,8700,14800,15100,37900,17700,800,11000,2300,8700,20300,600,16300,17800,13100,2300,2100,13000,5400,7900
9151.0,13.86,16873000,230259601.0,13.85,13.84,13.83,13.82,13.81,13.8,13.79,13.78,13.77,13.76,13.86,13.89,13.9,13.92,13.93,13.94,13.95,13.96,13.97,13.98,4900,9700,14800,15100,37900,17700,800,11000,2300,8700,19400,600,16300,17800,13100,2300,2100,13000,5400,7900
9152.0,13.86,16873000,230259601.0,13.85,13.84,13.83,13.82,13.81,13.8,13.79,13.78,13.77,13.76,13.86,13.89,13.9,13.92,13.93,13.94,13.95,13.96,13.97,13.98,4900,9700,14800,15500,37900,18200,800,11000,2300,8700,19400,600,16300,17800,13100,2300,2100,13000,5400,7900
9153.0,13.86,16877500,230321971.0,13.85,13.84,13.83,13.82,13.81,13.8,13.79,13.78,13.77,13.76,13.86,13.89,13.9,13.92,13.93,13.94,13.95,13.96,13.97,13.98,5100,12900,14800,15500,37900,18200,800,11000,2300,8700,14900,600,16300,17800,13100,2300,2100,13000,5400,7900
9154.0,13.86,16879000,230342761.0,13.85,13.84,13.83,13.82,13.81,13.8,13.79,13.78,13.77,13.76,13.86,13.89,13.9,13.92,13.93,13.94,13.95,13.96,13.97,13.98,5200,13400,14800,15500,37900,18200,800,11000,2300,8700,13400,600,16300,17800,13100,2300,2100,13000,5400,7900
9155.0,13.86,16879000,230342761.0,13.85,13.84,13.83,13.82,13.81,13.8,13.79,13.78,13.77,13.76,13.86,13.89,13.9,13.92,13.93,13.94,13.95,13.96,13.97,13.98,5600,13700,14800,15500,37900,18200,800,11000,2300,8700,13400,600,16300,17800,13100,2300,2100,13000,5400,7900
9156.0,13.86,16879000,230342761.0,13.85,13.84,13.83,13.82,13.81,13.8,13.79,13.78,13.77,13.76,13.86,13.89,13.9,13.92,13.93,13.94,13.95,13.96,13.97,13.98,5600,13700,14800,15500,38200,18700,800,11000,2300,8700,13400,600,16300,17800,13100,2300,2100,13000,5400,7900
9157.0,13.86,16881200,230373253.0,13.85,13.84,13.83,13.82,13.81,13.8,13.79,13.78,13.77,13.76,13.86,13.89,13.9,13.92,13.93,13.94,13.95,13.96,13.97,13.98,5600,13700,14800,15500,38200,18700,800,11000,2300,8700,11200,600,16300,17800,13100,2300,2100,13000,5400,7900
9158.0,13.85,16881800,230381563.0,13.85,13.84,13.83,13.82,13.81,13.8,13.79,13.78,13.77,13.76,13.86,13.89,13.9,13.92,13.93,13.94,13.95,13.96,13.97,13.98,6300,13700,14800,15500,59900,18700,800,11000,2300,8700,11200,600,16300,17800,13100,2300,2100,13000,5400,7900
9159.0,13.85,16881800,230381563.0,13.85,13.84,13.83,13.82,13.81,13.8,13.79,13.78,13.77,13.76,13.86,13.89,13.9,13.92,13.93,13.94,13.95,13.96,13.97,13.98,6300,13800,14800,15500,59900,18700,800,11000,2300,8700,11200,600,16300,17800,13100,2300,2100,13000,5400,7900
9160.0,13.86,16886200,230442547.0,13.85,13.84,13.83,13.82,13.81,13.8,13.79,13.78,13.77,13.76,13.86,13.89,13.9,13.92,13.93,13.94,13.95,13.96,13.97,13.98,8200,13800,14800,15500,59900,18700,800,11000,2300,8700,6800,600,16300,17800,13100,2300,2100,13000,5400,7900
9161.0,13.86,16886400,230445319.0,13.85,13.84,13.83,13.82,13.81,13.8,13.79,13.78,13.77,13.76,13.86,13.89,13.9,13.92,13.93,13.94,13.95,13.96,13.97,13.98,10000,13800,14800,15500,59900,18700,800,11000,2300,8700,6600,600,16300,17800,13100,2300,2100,13000,5400,7900
9162.0,13.86,16887000,230453635.0,13.85,13.84,13.83,13.82,13.81,13.8,13.79,13.78,13.77,13.76,13.86,13.89,13.9,13.92,13.93,13.94,13.95,13.96,13.97,13.98,10000,13800,14800,15500,59900,18700,800,11000,2300,8700,7800,600,16300,17800,13100,2300,2100,13000,5400,7900
9163.0,13.86,16888400,230473039.0,13.85,13.84,13.83,13.82,13.81,13.8,13.79,13.78,13.77,13.76,13.86,13.89,13.9,13.92,13.93,13.94,13.95,13.96,13.97,13.98,10000,13800,14800,15500,59900,19700,800,11000,2300,8700,6400,600,16300,17800,13100,2300,2100,13000,5400,7900
9164.0,13.86,16889600,230489671.0,13.85,13.84,13.83,13.82,13.81,13.8,13.79,13.78,13.77,13.76,13.86,13.89,13.9,13.92,13.93,13.94,13.95,13.96,13.97,13.98,13400,14300,14800,15500,59900,19700,800,11000,2300,8700,5400,600,16300,17800,13100,2300,2100,13000,5400,7900
9165.0,13.86,16890300,230499373.0,13.85,13.84,13.83,13.82,13.81,13.8,13.79,13.78,13.77,13.76,13.86,13.89,13.9,13.92,13.93,13.94,13.95,13.96,13.97,13.98,14400,14300,14800,15500,59900,19700,800,11000,2300,8700,4700,600,16300,17800,13100,2300,2100,13000,5400,7900
9166.0,13.86,16890500,230502144.0,13.85,13.84,13.83,13.82,13.81,13.8,13.79,13.78,13.77,13.76,13.86,13.89,13.9,13.92,13.93,13.94,13.95,13.96,13.97,13.98,14300,14300,14800,15500,59900,19700,800,11000,2300,8700,5200,600,16300,17800,13100,2300,2100,13000,5400,7900
9167.0,13.86,16891200,230511846.0,13.85,13.84,13.83,13.82,13.81,13.8,13.79,13.78,13.77,13.76,13.86,13.89,13.9,13.92,13.93,13.94,13.95,13.96,13.97,13.98,14300,14300,14800,15500,59900,19700,800,11000,2300,9500,4500,600,16300,17800,13100,2300,2100,13000,5400,7900
9168.0,13.86,16892000,230522934.0,13.85,13.84,13.83,13.82,13.81,13.8,13.79,13.78,13.77,13.76,13.86,13.89,13.9,13.92,13.93,13.94,13.95,13.96,13.97,13.98,14300,14300,14800,15500,59900,19700,800,11000,2300,9500,3700,600,16300,17800,13100,2300,2100,13000,5400,7900
9169.0,13.86,16892300,230527092.0,13.85,13.84,13.83,13.82,13.81,13.8,13.79,13.78,13.77,13.76,13.86,13.89,13.9,13.92,13.93,13.94,13.95,13.96,13.97,13.98,17800,14300,14500,15500,59900,19700,800,11000,2300,9500,3400,600,16300,17800,13100,2300,2100,13000,5400,7900
9170.0,13.86,16893200,230539564.0,13.85,13.84,13.83,13.82,13.81,13.8,13.79,13.78,13.77,13.76,13.86,13.89,13.9,13.92,13.93,13.94,13.95,13.96,13.97,13.98,17800,14300,14500,15500,59900,19900,800,11000,2300,9500,2700,600,16300,17800,13100,2300,2100,13000,5400,7900
9171.0,13.86,16894700,230560354.0,13.85,13.84,13.83,13.82,13.81,13.8,13.79,13.78,13.77,13.76,13.86,13.89,13.9,13.92,13.93,13.94,13.95,13.96,13.97,13.98,17800,14300,14500,15500,59900,19900,800,11000,2300,9500,1200,600,16300,17800,13100,2300,2100,13000,5400,7900
9172.0,13.86,16894700,230560354.0,13.85,13.84,13.83,13.82,13.81,13.8,13.79,13.78,13.77,13.76,13.86,13.89,13.9,13.92,13.93,13.94,13.95,13.96,13.97,13.98,17800,14300,15000,15500,59900,19900,800,11000,2300,9500,1200,600,16300,17800,13100,2300,2100,13000,5400,7900
9173.0,13.86,16894700,230560354.0,13.85,13.84,13.83,13.82,13.81,13.8,13.79,13.78,13.77,13.76,13.86,13.89,13.9,13.92,13.93,13.94,13.95,13.96,13.97,13.98,18000,14300,15000,15500,59900,19900,800,11000,2300,9500,1200,600,16300,17800,13100,2300,2100,13000,5400,7900
9174.0,13.86,16895400,230570051.0,13.85,13.84,13.83,13.82,13.81,13.8,13.79,13.78,13.77,13.76,13.86,13.88,13.89,13.9,13.92,13.93,13.94,13.95,13.96,13.97,18300,14300,15000,15800,59900,19900,800,11000,2300,9500,1000,100,600,16300,17800,13100,2300,2100,13000,5400
9175.0,13.86,16895500,230571437.0,13.85,13.84,13.83,13.82,13.81,13.8,13.79,13.78,13.77,13.76,13.86,13.88,13.89,13.9,13.92,13.93,13.94,13.95,13.96,13.97,18300,14300,15000,15800,59900,19900,800,11000,2300,9500,900,100,600,16300,17800,13100,2300,2100,13000,5400
9176.0,13.86,16896300,230582525.0,13.85,13.84,13.83,13.82,13.81,13.8,13.79,13.78,13.77,13.76,13.86,13.88,13.89,13.9,13.92,13.93,13.94,13.95,13.96,13.97,19100,13400,15000,15800,59900,19900,800,11000,2300,9500,100,600,600,16300,17800,13100,2300,2100,13000,5400
9177.0,13.86,16896300,230582525.0,13.85,13.84,13.83,13.82,13.81,13.8,13.79,13.78,13.77,13.76,13.86,13.88,13.89,13.9,13.92,13.93,13.94,13.95,13.96,13.97,19400,13400,15000,15800,59900,19900,800,11000,2300,9500,100,600,600,16300,17800,13100,2300,2100,13000,5400
9178.0,13.86,16896300,230582525.0,13.85,13.84,13.83,13.82,13.81,13.8,13.79,13.78,13.77,13.76,13.86,13.88,13.89,13.9,13.92,13.93,13.94,13.95,13.96,13.97,19400,13400,14200,15800,59900,19900,800,11000,2300,9500,100,600,600,16300,17800,13100,2300,2100,13000,5400
9179.0,13.86,16896600,230586681.0,13.85,13.84,13.83,13.82,13.81,13.8,13.79,13.78,13.77,13.76,13.88,13.89,13.9,13.92,13.93,13.94,13.95,13.96,13.97,13.98,19200,13400,9600,15800,59900,19900,800,11000,2300,9500,600,600,16300,17800,13100,2300,2100,13000,5400,7900
9180.0,13.86,16896600,230586681.0,13.86,13.85,13.84,13.83,13.82,13.81,13.8,13.79,13.78,13.77,13.88,13.89,13.9,13.92,13.93,13.94,13.95,13.96,13.97,13.98,500,21500,13400,9600,15800,59900,19900,800,11000,2300,900,600,16300,17800,13100,2300,2100,13000,5400,7900
9181.0,13.86,16896600,230586681.0,13.86,13.85,13.84,13.83,13.82,13.81,13.8,13.79,13.78,13.77,13.88,13.89,13.9,13.92,13.93,13.94,13.95,13.96,13.97,13.98,3100,21500,13400,9600,15800,59900,19900,800,11000,2300,900,600,16300,17800,13100,2300,2100,13000,5400,7900
9182.0,13.86,16898300,230610245.0,13.86,13.85,13.84,13.83,13.82,13.81,13.8,13.79,13.78,13.77,13.88,13.89,13.9,13.92,13.93,13.94,13.95,13.96,13.97,13.98,1500,21500,13400,9600,15800,59900,19900,800,11000,2300,800,600,16300,17800,13100,2300,2100,13000,5400,7900
9183.0,13.86,16898300,230610245.0,13.86,13.85,13.84,13.83,13.82,13.81,13.8,13.79,13.78,13.77,13.88,13.89,13.9,13.92,13.93,13.94,13.95,13.96,13.97,13.98,2500,21500,13400,9600,15800,59900,19900,800,11000,2300,800,600,16300,17800,13100,2300,2100,13000,5400,7900
9184.0,13.86,16898300,230610245.0,13.86,13.85,13.84,13.83,13.82,13.81,13.8,13.79,13.78,13.77,13.88,13.89,13.9,13.92,13.93,13.94,13.95,13.96,13.97,13.98,2500,21400,13400,9600,15800,59900,19900,800,11000,2300,800,600,16300,17800,13100,2300,2100,13000,5400,7900
9185.0,13.86,16898300,230610245.0,13.86,13.85,13.84,13.83,13.82,13.81,13.8,13.79,13.78,13.77,13.88,13.89,13.9,13.92,13.93,13.94,13.95,13.96,13.97,13.98,3100,22900,13400,9600,15800,59900,19900,800,11000,2300,800,600,16300,17800,13100,2300,2100,13000,5400,7900
9186.0,13.86,16898400,230611631.0,13.86,13.85,13.84,13.83,13.82,13.81,13.8,13.79,13.78,13.77,13.88,13.89,13.9,13.92,13.93,13.94,13.95,13.96,13.97,13.98,4800,25300,13400,8600,15800,59900,19900,800,11000,2300,800,600,16300,17800,13100,2300,2100,13000,5400,7900
9187.0,13.88,16898500,230613019.0,13.86,13.85,13.84,13.83,13.82,13.81,13.8,13.79,13.78,13.77,13.88,13.89,13.9,13.92,13.93,13.94,13.95,13.96,13.97,13.98,8600,25200,13400,8600,15800,59900,19900,800,11000,2300,700,600,16300,17800,13100,2300,2100,13000,5400,7900
9188.0,13.88,16898500,230613019.0,13.86,13.85,13.84,13.83,13.82,13.81,13.8,13.79,13.78,13.77,13.88,13.89,13.9,13.92,13.93,13.94,13.95,13.96,13.97,13.98,10100,25200,13400,8600,14800,59900,19900,800,11000,2300,700,600,16300,17800,13100,2300,2100,13000,5400,7900
9189.0,13.88,16898500,230613019.0,13.86,13.85,13.84,13.83,13.82,13.81,13.8,13.79,13.78,13.77,13.88,13.89,13.9,13.92,13.93,13.94,13.95,13.96,13.97,13.98,11100,25300,13400,8600,14800,59900,19900,800,11000,2300,700,600,16300,17800,13100,2300,2100,13000,5400,7900
9190.0,13.88,16898500,230613019.0,13.86,13.85,13.84,13.83,13.82,13.81,13.8,13.79,13.78,13.77,13.88,13.89,13.9,13.92,13.93,13.94,13.95,13.96,13.97,13.98,13800,25400,13400,8600,14800,59900,19900,800,11000,2300,700,600,16300,17800,13100,2300,2100,13000,5400,7900
9191.0,13.86,16899000,230619949.0,13.86,13.85,13.84,13.83,13.82,13.81,13.8,13.79,13.78,13.77,13.88,13.89,13.9,13.92,13.93,13.94,13.95,13.96,13.97,13.98,29000,25400,13400,6600,14800,59900,19900,800,11000,2300,700,600,11300,17800,13100,2300,2100,13000,5400,7900
9192.0,13.86,16899000,230619949.0,13.86,13.85,13.84,13.83,13.82,13.81,13.8,13.79,13.78,13.77,13.88,13.89,13.9,13.92,13.93,13.94,13.95,13.96,13.97,13.98,29000,25400,13400,7800,14800,59900,19900,800,11000,2300,700,600,11300,17800,13100,2300,2100,13000,5400,7900
9193.0,13.86,16899000,230619949.0,13.86,13.85,13.84,13.83,13.82,13.81,13.8,13.79,13.78,13.77,13.88,13.89,13.9,13.92,13.93,13.94,13.95,13.96,13.97,13.98,29100,25900,13400,7800,14800,59900,19900,800,11000,2300,700,600,11300,17800,13100,2300,2100,13000,5400,7900
9194.0,13.86,16899400,230625493.0,13.86,13.85,13.84,13.83,13.82,13.81,13.8,13.79,13.78,13.77,13.88,13.89,13.9,13.92,13.93,13.94,13.95,13.96,13.97,13.98,30500,23800,13400,7800,14800,59900,19900,800,11000,2300,700,600,11300,17800,13100,2300,2100,13000,5400,7900
9195.0,13.86,16899400,230625493.0,13.86,13.85,13.84,13.83,13.82,13.81,13.8,13.79,13.78,13.77,13.88,13.89,13.9,13.92,13.93,13.94,13.95,13.96,13.97,13.98,30500,23800,12900,7800,14800,59900,19900,800,11000,2300,700,600,11300,17800,13100,2300,2100,13000,5400,7900
9196.0,13.88,16899500,230626881.0,13.86,13.85,13.84,13.83,13.82,13.81,13.8,13.79,13.78,13.77,13.88,13.89,13.9,13.92,13.93,13.94,13.95,13.96,13.97,13.98,38100,23800,12900,7800,15000,59900,19900,800,11000,2300,600,600,11300,17800,13100,2300,2100,13000,5400,7900
9197.0,13.89,16900300,230637987.0,13.87,13.86,13.85,13.84,13.83,13.82,13.81,13.8,13.79,13.78,13.89,13.9,13.92,13.93,13.94,13.95,13.96,13.97,13.98,13.99,5100,38400,23800,12900,7800,15000,59900,20700,800,11000,400,11300,17800,13100,2300,2100,13000,5400,7900,33600
9198.0,13.89,16900300,230637987.0,13.87,13.86,13.85,13.84,13.83,13.82,13.81,13.8,13.79,13.78,13.89,13.9,13.92,13.93,13.94,13.95,13.96,13.97,13.98,13.99,5100,38400,23800,12500,7800,15000,59900,20700,800,11000,400,11300,17800,13100,2300,2100,13000,5400,7900,33600
9199.0,13.89,16900300,230637987.0,13.87,13.86,13.85,13.84,13.83,13.82,13.81,13.8,13.79,13.78,13.89,13.9,13.92,13.93,13.94,13.95,13.96,13.97,13.98,13.99,8000,38400,25500,12500,7800,15000,59900,20700,800,11000,400,11300,17800,13100,2300,2100,13000,5400,7900,33600
9200.0,13.89,16900300,230637987.0,13.87,13.86,13.85,13.84,13.83,13.82,13.81,13.8,13.79,13.78,13.89,13.9,13.92,13.93,13.94,13.95,13.96,13.97,13.98,13.99,8500,38400,25500,12800,7800,15000,59900,20700,800,11000,400,11300,17800,13100,2300,2100,12000,5400,7900,33600
9201.0,13.89,16900300,230637987.0,13.87,13.86,13.85,13.84,13.83,13.82,13.81,13.8,13.79,13.78,13.89,13.9,13.92,13.93,13.94,13.95,13.96,13.97,13.98,13.99,8500,38400,25500,12800,7800,15000,59900,20700,800,11000,400,11300,17800,13100,2300,2100,12000,5400,7900,33600
9202.0,13.89,16900300,230637987.0,13.87,13.86,13.85,13.84,13.83,13.82,13.81,13.8,13.79,13.78,13.89,13.9,13.92,13.93,13.94,13.95,13.96,13.97,13.98,13.99,8500,39600,25500,12600,7800,15000,59900,20700,800,11000,400,11300,17800,13100,2300,2100,12000,5400,7900,33600
9203.0,13.89,16900300,230637987.0,13.88,13.87,13.86,13.85,13.84,13.83,13.82,13.81,13.8,13.79,13.89,13.9,13.92,13.93,13.94,13.95,13.96,13.97,13.98,13.99,300,9000,40600,25500,12600,7800,15000,59900,20700,800,400,11300,17800,13100,2300,2100,12000,5400,7900,34300
9204.0,13.88,16900400,230639375.0,13.88,13.87,13.86,13.85,13.84,13.83,13.82,13.81,13.8,13.79,13.89,13.9,13.92,13.93,13.94,13.95,13.96,13.97,13.98,13.99,200,9000,40600,25500,12600,7800,15000,59900,20700,800,400,11300,17800,13100,2300,2100,12000,5400,7900,34300
9205.0,13.88,16900400,230639375.0,13.88,13.87,13.86,13.85,13.84,13.83,13.82,13.81,13.8,13.79,13.89,13.9,13.92,13.93,13.94,13.95,13.96,13.97,13.98,13.99,200,9600,43200,25600,12600,7800,15000,59900,19900,800,400,11300,17800,13100,2300,2100,12000,5400,7900,34300
9206.0,13.86,16943200,231232683.0,13.87,13.86,13.85,13.84,13.83,13.82,13.81,13.8,13.79,13.78,13.89,13.9,13.92,13.93,13.94,13.95,13.96,13.97,13.98,13.99,2000,10200,26300,12600,7800,15000,59900,19900,800,11000,400,11300,17800,13100,2300,2100,12000,5400,7900,34300
9207.0,13.86,16943200,231232683.0,13.88,13.87,13.86,13.85,13.84,13.83,13.82,13.81,13.8,13.79,13.89,13.9,13.92,13.93,13.94,13.95,13.96,13.97,13.98,13.99,2500,4000,10200,22800,12600,7800,15000,59900,19900,800,400,11300,17800,13100,2300,2100,12000,5400,7900,34300
9208.0,13.88,16945000,231257667.0,13.88,13.87,13.86,13.85,13.84,13.83,13.82,13.81,13.8,13.79,13.89,13.9,13.92,13.93,13.94,13.95,13.96,13.97,13.98,13.99,2000,10500,10200,22800,12600,7800,15000,59900,19900,800,400,11300,17800,13100,2300,2100,12000,5400,7900,34300
9209.0,13.88,16945000,231257667.0,13.88,13.87,13.86,13.85,13.84,13.83,13.82,13.81,13.8,13.79,13.89,13.9,13.92,13.93,13.94,13.95,13.96,13.97,13.98,13.99,2000,10500,10200,22800,12600,7800,15000,59900,19900,800,400,11300,17800,13100,2300,2100,12000,5400,7900,34300
9210.0,13.88,16945000,231257667.0,13.88,13.87,13.86,13.85,13.84,13.83,13.82,13.81,13.8,13.79,13.89,13.9,13.92,13.93,13.94,13.95,13.96,13.97,13.98,13.99,2100,10500,10200,22800,12600,7800,15000,59900,19900,800,400,11300,17800,13100,2300,2100,12000,5400,7900,34300
9211.0,13.88,16945000,231257667.0,13.88,13.87,13.86,13.85,13.84,13.83,13.82,13.81,13.8,13.79,13.89,13.9,13.92,13.93,13.94,13.95,13.96,13.97,13.98,13.99,2200,10500,10200,22100,12600,7800,15000,38200,19900,800,400,11300,17800,13100,2300,2100,12000,5400,7900,34300
9212.0,13.9,16946900,231284073.0,13.89,13.88,13.87,13.86,13.85,13.84,13.83,13.82,13.81,13.8,13.9,13.92,13.93,13.94,13.95,13.96,13.97,13.98,13.99,14.0,600,2700,10800,10200,22100,12600,7800,15000,38200,19900,9800,17800,13100,2300,2100,12000,5400,7900,34300,14700
9213.0,13.9,16947600,231293803.0,13.89,13.88,13.87,13.86,13.85,13.84,13.83,13.82,13.81,13.8,13.9,13.92,13.93,13.94,13.95,13.96,13.97,13.98,13.99,14.0,600,2700,11500,10200,22100,12600,7800,15000,38200,19900,9100,17800,13100,2300,2100,12000,5400,7900,34300,14700
9214.0,13.9,16947600,231293803.0,13.89,13.88,13.87,13.86,13.85,13.84,13.83,13.82,13.81,13.8,13.9,13.92,13.93,13.94,13.95,13.96,13.97,13.98,13.99,14.0,600,3100,11500,10200,21700,12600,7800,15000,38200,19900,9100,17800,13100,2300,2100,12000,5400,7900,34300,14700
9215.0,13.9,16948300,231303533.0,13.89,13.88,13.87,13.86,13.85,13.84,13.83,13.82,13.81,13.8,13.9,13.92,13.93,13.94,13.95,13.96,13.97,13.98,13.99,14.0,600,4400,12300,10200,21700,12600,7800,15000,38200,19900,8400,17800,13100,2300,2100,12000,5400,7900,34300,14700
9216.0,13.9,16949000,231313263.0,13.89,13.88,13.87,13.86,13.85,13.84,13.83,13.82,13.81,13.8,13.9,13.92,13.93,13.94,13.95,13.96,13.97,13.98,13.99,14.0,600,4400,12300,10200,20900,12600,7800,15000,38200,19900,7700,17800,13100,2300,2100,12000,5400,7900,34300,14700
9217.0,13.9,16949000,231313263.0,13.89,13.88,13.87,13.86,13.85,13.84,13.83,13.82,13.81,13.8,13.9,13.92,13.93,13.94,13.95,13.96,13.97,13.98,13.99,14.0,6800,4400,12300,10200,20800,12600,7800,15000,38200,19900,7700,17800,13100,2300,2100,12000,5400,7900,34300,14700
9218.0,13.9,16950400,231332723.0,13.89,13.88,13.87,13.86,13.85,13.84,13.83,13.82,13.81,13.8,13.9,13.92,13.93,13.94,13.95,13.96,13.97,13.98,13.99,14.0,6800,4400,12400,10200,20800,12600,6000,15000,38200,19900,6300,17800,13100,2300,2100,12000,5400,7900,34300,14700
9219.0,13.9,16950400,231332723.0,13.89,13.88,13.87,13.86,13.85,13.84,13.83,13.82,13.81,13.8,13.9,13.92,13.93,13.94,13.95,13.96,13.97,13.98,13.99,14.0,12900,4400,12400,12000,21500,12600,6000,15000,38200,19900,6300,17800,13100,2300,2100,12000,5400,7900,34300,14700
9220.0,13.9,16951200,231343843.0,13.89,13.88,13.87,13.86,13.85,13.84,13.83,13.82,13.81,13.8,13.9,13.92,13.93,13.94,13.95,13.96,13.97,13.98,13.99,14.0,12900,4800,12400,12000,19100,9400,6000,15000,38200,19900,5500,17800,13100,2300,2100,12000,5400,7900,34300,14700
9221.0,13.9,16953100,231370253.0,13.89,13.88,13.87,13.86,13.85,13.84,13.83,13.82,13.81,13.8,13.9,13.92,13.93,13.94,13.95,13.96,13.97,13.98,13.99,14.0,12900,4800,12400,12000,19100,9400,6000,14700,38200,19900,3600,17800,13100,2300,2100,12000,5400,7900,34300,14700
9222.0,13.9,16953100,231370253.0,13.89,13.88,13.87,13.86,13.85,13.84,13.83,13.82,13.81,13.8,13.9,13.92,13.93,13.94,13.95,13.96,13.97,13.98,13.99,14.0,13000,4800,12400,12000,19100,9400,6000,14700,38200,19900,3600,17800,13100,2300,2100,12000,5400,7900,34300,14700
9223.0,13.9,16956100,231411953.0,13.89,13.88,13.87,13.86,13.85,13.84,13.83,13.82,13.81,13.8,13.9,13.92,13.93,13.94,13.95,13.96,13.97,13.98,13.99,14.0,16200,4900,12400,13000,19100,9400,6000,14700,38200,19900,600,17800,10100,2300,2100,12000,5400,7900,34300,14700
9224.0,13.92,16957100,231425861.0,13.9,13.89,13.88,13.87,13.86,13.85,13.84,13.83,13.82,13.81,13.92,13.93,13.94,13.95,13.96,13.97,13.98,13.99,14.0,14.01,4200,16200,4900,12400,13000,19100,9400,6000,14700,38200,17400,10100,2300,2100,12000,5400,7900,34300,14700,1000
9225.0,13.9,16958600,231446725.0,13.9,13.89,13.88,13.87,13.86,13.85,13.84,13.83,13.82,13.81,13.92,13.93,13.94,13.95,13.96,13.97,13.98,13.99,14.0,14.01,3500,16200,4900,12400,13000,19100,9400,6000,14700,38200,16700,10100,2300,2100,12000,5400,7900,34300,14700,1000
9226.0,13.9,16958600,231446725.0,13.9,13.89,13.88,13.87,13.86,13.85,13.84,13.83,13.82,13.81,13.92,13.93,13.94,13.95,13.96,13.97,13.98,13.99,14.0,14.01,5600,16200,5000,12400,13000,19100,9400,6000,14700,38200,18000,10100,2300,2100,12000,5400,7900,34300,14700,1000
9227.0,13.92,16959300,231456469.0,13.9,13.89,13.88,13.87,13.86,13.85,13.84,13.83,13.82,13.81,13.92,13.93,13.94,13.95,13.96,13.97,13.98,13.99,14.0,14.01,7800,16200,5000,12100,13000,18800,8900,6000,14700,38200,17800,10100,2300,2100,12000,5400,7900,34300,14700,1000
9228.0,13.9,16961800,231491219.0,13.9,13.89,13.88,13.87,13.86,13.85,13.84,13.83,13.82,13.81,13.92,13.93,13.94,13.95,13.96,13.97,13.98,13.99,14.0,14.01,11200,14000,5000,12100,13000,18800,8900,6000,14700,38200,17800,10100,2300,2100,12000,5400,7900,34300,14700,1000
9229.0,13.9,16962200,231496779.0,13.9,13.89,13.88,13.87,13.86,13.85,13.84,13.83,13.82,13.81,13.92,13.93,13.94,13.95,13.96,13.97,13.98,13.99,14.0,14.01,17900,14000,5000,5600,13400,17800,8900,6000,14700,38200,18700,10100,2300,2100,12000,5400,7900,34300,14500,1000
9230.0,13.9,16974700,231670545.0,13.9,13.89,13.88,13.87,13.86,13.85,13.84,13.83,13.82,13.81,13.92,13.93,13.94,13.95,13.96,13.97,13.98,13.99,14.0,14.01,6600,14000,5000,5600,13400,17100,8900,6000,14700,38200,17900,10100,2300,2100,12000,5400,7900,34300,12900,1000
9231.0,13.92,16974800,231671937.0,13.9,13.89,13.88,13.87,13.86,13.85,13.84,13.83,13.82,13.81,13.92,13.93,13.94,13.95,13.96,13.97,13.98,13.99,14.0,14.01,7600,10800,4800,5600,15700,15100,8900,6000,14700,38200,18800,10100,2300,2100,12000,5400,7900,34300,12900,1000
9232.0,13.92,16977200,231705345.0,13.9,13.89,13.88,13.87,13.86,13.85,13.84,13.83,13.82,13.81,13.92,13.93,13.94,13.95,13.96,13.97,13.98,13.99,14.0,14.01,8600,10600,4800,5600,15700,15100,8900,6000,14700,38200,16400,10100,2300,2100,12000,5400,7900,34300,12900,1000
9233.0,13.92,16987800,231852869.0,13.9,13.89,13.88,13.87,13.86,13.85,13.84,13.83,13.82,13.81,13.92,13.93,13.94,13.95,13.96,13.97,13.98,13.99,14.0,14.01,7200,10600,4800,5600,15700,15000,8900,6000,14700,38200,7200,10100,2300,2100,12000,5400,7900,34300,12900,1000
9234.0,13.92,16987900,231854261.0,13.9,13.89,13.88,13.87,13.86,13.85,13.84,13.83,13.82,13.81,13.92,13.93,13.94,13.95,13.96,13.97,13.98,13.99,14.0,14.01,7700,6600,4800,5600,15700,15000,8900,6000,14700,38200,7600,10100,2300,2100,12000,5400,7900,34300,12900,1000
9235.0,13.92,16990100,231884885.0,13.9,13.89,13.88,13.87,13.86,13.85,13.84,13.83,13.82,13.81,13.92,13.93,13.94,13.95,13.96,13.97,13.98,13.99,14.0,14.01,7700,6600,4800,5600,15700,14300,8900,6000,14700,38200,8900,10100,2300,2100,12000,5400,7900,34300,12900,1000
9236.0,13.92,16991000,231897413.0,13.91,13.9,13.89,13.88,13.87,13.86,13.85,13.84,13.83,13.82,13.92,13.93,13.94,13.95,13.96,13.97,13.98,13.99,14.0,14.01,100,8200,6600,4800,5600,15700,14300,8900,6000,14700,17200,10100,2300,2100,12000,5400,7900,34300,12900,1000
9237.0,13.9,16993400,231930784.0,13.9,13.89,13.88,13.87,13.86,13.85,13.84,13.83,13.82,13.81,13.91,13.92,13.93,13.94,13.95,13.96,13.97,13.98,13.99,14.0,7200,6600,4800,5600,22200,14600,9300,6000,14700,38200,600,15400,10100,3300,2100,12000,5400,7900,34300,12900
9238.0,13.9,16995200,231955804.0,13.9,13.89,13.88,13.87,13.86,13.85,13.84,13.83,13.82,13.81,13.92,13.93,13.94,13.95,13.96,13.97,13.98,13.99,14.0,14.01,6500,6600,4800,5600,22200,14600,8900,6000,14700,38200,15400,10100,3300,2100,12000,5400,7900,34300,12900,1000
9239.0,13.92,16999700,232018398.0,13.9,13.89,13.88,13.87,13.86,13.85,13.84,13.83,13.82,13.81,13.92,13.93,13.94,13.95,13.96,13.97,13.98,13.99,14.0,14.01,4200,6600,4800,5600,22200,14600,8900,6000,14700,38200,13200,10100,3300,2100,12000,5400,7900,34300,12900,1000
9240.0,13.92,16999700,232018398.0,13.9,13.89,13.88,13.87,13.86,13.85,13.84,13.83,13.82,13.81,13.92,13.93,13.94,13.95,13.96,13.97,13.98,13.99,14.0,14.01,4200,6600,4800,5600,22200,14600,8900,6000,14700,38200,13200,10100,3300,2100,12000,5400,7900,34300,12900,1000
9241.0,13.92,16999700,232018398.0,13.9,13.89,13.88,13.87,13.86,13.85,13.84,13.83,13.82,13.81,13.92,13.93,13.94,13.95,13.96,13.97,13.98,13.99,14.0,14.01,4700,6600,4800,5600,22200,14600,8900,6000,14700,38200,13700,10300,3300,2100,12000,5400,7900,34300,12900,1000
9242.0,13.92,16999700,232018398.0,13.9,13.89,13.88,13.87,13.86,13.85,13.84,13.83,13.82,13.81,13.92,13.93,13.94,13.95,13.96,13.97,13.98,13.99,14.0,14.01,5200,8000,4800,5600,22200,14600,8900,6000,14700,38200,13700,10300,3300,2100,12000,5400,7900,34300,12900,1000
9243.0,13.92,17001100,232037886.0,13.91,13.9,13.89,13.88,13.87,13.86,13.85,13.84,13.83,13.82,13.92,13.93,13.94,13.95,13.96,13.97,13.98,13.99,14.0,14.01,300,5700,8000,4800,6200,22200,14600,8900,6000,14700,12800,10300,3300,2100,12000,5400,7900,34300,12900,1000
9244.0,13.91,17002400,232055979.0,13.9,13.89,13.88,13.87,13.86,13.85,13.84,13.83,13.82,13.81,13.92,13.93,13.94,13.95,13.96,13.97,13.98,13.99,14.0,14.01,7100,8000,4800,6200,22200,14600,8900,6000,14700,39200,11800,11300,3300,2100,12000,5400,7900,34300,12900,1000
9245.0,13.9,17003100,232065709.0,13.9,13.89,13.88,13.87,13.86,13.85,13.84,13.83,13.82,13.81,13.91,13.92,13.93,13.94,13.95,13.96,13.97,13.98,13.99,14.0,7100,8700,4800,6200,22200,14600,8900,6000,14700,39200,1200,16800,11300,3300,2100,12000,5400,7900,34300,12900
9246.0,13.89,17010900,232174126.0,13.9,13.89,13.88,13.87,13.86,13.85,13.84,13.83,13.82,13.81,13.91,13.92,13.93,13.94,13.95,13.96,13.97,13.98,13.99,14.0,700,8200,4800,6200,22200,14600,8900,6000,14700,39200,100,12600,11300,3300,2700,12000,5400,7900,34300,12900
9247.0,13.92,17016100,232246390.0,13.89,13.88,13.87,13.86,13.85,13.84,13.83,13.82,13.81,13.8,13.92,13.93,13.94,13.95,13.96,13.97,13.98,13.99,14.0,14.01,4700,4800,6200,22200,14600,8900,6000,14700,39200,19600,11700,11300,3300,2700,12000,5400,7900,34300,12900,1000
9248.0,13.92,17019000,232286714.0,13.89,13.88,13.87,13.86,13.85,13.84,13.83,13.82,13.81,13.8,13.9,13.92,13.93,13.94,13.95,13.96,13.97,13.98,13.99,14.0,6300,4800,6200,22200,14600,8900,6000,14700,39200,19600,1300,12900,11300,3300,2700,12000,5400,7900,34300,12900
9249.0,13.9,17019200,232289494.0,13.89,13.88,13.87,13.86,13.85,13.84,13.83,13.82,13.81,13.8,13.9,13.92,13.93,13.94,13.95,13.96,13.97,13.98,13.99,14.0,6300,4800,6200,22200,14600,8900,6000,14700,39200,19600,2700,12900,11300,3300,2700,12000,5400,7900,34300,12900
9250.0,13.89,17023700,232351999.0,13.89,13.88,13.87,13.86,13.85,13.84,13.83,13.82,13.81,13.8,13.92,13.93,13.94,13.95,13.96,13.97,13.98,13.99,14.0,14.01,1800,4800,6200,22200,24600,8900,6000,14700,39200,19500,12900,11300,3300,2700,12000,5400,7900,34300,12900,1000
9251.0,13.89,17023800,232353388.0,13.9,13.89,13.88,13.87,13.86,13.85,13.84,13.83,13.82,13.81,13.92,13.93,13.94,13.95,13.96,13.97,13.98,13.99,14.0,14.01,700,2600,4800,6200,22200,23600,8900,6000,14700,39200,13800,11300,3300,2700,12000,5100,7900,34300,12900,1000
9252.0,13.89,17028600,232420083.0,13.89,13.88,13.87,13.86,13.85,13.84,13.83,13.82,13.81,13.8,13.92,13.93,13.94,13.95,13.96,13.97,13.98,13.99,14.0,14.01,100,4800,6200,22200,23600,8900,4800,14700,39200,19500,15400,11300,3300,2700,12000,800,7900,34300,12900,1000
9253.0,13.89,17028600,232420083.0,13.89,13.88,13.87,13.86,13.85,13.84,13.83,13.82,13.81,13.8,13.92,13.93,13.94,13.95,13.96,13.97,13.98,13.99,14.0,14.01,1000,4800,6200,22200,23600,8900,4800,14700,39200,19500,16300,11300,3300,2700,12000,800,7900,34300,12900,1000
9254.0,13.89,17030900,232452093.0,13.89,13.88,13.87,13.86,13.85,13.84,13.83,13.82,13.81,13.8,13.92,13.93,13.94,13.95,13.96,13.97,13.98,13.99,14.0,14.01,3000,10200,6300,15700,24500,8900,4800,14700,39200,19500,16400,11300,3300,3200,12000,800,7900,34300,12900,1000
9255.0,13.89,17030900,232452093.0,13.89,13.88,13.87,13.86,13.85,13.84,13.83,13.82,13.81,13.8,13.92,13.93,13.94,13.95,13.96,13.97,13.98,13.99,14.0,14.01,3900,10200,6300,15700,24500,8900,4800,14700,39200,19500,17300,11300,3300,3200,12000,800,7900,34300,12900,1000
9256.0,13.88,17039100,232565986.0,13.88,13.87,13.86,13.85,13.84,13.83,13.82,13.81,13.8,13.79,13.92,13.93,13.94,13.95,13.96,13.97,13.98,13.99,14.0,14.01,8500,6300,15700,24500,8900,4800,14700,39200,19500,800,19100,11300,3300,3200,12000,800,7900,34300,12900,1000
9257.0,13.88,17040000,232578478.0,13.88,13.87,13.86,13.85,13.84,13.83,13.82,13.81,13.8,13.79,13.92,13.93,13.94,13.95,13.96,13.97,13.98,13.99,14.0,14.01,7600,6300,15700,23500,8900,4800,14700,39200,19500,800,20100,11300,3300,3200,12000,800,7900,34300,12900,1000
9258.0,13.88,17040000,232578478.0,13.88,13.87,13.86,13.85,13.84,13.83,13.82,13.81,13.8,13.79,13.9,13.92,13.93,13.94,13.95,13.96,13.97,13.98,13.99,14.0,10300,6300,15700,23500,8900,4800,14700,39200,19500,800,300,21800,11300,3300,3200,12000,800,7900,34300,12900
9259.0,13.88,17051700,232741124.0,13.88,13.87,13.86,13.85,13.84,13.83,13.82,13.81,13.8,13.79,13.92,13.93,13.94,13.95,13.96,13.97,13.98,13.99,14.0,14.01,5000,6300,15300,23500,8900,4800,14700,39200,19500,800,15700,11300,3300,4300,12000,800,7900,34300,12900,1000
9260.0,13.88,17053300,232763332.0,13.88,13.87,13.86,13.85,13.84,13.83,13.82,13.81,13.8,13.79,13.92,13.93,13.94,13.95,13.96,13.97,13.98,13.99,14.0,14.01,4500,6400,15300,23500,8900,4800,14700,39200,19500,800,18600,11300,4300,4300,12000,800,7900,34300,12900,1000
9261.0,13.92,17054000,232773076.0,13.88,13.87,13.86,13.85,13.84,13.83,13.82,13.81,13.8,13.79,13.92,13.93,13.94,13.95,13.96,13.97,13.98,13.99,14.0,14.01,7000,6400,15300,24500,8900,4800,14700,39200,19500,800,18600,11300,4300,4300,12000,800,7900,34300,12900,1000
9262.0,13.92,17054000,232773076.0,13.88,13.87,13.86,13.85,13.84,13.83,13.82,13.81,13.8,13.79,13.92,13.93,13.94,13.95,13.96,13.97,13.98,13.99,14.0,14.01,8100,7000,15300,24500,8900,4800,14700,39200,19500,800,19700,11300,4300,4800,12000,800,7900,34300,12900,1000
9263.0,13.88,17054700,232782792.0,13.89,13.88,13.87,13.86,13.85,13.84,13.83,13.82,13.81,13.8,13.91,13.92,13.93,13.94,13.95,13.96,13.97,13.98,13.99,14.0,700,13200,7100,15400,24500,8900,4800,14700,39200,19500,1000,22300,11300,4300,4800,12000,800,7900,34300,12900
9264.0,13.89,17055400,232792515.0,13.88,13.87,13.86,13.85,13.84,13.83,13.82,13.81,13.8,13.79,13.89,13.91,13.92,13.93,13.94,13.95,13.96,13.97,13.98,13.99,14700,7100,15400,24500,8900,4800,14700,39200,19500,800,1300,1000,22300,11300,4300,4800,12000,800,7900,34300
9265.0,13.88,17060300,232860531.0,13.88,13.87,13.86,13.85,13.84,13.83,13.82,13.81,13.8,13.79,13.89,13.92,13.93,13.94,13.95,13.96,13.97,13.98,13.99,14.0,11000,7900,17400,24500,8900,4800,14700,39200,19500,800,900,22400,11300,4300,4800,12000,800,7900,34300,12900
9266.0,13.89,17061700,232879970.0,13.88,13.87,13.86,13.85,13.84,13.83,13.82,13.81,13.8,13.79,13.89,13.92,13.93,13.94,13.95,13.96,13.97,13.98,13.99,14.0,10300,7900,17400,24500,8900,4800,14700,39200,19500,800,200,22400,11300,4300,4800,12000,800,7900,34300,12900
9267.0,13.89,17061700,232879970.0,13.88,13.87,13.86,13.85,13.84,13.83,13.82,13.81,13.8,13.79,13.89,13.92,13.93,13.94,13.95,13.96,13.97,13.98,13.99,14.0,10500,7900,17400,24500,8900,4800,14700,39200,19500,800,200,22400,11300,4300,4800,12000,800,7900,34300,12900
9268.0,13.89,17061700,232879970.0,13.88,13.87,13.86,13.85,13.84,13.83,13.82,13.81,13.8,13.79,13.89,13.92,13.93,13.94,13.95,13.96,13.97,13.98,13.99,14.0,10500,7900,17400,26800,8900,4800,14700,39200,19500,800,200,23000,11300,4300,4900,12000,800,7900,34300,12900
9269.0,13.92,17063100,232899424.0,13.89,13.88,13.87,13.86,13.85,13.84,13.83,13.82,13.81,13.8,13.92,13.93,13.94,13.95,13.96,13.97,13.98,13.99,14.0,14.01,2500,10800,7900,17400,26800,8900,4800,14700,39200,19300,22500,11300,4300,4900,12000,800,7900,34300,12900,1000
9270.0,13.92,17063100,232899424.0,13.9,13.89,13.88,13.87,13.86,13.85,13.84,13.83,13.82,13.81,13.92,13.93,13.94,13.95,13.96,13.97,13.98,13.99,14.0,14.01,3300,3700,11300,7900,25900,26800,8900,4800,14700,39200,23700,11300,4300,4900,12000,800,7900,34300,12900,1000
9271.0,13.9,17063400,232903594.0,13.9,13.89,13.88,13.87,13.86,13.85,13.84,13.83,13.82,13.81,13.92,13.93,13.94,13.95,13.96,13.97,13.98,13.99,14.0,14.01,3000,3700,11300,7900,25900,26800,8900,4800,14700,39200,23700,11300,4300,4900,12000,800,7900,34300,12900,1000
9272.0,13.9,17063400,232903594.0,13.9,13.89,13.88,13.87,13.86,13.85,13.84,13.83,13.82,13.81,13.92,13.93,13.94,13.95,13.96,13.97,13.98,13.99,14.0,14.01,3000,3800,11300,8000,25900,26800,8900,4800,14700,39200,23700,11300,4300,5900,12000,800,7900,34300,12900,1000
9273.0,13.9,17064400,232917494.0,13.9,13.89,13.88,13.87,13.86,13.85,13.84,13.83,13.82,13.81,13.92,13.93,13.94,13.95,13.96,13.97,13.98,13.99,14.0,14.01,2000,4000,11300,8000,25900,26800,8900,4800,14700,39200,23700,11300,4300,5900,12000,800,7900,34300,12900,1000
9274.0,13.9,17064600,232920274.0,13.9,13.89,13.88,13.87,13.86,13.85,13.84,13.83,13.82,13.81,13.92,13.93,13.94,13.95,13.96,13.97,13.98,13.99,14.0,14.01,1800,4000,11300,8000,26300,27300,8900,4800,14700,39200,23700,11300,4300,5900,12000,800,7900,34300,12900,1000
9275.0,13.9,17064700,232921664.0,13.9,13.89,13.88,13.87,13.86,13.85,13.84,13.83,13.82,13.81,13.92,13.93,13.94,13.95,13.96,13.97,13.98,13.99,14.0,14.01,1700,4000,11300,8000,26300,27300,8900,4800,14700,39200,23700,11300,4300,5900,12000,800,7900,34300,12900,1000
9276.0,13.92,17066900,232952286.0,13.9,13.89,13.88,13.87,13.86,13.85,13.84,13.83,13.82,13.81,13.92,13.93,13.94,13.95,13.96,13.97,13.98,13.99,14.0,14.01,1600,4000,11300,8000,26300,27300,8900,4800,14700,39200,21600,11300,4300,5900,12000,800,7900,34300,12900,1000
9277.0,13.92,17068000,232967598.0,13.9,13.89,13.88,13.87,13.86,13.85,13.84,13.83,13.82,13.81,13.92,13.93,13.94,13.95,13.96,13.97,13.98,13.99,14.0,14.01,1600,4500,11300,8000,26300,27300,8900,4800,14700,39200,22100,11400,4300,5900,12000,800,7900,34300,12900,1000
9278.0,13.92,17068600,232975950.0,13.9,13.89,13.88,13.87,13.86,13.85,13.84,13.83,13.82,13.81,13.92,13.93,13.94,13.95,13.96,13.97,13.98,13.99,14.0,14.01,1600,4500,11300,8000,26300,27300,8900,4800,14700,39200,21500,11400,4300,5900,12000,800,7900,34300,12900,1000
9279.0,13.9,17068700,232977340.0,13.9,13.89,13.88,13.87,13.86,13.85,13.84,13.83,13.82,13.81,13.92,13.93,13.94,13.95,13.96,13.97,13.98,13.99,14.0,14.01,1500,4500,11300,8000,25100,27300,8900,4800,14700,39200,21500,11400,4300,5900,12000,800,7900,34300,12900,1000
9280.0,13.92,17069700,232991260.0,13.9,13.89,13.88,13.87,13.86,13.85,13.84,13.83,13.82,13.81,13.92,13.93,13.94,13.95,13.96,13.97,13.98,13.99,14.0,14.01,1500,4500,11500,8000,25100,27300,8900,4800,14700,39200,45200,11400,4300,5900,12000,800,7900,34300,12900,1000
9281.0,13.92,17077700,233102620.0,13.91,13.9,13.89,13.88,13.87,13.86,13.85,13.84,13.83,13.82,13.92,13.93,13.94,13.95,13.96,13.97,13.98,13.99,14.0,14.01,300,1500,4500,11500,8000,25100,27300,8900,4800,14700,37200,11400,4300,5900,12000,800,7900,34300,12900,1000
9282.0,13.9,17078100,233108183.0,13.9,13.89,13.88,13.87,13.86,13.85,13.84,13.83,13.82,13.81,13.92,13.93,13.94,13.95,13.96,13.97,13.98,13.99,14.0,14.01,1400,4500,13500,8300,25100,27300,8900,4800,14700,39200,37200,11400,4300,5900,12000,800,7900,34300,12900,1000
9283.0,13.92,17078800,233117927.0,13.9,13.89,13.88,13.87,13.86,13.85,13.84,13.83,13.82,13.81,13.92,13.93,13.94,13.95,13.96,13.97,13.98,13.99,14.0,14.01,10900,4500,13900,8300,25100,27300,8900,4800,14700,39200,36500,11400,4300,5900,12000,800,7900,34300,12900,1000
9284.0,13.92,17078800,233117927.0,13.9,13.89,13.88,13.87,13.86,13.85,13.84,13.83,13.82,13.81,13.92,13.93,13.94,13.95,13.96,13.97,13.98,13.99,14.0,14.01,10900,4100,13900,8300,25100,27300,8800,4800,14700,39200,36500,11400,4300,5800,12000,800,7900,34300,12900,1000
9285.0,13.92,17079700,233130441.0,13.9,13.89,13.88,13.87,13.86,13.85,13.84,13.83,13.82,13.81,13.92,13.93,13.94,13.95,13.96,13.97,13.98,13.99,14.0,14.01,10200,4100,13900,8300,25100,26800,8800,4800,14700,39200,36300,10400,4300,5800,12000,800,7900,34300,14900,1000
9286.0,13.92,17079700,233130441.0,13.9,13.89,13.88,13.87,13.86,13.85,13.84,13.83,13.82,13.81,13.92,13.93,13.94,13.95,13.96,13.97,13.98,13.99,14.0,14.01,10200,4100,13900,8300,25100,24500,8800,4800,14700,39200,36300,10400,4300,5800,12000,800,7900,34300,14900,1000
9287.0,13.92,17081100,233149929.0,13.9,13.89,13.88,13.87,13.86,13.85,13.84,13.83,13.82,13.81,13.92,13.93,13.94,13.95,13.96,13.97,13.98,13.99,14.0,14.01,10200,4100,13900,8300,25100,24500,8800,4800,14700,39200,34900,10400,4300,5800,12000,800,7900,34300,14900,1000
9288.0,13.9,17083800,233187459.0,13.9,13.89,13.88,13.87,13.86,13.85,13.84,13.83,13.82,13.81,13.92,13.93,13.94,13.95,13.96,13.97,13.98,13.99,14.0,14.01,7500,4100,13900,8300,27100,24500,8800,4800,14700,39200,34900,10400,4300,5800,12000,800,7900,34300,14900,1000
9289.0,13.92,17084300,233194419.0,13.9,13.89,13.88,13.87,13.86,13.85,13.84,13.83,13.82,13.81,13.92,13.93,13.94,13.95,13.96,13.97,13.98,13.99,14.0,14.01,8300,9100,13900,8300,27100,24500,8800,4800,14700,39200,34400,10400,4300,5800,12000,800,7900,34300,14900,1000
9290.0,13.92,17085000,233204163.0,13.9,13.89,13.88,13.87,13.86,13.85,13.84,13.83,13.82,13.81,13.92,13.93,13.94,13.95,13.96,13.97,13.98,13.99,14.0,14.01,8300,9100,13900,8200,27100,24500,8800,4800,14700,39200,33700,10400,4300,5800,12000,800,7900,34300,14900,1000
9291.0,13.9,17085700,233213893.0,13.9,13.89,13.88,13.87,13.86,13.85,13.84,13.83,13.82,13.81,13.92,13.93,13.94,13.95,13.96,13.97,13.98,13.99,14.0,14.01,7600,9100,13900,8100,27100,24500,8800,4800,14700,39200,33700,10400,4300,5800,12000,800,7900,34300,14900,1000
9292.0,13.9,17085700,233213893.0,13.9,13.89,13.88,13.87,13.86,13.85,13.84,13.83,13.82,13.81,13.92,13.93,13.94,13.95,13.96,13.97,13.98,13.99,14.0,14.01,7600,9100,13900,8100,20600,24500,8800,4800,14700,39200,33700,10400,4300,5800,12000,800,7900,34300,14900,1000
9293.0,13.9,17086400,233223623.0,13.9,13.89,13.88,13.87,13.86,13.85,13.84,13.83,13.82,13.81,13.92,13.93,13.94,13.95,13.96,13.97,13.98,13.99,14.0,14.01,6900,9100,13900,8100,20600,24500,8800,4800,14700,39200,34900,10400,4300,5800,12000,800,7900,34300,14900,1000
9294.0,13.9,17086400,233223623.0,13.9,13.89,13.88,13.87,13.86,13.85,13.84,13.83,13.82,13.81,13.92,13.93,13.94,13.95,13.96,13.97,13.98,13.99,14.0,14.01,6900,9100,13900,8100,20600,24500,8800,4800,14700,39200,34900,10400,4300,5800,12000,800,7900,34300,14900,1000
9295.0,13.92,17092400,233307143.0,13.9,13.89,13.88,13.87,13.86,13.85,13.84,13.83,13.82,13.81,13.92,13.93,13.94,13.95,13.96,13.97,13.98,13.99,14.0,14.01,7000,9100,13900,9300,20600,24500,8800,4800,14700,39200,28900,10400,4300,5800,12000,800,7900,34300,14900,1000
9296.0,13.9,17093900,233327993.0,13.9,13.89,13.88,13.87,13.86,13.85,13.84,13.83,13.82,13.81,13.92,13.93,13.94,13.95,13.96,13.97,13.98,13.99,14.0,14.01,5500,9200,13900,9300,20600,24500,8800,4800,14700,39200,29200,10400,4300,5800,12000,800,7900,34300,14900,1000
9297.0,13.92,17094600,233337737.0,13.9,13.89,13.88,13.87,13.86,13.85,13.84,13.83,13.82,13.81,13.92,13.93,13.94,13.95,13.96,13.97,13.98,13.99,14.0,14.01,5500,9200,13900,9300,20600,23100,8800,4800,14700,39200,28500,10400,4300,5800,12000,800,7900,34300,14900,1000
9298.0,13.92,17096000,233357225.0,13.91,13.9,13.89,13.88,13.87,13.86,13.85,13.84,13.83,13.82,13.92,13.93,13.94,13.95,13.96,13.97,13.98,13.99,14.0,14.01,700,4700,9200,13900,9300,20600,23100,8800,4800,14700,32300,10400,4300,5800,12000,800,7900,34300,14900,1000
9299.0,13.92,17096000,233357225.0,13.91,13.9,13.89,13.88,13.87,13.86,13.85,13.84,13.83,13.82,13.92,13.93,13.94,13.95,13.96,13.97,13.98,13.99,14.0,14.01,700,5000,9200,13900,9300,20600,23100,8800,4800,14700,32300,10400,4300,5800,12000,800,7900,34300,14900,1000
9300.0,13.92,17096000,233357225.0,13.91,13.9,13.89,13.88,13.87,13.86,13.85,13.84,13.83,13.82,13.92,13.93,13.94,13.95,13.96,13.97,13.98,13.99,14.0,14.01,700,7000,9200,13900,9300,20600,23100,8800,4800,14700,32300,10400,4300,5800,12000,800,7900,34300,14900,1000
9301.0,13.91,17096400,233362791.0,13.91,13.9,13.89,13.88,13.87,13.86,13.85,13.84,13.83,13.82,13.92,13.93,13.94,13.95,13.96,13.97,13.98,13.99,14.0,14.01,500,7000,9200,13900,9300,20600,23100,8800,4800,14700,32100,10400,4300,5800,12000,800,7900,34300,14900,1000
9302.0,13.91,17096400,233362791.0,13.91,13.9,13.89,13.88,13.87,13.86,13.85,13.84,13.83,13.82,13.92,13.93,13.94,13.95,13.96,13.97,13.98,13.99,14.0,14.01,500,7000,9200,13900,9300,20600,23100,8800,4800,14700,32100,10400,4300,5800,12000,800,7900,34300,14900,1000
9303.0,13.92,17097000,233371143.0,13.91,13.9,13.89,13.88,13.87,13.86,13.85,13.84,13.83,13.82,13.92,13.93,13.94,13.95,13.96,13.97,13.98,13.99,14.0,14.01,500,7000,9200,13700,11300,20600,23100,8800,4800,14700,31500,10400,4300,5800,12000,800,7900,34300,14900,1000
9304.0,13.9,17101000,233426748.0,13.9,13.89,13.88,13.87,13.86,13.85,13.84,13.83,13.82,13.81,13.92,13.93,13.94,13.95,13.96,13.97,13.98,13.99,14.0,14.01,3500,9200,13700,11300,20600,23100,8800,4800,14700,39200,31800,10400,4300,5800,12000,800,7900,34300,14900,1000
9305.0,13.92,17101700,233436492.0,13.9,13.89,13.88,13.87,13.86,13.85,13.84,13.83,13.82,13.81,13.92,13.93,13.94,13.95,13.96,13.97,13.98,13.99,14.0,14.01,3500,9200,13700,11300,20600,23100,8800,4800,14700,39200,29900,10400,4300,5800,12000,800,7900,34300,14900,1000
9306.0,13.92,17101900,233439276.0,13.9,13.89,13.88,13.87,13.86,13.85,13.84,13.83,13.82,13.81,13.92,13.93,13.94,13.95,13.96,13.97,13.98,13.99,14.0,14.01,3500,10100,13700,11300,20600,23100,8800,4800,14700,39200,29700,10400,4300,5800,12000,800,7900,34300,14900,1000
9307.0,13.9,17102200,233443446.0,13.9,13.89,13.88,13.87,13.86,13.85,13.84,13.83,13.82,13.81,13.92,13.93,13.94,13.95,13.96,13.97,13.98,13.99,14.0,14.01,3200,10100,13700,11300,20600,23100,8800,4800,14700,39200,29700,10400,4300,5800,12000,800,7900,34300,14900,1000
9308.0,13.9,17102200,233443446.0,13.9,13.89,13.88,13.87,13.86,13.85,13.84,13.83,13.82,13.81,13.92,13.93,13.94,13.95,13.96,13.97,13.98,13.99,14.0,14.01,5000,10100,13700,11300,20600,23100,8800,4800,14700,39200,29700,10400,4300,5800,12000,800,7900,34300,14900,1000
9309.0,13.9,17102200,233443446.0,13.9,13.89,13.88,13.87,13.86,13.85,13.84,13.83,13.82,13.81,13.91,13.92,13.93,13.94,13.95,13.96,13.97,13.98,13.99,14.0,5100,10100,13700,11300,20600,23100,8800,4800,14700,39200,900,31700,10400,4300,5800,12000,800,7900,34800,14900
9310.0,13.9,17102700,233450396.0,13.9,13.89,13.88,13.87,13.86,13.85,13.84,13.83,13.82,13.81,13.91,13.92,13.93,13.94,13.95,13.96,13.97,13.98,13.99,14.0,4600,10100,13700,11300,20600,23100,8800,4800,14700,39200,1900,32200,10400,4300,5800,12000,800,7900,34800,14900
9311.0,13.9,17102700,233450396.0,13.9,13.89,13.88,13.87,13.86,13.85,13.84,13.83,13.82,13.81,13.91,13.92,13.93,13.94,13.95,13.96,13.97,13.98,13.99,14.0,4600,10100,13700,11300,20600,23100,8800,4800,14700,39200,1900,32200,10400,4300,5800,12000,800,7900,34800,14900
9312.0,13.92,17108200,233526937.0,13.9,13.89,13.88,13.87,13.86,13.85,13.84,13.83,13.82,13.81,13.92,13.93,13.94,13.95,13.96,13.97,13.98,13.99,14.0,14.01,4600,10100,13700,11300,20600,23100,8800,4800,16000,39200,28600,10400,4300,5800,12000,800,7900,34800,14900,1000
9313.0,13.91,17110600,233560317.0,13.9,13.89,13.88,13.87,13.86,13.85,13.84,13.83,13.82,13.81,13.92,13.93,13.94,13.95,13.96,13.97,13.98,13.99,14.0,14.01,4200,9200,13700,11300,20600,23100,8800,4800,16000,39200,28600,10400,4300,7800,12000,800,7900,34800,14900,1000
9314.0,13.91,17110600,233560317.0,13.9,13.89,13.88,13.87,13.86,13.85,13.84,13.83,13.82,13.81,13.92,13.93,13.94,13.95,13.96,13.97,13.98,13.99,14.0,14.01,4200,9200,13700,11300,20600,23100,8800,4800,16000,39200,28600,10400,4300,8100,12000,800,7900,34800,14900,1000
9315.0,13.9,17111000,233565877.0,13.9,13.89,13.88,13.87,13.86,13.85,13.84,13.83,13.82,13.81,13.92,13.93,13.94,13.95,13.96,13.97,13.98,13.99,14.0,14.01,5300,9200,13700,11300,20600,23100,8800,4800,16000,39200,28600,10400,4300,8100,12000,800,7900,34800,12900,1000
9316.0,13.9,17111000,233565877.0,13.9,13.89,13.88,13.87,13.86,13.85,13.84,13.83,13.82,13.81,13.92,13.93,13.94,13.95,13.96,13.97,13.98,13.99,14.0,14.01,5300,9200,13700,11300,20600,23100,8800,4800,16000,39200,28600,10400,4300,8100,12000,800,7900,34800,12900,1000
9317.0,13.9,17111000,233565877.0,13.91,13.9,13.89,13.88,13.87,13.86,13.85,13.84,13.83,13.82,13.92,13.93,13.94,13.95,13.96,13.97,13.98,13.99,14.0,14.01,500,5300,9200,13700,11300,20600,23100,8800,4800,16000,28300,10400,4300,8100,12000,800,7900,34800,12900,1000
9318.0,13.9,17111000,233565877.0,13.91,13.9,13.89,13.88,13.87,13.86,13.85,13.84,13.83,13.82,13.92,13.93,13.94,13.95,13.96,13.97,13.98,13.99,14.0,14.01,500,5300,9200,13700,11300,20600,23100,8800,4800,16000,28300,10400,4300,8100,12000,800,7900,34800,12900,1000
9319.0,13.92,17111700,233575621.0,13.91,13.9,13.89,13.88,13.87,13.86,13.85,13.84,13.83,13.82,13.92,13.93,13.94,13.95,13.96,13.97,13.98,13.99,14.0,14.01,500,5300,9200,13700,11300,20600,23100,8800,4800,16000,27600,10400,4300,8100,12000,800,7900,34800,12900,1000
9320.0,13.95,17162100,234277622.0,13.95,13.91,13.9,13.89,13.88,13.87,13.86,13.85,13.84,13.83,13.96,13.97,13.98,13.99,14.0,14.01,14.02,14.03,14.04,14.05,39700,500,5300,9200,13700,11300,20600,23100,8800,4800,12000,800,7900,34800,12900,1000,2100,16100,2700,9000
9321.0,13.95,17164200,234306931.0,13.95,13.91,13.9,13.89,13.88,13.87,13.86,13.85,13.84,13.83,13.96,13.97,13.98,13.99,14.0,14.01,14.02,14.03,14.04,14.05,39000,500,5300,9200,13700,11300,20600,23100,8800,4800,10600,800,7900,34800,12900,1000,2100,16100,2700,9000
9322.0,13.95,17164200,234306931.0,13.95,13.91,13.9,13.89,13.88,13.87,13.86,13.85,13.84,13.83,13.96,13.97,13.98,13.99,14.0,14.01,14.02,14.03,14.04,14.05,39000,500,5300,9200,13700,11300,20600,23100,8800,4800,10600,800,7900,34800,12900,1000,2100,16100,2700,9000
9323.0,13.95,17166100,234333436.0,13.95,13.91,13.9,13.89,13.88,13.87,13.86,13.85,13.84,13.83,13.96,13.97,13.98,13.99,14.0,14.01,14.02,14.03,14.04,14.05,37100,500,6300,9200,13700,11900,20600,23100,8800,4800,10600,800,7900,34800,12900,1000,2100,16100,2700,9000
9324.0,13.95,17169500,234380866.0,13.95,13.91,13.9,13.89,13.88,13.87,13.86,13.85,13.84,13.83,13.96,13.97,13.98,13.99,14.0,14.01,14.02,14.03,14.04,14.05,33700,500,6300,9200,13700,11600,20600,23100,8800,4800,10600,800,7900,34800,12900,1000,2100,16100,2700,9000
9325.0,13.95,17169500,234380866.0,13.95,13.91,13.9,13.89,13.88,13.87,13.86,13.85,13.84,13.83,13.96,13.97,13.98,13.99,14.0,14.01,14.02,14.03,14.04,14.05,33700,500,6300,9200,13700,11600,20600,23100,8800,4800,10600,800,7900,34800,12900,1000,2100,16100,2700,9000
9326.0,13.95,17169800,234385051.0,13.95,13.91,13.9,13.89,13.88,13.87,13.86,13.85,13.84,13.83,13.96,13.97,13.98,13.99,14.0,14.01,14.02,14.03,14.04,14.05,33400,500,6300,9200,13700,11600,20600,23100,8800,4800,10600,800,7900,34800,12900,1000,2100,16100,2700,9000
9327.0,13.95,17171800,234412964.0,13.95,13.91,13.9,13.89,13.88,13.87,13.86,13.85,13.84,13.83,13.96,13.97,13.98,13.99,14.0,14.01,14.02,14.03,14.04,14.05,32700,500,5500,9200,13700,11600,20600,23100,8300,4800,9300,800,7900,34800,12900,1000,2100,16100,2700,9000
9328.0,13.96,17174500,234450641.0,13.95,13.91,13.9,13.89,13.88,13.87,13.86,13.85,13.84,13.83,13.96,13.97,13.98,13.99,14.0,14.01,14.02,14.03,14.04,14.05,31200,500,5500,9200,13700,11600,20600,23100,8300,4800,8100,800,7900,34800,12900,1000,2100,16100,2700,9000
9329.0,13.96,17174500,234450641.0,13.95,13.91,13.9,13.89,13.88,13.87,13.86,13.85,13.84,13.83,13.96,13.97,13.98,13.99,14.0,14.01,14.02,14.03,14.04,14.05,31200,500,5500,9200,13700,11600,20600,23100,8300,4800,8100,800,7900,34800,12900,1000,2100,16100,2700,9000
9330.0,13.95,17175200,234460406.0,13.95,13.91,13.9,13.89,13.88,13.87,13.86,13.85,13.84,13.83,13.96,13.97,13.98,13.99,14.0,14.01,14.02,14.03,14.04,14.05,30500,500,5500,9200,13700,11600,20600,23100,8300,4800,8100,800,7900,34800,12900,1000,2100,16100,2700,9000
9331.0,13.96,17178600,234507870.0,13.95,13.91,13.9,13.89,13.88,13.87,13.86,13.85,13.84,13.83,13.96,13.97,13.98,13.99,14.0,14.01,14.02,14.03,14.04,14.05,30500,1300,5500,9200,13700,11600,20600,23100,8300,4800,4700,800,7900,34800,12900,1000,2100,16100,2700,9000
9332.0,13.95,17183800,234580442.0,13.95,13.91,13.9,13.89,13.88,13.87,13.86,13.85,13.84,13.83,13.96,13.97,13.98,13.99,14.0,14.01,14.02,14.03,14.04,14.05,28500,1300,5500,9200,13700,11600,20900,23100,8300,4800,1500,800,7900,34800,12900,1000,2100,16100,2700,9000
9333.0,13.95,17184500,234590207.0,13.95,13.91,13.9,13.89,13.88,13.87,13.86,13.85,13.84,13.83,13.96,13.97,13.98,13.99,14.0,14.01,14.02,14.03,14.04,14.05,27800,1300,5500,9200,13700,11600,20900,23100,8300,4800,1500,800,7900,34800,12900,1000,2100,16100,2700,9000
9334.0,13.96,17185700,234606954.0,13.95,13.91,13.9,13.89,13.88,13.87,13.86,13.85,13.84,13.83,13.96,13.97,13.98,13.99,14.0,14.01,14.02,14.03,14.04,14.05,27300,1300,4000,9200,13700,11600,20900,22100,8300,4800,800,800,7900,34800,12900,1000,2100,16100,2700,9000
9335.0,13.96,17185700,234606954.0,13.95,13.91,13.9,13.89,13.88,13.87,13.86,13.85,13.84,13.83,13.96,13.97,13.98,13.99,14.0,14.01,14.02,14.03,14.04,14.05,27300,1300,4000,9200,13700,11600,20900,22100,8300,4800,800,800,7900,34800,12900,1000,2100,16100,2700,9000
9336.0,13.95,17186400,234616719.0,13.95,13.91,13.9,13.89,13.88,13.87,13.86,13.85,13.84,13.83,13.96,13.97,13.98,13.99,14.0,14.01,14.02,14.03,14.04,14.05,26600,1300,4000,7000,13700,11600,20900,22100,8300,4800,800,800,7900,34800,12900,1000,2100,16100,2700,9000
9337.0,13.96,17188200,234641837.0,13.96,13.95,13.92,13.91,13.9,13.89,13.88,13.87,13.86,13.85,13.97,13.98,13.99,14.0,14.01,14.02,14.03,14.04,14.05,14.06,200,25600,200,1300,5100,7000,14000,11600,20500,22100,800,7900,34800,12900,1000,2100,16100,2700,9000,3800
9338.0,13.96,17188200,234641837.0,13.96,13.95,13.92,13.91,13.9,13.89,13.88,13.87,13.86,13.85,13.97,13.98,13.99,14.0,14.01,14.02,14.03,14.04,14.05,14.06,400,25600,200,1300,7100,7000,14900,11600,20500,22100,800,7900,34800,12900,1000,2100,16100,2700,9000,3800
9339.0,13.97,17188600,234647425.0,13.96,13.95,13.92,13.91,13.9,13.89,13.88,13.87,13.86,13.85,13.97,13.98,13.99,14.0,14.01,14.02,14.03,14.04,14.05,14.06,600,25600,200,1300,8100,7000,14900,11600,20500,21600,400,7900,34800,12900,1000,2100,16100,2700,9000,3800
9340.0,13.97,17188600,234647425.0,13.96,13.95,13.92,13.91,13.9,13.89,13.88,13.87,13.86,13.85,13.97,13.98,13.99,14.0,14.01,14.02,14.03,14.04,14.05,14.06,900,25600,200,1300,8100,7000,14900,11600,20500,21600,100,7900,34800,12900,1000,2100,16100,2700,9000,3800
9341.0,13.96,17189600,234661385.0,13.96,13.95,13.92,13.91,13.9,13.89,13.88,13.87,13.86,13.85,13.97,13.98,13.99,14.0,14.01,14.02,14.03,14.04,14.05,14.06,2800,25600,200,1300,8100,7000,15200,11000,20500,21600,100,7900,34800,12900,1000,2100,16100,2700,9000,3800
9342.0,13.96,17189600,234661385.0,13.96,13.95,13.92,13.91,13.9,13.89,13.88,13.87,13.86,13.85,13.97,13.98,13.99,14.0,14.01,14.02,14.03,14.04,14.05,14.06,6800,25600,200,1300,8100,7000,15200,11000,20500,21600,100,7900,34800,12900,1000,2100,16100,2700,9000,3800
9343.0,13.96,17190900,234679533.0,13.96,13.95,13.92,13.91,13.9,13.89,13.88,13.87,13.86,13.85,13.97,13.98,13.99,14.0,14.01,14.02,14.03,14.04,14.05,14.06,6500,25600,200,500,8100,7000,15200,11000,18900,21600,100,7900,34800,12900,1000,2100,16100,2700,9000,3800
9344.0,13.96,17191600,234689305.0,13.96,13.95,13.92,13.91,13.9,13.89,13.88,13.87,13.86,13.85,13.97,13.98,13.99,14.0,14.01,14.02,14.03,14.04,14.05,14.06,6400,25600,200,500,8300,7000,15200,11000,18900,21600,100,7900,34800,12900,1000,2100,16100,2700,9000,3800
9345.0,13.96,17191600,234689305.0,13.96,13.95,13.92,13.91,13.9,13.89,13.88,13.87,13.86,13.85,13.97,13.98,13.99,14.0,14.01,14.02,14.03,14.04,14.05,14.06,6900,25600,200,500,29900,7000,14700,11000,18900,21600,100,7900,34800,12900,1000,2100,16100,2700,9000,3800
9346.0,13.96,17191600,234689305.0,13.96,13.95,13.92,13.91,13.9,13.89,13.88,13.87,13.86,13.85,13.97,13.98,13.99,14.0,14.01,14.02,14.03,14.04,14.05,14.06,6900,25600,200,500,29900,7000,14700,11000,18900,21700,100,7900,34800,12900,1000,2100,16100,2700,9000,3800
9347.0,13.96,17192300,234699077.0,13.96,13.95,13.92,13.91,13.9,13.89,13.88,13.87,13.86,13.85,13.97,13.98,13.99,14.0,14.01,14.02,14.03,14.04,14.05,14.06,7000,25600,200,500,29900,7000,14700,11000,18900,21700,2200,8600,34800,12900,1000,2100,16100,2700,9000,3800
9348.0,13.96,17193400,234714437.0,13.96,13.95,13.92,13.91,13.9,13.89,13.88,13.87,13.86,13.85,13.97,13.98,13.99,14.0,14.01,14.02,14.03,14.04,14.05,14.06,7100,25600,200,500,29900,7000,14700,11000,19000,21700,1800,8600,34800,12900,1000,2100,16100,2700,9000,3800
9349.0,13.97,17195300,234740980.0,13.97,13.96,13.95,13.92,13.91,13.9,13.89,13.88,13.87,13.86,13.98,13.99,14.0,14.01,14.02,14.03,14.04,14.05,14.06,14.07,1000,7600,25600,200,500,29900,7000,14700,11000,19000,8600,34800,12900,1000,2100,16100,2700,9000,3800,14300
9350.0,13.97,17196000,234750759.0,13.97,13.96,13.95,13.92,13.91,13.9,13.89,13.88,13.87,13.86,13.98,13.99,14.0,14.01,14.02,14.03,14.04,14.05,14.06,14.07,3200,7800,25600,200,500,29900,7000,14700,11000,19000,8600,34800,12900,1000,2100,16100,2700,9000,3800,14300
9351.0,13.97,17196000,234750759.0,13.97,13.96,13.95,13.92,13.91,13.9,13.89,13.88,13.87,13.86,13.98,13.99,14.0,14.01,14.02,14.03,14.04,14.05,14.06,14.07,3500,7800,25600,200,500,29900,6900,14700,11000,19000,8600,34800,12900,1000,2100,16100,2700,9000,3800,14300
9352.0,13.97,17196000,234750759.0,13.97,13.96,13.95,13.92,13.91,13.9,13.89,13.88,13.87,13.86,13.98,13.99,14.0,14.01,14.02,14.03,14.04,14.05,14.06,14.07,3700,7800,25600,200,500,29900,6900,14700,11000,19000,8600,34800,12900,1000,2100,16100,2700,9000,3800,14300
9353.0,13.97,17196300,234754950.0,13.97,13.96,13.95,13.92,13.91,13.9,13.89,13.88,13.87,13.86,13.98,13.99,14.0,14.01,14.02,14.03,14.04,14.05,14.06,14.07,3600,7800,25600,200,500,29900,6900,14700,11000,19000,8600,34800,12900,1000,2100,16100,2700,9000,3800,14300
9354.0,13.97,17197000,234764729.0,13.97,13.96,13.95,13.92,13.91,13.9,13.89,13.88,13.87,13.86,13.98,13.99,14.0,14.01,14.02,14.03,14.04,14.05,14.06,14.07,3000,7800,25600,200,500,29900,6900,14700,11000,19000,8900,34800,12900,1000,2100,16100,2700,9000,3800,14300
9355.0,13.97,17197200,234767523.0,13.97,13.96,13.95,13.92,13.91,13.9,13.89,13.88,13.87,13.86,13.98,13.99,14.0,14.01,14.02,14.03,14.04,14.05,14.06,14.07,2800,7800,25600,200,500,29900,6900,14700,11000,19000,8900,34800,12900,1000,2100,16100,2700,9000,3800,14300
9356.0,13.97,17198100,234780103.0,13.97,13.96,13.95,13.92,13.91,13.9,13.89,13.88,13.87,13.86,13.98,13.99,14.0,14.01,14.02,14.03,14.04,14.05,14.06,14.07,2600,7800,25600,200,500,29900,6900,14700,11000,19000,8200,34800,12800,1000,2100,16100,2700,9000,3800,14300
9357.0,13.97,17199100,234794073.0,13.97,13.96,13.95,13.92,13.91,13.9,13.89,13.88,13.87,13.86,13.98,13.99,14.0,14.01,14.02,14.03,14.04,14.05,14.06,14.07,2000,7800,25600,200,500,29900,6900,14700,11000,19000,8200,34800,12800,1000,2100,16100,2700,9000,3800,14300
9358.0,13.97,17199100,234794073.0,13.97,13.96,13.92,13.91,13.9,13.89,13.88,13.87,13.86,13.85,13.98,13.99,14.0,14.01,14.02,14.03,14.04,14.05,14.06,14.07,2300,7300,200,500,29900,6900,14700,11000,19000,20400,8200,34800,12800,1000,2100,16100,2700,9000,3800,14300
9359.0,13.97,17199200,234795470.0,13.97,13.96,13.92,13.91,13.9,13.89,13.88,13.87,13.86,13.85,13.98,13.99,14.0,14.01,14.02,14.03,14.04,14.05,14.06,14.07,2200,7300,200,500,29900,6900,13700,11000,19000,20400,8200,34800,12800,1000,2100,16100,2700,9000,3800,14300
9360.0,13.97,17199400,234798264.0,13.97,13.96,13.92,13.91,13.9,13.89,13.88,13.87,13.86,13.85,13.98,13.99,14.0,14.01,14.02,14.03,14.04,14.05,14.06,14.07,2700,7300,200,500,29900,6900,13700,11000,19000,20400,8200,34800,12800,1000,2100,16100,2700,9000,3800,14300
9361.0,13.98,17200900,234819234.0,13.97,13.96,13.92,13.91,13.9,13.89,13.88,13.87,13.86,13.85,13.98,13.99,14.0,14.01,14.02,14.03,14.04,14.05,14.06,14.07,2700,7300,200,500,29900,6900,13700,11000,19000,20400,6700,34800,12800,1000,2100,16100,2700,9000,3800,14300
9362.0,13.98,17200900,234819234.0,13.97,13.96,13.92,13.91,13.9,13.89,13.88,13.87,13.86,13.85,13.98,13.99,14.0,14.01,14.02,14.03,14.04,14.05,14.06,14.07,3900,7300,200,500,29900,6900,13700,11000,19000,21700,6700,34800,12800,1000,2100,16100,2700,9000,3800,14300
9363.0,13.97,17205500,234883503.0,13.96,13.92,13.91,13.9,13.89,13.88,13.87,13.86,13.85,13.84,13.98,13.99,14.0,14.01,14.02,14.03,14.04,14.05,14.06,14.07,7300,200,500,29900,6900,13700,11000,19000,21700,8300,6000,34800,12800,1000,2100,16100,2700,9000,3800,14300
9364.0,13.97,17206500,234897473.0,13.96,13.92,13.91,13.9,13.89,13.88,13.87,13.86,13.85,13.84,13.97,13.98,13.99,14.0,14.01,14.02,14.03,14.04,14.05,14.06,7300,200,500,29900,6900,13700,10500,19000,21700,8300,200,6000,34800,12800,1000,2100,16100,2700,9000,3800
9365.0,13.96,17207900,234917017.0,13.96,13.92,13.91,13.9,13.89,13.88,13.87,13.86,13.85,13.84,13.97,13.98,13.99,14.0,14.01,14.02,14.03,14.04,14.05,14.06,5900,200,500,29900,6900,13700,10500,19000,21700,8300,500,6000,34800,12800,1000,2100,16100,2700,9000,3800
9366.0,13.97,17208800,234929585.0,13.96,13.92,13.91,13.9,13.89,13.88,13.87,13.86,13.85,13.84,13.97,13.98,13.99,14.0,14.01,14.02,14.03,14.04,14.05,14.06,5400,200,500,29900,6900,13700,10500,19000,21700,8300,500,6000,34800,12800,1000,2100,16100,2700,9000,3800
9367.0,13.96,17210100,234947733.0,13.96,13.92,13.91,13.9,13.89,13.88,13.87,13.86,13.85,13.84,13.97,13.98,13.99,14.0,14.01,14.02,14.03,14.04,14.05,14.06,3900,200,500,31000,6900,13700,10500,19000,21700,8300,500,6300,34800,12800,1000,2100,16100,2700,9000,3800
9368.0,13.96,17212000,234974257.0,13.96,13.92,13.91,13.9,13.89,13.88,13.87,13.86,13.85,13.84,13.97,13.98,13.99,14.0,14.01,14.02,14.03,14.04,14.05,14.06,2000,200,500,31000,6900,13700,10500,19000,21700,8300,500,6300,34800,12800,1000,2100,16100,2700,9000,3800
9369.0,14.0,17266700,235739560.0,14.0,13.96,13.92,13.91,13.9,13.89,13.88,13.87,13.86,13.85,14.01,14.02,14.03,14.04,14.05,14.06,14.07,14.08,14.09,14.1,1200,1800,200,500,31000,6900,13700,10500,19000,21700,1000,2100,16100,2700,9000,3800,14300,11300,11500,17200
9370.0,14.0,17267000,235743760.0,14.0,13.98,13.96,13.92,13.91,13.9,13.89,13.88,13.87,13.86,14.01,14.02,14.03,14.04,14.05,14.06,14.07,14.08,14.09,14.1,900,1500,1800,200,500,31000,6900,13700,10500,19000,1000,2100,16100,2700,9000,3800,14300,11300,11500,17200
9371.0,14.01,17267100,235745161.0,14.0,13.98,13.96,13.92,13.91,13.9,13.89,13.88,13.87,13.86,14.01,14.02,14.03,14.04,14.05,14.06,14.07,14.08,14.09,14.1,900,1500,2800,200,500,31000,6900,13700,10500,19000,900,2100,16100,2700,9000,3800,14300,11300,11500,17200
9372.0,14.0,17267300,235747961.0,14.0,13.98,13.96,13.92,13.91,13.9,13.89,13.88,13.87,13.86,14.01,14.02,14.03,14.04,14.05,14.06,14.07,14.08,14.09,14.1,700,1500,2800,200,500,32000,6900,13700,10500,19000,900,2200,16100,2700,9000,3800,14300,11300,11500,17200
9373.0,14.0,17267300,235747961.0,14.0,13.98,13.96,13.92,13.91,13.9,13.89,13.88,13.87,13.86,14.01,14.02,14.03,14.04,14.05,14.06,14.07,14.08,14.09,14.1,700,1500,2800,200,500,32100,6900,13700,10500,19000,900,2200,16100,2700,9000,3800,14300,11300,11500,15400
9374.0,14.0,17267300,235747961.0,14.0,13.98,13.96,13.92,13.91,13.9,13.89,13.88,13.87,13.86,14.01,14.02,14.03,14.04,14.05,14.06,14.07,14.08,14.09,14.1,700,4200,2800,200,500,32100,6900,13700,10500,19000,900,2200,16100,2700,9000,3800,14300,11300,11500,15400
9375.0,14.0,17267300,235747961.0,14.0,13.98,13.96,13.92,13.91,13.9,13.89,13.88,13.87,13.86,14.01,14.02,14.03,14.04,14.05,14.06,14.07,14.08,14.09,14.1,700,4400,2800,200,500,32100,6900,13700,10500,19000,900,2200,16100,2700,9000,3800,14300,11300,11500,15700
9376.0,14.01,17268200,235760570.0,14.01,14.0,13.98,13.96,13.92,13.91,13.9,13.89,13.88,13.87,14.02,14.03,14.04,14.05,14.06,14.07,14.08,14.09,14.1,14.11,100,700,4400,2800,200,500,32100,6900,13700,10500,2200,16100,2700,9000,3800,14300,11300,11500,15400,3500
9377.0,14.01,17268200,235760570.0,14.01,14.0,13.98,13.96,13.92,13.91,13.9,13.89,13.88,13.87,14.02,14.03,14.04,14.05,14.06,14.07,14.08,14.09,14.1,14.11,100,700,4400,2800,200,500,32100,6900,13700,10500,2200,16100,2700,9000,3800,14300,11300,11500,15400,3500
9378.0,14.02,17268400,235763374.0,14.01,14.0,13.98,13.96,13.92,13.91,13.9,13.89,13.88,13.87,14.02,14.03,14.04,14.05,14.06,14.07,14.08,14.09,14.1,14.11,800,1000,4400,2800,200,500,32100,6900,13700,10500,2000,16100,2700,9000,3800,14300,11300,11500,15400,3500
9379.0,14.02,17268400,235763374.0,14.01,14.0,13.98,13.96,13.92,13.91,13.9,13.89,13.88,13.87,14.02,14.03,14.04,14.05,14.06,14.07,14.08,14.09,14.1,14.11,4200,1000,4400,2800,200,500,32100,6900,13700,10500,2000,16100,2700,9000,3800,14300,11300,11500,15400,3500
9380.0,14.02,17268400,235763374.0,14.01,14.0,13.98,13.96,13.92,13.91,13.9,13.89,13.88,13.87,14.02,14.03,14.04,14.05,14.06,14.07,14.08,14.09,14.1,14.11,4500,1000,4400,4600,200,500,32100,6900,13700,10500,2000,16100,2700,9000,3800,14300,11300,11500,15400,3500
9381.0,14.01,17268800,235768978.0,14.01,14.0,13.98,13.96,13.92,13.91,13.9,13.89,13.88,13.87,14.02,14.03,14.04,14.05,14.06,14.07,14.08,14.09,14.1,14.11,4400,1000,4400,4600,200,500,32600,6900,13700,10500,2000,16100,2700,9000,3800,14300,11300,11500,15400,3500
9382.0,14.01,17268800,235768978.0,14.01,14.0,13.98,13.96,13.92,13.91,13.9,13.89,13.88,13.87,14.02,14.03,14.04,14.05,14.06,14.07,14.08,14.09,14.1,14.11,4400,1100,4400,4600,200,500,32600,6900,13700,10500,2000,16100,2700,9000,3800,14300,11300,11500,15400,3500
9383.0,14.02,17270100,235787204.0,14.01,14.0,13.98,13.96,13.92,13.91,13.9,13.89,13.88,13.87,14.02,14.03,14.04,14.05,14.06,14.07,14.08,14.09,14.1,14.11,4400,1100,4400,4600,200,500,32600,6900,13700,10500,700,16100,2700,9000,3800,14300,11300,11500,15400,3500
9384.0,14.01,17270500,235792808.0,14.01,14.0,13.98,13.96,13.92,13.91,13.9,13.89,13.88,13.87,14.02,14.03,14.04,14.05,14.06,14.07,14.08,14.09,14.1,14.11,4000,1100,4200,4600,200,500,32600,6900,12800,10500,700,16100,2700,9000,3800,14300,11300,11500,15400,3500
9385.0,14.01,17272300,235818036.0,14.01,14.0,13.98,13.96,13.92,13.91,13.9,13.89,13.88,13.87,14.03,14.04,14.05,14.06,14.07,14.08,14.09,14.1,14.11,14.12,3200,1100,4200,4600,700,500,32600,6900,12800,10500,16100,2700,9000,3800,14300,11300,11500,15400,3500,1000
9386.0,14.02,17272600,235822242.0,14.02,14.01,14.0,13.98,13.96,13.92,13.91,13.9,13.89,13.88,14.03,14.04,14.05,14.06,14.07,14.08,14.09,14.1,14.11,14.12,800,3200,1100,4200,4600,700,500,11000,6900,12800,16100,2700,9000,3800,14300,11300,11500,15400,3500,1000
9387.0,14.02,17272600,235822242.0,14.02,14.01,14.0,13.98,13.96,13.92,13.91,13.9,13.89,13.88,14.03,14.04,14.05,14.06,14.07,14.08,14.09,14.1,14.11,14.12,1400,3500,1000,4200,4600,700,500,11200,6900,12800,16100,2700,9000,3800,14300,11300,11500,15400,3500,1000
9388.0,14.02,17272800,235825046.0,14.02,14.01,14.0,13.98,13.96,13.92,13.91,13.9,13.89,13.88,14.03,14.04,14.05,14.06,14.07,14.08,14.09,14.1,14.11,14.12,2000,3500,1000,4200,4600,700,500,12800,6900,12800,16100,2700,9000,3800,14300,11300,11500,15400,3500,1000
9389.0,14.02,17273300,235832056.0,14.02,14.01,14.0,13.98,13.96,13.92,13.91,13.9,13.89,13.88,14.03,14.04,14.05,14.06,14.07,14.08,14.09,14.1,14.11,14.12,2100,3500,1000,4200,4600,700,500,12800,6900,12800,16100,2700,9000,3800,14300,11300,11500,15400,3500,1000
9390.0,14.03,17274100,235843278.0,14.02,14.01,14.0,13.98,13.96,13.92,13.91,13.9,13.89,13.88,14.03,14.04,14.05,14.06,14.07,14.08,14.09,14.1,14.11,14.12,1900,3500,1000,4200,4600,700,500,12800,6900,12800,15500,2700,9000,3800,14300,11300,11500,15400,3500,1000
9391.0,14.03,17274100,235843278.0,14.02,14.01,14.0,13.98,13.96,13.92,13.91,13.9,13.89,13.88,14.03,14.04,14.05,14.06,14.07,14.08,14.09,14.1,14.11,14.12,1900,3500,1000,4200,4600,700,500,12800,6900,12800,15500,2700,9000,3800,14300,11300,11500,15400,3500,1000
9392.0,14.03,17275200,235858711.0,14.02,14.01,14.0,13.98,13.96,13.92,13.91,13.9,13.89,13.88,14.03,14.04,14.05,14.06,14.07,14.08,14.09,14.1,14.11,14.12,1900,3500,1000,4200,4600,700,500,12800,6900,12800,14400,2700,9500,3800,14300,11300,11500,15400,3500,1000
9393.0,14.03,17276300,235874143.0,14.02,14.01,14.0,13.98,13.96,13.92,13.91,13.9,13.89,13.88,14.03,14.04,14.05,14.06,14.07,14.08,14.09,14.1,14.11,14.12,1800,3500,1000,4200,4600,700,500,12800,6900,12800,13400,2700,9500,3800,14300,11300,11500,15400,3500,1000
9394.0,14.03,17277200,235886770.0,14.02,14.01,14.0,13.98,13.96,13.92,13.91,13.9,13.89,13.88,14.03,14.04,14.05,14.06,14.07,14.08,14.09,14.1,14.11,14.12,1800,3500,1000,4200,4600,700,500,12800,6900,12800,12500,2700,9500,3800,14300,11300,11500,15400,3500,1000
9395.0,14.03,17277500,235890979.0,14.02,14.01,14.0,13.98,13.96,13.92,13.91,13.9,13.89,13.88,14.03,14.04,14.05,14.06,14.07,14.08,14.09,14.1,14.11,14.12,1800,3500,1000,4200,4600,700,500,12800,6900,12800,12200,2700,9500,3800,14300,11300,11500,15900,3500,1000
9396.0,14.03,17278200,235900799.0,14.02,14.01,14.0,13.98,13.96,13.92,13.91,13.9,13.89,13.88,14.03,14.04,14.05,14.06,14.07,14.08,14.09,14.1,14.11,14.12,1700,3500,1000,4200,4600,700,500,12800,6900,12800,11600,2700,9500,3800,14300,11300,11500,15900,3500,1600
9397.0,14.02,17279100,235913417.0,14.02,14.01,14.0,13.98,13.96,13.92,13.91,13.9,13.89,13.88,14.03,14.04,14.05,14.06,14.07,14.08,14.09,14.1,14.11,14.12,800,3800,1000,4200,4600,1000,500,12800,6900,12800,11600,2700,9500,3800,14300,12300,11500,15900,3500,1600
9398.0,14.02,17282800,235965323.0,14.02,14.01,14.0,13.98,13.96,13.92,13.91,13.9,13.89,13.88,14.03,14.04,14.05,14.06,14.07,14.08,14.09,14.1,14.11,14.12,300,3800,1000,4200,4600,1000,500,12800,6900,12800,8400,2700,9500,3800,14300,12300,11500,15900,3500,1600
9399.0,14.03,17284200,235984965.0,14.02,14.01,14.0,13.98,13.96,13.92,13.91,13.9,13.89,13.88,14.03,14.04,14.05,14.06,14.07,14.08,14.09,14.1,14.11,14.12,300,3800,1000,4200,4600,1000,500,12800,6900,12800,7000,2700,9500,3800,14300,12300,11500,15900,3500,1600
9400.0,14.02,17285300,236000396.0,14.02,14.01,14.0,13.98,13.96,13.92,13.91,13.9,13.89,13.88,14.03,14.04,14.05,14.06,14.07,14.08,14.09,14.1,14.11,14.12,100,3800,1000,4200,4600,1000,500,12800,6900,12800,6600,2700,9500,3800,14300,12300,11500,15900,3500,1600
9401.0,14.03,17285500,236003202.0,14.02,14.01,14.0,13.98,13.96,13.92,13.91,13.9,13.89,13.88,14.03,14.04,14.05,14.06,14.07,14.08,14.09,14.1,14.11,14.12,100,3800,1000,4200,4600,1000,500,12800,6900,12800,6400,2700,9500,3800,14300,12300,11500,15900,3500,1600
9402.0,14.03,17288700,236048098.0,14.02,14.01,14.0,13.98,13.96,13.92,13.91,13.9,13.89,13.88,14.03,14.04,14.05,14.06,14.07,14.08,14.09,14.1,14.11,14.12,100,3800,1000,4200,4600,1000,500,12800,6900,12800,3200,2700,9500,3800,14300,12300,11500,15900,3500,1600
9403.0,14.03,17288700,236048098.0,14.02,14.01,14.0,13.98,13.96,13.92,13.91,13.9,13.89,13.88,14.03,14.04,14.05,14.06,14.07,14.08,14.09,14.1,14.11,14.12,100,3800,1000,4200,4600,1000,500,12800,6900,12800,3200,2700,9500,3800,14300,12300,11500,15900,3500,1600
9404.0,14.03,17289300,236056516.0,14.02,14.01,14.0,13.98,13.96,13.92,13.91,13.9,13.89,13.88,14.03,14.04,14.05,14.06,14.07,14.08,14.09,14.1,14.11,14.12,100,3500,1000,4200,4600,1000,500,12800,6900,12800,2600,2700,9500,3800,14300,12300,11500,15900,3500,1600
9405.0,14.03,17291900,236092994.0,14.03,14.01,14.0,13.98,13.96,13.92,13.91,13.9,13.89,13.88,14.04,14.05,14.06,14.07,14.08,14.09,14.1,14.11,14.12,14.13,100,3500,1000,4200,4600,1000,500,13100,6900,12800,2700,9500,3800,14300,12300,11500,16300,3500,1600,600
9406.0,14.01,17293200,236111215.0,14.01,14.0,13.98,13.96,13.92,13.91,13.9,13.89,13.88,13.87,14.02,14.04,14.05,14.06,14.07,14.08,14.09,14.1,14.11,14.12,2500,1000,4200,4600,1000,500,13100,6900,12800,9800,400,2500,9500,3800,14300,12300,11500,16300,3500,1600
9407.0,14.01,17293200,236111215.0,14.01,14.0,13.98,13.96,13.92,13.91,13.9,13.89,13.88,13.87,14.02,14.04,14.05,14.06,14.07,14.08,14.09,14.1,14.11,14.12,2500,1000,4200,4600,1000,500,13100,6900,12800,9800,400,2500,9500,3800,14300,12300,11500,17800,3500,1600
9408.0,14.04,17294400,236128049.0,14.01,14.0,13.98,13.96,13.92,13.91,13.9,13.89,13.88,13.87,14.04,14.05,14.06,14.07,14.08,14.09,14.1,14.11,14.12,14.13,2300,1000,4200,2800,1000,500,11200,6900,12800,9800,1900,9500,3800,14300,12300,11500,17800,3500,1600,600
9409.0,14.04,17294400,236128049.0,14.03,14.01,14.0,13.98,13.96,13.92,13.91,13.9,13.89,13.88,14.04,14.05,14.06,14.07,14.08,14.09,14.1,14.11,14.12,14.13,1000,4000,1500,4200,2800,1000,500,11200,6900,12800,3600,9500,3800,14300,12300,11500,17800,3500,1600,600
9410.0,14.03,17294700,236132258.0,14.03,14.01,14.0,13.98,13.96,13.92,13.91,13.9,13.89,13.88,14.04,14.05,14.06,14.07,14.08,14.09,14.1,14.11,14.12,14.13,1500,4000,1500,4200,2800,1000,500,11200,6900,12800,3600,9500,3800,14300,12300,11500,17800,3500,1600,600
9411.0,14.04,17295200,236139278.0,14.03,14.01,14.0,13.98,13.96,13.92,13.91,13.9,13.89,13.88,14.04,14.05,14.06,14.07,14.08,14.09,14.1,14.11,14.12,14.13,1500,4000,1500,4200,2800,1800,500,11200,6900,12800,3100,9500,3800,14300,12300,11500,17800,3500,1600,600
9412.0,14.04,17295900,236149106.0,14.03,14.01,14.0,13.98,13.96,13.92,13.91,13.9,13.89,13.88,14.04,14.05,14.06,14.07,14.08,14.09,14.1,14.11,14.12,14.13,1600,4000,1500,4200,2800,1800,500,11200,6900,12800,2400,9500,3800,14300,12300,11500,17800,3500,1600,600
9413.0,14.04,17298500,236185609.0,14.03,14.01,14.0,13.98,13.96,13.92,13.91,13.9,13.89,13.88,14.04,14.05,14.06,14.07,14.08,14.09,14.1,14.11,14.12,14.13,1500,4000,1500,4200,2800,1800,500,11200,6900,12800,2000,9500,3800,14300,12300,11500,17800,3500,1600,600
9414.0,14.04,17298800,236189821.0,14.03,14.01,14.0,13.98,13.96,13.92,13.91,13.9,13.89,13.88,14.04,14.05,14.06,14.07,14.08,14.09,14.1,14.11,14.12,14.13,1500,4000,1500,4200,2800,1800,500,11200,6900,12800,1700,9500,3800,14300,12300,11500,17800,3500,1600,600
9415.0,14.04,17299100,236194033.0,14.03,14.01,14.0,13.98,13.96,13.92,13.91,13.9,13.89,13.88,14.04,14.05,14.06,14.07,14.08,14.09,14.1,14.11,14.12,14.13,1500,4000,1500,4200,2800,1800,500,11200,6900,12800,1400,9500,3800,14300,12300,11500,17800,3500,1600,600
9416.0,14.04,17299300,236196840.0,14.03,14.01,14.0,13.98,13.96,13.92,13.91,13.9,13.89,13.88,14.04,14.05,14.06,14.07,14.08,14.09,14.1,14.11,14.12,14.13,1700,4000,1500,4200,2800,1800,500,11200,6900,12800,1300,9500,3800,14300,12300,11500,17800,3500,1600,600
9417.0,14.04,17299300,236196840.0,14.03,14.01,14.0,13.98,13.96,13.92,13.91,13.9,13.89,13.88,14.04,14.05,14.06,14.07,14.08,14.09,14.1,14.11,14.12,14.13,1700,4000,1500,4200,2800,1800,500,11200,6900,12800,1300,9500,3800,14300,12300,11500,17800,3500,1600,600
9418.0,14.04,17299300,236196840.0,14.03,14.01,14.0,13.98,13.96,13.92,13.91,13.9,13.89,13.88,14.04,14.05,14.06,14.07,14.08,14.09,14.1,14.11,14.12,14.13,1700,3700,1500,4200,2800,1800,500,11200,6900,12800,1300,9500,3800,14300,12300,11500,15800,3500,1600,600
9419.0,14.03,17299400,236198243.0,14.03,14.01,14.0,13.98,13.96,13.92,13.91,13.9,13.89,13.88,14.04,14.05,14.06,14.07,14.08,14.09,14.1,14.11,14.12,14.13,1600,3700,1500,4200,2800,1800,500,11200,6900,12800,1300,9500,3800,14300,12300,11500,16300,3500,1600,600
9420.0,14.04,17300200,236209475.0,14.03,14.01,14.0,13.98,13.96,13.92,13.91,13.9,13.89,13.88,14.04,14.05,14.06,14.07,14.08,14.09,14.1,14.11,14.12,14.13,1600,3700,1500,4200,2800,1800,500,13200,6900,12800,500,9500,3800,14300,12300,11500,16300,3500,1600,600
9421.0,14.05,17301600,236229140.0,14.03,14.01,14.0,13.98,13.96,13.92,13.91,13.9,13.89,13.88,14.05,14.06,14.07,14.08,14.09,14.1,14.11,14.12,14.13,14.14,1600,3700,1500,4200,2800,1800,500,13200,6900,12800,9600,3800,14300,12300,11500,16300,3500,1600,600,8300
9422.0,14.03,17302000,236234752.0,14.03,14.01,14.0,13.98,13.96,13.92,13.91,13.9,13.89,13.88,14.05,14.06,14.07,14.08,14.09,14.1,14.11,14.12,14.13,14.14,1700,3700,1500,4200,2800,1800,500,13200,6900,12800,10100,3800,14300,12300,11500,16300,3500,1600,600,8300
9423.0,14.03,17302000,236234752.0,14.03,14.01,14.0,13.98,13.96,13.92,13.91,13.9,13.89,13.88,14.05,14.06,14.07,14.08,14.09,14.1,14.11,14.12,14.13,14.14,2400,3700,1500,4200,2800,1800,500,13200,6900,12800,10800,3800,14300,12300,11500,16300,3500,1600,600,8300
9424.0,14.04,17302100,236236156.0,14.03,14.01,14.0,13.98,13.96,13.92,13.91,13.9,13.89,13.88,14.04,14.05,14.06,14.07,14.08,14.09,14.1,14.11,14.12,14.13,2400,3700,1500,4200,2800,1800,500,13200,6900,12800,1500,10800,3800,14300,12300,11500,16300,3500,1600,600
9425.0,14.03,17302300,236238962.0,14.03,14.01,14.0,13.98,13.96,13.92,13.91,13.9,13.89,13.88,14.04,14.05,14.06,14.07,14.08,14.09,14.1,14.11,14.12,14.13,2200,3700,1500,4200,2800,1800,500,13200,6900,12800,1500,10800,3800,14300,12300,11500,16300,3500,1600,600
9426.0,14.03,17304600,236271232.0,14.01,14.0,13.98,13.96,13.92,13.91,13.9,13.89,13.88,13.87,14.03,14.04,14.05,14.06,14.07,14.08,14.09,14.1,14.11,14.12,3700,1500,4200,2800,1800,500,13200,6900,12800,9800,2800,1400,11400,3800,14300,11300,11500,16300,3500,1600
9427.0,14.03,17305200,236279650.0,14.01,14.0,13.98,13.96,13.92,13.91,13.9,13.89,13.88,13.87,14.03,14.04,14.05,14.06,14.07,14.08,14.09,14.1,14.11,14.12,4200,1500,4200,2800,1800,500,13200,6900,12800,9800,4200,1500,11400,3800,14300,11300,11500,16300,3500,1600
9428.0,14.01,17306000,236290866.0,14.01,14.0,13.98,13.96,13.92,13.91,13.9,13.89,13.88,13.87,14.03,14.04,14.05,14.06,14.07,14.08,14.09,14.1,14.11,14.12,4500,1500,4200,2800,1800,500,13200,6900,12800,9800,4500,1500,11400,3800,14300,11300,11500,16300,3500,1600
9429.0,14.01,17306000,236290866.0,14.01,14.0,13.98,13.96,13.92,13.91,13.9,13.89,13.88,13.87,14.03,14.04,14.05,14.06,14.07,14.08,14.09,14.1,14.11,14.12,4500,1500,4200,2800,1800,500,13200,6900,12800,9800,5000,1500,11400,3800,14300,11300,11500,16300,3500,1600
9430.0,14.01,17306000,236290866.0,14.01,14.0,13.98,13.96,13.92,13.91,13.9,13.89,13.88,13.87,14.02,14.03,14.04,14.05,14.06,14.07,14.08,14.09,14.1,14.11,5700,1500,4200,2800,1800,500,13200,6900,12800,9800,600,5700,1500,11900,3800,14300,11300,11500,16300,3500
9431.0,14.01,17306500,236297871.0,14.01,14.0,13.98,13.96,13.92,13.91,13.9,13.89,13.88,13.87,14.02,14.03,14.04,14.05,14.06,14.07,14.08,14.09,14.1,14.11,5200,1500,4200,2800,1800,500,13200,6900,12800,9800,600,6700,4200,11900,3800,14300,11300,11500,16300,3500
9432.0,14.01,17306800,236302074.0,14.01,14.0,13.98,13.96,13.92,13.91,13.9,13.89,13.88,13.87,14.02,14.03,14.04,14.05,14.06,14.07,14.08,14.09,14.1,14.11,4900,1500,4200,2800,1800,500,13200,6900,12800,9800,1100,6700,4400,13000,3800,14300,11300,11500,16300,3500
9433.0,14.01,17308000,236318887.0,14.01,14.0,13.98,13.96,13.92,13.91,13.9,13.89,13.88,13.87,14.02,14.03,14.04,14.05,14.06,14.07,14.08,14.09,14.1,14.11,3800,1500,4200,2800,1800,500,13200,6900,12800,9800,1000,6700,4500,13000,3800,14300,11300,11500,16300,3500
9434.0,14.01,17308300,236323090.0,14.01,14.0,13.98,13.96,13.92,13.91,13.9,13.89,13.88,13.87,14.02,14.03,14.04,14.05,14.06,14.07,14.08,14.09,14.1,14.11,3500,1500,4200,2800,1800,500,13200,8000,12800,9800,1000,6700,4500,12500,3800,14300,11300,11500,15800,3500
9435.0,14.03,17310200,236349721.0,14.01,14.0,13.98,13.96,13.92,13.91,13.9,13.89,13.88,13.87,14.03,14.04,14.05,14.06,14.07,14.08,14.09,14.1,14.11,14.12,2700,1500,2700,2800,1800,500,13200,8000,12800,9800,6600,5200,12500,3800,14300,11300,11500,15800,3500,1600
9436.0,14.01,17312900,236387548.0,14.0,13.98,13.96,13.92,13.91,13.9,13.89,13.88,13.87,13.86,14.01,14.03,14.04,14.05,14.06,14.07,14.08,14.09,14.1,14.11,1500,2700,2800,1800,500,13200,8000,12800,9800,19000,1300,6600,5200,12500,3800,14300,11300,11500,15800,3500
9437.0,14.0,17313000,236388948.0,14.0,13.98,13.96,13.92,13.91,13.9,13.89,13.88,13.87,13.86,14.01,14.03,14.04,14.05,14.06,14.07,14.08,14.09,14.1,14.11,1400,2700,1800,1800,500,13200,8000,12800,9800,19000,1300,6600,5200,12500,3800,14300,11300,11500,15800,3500
9438.0,14.0,17313000,236388948.0,14.0,13.98,13.96,13.92,13.91,13.9,13.89,13.88,13.87,13.86,14.01,14.03,14.04,14.05,14.06,14.07,14.08,14.09,14.1,14.11,1400,2700,1800,1800,500,13200,8000,12800,9800,19000,1300,6600,5200,12500,3800,14300,11300,11500,15800,3500
9439.0,14.0,17314400,236408548.0,13.98,13.96,13.92,13.91,13.9,13.89,13.88,13.87,13.86,13.85,14.0,14.01,14.02,14.03,14.04,14.05,14.06,14.07,14.08,14.09,2700,1800,1800,500,13200,8000,12800,9800,19000,7500,4700,1500,1000,6600,5200,12500,3800,14300,11300,12000
9440.0,14.0,17314400,236408548.0,13.98,13.96,13.92,13.91,13.9,13.89,13.88,13.87,13.86,13.85,14.0,14.01,14.02,14.03,14.04,14.05,14.06,14.07,14.08,14.09,3500,1800,1800,500,13200,8000,12800,9800,19000,7500,5600,2100,1000,6600,5800,12500,3800,14300,9600,12000
9441.0,14.0,17315000,236416948.0,13.98,13.96,13.92,13.91,13.9,13.89,13.88,13.87,13.86,13.85,14.0,14.01,14.02,14.03,14.04,14.05,14.06,14.07,14.08,14.09,3700,1000,1800,500,13200,8000,12800,9800,19000,7500,5500,2100,1000,6600,5800,12500,3800,14300,9600,12000
9442.0,14.0,17315400,236422542.0,13.98,13.96,13.92,13.91,13.9,13.89,13.88,13.87,13.86,13.85,14.0,14.01,14.02,14.03,14.04,14.05,14.06,14.07,14.08,14.09,4200,1000,1800,500,13200,8000,12800,9800,19000,7500,11200,2100,1300,7100,5800,12500,3800,14300,9600,12000
9443.0,13.98,17317700,236454696.0,13.98,13.96,13.92,13.91,13.9,13.89,13.88,13.87,13.86,13.85,14.0,14.01,14.02,14.03,14.04,14.05,14.06,14.07,14.08,14.09,1900,1000,1800,500,13200,8000,12800,9800,19400,7500,11400,2500,1300,7100,5800,12500,3800,14300,9600,12000
9444.0,13.98,17318000,236458890.0,13.98,13.96,13.92,13.91,13.9,13.89,13.88,13.87,13.86,13.85,14.0,14.01,14.02,14.03,14.04,14.05,14.06,14.07,14.08,14.09,2700,1000,1800,500,13200,8000,12800,9800,19400,7500,16400,2500,1300,7100,5800,12500,3800,15300,9600,12000
9445.0,13.98,17318200,236461686.0,13.98,13.96,13.92,13.91,13.9,13.89,13.88,13.87,13.86,13.85,14.0,14.01,14.02,14.03,14.04,14.05,14.06,14.07,14.08,14.09,2500,1000,1800,500,13200,8100,12800,9800,19400,7500,16500,2500,1300,7300,5100,12500,3800,15300,9600,12000
9446.0,13.98,17318800,236470074.0,13.98,13.96,13.92,13.91,13.9,13.89,13.88,13.87,13.86,13.85,14.0,14.01,14.02,14.03,14.04,14.05,14.06,14.07,14.08,14.09,3800,1000,1800,500,13200,8100,12800,9800,19400,7500,17000,3500,1300,7300,5100,11500,3800,15300,9600,12000
9447.0,13.98,17318900,236471472.0,13.98,13.96,13.92,13.91,13.9,13.89,13.88,13.87,13.86,13.85,14.0,14.01,14.02,14.03,14.04,14.05,14.06,14.07,14.08,14.09,3700,1000,1800,500,13200,8100,12800,9800,19400,7500,17000,3500,1300,7300,5100,11500,3800,15300,9600,12000
9448.0,13.98,17321800,236512028.0,13.98,13.96,13.92,13.91,13.9,13.89,13.88,13.87,13.86,13.85,14.0,14.01,14.02,14.03,14.04,14.05,14.06,14.07,14.08,14.09,1500,1000,1800,500,13200,8100,10800,9800,19400,7500,16700,3500,1300,7300,6700,11500,3800,15300,9600,12000
9449.0,13.98,17322400,236520416.0,13.98,13.96,13.92,13.91,13.9,13.89,13.88,13.87,13.86,13.85,14.0,14.01,14.02,14.03,14.04,14.05,14.06,14.07,14.08,14.09,1500,1000,1800,500,13200,8100,10800,9800,19400,7500,17400,3500,1300,7300,6700,11800,3800,15300,9600,12000
9450.0,13.98,17322400,236520416.0,13.98,13.96,13.92,13.91,13.9,13.89,13.88,13.87,13.86,13.85,14.0,14.01,14.02,14.03,14.04,14.05,14.06,14.07,14.08,14.09,1500,1000,1800,600,13200,8100,10800,9800,19400,7500,17400,3500,1300,7300,6700,11800,3800,15300,9600,12000
9451.0,13.98,17322800,236526008.0,13.98,13.96,13.92,13.91,13.9,13.89,13.88,13.87,13.86,13.85,14.0,14.01,14.02,14.03,14.04,14.05,14.06,14.07,14.08,14.09,1700,1000,1800,600,13200,8100,10800,9800,19400,7500,13000,3500,1600,7300,6700,11800,3800,15300,9600,12000
9452.0,13.98,17322800,236526008.0,13.98,13.96,13.92,13.91,13.9,13.89,13.88,13.87,13.86,13.85,14.0,14.01,14.02,14.03,14.04,14.05,14.06,14.07,14.08,14.09,1700,1000,1800,600,13200,8100,10800,9800,19400,7500,11800,3500,1600,7300,6700,11800,3800,15300,9600,12000
9453.0,14.0,17322900,236527408.0,13.98,13.96,13.92,13.91,13.9,13.89,13.88,13.87,13.86,13.85,14.0,14.01,14.02,14.03,14.04,14.05,14.06,14.07,14.08,14.09,1700,1000,1800,600,13000,8100,10800,9800,19400,7500,12000,3500,1600,7300,6700,11800,3800,15300,9600,12000
9454.0,13.98,17323000,236528806.0,13.98,13.96,13.92,13.91,13.9,13.89,13.88,13.87,13.86,13.85,14.0,14.01,14.02,14.03,14.04,14.05,14.06,14.07,14.08,14.09,2100,1000,1800,600,13000,8100,10800,9800,19400,7500,12200,3500,1600,7300,6700,11800,3800,15300,9600,12000
9455.0,14.0,17324100,236544198.0,13.98,13.96,13.92,13.91,13.9,13.89,13.88,13.87,13.86,13.85,14.0,14.01,14.02,14.03,14.04,14.05,14.06,14.07,14.08,14.09,2000,1000,1800,600,13000,8100,10800,9800,19400,7500,11500,2500,1600,7300,6700,11800,3800,15300,9600,12000
9456.0,13.98,17324400,236548392.0,13.98,13.96,13.92,13.91,13.9,13.89,13.88,13.87,13.86,13.85,14.0,14.01,14.02,14.03,14.04,14.05,14.06,14.07,14.08,14.09,2200,1000,1800,600,13000,8100,10800,9800,19400,7500,12000,2500,1600,7300,6700,11800,3800,15300,9600,12000
9457.0,13.98,17325900,236569362.0,13.98,13.96,13.92,13.91,13.9,13.89,13.88,13.87,13.86,13.85,14.0,14.01,14.02,14.03,14.04,14.05,14.06,14.07,14.08,14.09,700,1000,1800,600,13000,8100,10800,9800,19400,7500,12000,2500,1600,7300,6700,11800,3800,15300,9600,12000
9458.0,13.96,17328100,236600098.0,13.92,13.91,13.9,13.89,13.88,13.87,13.86,13.85,13.84,13.83,13.96,13.97,13.98,14.0,14.01,14.02,14.03,14.04,14.05,14.06,1800,600,13000,8100,11800,9800,19400,7500,7800,4400,6300,4000,1000,12500,2500,1600,7300,6700,11800,3800
9459.0,13.96,17328100,236600098.0,13.92,13.91,13.9,13.89,13.88,13.87,13.86,13.85,13.84,13.83,13.96,13.97,13.98,14.0,14.01,14.02,14.03,14.04,14.05,14.06,1800,600,13000,8100,11800,9800,19400,7500,7800,4400,6300,4000,1000,12500,2500,1600,6300,6700,11800,3800
9460.0,13.96,17328100,236600098.0,13.92,13.91,13.9,13.89,13.88,13.87,13.86,13.85,13.84,13.83,13.96,13.97,13.98,14.0,14.01,14.02,14.03,14.04,14.05,14.06,2800,2100,13000,8100,11800,9800,19400,7500,7800,4400,7800,4000,4500,12500,2500,1600,6300,6600,11800,3800
9461.0,13.92,17328300,236602882.0,13.92,13.91,13.9,13.89,13.88,13.87,13.86,13.85,13.84,13.83,13.96,13.97,13.98,14.0,14.01,14.02,14.03,14.04,14.05,14.06,2800,2100,13000,8100,11800,9800,19400,7500,7800,4400,8800,4000,8400,12500,2500,1600,6300,6600,11800,3800
9462.0,13.96,17335200,236699206.0,13.92,13.91,13.9,13.89,13.88,13.87,13.86,13.85,13.84,13.83,13.96,13.97,13.98,14.0,14.01,14.02,14.03,14.04,14.05,14.06,3400,2100,13000,8100,11800,9800,19400,7500,7800,4400,2500,4000,8400,12500,2500,1600,6300,7800,11800,3800
9463.0,13.96,17335200,236699206.0,13.92,13.91,13.9,13.89,13.88,13.87,13.86,13.85,13.84,13.83,13.96,13.97,13.98,14.0,14.01,14.02,14.03,14.04,14.05,14.06,4100,2100,13000,8100,11800,9800,19400,7500,7800,4400,3200,4000,8400,12500,2500,1600,6300,7800,11800,3800
9464.0,13.92,17335600,236704774.0,13.92,13.91,13.9,13.89,13.88,13.87,13.86,13.85,13.84,13.83,13.96,13.97,13.98,14.0,14.01,14.02,14.03,14.04,14.05,14.06,4300,2100,13000,8100,13800,9800,19400,7500,7800,4400,31500,4000,8400,12500,2500,1600,6300,7800,11800,3800
9465.0,13.92,17335600,236704774.0,13.92,13.91,13.9,13.89,13.88,13.87,13.86,13.85,13.84,13.83,13.96,13.97,13.98,14.0,14.01,14.02,14.03,14.04,14.05,14.06,4700,2100,13000,8100,13800,9800,19400,7500,7800,4400,32100,4000,8400,12500,2500,600,6300,7800,11800,3800
9466.0,13.92,17335600,236704774.0,13.92,13.91,13.9,13.89,13.88,13.87,13.86,13.85,13.84,13.83,13.96,13.97,13.98,14.0,14.01,14.02,14.03,14.04,14.05,14.06,4900,2100,12700,8100,13800,9800,19400,7500,7800,4400,32100,4000,8400,12500,2500,600,6300,7800,11800,3800
9467.0,13.92,17336900,236722870.0,13.92,13.91,13.9,13.89,13.88,13.87,13.86,13.85,13.84,13.83,13.96,13.97,13.98,14.0,14.01,14.02,14.03,14.04,14.05,14.06,4200,2100,12700,8100,13800,9800,19400,7500,7800,4400,38400,4000,4500,12500,2500,600,6300,7800,11800,3800
9468.0,13.96,17337100,236725662.0,13.92,13.91,13.9,13.89,13.88,13.87,13.86,13.85,13.84,13.83,13.94,13.96,13.97,13.98,14.0,14.01,14.02,14.03,14.04,14.05,4800,6700,12700,8100,13500,9800,19400,7500,7800,4400,300,38800,4000,4500,12500,2500,600,6300,7800,11800
9469.0,13.96,17337100,236725662.0,13.92,13.91,13.9,13.89,13.88,13.87,13.86,13.85,13.84,13.83,13.94,13.96,13.97,13.98,13.99,14.0,14.01,14.02,14.03,14.04,5100,6700,12700,8100,13500,9800,19400,7500,7800,4400,500,38900,4000,4500,300,12500,2500,600,6300,7800
9470.0,13.92,17337600,236732622.0,13.92,13.91,13.9,13.89,13.88,13.87,13.86,13.85,13.84,13.83,13.94,13.96,13.97,13.98,13.99,14.0,14.01,14.02,14.03,14.04,4600,6700,12700,8100,13500,9800,19400,7500,7800,4400,500,38900,4000,4500,300,12500,2500,600,6300,7800
9471.0,13.92,17337600,236732622.0,13.93,13.92,13.91,13.9,13.89,13.88,13.87,13.86,13.85,13.84,13.94,13.95,13.96,13.97,13.98,13.99,14.0,14.01,14.02,14.03,2000,4600,6700,12700,8100,13500,9800,19400,7500,7800,500,500,38900,4000,4500,300,12500,2500,600,6300
9472.0,13.93,17341500,236787031.0,13.93,13.92,13.91,13.9,13.89,13.88,13.87,13.86,13.85,13.84,13.96,13.97,13.98,13.99,14.0,14.01,14.02,14.03,14.04,14.05,1600,4600,6700,12700,8000,13500,9800,19400,7500,7800,37200,4000,4500,300,12500,2500,600,6300,7800,11800
9473.0,13.93,17341600,236788424.0,13.93,13.92,13.91,13.9,13.89,13.88,13.87,13.86,13.85,13.84,13.95,13.96,13.97,13.98,13.99,14.0,14.01,14.02,14.03,14.04,2000,4600,6700,12700,8000,13500,9800,19400,7500,7800,100,37700,4000,4500,300,12500,2500,600,6300,7800
9474.0,13.93,17341600,236788424.0,13.94,13.93,13.92,13.91,13.9,13.89,13.88,13.87,13.86,13.85,13.95,13.96,13.97,13.98,13.99,14.0,14.01,14.02,14.03,14.04,100,2000,4600,6700,12700,8000,13500,9800,19400,7500,100,32700,4000,4500,300,9500,2500,600,6300,7800
9475.0,13.93,17341600,236788424.0,13.94,13.93,13.92,13.91,13.9,13.89,13.88,13.87,13.86,13.85,13.95,13.96,13.97,13.98,13.99,14.0,14.01,14.02,14.03,14.04,100,2000,4600,6700,12700,8000,13500,9800,19400,7500,100,5300,4000,4500,300,9500,2500,600,6300,7800
9476.0,13.93,17341600,236788424.0,13.94,13.93,13.92,13.91,13.9,13.89,13.88,13.87,13.86,13.85,13.95,13.96,13.97,13.98,13.99,14.0,14.01,14.02,14.03,14.04,100,2000,4600,6700,12700,8000,13500,9800,19400,7500,400,5300,4000,4500,300,9500,2500,600,6300,7800
9477.0,13.93,17341800,236791211.0,13.93,13.92,13.91,13.9,13.89,13.88,13.87,13.86,13.85,13.84,13.95,13.96,13.97,13.98,13.99,14.0,14.01,14.02,14.03,14.04,1900,4600,6700,12700,8000,13500,9800,19400,7500,7800,5900,5300,4000,4500,300,10500,2500,600,6300,7800
9478.0,13.93,17342100,236795390.0,13.93,13.92,13.91,13.9,13.89,13.88,13.87,13.86,13.85,13.84,13.95,13.96,13.97,13.98,13.99,14.0,14.01,14.02,14.03,14.04,1600,4600,6700,13000,8000,13500,9800,19400,7500,7800,5900,5300,4000,4500,300,10500,2500,600,6300,7800
9479.0,13.92,17344300,236826030.0,13.92,13.91,13.9,13.89,13.88,13.87,13.86,13.85,13.84,13.83,13.95,13.96,13.97,13.98,13.99,14.0,14.01,14.02,14.03,14.04,4000,6700,13000,8000,13500,9800,19400,7500,7800,4400,5900,5900,4000,4500,300,10500,2500,600,6300,7800
9480.0,13.92,17344700,236831598.0,13.92,13.91,13.9,13.89,13.88,13.87,13.86,13.85,13.84,13.83,13.95,13.96,13.97,13.98,13.99,14.0,14.01,14.02,14.03,14.04,3600,6700,13000,8000,13500,9800,19400,7500,7800,4400,5900,6300,4000,4500,300,10500,2500,600,6300,7800
9481.0,13.92,17344700,236831598.0,13.92,13.91,13.9,13.89,13.88,13.87,13.86,13.85,13.84,13.83,13.93,13.95,13.96,13.97,13.98,13.99,14.0,14.01,14.02,14.03,4100,6700,15000,8000,13500,9800,19400,7500,7800,4400,500,6400,6300,4000,4500,300,10500,2500,600,6300
9482.0,13.92,17344700,236831598.0,13.92,13.91,13.9,13.89,13.88,13.87,13.86,13.85,13.84,13.83,13.93,13.94,13.95,13.96,13.97,13.98,13.99,14.0,14.01,14.02,4100,6700,15000,8000,13500,9800,19400,7500,7800,4400,500,2000,6400,6300,4000,4500,300,10500,1500,600
9483.0,13.92,17345100,236837166.0,13.92,13.91,13.9,13.89,13.88,13.87,13.86,13.85,13.84,13.83,13.93,13.94,13.95,13.96,13.97,13.98,13.99,14.0,14.01,14.02,3700,6700,15000,8000,13500,9800,19400,7500,7800,4400,500,3000,6200,5700,4000,4500,300,10500,1500,600
9484.0,13.92,17345100,236837166.0,13.92,13.91,13.9,13.89,13.88,13.87,13.86,13.85,13.84,13.83,13.93,13.94,13.95,13.96,13.97,13.98,13.99,14.0,14.01,14.02,3700,6700,15100,8000,13500,9800,19400,7500,7800,4400,500,3000,1200,5700,4000,4500,300,10500,1500,600
9485.0,13.92,17346500,236856654.0,13.92,13.91,13.9,13.89,13.88,13.87,13.86,13.85,13.84,13.83,13.93,13.94,13.95,13.96,13.97,13.98,13.99,14.0,14.01,14.02,2300,6700,15100,8000,13500,9800,19400,7500,7800,4400,500,3000,1200,5700,4000,4500,300,10500,1500,600
9486.0,13.92,17346700,236859438.0,13.92,13.91,13.9,13.89,13.88,13.87,13.86,13.85,13.84,13.83,13.93,13.94,13.95,13.96,13.97,13.98,13.99,14.0,14.01,14.02,2100,6700,15100,8000,13500,9800,19400,7500,7800,4400,500,3000,1200,5300,4000,4500,300,10500,1500,600
9487.0,13.92,17346700,236859438.0,13.92,13.91,13.9,13.89,13.88,13.87,13.86,13.85,13.84,13.83,13.93,13.94,13.95,13.96,13.97,13.98,13.99,14.0,14.01,14.02,2100,6700,15100,8000,13500,9800,19400,7500,7800,4400,500,3000,1200,5100,4000,4500,300,10500,1500,600
9488.0,13.93,17347000,236863617.0,13.92,13.91,13.9,13.89,13.88,13.87,13.86,13.85,13.84,13.83,13.93,13.94,13.95,13.96,13.98,13.99,14.0,14.01,14.02,14.03,4700,6700,15100,8000,13500,9800,19400,7500,7800,4400,200,3000,1200,5100,4500,300,10500,1500,600,4900
9489.0,13.92,17348500,236884499.0,13.92,13.91,13.9,13.89,13.88,13.87,13.86,13.85,13.84,13.83,13.94,13.95,13.96,13.98,13.99,14.0,14.01,14.02,14.03,14.04,3400,6700,14100,8000,13500,9800,19400,7500,7800,4400,3000,1200,5100,4500,300,10500,1500,600,4900,7800
9490.0,13.92,17348900,236890067.0,13.92,13.91,13.9,13.89,13.88,13.87,13.86,13.85,13.84,13.83,13.94,13.95,13.96,13.98,13.99,14.0,14.01,14.02,14.03,14.04,3000,6700,14100,8000,13500,9800,19400,7500,7800,4400,3000,1200,5300,4500,300,10500,1500,600,4900,7800
9491.0,13.92,17350700,236915129.0,13.92,13.91,13.9,13.89,13.88,13.87,13.86,13.85,13.84,13.83,13.94,13.95,13.96,13.98,13.99,14.0,14.01,14.02,14.03,14.04,1500,6700,14100,8000,13500,9800,19400,7500,7800,4400,2700,1200,5300,4500,300,10500,1500,600,4900,7800
9492.0,13.92,17351200,236922089.0,13.92,13.91,13.9,13.89,13.88,13.87,13.86,13.85,13.84,13.83,13.94,13.95,13.96,13.98,13.99,14.0,14.01,14.02,14.03,14.04,1000,6700,14100,8000,13500,9800,19400,7500,7800,4400,2700,2300,5300,4500,300,10500,1500,3600,4900,7800
9493.0,13.92,17351300,236923481.0,13.92,13.91,13.9,13.89,13.88,13.87,13.86,13.85,13.84,13.83,13.94,13.95,13.96,13.98,13.99,14.0,14.01,14.02,14.03,14.04,1500,6700,14100,8000,13500,9800,19400,7500,7800,4400,2700,2300,5300,4500,300,10500,1500,3600,4900,7800
9494.0,13.92,17352300,236937401.0,13.92,13.91,13.9,13.89,13.88,13.87,13.86,13.85,13.84,13.83,13.94,13.95,13.96,13.98,13.99,14.0,14.01,14.02,14.03,14.04,500,6700,14100,6900,13500,9800,19400,7500,7800,4400,2700,2300,5300,4500,300,10500,1500,3600,4900,7800
9495.0,13.91,17354400,236966620.0,13.92,13.91,13.9,13.89,13.88,13.87,13.86,13.85,13.84,13.83,13.94,13.95,13.96,13.98,13.99,14.0,14.01,14.02,14.03,14.04,100,5200,14100,6900,13500,9800,19400,7500,7800,4400,2600,2300,5300,4500,300,10500,1500,3600,4900,7800
9496.0,13.92,17354500,236968012.0,13.91,13.9,13.89,13.88,13.87,13.86,13.85,13.84,13.83,13.82,13.92,13.94,13.95,13.96,13.98,13.99,14.0,14.01,14.02,14.03,5200,14100,6900,13500,9800,19400,7500,7800,4400,12400,900,3600,2300,5300,4500,300,10500,1500,3600,4900
9497.0,13.92,17355200,236977756.0,13.91,13.9,13.89,13.88,13.87,13.86,13.85,13.84,13.83,13.82,13.92,13.94,13.95,13.96,13.98,13.99,14.0,14.01,14.02,14.03,5200,14100,6900,13500,9800,19400,7500,7800,4400,12400,200,2000,2300,5300,4500,300,10500,1500,3600,4900
9498.0,13.94,17357400,237008420.0,13.91,13.9,13.89,13.88,13.87,13.86,13.85,13.84,13.83,13.82,13.95,13.96,13.98,13.99,14.0,14.01,14.02,14.03,14.04,14.05,5200,13100,6900,13500,9800,19400,7500,7800,4400,12400,1800,5300,4500,300,10500,1500,3600,4900,6600,15900
9499.0,13.94,17357400,237008420.0,13.91,13.9,13.89,13.88,13.87,13.86,13.85,13.84,13.83,13.82,13.95,13.96,13.98,13.99,14.0,14.01,14.02,14.03,14.04,14.05,6400,13100,6900,13500,9800,19400,7500,7800,4400,12400,3000,5300,4500,300,10500,1500,3600,4900,6300,15900
9500.0,13.91,17359200,237033458.0,13.91,13.9,13.89,13.88,13.87,13.86,13.85,13.84,13.83,13.82,13.95,13.96,13.98,13.99,14.0,14.01,14.02,14.03,14.04,14.05,4600,13100,6900,13500,9800,19400,7500,7800,4400,12400,3000,5300,4500,300,10500,2700,3600,4900,6300,15900
9501.0,13.91,17359200,237033458.0,13.93,13.91,13.9,13.89,13.88,13.87,13.86,13.85,13.84,13.83,13.95,13.96,13.98,13.99,14.0,14.01,14.02,14.03,14.04,14.05,1000,5200,12600,6900,13500,9800,19400,7500,7800,4400,7300,5300,4500,300,10500,2700,3600,4900,6300,15900
9502.0,13.91,17359200,237033458.0,13.93,13.91,13.9,13.89,13.88,13.87,13.86,13.85,13.84,13.83,13.95,13.96,13.98,13.99,14.0,14.01,14.02,14.03,14.04,14.05,1000,5200,14600,6900,13500,9800,19400,7500,7800,3500,7300,5300,4500,300,10500,2700,3600,4900,6300,15900
9503.0,13.95,17359900,237043223.0,13.93,13.91,13.9,13.89,13.88,13.87,13.86,13.85,13.84,13.83,13.94,13.95,13.96,13.98,13.99,14.0,14.01,14.02,14.03,14.04,1000,5200,14600,6900,13500,9800,19400,7500,7800,3500,8000,6600,5300,4500,300,10500,2700,3600,4900,6300
9504.0,13.94,17362900,237085043.0,13.93,13.91,13.9,13.89,13.88,13.87,13.86,13.85,13.84,13.83,13.94,13.95,13.96,13.98,13.99,14.0,14.01,14.02,14.03,14.04,1000,5600,14600,6900,13500,9800,19400,7500,7800,3500,5000,6600,5300,4500,300,10500,2700,3600,4900,6300
9505.0,13.94,17363400,237092013.0,13.93,13.91,13.9,13.89,13.88,13.87,13.86,13.85,13.84,13.83,13.94,13.95,13.96,13.98,13.99,14.0,14.01,14.02,14.03,14.04,1000,5600,14600,6900,13500,9800,19400,7500,7800,3500,4500,6600,5300,4500,300,10500,2700,3600,4900,6300
9506.0,13.94,17363800,237097589.0,13.93,13.91,13.9,13.89,13.88,13.87,13.86,13.85,13.84,13.83,13.94,13.95,13.96,13.98,13.99,14.0,14.01,14.02,14.03,14.04,1000,5600,14600,6900,13500,9800,19400,7500,7800,3500,4100,6600,5300,4500,300,10500,2500,3600,4900,6300
9507.0,13.94,17363800,237097589.0,13.93,13.91,13.9,13.89,13.88,13.87,13.86,13.85,13.84,13.83,13.94,13.95,13.96,13.98,13.99,14.0,14.01,14.02,14.03,14.04,1000,5600,14600,6900,13500,9800,19400,7500,7800,3500,4100,6600,5300,4500,300,10500,2500,3600,4900,6300
9508.0,13.94,17364400,237105953.0,13.93,13.91,13.9,13.89,13.88,13.87,13.86,13.85,13.84,13.83,13.94,13.95,13.96,13.98,13.99,14.0,14.01,14.02,14.03,14.04,1000,5600,14600,6900,13500,9800,19400,7500,7800,3500,3500,6600,5300,4500,300,10500,2500,3600,4900,6300
9509.0,13.93,17365500,237121276.0,13.91,13.9,13.89,13.88,13.87,13.86,13.85,13.84,13.83,13.82,13.93,13.94,13.95,13.96,13.98,13.99,14.0,14.01,14.02,14.03,5600,14600,6900,13500,9800,19400,7500,7800,3500,12400,4300,5500,6600,5300,4500,300,10500,2500,4600,4900
9510.0,13.93,17365900,237126848.0,13.91,13.9,13.89,13.88,13.87,13.86,13.85,13.84,13.83,13.82,13.93,13.94,13.95,13.96,13.98,13.99,14.0,14.01,14.02,14.03,5600,14600,6900,13500,9800,19400,7500,7800,3500,12400,3900,5500,6600,5300,4500,300,10500,2500,4600,4900
9511.0,13.93,17365900,237126848.0,13.91,13.9,13.89,13.88,13.87,13.86,13.85,13.84,13.83,13.82,13.93,13.94,13.95,13.96,13.98,13.99,14.0,14.01,14.02,14.03,5600,14600,6900,13500,9800,19400,7500,7800,3500,12400,3900,5500,6600,5300,4500,300,10500,2500,4600,4900
9512.0,13.91,17367000,237142149.0,13.91,13.9,13.89,13.88,13.87,13.86,13.85,13.84,13.83,13.82,13.93,13.94,13.95,13.96,13.98,13.99,14.0,14.01,14.02,14.03,4500,14700,6900,13500,9800,19400,7500,7800,3500,12400,3900,5500,6600,5300,4500,300,10500,2500,4600,4900
9513.0,13.93,17367600,237150507.0,13.92,13.91,13.9,13.89,13.88,13.87,13.86,13.85,13.84,13.83,13.93,13.94,13.95,13.96,13.98,13.99,14.0,14.01,14.02,14.03,100,4500,14700,6900,13500,9800,19400,7500,7800,3500,3300,5500,6600,5300,4500,300,10500,2500,4600,4900
9514.0,13.93,17367600,237150507.0,13.92,13.91,13.9,13.89,13.88,13.87,13.86,13.85,13.84,13.83,13.93,13.94,13.95,13.96,13.98,13.99,14.0,14.01,14.02,14.03,100,4500,14700,9800,13500,9800,19400,7500,7800,3500,3800,5500,6600,5300,4500,300,10500,2500,7600,4900
9515.0,13.93,17367600,237150507.0,13.92,13.91,13.9,13.89,13.88,13.87,13.86,13.85,13.84,13.83,13.93,13.94,13.95,13.96,13.98,13.99,14.0,14.01,14.02,14.03,100,4500,14700,9800,13500,9800,19400,7500,7800,3500,3800,5500,6600,5300,4500,300,10500,2500,7600,4900
9516.0,13.93,17367900,237154686.0,13.92,13.91,13.9,13.89,13.88,13.87,13.86,13.85,13.84,13.83,13.93,13.94,13.95,13.96,13.98,13.99,14.0,14.01,14.02,14.03,100,4500,14700,9800,13500,9800,19400,7500,7800,3500,3500,5500,6600,5300,4500,300,10500,2500,7600,4900
9517.0,13.93,17368000,237156079.0,13.92,13.91,13.9,13.89,13.88,13.87,13.86,13.85,13.84,13.83,13.93,13.94,13.95,13.96,13.98,13.99,14.0,14.01,14.02,14.03,100,4500,14700,9800,13500,9800,19400,7500,7800,3500,3400,5500,6600,5300,4500,300,10500,2500,7600,4900
9518.0,13.93,17371400,237203441.0,13.93,13.92,13.91,13.9,13.89,13.88,13.87,13.86,13.85,13.84,13.94,13.95,13.96,13.98,13.99,14.0,14.01,14.02,14.03,14.04,12600,100,4500,14700,9800,13500,9800,19400,7500,7800,5500,6600,5300,5000,300,10500,2500,7600,4900,6300
9519.0,13.94,17371900,237210411.0,13.93,13.92,13.91,13.9,13.89,13.88,13.87,13.86,13.85,13.84,13.94,13.95,13.96,13.98,13.99,14.0,14.01,14.02,14.03,14.04,12600,100,4500,14700,9800,13500,9800,19400,7500,7800,5000,6600,5300,5000,300,10500,2500,7600,4900,6300
9520.0,13.94,17372400,237217381.0,13.93,13.92,13.91,13.9,13.89,13.88,13.87,13.86,13.85,13.84,13.94,13.95,13.96,13.98,13.99,14.0,14.01,14.02,14.03,14.04,12600,100,4500,14700,9800,13500,9800,19400,7500,7800,4500,6600,5300,5000,300,10500,2500,7600,4900,6300
9521.0,13.93,17372500,237218774.0,13.93,13.92,13.91,13.9,13.89,13.88,13.87,13.86,13.85,13.84,13.94,13.95,13.96,13.98,13.99,14.0,14.01,14.02,14.03,14.04,12500,100,4500,14700,9800,13500,9800,19400,7500,7800,4500,6600,5300,5000,300,10500,2500,7600,4900,6300
9522.0,13.94,17372900,237224350.0,13.93,13.92,13.91,13.9,13.89,13.88,13.87,13.86,13.85,13.84,13.94,13.95,13.96,13.98,13.99,14.0,14.01,14.02,14.03,14.04,12500,100,4500,14700,9800,13500,9800,19400,7500,7800,4100,6600,5300,5000,300,10500,2500,7600,4900,6900
9523.0,13.94,17374700,237249428.0,13.93,13.92,13.91,13.9,13.89,13.88,13.87,13.86,13.85,13.84,13.94,13.95,13.96,13.98,13.99,14.0,14.01,14.02,14.03,14.04,11100,100,4500,14700,9800,13500,9800,19400,7500,7800,3700,6600,5300,5000,300,10500,2500,7600,4900,6900
9524.0,13.93,17380600,237331615.0,13.93,13.92,13.91,13.9,13.89,13.88,13.87,13.86,13.85,13.84,13.94,13.95,13.96,13.98,13.99,14.0,14.01,14.02,14.03,14.04,5200,100,4500,14700,9800,13500,9800,19400,8400,7800,3700,6600,5300,5000,300,10500,2500,7600,4900,6900
9525.0,13.93,17380600,237331615.0,13.93,13.92,13.91,13.9,13.89,13.88,13.87,13.86,13.85,13.84,13.94,13.95,13.96,13.98,13.99,14.0,14.01,14.02,14.03,14.04,5200,100,5000,14700,9800,13500,9800,19400,8400,7800,3700,6600,5300,5000,300,10500,2500,7600,4900,6900
9526.0,13.94,17380900,237335797.0,13.93,13.92,13.91,13.9,13.89,13.88,13.87,13.86,13.85,13.84,13.94,13.95,13.96,13.98,13.99,14.0,14.01,14.02,14.03,14.04,5200,100,5000,14700,9800,13500,9800,19400,8400,7800,3400,6600,5300,5000,300,10500,2500,7600,4900,6900
9527.0,13.94,17381200,237339979.0,13.93,13.92,13.91,13.9,13.89,13.88,13.87,13.86,13.85,13.84,13.94,13.95,13.96,13.98,13.99,14.0,14.01,14.02,14.03,14.04,5200,100,5000,14700,9800,13500,9800,19400,8400,7800,3100,6600,5300,5000,300,10500,2500,7600,4900,6900
9528.0,13.93,17386400,237412415.0,13.92,13.91,13.9,13.89,13.88,13.87,13.86,13.85,13.84,13.83,13.93,13.94,13.95,13.96,13.98,13.99,14.0,14.01,14.02,14.03,100,5000,14700,9800,13500,9800,19400,8400,7800,3500,8800,3100,6600,5300,5000,300,10500,2500,7600,4900
9529.0,13.93,17387800,237431917.0,13.92,13.91,13.9,13.89,13.88,13.87,13.86,13.85,13.84,13.83,13.93,13.94,13.95,13.96,13.98,13.99,14.0,14.01,14.02,14.03,100,5000,14700,9800,13500,9800,19400,8400,7800,3500,7900,3100,6600,5300,5000,300,10900,2500,7600,4900
9530.0,13.93,17388200,237437489.0,13.92,13.91,13.9,13.89,13.88,13.87,13.86,13.85,13.84,13.83,13.93,13.94,13.95,13.96,13.98,13.99,14.0,14.01,14.02,14.03,100,5000,14700,9800,13500,9800,19400,8400,7800,3500,7500,3100,6600,5300,5000,300,10900,2500,7600,4900
9531.0,13.93,17388200,237437489.0,13.92,13.91,13.9,13.89,13.88,13.87,13.86,13.85,13.84,13.83,13.93,13.94,13.95,13.96,13.98,13.99,14.0,14.01,14.02,14.03,100,5000,14700,9800,13500,9800,19400,8400,7800,3500,7500,3100,6600,5300,5000,300,10900,2500,7600,4900
9532.0,13.93,17388900,237447240.0,13.92,13.91,13.9,13.89,13.88,13.87,13.86,13.85,13.84,13.83,13.93,13.94,13.95,13.96,13.98,13.99,14.0,14.01,14.02,14.03,100,5000,14700,9800,13500,9800,19400,8400,7800,3500,8800,3100,6600,5300,5000,5300,10900,2500,8600,4900
9533.0,13.92,17389000,237448632.0,13.91,13.9,13.89,13.88,13.87,13.86,13.85,13.84,13.83,13.82,13.92,13.93,13.94,13.95,13.96,13.98,13.99,14.0,14.01,14.02,5000,14700,9800,13500,9800,19400,8400,8800,3500,12400,1500,8800,3100,6600,5300,5000,5300,10900,2500,8600
9534.0,13.93,17392600,237498745.0,13.91,13.9,13.89,13.88,13.87,13.86,13.85,13.84,13.83,13.82,13.93,13.94,13.95,13.96,13.98,13.99,14.0,14.01,14.02,14.03,4000,14700,9800,13500,9800,19400,8400,8800,3500,12400,7700,3100,6600,5300,5000,5300,10900,2500,8600,4900
9535.0,13.93,17393300,237508496.0,13.91,13.9,13.89,13.88,13.87,13.86,13.85,13.84,13.83,13.82,13.92,13.93,13.94,13.95,13.96,13.98,13.99,14.0,14.01,14.02,4000,14700,9800,13500,9800,19400,8400,8800,3500,12400,400,7000,3100,6600,5300,5000,5300,10900,2500,8600
9536.0,13.92,17394100,237519632.0,13.91,13.9,13.89,13.88,13.87,13.86,13.85,13.84,13.83,13.82,13.92,13.93,13.94,13.95,13.96,13.98,13.99,14.0,14.01,14.02,4000,14700,9800,13500,9800,19400,8400,8800,3500,12400,700,7000,3100,6600,5300,5000,5300,10900,2500,8600
9537.0,13.92,17394100,237519632.0,13.91,13.9,13.89,13.88,13.87,13.86,13.85,13.84,13.83,13.82,13.92,13.93,13.94,13.95,13.96,13.98,13.99,14.0,14.01,14.02,4000,14700,9800,13500,9800,19400,8400,8800,3500,12400,700,7000,3100,6600,5200,5000,5300,10900,2500,8600
9538.0,13.92,17394200,237521024.0,13.91,13.9,13.89,13.88,13.87,13.86,13.85,13.84,13.83,13.82,13.92,13.93,13.94,13.95,13.96,13.98,13.99,14.0,14.01,14.02,4000,14700,9800,13500,9800,19400,8400,8800,3500,12400,600,7000,3100,6600,5200,5000,5300,10900,2500,8600
9539.0,13.92,17394200,237521024.0,13.91,13.9,13.89,13.88,13.87,13.86,13.85,13.84,13.83,13.82,13.92,13.93,13.94,13.95,13.96,13.98,13.99,14.0,14.01,14.02,4000,14700,9800,13500,9800,19400,8400,8800,3500,12400,23400,7000,1100,6600,5200,5000,5300,10900,2500,8600
9540.0,13.92,17394200,237521024.0,13.91,13.9,13.89,13.88,13.87,13.86,13.85,13.84,13.83,13.82,13.92,13.93,13.94,13.95,13.96,13.98,13.99,14.0,14.01,14.02,4000,14700,9800,13500,9800,19400,8400,8800,3500,12400,39900,7000,1100,6600,5200,5000,5300,10900,2500,8600
9541.0,13.91,17395700,237541889.0,13.91,13.9,13.89,13.88,13.87,13.86,13.85,13.84,13.83,13.82,13.92,13.93,13.94,13.95,13.96,13.98,13.99,14.0,14.01,14.02,2500,14700,9800,13500,9800,19400,8400,8800,3500,12400,39900,7000,1100,6600,5200,5000,6500,10900,2500,8600
9542.0,13.91,17398000,237573896.0,13.91,13.9,13.89,13.88,13.87,13.86,13.85,13.84,13.83,13.82,13.92,13.93,13.94,13.95,13.96,13.98,13.99,14.0,14.01,14.02,1600,14700,9800,13500,9800,19400,8400,8800,3500,12400,38500,7000,1100,6600,5200,5000,6500,10900,2500,8600
9543.0,13.91,17398000,237573896.0,13.91,13.9,13.89,13.88,13.87,13.86,13.85,13.84,13.83,13.82,13.92,13.93,13.94,13.95,13.96,13.98,13.99,14.0,14.01,14.02,1600,14700,9800,13500,9800,19400,8400,8800,3500,12400,38500,7000,1100,6600,5200,5000,6500,10900,2500,8600
9544.0,13.91,17398000,237573896.0,13.91,13.9,13.89,13.88,13.87,13.86,13.85,13.84,13.83,13.82,13.92,13.93,13.94,13.95,13.96,13.98,13.99,14.0,14.01,14.02,1600,14700,9800,13500,9800,19400,8400,8800,3500,12400,38500,7000,1100,6600,5200,5000,6500,10900,2500,8600
9545.0,13.91,17400300,237605896.0,13.9,13.89,13.88,13.87,13.86,13.85,13.84,13.83,13.82,13.81,13.91,13.92,13.93,13.94,13.95,13.96,13.98,13.99,14.0,14.01,14700,9800,13500,9800,19400,8400,8800,3500,12400,39100,400,37800,7000,1100,6600,5200,5000,6500,10900,2500
9546.0,13.91,17400600,237610069.0,13.9,13.89,13.88,13.87,13.86,13.85,13.84,13.83,13.82,13.81,13.91,13.92,13.93,13.94,13.95,13.96,13.98,13.99,14.0,14.01,15000,9800,13500,9800,19400,8400,8800,3500,12400,39100,100,37800,7000,1100,6600,5200,5000,6500,12600,2500
9547.0,13.91,17400600,237610069.0,13.9,13.89,13.88,13.87,13.86,13.85,13.84,13.83,13.82,13.81,13.91,13.92,13.93,13.94,13.95,13.96,13.98,13.99,14.0,14.01,15000,9800,13500,9800,19400,8400,8800,3500,10600,39100,100,37800,7000,1100,6600,5200,5000,6500,12600,2500
9548.0,13.9,17401500,237622579.0,13.9,13.89,13.88,13.87,13.86,13.85,13.84,13.83,13.82,13.81,13.91,13.92,13.93,13.94,13.95,13.96,13.98,13.99,14.0,14.01,12100,9800,13500,9800,19400,8400,8800,3500,10600,39100,100,37800,7000,1100,6600,5200,5000,6500,12600,2500
9549.0,13.9,17401500,237622579.0,13.9,13.89,13.88,13.87,13.86,13.85,13.84,13.83,13.82,13.81,13.91,13.92,13.93,13.94,13.95,13.96,13.98,13.99,14.0,14.01,12100,9800,13500,9800,19400,8400,8800,3500,10600,39100,100,37800,7000,1100,6600,5200,4500,6500,12600,2500
9550.0,13.92,17402500,237636498.0,13.9,13.89,13.88,13.87,13.86,13.85,13.84,13.83,13.82,13.81,13.91,13.92,13.93,13.94,13.95,13.96,13.98,13.99,14.0,14.01,12400,9800,13500,9800,19400,8400,8800,3500,10600,39100,100,36900,7000,1100,6600,5200,4500,6500,12600,2500
9551.0,13.92,17402500,237636498.0,13.9,13.89,13.88,13.87,13.86,13.85,13.84,13.83,13.82,13.81,13.91,13.92,13.93,13.94,13.95,13.96,13.98,13.99,14.0,14.01,12400,9800,13500,9800,19400,8400,8800,3500,10600,39100,100,36900,6500,1100,6600,5200,4500,6500,12600,2500
9552.0,13.92,17402500,237636498.0,13.9,13.89,13.88,13.87,13.86,13.85,13.84,13.83,13.82,13.81,13.91,13.92,13.93,13.94,13.95,13.96,13.98,13.99,14.0,14.01,12400,9800,13500,9800,19400,8400,8800,3500,10600,39100,2200,36900,6500,1100,6600,5200,4500,6500,12600,2500
9553.0,13.92,17402500,237636498.0,13.9,13.89,13.88,13.87,13.86,13.85,13.84,13.83,13.82,13.81,13.91,13.92,13.93,13.94,13.95,13.96,13.98,13.99,14.0,14.01,12400,9800,13500,9800,19400,8400,8800,3500,10600,39100,2200,20400,6500,1100,6600,5200,4500,6500,12600,2500
9554.0,13.9,17404700,237667080.0,13.9,13.89,13.88,13.87,13.86,13.85,13.84,13.83,13.82,13.81,13.91,13.93,13.94,13.95,13.96,13.98,13.99,14.0,14.01,14.02,10400,9800,13500,9800,19400,8400,8800,3500,10600,39100,2000,6500,1100,6600,5200,4500,6500,12600,2500,8600
9555.0,13.91,17405600,237679599.0,13.9,13.89,13.88,13.87,13.86,13.85,13.84,13.83,13.82,13.81,13.91,13.93,13.94,13.95,13.96,13.98,13.99,14.0,14.01,14.02,10400,9800,13500,9800,19400,8400,8800,3500,10600,39100,1100,6500,1100,6600,5200,4500,6500,12600,2500,8600
9556.0,13.91,17405700,237680990.0,13.9,13.89,13.88,13.87,13.86,13.85,13.84,13.83,13.82,13.81,13.91,13.93,13.94,13.95,13.96,13.98,13.99,14.0,14.01,14.02,10400,9800,13500,9800,19400,8400,8800,3500,10600,39100,1000,6500,1100,6600,5200,4500,6900,12600,2500,8600
9557.0,13.91,17407200,237701841.0,13.9,13.89,13.88,13.87,13.86,13.85,13.84,13.83,13.82,13.81,13.91,13.93,13.94,13.95,13.96,13.98,13.99,14.0,14.01,14.02,9000,9800,13500,9800,19400,8400,8800,3500,10600,39100,900,6600,1100,6600,5200,4500,6900,12600,2500,8600
9558.0,13.91,17408100,237714360.0,13.9,13.89,13.88,13.87,13.86,13.85,13.84,13.83,13.82,13.81,13.93,13.94,13.95,13.96,13.98,13.99,14.0,14.01,14.02,14.03,9000,9800,13500,9800,19400,8400,8800,3500,10600,39100,6600,1100,6600,5200,4500,6900,12600,2500,8600,8400
9559.0,13.93,17408200,237715753.0,13.9,13.89,13.88,13.87,13.86,13.85,13.84,13.83,13.82,13.81,13.91,13.93,13.94,13.95,13.96,13.98,13.99,14.0,14.01,14.02,9000,9800,13500,9800,19400,8400,8800,3500,10600,39100,100,6500,1100,6600,5200,4500,6900,12600,2500,8600
9560.0,13.9,17409200,237729653.0,13.9,13.89,13.88,13.87,13.86,13.85,13.84,13.83,13.82,13.81,13.91,13.93,13.94,13.95,13.96,13.98,13.99,14.0,14.01,14.02,8000,9800,13500,9800,19400,8400,8800,3500,10600,39100,100,6500,1100,6600,5200,4500,6900,12600,2500,8600
9561.0,13.9,17409200,237729653.0,13.9,13.89,13.88,13.87,13.86,13.85,13.84,13.83,13.82,13.81,13.91,13.93,13.94,13.95,13.96,13.98,13.99,14.0,14.01,14.02,8000,9800,13500,9800,19400,8400,8800,3500,10600,39100,200,6500,1100,6600,5200,4500,6900,12600,2500,8600
9562.0,13.9,17409200,237729653.0,13.9,13.89,13.88,13.87,13.86,13.85,13.84,13.83,13.82,13.81,13.91,13.93,13.94,13.95,13.96,13.98,13.99,14.0,14.01,14.02,8000,9800,13500,9800,19400,8400,8800,3500,10600,39100,22700,6500,1100,6600,5200,4500,6900,12600,2500,8600
9563.0,13.91,17410900,237753300.0,13.9,13.89,13.88,13.87,13.86,13.85,13.84,13.83,13.82,13.81,13.91,13.93,13.94,13.95,13.96,13.98,13.99,14.0,14.01,14.02,8000,9800,13500,9800,19400,8400,8800,3500,10600,39100,22300,6500,1100,6600,5200,4500,6900,12700,2500,8600
9564.0,13.91,17411700,237764428.0,13.9,13.89,13.88,13.87,13.86,13.85,13.84,13.83,13.82,13.81,13.91,13.93,13.94,13.95,13.96,13.98,13.99,14.0,14.01,14.02,8000,9800,13500,9800,19400,8400,8800,3500,10600,39100,21500,6500,1100,6600,5200,4500,6900,12700,2500,8600
9565.0,13.91,17412500,237775556.0,13.9,13.89,13.88,13.87,13.86,13.85,13.84,13.83,13.82,13.81,13.91,13.93,13.94,13.95,13.96,13.98,13.99,14.0,14.01,14.02,8000,9800,13500,10100,19400,8400,8800,3500,10600,39100,20700,6500,1100,6600,5200,4500,6900,12700,2500,8600
9566.0,13.91,17412500,237775556.0,13.9,13.89,13.88,13.87,13.86,13.85,13.84,13.83,13.82,13.81,13.91,13.93,13.94,13.95,13.96,13.98,13.99,14.0,14.01,14.02,8000,9800,19300,10600,19400,8400,8800,3500,10600,39100,20700,6500,1100,6600,5200,4500,6900,12700,2500,8600
9567.0,13.91,17412500,237775556.0,13.9,13.89,13.88,13.87,13.86,13.85,13.84,13.83,13.82,13.81,13.91,13.93,13.94,13.95,13.96,13.98,13.99,14.0,14.01,14.02,8200,9800,19300,10600,19400,8400,8800,3500,10600,39100,1300,6500,1100,6600,5200,4500,6900,12700,2500,8600
9568.0,13.91,17414000,237796407.0,13.9,13.89,13.88,13.87,13.86,13.85,13.84,13.83,13.82,13.81,13.91,13.93,13.94,13.95,13.96,13.98,13.99,14.0,14.01,14.02,6800,9800,19300,10600,19400,8400,8800,3500,10600,39100,1200,6500,1100,6600,5200,4500,6900,12700,2500,8600
9569.0,13.91,17414000,237796407.0,13.9,13.89,13.88,13.87,13.86,13.85,13.84,13.83,13.82,13.81,13.91,13.93,13.94,13.95,13.96,13.98,13.99,14.0,14.01,14.02,6800,9800,19300,10600,19400,8400,8800,3500,10600,39100,1200,6500,1100,6600,5200,4500,6900,12700,2500,8600
9570.0,13.91,17414100,237797798.0,13.9,13.89,13.88,13.87,13.86,13.85,13.84,13.83,13.82,13.81,13.91,13.93,13.94,13.95,13.96,13.98,13.99,14.0,14.01,14.02,6800,9800,19300,10600,19400,8400,8800,3500,10600,39100,1100,6500,1100,6600,5200,4500,6900,12700,2500,8600
9571.0,13.91,17414200,237799189.0,13.9,13.89,13.88,13.87,13.86,13.85,13.84,13.83,13.82,13.81,13.91,13.93,13.94,13.95,13.96,13.98,13.99,14.0,14.01,14.02,6800,9800,19300,10600,19400,8400,8800,3500,10600,39100,1000,6500,1100,6600,5200,4500,6900,12700,2500,8600
9572.0,13.91,17414700,237806144.0,13.9,13.89,13.88,13.87,13.86,13.85,13.84,13.83,13.82,13.81,13.91,13.93,13.94,13.95,13.96,13.98,13.99,14.0,14.01,14.02,6900,9800,19300,10600,19400,8400,8800,3500,10600,39100,500,6500,1100,6600,5200,4500,6900,12700,2500,8600
9573.0,13.91,17415000,237810317.0,13.9,13.89,13.88,13.87,13.86,13.85,13.84,13.83,13.82,13.81,13.91,13.93,13.94,13.95,13.96,13.98,13.99,14.0,14.01,14.02,6900,9800,19300,10600,19400,8400,8800,3500,10600,39100,200,6500,1100,2900,5200,4500,6900,12700,2500,8600
9574.0,13.9,17426300,237967387.0,13.89,13.88,13.87,13.86,13.85,13.84,13.83,13.82,13.81,13.8,13.9,13.91,13.93,13.94,13.95,13.96,13.98,13.99,14.0,14.01,9800,19300,10600,19400,8400,8800,3500,10600,39100,22400,9400,200,6500,1100,2900,5200,4500,6900,12700,2500
9575.0,13.9,17428800,238002137.0,13.89,13.88,13.87,13.86,13.85,13.84,13.83,13.82,13.81,13.8,13.9,13.91,13.93,13.94,13.95,13.96,13.98,13.99,14.0,14.01,9800,19300,10600,19000,8400,8800,3500,10600,39100,22400,23400,200,6500,1100,2900,5200,4500,6900,12700,2500
9576.0,13.9,17428800,238002137.0,13.89,13.88,13.87,13.86,13.85,13.84,13.83,13.82,13.81,13.8,13.9,13.91,13.93,13.94,13.95,13.96,13.98,13.99,14.0,14.01,9800,19300,10600,19000,8400,8800,3500,10600,39100,22400,23700,1400,6500,1100,2900,5200,4500,6900,12700,2500
9577.0,13.9,17429500,238011867.0,13.89,13.88,13.87,13.86,13.85,13.84,13.83,13.82,13.81,13.8,13.9,13.91,13.93,13.94,13.95,13.96,13.98,13.99,14.0,14.01,9800,19300,10600,19000,8400,8800,3500,10600,39100,22400,23000,1500,6500,1100,2900,5200,4500,6900,12300,2500
9578.0,13.9,17431300,238036887.0,13.89,13.88,13.87,13.86,13.85,13.84,13.83,13.82,13.81,13.8,13.9,13.91,13.93,13.94,13.95,13.96,13.98,13.99,14.0,14.01,9800,19300,10600,19000,8400,8800,3500,10600,39100,22400,21200,1500,6500,1100,2900,5200,4500,6900,12300,2500
9579.0,13.9,17432900,238059113.0,13.89,13.88,13.87,13.86,13.85,13.84,13.83,13.82,13.81,13.8,13.9,13.91,13.93,13.94,13.95,13.96,13.98,13.99,14.0,14.01,8400,19300,10600,19000,8400,8800,3500,10600,39100,22400,21000,1500,6500,1100,2900,5200,4500,6900,12300,2500
9580.0,13.9,17433600,238068843.0,13.89,13.88,13.87,13.86,13.85,13.84,13.83,13.82,13.81,13.8,13.9,13.91,13.93,13.94,13.95,13.96,13.98,13.99,14.0,14.01,8400,19300,10600,19000,8400,8800,3500,10600,39100,22400,20300,1500,6500,1100,2900,5200,4500,6900,12300,2500
9581.0,13.9,17434100,238075793.0,13.89,13.88,13.87,13.86,13.85,13.84,13.83,13.82,13.81,13.8,13.9,13.91,13.93,13.94,13.95,13.96,13.98,13.99,14.0,14.01,8400,19300,10600,19000,8400,8800,3500,10600,39100,22400,19800,1500,6500,1100,2900,5200,4500,6900,12300,2500
9582.0,13.9,17434100,238075793.0,13.89,13.88,13.87,13.86,13.85,13.84,13.83,13.82,13.81,13.8,13.9,13.91,13.93,13.94,13.95,13.96,13.98,13.99,14.0,14.01,8400,19300,10600,19000,8400,8800,3500,10600,39100,22400,19800,1500,6500,1100,2900,5200,4500,6900,12300,2500
9583.0,13.9,17434800,238085523.0,13.89,13.88,13.87,13.86,13.85,13.84,13.83,13.82,13.81,13.8,13.9,13.91,13.93,13.94,13.95,13.96,13.98,13.99,14.0,14.01,8400,19300,10600,19000,8400,8800,3500,10600,39100,22400,19100,1600,6500,1100,2900,5200,4500,6900,12300,2500
9584.0,13.9,17435000,238088303.0,13.89,13.88,13.87,13.86,13.85,13.84,13.83,13.82,13.81,13.8,13.9,13.91,13.93,13.94,13.95,13.96,13.98,13.99,14.0,14.01,8400,19300,10600,19000,8400,8800,3500,10600,39100,22400,2400,1600,6500,1100,2900,5200,4500,6900,12300,2500
9585.0,13.9,17435800,238099423.0,13.89,13.88,13.87,13.86,13.85,13.84,13.83,13.82,13.81,13.8,13.9,13.91,13.93,13.94,13.95,13.96,13.98,13.99,14.0,14.01,8400,19300,10600,19000,8400,8800,3500,10600,39100,22400,2600,1600,6500,1100,2900,5200,4500,6900,12300,2500
9586.0,13.9,17437000,238116103.0,13.89,13.88,13.87,13.86,13.85,13.84,13.83,13.82,13.81,13.8,13.9,13.91,13.93,13.94,13.95,13.96,13.98,13.99,14.0,14.01,8400,19300,10600,19000,8400,8800,3500,10600,39100,22400,1400,1600,6500,1100,2900,5200,4500,6900,12300,2500
9587.0,13.89,17437500,238123048.0,13.89,13.88,13.87,13.86,13.85,13.84,13.83,13.82,13.81,13.8,13.9,13.91,13.93,13.94,13.95,13.96,13.98,13.99,14.0,14.01,7900,19300,10600,19000,8400,8800,3500,10600,39100,22400,1400,1600,6500,1100,2900,5200,4500,6900,12300,2500
9588.0,13.89,17437500,238123048.0,13.89,13.88,13.87,13.86,13.85,13.84,13.83,13.82,13.81,13.8,13.9,13.91,13.93,13.94,13.95,13.96,13.98,13.99,14.0,14.01,7900,19300,10600,19000,8400,8800,3500,10600,39100,22400,1400,1600,6500,1100,2900,5200,4500,6900,12300,2500
9589.0,13.9,17437600,238124438.0,13.89,13.88,13.87,13.86,13.85,13.84,13.83,13.82,13.81,13.8,13.9,13.91,13.93,13.94,13.95,13.96,13.98,13.99,14.0,14.01,7900,19300,10600,19000,8400,8800,3500,10600,39100,22400,1800,1600,6500,1100,2900,5200,4500,6900,12300,2500
9590.0,13.9,17437900,238128608.0,13.89,13.88,13.87,13.86,13.85,13.84,13.83,13.82,13.81,13.8,13.9,13.91,13.93,13.94,13.95,13.96,13.98,13.99,14.0,14.01,7900,19300,10600,19000,8400,8800,3500,10600,39100,22400,1500,1600,6500,1100,2900,5200,4500,6900,12300,2500
9591.0,13.89,17439100,238145276.0,13.89,13.88,13.87,13.86,13.85,13.84,13.83,13.82,13.81,13.8,13.9,13.91,13.93,13.94,13.95,13.96,13.98,13.99,14.0,14.01,6700,19300,10600,19000,8400,8800,3500,10600,39100,22400,1500,1600,7200,1100,2900,7500,2500,6900,12300,2500
9592.0,13.9,17439300,238148056.0,13.89,13.88,13.87,13.86,13.85,13.84,13.83,13.82,13.81,13.8,13.9,13.91,13.93,13.94,13.95,13.96,13.98,13.99,14.0,14.01,6700,19300,10600,19000,8400,8800,3500,10600,39100,23200,1300,2800,7200,1100,2900,7500,2500,6600,12300,1200
9593.0,13.89,17439700,238153612.0,13.89,13.88,13.87,13.86,13.85,13.84,13.83,13.82,13.81,13.8,13.9,13.91,13.93,13.94,13.95,13.96,13.98,13.99,14.0,14.01,6300,19300,10600,19000,8400,8800,3500,10600,39100,23200,3300,2800,7200,1100,2900,7500,2500,6600,12300,1200
9594.0,13.89,17439800,238155001.0,13.89,13.88,13.87,13.86,13.85,13.84,13.83,13.82,13.81,13.8,13.9,13.91,13.93,13.94,13.95,13.96,13.98,13.99,14.0,14.01,6200,18900,10600,19000,8400,8800,3500,10600,39100,23200,3300,2800,7200,1100,2900,7500,1000,6600,12300,1200
9595.0,13.89,17440700,238167505.0,13.89,13.88,13.87,13.86,13.85,13.84,13.83,13.82,13.81,13.8,13.9,13.91,13.93,13.94,13.95,13.96,13.98,13.99,14.0,14.01,5600,18900,10600,19000,8400,8800,3500,10600,39100,23200,3000,2800,7200,1100,2900,7500,1000,6600,12300,1200
9596.0,13.89,17440700,238167505.0,13.89,13.88,13.87,13.86,13.85,13.84,13.83,13.82,13.81,13.8,13.9,13.91,13.93,13.94,13.95,13.96,13.98,13.99,14.0,14.01,5600,18900,10600,19000,8400,8800,3500,10600,39100,23200,3000,2800,7200,1100,2900,7500,1000,6600,12300,1200
9597.0,13.9,17441000,238171675.0,13.89,13.88,13.87,13.86,13.85,13.84,13.83,13.82,13.81,13.8,13.9,13.91,13.93,13.94,13.95,13.96,13.98,13.99,14.0,14.01,5600,18900,10600,19000,8400,8800,3500,10600,39100,23200,2700,2800,7200,1100,2900,7500,1000,6600,12300,1200
9598.0,13.9,17441000,238171675.0,13.89,13.88,13.87,13.86,13.85,13.84,13.83,13.82,13.81,13.8,13.9,13.91,13.93,13.94,13.95,13.96,13.98,13.99,14.0,14.01,5600,18900,10600,19000,8400,8800,3500,10600,39100,23200,2700,2800,7200,1100,2900,7500,1000,6600,12300,1200
9599.0,13.9,17441200,238174455.0,13.89,13.88,13.87,13.86,13.85,13.84,13.83,13.82,13.81,13.8,13.9,13.91,13.93,13.94,13.95,13.96,13.98,13.99,14.0,14.01,5600,18900,10600,19000,8400,8800,3500,10600,39100,23200,2500,2800,7200,1100,2900,7500,1000,6600,12300,1200
9600.0,13.9,17441400,238177235.0,13.89,13.88,13.87,13.86,13.85,13.84,13.83,13.82,13.81,13.8,13.9,13.91,13.93,13.94,13.95,13.96,13.98,13.99,14.0,14.01,5600,19100,10600,19000,8400,8800,3500,10600,39100,23200,2300,2800,7200,1100,2900,7500,1000,6600,12300,1200
9601.0,13.89,17441700,238181403.0,13.89,13.88,13.87,13.86,13.85,13.84,13.83,13.82,13.81,13.8,13.9,13.91,13.93,13.94,13.95,13.96,13.98,13.99,14.0,14.01,5400,19100,10600,19000,8400,8800,3500,10600,39100,23200,2200,2800,7200,1100,2900,7500,1000,6600,12300,1200
9602.0,13.9,17442100,238186963.0,13.89,13.88,13.87,13.86,13.85,13.84,13.83,13.82,13.81,13.8,13.9,13.91,13.93,13.94,13.95,13.96,13.98,13.99,14.0,14.01,5400,19100,10600,19000,8400,8800,3500,10600,39100,23200,1800,2800,7200,1100,2900,7500,1000,6600,12300,1200
9603.0,13.9,17442200,238188353.0,13.89,13.88,13.87,13.86,13.85,13.84,13.83,13.82,13.81,13.8,13.9,13.91,13.93,13.94,13.95,13.96,13.98,13.99,14.0,14.01,5400,19100,10600,19000,8400,8800,3500,10600,39100,23200,1700,2800,7200,1100,2900,7500,1000,6600,12300,1200
9604.0,13.9,17442200,238188353.0,13.89,13.88,13.87,13.86,13.85,13.84,13.83,13.82,13.81,13.8,13.9,13.91,13.93,13.94,13.95,13.96,13.98,13.99,14.0,14.01,5400,19100,10600,19000,8400,8800,3500,10600,39100,23200,1700,3100,7200,1100,2900,7500,1000,6600,16200,1200
9605.0,13.9,17442200,238188353.0,13.89,13.88,13.87,13.86,13.85,13.84,13.83,13.82,13.81,13.8,13.9,13.91,13.93,13.94,13.95,13.96,13.98,13.99,14.0,14.01,5400,19100,10600,19000,8400,8800,3500,10600,39100,23200,1700,3100,7200,1100,2900,7500,1000,6600,16200,1200
9606.0,13.9,17442400,238191133.0,13.89,13.88,13.87,13.86,13.85,13.84,13.83,13.82,13.81,13.8,13.9,13.91,13.93,13.94,13.95,13.96,13.98,13.99,14.0,14.01,5400,19100,10600,19000,8400,8800,3500,10600,39100,23200,1500,3100,7200,1100,2900,7500,1000,6600,16200,1200
9607.0,13.89,17442600,238193911.0,13.89,13.88,13.87,13.86,13.85,13.84,13.83,13.82,13.81,13.8,13.9,13.91,13.93,13.94,13.95,13.96,13.98,13.99,14.0,14.01,5200,19100,10600,19000,8400,8800,3500,10600,39100,23200,1500,3100,7200,1100,2900,7500,1000,6600,16200,1200
9608.0,13.89,17442600,238193911.0,13.89,13.88,13.87,13.86,13.85,13.84,13.83,13.82,13.81,13.8,13.9,13.91,13.93,13.94,13.95,13.96,13.98,13.99,14.0,14.01,5200,19100,10600,19000,8400,8800,3500,10600,39100,23200,2000,3100,7200,1100,2900,7500,1000,6600,16200,1200
9609.0,13.89,17445500,238234194.0,13.89,13.88,13.87,13.86,13.85,13.84,13.83,13.82,13.81,13.8,13.9,13.91,13.93,13.94,13.95,13.96,13.98,13.99,14.0,14.01,2500,19100,10600,19000,8400,8800,3500,10600,39100,23200,1800,3100,7200,1100,2900,7500,1000,6600,16200,1200
9610.0,13.89,17445500,238234194.0,13.89,13.88,13.87,13.86,13.85,13.84,13.83,13.82,13.81,13.8,13.9,13.91,13.93,13.94,13.95,13.96,13.98,13.99,14.0,14.01,2500,19100,10600,19000,8400,8800,3500,10600,39100,23200,1800,3100,7200,1100,2900,7500,1000,6600,16200,1200
9611.0,13.89,17445500,238234194.0,13.89,13.88,13.87,13.86,13.85,13.84,13.83,13.82,13.81,13.8,13.9,13.91,13.93,13.94,13.95,13.96,13.98,13.99,14.0,14.01,2500,19100,10600,19000,8400,8800,3500,10600,39100,23200,2300,3100,7200,1100,2900,7500,1000,6600,16200,1200
9612.0,13.9,17445700,238236974.0,13.89,13.88,13.87,13.86,13.85,13.84,13.83,13.82,13.81,13.8,13.9,13.91,13.93,13.94,13.95,13.96,13.98,13.99,14.0,14.01,2500,19100,10600,19000,8400,8800,3500,10600,39100,23200,2100,3100,7200,1100,2900,7500,1000,6600,16700,1200
9613.0,13.89,17446600,238249479.0,13.89,13.88,13.87,13.86,13.85,13.84,13.83,13.82,13.81,13.8,13.9,13.91,13.93,13.94,13.95,13.96,13.98,13.99,14.0,14.01,2400,19100,10600,19000,8400,8800,3500,10600,39100,23200,1700,3100,7200,1100,2900,7500,1000,6600,16700,1200
9614.0,13.9,17446700,238250869.0,13.89,13.88,13.87,13.86,13.85,13.84,13.83,13.82,13.81,13.8,13.9,13.91,13.93,13.94,13.95,13.96,13.98,13.99,14.0,14.01,2400,19100,10600,19000,8400,8800,3500,10600,39100,23200,1600,3100,7200,1100,2900,7500,1000,6600,16700,1200
9615.0,13.9,17446800,238252259.0,13.89,13.88,13.87,13.86,13.85,13.84,13.83,13.82,13.81,13.8,13.9,13.91,13.93,13.94,13.95,13.96,13.98,13.99,14.0,14.01,5800,19100,10600,19000,8400,8800,3500,10600,39100,23200,1500,3100,7200,1100,2900,7500,1000,6600,16700,1200
9616.0,13.9,17446800,238252259.0,13.89,13.88,13.87,13.86,13.85,13.84,13.83,13.82,13.81,13.8,13.9,13.91,13.93,13.94,13.95,13.96,13.98,13.99,14.0,14.01,5800,19100,10600,19000,8400,10300,3500,10600,39100,23200,1500,3100,7200,1100,2900,7500,1000,6600,16700,1200
9617.0,13.9,17446800,238252259.0,13.89,13.88,13.87,13.86,13.85,13.84,13.83,13.82,13.81,13.8,13.9,13.91,13.93,13.94,13.95,13.96,13.98,13.99,14.0,14.01,5800,19100,10600,19000,8400,10300,3500,10600,39100,23200,1500,3100,7200,1100,2900,7500,1000,6600,16700,1200
9618.0,13.9,17446900,238253649.0,13.89,13.88,13.87,13.86,13.85,13.84,13.83,13.82,13.81,13.8,13.9,13.91,13.93,13.94,13.95,13.96,13.98,13.99,14.0,14.01,5800,19100,10600,19000,8400,10300,3500,10600,39100,23200,1400,3100,7200,1100,2900,7500,1000,6600,16700,1200
9619.0,13.9,17447000,238255039.0,13.89,13.88,13.87,13.86,13.85,13.84,13.83,13.82,13.81,13.8,13.9,13.91,13.93,13.94,13.95,13.96,13.98,13.99,14.0,14.01,5800,19100,10600,19000,8400,10300,3500,10600,39100,23200,1300,3100,7200,1100,2900,7500,1000,6600,16700,1200
9620.0,13.9,17448300,238273109.0,13.89,13.88,13.87,13.86,13.85,13.84,13.83,13.82,13.81,13.8,13.91,13.93,13.94,13.95,13.96,13.98,13.99,14.0,14.01,14.02,5800,19100,10600,19000,8400,10300,3500,10600,39100,23200,3100,2800,1100,2900,7500,1000,6600,16700,1200,8300
9621.0,13.89,17457400,238399514.0,13.88,13.87,13.86,13.85,13.84,13.83,13.82,13.81,13.8,13.79,13.89,13.9,13.91,13.93,13.94,13.95,13.96,13.98,13.99,14.0,19100,10600,19000,8400,10300,3500,10600,39100,23200,100,7700,2000,500,2800,1100,3600,7500,1000,6600,16700
9622.0,13.89,17457400,238399514.0,13.88,13.87,13.86,13.85,13.84,13.83,13.82,13.81,13.8,13.79,13.89,13.9,13.91,13.93,13.94,13.95,13.96,13.98,13.99,14.0,19100,10600,19000,8400,10300,3500,10600,39100,23200,100,8000,2000,500,2800,1100,3600,7500,1000,6600,16800
9623.0,13.89,17460400,238441184.0,13.88,13.87,13.86,13.85,13.84,13.83,13.82,13.81,13.8,13.79,13.89,13.9,13.91,13.93,13.94,13.95,13.96,13.98,13.99,14.0,19100,10600,19000,8400,10300,3500,10600,39100,23200,100,8500,2000,500,2800,1100,3600,7500,1000,6600,16800
9624.0,13.89,17462500,238470353.0,13.88,13.87,13.86,13.85,13.84,13.83,13.82,13.81,13.8,13.79,13.89,13.9,13.91,13.93,13.94,13.95,13.96,13.98,13.99,14.0,19100,10600,19000,8400,10300,3500,10600,39100,23200,100,8200,2000,500,2800,1100,3600,7500,1000,6600,16800
9625.0,13.89,17462500,238470353.0,13.88,13.87,13.86,13.85,13.84,13.83,13.82,13.81,13.8,13.79,13.89,13.9,13.91,13.93,13.94,13.95,13.96,13.98,13.99,14.0,19100,10600,19000,8400,10300,3500,10600,39100,23200,100,8200,2000,500,2800,1100,3600,7500,1000,6600,16800
9626.0,13.89,17462900,238475909.0,13.88,13.87,13.86,13.85,13.84,13.83,13.82,13.81,13.8,13.79,13.89,13.9,13.91,13.93,13.94,13.95,13.96,13.98,13.99,14.0,19100,10600,19000,8400,10300,3500,10600,39100,23200,100,7800,2000,500,2800,1100,3600,7500,1000,6600,16800
9627.0,13.89,17463600,238485632.0,13.88,13.87,13.86,13.85,13.84,13.83,13.82,13.81,13.8,13.79,13.89,13.9,13.91,13.93,13.94,13.95,13.96,13.98,13.99,14.0,19100,10800,19000,8400,10300,3500,10600,39100,23200,100,7100,2000,500,2800,1100,3600,7500,1000,6600,16800
9628.0,13.89,17464300,238495355.0,13.88,13.87,13.86,13.85,13.84,13.83,13.82,13.81,13.8,13.79,13.89,13.9,13.91,13.93,13.94,13.95,13.96,13.98,13.99,14.0,19100,10800,19000,8400,10300,3500,10600,39100,23200,100,6400,2000,500,2800,1100,3600,7500,1000,6600,16800
9629.0,13.89,17464300,238495355.0,13.88,13.87,13.86,13.85,13.84,13.83,13.82,13.81,13.8,13.79,13.89,13.9,13.91,13.93,13.94,13.95,13.96,13.98,13.99,14.0,19300,10800,19000,8400,10300,3500,10600,39100,23200,100,6400,2000,500,2800,1100,3600,7500,1000,6600,16800
9630.0,13.88,17465200,238507853.0,13.88,13.87,13.86,13.85,13.84,13.83,13.82,13.81,13.8,13.79,13.89,13.9,13.91,13.93,13.94,13.95,13.96,13.98,13.99,14.0,19000,10800,19000,8400,10300,3500,10600,39100,23200,100,5800,2000,500,2800,1100,3600,7500,1000,6600,16800
9631.0,13.88,17465200,238507853.0,13.88,13.87,13.86,13.85,13.84,13.83,13.82,13.81,13.8,13.79,13.89,13.9,13.91,13.93,13.94,13.95,13.96,13.98,13.99,14.0,19000,10800,19000,8400,10300,3500,10600,39100,23200,100,5800,2000,500,2800,1100,3600,7500,1000,6600,16800
9632.0,13.88,17465500,238512017.0,13.88,13.87,13.86,13.85,13.84,13.83,13.82,13.81,13.8,13.79,13.89,13.9,13.91,13.93,13.94,13.95,13.96,13.98,13.99,14.0,18700,10800,19000,8500,10300,3500,10600,39100,23200,100,5600,2000,500,2800,1100,3600,7500,2000,6600,16800
9633.0,13.89,17466000,238518962.0,13.88,13.87,13.86,13.85,13.84,13.83,13.82,13.81,13.8,13.79,13.89,13.9,13.91,13.93,13.94,13.95,13.96,13.98,13.99,14.0,18700,10800,19000,8800,10300,3500,10600,39100,23200,100,5100,2000,500,2800,1100,3600,7500,2000,6600,16800
9634.0,13.89,17474900,238642515.0,13.88,13.87,13.86,13.85,13.84,13.83,13.82,13.81,13.8,13.79,13.89,13.9,13.91,13.93,13.94,13.95,13.96,13.98,13.99,14.0,11900,10800,19000,8800,10300,3500,10600,39100,23200,100,3000,2000,500,2800,1100,3600,7500,2000,6600,16800
9635.0,13.89,17475800,238655016.0,13.88,13.87,13.86,13.85,13.84,13.83,13.82,13.81,13.8,13.79,13.89,13.9,13.91,13.93,13.94,13.95,13.96,13.98,13.99,14.0,11900,10800,19000,8800,10300,3500,10600,39100,23200,100,3300,2000,500,2800,1100,3600,7500,2000,6600,16800
9636.0,13.88,17489000,238838235.0,13.87,13.86,13.85,13.84,13.83,13.82,13.81,13.8,13.79,13.78,13.88,13.89,13.9,13.91,13.93,13.94,13.95,13.96,13.98,13.99,10800,19000,8800,10300,3500,10600,39100,23200,100,10500,7100,3000,2000,500,2800,1100,3600,7500,2000,6600
9637.0,13.88,17490300,238856279.0,13.87,13.86,13.85,13.84,13.83,13.82,13.81,13.8,13.79,13.78,13.88,13.89,13.9,13.91,13.93,13.94,13.95,13.96,13.98,13.99,10800,19000,8800,10300,3500,10600,39100,23200,100,10500,7500,3000,2000,500,2800,1100,3600,7500,2000,6600
9638.0,13.88,17490900,238864607.0,13.87,13.86,13.85,13.84,13.83,13.82,13.81,13.8,13.79,13.78,13.88,13.89,13.9,13.91,13.93,13.94,13.95,13.96,13.98,13.99,10800,19000,8800,10300,3500,10600,39100,23200,100,10500,6900,3000,2000,500,2800,1100,3600,7500,2000,6600
9639.0,13.88,17491600,238874323.0,13.87,13.86,13.85,13.84,13.83,13.82,13.81,13.8,13.79,13.78,13.88,13.89,13.9,13.91,13.93,13.94,13.95,13.96,13.98,13.99,10800,19000,8800,10400,3500,10600,39100,23200,100,10500,6200,3000,2000,500,2800,1100,3600,7500,2000,6600
9640.0,13.88,17491600,238874323.0,13.87,13.86,13.85,13.84,13.83,13.82,13.81,13.8,13.79,13.78,13.88,13.89,13.9,13.91,13.93,13.94,13.95,13.96,13.98,13.99,10800,19000,8800,10400,3500,10600,39100,23200,100,10500,6200,3000,2000,500,2800,1100,3600,7500,2000,6600
9641.0,13.88,17491600,238874323.0,13.87,13.86,13.85,13.84,13.83,13.82,13.81,13.8,13.79,13.78,13.88,13.89,13.9,13.91,13.93,13.94,13.95,13.96,13.98,13.99,10800,19000,8800,10400,3500,10600,39100,23200,100,10500,9000,3000,2000,500,2800,1100,3600,7500,2000,6600
9642.0,13.87,17493900,238906242.0,13.87,13.86,13.85,13.84,13.83,13.82,13.81,13.8,13.79,13.78,13.88,13.89,13.9,13.91,13.93,13.94,13.95,13.96,13.98,13.99,10300,19000,8800,10400,3500,10600,39100,23200,100,10500,7200,3000,2000,500,2800,1100,3600,7500,2000,6600
9643.0,13.87,17497500,238956176.0,13.87,13.86,13.85,13.84,13.83,13.82,13.81,13.8,13.79,13.78,13.88,13.89,13.9,13.91,13.93,13.94,13.95,13.96,13.98,13.99,6900,19000,8800,10400,3500,10600,39100,23200,100,10500,8000,3000,2000,500,2800,1100,3600,7500,2000,6600
9644.0,13.87,17497500,238956176.0,13.87,13.86,13.85,13.84,13.83,13.82,13.81,13.8,13.79,13.78,13.88,13.89,13.9,13.91,13.93,13.94,13.95,13.96,13.98,13.99,6900,19000,8700,10400,3500,10600,39100,23200,100,10500,8000,3000,2000,500,2800,1100,3600,7500,2000,6600
9645.0,13.87,17499200,238979762.0,13.87,13.86,13.85,13.84,13.83,13.82,13.81,13.8,13.79,13.78,13.88,13.89,13.9,13.91,13.93,13.94,13.95,13.96,13.98,13.99,5900,19000,8700,10400,3500,10600,39100,23200,100,10500,7300,3000,2000,500,2800,1100,3600,7500,2000,6600
9646.0,13.88,17499800,238988090.0,13.87,13.86,13.85,13.84,13.83,13.82,13.81,13.8,13.79,13.78,13.88,13.89,13.9,13.91,13.93,13.94,13.95,13.96,13.98,13.99,5900,19000,8700,10400,3500,10600,39100,23200,100,10500,6700,3000,2000,500,2800,1100,3600,7500,2000,6600
9647.0,13.87,17503900,239044970.0,13.87,13.86,13.85,13.84,13.83,13.82,13.81,13.8,13.79,13.78,13.88,13.89,13.9,13.91,13.93,13.94,13.95,13.96,13.98,13.99,3100,19000,8700,10400,3500,10600,39100,23200,100,10500,5400,3000,2000,500,2800,1100,3600,7500,2000,6600
9648.0,13.88,17504400,239051910.0,13.87,13.86,13.85,13.84,13.83,13.82,13.81,13.8,13.79,13.78,13.88,13.89,13.91,13.93,13.94,13.95,13.96,13.98,13.99,14.0,3100,19000,7800,10400,3500,10600,39100,23200,100,10500,3900,3000,500,2800,1100,3600,7500,2000,6600,16800
9649.0,13.88,17504700,239056074.0,13.87,13.86,13.85,13.84,13.83,13.82,13.81,13.8,13.79,13.78,13.88,13.89,13.91,13.93,13.94,13.95,13.96,13.98,13.99,14.0,3100,19000,7800,10400,3500,10600,39100,23200,100,10500,3600,3000,500,2800,1100,3600,7500,2000,6600,16800
9650.0,13.88,17504700,239056074.0,13.87,13.86,13.85,13.84,13.83,13.82,13.81,13.8,13.79,13.78,13.88,13.89,13.91,13.93,13.94,13.95,13.96,13.98,13.99,14.0,3100,19000,7800,10400,3500,10600,39100,23200,100,10500,3600,3000,500,2800,1100,3600,7500,2000,6600,16800
9651.0,13.87,17506400,239079656.0,13.87,13.86,13.85,13.84,13.83,13.82,13.81,13.8,13.79,13.78,13.88,13.89,13.91,13.93,13.94,13.95,13.96,13.98,13.99,14.0,1700,19000,7800,10400,3500,10600,39100,23200,100,10500,2800,3000,500,2800,1100,3600,7500,2000,6600,16800
9652.0,13.87,17506400,239079656.0,13.87,13.86,13.85,13.84,13.83,13.82,13.81,13.8,13.79,13.78,13.88,13.89,13.91,13.93,13.94,13.95,13.96,13.98,13.99,14.0,8600,19000,11200,10400,3500,10600,39100,23200,100,10500,2800,3000,500,2800,1100,3600,7500,2000,6600,16800
9653.0,13.87,17509200,239118492.0,13.87,13.86,13.85,13.84,13.83,13.82,13.81,13.8,13.79,13.78,13.88,13.89,13.91,13.93,13.94,13.95,13.96,13.98,13.99,14.0,5800,19000,11200,10400,3500,10600,39100,23200,100,10500,2800,3000,500,2800,1100,3600,7500,2000,6600,16800
9654.0,13.88,17509400,239121268.0,13.87,13.86,13.85,13.84,13.83,13.82,13.81,13.8,13.79,13.78,13.88,13.89,13.91,13.93,13.94,13.95,13.96,13.98,13.99,14.0,5800,19000,11200,10400,3500,10600,39100,23200,100,10500,2600,3000,500,2800,1100,3600,7500,2000,6600,16800
9655.0,13.86,17519500,239261312.0,13.86,13.85,13.84,13.83,13.82,13.81,13.8,13.79,13.78,13.77,13.88,13.89,13.91,13.93,13.94,13.95,13.96,13.98,13.99,14.0,14700,11200,10400,3500,10600,39100,22200,100,10500,2300,2600,3000,500,2800,1100,3600,7500,2000,6600,16800
9656.0,13.88,17519700,239264088.0,13.86,13.85,13.84,13.83,13.82,13.81,13.8,13.79,13.78,13.77,13.87,13.88,13.89,13.91,13.93,13.94,13.95,13.96,13.98,13.99,15100,11200,10400,3500,10600,39100,22200,100,10500,2300,1200,2800,3000,500,2800,1100,3600,7500,2000,6600
9657.0,13.86,17521400,239287651.0,13.86,13.85,13.84,13.83,13.82,13.81,13.8,13.79,13.78,13.77,13.87,13.88,13.89,13.91,13.93,13.94,13.95,13.96,13.98,13.99,14100,11200,10400,3500,10600,39100,22200,100,10500,2300,1100,2800,3000,500,2800,1100,3600,7500,2000,6600
9658.0,13.86,17521700,239291811.0,13.86,13.85,13.84,13.83,13.82,13.81,13.8,13.79,13.78,13.77,13.87,13.88,13.89,13.91,13.93,13.94,13.95,13.96,13.98,13.99,14000,11200,10400,3500,10600,39100,22200,100,10500,2300,900,2800,3000,500,2800,1100,3600,7500,2000,6600
9659.0,13.86,17521700,239291811.0,13.86,13.85,13.84,13.83,13.82,13.81,13.8,13.79,13.78,13.77,13.87,13.88,13.89,13.9,13.91,13.93,13.94,13.95,13.96,13.98,14000,11200,10100,3500,10600,39100,22200,100,10500,2300,900,1000,3000,1200,500,2800,1100,3600,7500,2000
9660.0,13.86,17521900,239294583.0,13.86,13.85,13.84,13.83,13.82,13.81,13.8,13.79,13.78,13.77,13.87,13.88,13.89,13.9,13.91,13.93,13.94,13.95,13.96,13.98,13800,11200,10100,3900,10600,39100,22200,100,10500,2300,900,1000,3000,1200,500,2800,1100,3600,7500,2000
9661.0,13.86,17523400,239315373.0,13.86,13.85,13.84,13.83,13.82,13.81,13.8,13.79,13.78,13.77,13.87,13.88,13.89,13.9,13.91,13.93,13.94,13.95,13.96,13.98,12300,11000,10100,3900,10600,39100,22200,100,10500,2300,900,1000,3000,1200,500,2800,1100,3600,7500,2000
9662.0,13.86,17523500,239316759.0,13.86,13.85,13.84,13.83,13.82,13.81,13.8,13.79,13.78,13.77,13.87,13.88,13.89,13.9,13.91,13.93,13.94,13.95,13.96,13.98,12200,11000,9900,3900,10600,39100,22200,100,10500,2300,900,1000,3000,1200,200,2800,1100,3600,7500,2000
9663.0,13.87,17523600,239318146.0,13.86,13.85,13.84,13.83,13.82,13.81,13.8,13.79,13.78,13.77,13.87,13.88,13.89,13.9,13.91,13.93,13.94,13.95,13.96,13.98,13600,11000,9900,3900,10600,39100,22200,100,10500,2300,800,400,3000,1200,200,2800,1100,3600,7500,2000
9664.0,13.87,17523600,239318146.0,13.86,13.85,13.84,13.83,13.82,13.81,13.8,13.79,13.78,13.77,13.87,13.88,13.89,13.9,13.91,13.93,13.94,13.95,13.96,13.98,13600,11000,9900,3900,10600,39100,22200,100,10500,2300,800,400,3000,1200,200,2800,1100,3600,7500,2000
9665.0,13.87,17523600,239318146.0,13.86,13.85,13.84,13.83,13.82,13.81,13.8,13.79,13.78,13.77,13.87,13.88,13.89,13.9,13.91,13.93,13.94,13.95,13.96,13.98,13600,11000,9900,3900,10600,39100,22200,100,10500,2300,800,400,3000,1200,200,2800,1100,3600,7500,2000
9666.0,13.87,17523600,239318146.0,13.86,13.85,13.84,13.83,13.82,13.81,13.8,13.79,13.78,13.77,13.87,13.88,13.89,13.9,13.91,13.93,13.94,13.95,13.96,13.98,14200,11000,9900,3900,10600,39100,22200,100,10500,2300,1400,400,3000,1200,200,2800,1100,3600,7500,2000
9667.0,13.86,17525800,239348639.0,13.86,13.85,13.84,13.83,13.82,13.81,13.8,13.79,13.78,13.77,13.87,13.88,13.89,13.9,13.91,13.93,13.94,13.95,13.96,13.98,12100,11000,9900,3900,10600,39100,22200,100,10500,2300,1300,400,3000,1200,200,2800,1100,3600,7500,2000
9668.0,13.86,17525800,239348639.0,13.86,13.85,13.84,13.83,13.82,13.81,13.8,13.79,13.78,13.77,13.87,13.88,13.89,13.9,13.91,13.93,13.94,13.95,13.96,13.98,12700,11000,9900,3900,10600,39100,22200,1000,10500,2300,1900,400,3000,1200,200,2800,1100,3600,7500,2000
9669.0,13.86,17528800,239390219.0,13.86,13.85,13.84,13.83,13.82,13.81,13.8,13.79,13.78,13.77,13.87,13.88,13.89,13.9,13.91,13.93,13.94,13.95,13.96,13.98,9700,12500,9900,3900,10600,39100,22200,1000,10500,2300,1900,400,3000,1200,200,2800,1100,3600,7500,2000
9670.0,13.87,17530500,239413786.0,13.86,13.85,13.84,13.83,13.82,13.81,13.8,13.79,13.78,13.77,13.87,13.88,13.89,13.9,13.91,13.93,13.94,13.95,13.96,13.98,9100,12500,9900,3900,10600,39100,22200,1000,10500,2300,2000,400,3000,1200,200,2800,1100,3600,7500,2000
9671.0,13.86,17531500,239427646.0,13.86,13.85,13.84,13.83,13.82,13.81,13.8,13.79,13.78,13.77,13.87,13.88,13.89,13.9,13.91,13.93,13.94,13.95,13.96,13.98,8100,12500,9900,3900,10600,39100,22200,1000,10500,2300,2000,400,3000,1200,200,2800,1100,3600,7500,2000
9672.0,13.86,17531500,239427646.0,13.86,13.85,13.84,13.83,13.82,13.81,13.8,13.79,13.78,13.77,13.87,13.88,13.89,13.9,13.91,13.93,13.94,13.95,13.96,13.98,8100,12500,9900,3800,10600,39100,22200,1000,10500,2300,2300,400,3000,1200,200,2800,1100,3600,7500,2000
9673.0,13.87,17531700,239430420.0,13.86,13.85,13.84,13.83,13.82,13.81,13.8,13.79,13.78,13.77,13.87,13.88,13.89,13.9,13.91,13.93,13.94,13.95,13.96,13.98,8700,12500,9900,3800,10600,39100,22200,1000,10100,2300,2700,400,3000,1200,200,2800,1100,3600,7500,2000
9674.0,13.86,17534700,239472000.0,13.86,13.85,13.84,13.83,13.82,13.81,13.8,13.79,13.78,13.77,13.87,13.88,13.89,13.9,13.91,13.93,13.94,13.95,13.96,13.98,5700,12500,9900,3800,10600,39100,22200,1000,10100,2300,2700,400,3000,1200,200,2800,1100,3600,7500,2000
9675.0,13.86,17534700,239472000.0,13.86,13.85,13.84,13.83,13.82,13.81,13.8,13.79,13.78,13.77,13.87,13.88,13.89,13.9,13.91,13.93,13.94,13.95,13.96,13.98,6300,13500,9900,3800,10600,39100,22200,1000,10100,2300,3300,400,3000,1200,200,2800,1100,3600,7500,2000
9676.0,13.87,17535000,239476161.0,13.86,13.85,13.84,13.83,13.82,13.81,13.8,13.79,13.78,13.77,13.87,13.88,13.89,13.9,13.91,13.93,13.94,13.95,13.96,13.98,6300,13500,9900,3800,10600,39100,22200,1000,10100,2300,3000,400,3000,1200,200,2800,1100,3600,7500,2000
9677.0,13.87,17535300,239480322.0,13.86,13.85,13.84,13.83,13.82,13.81,13.8,13.79,13.78,13.77,13.87,13.88,13.89,13.9,13.91,13.93,13.94,13.95,13.96,13.98,6300,13500,9900,3800,10600,39300,22200,1000,10100,2300,2700,400,3000,1200,200,2800,1100,3600,7500,2000
9678.0,13.86,17541800,239570412.0,13.86,13.85,13.84,13.83,13.82,13.81,13.8,13.79,13.78,13.77,13.87,13.88,13.89,13.9,13.91,13.93,13.94,13.95,13.96,13.98,400,13500,9900,3800,10600,39300,22200,1000,10100,2300,3300,400,3000,1200,200,2800,1100,3600,7500,2000
9679.0,13.87,17542100,239574573.0,13.86,13.85,13.84,13.83,13.82,13.81,13.8,13.79,13.78,13.77,13.87,13.88,13.89,13.9,13.91,13.93,13.94,13.95,13.96,13.98,700,13500,9900,3800,10600,39300,22200,1000,10100,2300,3000,400,3000,1200,200,2800,1100,3600,7500,2000
9680.0,13.86,17543100,239588433.0,13.86,13.85,13.84,13.83,13.82,13.81,13.8,13.79,13.78,13.77,13.87,13.88,13.89,13.9,13.91,13.93,13.94,13.95,13.96,13.98,400,13500,9900,3800,17700,39300,22200,1000,10100,2300,3700,400,3000,1200,200,2800,1100,3600,7500,2000
9681.0,13.86,17543900,239599528.0,13.86,13.85,13.84,13.83,13.82,13.81,13.8,13.79,13.78,13.77,13.87,13.88,13.89,13.9,13.91,13.93,13.94,13.95,13.96,13.98,300,13900,9900,3800,17700,39300,22200,1000,10100,2300,3000,400,3000,1200,200,2800,1100,3600,7500,2000
9682.0,13.85,17545100,239616157.0,13.85,13.84,13.83,13.82,13.81,13.8,13.79,13.78,13.77,13.76,13.87,13.88,13.89,13.9,13.91,13.93,13.94,13.95,13.96,13.98,13300,9900,3800,17400,39300,22300,1000,10100,2300,5700,2700,400,3000,1200,200,2800,1100,3600,7500,2000
9683.0,13.85,17546100,239630008.0,13.85,13.84,13.83,13.82,13.81,13.8,13.79,13.78,13.77,13.76,13.87,13.88,13.89,13.9,13.91,13.93,13.94,13.95,13.96,13.98,14300,9900,3800,17400,39300,22300,1000,10100,2300,5700,4600,400,3000,1200,200,2800,1100,3600,7500,2000
9684.0,13.87,17546700,239638330.0,13.85,13.84,13.83,13.82,13.81,13.8,13.79,13.78,13.77,13.76,13.87,13.88,13.89,13.9,13.91,13.93,13.94,13.95,13.96,13.98,14800,9900,3800,17400,39300,21800,1000,10100,2300,5700,4500,400,3000,1200,200,2800,1100,3600,7500,2000
9685.0,13.87,17547100,239643878.0,13.85,13.84,13.83,13.82,13.81,13.8,13.79,13.78,13.77,13.76,13.87,13.88,13.89,13.9,13.91,13.93,13.94,13.95,13.96,13.98,18400,9900,3800,17400,39300,21800,1000,10100,2300,5700,4800,400,3000,1200,200,2800,1100,3600,7500,2000
9686.0,13.85,17554200,239742213.0,13.85,13.84,13.83,13.82,13.81,13.8,13.79,13.78,13.77,13.76,13.87,13.88,13.89,13.9,13.91,13.93,13.94,13.95,13.96,13.98,12500,9900,3800,17400,39300,21800,1000,10100,2300,5700,6000,400,1200,1200,200,2800,1100,3600,7500,2000
9687.0,13.85,17554200,239742213.0,13.85,13.84,13.83,13.82,13.81,13.8,13.79,13.78,13.77,13.76,13.87,13.88,13.89,13.9,13.91,13.93,13.94,13.95,13.96,13.98,13000,9900,3800,17400,39300,21800,1000,10100,2300,5700,7300,400,1200,1200,200,2800,1100,3600,7500,2000
9688.0,13.87,17554900,239751922.0,13.85,13.84,13.83,13.82,13.81,13.8,13.79,13.78,13.77,13.76,13.87,13.88,13.89,13.9,13.91,13.93,13.94,13.95,13.96,13.98,15000,9900,3800,17400,39300,21800,1000,10100,2300,5700,7800,400,1200,1200,200,2800,1100,3600,7500,2000
9689.0,13.87,17555700,239763012.0,13.85,13.84,13.83,13.82,13.81,13.8,13.79,13.78,13.77,13.76,13.87,13.88,13.89,13.9,13.91,13.93,13.94,13.95,13.96,13.98,15200,9900,3800,17400,39300,21800,1000,10100,2300,5700,7800,400,1200,1200,200,2800,1100,3600,7500,2000
9690.0,13.87,17555700,239763012.0,13.85,13.84,13.83,13.82,13.81,13.8,13.79,13.78,13.77,13.76,13.87,13.88,13.89,13.9,13.91,13.93,13.94,13.95,13.96,13.98,15900,9900,3800,17400,39300,21800,1000,10100,2300,5700,9600,400,1200,1200,200,2800,1100,3600,7500,2000
9691.0,13.85,17560100,239823980.0,13.85,13.84,13.83,13.82,13.81,13.8,13.79,13.78,13.77,13.76,13.87,13.88,13.89,13.9,13.91,13.93,13.94,13.95,13.96,13.98,14000,9900,3800,17600,39300,21800,1000,10600,2300,5700,8200,400,1200,1200,200,2800,1100,3600,7500,2000
9692.0,13.85,17561600,239844783.0,13.85,13.84,13.83,13.82,13.81,13.8,13.79,13.78,13.77,13.76,13.87,13.88,13.89,13.9,13.91,13.93,13.94,13.95,13.96,13.98,14400,10200,3800,17600,39300,19300,1000,10600,2300,5700,7300,400,1200,1200,200,2800,1100,3600,7500,2000
9693.0,13.85,17561600,239844783.0,13.85,13.84,13.83,13.82,13.81,13.8,13.79,13.78,13.77,13.76,13.87,13.88,13.89,13.9,13.91,13.93,13.94,13.95,13.96,13.98,16300,10200,3800,17600,39300,19300,1000,10600,2300,5700,9200,400,1200,1200,200,2800,1100,3600,7500,2000
9694.0,13.85,17561600,239844783.0,13.85,13.84,13.83,13.82,13.81,13.8,13.79,13.78,13.77,13.76,13.87,13.88,13.89,13.9,13.91,13.93,13.94,13.95,13.96,13.98,16300,10200,4200,17600,39300,19300,1000,10600,2300,5700,9200,400,1200,1200,200,2800,1100,3600,7500,2000
9695.0,13.85,17562500,239857262.0,13.85,13.84,13.83,13.82,13.81,13.8,13.79,13.78,13.77,13.76,13.87,13.88,13.89,13.9,13.91,13.93,13.94,13.95,13.96,13.98,18500,10200,4200,17600,39300,19300,1000,10600,2300,5700,10900,400,1200,1200,200,2800,1100,3600,7500,2000
9696.0,13.85,17562500,239857262.0,13.85,13.84,13.83,13.82,13.81,13.8,13.79,13.78,13.77,13.76,13.87,13.88,13.89,13.9,13.91,13.93,13.94,13.95,13.96,13.98,18500,10200,4200,17600,39300,19300,1000,10600,2300,5700,10900,400,1200,1200,200,2800,1100,3600,7500,2000
9697.0,13.85,17562500,239857262.0,13.85,13.84,13.83,13.82,13.81,13.8,13.79,13.78,13.77,13.76,13.87,13.88,13.89,13.9,13.91,13.93,13.94,13.95,13.96,13.98,19000,10200,4200,17600,39300,18300,1000,10600,2300,5700,13300,400,1200,1200,200,2800,1100,3600,7500,2000
9698.0,13.85,17564100,239879450.0,13.85,13.84,13.83,13.82,13.81,13.8,13.79,13.78,13.77,13.76,13.87,13.88,13.89,13.9,13.91,13.93,13.94,13.95,13.96,13.98,21700,10200,4200,17600,39300,18300,1000,10600,2300,5700,11900,400,1200,1200,200,2800,1100,3600,7500,2000
9699.0,13.85,17564100,239879450.0,13.85,13.84,13.83,13.82,13.81,13.8,13.79,13.78,13.77,13.76,13.87,13.88,13.89,13.9,13.91,13.93,13.94,13.95,13.96,13.98,21700,10200,4200,17600,39300,18300,1000,10600,2300,5700,11900,400,1200,1200,200,2800,1100,3600,7500,2000
9700.0,13.85,17571100,239976400.0,13.85,13.84,13.83,13.82,13.81,13.8,13.79,13.78,13.77,13.76,13.87,13.88,13.89,13.9,13.91,13.93,13.94,13.95,13.96,13.98,21100,10200,4600,17600,39300,18300,1100,10600,2300,5700,14300,400,1200,1200,200,2800,1100,3600,7500,2000
9701.0,13.87,17571800,239986109.0,13.85,13.84,13.83,13.82,13.81,13.8,13.79,13.78,13.77,13.76,13.87,13.88,13.89,13.9,13.91,13.93,13.94,13.95,13.96,13.98,23100,10200,4600,17600,39300,18300,1100,10600,2300,5700,13600,400,1200,1200,200,2800,1100,3600,7500,2000
9702.0,13.85,17573000,240002729.0,13.85,13.84,13.83,13.82,13.81,13.8,13.79,13.78,13.77,13.76,13.87,13.88,13.89,13.9,13.91,13.93,13.94,13.95,13.96,13.98,23600,10200,4600,17600,39300,18300,1100,10600,2300,5700,16000,400,1200,1200,200,2800,1100,3600,7500,2000
9703.0,13.87,17574400,240022147.0,13.85,13.84,13.83,13.82,13.81,13.8,13.79,13.78,13.77,13.76,13.87,13.88,13.89,13.9,13.91,13.93,13.94,13.95,13.96,13.98,24300,10200,4600,17600,39300,18300,1100,14600,2300,5700,14600,400,1200,1200,200,2800,1100,3600,7500,2000
9704.0,13.85,17575300,240034626.0,13.85,13.84,13.83,13.82,13.81,13.8,13.79,13.78,13.77,13.76,13.87,13.88,13.89,13.9,13.91,13.93,13.94,13.95,13.96,13.98,26600,10200,4600,17600,39300,18300,1100,14600,2300,5700,14900,400,1200,1200,200,2800,1100,3600,7500,2000
9705.0,13.87,17576200,240047109.0,13.85,13.84,13.83,13.82,13.81,13.8,13.79,13.78,13.77,13.76,13.87,13.88,13.89,13.9,13.91,13.93,13.94,13.95,13.96,13.98,27800,10200,4600,17600,39300,18300,1100,14600,2300,5700,15200,400,1200,1200,200,2800,1100,3600,7500,2000
9706.0,13.87,17576200,240047109.0,13.85,13.84,13.83,13.82,13.81,13.8,13.79,13.78,13.77,13.76,13.87,13.88,13.89,13.9,13.91,13.93,13.94,13.95,13.96,13.98,28800,10200,5300,17600,40200,18300,1100,14600,2300,5700,16200,400,1200,1200,200,2800,1100,3600,7500,2000
9707.0,13.87,17576900,240056818.0,13.85,13.84,13.83,13.82,13.81,13.8,13.79,13.78,13.77,13.76,13.87,13.88,13.89,13.9,13.91,13.93,13.94,13.95,13.96,13.98,30000,10200,5300,17600,40200,18300,1100,14600,2300,5700,16600,400,1200,1200,200,2800,1100,3600,7500,2000
9708.0,13.85,17578000,240072067.0,13.85,13.84,13.83,13.82,13.81,13.8,13.79,13.78,13.77,13.76,13.87,13.88,13.89,13.9,13.91,13.93,13.94,13.95,13.96,13.98,29600,10200,5300,17600,40200,18300,1100,14600,2300,5700,15900,400,1200,1200,200,2800,1100,3600,7500,2000
9709.0,13.85,17578000,240072067.0,13.85,13.84,13.83,13.82,13.81,13.8,13.79,13.78,13.77,13.76,13.87,13.88,13.89,13.9,13.91,13.93,13.94,13.95,13.96,13.98,29600,10200,5300,17600,40200,18300,1100,14600,2300,5700,15900,400,1200,1200,200,2800,1100,3600,7500,2000
9710.0,13.87,17578700,240081776.0,13.85,13.84,13.83,13.82,13.81,13.8,13.79,13.78,13.77,13.76,13.87,13.88,13.89,13.9,13.91,13.93,13.94,13.95,13.96,13.98,30700,10200,5300,17600,40200,18300,1100,14600,2300,5700,16300,400,1200,1200,200,2800,1100,3600,7500,2000
9711.0,13.87,17578700,240081776.0,13.85,13.84,13.83,13.82,13.81,13.8,13.79,13.78,13.77,13.76,13.87,13.88,13.89,13.9,13.91,13.93,13.94,13.95,13.96,13.98,30700,10200,9400,17600,40200,18300,1100,14600,2300,5700,16300,400,1200,1200,200,2800,1100,3600,7500,2000
9712.0,13.87,17579400,240091485.0,13.85,13.84,13.83,13.82,13.81,13.8,13.79,13.78,13.77,13.76,13.87,13.88,13.89,13.9,13.91,13.93,13.94,13.95,13.96,13.98,31300,10200,9400,17600,40200,18300,1100,14600,2300,5700,16200,400,1200,1200,200,2800,1100,3600,7500,2000
9713.0,13.87,17579400,240091485.0,13.85,13.84,13.83,13.82,13.81,13.8,13.79,13.78,13.77,13.76,13.87,13.88,13.89,13.9,13.91,13.93,13.94,13.95,13.96,13.98,31700,10400,9400,17600,40200,18300,1100,14600,2300,5700,16600,400,1200,1200,200,2800,1100,3600,7500,2000
9714.0,13.87,17580100,240101194.0,13.85,13.84,13.83,13.82,13.81,13.8,13.79,13.78,13.77,13.76,13.87,13.88,13.89,13.9,13.91,13.93,13.94,13.95,13.96,13.98,32300,10400,9400,17600,40200,18300,1000,14600,2300,5700,18700,400,1200,1200,200,2800,1100,3600,7500,2000
9715.0,13.87,17581500,240120612.0,13.85,13.84,13.83,13.82,13.81,13.8,13.79,13.78,13.77,13.76,13.87,13.88,13.89,13.9,13.91,13.93,13.94,13.95,13.96,13.98,32700,10400,9400,17600,40200,18300,1000,14600,2300,5700,17700,400,1200,1200,200,2800,1100,3600,7500,2000
9716.0,13.87,17581500,240120612.0,13.85,13.84,13.83,13.82,13.81,13.8,13.79,13.78,13.77,13.76,13.87,13.88,13.89,13.9,13.91,13.93,13.94,13.95,13.96,13.98,32800,10400,9400,17600,40200,18300,1000,17600,2300,5700,17700,400,1200,1200,200,2800,1100,3600,7500,2000
9717.0,13.87,17582200,240130321.0,13.85,13.84,13.83,13.82,13.81,13.8,13.79,13.78,13.77,13.76,13.87,13.88,13.89,13.9,13.91,13.93,13.94,13.95,13.96,13.98,33400,10400,9400,17600,40200,18300,1000,17600,2300,5700,17600,400,1200,1200,200,2800,1100,3600,7500,2000
9718.0,13.87,17582200,240130321.0,13.85,13.84,13.83,13.82,13.81,13.8,13.79,13.78,13.77,13.76,13.87,13.88,13.89,13.9,13.91,13.93,13.94,13.95,13.96,13.98,33800,10400,9400,17600,40200,18300,1000,17600,2300,5700,18000,400,1200,1200,200,2800,1100,3600,7500,2000
9719.0,13.87,17582900,240140030.0,13.85,13.84,13.83,13.82,13.81,13.8,13.79,13.78,13.77,13.76,13.87,13.88,13.89,13.9,13.91,13.93,13.94,13.95,13.96,13.98,34300,10400,9400,17600,40200,18300,1000,17600,2300,5700,17800,400,1200,1200,200,2800,1100,3600,7500,2000
9720.0,13.87,17583600,240149739.0,13.85,13.84,13.83,13.82,13.81,13.8,13.79,13.78,13.77,13.76,13.87,13.88,13.89,13.9,13.91,13.93,13.94,13.95,13.96,13.98,34300,10500,9500,17600,40200,18300,1000,17600,2300,5700,17100,400,1200,1200,200,2800,1100,3600,7500,2000
9721.0,13.87,17583600,240149739.0,13.85,13.84,13.83,13.82,13.81,13.8,13.79,13.78,13.77,13.76,13.87,13.88,13.89,13.9,13.91,13.93,13.94,13.95,13.96,13.98,35200,10500,9500,17600,40200,18300,1000,17600,2300,5700,18000,400,1200,1200,200,2800,1100,3600,7500,2000
9722.0,13.87,17583600,240149739.0,13.85,13.84,13.83,13.82,13.81,13.8,13.79,13.78,13.77,13.76,13.87,13.88,13.89,13.9,13.91,13.93,13.94,13.95,13.96,13.98,38100,10500,9500,17600,40200,18300,1000,17600,2300,5700,18000,400,1200,1400,200,2800,1100,3600,7500,2000
9723.0,13.87,17583600,240149739.0,13.85,13.84,13.83,13.82,13.81,13.8,13.79,13.78,13.77,13.76,13.87,13.88,13.89,13.9,13.91,13.93,13.94,13.95,13.96,13.98,38100,10500,9500,17600,40200,18300,1000,17600,2300,5700,18000,400,1200,1400,200,2800,1100,3600,7500,2000
9724.0,13.85,17585100,240170528.0,13.85,13.84,13.83,13.82,13.81,13.8,13.79,13.78,13.77,13.76,13.87,13.88,13.89,13.9,13.91,13.93,13.94,13.95,13.96,13.98,38200,10500,9500,17600,40200,18300,1000,17600,2300,5700,18200,400,1200,1400,200,2800,1100,3600,7500,2000
9725.0,13.85,17585100,240170528.0,13.85,13.84,13.83,13.82,13.81,13.8,13.79,13.78,13.77,13.76,13.87,13.88,13.89,13.9,13.91,13.93,13.94,13.95,13.96,13.98,38300,10400,9600,17600,40200,18300,1000,17600,2300,5700,18200,400,1200,1400,200,2800,1100,3600,7500,2000
9726.0,13.87,17587200,240199655.0,13.85,13.84,13.83,13.82,13.81,13.8,13.79,13.78,13.77,13.76,13.87,13.88,13.89,13.9,13.91,13.93,13.94,13.95,13.96,13.98,38300,10400,9600,17600,40200,18300,1000,17600,2300,5700,16500,400,1200,1400,200,2800,1100,3600,7500,2000
9727.0,13.85,17589100,240225984.0,13.86,13.85,13.84,13.83,13.82,13.81,13.8,13.79,13.78,13.77,13.87,13.88,13.89,13.9,13.91,13.93,13.94,13.95,13.96,13.98,100,37500,10400,9600,17600,40200,18300,1000,17600,2300,15800,400,1200,1400,200,2800,1100,3600,7500,2000
9728.0,13.87,17589300,240228758.0,13.86,13.85,13.84,13.83,13.82,13.81,13.8,13.79,13.78,13.77,13.87,13.88,13.89,13.9,13.91,13.93,13.94,13.95,13.96,13.98,100,37500,10400,9600,17600,40200,17100,1000,17600,2300,15600,400,1200,1400,200,2800,1100,3600,7500,2000
9729.0,13.85,17590700,240248149.0,13.85,13.84,13.83,13.82,13.81,13.8,13.79,13.78,13.77,13.76,13.87,13.88,13.89,13.9,13.91,13.93,13.94,13.95,13.96,13.98,36200,10400,9600,17600,40200,17100,1000,17600,2300,5700,15600,400,1200,1400,200,2800,1100,3600,7500,2000
9730.0,13.87,17591400,240257858.0,13.85,13.84,13.83,13.82,13.81,13.8,13.79,13.78,13.77,13.76,13.87,13.88,13.89,13.9,13.91,13.93,13.94,13.95,13.96,13.98,36700,10400,9600,17600,40200,17100,1000,17600,2300,5700,14900,400,1200,1400,200,2800,1100,3600,7500,2000
9731.0,13.87,17591400,240257858.0,13.85,13.84,13.83,13.82,13.81,13.8,13.79,13.78,13.77,13.76,13.87,13.88,13.89,13.9,13.91,13.93,13.94,13.95,13.96,13.98,36700,17100,9600,17600,40200,17100,1000,17600,2300,5700,14900,400,1200,1400,200,2800,1100,3600,7500,2000
9732.0,13.87,17591400,240257858.0,13.85,13.84,13.83,13.82,13.81,13.8,13.79,13.78,13.77,13.76,13.87,13.88,13.89,13.9,13.91,13.93,13.94,13.95,13.96,13.98,37100,17100,9600,17600,40200,17100,1000,17600,2300,5700,15300,400,1200,1400,200,2800,1100,3600,7500,2000
9733.0,13.85,17595400,240313272.0,13.85,13.84,13.83,13.82,13.81,13.8,13.79,13.78,13.77,13.76,13.87,13.88,13.89,13.9,13.91,13.93,13.94,13.95,13.96,13.97,33800,17100,9600,17600,40200,17100,1000,17600,2300,5700,14600,400,1200,1400,200,2800,1100,3600,7500,400
9734.0,13.85,17597400,240340986.0,13.85,13.84,13.83,13.82,13.81,13.8,13.79,13.78,13.77,13.76,13.87,13.88,13.89,13.9,13.91,13.93,13.94,13.95,13.96,13.97,32800,17100,9600,17400,40200,17100,1000,17600,2300,5700,14200,400,1200,1400,200,2800,1100,3600,7500,400
9735.0,13.85,17598400,240354836.0,13.85,13.84,13.83,13.82,13.81,13.8,13.79,13.78,13.77,13.76,13.87,13.88,13.89,13.9,13.91,13.93,13.94,13.95,13.96,13.97,31800,17200,9600,17400,40200,16100,1000,17600,2300,5700,14200,400,1200,1400,200,2800,1100,3600,7500,400
9736.0,13.85,17598400,240354836.0,13.85,13.84,13.83,13.82,13.81,13.8,13.79,13.78,13.77,13.76,13.87,13.88,13.89,13.9,13.91,13.93,13.94,13.95,13.96,13.97,31800,18100,9600,17400,40200,16100,1000,17600,2300,5700,14200,400,1200,1400,200,2800,1100,3600,7500,400
9737.0,13.87,17600500,240383963.0,13.85,13.84,13.83,13.82,13.81,13.8,13.79,13.78,13.77,13.76,13.86,13.87,13.88,13.89,13.9,13.91,13.93,13.94,13.95,13.96,32100,18100,9600,17400,40200,16100,1000,17600,2300,5700,400,12400,400,1200,1400,200,2800,1100,3600,7500
9738.0,13.87,17600500,240383963.0,13.85,13.84,13.83,13.82,13.81,13.8,13.79,13.78,13.77,13.76,13.86,13.87,13.88,13.89,13.9,13.91,13.93,13.94,13.95,13.96,32100,18100,9600,17900,40200,16100,1000,17600,2300,5700,400,12400,400,1200,1400,200,2800,1100,3600,7500
9739.0,13.87,17600500,240383963.0,13.85,13.84,13.83,13.82,13.81,13.8,13.79,13.78,13.77,13.76,13.86,13.87,13.88,13.89,13.9,13.91,13.93,13.94,13.95,13.96,32100,18100,9600,17900,40200,16100,1000,17600,2300,5700,400,12400,400,1200,1400,200,2800,1100,3600,7500
9740.0,13.86,17600700,240386735.0,13.85,13.84,13.83,13.82,13.81,13.8,13.79,13.78,13.77,13.76,13.86,13.87,13.88,13.89,13.9,13.91,13.93,13.94,13.95,13.96,32100,18100,9600,23900,40200,16100,1000,17600,2300,5700,200,12400,400,1200,1400,200,2800,1100,3600,7500
9741.0,13.86,17600700,240386735.0,13.85,13.84,13.83,13.82,13.81,13.8,13.79,13.78,13.77,13.76,13.86,13.87,13.88,13.89,13.9,13.91,13.93,13.94,13.95,13.96,32100,18100,9600,23900,40200,16100,1000,17600,2300,5700,200,12400,400,1200,1400,200,2800,1100,3600,7500
9742.0,13.85,17601500,240397815.0,13.85,13.84,13.83,13.82,13.81,13.8,13.79,13.78,13.77,13.76,13.86,13.87,13.88,13.89,13.9,13.91,13.93,13.94,13.95,13.96,31300,18100,9600,23900,40200,16100,1000,17600,2300,5700,200,12400,400,1200,1400,200,2800,1100,3600,7500
9743.0,13.85,17601500,240397815.0,13.85,13.84,13.83,13.82,13.81,13.8,13.79,13.78,13.77,13.76,13.86,13.87,13.88,13.89,13.9,13.91,13.93,13.94,13.95,13.96,33300,18100,9600,23900,40200,16100,1000,17600,2300,5700,200,12400,400,1200,1400,200,2800,1100,3600,7500
9744.0,13.85,17601500,240397815.0,13.85,13.84,13.83,13.82,13.81,13.8,13.79,13.78,13.77,13.76,13.86,13.87,13.88,13.89,13.9,13.91,13.93,13.94,13.95,13.96,33300,18100,9800,23900,40200,16100,1000,17600,2300,5700,200,12400,400,1200,1400,200,2800,1100,3600,7500
9745.0,13.85,17601500,240397815.0,13.85,13.84,13.83,13.82,13.81,13.8,13.79,13.78,13.77,13.76,13.86,13.87,13.88,13.89,13.9,13.91,13.93,13.94,13.95,13.96,33300,19300,9800,23900,40200,16100,1000,17600,2300,5700,200,12400,400,1200,1400,200,2800,1100,3600,7500
9746.0,13.85,17601500,240397815.0,13.85,13.84,13.83,13.82,13.81,13.8,13.79,13.78,13.77,13.76,13.86,13.87,13.88,13.89,13.9,13.91,13.93,13.94,13.95,13.96,33300,19300,9800,23900,40200,16100,1000,17600,2300,5700,200,12400,400,1200,1400,200,2800,1100,3600,7500
9747.0,13.85,17601500,240397815.0,13.85,13.84,13.83,13.82,13.81,13.8,13.79,13.78,13.77,13.76,13.86,13.87,13.88,13.89,13.9,13.91,13.93,13.94,13.95,13.96,33300,19300,9800,23900,40200,16100,1000,17600,2300,5700,200,12400,400,1200,1400,200,2800,1100,3600,7500
9748.0,13.85,17601500,240397815.0,13.85,13.84,13.83,13.82,13.81,13.8,13.79,13.78,13.77,13.76,13.86,13.87,13.88,13.89,13.9,13.91,13.93,13.94,13.95,13.96,33300,19300,9800,24700,40200,16100,1000,17600,2300,5700,200,12400,400,1200,1400,200,2800,1100,3600,7500
9749.0,13.85,17601500,240397815.0,13.85,13.84,13.83,13.82,13.81,13.8,13.79,13.78,13.77,13.76,13.86,13.87,13.88,13.89,13.9,13.91,13.93,13.94,13.95,13.96,33300,19300,9900,24700,40200,16100,1000,17600,2300,5700,200,12400,400,1200,1400,200,2800,1100,3600,7500
9750.0,13.85,17601500,240397815.0,13.85,13.84,13.83,13.82,13.81,13.8,13.79,13.78,13.77,13.76,13.86,13.87,13.88,13.89,13.9,13.91,13.93,13.94,13.95,13.96,33300,23900,9900,24700,40200,16100,1000,17600,2300,5700,200,12400,400,1200,1400,200,2800,1100,3600,7500
9751.0,13.85,17601700,240400585.0,13.85,13.84,13.83,13.82,13.81,13.8,13.79,13.78,13.77,13.76,13.86,13.87,13.88,13.89,13.9,13.91,13.93,13.94,13.95,13.96,35900,23900,10400,24700,40200,16100,1000,17600,2300,5700,200,12400,400,1200,1400,200,2800,1100,3600,7500
9752.0,13.85,17601700,240400585.0,13.85,13.84,13.83,13.82,13.81,13.8,13.79,13.78,13.77,13.76,13.86,13.87,13.88,13.89,13.9,13.91,13.93,13.94,13.95,13.96,35900,23900,10400,24700,40200,16100,1000,17600,2300,5700,200,12400,400,1200,1400,200,2800,1100,3600,7500
9753.0,13.85,17603200,240421360.0,13.85,13.84,13.83,13.82,13.81,13.8,13.79,13.78,13.77,13.76,13.86,13.87,13.88,13.89,13.9,13.91,13.93,13.94,13.95,13.96,34400,23900,10400,24700,40200,16100,1000,17600,2300,5700,200,12400,400,1200,1400,200,2800,1100,3600,7500
9754.0,13.85,17603200,240421360.0,13.85,13.84,13.83,13.82,13.81,13.8,13.79,13.78,13.77,13.76,13.86,13.87,13.88,13.89,13.9,13.91,13.93,13.94,13.95,13.96,34400,23900,10400,24700,40200,16100,1000,17600,2300,5700,200,12400,400,1200,1400,200,2800,1100,3600,7500
9755.0,13.86,17603400,240424132.0,13.86,13.85,13.84,13.83,13.82,13.81,13.8,13.79,13.78,13.77,13.87,13.88,13.89,13.9,13.91,13.93,13.94,13.95,13.96,13.97,800,34400,24300,11100,24700,40200,16100,1000,17600,2300,12400,400,1200,1400,200,2800,1100,3600,7500,400
9756.0,13.85,17604500,240439375.0,13.85,13.84,13.83,13.82,13.81,13.8,13.79,13.78,13.77,13.76,13.87,13.88,13.89,13.9,13.91,13.93,13.94,13.95,13.96,13.97,34600,24300,11100,24700,40200,16100,1000,17600,2300,5700,12400,400,1200,1400,200,2800,1100,3600,7500,400
9757.0,13.85,17606200,240462934.0,13.85,13.84,13.83,13.82,13.81,13.8,13.79,13.78,13.77,13.76,13.87,13.88,13.89,13.9,13.91,13.93,13.94,13.95,13.96,13.97,34700,24300,11100,24700,40200,16100,1000,17600,2300,5700,12000,400,1200,1400,200,2800,1100,3600,7500,400
9758.0,13.85,17606200,240462934.0,13.85,13.84,13.83,13.82,13.81,13.8,13.79,13.78,13.77,13.76,13.87,13.88,13.89,13.9,13.91,13.93,13.94,13.95,13.96,13.97,34700,24300,11100,24700,40200,16100,1000,17600,2300,5700,12000,400,1200,1400,200,2800,1100,3600,7500,400
9759.0,13.87,17606600,240468482.0,13.85,13.84,13.83,13.82,13.81,13.8,13.79,13.78,13.77,13.76,13.87,13.88,13.89,13.9,13.91,13.93,13.94,13.95,13.96,13.97,34700,24300,11100,24700,40200,16100,1000,17600,2300,5700,11600,400,1200,1400,200,2800,1100,3600,7500,400
9760.0,13.87,17608700,240497609.0,13.85,13.84,13.83,13.82,13.81,13.8,13.79,13.78,13.77,13.76,13.87,13.88,13.89,13.9,13.91,13.93,13.94,13.95,13.96,13.97,35300,24300,11100,24700,40200,16100,1000,17600,2300,5700,9800,400,1200,1400,200,2800,1100,3600,7500,400
9761.0,13.85,17609500,240508703.0,13.85,13.84,13.83,13.82,13.81,13.8,13.79,13.78,13.77,13.76,13.87,13.88,13.89,13.9,13.91,13.93,13.94,13.95,13.96,13.97,35200,24300,11100,24700,40200,16100,1000,17600,2300,5700,9100,400,1200,1400,200,2800,1100,3600,7500,400
9762.0,13.85,17609500,240508703.0,13.85,13.84,13.83,13.82,13.81,13.8,13.79,13.78,13.77,13.76,13.86,13.87,13.88,13.89,13.9,13.91,13.93,13.94,13.95,13.96,35500,24300,11100,24700,40200,16100,1000,17600,2300,5700,800,9400,400,1200,1400,200,2800,1100,3600,7500
9763.0,13.85,17609500,240508703.0,13.85,13.84,13.83,13.82,13.81,13.8,13.79,13.78,13.77,13.76,13.86,13.87,13.88,13.89,13.9,13.91,13.93,13.94,13.95,13.96,35600,24300,11100,24700,40200,16100,1000,17600,2300,5700,800,9400,400,1200,1400,200,2800,1100,3600,7500
9764.0,13.85,17609500,240508703.0,13.85,13.84,13.83,13.82,13.81,13.8,13.79,13.78,13.77,13.76,13.86,13.87,13.88,13.89,13.9,13.91,13.93,13.94,13.95,13.96,35800,25300,11100,24700,40200,16100,1000,17600,2300,5700,800,9400,400,1200,1400,200,2800,1100,3600,7500
9765.0,13.87,17611100,240530887.0,13.85,13.84,13.83,13.82,13.81,13.8,13.79,13.78,13.77,13.76,13.87,13.88,13.89,13.9,13.91,13.93,13.94,13.95,13.96,13.97,35800,25300,11100,24700,40200,16100,1000,17600,2300,5700,8600,400,1200,1400,200,2800,1100,3600,7500,400
9766.0,13.85,17612900,240555831.0,13.85,13.84,13.83,13.82,13.81,13.8,13.79,13.78,13.77,13.76,13.87,13.88,13.89,13.9,13.91,13.93,13.94,13.95,13.96,13.97,35700,25300,11100,24700,40200,16100,1000,17600,2300,5700,7900,400,1200,1400,200,2800,1100,3600,7500,400
9767.0,13.85,17612900,240555831.0,13.85,13.84,13.83,13.82,13.81,13.8,13.79,13.78,13.77,13.76,13.87,13.88,13.89,13.9,13.91,13.93,13.94,13.95,13.96,13.97,35900,25300,11100,24700,40200,16100,1000,17600,2300,5700,7900,400,1200,1400,200,2800,1100,3600,7500,400
9768.0,13.87,17613700,240566927.0,13.85,13.84,13.83,13.82,13.81,13.8,13.79,13.78,13.77,13.76,13.87,13.88,13.89,13.9,13.91,13.93,13.94,13.95,13.96,13.97,36100,25300,11100,24700,40200,16100,1000,17600,2300,5700,7300,400,1200,1400,200,2800,1100,3600,7500,400
9769.0,13.87,17613900,240569701.0,13.85,13.84,13.83,13.82,13.81,13.8,13.79,13.78,13.77,13.76,13.87,13.88,13.89,13.9,13.91,13.93,13.94,13.95,13.96,13.97,36100,25300,11100,24700,40200,16100,1000,18200,2300,5700,7100,400,1200,1400,200,2800,1100,3600,7500,400
9770.0,13.87,17614900,240583571.0,13.85,13.84,13.83,13.82,13.81,13.8,13.79,13.78,13.77,13.76,13.87,13.88,13.89,13.9,13.91,13.93,13.94,13.95,13.96,13.97,36700,25300,11100,24700,40200,16100,1000,18200,2300,5700,6300,400,1200,1400,200,2800,1100,3600,7500,400
9771.0,13.87,17616100,240600215.0,13.85,13.84,13.83,13.82,13.81,13.8,13.79,13.78,13.77,13.76,13.87,13.88,13.89,13.9,13.91,13.93,13.94,13.95,13.96,13.97,36700,25300,11100,24700,40200,16100,1000,18200,2300,5700,5100,400,1200,1400,200,2800,1100,3600,7500,400
9772.0,13.87,17616100,240600215.0,13.85,13.84,13.83,13.82,13.81,13.8,13.79,13.78,13.77,13.76,13.87,13.88,13.89,13.9,13.91,13.93,13.94,13.95,13.96,13.97,36700,25300,11100,24700,40200,16100,1000,18200,2300,5700,5100,400,1200,1400,200,2800,1100,3600,7500,400
9773.0,13.87,17616600,240607150.0,13.85,13.84,13.83,13.82,13.81,13.8,13.79,13.78,13.77,13.76,13.87,13.88,13.89,13.9,13.91,13.93,13.94,13.95,13.96,13.97,37400,25300,11100,24700,40200,16100,1000,18200,2300,5700,4800,400,1200,1200,200,2800,1100,3600,7500,400
9774.0,13.87,17616600,240607150.0,13.86,13.85,13.84,13.83,13.82,13.81,13.8,13.79,13.78,13.77,13.87,13.88,13.89,13.9,13.91,13.93,13.94,13.95,13.96,13.97,1500,37400,25300,11100,24700,40200,16100,1000,18200,2300,4800,400,1200,1200,200,2800,1100,3600,7500,400
9775.0,13.87,17616600,240607150.0,13.86,13.85,13.84,13.83,13.82,13.81,13.8,13.79,13.78,13.77,13.87,13.88,13.89,13.9,13.91,13.93,13.94,13.95,13.96,13.97,1500,37400,25400,10400,24700,40200,16100,1000,18200,2300,4800,400,1200,1200,200,2800,1100,3600,7500,400
9776.0,13.87,17619600,240648760.0,13.86,13.85,13.84,13.83,13.82,13.81,13.8,13.79,13.78,13.77,13.87,13.88,13.89,13.9,13.91,13.93,13.94,13.95,13.96,13.97,1500,37400,25400,10400,24700,40200,16100,1000,18200,2300,5300,400,1200,1200,200,2800,1100,3600,7500,400
9777.0,13.87,17620100,240655695.0,13.86,13.85,13.84,13.83,13.82,13.81,13.8,13.79,13.78,13.77,13.87,13.88,13.89,13.9,13.91,13.93,13.94,13.95,13.96,13.97,1500,37400,25400,10400,24700,40200,16100,1000,18200,2300,4800,400,1200,1200,200,2800,1100,3600,7500,400
9778.0,13.87,17620100,240655695.0,13.86,13.85,13.84,13.83,13.82,13.81,13.8,13.79,13.78,13.77,13.87,13.88,13.89,13.9,13.91,13.93,13.94,13.95,13.96,13.97,1500,36300,26900,10400,24700,40200,16100,1000,18200,2300,4800,400,1200,1200,200,2800,1100,3600,7500,400
9779.0,13.87,17620600,240662630.0,13.86,13.85,13.84,13.83,13.82,13.81,13.8,13.79,13.78,13.77,13.87,13.88,13.89,13.9,13.91,13.93,13.94,13.95,13.96,13.97,1500,36300,26900,10400,24700,40200,16100,1000,18200,2300,4300,400,1200,1200,200,2800,1100,3600,7500,400
9780.0,13.87,17621300,240672339.0,13.86,13.85,13.84,13.83,13.82,13.81,13.8,13.79,13.78,13.77,13.87,13.88,13.89,13.9,13.91,13.93,13.94,13.95,13.96,13.97,1500,36300,26900,10400,24700,40200,16100,900,18200,2300,4300,400,1200,1200,200,2800,1100,2900,7500,400
9781.0,13.87,17621300,240672339.0,13.86,13.85,13.84,13.83,13.82,13.81,13.8,13.79,13.78,13.77,13.87,13.88,13.89,13.9,13.91,13.93,13.94,13.95,13.96,13.97,1500,36300,26900,10400,24700,40200,16100,900,18200,2300,4300,400,1200,1200,200,2800,1100,2900,7500,400
9782.0,13.89,17626400,240743088.0,13.86,13.85,13.84,13.83,13.82,13.81,13.8,13.79,13.78,13.77,13.87,13.89,13.9,13.91,13.93,13.94,13.95,13.96,13.97,13.98,1500,36300,26900,10400,24700,40200,16100,900,18200,2300,600,800,1200,200,2800,1100,2900,7500,400,4000
9783.0,13.89,17626400,240743088.0,13.86,13.85,13.84,13.83,13.82,13.81,13.8,13.79,13.78,13.77,13.87,13.89,13.9,13.91,13.93,13.94,13.95,13.96,13.97,13.98,1500,36400,26900,10400,24700,40200,17100,900,18200,2300,600,800,1200,200,2800,1100,2900,7500,400,4000
9784.0,13.89,17626400,240743088.0,13.86,13.85,13.84,13.83,13.82,13.81,13.8,13.79,13.78,13.77,13.87,13.89,13.9,13.91,13.93,13.94,13.95,13.96,13.97,13.98,1500,36400,26900,10400,24700,40200,17100,900,18200,2300,600,800,1200,200,2800,1100,2900,7500,400,4000
9785.0,13.87,17626500,240744475.0,13.86,13.85,13.84,13.83,13.82,13.81,13.8,13.79,13.78,13.77,13.87,13.89,13.9,13.91,13.93,13.94,13.95,13.96,13.97,13.98,1800,36600,26000,10400,24700,40200,17100,900,18200,2300,500,800,1200,200,2800,1100,2900,7500,400,4000
9786.0,13.87,17626500,240744475.0,13.86,13.85,13.84,13.83,13.82,13.81,13.8,13.79,13.78,13.77,13.87,13.89,13.9,13.91,13.93,13.94,13.95,13.96,13.97,13.98,2600,36800,26000,10400,24700,40200,17100,900,18200,2300,500,800,1200,200,2800,1100,2900,7500,400,4000
9787.0,13.87,17626500,240744475.0,13.86,13.85,13.84,13.83,13.82,13.81,13.8,13.79,13.78,13.77,13.87,13.89,13.9,13.91,13.93,13.94,13.95,13.96,13.97,13.98,2600,36800,26000,10400,24700,40200,17100,900,18200,2300,500,800,1200,200,2800,1100,2900,7500,400,4000
9788.0,13.87,17626500,240744475.0,13.86,13.85,13.84,13.83,13.82,13.81,13.8,13.79,13.78,13.77,13.87,13.89,13.9,13.91,13.93,13.94,13.95,13.96,13.97,13.98,2600,36800,26200,10400,24700,40200,18100,900,18200,2300,500,800,1200,200,2800,1100,2900,7500,400,4000
9789.0,13.87,17626600,240745862.0,13.86,13.85,13.84,13.83,13.82,13.81,13.8,13.79,13.78,13.77,13.89,13.9,13.91,13.93,13.94,13.95,13.96,13.97,13.98,13.99,2600,38400,26200,10400,24700,40200,18100,900,18200,2300,800,1200,200,2800,1100,2900,7500,400,4000,8700
9790.0,13.87,17626600,240745862.0,13.87,13.86,13.85,13.84,13.83,13.82,13.81,13.8,13.79,13.78,13.89,13.9,13.91,13.93,13.94,13.95,13.96,13.97,13.98,13.99,1700,3900,38400,26200,10400,24700,40200,18100,900,18200,1600,1200,200,2800,1100,2900,7500,400,4000,8700
9791.0,13.87,17626600,240745862.0,13.87,13.86,13.85,13.84,13.83,13.82,13.81,13.8,13.79,13.78,13.89,13.9,13.91,13.93,13.94,13.95,13.96,13.97,13.98,13.99,3700,3900,46100,26200,10400,24700,40200,18100,900,18200,1800,1200,200,2800,1100,2900,7500,400,4000,8700
9792.0,13.87,17627500,240758345.0,13.87,13.86,13.85,13.84,13.83,13.82,13.81,13.8,13.79,13.78,13.89,13.9,13.91,13.93,13.94,13.95,13.96,13.97,13.98,13.99,2900,3900,46200,26200,10300,24700,40200,18100,900,18200,1800,1200,200,2800,1100,2900,7500,400,4000,8700
9793.0,13.89,17627900,240763901.0,13.87,13.86,13.85,13.84,13.83,13.82,13.81,13.8,13.79,13.78,13.89,13.9,13.91,13.93,13.94,13.95,13.96,13.97,13.98,13.99,2900,3900,46200,26200,10300,24700,40200,18100,900,18200,1400,1200,200,2800,1100,2900,7500,400,4000,8700
9794.0,13.89,17627900,240763901.0,13.87,13.86,13.85,13.84,13.83,13.82,13.81,13.8,13.79,13.78,13.89,13.9,13.91,13.93,13.94,13.95,13.96,13.97,13.98,13.99,3200,3900,46200,26700,10300,24700,40200,18100,900,18200,1600,1200,200,2800,1100,2900,7500,400,4000,8700
9795.0,13.87,17628900,240777771.0,13.87,13.86,13.85,13.84,13.83,13.82,13.81,13.8,13.79,13.78,13.89,13.9,13.91,13.93,13.94,13.95,13.96,13.97,13.98,13.99,2200,3900,46200,26700,10300,24700,40200,18100,900,18200,1600,1200,200,2800,1100,2900,7500,400,4000,8700
9796.0,13.89,17629000,240779160.0,13.87,13.86,13.85,13.84,13.83,13.82,13.81,13.8,13.79,13.78,13.89,13.9,13.91,13.93,13.94,13.95,13.96,13.97,13.98,13.99,2200,3900,47100,26700,10400,24700,40200,18100,900,18200,1500,1200,200,2800,1100,2900,7500,400,4000,8700
9797.0,13.89,17629100,240780549.0,13.87,13.86,13.85,13.84,13.83,13.82,13.81,13.8,13.79,13.78,13.89,13.9,13.91,13.93,13.94,13.95,13.96,13.97,13.98,13.99,2200,3900,47100,26700,10400,24700,40200,18100,900,18200,1400,1200,200,2800,1100,2900,7500,400,4000,8700
9798.0,13.89,17629100,240780549.0,13.87,13.86,13.85,13.84,13.83,13.82,13.81,13.8,13.79,13.78,13.89,13.9,13.91,13.93,13.94,13.95,13.96,13.97,13.98,13.99,2400,3900,47100,26700,10400,24700,40200,18100,900,18200,1400,1200,200,2800,1100,2900,7500,400,4000,8700
9799.0,13.89,17629200,240781938.0,13.87,13.86,13.85,13.84,13.83,13.82,13.81,13.8,13.79,13.78,13.89,13.9,13.91,13.93,13.94,13.95,13.96,13.97,13.98,13.99,2400,3900,47100,26700,10400,24700,40200,18100,900,18200,1300,1200,200,2800,1100,2900,7500,400,4000,8700
9800.0,13.89,17629200,240781938.0,13.88,13.87,13.86,13.85,13.84,13.83,13.82,13.81,13.8,13.79,13.89,13.9,13.91,13.93,13.94,13.95,13.96,13.97,13.98,13.99,700,2400,3900,47100,26700,10400,24700,40200,18100,900,1300,1200,200,2800,1100,2900,7500,400,4000,8700
9801.0,13.89,17629400,240784716.0,13.88,13.87,13.86,13.85,13.84,13.83,13.82,13.81,13.8,13.79,13.89,13.9,13.91,13.93,13.94,13.95,13.96,13.97,13.98,13.99,700,2400,3900,47100,26700,10400,24700,40200,18100,900,1100,1200,200,2800,1100,2900,7500,400,4000,8700
9802.0,13.89,17629500,240786105.0,13.88,13.87,13.86,13.85,13.84,13.83,13.82,13.81,13.8,13.79,13.89,13.9,13.91,13.93,13.94,13.95,13.96,13.97,13.98,13.99,700,2400,4900,47100,26400,10400,24700,40200,18100,900,1000,1200,200,2800,1100,2900,7500,400,4000,8700
9803.0,13.89,17629500,240786105.0,13.88,13.87,13.86,13.85,13.84,13.83,13.82,13.81,13.8,13.79,13.89,13.9,13.91,13.93,13.94,13.95,13.96,13.97,13.98,13.99,800,2900,4900,47100,26400,10400,24700,40200,18100,900,1000,1200,200,2800,1100,2900,7500,400,4000,8700
9804.0,13.89,17629500,240786105.0,13.88,13.87,13.86,13.85,13.84,13.83,13.82,13.81,13.8,13.79,13.89,13.9,13.91,13.93,13.94,13.95,13.96,13.97,13.98,13.99,800,2900,4900,47100,26000,10400,24700,40200,18100,900,1000,1200,200,2800,1100,2900,7500,400,4000,8700
9805.0,13.89,17629800,240790272.0,13.88,13.87,13.86,13.85,13.84,13.83,13.82,13.81,13.8,13.79,13.89,13.9,13.91,13.93,13.94,13.95,13.96,13.97,13.98,13.99,800,2900,4900,47100,26000,10400,24700,40200,18100,900,700,1200,200,2800,1100,2900,7500,400,4000,8700
9806.0,13.89,17629800,240790272.0,13.88,13.87,13.86,13.85,13.84,13.83,13.82,13.81,13.8,13.79,13.89,13.9,13.91,13.93,13.94,13.95,13.96,13.97,13.98,13.99,800,4900,4900,47100,26000,10400,24700,40200,18200,900,700,1200,200,2800,1100,2900,7500,400,4000,8700
9807.0,13.89,17630500,240799995.0,13.89,13.88,13.87,13.86,13.85,13.84,13.83,13.82,13.81,13.8,13.9,13.91,13.93,13.94,13.95,13.96,13.97,13.98,13.99,14.0,5700,800,5300,4900,47100,26000,10400,24700,40200,18200,1200,200,2800,1100,2900,7500,400,4000,8700,15600
9808.0,13.89,17635000,240862500.0,13.89,13.88,13.87,13.86,13.85,13.84,13.83,13.82,13.81,13.8,13.9,13.91,13.93,13.94,13.95,13.96,13.97,13.98,13.99,14.0,1200,800,5300,4900,47100,26000,10400,24700,40200,18200,1200,200,2800,1100,2900,7500,400,4000,8700,17600
9809.0,13.9,17635100,240863890.0,13.89,13.88,13.87,13.86,13.85,13.84,13.83,13.82,13.81,13.8,13.9,13.91,13.93,13.94,13.95,13.96,13.97,13.98,13.99,14.0,1200,800,5300,5300,47100,26000,10400,24700,40200,18200,1100,200,2800,1100,2900,7500,400,4000,8700,17600
9810.0,13.9,17635100,240863890.0,13.89,13.88,13.87,13.86,13.85,13.84,13.83,13.82,13.81,13.8,13.9,13.91,13.93,13.94,13.95,13.96,13.97,13.98,13.99,14.0,1200,800,5300,5300,47100,26000,10400,24700,40200,18200,1100,200,2800,1100,2900,7500,400,4000,8700,17600
9811.0,13.9,17635100,240863890.0,13.89,13.88,13.87,13.86,13.85,13.84,13.83,13.82,13.81,13.8,13.9,13.91,13.93,13.94,13.95,13.96,13.97,13.98,13.99,14.0,1200,800,5300,5300,47100,26000,10400,24700,40200,18200,1100,200,2800,1100,2900,7500,400,4000,8700,17600
9812.0,13.9,17635300,240866670.0,13.89,13.88,13.87,13.86,13.85,13.84,13.83,13.82,13.81,13.8,13.9,13.91,13.93,13.94,13.95,13.96,13.97,13.98,13.99,14.0,1200,800,5300,5300,47100,26000,10400,24700,40300,18200,900,200,2800,1100,2900,7500,400,4000,8700,17600
9813.0,13.9,17635300,240866670.0,13.89,13.88,13.87,13.86,13.85,13.84,13.83,13.82,13.81,13.8,13.9,13.91,13.93,13.94,13.95,13.96,13.97,13.98,13.99,14.0,1200,1200,5300,5300,47100,21400,10400,24700,40300,18200,900,200,2800,1100,2900,7500,400,4000,8700,17600
9814.0,13.9,17635300,240866670.0,13.89,13.88,13.87,13.86,13.85,13.84,13.83,13.82,13.81,13.8,13.9,13.91,13.93,13.94,13.95,13.96,13.97,13.98,13.99,14.0,1200,1200,5500,5300,46300,21400,10400,24700,40300,18200,900,200,2800,1100,2900,7500,400,4000,8700,17600
9815.0,13.9,17635300,240866670.0,13.89,13.88,13.87,13.86,13.85,13.84,13.83,13.82,13.81,13.8,13.9,13.91,13.93,13.94,13.95,13.96,13.97,13.98,13.99,14.0,1200,1200,5500,5300,46300,21400,10400,24700,41300,20800,900,200,2800,1100,2900,7500,400,4000,8700,17600
9816.0,13.89,17636400,240881950.0,13.89,13.88,13.87,13.86,13.85,13.84,13.83,13.82,13.81,13.8,13.9,13.91,13.93,13.94,13.95,13.96,13.97,13.98,13.99,14.0,200,1200,5500,5300,46300,21400,10400,24700,41300,20800,800,200,2800,1100,2900,7500,400,4000,8700,17600
9817.0,13.89,17636400,240881950.0,13.89,13.88,13.87,13.86,13.85,13.84,13.83,13.82,13.81,13.8,13.9,13.91,13.93,13.94,13.95,13.96,13.97,13.98,13.99,14.0,200,1200,5500,5300,46300,21400,10400,24700,41300,20800,800,200,2800,1100,2900,7500,400,4000,8700,17600
9818.0,13.89,17636400,240881950.0,13.89,13.88,13.87,13.86,13.85,13.84,13.83,13.82,13.81,13.8,13.9,13.91,13.93,13.94,13.95,13.96,13.97,13.98,13.99,14.0,200,2900,5500,5300,46300,21400,10400,24700,41300,20800,800,200,2800,1100,2900,7500,400,4000,8700,17600
9819.0,13.89,17636400,240881950.0,13.89,13.88,13.87,13.86,13.85,13.84,13.83,13.82,13.81,13.8,13.9,13.91,13.93,13.94,13.95,13.96,13.97,13.98,13.99,14.0,200,2900,5500,5300,46300,21400,11300,24700,41300,20800,800,200,2800,1100,2900,7500,400,4000,8700,17600
9820.0,13.89,17636400,240881950.0,13.89,13.88,13.87,13.86,13.85,13.84,13.83,13.82,13.81,13.8,13.9,13.91,13.93,13.94,13.95,13.96,13.97,13.98,13.99,14.0,200,2900,6000,5300,46300,21400,11300,24700,41300,20800,800,200,2800,1100,2900,7500,400,4000,8700,17600
9821.0,13.89,17636400,240881950.0,13.89,13.88,13.87,13.86,13.85,13.84,13.83,13.82,13.81,13.8,13.91,13.93,13.94,13.95,13.96,13.97,13.98,13.99,14.0,14.01,200,2900,6000,5300,46300,21400,11300,24700,41300,20800,200,2800,1100,2900,7500,400,4000,8700,17600,1200
9822.0,13.89,17636400,240881950.0,13.89,13.88,13.87,13.86,13.85,13.84,13.83,13.82,13.81,13.8,13.91,13.93,13.94,13.95,13.96,13.97,13.98,13.99,14.0,14.01,200,2900,5600,5300,46300,21400,11600,24700,41300,20800,200,2800,1100,2900,7500,400,4000,8700,17600,1200
9823.0,13.89,17636400,240881950.0,13.89,13.88,13.87,13.86,13.85,13.84,13.83,13.82,13.81,13.8,13.91,13.93,13.94,13.95,13.96,13.97,13.98,13.99,14.0,14.01,200,3200,6600,5300,46300,21400,11600,24700,41300,20800,200,2800,1100,2900,7500,400,4000,8700,17600,1200
9824.0,13.88,17637000,240890280.0,13.89,13.88,13.87,13.86,13.85,13.84,13.83,13.82,13.81,13.8,13.91,13.93,13.94,13.95,13.96,13.97,13.98,13.99,14.0,14.01,1000,5400,8500,5300,46300,21400,11600,24700,41300,20800,200,2800,1100,2900,7500,400,4000,8700,17600,1200
9825.0,13.88,17637000,240890280.0,13.89,13.88,13.87,13.86,13.85,13.84,13.83,13.82,13.81,13.8,13.91,13.93,13.94,13.95,13.96,13.97,13.98,13.99,14.0,14.01,1000,5400,9300,5500,46300,21400,11600,24700,41300,20800,200,2800,1100,2900,7500,400,4000,8700,17600,1200
9826.0,13.88,17637000,240890280.0,13.89,13.88,13.87,13.86,13.85,13.84,13.83,13.82,13.81,13.8,13.91,13.93,13.94,13.95,13.96,13.97,13.98,13.99,14.0,14.01,1000,5400,9300,5500,46300,21400,11600,24700,41300,20800,200,2800,1100,2900,7500,400,4000,8700,17600,1200
9827.0,13.89,17637100,240891669.0,13.89,13.88,13.87,13.86,13.85,13.84,13.83,13.82,13.81,13.8,13.91,13.93,13.94,13.95,13.96,13.97,13.98,13.99,14.0,14.01,900,5400,13800,5500,46300,21400,11600,24700,41300,20800,200,2800,1100,2900,7500,400,4000,8700,15900,1200
9828.0,13.89,17637100,240891669.0,13.89,13.88,13.87,13.86,13.85,13.84,13.83,13.82,13.81,13.8,13.91,13.93,13.94,13.95,13.96,13.97,13.98,13.99,14.0,14.01,900,5400,13800,5500,46300,21400,11600,24700,41300,20000,200,2800,1100,2900,7500,400,4000,8700,15900,1200
9829.0,13.89,17637100,240891669.0,13.89,13.88,13.87,13.86,13.85,13.84,13.83,13.82,13.81,13.8,13.91,13.93,13.94,13.95,13.96,13.97,13.98,13.99,14.0,14.01,900,5400,13800,5500,46300,21400,11600,24700,41300,20000,200,2800,1100,2900,7500,400,4000,8700,15900,1200
9830.0,13.89,17637100,240891669.0,13.89,13.88,13.87,13.86,13.85,13.84,13.83,13.82,13.81,13.8,13.91,13.93,13.94,13.95,13.96,13.97,13.98,13.99,14.0,14.01,900,5400,13800,4700,46300,21400,11600,24700,41300,30000,200,2800,1100,2900,7500,400,4000,8700,15900,1200
9831.0,13.91,17637200,240893060.0,13.89,13.88,13.87,13.86,13.85,13.84,13.83,13.82,13.81,13.8,13.91,13.93,13.94,13.95,13.96,13.97,13.98,13.99,14.0,14.01,900,5400,13800,4700,46300,21400,11600,24700,41300,30000,100,2800,1100,1800,7500,400,4000,8700,15900,1200
9832.0,13.88,17638900,240916665.0,13.88,13.87,13.86,13.85,13.84,13.83,13.82,13.81,13.8,13.78,13.91,13.93,13.94,13.95,13.96,13.97,13.98,13.99,14.0,14.01,4600,13800,4700,46300,21400,11600,24700,41300,31000,18300,100,2800,1100,1800,7500,400,4000,8700,15900,1200
9833.0,13.88,17638900,240916665.0,13.88,13.87,13.86,13.85,13.84,13.83,13.82,13.81,13.8,13.78,13.89,13.91,13.93,13.94,13.95,13.96,13.97,13.98,13.99,14.0,4800,13800,4700,46300,21400,11600,24700,41300,31000,18300,1000,300,2800,1100,1800,7500,400,4000,8700,15900
9834.0,13.88,17638900,240916665.0,13.88,13.87,13.86,13.85,13.84,13.83,13.82,13.81,13.8,13.78,13.89,13.91,13.93,13.94,13.95,13.96,13.97,13.98,13.99,14.0,5200,13800,4700,46300,21400,11600,24700,41300,31000,18300,1000,300,2800,1100,1800,7500,400,4000,8700,15900
9835.0,13.89,17640900,240944435.0,13.89,13.88,13.87,13.86,13.85,13.84,13.83,13.82,13.81,13.8,13.91,13.93,13.94,13.95,13.96,13.97,13.98,13.99,14.0,14.01,500,4200,13800,4700,46300,21400,11600,24700,41300,31000,300,2800,1100,1800,7500,400,4000,8700,15900,1200
9836.0,13.89,17640900,240944435.0,13.89,13.88,13.87,13.86,13.85,13.84,13.83,13.82,13.81,13.8,13.91,13.93,13.94,13.95,13.96,13.97,13.98,13.99,14.0,14.01,500,7200,13800,4700,45400,21400,11600,24700,41300,31000,300,2800,1100,1800,7500,400,4000,8700,15900,1200
9837.0,13.89,17640900,240944435.0,13.89,13.88,13.87,13.86,13.85,13.84,13.83,13.82,13.81,13.8,13.91,13.93,13.94,13.95,13.96,13.97,13.98,13.99,14.0,14.01,500,7200,13800,4700,45400,21400,11600,24700,41300,31000,300,2800,1100,1800,7500,400,4000,9900,15900,1200
9838.0,13.89,17640900,240944435.0,13.89,13.88,13.87,13.86,13.85,13.84,13.83,13.82,13.81,13.8,13.91,13.93,13.94,13.95,13.96,13.97,13.98,13.99,14.0,14.01,500,7200,13800,4700,45400,21400,11600,24700,41300,31000,300,2800,1100,1800,7500,400,4000,9900,15900,1200
9839.0,13.89,17640900,240944435.0,13.89,13.88,13.87,13.86,13.85,13.84,13.83,13.82,13.81,13.8,13.91,13.93,13.94,13.95,13.96,13.97,13.98,13.99,14.0,14.01,500,7300,13800,4700,45900,21400,11600,24700,41300,31000,300,2800,1100,1800,7500,400,4000,9900,16200,1200
9840.0,13.88,17642900,240972200.0,13.88,13.87,13.86,13.85,13.84,13.83,13.82,13.81,13.8,13.78,13.89,13.91,13.93,13.94,13.95,13.96,13.97,13.98,13.99,14.0,5800,13800,4700,45900,21400,11600,24700,41300,31000,18300,1300,300,2800,1100,1800,7500,400,4000,9900,16200
9841.0,13.88,17644600,240995796.0,13.88,13.87,13.86,13.85,13.84,13.83,13.82,13.81,13.8,13.78,13.89,13.91,13.93,13.94,13.95,13.96,13.97,13.98,13.99,14.0,4200,13800,5500,45700,21400,11600,24700,41300,31000,18300,1300,300,2800,1100,1800,7500,400,4000,9900,16200
9842.0,13.88,17645400,241006900.0,13.88,13.87,13.86,13.85,13.84,13.83,13.82,13.81,13.8,13.78,13.89,13.91,13.93,13.94,13.95,13.96,13.97,13.98,13.99,14.0,3400,14700,5500,45700,21400,11600,24700,41300,31000,18300,1300,300,2800,1100,1800,7500,400,4000,9900,16200
9843.0,13.88,17645400,241006900.0,13.88,13.87,13.86,13.85,13.84,13.83,13.82,13.81,13.8,13.78,13.89,13.9,13.91,13.93,13.94,13.95,13.96,13.97,13.98,13.99,3400,14700,5500,45700,21400,11600,24700,41300,31000,18300,1300,200,300,2800,1100,1800,7500,400,4000,9900
9844.0,13.88,17645400,241006900.0,13.88,13.87,13.86,13.85,13.84,13.83,13.82,13.81,13.8,13.78,13.89,13.9,13.91,13.93,13.94,13.95,13.96,13.97,13.98,13.99,3400,14700,5500,45700,21400,11600,24700,41300,31000,18300,1300,200,300,2800,1100,1800,7500,400,4000,9900
9845.0,13.88,17646200,241018004.0,13.88,13.87,13.86,13.85,13.84,13.83,13.82,13.81,13.8,13.78,13.89,13.9,13.91,13.93,13.94,13.95,13.96,13.97,13.98,13.99,2600,14700,5500,45700,21400,11600,24700,41300,31000,18300,1300,200,300,2800,1100,1800,7500,400,4000,9900
9846.0,13.88,17646200,241018004.0,13.88,13.87,13.86,13.85,13.84,13.83,13.82,13.81,13.8,13.78,13.89,13.9,13.91,13.93,13.94,13.95,13.96,13.97,13.98,13.99,2600,14700,5500,45700,21400,11600,24700,41300,31000,18300,1300,200,300,2800,1100,1800,7500,400,4000,9900
9847.0,13.88,17647500,241036048.0,13.88,13.87,13.86,13.85,13.84,13.83,13.82,13.81,13.8,13.78,13.89,13.9,13.91,13.93,13.94,13.95,13.96,13.97,13.98,13.99,1300,14700,5500,45700,21400,11600,24700,41300,31000,18300,1300,200,300,2800,1100,1800,7500,400,4000,9900
9848.0,13.88,17647600,241037436.0,13.88,13.87,13.86,13.85,13.84,13.83,13.82,13.81,13.8,13.78,13.89,13.9,13.91,13.93,13.94,13.95,13.96,13.97,13.98,13.99,1200,14700,5500,45700,21400,11600,24700,41300,31000,18300,1900,200,300,2800,1100,1800,7500,400,4000,9900
9849.0,13.87,17659300,241199727.0,13.87,13.86,13.85,13.84,13.83,13.82,13.81,13.8,13.78,13.77,13.89,13.9,13.91,13.93,13.94,13.95,13.96,13.97,13.98,13.99,4200,5500,45700,21400,11600,24700,41300,31000,18300,3500,1900,200,300,2800,1100,1800,7500,400,4000,8700
9850.0,13.89,17659600,241203894.0,13.87,13.86,13.85,13.84,13.83,13.82,13.81,13.8,13.78,13.77,13.89,13.9,13.91,13.93,13.94,13.95,13.96,13.97,13.98,13.99,4200,5500,45700,21400,11600,24700,41300,31000,18300,3500,1600,200,300,2800,1100,1800,7500,400,4000,8700
9851.0,13.87,17660000,241209442.0,13.87,13.86,13.85,13.84,13.83,13.82,13.81,13.8,13.78,13.77,13.89,13.9,13.91,13.93,13.94,13.95,13.96,13.97,13.98,13.99,3800,5500,45700,21400,11600,24700,41300,31000,18300,3500,1600,200,300,2800,1100,1800,7500,400,4000,8700
9852.0,13.86,17665000,241278786.0,13.86,13.85,13.84,13.83,13.82,13.81,13.8,13.78,13.77,13.76,13.88,13.89,13.9,13.91,13.93,13.94,13.95,13.96,13.97,13.98,4500,45700,21400,11600,24700,41300,31000,18300,3500,5700,300,1400,200,300,2800,1100,1800,7500,400,4000
9853.0,13.86,17665000,241278786.0,13.86,13.85,13.84,13.83,13.82,13.81,13.8,13.78,13.77,13.76,13.87,13.88,13.89,13.9,13.91,13.93,13.94,13.95,13.96,13.97,4500,45700,21400,11600,24700,41300,31000,18300,3500,5700,100,300,1400,200,300,2800,1100,1800,7500,400
9854.0,13.86,17665400,241284330.0,13.86,13.85,13.84,13.83,13.82,13.81,13.8,13.78,13.77,13.76,13.87,13.88,13.89,13.9,13.91,13.93,13.94,13.95,13.96,13.97,4100,45700,21400,11600,24700,41300,31000,18300,3500,5700,100,300,1400,200,300,2800,1100,1800,7500,400
9855.0,13.86,17665400,241284330.0,13.86,13.85,13.84,13.83,13.82,13.81,13.8,13.78,13.77,13.76,13.87,13.88,13.89,13.9,13.91,13.93,13.95,13.96,13.97,13.98,4100,45700,21400,11600,24700,41300,31000,18300,3500,5700,100,300,1400,200,300,2800,1800,7500,400,4000
9856.0,13.86,17665800,241289874.0,13.86,13.85,13.84,13.83,13.82,13.81,13.8,13.78,13.77,13.76,13.87,13.88,13.89,13.9,13.91,13.93,13.95,13.96,13.97,13.98,3700,45700,21400,11600,24700,41300,31000,18300,3500,5700,100,300,1400,200,300,2800,1800,7500,400,4000
9857.0,13.86,17666100,241294032.0,13.86,13.85,13.84,13.83,13.82,13.81,13.8,13.78,13.77,13.76,13.87,13.88,13.89,13.9,13.91,13.93,13.95,13.96,13.97,13.98,3600,45700,21400,11600,24700,41300,31000,18300,3500,5700,100,300,1400,200,300,2800,1800,7500,400,4000
9858.0,13.86,17666100,241294032.0,13.86,13.85,13.84,13.83,13.82,13.81,13.8,13.78,13.77,13.76,13.87,13.88,13.89,13.9,13.91,13.93,13.94,13.95,13.96,13.97,3600,45700,21400,11600,24700,41300,31000,18300,3500,5700,100,300,1400,200,300,2800,100,1800,7500,400
9859.0,13.86,17667200,241309278.0,13.86,13.85,13.84,13.83,13.82,13.81,13.8,13.78,13.77,13.76,13.87,13.88,13.89,13.9,13.91,13.93,13.94,13.95,13.96,13.97,2500,45700,21400,11600,24700,41300,31000,18300,3500,5700,100,1000,1400,200,300,2800,100,1800,7500,400
9860.0,13.86,17667400,241312050.0,13.86,13.85,13.84,13.83,13.82,13.81,13.8,13.78,13.77,13.76,13.87,13.88,13.89,13.9,13.91,13.93,13.94,13.95,13.96,13.97,2300,45700,21400,11600,24700,41300,31000,18300,3500,5700,100,1000,1400,200,300,2800,100,1800,7500,400
9861.0,13.86,17668400,241325910.0,13.86,13.85,13.84,13.83,13.82,13.81,13.8,13.78,13.77,13.76,13.87,13.88,13.89,13.9,13.91,13.93,13.94,13.95,13.96,13.97,1300,46500,21400,11600,24700,41300,31000,18300,3500,5700,100,1000,1400,200,300,2800,100,1800,7500,400
9862.0,13.86,17668600,241328682.0,13.86,13.85,13.84,13.83,13.82,13.81,13.8,13.78,13.77,13.76,13.87,13.88,13.89,13.9,13.91,13.93,13.94,13.95,13.96,13.97,1100,46500,21400,11600,24700,41300,31000,18300,3500,5700,100,1000,1400,200,300,2800,100,1800,7500,400
9863.0,13.86,17668800,241331454.0,13.86,13.85,13.84,13.83,13.82,13.81,13.8,13.78,13.77,13.76,13.87,13.88,13.89,13.9,13.91,13.93,13.94,13.95,13.96,13.97,900,46500,21400,11600,24700,41300,31000,18300,3500,5700,100,1000,600,200,300,2800,100,1800,7500,400
9864.0,13.86,17668800,241331454.0,13.86,13.85,13.84,13.83,13.82,13.81,13.8,13.78,13.77,13.76,13.87,13.88,13.89,13.9,13.91,13.93,13.94,13.95,13.96,13.97,900,53600,21400,11600,24700,41300,31000,18300,3500,5700,100,1000,600,200,300,2800,100,1800,7500,400
9865.0,13.86,17668800,241331454.0,13.86,13.85,13.84,13.83,13.82,13.81,13.8,13.78,13.77,13.76,13.87,13.88,13.89,13.9,13.91,13.93,13.94,13.95,13.96,13.97,900,53600,21400,11600,24700,41300,31000,18300,3500,5700,100,1000,600,200,300,2800,100,1800,7500,400
9866.0,13.85,17670700,241357778.0,13.85,13.84,13.83,13.82,13.81,13.8,13.78,13.77,13.76,13.75,13.86,13.87,13.88,13.89,13.9,13.91,13.93,13.94,13.95,13.96,52600,21400,11600,24700,41300,31000,18300,3500,5700,3100,4100,100,1000,600,200,300,2800,100,1800,7500
9867.0,13.85,17673000,241389633.0,13.85,13.84,13.83,13.82,13.81,13.8,13.78,13.77,13.76,13.75,13.86,13.87,13.88,13.89,13.9,13.91,13.93,13.94,13.95,13.96,50300,21400,11600,24700,41300,31000,18300,3500,5700,3100,4100,100,1000,600,200,300,2800,100,1800,7500
9868.0,13.86,17673100,241391019.0,13.85,13.84,13.83,13.82,13.81,13.8,13.78,13.77,13.76,13.75,13.86,13.87,13.88,13.89,13.9,13.91,13.93,13.94,13.95,13.96,50300,21400,11200,24700,41300,31000,18300,3500,5700,3100,4000,100,1000,600,200,300,2800,100,1800,7500
9869.0,13.85,17674500,241410409.0,13.85,13.84,13.83,13.82,13.81,13.8,13.78,13.77,13.76,13.75,13.86,13.87,13.88,13.89,13.9,13.91,13.93,13.94,13.95,13.96,48900,21400,11200,24700,41300,31000,18300,3500,5700,3100,4000,100,1000,600,200,300,2800,100,1800,7500
9870.0,13.85,17674500,241410409.0,13.85,13.84,13.83,13.82,13.81,13.8,13.78,13.77,13.76,13.75,13.86,13.87,13.88,13.89,13.9,13.91,13.93,13.94,13.95,13.96,43800,21400,11200,24700,41300,31000,18300,3500,5700,3100,4000,100,1000,600,200,300,2800,100,1800,7500
9871.0,13.85,17679200,241475504.0,13.85,13.84,13.83,13.82,13.81,13.8,13.78,13.77,13.76,13.75,13.86,13.87,13.88,13.89,13.9,13.91,13.93,13.94,13.95,13.96,39100,21400,11200,24700,41300,31000,18300,3500,5700,3100,4000,100,1000,600,200,300,2800,100,1800,7500
9872.0,13.85,17679900,241485199.0,13.85,13.84,13.83,13.82,13.81,13.8,13.78,13.77,13.76,13.75,13.86,13.87,13.88,13.89,13.9,13.91,13.93,13.94,13.95,13.96,39400,21400,11200,24700,41300,31000,18300,3500,5700,3100,4000,100,1000,600,200,300,2800,100,1800,7500
9873.0,13.86,17680800,241497673.0,13.85,13.84,13.83,13.82,13.81,13.8,13.78,13.77,13.76,13.75,13.86,13.87,13.88,13.89,13.9,13.91,13.93,13.94,13.95,13.96,39400,21400,11200,24700,41300,31000,18300,3500,5700,3100,3100,100,1000,600,200,300,2800,100,1800,7500
9874.0,13.86,17680800,241497673.0,13.85,13.84,13.83,13.82,13.81,13.8,13.78,13.77,13.76,13.75,13.86,13.87,13.88,13.89,13.9,13.91,13.93,13.94,13.95,13.96,39400,21400,11200,24700,41300,31000,18300,3500,5700,3100,3100,100,1000,600,200,300,2800,100,1800,7500
9875.0,13.85,17681500,241507368.0,13.85,13.84,13.83,13.82,13.81,13.8,13.78,13.77,13.76,13.75,13.86,13.87,13.88,13.89,13.9,13.91,13.93,13.94,13.95,13.96,38700,21400,11200,24700,41300,31700,18300,3500,5700,3100,3100,100,1000,600,200,300,2800,100,1800,7500
9876.0,13.85,17681500,241507368.0,13.85,13.84,13.83,13.82,13.81,13.8,13.78,13.77,13.76,13.75,13.86,13.87,13.88,13.89,13.9,13.91,13.93,13.94,13.95,13.96,38700,21400,11200,24700,41300,31700,18300,3500,5700,3100,3100,100,1000,600,200,300,2800,100,1800,7500
9877.0,13.85,17682600,241522604.0,13.85,13.84,13.83,13.82,13.81,13.8,13.78,13.77,13.76,13.75,13.86,13.87,13.88,13.89,13.9,13.91,13.93,13.94,13.95,13.96,38700,21400,11200,24700,41300,29100,18300,3500,5700,3100,3000,100,1000,600,200,300,2800,100,1800,7500
9878.0,13.85,17684000,241541994.0,13.85,13.84,13.83,13.82,13.81,13.8,13.78,13.77,13.76,13.75,13.86,13.87,13.88,13.89,13.9,13.91,13.93,13.94,13.95,13.96,37300,21400,11200,24700,41300,29100,18300,3500,5700,3100,3000,100,1000,600,200,300,2800,100,1800,7500
9879.0,13.85,17684000,241541994.0,13.85,13.84,13.83,13.82,13.81,13.8,13.78,13.77,13.76,13.75,13.86,13.87,13.88,13.89,13.9,13.91,13.93,13.94,13.95,13.96,37300,21400,11200,24700,41300,29100,18300,3500,5700,3100,3000,100,1000,600,200,300,2800,100,1800,7500
9880.0,13.85,17684000,241541994.0,13.85,13.84,13.83,13.82,13.81,13.8,13.78,13.77,13.76,13.75,13.86,13.87,13.88,13.89,13.9,13.91,13.93,13.94,13.95,13.96,37300,21400,11200,24700,41300,29100,18300,3500,5700,3100,3000,100,1000,600,200,300,2800,100,1800,7500
9881.0,13.85,17684700,241551689.0,13.85,13.84,13.83,13.82,13.81,13.8,13.78,13.77,13.76,13.75,13.86,13.87,13.88,13.89,13.9,13.91,13.93,13.94,13.95,13.96,37600,21400,11200,24700,41300,29100,18300,3500,5700,3100,3000,100,1000,600,200,300,2800,100,1800,7500
9882.0,13.85,17684700,241551689.0,13.85,13.84,13.83,13.82,13.81,13.8,13.78,13.77,13.76,13.75,13.86,13.87,13.88,13.89,13.9,13.91,13.93,13.94,13.95,13.96,37600,21400,11200,24700,41300,29100,18300,3500,5700,3100,3000,100,1000,600,200,300,2800,100,1800,7500
9883.0,13.85,17684700,241551689.0,13.85,13.84,13.83,13.82,13.81,13.8,13.78,13.77,13.76,13.75,13.86,13.87,13.88,13.89,13.9,13.91,13.93,13.94,13.95,13.96,37600,21400,11200,24700,41300,29100,18300,3500,5700,3000,3000,100,1000,600,200,300,2800,100,1800,7500
9884.0,13.85,17685400,241561384.0,13.85,13.84,13.83,13.82,13.81,13.8,13.78,13.77,13.76,13.75,13.86,13.87,13.88,13.89,13.9,13.91,13.93,13.94,13.95,13.96,36900,21400,11200,24700,41300,29100,18300,3500,5700,3000,3000,100,1000,600,200,300,2800,100,1800,7500
9885.0,13.85,17685400,241561384.0,13.85,13.84,13.83,13.82,13.81,13.8,13.78,13.77,13.76,13.75,13.86,13.87,13.88,13.89,13.9,13.91,13.93,13.94,13.95,13.96,36900,21400,11200,24700,41300,29100,18300,3500,5700,3000,3000,100,1000,600,200,300,2800,100,1800,7500
9886.0,13.85,17685400,241561384.0,13.85,13.84,13.83,13.82,13.81,13.8,13.78,13.77,13.76,13.75,13.86,13.87,13.88,13.89,13.9,13.91,13.93,13.94,13.95,13.96,36900,21400,11200,24700,41300,29100,18300,3500,5700,3000,3000,100,1000,600,200,300,2800,100,1800,7500
9887.0,13.85,17686100,241571079.0,13.85,13.84,13.83,13.82,13.81,13.8,13.78,13.77,13.76,13.75,13.86,13.87,13.88,13.89,13.9,13.91,13.93,13.94,13.95,13.96,36300,21400,11200,24700,41300,29100,18300,3500,5700,3000,3000,100,1000,600,200,300,2800,100,1800,7500
9888.0,13.85,17686100,241571079.0,13.85,13.84,13.83,13.82,13.81,13.8,13.78,13.77,13.76,13.75,13.86,13.87,13.88,13.89,13.9,13.91,13.93,13.94,13.95,13.96,29200,21400,11200,24700,41300,29100,18300,3500,5700,3000,3000,100,1000,600,200,300,2800,100,1800,7500
9889.0,13.85,17686100,241571079.0,13.85,13.84,13.83,13.82,13.81,13.8,13.78,13.77,13.76,13.75,13.86,13.87,13.88,13.89,13.9,13.91,13.93,13.94,13.95,13.96,29200,21400,11200,24700,41300,29100,18300,3500,5700,3000,4800,100,1000,600,200,300,2800,100,1800,7500
9890.0,13.85,17686800,241580774.0,13.85,13.84,13.83,13.82,13.81,13.8,13.79,13.78,13.77,13.76,13.86,13.87,13.88,13.89,13.9,13.91,13.93,13.94,13.95,13.96,28500,21400,11200,24700,41300,29100,900,18300,3500,5700,4800,100,1000,600,200,300,2800,100,1800,7500
9891.0,13.85,17686800,241580774.0,13.85,13.84,13.83,13.82,13.81,13.8,13.79,13.78,13.77,13.76,13.86,13.87,13.88,13.89,13.9,13.91,13.93,13.94,13.95,13.96,28500,21400,11200,24700,41300,29100,900,18300,3500,5700,4800,100,1000,600,200,300,2800,100,1800,7500
9892.0,13.85,17686800,241580774.0,13.85,13.84,13.83,13.82,13.81,13.8,13.79,13.78,13.77,13.76,13.86,13.87,13.88,13.89,13.9,13.91,13.93,13.94,13.95,13.96,28500,21400,11200,24700,41300,29100,900,18300,3500,5700,4800,100,1000,600,200,300,2800,100,1800,7500
9893.0,13.85,17687900,241596013.0,13.85,13.84,13.83,13.82,13.81,13.8,13.79,13.78,13.77,13.76,13.86,13.87,13.88,13.89,13.9,13.91,13.93,13.94,13.95,13.96,27800,21400,11200,24700,41300,29100,900,18300,3500,5700,4400,100,1000,1800,200,300,2800,100,1800,7500
9894.0,13.85,17692500,241659723.0,13.85,13.84,13.83,13.82,13.81,13.8,13.79,13.78,13.77,13.76,13.86,13.87,13.88,13.89,13.9,13.91,13.93,13.94,13.95,13.96,23200,21400,11200,24700,41300,29100,900,18300,3500,5700,4400,100,1000,1800,200,300,2800,100,1800,7500
9895.0,13.85,17692500,241659723.0,13.85,13.84,13.83,13.82,13.81,13.8,13.79,13.78,13.77,13.76,13.86,13.87,13.88,13.89,13.9,13.91,13.93,13.94,13.95,13.96,23200,21400,11200,24700,41300,29100,900,18300,3500,5700,4400,100,1000,1800,200,300,2800,100,1800,7500
9896.0,13.85,17694600,241688808.0,13.85,13.84,13.83,13.82,13.81,13.8,13.79,13.78,13.77,13.76,13.86,13.87,13.88,13.89,13.9,13.91,13.93,13.94,13.95,13.96,21100,21400,11200,24700,41300,29100,900,18300,3500,5700,4400,100,1000,1800,200,300,2800,100,1800,7500
9897.0,13.85,17695300,241698503.0,13.85,13.84,13.83,13.82,13.81,13.8,13.79,13.78,13.77,13.76,13.86,13.87,13.88,13.89,13.9,13.91,13.93,13.94,13.95,13.96,20400,24900,11200,24700,41300,29100,900,18300,3500,5700,4400,100,1000,1800,200,300,2800,100,1800,7500
9898.0,13.85,17695300,241698503.0,13.85,13.84,13.83,13.82,13.81,13.8,13.79,13.78,13.77,13.76,13.86,13.87,13.88,13.89,13.9,13.91,13.93,13.94,13.95,13.96,20400,24900,11200,24700,41300,29100,900,18300,3500,5700,4400,100,1000,1800,200,300,2800,100,1800,7500
9899.0,13.86,17695700,241704047.0,13.85,13.84,13.83,13.82,13.81,13.8,13.79,13.78,13.77,13.76,13.86,13.87,13.88,13.89,13.9,13.91,13.93,13.94,13.95,13.96,20500,24900,11200,24700,41300,29100,900,18300,3500,5700,4000,100,1000,1800,200,300,2800,100,1800,7500
9900.0,13.86,17696100,241709591.0,13.85,13.84,13.83,13.82,13.81,13.8,13.79,13.78,13.77,13.76,13.86,13.87,13.88,13.89,13.9,13.91,13.93,13.94,13.95,13.96,20500,24900,11200,24700,41300,29100,900,18300,3500,5700,3600,100,1000,1800,200,300,2800,100,1800,7500
9901.0,13.86,17696100,241709591.0,13.85,13.84,13.83,13.82,13.81,13.8,13.79,13.78,13.77,13.76,13.86,13.87,13.88,13.89,13.9,13.91,13.93,13.94,13.95,13.96,20500,24900,11200,24700,41300,29100,900,18300,3500,5700,3600,100,1000,1800,200,300,2800,100,1800,7500
9902.0,13.86,17696400,241713749.0,13.85,13.84,13.83,13.82,13.81,13.8,13.79,13.78,13.77,13.76,13.86,13.87,13.88,13.89,13.9,13.91,13.93,13.94,13.95,13.96,20500,24900,11200,24700,41300,29100,900,18300,3500,5700,3300,100,1000,1800,200,300,2800,100,1800,7500
9903.0,13.86,17696400,241713749.0,13.85,13.84,13.83,13.82,13.81,13.8,13.79,13.78,13.77,13.76,13.86,13.87,13.88,13.89,13.9,13.91,13.93,13.94,13.95,13.96,20500,24900,11200,24700,41300,29100,900,18300,3500,5700,3300,100,1000,1800,200,300,2800,100,1800,7500
9904.0,13.85,17697100,241723444.0,13.85,13.84,13.83,13.82,13.81,13.8,13.79,13.78,13.77,13.76,13.86,13.87,13.88,13.89,13.9,13.91,13.93,13.94,13.95,13.96,19800,24900,11200,24700,41300,29100,900,18300,3500,5700,3300,100,1000,1800,200,300,2800,100,1800,7500
9905.0,13.86,17697400,241727602.0,13.85,13.84,13.83,13.82,13.81,13.8,13.79,13.78,13.77,13.76,13.86,13.87,13.88,13.89,13.9,13.91,13.93,13.94,13.95,13.96,19800,24900,11200,24700,41300,29100,900,18300,3500,5700,3000,100,1000,1800,200,300,2800,100,1800,7500
9906.0,13.86,17697400,241727602.0,13.85,13.84,13.83,13.82,13.81,13.8,13.79,13.78,13.77,13.76,13.86,13.87,13.88,13.89,13.9,13.91,13.93,13.94,13.95,13.96,19800,24900,11200,24700,41300,29100,900,18300,3500,5700,3000,100,1000,1800,200,300,2800,100,1800,7500
9907.0,13.85,17699400,241755308.0,13.85,13.84,13.83,13.82,13.81,13.8,13.79,13.78,13.77,13.76,13.86,13.88,13.89,13.9,13.91,13.93,13.94,13.95,13.96,13.97,18400,24900,11200,24700,41300,29100,900,18300,3500,5700,2400,1000,1800,200,300,2800,100,1800,7500,400
9908.0,13.85,17703400,241810708.0,13.85,13.84,13.83,13.82,13.81,13.8,13.79,13.78,13.77,13.76,13.86,13.88,13.89,13.9,13.91,13.93,13.94,13.95,13.96,13.97,14400,24900,11200,24700,41300,29100,900,18300,3500,5700,2400,1000,1800,200,300,2800,100,1800,7500,400
9909.0,13.85,17704300,241823173.0,13.85,13.84,13.83,13.82,13.81,13.8,13.79,13.78,13.77,13.76,13.86,13.88,13.89,13.9,13.91,13.93,13.94,13.95,13.96,13.97,13500,25200,11200,24700,41300,29100,900,18300,3500,5700,2400,1000,1800,200,300,2800,100,1800,7500,400
9910.0,13.85,17711500,241922895.0,13.85,13.84,13.83,13.82,13.81,13.8,13.79,13.78,13.77,13.76,13.86,13.88,13.89,13.9,13.91,13.93,13.94,13.95,13.96,13.97,6500,25200,11200,24700,41300,29100,900,18300,3500,5700,2200,1000,1800,200,300,2800,100,1800,7500,400
9911.0,13.84,17719400,242032296.0,13.84,13.83,13.82,13.81,13.8,13.79,13.78,13.77,13.76,13.75,13.86,13.88,13.89,13.9,13.91,13.93,13.94,13.95,13.96,13.97,24300,11200,24700,41300,29100,900,18300,3500,5700,3000,2200,1000,1800,200,300,2800,100,1800,7500,400
9912.0,13.84,17719500,242033680.0,13.84,13.83,13.82,13.81,13.8,13.79,13.78,13.77,13.76,13.75,13.86,13.88,13.89,13.9,13.91,13.93,13.94,13.95,13.96,13.97,24200,11200,24700,41300,29100,900,18300,3500,5700,3000,2200,1000,1800,200,300,2800,100,1800,7500,400
9913.0,13.84,17719600,242035064.0,13.84,13.83,13.82,13.81,13.8,13.79,13.78,13.77,13.76,13.75,13.86,13.88,13.89,13.9,13.91,13.93,13.94,13.95,13.96,13.97,24100,11200,24700,41300,29100,900,18300,3500,5700,3000,2200,1000,1800,200,300,2800,100,3300,7500,400
9914.0,13.86,17720900,242053064.0,13.84,13.83,13.82,13.81,13.8,13.79,13.78,13.77,13.76,13.75,13.86,13.88,13.89,13.9,13.91,13.93,13.94,13.95,13.96,13.97,25000,11200,24700,41300,29100,900,18300,3500,5700,3000,2100,1000,1800,200,300,2800,100,3300,7500,400
9915.0,13.86,17721200,242057222.0,13.84,13.83,13.82,13.81,13.8,13.79,13.78,13.77,13.76,13.75,13.86,13.88,13.89,13.9,13.91,13.93,13.94,13.95,13.96,13.97,25000,11200,24700,41300,29100,900,18300,3500,5700,3000,1800,1000,1800,200,300,2800,100,3300,7500,400
9916.0,13.84,17733900,242232990.0,13.84,13.83,13.82,13.81,13.8,13.79,13.78,13.77,13.76,13.75,13.86,13.88,13.89,13.9,13.91,13.93,13.94,13.95,13.96,13.97,12600,11200,24700,41300,29200,900,18300,3500,5700,3000,2100,1000,1800,200,300,2800,100,3300,7500,400
9917.0,13.86,17734100,242235762.0,13.84,13.83,13.82,13.81,13.8,13.79,13.78,13.77,13.76,13.75,13.86,13.88,13.89,13.9,13.91,13.93,13.94,13.95,13.96,13.97,12600,11200,24700,41300,29200,900,18300,3200,5700,3000,1900,1000,1800,200,300,2800,100,3300,7500,400
9918.0,13.86,17734100,242235762.0,13.84,13.83,13.82,13.81,13.8,13.79,13.78,13.77,13.76,13.75,13.86,13.88,13.89,13.9,13.91,13.93,13.94,13.95,13.96,13.97,12600,11200,24700,41300,29200,900,18300,3200,5700,3000,1900,1000,1800,200,300,2800,100,3300,7500,400
9919.0,13.84,17737500,242282818.0,13.84,13.83,13.82,13.81,13.8,13.79,13.78,13.77,13.76,13.75,13.86,13.88,13.89,13.9,13.91,13.93,13.94,13.95,13.96,13.97,9500,11200,26700,41300,29200,900,18300,3200,5700,3000,2200,1000,1800,200,300,2800,100,3300,7500,400
9920.0,13.84,17741800,242342334.0,13.84,13.83,13.82,13.81,13.8,13.79,13.78,13.77,13.76,13.75,13.86,13.88,13.89,13.9,13.91,13.93,13.94,13.95,13.96,13.97,5400,11200,26700,41300,19200,900,18300,3200,5700,3200,2000,1000,1800,200,300,2800,100,3300,7500,400
9921.0,13.83,17757100,242553996.0,13.83,13.82,13.81,13.8,13.79,13.78,13.77,13.76,13.75,13.74,13.86,13.88,13.89,13.9,13.91,13.93,13.94,13.95,13.96,13.97,1800,26700,41300,19200,900,19800,3200,5700,3200,2500,2100,1000,1800,200,300,2800,100,3300,7500,400
9922.0,13.82,17777400,242834571.0,13.82,13.81,13.8,13.79,13.78,13.77,13.76,13.75,13.74,13.73,13.86,13.88,13.89,13.9,13.91,13.93,13.94,13.95,13.96,13.97,9300,41300,19200,900,19800,3200,5700,3200,2500,1200,3200,1000,1800,200,300,2800,100,3300,7500,400
9923.0,13.82,17777800,242840111.0,13.82,13.81,13.8,13.79,13.78,13.77,13.76,13.75,13.74,13.73,13.86,13.88,13.89,13.91,13.93,13.94,13.95,13.96,13.97,13.98,9200,41300,19200,900,19800,3200,5700,3200,2500,1200,3700,1000,1800,300,2800,100,3300,7500,400,4000
9924.0,13.83,17778300,242847026.0,13.83,13.82,13.81,13.8,13.79,13.78,13.77,13.76,13.75,13.74,13.84,13.86,13.88,13.89,13.91,13.93,13.94,13.95,13.96,13.97,1500,10500,41300,19200,900,19800,3200,5700,3200,2500,200,4200,1000,1800,300,2800,100,3300,7500,400
9925.0,13.83,17779100,242858090.0,13.83,13.82,13.81,13.8,13.79,13.78,13.77,13.76,13.75,13.74,13.84,13.86,13.88,13.89,13.91,13.93,13.94,13.95,13.96,13.97,700,10500,41300,19200,900,19800,3200,5700,3200,2500,200,4200,1000,1800,300,2800,100,3300,7500,400
9926.0,13.83,17779200,242859473.0,13.83,13.82,13.81,13.8,13.79,13.78,13.77,13.76,13.75,13.74,13.84,13.86,13.88,13.89,13.91,13.93,13.94,13.95,13.96,13.97,600,10600,41300,19200,900,19800,3200,5700,3200,2500,200,4200,1000,1800,300,2800,100,3300,7500,400
9927.0,13.83,17779200,242859473.0,13.83,13.82,13.81,13.8,13.79,13.78,13.77,13.76,13.75,13.74,13.84,13.86,13.88,13.89,13.91,13.93,13.94,13.95,13.96,13.97,600,10600,41300,19200,900,19800,3200,5700,3200,2500,200,4200,1000,1800,300,2800,100,3300,7500,400
9928.0,13.83,17779200,242859473.0,13.83,13.82,13.81,13.8,13.79,13.78,13.77,13.76,13.75,13.74,13.84,13.86,13.88,13.89,13.91,13.93,13.94,13.95,13.96,13.97,1700,10600,41300,19200,900,19800,3200,5700,3200,2500,200,4200,1000,1800,300,2800,100,3300,7500,400
9929.0,13.83,17779200,242859473.0,13.83,13.82,13.81,13.8,13.79,13.78,13.77,13.76,13.75,13.74,13.84,13.86,13.88,13.89,13.91,13.93,13.94,13.95,13.96,13.97,4100,15200,41300,19200,900,19800,3200,5700,3200,2500,200,4200,1000,1800,300,2800,100,3300,7500,400
9930.0,13.83,17783300,242916176.0,13.82,13.81,13.8,13.79,13.78,13.77,13.76,13.75,13.74,13.73,13.84,13.86,13.88,13.89,13.91,13.93,13.94,13.95,13.96,13.97,15200,41200,19600,900,19800,3200,5700,3200,2500,1200,200,4200,1000,1800,300,2800,100,3300,7500,400
9931.0,13.8,17854900,243905002.0,13.8,13.79,13.78,13.77,13.76,13.75,13.74,13.73,13.72,13.71,13.84,13.85,13.86,13.88,13.89,13.91,13.93,13.94,13.95,13.96,5900,900,19800,3200,5700,3200,2500,1200,19500,7300,700,200,4200,1000,1800,300,2800,100,3300,7500
9932.0,13.8,17854900,243905002.0,13.8,13.79,13.78,13.77,13.76,13.75,13.74,13.73,13.72,13.71,13.84,13.85,13.86,13.88,13.89,13.91,13.93,13.94,13.95,13.96,7200,900,19800,3200,5700,3200,2500,1200,19500,7300,2000,200,4200,1000,1800,300,2800,100,3300,7500
9933.0,13.8,17854900,243905002.0,13.8,13.79,13.78,13.77,13.76,13.75,13.74,13.73,13.72,13.71,13.81,13.84,13.85,13.86,13.88,13.89,13.91,13.93,13.94,13.95,9500,900,19800,3200,5700,3200,2500,1200,19500,7300,1000,4300,200,4200,1000,1800,300,2800,100,3300
9934.0,13.81,17855100,243907764.0,13.8,13.79,13.78,13.77,13.76,13.75,13.74,13.73,13.72,13.71,13.81,13.84,13.85,13.86,13.88,13.89,13.91,13.93,13.94,13.95,9500,900,19800,3200,5700,3200,2500,1200,19500,7300,1700,4300,200,4200,1000,1800,300,2800,100,3300
9935.0,13.81,17855100,243907764.0,13.8,13.79,13.78,13.77,13.76,13.75,13.74,13.73,13.72,13.71,13.81,13.84,13.85,13.86,13.88,13.89,13.91,13.93,13.94,13.95,9500,900,19800,3200,5700,3200,2500,1200,19500,7300,1700,4300,200,4200,1000,1800,300,2800,100,3300
9936.0,13.8,17855600,243914668.0,13.8,13.79,13.78,13.77,13.76,13.75,13.74,13.73,13.72,13.71,13.81,13.84,13.85,13.86,13.88,13.89,13.91,13.93,13.94,13.95,9400,900,19800,3200,5700,3200,2500,1200,19500,7300,1300,4300,200,4200,1000,1800,300,2800,100,3300
9937.0,13.8,17855600,243914668.0,13.8,13.79,13.78,13.77,13.76,13.75,13.74,13.73,13.72,13.71,13.81,13.84,13.85,13.86,13.88,13.89,13.91,13.93,13.94,13.95,9400,900,19800,3200,5700,3200,2500,1200,19500,7300,1300,4300,200,4200,1000,1800,300,2800,100,3300
9938.0,13.8,17855600,243914668.0,13.8,13.79,13.78,13.77,13.76,13.75,13.74,13.73,13.72,13.71,13.81,13.84,13.85,13.86,13.88,13.89,13.91,13.93,13.94,13.95,9400,900,19800,3200,5700,3200,2500,1200,19500,7300,1300,4300,200,4200,1000,1800,300,2800,100,3300
9939.0,13.8,17855600,243914668.0,13.8,13.79,13.78,13.77,13.76,13.75,13.74,13.73,13.72,13.71,13.81,13.84,13.85,13.86,13.88,13.89,13.91,13.93,13.94,13.95,9400,900,19800,3200,5700,3200,2500,1200,19500,7300,1300,4300,200,4200,1000,1800,300,2800,100,3300
9940.0,13.8,17855600,243914668.0,13.8,13.79,13.78,13.77,13.76,13.75,13.74,13.73,13.72,13.71,13.81,13.84,13.85,13.86,13.88,13.89,13.91,13.93,13.94,13.95,9400,900,19800,3200,5700,3200,2500,1200,19500,7300,1300,4300,200,5400,1000,1800,300,2800,100,3300
9941.0,13.8,17856400,243925710.0,13.8,13.79,13.78,13.77,13.76,13.75,13.74,13.73,13.72,13.71,13.81,13.84,13.85,13.86,13.88,13.89,13.91,13.93,13.94,13.95,8800,900,19800,3200,5700,3200,2500,1200,19500,7300,1100,4300,200,5400,1000,1800,300,2800,100,3300
9942.0,13.81,17856600,243928472.0,13.8,13.79,13.78,13.77,13.76,13.75,13.74,13.73,13.72,13.71,13.81,13.84,13.85,13.86,13.88,13.89,13.91,13.93,13.94,13.95,9000,2800,19800,3200,5700,3200,2500,1200,19500,7300,900,4300,200,5400,1000,1200,300,2800,100,3300
9943.0,13.8,17857600,243942272.0,13.8,13.79,13.78,13.77,13.76,13.75,13.74,13.73,13.72,13.71,13.81,13.84,13.85,13.86,13.88,13.89,13.91,13.93,13.94,13.95,8000,2800,19800,3200,5700,3200,2500,1200,19600,7300,900,4300,200,5400,1000,1200,300,2800,100,3300
9944.0,13.8,17858000,243947792.0,13.8,13.79,13.78,13.77,13.76,13.75,13.74,13.73,13.72,13.71,13.81,13.84,13.85,13.86,13.88,13.89,13.91,13.93,13.94,13.95,7600,3800,19800,3200,5700,3200,2500,1200,19600,7300,900,4100,200,5400,1000,1200,300,2800,100,3300
9945.0,13.8,17858000,243947792.0,13.8,13.79,13.78,13.77,13.76,13.75,13.74,13.73,13.72,13.71,13.81,13.84,13.85,13.86,13.88,13.89,13.91,13.93,13.94,13.95,7600,3800,19300,3200,5700,3200,2500,1200,19600,7300,900,4100,200,5400,1000,1200,300,2800,100,3300
9946.0,13.8,17862100,244004372.0,13.8,13.79,13.78,13.77,13.76,13.75,13.74,13.73,13.72,13.71,13.81,13.84,13.85,13.86,13.88,13.89,13.91,13.93,13.94,13.95,3500,3800,19300,3200,5700,3200,2500,1200,19600,7300,900,4100,200,5400,1000,1200,300,2800,100,3300
9947.0,13.8,17865200,244047152.0,13.8,13.79,13.78,13.77,13.76,13.75,13.74,13.73,13.72,13.71,13.81,13.84,13.85,13.86,13.88,13.89,13.91,13.93,13.94,13.95,600,3800,19300,3200,5700,3200,2500,1200,19600,7300,900,4100,200,5400,1000,1200,300,2800,100,3300
9948.0,13.8,17865200,244047152.0,13.8,13.79,13.78,13.77,13.76,13.75,13.74,13.73,13.72,13.71,13.81,13.84,13.85,13.86,13.88,13.89,13.91,13.93,13.94,13.95,600,3800,19300,3200,5700,3200,2500,1200,19600,7300,900,4100,200,5400,1000,1200,300,2800,100,3300
9949.0,13.8,17865200,244047152.0,13.8,13.79,13.78,13.77,13.76,13.75,13.74,13.73,13.72,13.71,13.81,13.84,13.85,13.86,13.88,13.89,13.91,13.93,13.94,13.95,600,3800,17800,3200,5700,3200,2500,1200,19600,7300,900,4100,200,5400,1000,1200,300,2800,100,3300
9950.0,13.79,17867100,244073360.0,13.79,13.78,13.77,13.76,13.75,13.74,13.73,13.72,13.71,13.7,13.8,13.81,13.84,13.86,13.88,13.89,13.91,13.93,13.94,13.95,2600,17800,3200,5700,3200,2500,1200,19600,7300,14600,5500,900,4100,5400,1000,1200,300,2800,100,3300
9951.0,13.8,17867700,244081635.0,13.79,13.78,13.77,13.76,13.75,13.74,13.73,13.72,13.71,13.7,13.8,13.81,13.84,13.86,13.88,13.89,13.91,13.93,13.94,13.95,2100,17800,3200,5700,3200,2500,1200,19600,7300,14600,5400,900,4100,5400,1000,1200,300,2800,100,3300
9952.0,13.8,17867700,244081635.0,13.79,13.78,13.77,13.76,13.75,13.74,13.73,13.72,13.71,13.7,13.8,13.81,13.84,13.86,13.88,13.89,13.91,13.93,13.94,13.95,2100,17800,3200,5700,3200,2500,1200,19600,7300,14600,5400,900,4100,5400,1000,1200,300,2800,100,3300
9953.0,13.8,17869200,244102335.0,13.79,13.78,13.77,13.76,13.75,13.74,13.73,13.72,13.71,13.7,13.8,13.81,13.84,13.86,13.88,13.89,13.91,13.93,13.94,13.95,2100,17800,3200,5700,3200,2500,1200,19600,7300,15100,3900,1100,4100,5400,1000,1200,300,2800,100,3300
9954.0,13.8,17871000,244127175.0,13.79,13.78,13.77,13.76,13.75,13.74,13.73,13.72,13.71,13.7,13.8,13.81,13.84,13.86,13.88,13.89,13.91,13.93,13.94,13.95,2200,17800,3200,6100,3200,2500,1200,19600,7300,15100,2100,1100,4100,5400,1000,1200,300,2800,100,3300
9955.0,13.79,17873100,244156134.0,13.79,13.78,13.77,13.76,13.75,13.74,13.73,13.72,13.71,13.7,13.8,13.81,13.84,13.86,13.88,13.89,13.91,13.93,13.94,13.95,14500,17800,3200,6100,3200,2500,1200,19600,7300,15100,2100,1100,4100,5400,1000,1200,300,2800,100,3300
9956.0,13.79,17875900,244194748.0,13.79,13.78,13.77,13.76,13.75,13.74,13.73,13.72,13.71,13.7,13.8,13.81,13.84,13.86,13.87,13.88,13.89,13.91,13.93,13.94,11900,17800,4200,6100,3200,2500,1200,19600,7300,15100,1900,1100,4100,5400,2100,1000,1200,300,2800,100
9957.0,13.8,17876200,244198888.0,13.79,13.78,13.77,13.76,13.75,13.74,13.73,13.72,13.71,13.7,13.8,13.81,13.84,13.86,13.87,13.88,13.89,13.91,13.93,13.94,11900,17800,4200,6100,3200,2500,1200,19600,19300,15100,1600,1100,4100,5400,2100,1000,1200,300,2800,100
9958.0,13.8,17876200,244198888.0,13.79,13.78,13.77,13.76,13.75,13.74,13.73,13.72,13.71,13.7,13.8,13.81,13.84,13.86,13.87,13.88,13.89,13.91,13.93,13.94,12900,17800,4200,6100,3400,2500,1200,19600,19300,15100,1600,1100,4100,5400,2100,1000,1200,300,2800,100
9959.0,13.79,17877300,244214058.0,13.79,13.78,13.77,13.76,13.75,13.74,13.73,13.72,13.71,13.7,13.8,13.81,13.84,13.86,13.87,13.88,13.89,13.91,13.93,13.94,11900,17800,4200,6100,3400,2500,1200,19600,19300,15100,1500,1100,4100,5400,2100,1000,1200,300,2800,100
9960.0,13.79,17877300,244214058.0,13.79,13.78,13.77,13.76,13.75,13.74,13.73,13.72,13.71,13.7,13.8,13.81,13.84,13.86,13.87,13.88,13.89,13.91,13.93,13.94,12300,19400,4200,6100,3400,2500,1200,19600,19300,15100,1500,1100,4100,5400,2100,1000,1200,300,2800,100
9961.0,13.79,17877300,244214058.0,13.79,13.78,13.77,13.76,13.75,13.74,13.73,13.72,13.71,13.7,13.8,13.81,13.84,13.86,13.87,13.88,13.89,13.91,13.93,13.94,12300,19400,4200,6100,3400,2500,1200,19600,19300,15100,1500,1100,4100,5400,2100,1000,1200,300,2800,100
9962.0,13.8,17877400,244215438.0,13.79,13.78,13.77,13.76,13.75,13.74,13.73,13.72,13.71,13.7,13.8,13.81,13.84,13.86,13.87,13.88,13.89,13.91,13.93,13.94,12300,19400,4200,6100,3400,2500,1200,19600,19300,15100,1400,1100,4100,5400,2100,1000,1200,300,2800,100
9963.0,13.8,17877400,244215438.0,13.79,13.78,13.77,13.76,13.75,13.74,13.73,13.72,13.71,13.7,13.8,13.81,13.84,13.86,13.87,13.88,13.89,13.91,13.93,13.94,12300,19400,4200,6100,3400,2500,1200,19600,19300,15100,1600,1100,4100,5400,2100,1000,1200,300,2800,100
9964.0,13.79,17882000,244278875.0,13.79,13.78,13.77,13.76,13.75,13.74,13.73,13.72,13.71,13.7,13.8,13.81,13.84,13.86,13.87,13.88,13.89,13.91,13.93,13.94,8000,19400,4200,6100,3400,2500,1200,19600,19300,15100,2300,1100,4100,5400,2100,1000,1200,300,2800,100
9965.0,13.8,17882200,244281635.0,13.79,13.78,13.77,13.76,13.75,13.74,13.73,13.72,13.71,13.7,13.8,13.81,13.84,13.86,13.87,13.88,13.89,13.91,13.93,13.94,8100,19400,4200,6100,3400,2500,1200,19600,19300,15100,2100,1100,4100,5400,2100,1000,1200,300,2800,100
9966.0,13.8,17882200,244281635.0,13.79,13.78,13.77,13.76,13.75,13.74,13.73,13.72,13.71,13.7,13.8,13.81,13.84,13.86,13.87,13.88,13.89,13.91,13.93,13.94,8100,19400,4200,6100,3400,2500,1200,19600,19300,15100,1200,1100,4100,5400,2100,1000,1200,300,2800,100
9967.0,13.8,17882200,244281635.0,13.79,13.78,13.77,13.76,13.75,13.74,13.73,13.72,13.71,13.7,13.8,13.81,13.84,13.86,13.87,13.88,13.89,13.91,13.93,13.94,8100,19400,4200,6100,3400,2500,1200,19600,19300,15100,1200,1100,4100,5400,2100,1000,1200,300,2800,100
9968.0,13.79,17883800,244303700.0,13.79,13.78,13.77,13.76,13.75,13.74,13.73,13.72,13.71,13.7,13.8,13.81,13.84,13.86,13.87,13.88,13.89,13.91,13.93,13.94,6600,19400,4200,6100,3400,2500,1200,19600,19300,15100,1100,1100,4100,5400,2100,1000,1200,300,2800,100
9969.0,13.79,17883800,244303700.0,13.79,13.78,13.77,13.76,13.75,13.74,13.73,13.72,13.71,13.7,13.8,13.81,13.84,13.86,13.87,13.88,13.89,13.91,13.93,13.94,6600,19400,4200,6100,3400,2500,1200,19600,19300,15100,1100,1100,4100,5400,2100,1000,1200,300,2800,100
9970.0,13.79,17884100,244307837.0,13.79,13.78,13.77,13.76,13.75,13.74,13.73,13.72,13.71,13.7,13.8,13.81,13.84,13.86,13.87,13.88,13.89,13.91,13.93,13.94,6300,19400,4200,6100,3400,2500,1200,19600,19300,15100,1100,1100,4100,5400,2100,1000,1200,300,2800,100
9971.0,13.79,17889200,244378167.0,13.79,13.78,13.77,13.76,13.75,13.74,13.73,13.72,13.71,13.7,13.8,13.81,13.84,13.86,13.87,13.88,13.89,13.91,13.93,13.94,1800,19400,4200,6100,3400,2500,1200,19600,19300,15100,1000,1100,4100,5400,2100,1000,1200,300,2800,100
9972.0,13.8,17889300,244379547.0,13.79,13.78,13.77,13.76,13.75,13.74,13.73,13.72,13.71,13.7,13.8,13.81,13.84,13.86,13.87,13.88,13.89,13.91,13.93,13.94,1800,19400,4200,6100,3400,3500,1200,19600,19300,15100,900,1100,4100,5400,2100,1000,1200,300,2800,100
9973.0,13.8,17889300,244379547.0,13.79,13.78,13.77,13.76,13.75,13.74,13.73,13.72,13.71,13.7,13.8,13.81,13.84,13.86,13.87,13.88,13.89,13.91,13.93,13.94,1800,19400,4200,6100,3400,3500,1200,19600,19300,15100,900,1100,4100,5400,2100,1000,1200,300,2800,100
9974.0,13.8,17889300,244379547.0,13.79,13.78,13.77,13.76,13.75,13.74,13.73,13.72,13.71,13.7,13.8,13.81,13.84,13.86,13.87,13.88,13.89,13.91,13.93,13.94,2400,19400,4200,6100,3400,3500,1200,19600,19300,15100,1100,1100,4100,5400,2100,1000,1200,300,2800,100
9975.0,13.8,17891200,244405757.0,13.79,13.78,13.77,13.76,13.75,13.74,13.73,13.72,13.71,13.7,13.8,13.81,13.84,13.86,13.87,13.88,13.89,13.91,13.93,13.94,1400,19400,4200,6100,3400,3500,1200,19600,19300,17500,200,1100,4100,5400,2100,1000,1200,300,2800,100
9976.0,13.79,17892400,244422305.0,13.79,13.78,13.77,13.76,13.75,13.74,13.73,13.72,13.71,13.7,13.8,13.81,13.84,13.86,13.87,13.88,13.89,13.91,13.93,13.94,200,19400,4200,6100,3400,3500,1200,19600,19300,17500,200,1100,4100,5400,2100,1000,1200,300,2800,100
9977.0,13.8,17893100,244431960.0,13.8,13.78,13.77,13.76,13.75,13.74,13.73,13.72,13.71,13.7,13.81,13.84,13.86,13.87,13.88,13.89,13.91,13.93,13.94,13.95,200,19400,4200,6100,3400,3500,1200,19600,19300,17500,1100,4100,5400,2100,1000,1200,300,2800,100,3300
9978.0,13.8,17893100,244431960.0,13.8,13.78,13.77,13.76,13.75,13.74,13.73,13.72,13.71,13.7,13.81,13.84,13.86,13.87,13.88,13.89,13.91,13.93,13.94,13.95,200,19400,4200,6100,3400,3500,1200,19600,19300,17500,1100,4100,5400,2100,1000,1200,300,2800,100,3300
9979.0,13.78,17893800,244441613.0,13.78,13.77,13.76,13.75,13.74,13.73,13.72,13.71,13.7,13.69,13.79,13.81,13.84,13.86,13.87,13.88,13.89,13.91,13.93,13.94,19000,4200,6100,3500,3500,1200,19600,19300,17500,1600,3800,1000,4100,5400,2100,1000,1200,300,2800,100
9980.0,13.79,17895100,244459540.0,13.78,13.77,13.76,13.75,13.74,13.73,13.72,13.71,13.7,13.69,13.79,13.81,13.84,13.86,13.87,13.88,13.89,13.91,13.93,13.94,19000,4200,6100,3500,3500,1200,19600,19300,17500,1600,2500,1000,4100,5400,2100,1000,1200,300,2800,100
9981.0,13.79,17896100,244473330.0,13.78,13.77,13.76,13.75,13.74,13.73,13.72,13.71,13.7,13.69,13.79,13.81,13.84,13.86,13.87,13.88,13.89,13.91,13.93,13.94,20500,4200,6100,3500,3500,1200,19600,19300,17500,1600,1800,1000,4100,5400,2100,1000,1200,300,2800,100
9982.0,13.79,17896100,244473330.0,13.78,13.77,13.76,13.75,13.74,13.73,13.72,13.71,13.7,13.69,13.79,13.81,13.84,13.86,13.87,13.88,13.89,13.91,13.93,13.94,20500,4200,6100,3500,3500,1200,19600,19300,17500,1600,1800,1000,4100,5400,2100,1000,1200,300,2800,100
9983.0,13.79,17896200,244474709.0,13.78,13.77,13.76,13.75,13.74,13.73,13.72,13.71,13.7,13.69,13.79,13.81,13.84,13.86,13.87,13.88,13.89,13.91,13.93,13.94,20500,4200,6100,3500,3500,1200,19600,19300,17500,1600,1700,1000,4100,5400,2100,1000,1200,300,2800,100
9984.0,13.79,17896900,244484362.0,13.78,13.77,13.76,13.75,13.74,13.73,13.72,13.71,13.7,13.69,13.79,13.81,13.84,13.86,13.87,13.88,13.89,13.91,13.93,13.94,20500,4200,6100,3500,3500,1200,19600,19300,17500,1600,1000,1000,4100,5400,2100,1000,1200,300,2800,100
9985.0,13.79,17897200,244488499.0,13.78,13.77,13.76,13.75,13.74,13.73,13.72,13.71,13.7,13.69,13.79,13.81,13.84,13.86,13.87,13.88,13.89,13.91,13.92,13.93,20500,4400,6100,3500,3500,1200,19600,19300,17500,1600,700,1000,4100,5400,2100,1000,1200,300,200,2800
9986.0,13.79,17897300,244489878.0,13.78,13.77,13.76,13.75,13.74,13.73,13.72,13.71,13.7,13.69,13.79,13.81,13.84,13.86,13.87,13.88,13.89,13.91,13.92,13.93,20500,4400,6100,3500,3500,1200,19600,19300,17500,1600,600,1000,4100,5400,2100,1000,1200,300,200,2800
9987.0,13.78,17901400,244546376.0,13.78,13.77,13.76,13.75,13.74,13.73,13.72,13.71,13.7,13.69,13.79,13.81,13.84,13.86,13.87,13.88,13.89,13.91,13.92,13.93,16400,4400,6100,3500,3500,1200,19600,19300,17500,1600,600,1000,4100,5400,2100,1000,1200,300,200,2800
9988.0,13.78,17901400,244546376.0,13.78,13.77,13.76,13.75,13.74,13.73,13.72,13.71,13.7,13.69,13.79,13.81,13.84,13.86,13.87,13.88,13.89,13.91,13.92,13.93,16400,4400,6100,3500,3500,1200,19600,19300,17500,1600,600,1000,4100,5400,2100,1000,1200,300,200,2800
9989.0,13.78,17901400,244546376.0,13.78,13.77,13.76,13.75,13.74,13.73,13.72,13.71,13.7,13.69,13.79,13.81,13.84,13.86,13.87,13.88,13.89,13.91,13.92,13.93,16400,4400,6100,3500,3500,1200,19700,19300,17500,1600,600,1000,4100,5400,2100,1000,1200,300,200,2800
9990.0,13.78,17901400,244546376.0,13.78,13.77,13.76,13.75,13.74,13.73,13.72,13.71,13.7,13.69,13.79,13.81,13.84,13.86,13.87,13.88,13.89,13.91,13.92,13.93,16700,4400,6100,3500,3500,1200,19700,19300,17500,1600,600,1000,4100,5400,2100,1000,1200,300,200,2800
9991.0,13.78,17903100,244569807.0,13.78,13.77,13.76,13.75,13.74,13.73,13.72,13.71,13.7,13.69,13.79,13.81,13.84,13.86,13.87,13.88,13.89,13.91,13.92,13.93,15500,4400,6100,3500,3500,1200,19700,19300,17500,1600,100,1000,4100,5400,2100,1000,1200,300,200,2800
9992.0,13.78,17903100,244569807.0,13.78,13.77,13.76,13.75,13.74,13.73,13.72,13.71,13.7,13.69,13.79,13.81,13.84,13.86,13.87,13.88,13.89,13.91,13.92,13.93,15500,4400,6100,3500,3500,1200,19700,19300,17500,1600,100,1000,4100,5400,2100,1000,1200,300,200,2800
9993.0,13.78,17903100,244569807.0,13.78,13.77,13.76,13.75,13.74,13.73,13.72,13.71,13.7,13.69,13.79,13.81,13.84,13.86,13.87,13.88,13.89,13.91,13.92,13.93,15500,4400,6100,3500,4500,1200,19700,19300,17500,1600,100,1600,4100,5400,2100,1000,1200,300,200,2800
9994.0,13.78,17908900,244649731.0,13.78,13.77,13.76,13.75,13.74,13.73,13.72,13.71,13.7,13.69,13.79,13.81,13.84,13.86,13.87,13.88,13.89,13.91,13.92,13.93,10000,4400,6100,3500,4500,1200,19700,19300,17500,1600,100,1600,4100,5400,2100,1000,1200,300,200,2800
9995.0,13.78,17916000,244747569.0,13.78,13.77,13.76,13.75,13.74,13.73,13.72,13.71,13.7,13.69,13.79,13.81,13.84,13.86,13.87,13.88,13.89,13.91,13.92,13.93,2900,4400,6100,3500,4500,1200,19700,19300,17500,1600,100,1600,4100,5400,2100,1000,1200,300,200,2800
9996.0,13.78,17916200,244750325.0,13.78,13.77,13.76,13.75,13.74,13.73,13.72,13.71,13.7,13.69,13.79,13.81,13.84,13.86,13.87,13.88,13.89,13.91,13.92,13.93,3500,4400,6100,3500,4500,1200,19700,19300,17500,1600,100,1600,4100,5400,2100,1000,1200,300,200,2800
9997.0,13.78,17916200,244750325.0,13.78,13.77,13.76,13.75,13.74,13.73,13.72,13.71,13.7,13.69,13.79,13.81,13.84,13.86,13.87,13.88,13.89,13.91,13.92,13.93,3800,4400,6100,3500,4500,1200,19700,19300,17500,1600,100,1600,4100,5400,2100,1000,1200,300,200,2800
9998.0,13.78,17916200,244750325.0,13.78,13.77,13.76,13.75,13.74,13.73,13.72,13.71,13.7,13.69,13.79,13.81,13.84,13.86,13.87,13.88,13.89,13.91,13.92,13.93,3800,4400,6100,3500,4500,1200,19700,19300,17500,1600,100,1600,4100,5400,2100,1000,1200,300,200,2800
9999.0,13.78,17916400,244753081.0,13.78,13.77,13.76,13.75,13.74,13.73,13.72,13.71,13.7,13.69,13.79,13.81,13.84,13.86,13.87,13.88,13.89,13.91,13.92,13.93,3600,4400,6100,3500,4500,1200,19700,19300,17500,1600,1100,1600,4100,5400,2100,1000,1200,300,200,2800
10000.0,13.79,17916500,244754460.0,13.78,13.77,13.76,13.75,13.74,13.73,13.72,13.71,13.7,13.69,13.79,13.81,13.84,13.86,13.87,13.88,13.89,13.91,13.92,13.93,3700,4400,6100,3500,4500,1200,19700,19300,17500,1600,1000,1600,4100,5400,2100,1000,1200,300,200,2800
10001.0,13.78,17917300,244765484.0,13.78,13.77,13.76,13.75,13.74,13.73,13.72,13.71,13.7,13.69,13.79,13.81,13.84,13.86,13.87,13.88,13.89,13.91,13.92,13.93,2900,4400,6200,3500,4500,1200,19700,19300,17500,1600,1000,1600,4100,5400,2100,1000,1200,300,200,2800
10002.0,13.78,17919400,244794423.0,13.78,13.77,13.76,13.75,13.74,13.73,13.72,13.71,13.7,13.69,13.79,13.81,13.84,13.86,13.87,13.88,13.89,13.91,13.92,13.93,900,4400,6200,3500,4500,1200,19700,19300,17500,1600,900,1600,4100,5400,2100,1000,1200,300,200,2800
10003.0,13.78,17919400,244794423.0,13.78,13.77,13.76,13.75,13.74,13.73,13.72,13.71,13.7,13.69,13.79,13.81,13.84,13.86,13.87,13.88,13.89,13.91,13.92,13.93,900,4400,6200,3500,4500,1200,19700,19300,17500,1600,900,1600,4100,5400,2100,1000,1200,300,200,2800
10004.0,13.78,17920300,244806825.0,13.77,13.76,13.75,13.74,13.73,13.72,13.71,13.7,13.69,13.68,13.78,13.79,13.81,13.84,13.86,13.87,13.88,13.89,13.91,13.92,4400,6200,3500,4500,1200,19700,19300,17500,1600,16300,600,900,1600,4100,5400,2100,1000,1200,300,200
10005.0,13.78,17920400,244808203.0,13.77,13.76,13.75,13.74,13.73,13.72,13.71,13.7,13.69,13.68,13.78,13.79,13.81,13.84,13.86,13.87,13.88,13.89,13.91,13.92,4400,6200,2500,4500,1200,19700,19300,17500,1600,16300,500,900,1600,4100,5400,2100,1000,1200,300,200
10006.0,13.78,17920400,244808203.0,13.77,13.76,13.75,13.74,13.73,13.72,13.71,13.7,13.69,13.68,13.78,13.79,13.81,13.84,13.86,13.87,13.88,13.89,13.91,13.92,4400,6200,2500,4500,1400,19700,19300,17500,1600,16300,500,900,1600,4100,5400,2100,1000,1200,300,200
10007.0,13.78,17920400,244808203.0,13.77,13.76,13.75,13.74,13.73,13.72,13.71,13.7,13.69,13.68,13.78,13.79,13.81,13.84,13.86,13.87,13.88,13.89,13.91,13.92,4400,6200,2600,4500,1400,19700,19300,17500,1600,16300,500,900,1600,4100,5400,2100,1000,1200,300,200
10008.0,13.78,17920500,244809581.0,13.77,13.76,13.75,13.74,13.73,13.72,13.71,13.7,13.69,13.68,13.78,13.79,13.81,13.84,13.86,13.87,13.88,13.89,13.91,13.92,4400,6200,2600,4500,1400,19700,19300,17500,1600,16300,400,900,1600,4100,5400,2100,1000,1200,300,200
10009.0,13.78,17920900,244815093.0,13.78,13.77,13.76,13.75,13.74,13.73,13.72,13.71,13.7,13.69,13.79,13.81,13.84,13.86,13.88,13.89,13.91,13.92,13.93,13.94,600,4400,6200,2600,4500,1400,19700,19300,17500,1600,900,1600,4100,5400,1000,1200,300,200,2800,100
10010.0,13.78,17920900,244815093.0,13.78,13.77,13.76,13.75,13.74,13.73,13.72,13.71,13.7,13.69,13.79,13.81,13.84,13.86,13.88,13.89,13.91,13.92,13.93,13.94,600,4600,6200,3600,4500,1400,19700,19300,17500,1600,900,1600,4100,5400,1000,1200,300,200,2800,100
10011.0,13.78,17920900,244815093.0,13.78,13.77,13.76,13.75,13.74,13.73,13.72,13.71,13.7,13.69,13.79,13.81,13.84,13.86,13.88,13.89,13.91,13.92,13.93,13.94,600,7400,6200,3600,4500,1400,19700,19300,17500,1600,900,1600,4100,5400,1000,1200,300,200,2800,100
10012.0,13.78,17921000,244816471.0,13.78,13.77,13.76,13.75,13.74,13.73,13.72,13.71,13.7,13.69,13.79,13.81,13.84,13.86,13.88,13.89,13.91,13.92,13.93,13.94,500,8600,6200,3600,4500,1400,19700,19300,17500,1600,900,1600,4100,5400,1000,1200,300,200,2800,100
10013.0,13.78,17921000,244816471.0,13.78,13.77,13.76,13.75,13.74,13.73,13.72,13.71,13.7,13.69,13.79,13.81,13.84,13.86,13.88,13.89,13.91,13.92,13.93,13.94,500,8600,6200,3600,4500,1400,19700,19300,17500,1600,900,1600,4100,5400,1000,1200,300,200,2800,100
10014.0,13.78,17921000,244816471.0,13.78,13.77,13.76,13.75,13.74,13.73,13.72,13.71,13.7,13.69,13.79,13.81,13.84,13.86,13.88,13.89,13.91,13.92,13.93,13.94,500,8600,6200,3600,4500,1400,19700,19300,17500,1600,900,1600,4100,5400,1000,1200,300,200,2800,100
10015.0,13.77,17926500,244892221.0,13.77,13.76,13.75,13.74,13.73,13.72,13.71,13.7,13.69,13.68,13.79,13.81,13.84,13.86,13.88,13.89,13.91,13.92,13.93,13.94,5600,6200,3600,4500,1400,19700,19300,17500,1600,16300,900,1600,4100,5400,1000,1200,300,200,2800,100
10016.0,13.78,17927000,244899115.0,13.78,13.77,13.76,13.75,13.74,13.73,13.72,13.71,13.7,13.69,13.79,13.81,13.84,13.86,13.88,13.89,13.91,13.92,13.93,13.94,1800,5600,6200,3600,4500,1400,19700,19300,18700,1600,500,1600,4100,5400,1000,1200,300,200,2800,100
10017.0,13.78,17927000,244899115.0,13.78,13.77,13.76,13.75,13.74,13.73,13.72,13.71,13.7,13.69,13.79,13.81,13.84,13.86,13.88,13.89,13.91,13.92,13.93,13.94,1900,6000,6200,3600,4500,1400,19700,19300,18700,1600,500,1600,4100,5400,1000,1200,300,200,2800,100
10018.0,13.78,17927200,244901871.0,13.78,13.77,13.76,13.75,13.74,13.73,13.72,13.71,13.7,13.69,13.79,13.81,13.84,13.86,13.88,13.89,13.91,13.92,13.93,13.94,1700,6000,6200,3600,4500,1400,19700,19300,18700,1600,500,1600,4100,5400,1000,1200,300,200,2800,100
10019.0,13.79,17927400,244904629.0,13.78,13.77,13.76,13.75,13.74,13.73,13.72,13.71,13.7,13.69,13.79,13.81,13.84,13.86,13.88,13.89,13.91,13.92,13.93,13.94,1700,6000,6200,3600,4500,1400,19700,19300,18700,1600,300,1600,4100,5400,1000,1200,300,200,2800,100
10020.0,13.79,17927400,244904629.0,13.78,13.77,13.76,13.75,13.74,13.73,13.72,13.71,13.7,13.69,13.79,13.81,13.84,13.86,13.88,13.89,13.91,13.92,13.93,13.94,2700,6000,6200,3600,4500,1400,19700,19300,18700,1600,500,1600,4100,5400,1000,1200,300,200,2800,100
10021.0,13.79,17927400,244904629.0,13.78,13.77,13.76,13.75,13.74,13.73,13.72,13.71,13.7,13.69,13.79,13.81,13.84,13.86,13.88,13.89,13.91,13.92,13.93,13.94,2700,6000,6300,3600,4500,1400,19700,19300,18700,1600,500,1600,4100,5400,1000,1200,300,200,2800,100
10022.0,13.77,17932300,244972129.0,13.78,13.77,13.76,13.75,13.74,13.73,13.72,13.71,13.7,13.69,13.79,13.81,13.84,13.86,13.88,13.89,13.91,13.92,13.93,13.94,400,3800,6300,3600,4500,1400,19700,19300,18700,1600,500,1600,4100,5400,1000,1200,300,200,2800,100
10023.0,13.77,17932300,244972129.0,13.78,13.77,13.76,13.75,13.74,13.73,13.72,13.71,13.7,13.69,13.79,13.81,13.84,13.85,13.86,13.88,13.89,13.91,13.92,13.93,400,3800,6300,3600,4500,1400,21200,19500,18700,1600,500,1600,4100,700,5400,1000,1200,300,200,2800
10024.0,13.77,17932300,244972129.0,13.78,13.77,13.76,13.75,13.74,13.73,13.72,13.71,13.7,13.69,13.79,13.81,13.84,13.85,13.86,13.88,13.89,13.91,13.92,13.93,400,3800,6300,3600,4500,1400,21200,19500,18700,1600,500,1600,4100,700,5400,1000,1200,300,200,2800
10025.0,13.77,17933100,244983149.0,13.77,13.76,13.75,13.74,13.73,13.72,13.71,13.7,13.69,13.68,13.79,13.81,13.84,13.85,13.86,13.88,13.89,13.91,13.92,13.93,3400,6300,3600,4500,1400,21200,19500,18700,1600,16300,500,1600,4100,700,5400,1000,1200,300,200,2800
10026.0,13.77,17933100,244983149.0,13.77,13.76,13.75,13.74,13.73,13.72,13.71,13.7,13.69,13.68,13.79,13.81,13.84,13.85,13.86,13.88,13.89,13.91,13.92,13.93,3600,6300,3600,4500,1400,21200,19500,20700,1600,16300,700,1600,4100,700,5400,1000,1200,300,200,2800
10027.0,13.77,17935100,245010689.0,13.78,13.77,13.76,13.75,13.74,13.73,13.72,13.71,13.7,13.69,13.79,13.81,13.84,13.85,13.86,13.88,13.89,13.91,13.92,13.93,500,1600,6300,3600,4500,1400,21200,19500,20700,1600,2800,1600,4100,700,5400,1000,1200,300,200,2800
10028.0,13.77,17936900,245035480.0,13.77,13.76,13.75,13.74,13.73,13.72,13.71,13.7,13.69,13.68,13.79,13.81,13.84,13.85,13.86,13.88,13.89,13.91,13.92,13.93,300,6300,3600,4500,1400,21200,19500,20700,1600,16300,2800,1600,4100,700,5400,1000,1200,300,200,2800
10029.0,13.79,17937100,245038238.0,13.77,13.76,13.75,13.74,13.73,13.72,13.71,13.7,13.69,13.68,13.79,13.81,13.84,13.85,13.86,13.88,13.89,13.91,13.92,13.93,300,6300,3600,4500,1400,21200,19500,20700,1600,16300,2600,1600,4100,1200,5400,1000,1200,300,200,2800
10030.0,13.79,17937100,245038238.0,13.77,13.76,13.75,13.74,13.73,13.72,13.71,13.7,13.69,13.68,13.79,13.81,13.84,13.85,13.86,13.88,13.89,13.91,13.92,13.93,300,6300,3600,4500,1400,21200,19500,20700,1600,16300,2600,1600,4100,1200,5400,1000,1200,300,200,2800
10031.0,13.76,17938400,245056152.0,13.76,13.75,13.74,13.73,13.72,13.71,13.7,13.69,13.68,13.67,13.79,13.81,13.84,13.85,13.86,13.88,13.89,13.91,13.92,13.93,6200,3600,4500,1400,21200,19500,20700,1600,16300,11600,2100,1600,4100,1200,5400,1000,1200,300,200,2800
10032.0,13.79,17938600,245058910.0,13.76,13.75,13.74,13.73,13.72,13.71,13.7,13.69,13.68,13.67,13.79,13.81,13.84,13.85,13.86,13.88,13.89,13.91,13.92,13.93,6600,3600,4500,1400,21200,19500,20700,1600,16800,11600,2300,1600,4100,1200,5400,1000,1200,300,200,2800
10033.0,13.79,17938600,245058910.0,13.76,13.75,13.74,13.73,13.72,13.71,13.7,13.69,13.68,13.67,13.79,13.81,13.84,13.85,13.86,13.88,13.89,13.91,13.92,13.93,7400,3600,4500,1400,21200,19500,20700,1600,16800,11600,3100,1600,4100,1200,5400,1000,1200,300,200,2800
10034.0,13.79,17938900,245063047.0,13.78,13.76,13.75,13.74,13.73,13.72,13.71,13.7,13.69,13.68,13.79,13.81,13.84,13.85,13.86,13.88,13.89,13.91,13.92,13.93,100,7800,3600,4500,1400,21200,19500,20700,1600,16800,3200,1600,4100,1200,5400,1000,1200,300,200,2800
10035.0,13.79,17938900,245063047.0,13.78,13.76,13.75,13.74,13.73,13.72,13.71,13.7,13.69,13.68,13.79,13.81,13.84,13.85,13.86,13.88,13.89,13.91,13.92,13.93,100,8400,3600,4600,1400,21200,19500,20700,1600,16800,3200,1600,4100,1200,5400,1000,1200,300,200,2800
10036.0,13.78,17939000,245064425.0,13.76,13.75,13.74,13.73,13.72,13.71,13.7,13.69,13.68,13.67,13.79,13.81,13.84,13.85,13.86,13.88,13.89,13.91,13.92,13.93,8400,3600,4600,1400,21200,19500,20700,1600,16800,11600,3200,1600,4100,1200,5400,1000,1200,300,200,2800
10037.0,13.76,17942500,245112594.0,13.76,13.75,13.74,13.73,13.72,13.71,13.7,13.69,13.68,13.67,13.79,13.81,13.84,13.85,13.86,13.88,13.89,13.91,13.92,13.93,5700,3600,4600,1400,21200,19500,29500,1600,16800,11600,3400,1600,4100,1200,5400,1000,1200,300,200,2800
10038.0,13.76,17943000,245119483.0,13.76,13.75,13.74,13.73,13.72,13.71,13.7,13.69,13.68,13.67,13.79,13.81,13.84,13.85,13.86,13.88,13.89,13.91,13.92,13.93,6100,3600,4600,1400,21200,19500,29500,1600,16800,11600,3700,1600,4100,1200,5400,1000,1200,300,200,2800
10039.0,13.76,17943500,245126363.0,13.76,13.75,13.74,13.73,13.72,13.71,13.7,13.69,13.68,13.67,13.79,13.81,13.84,13.85,13.86,13.88,13.89,13.91,13.92,13.93,6000,3600,4600,1400,21200,19500,29500,1600,16800,11600,4300,1600,4100,1200,5400,1000,1200,300,200,2800
10040.0,13.79,17944000,245133258.0,13.76,13.75,13.74,13.73,13.72,13.71,13.7,13.69,13.68,13.67,13.79,13.81,13.84,13.85,13.86,13.88,13.89,13.91,13.92,13.93,6800,3600,4600,1400,21200,19500,29500,1600,16800,11600,4400,1600,4100,700,5400,1000,1200,300,200,2800
10041.0,13.79,17944000,245133258.0,13.76,13.75,13.74,13.73,13.72,13.71,13.7,13.69,13.68,13.67,13.79,13.81,13.84,13.85,13.86,13.88,13.89,13.91,13.92,13.93,6800,3600,4600,1400,21200,19500,29500,1600,16800,11600,4400,1600,4100,700,5400,1000,1200,300,200,2800
10042.0,13.79,17944800,245144290.0,13.76,13.75,13.74,13.73,13.72,13.71,13.7,13.69,13.68,13.67,13.79,13.81,13.84,13.85,13.86,13.88,13.89,13.91,13.92,13.93,7500,3800,4600,1400,22000,19500,29500,1600,16800,11600,4100,1600,4100,700,5400,1000,1200,300,200,2800
10043.0,13.79,17945200,245149806.0,13.76,13.75,13.74,13.73,13.72,13.71,13.7,13.69,13.68,13.67,13.79,13.81,13.84,13.85,13.86,13.88,13.89,13.91,13.92,13.93,8800,3800,4600,1400,22000,19500,29500,1600,16800,11600,4300,1600,4100,700,5400,1000,1200,300,200,2800
10044.0,13.79,17945200,245149806.0,13.77,13.76,13.75,13.74,13.73,13.72,13.71,13.7,13.69,13.68,13.79,13.81,13.84,13.85,13.86,13.88,13.89,13.91,13.92,13.93,400,9000,3800,4600,1400,22000,19500,29500,1600,16800,4800,1600,4100,700,5400,1000,1200,300,200,2800
10045.0,13.79,17945600,245155322.0,13.77,13.76,13.75,13.74,13.73,13.72,13.71,13.7,13.69,13.68,13.79,13.81,13.84,13.85,13.86,13.88,13.89,13.91,13.92,13.93,400,9300,3800,4600,1400,22000,19500,29500,1600,16800,4400,1600,4100,700,5400,1000,1200,300,200,2800
10046.0,13.79,17946000,245160838.0,13.77,13.76,13.75,13.74,13.73,13.72,13.71,13.7,13.69,13.68,13.79,13.81,13.84,13.85,13.86,13.88,13.89,13.91,13.92,13.93,400,9300,3800,4600,1400,22000,19500,29500,1600,16800,4000,1600,4100,700,5400,1000,1200,300,200,2800
10047.0,13.79,17946000,245160838.0,13.77,13.76,13.75,13.74,13.73,13.72,13.71,13.7,13.69,13.68,13.79,13.81,13.84,13.85,13.86,13.88,13.89,13.91,13.92,13.93,400,9300,3800,4600,1400,22000,19500,29500,1600,16800,4000,1600,4100,700,5400,1000,1200,300,200,2800
10048.0,13.79,17946000,245160838.0,13.77,13.76,13.75,13.74,13.73,13.72,13.71,13.7,13.69,13.68,13.79,13.81,13.84,13.85,13.86,13.88,13.89,13.91,13.92,13.93,400,9300,3800,4600,1400,22000,19500,29500,1600,16800,4000,1600,4100,700,5400,1000,1200,300,200,2800
10049.0,13.79,17946400,245166354.0,13.77,13.76,13.75,13.74,13.73,13.72,13.71,13.7,13.69,13.68,13.79,13.81,13.84,13.85,13.86,13.88,13.89,13.91,13.92,13.93,400,9300,3800,4600,1400,22000,19500,29500,1600,16800,3600,1600,4100,700,5400,1000,1200,300,200,2800
10050.0,13.79,17946400,245166354.0,13.77,13.76,13.75,13.74,13.73,13.72,13.71,13.7,13.69,13.68,13.79,13.81,13.84,13.85,13.86,13.88,13.89,13.91,13.92,13.93,400,9300,3800,4600,1400,22000,19500,29500,1600,16800,3600,1600,4100,700,5400,1000,1200,300,200,2800
10051.0,13.79,17946400,245166354.0,13.77,13.76,13.75,13.74,13.73,13.72,13.71,13.7,13.69,13.68,13.79,13.81,13.84,13.85,13.86,13.88,13.89,13.91,13.92,13.93,400,9300,3800,4600,1400,22000,19500,29500,1600,16800,3600,1600,4100,700,5400,1000,1200,300,200,2800
10052.0,13.79,17947700,245184281.0,13.78,13.77,13.76,13.75,13.74,13.73,13.72,13.71,13.7,13.69,13.79,13.81,13.84,13.85,13.86,13.88,13.89,13.91,13.92,13.93,200,400,10300,6800,4600,1400,22000,19500,29500,1600,2300,1600,4100,700,5400,1000,1200,300,200,2800
10053.0,13.77,17948300,245192545.0,13.76,13.75,13.74,13.73,13.72,13.71,13.7,13.69,13.68,13.67,13.77,13.79,13.81,13.84,13.85,13.86,13.88,13.89,13.91,13.92,10300,7000,4600,1400,22000,19500,29500,1600,16800,11600,400,2300,1600,4100,700,5400,1000,1200,300,200
10054.0,13.77,17948300,245192545.0,13.76,13.75,13.74,13.73,13.72,13.71,13.7,13.69,13.68,13.67,13.77,13.79,13.81,13.84,13.85,13.86,13.88,13.89,13.91,13.92,10300,7000,4600,1400,22700,19500,29500,1600,16800,11600,400,2300,1600,4100,700,5400,1000,1200,300,200
10055.0,13.77,17948300,245192545.0,13.76,13.75,13.74,13.73,13.72,13.71,13.7,13.69,13.68,13.67,13.77,13.79,13.81,13.84,13.85,13.86,13.88,13.89,13.91,13.92,10300,7000,6600,1400,22700,19500,29500,1600,16800,11600,400,2300,1600,4100,700,5400,1000,1200,300,200
10056.0,13.77,17948300,245192545.0,13.76,13.75,13.74,13.73,13.72,13.71,13.7,13.69,13.68,13.67,13.77,13.79,13.81,13.84,13.85,13.86,13.88,13.89,13.91,13.92,10300,6800,6600,2400,22700,19500,29500,1600,16800,11600,400,2300,1600,4100,700,5400,1000,1200,300,200
10057.0,13.77,17948300,245192545.0,13.76,13.75,13.74,13.73,13.72,13.71,13.7,13.69,13.68,13.67,13.77,13.79,13.81,13.84,13.85,13.86,13.88,13.89,13.91,13.92,10300,6800,6600,2400,22700,19500,29500,1600,16800,11600,1400,2300,1600,4100,700,5400,1000,1200,300,200
10058.0,13.76,17948700,245198050.0,13.76,13.75,13.74,13.73,13.72,13.71,13.7,13.69,13.68,13.67,13.77,13.79,13.81,13.84,13.85,13.86,13.88,13.89,13.91,13.92,10200,6800,6600,2400,22700,19500,29500,1600,16800,11600,1300,2300,1600,4100,700,5400,1000,1200,300,200
10059.0,13.76,17948700,245198050.0,13.76,13.75,13.74,13.73,13.72,13.71,13.7,13.69,13.68,13.67,13.77,13.79,13.81,13.84,13.85,13.86,13.88,13.89,13.91,13.92,10200,6800,6600,2400,22700,19500,29000,1600,16800,11600,1300,2300,1600,4100,700,5400,1000,1200,300,200
10060.0,13.77,17948800,245199427.0,13.76,13.75,13.74,13.73,13.72,13.71,13.7,13.69,13.68,13.67,13.77,13.79,13.81,13.84,13.85,13.86,13.88,13.89,13.91,13.92,10200,7300,6600,2400,22700,19500,29000,1600,16800,11600,1200,2300,1600,4100,700,5400,1000,1200,300,200
10061.0,13.77,17948900,245200804.0,13.76,13.75,13.74,13.73,13.72,13.71,13.7,13.69,13.68,13.67,13.77,13.79,13.81,13.84,13.85,13.86,13.88,13.89,13.91,13.92,10200,7800,6600,2400,22700,19500,29000,1600,16800,11600,1100,2300,1600,4100,700,5400,1000,1200,300,200
10062.0,13.77,17948900,245200804.0,13.76,13.75,13.74,13.73,13.72,13.71,13.7,13.69,13.68,13.67,13.77,13.79,13.81,13.84,13.85,13.86,13.88,13.89,13.91,13.92,10200,7800,6600,2400,22700,19500,29100,1600,17400,11600,1100,2300,1600,4100,700,5400,1000,1200,300,200
10063.0,13.76,17950400,245221446.0,13.76,13.75,13.74,13.73,13.72,13.71,13.7,13.69,13.68,13.67,13.77,13.79,13.81,13.84,13.85,13.86,13.88,13.89,13.91,13.92,8900,7800,6600,2400,22700,19500,29100,1600,17400,11700,900,2300,1600,4100,700,5400,1000,1200,300,200
10064.0,13.76,17950400,245221446.0,13.76,13.75,13.74,13.73,13.72,13.71,13.7,13.69,13.68,13.67,13.77,13.79,13.81,13.84,13.85,13.86,13.88,13.89,13.91,13.92,9900,7800,6600,2400,22700,19500,29100,1600,17400,11700,900,2300,1600,4100,700,5400,1000,1200,300,200
10065.0,13.76,17950400,245221446.0,13.76,13.75,13.74,13.73,13.72,13.71,13.7,13.69,13.68,13.67,13.77,13.79,13.8,13.81,13.84,13.85,13.86,13.88,13.89,13.91,9900,7800,6600,2400,22700,19500,29100,1600,17400,11700,1100,2300,5000,1600,4100,700,5400,1000,1200,300
10066.0,13.76,17950400,245221446.0,13.76,13.75,13.74,13.73,13.72,13.71,13.7,13.69,13.68,13.67,13.77,13.79,13.8,13.81,13.84,13.85,13.86,13.88,13.89,13.91,11000,7800,6600,2400,23600,19500,29500,1600,17400,11700,1100,2300,5000,1600,4100,700,5400,1000,1200,300
10067.0,13.77,17950600,245224200.0,13.76,13.75,13.74,13.73,13.72,13.71,13.7,13.69,13.68,13.67,13.77,13.79,13.8,13.81,13.84,13.85,13.86,13.88,13.89,13.91,11000,8300,6600,2400,23600,19500,29500,1600,17400,11700,900,2300,5000,1600,4100,700,5400,1000,1200,300
10068.0,13.76,17955600,245293000.0,13.76,13.75,13.74,13.73,13.72,13.71,13.7,13.69,13.68,13.67,13.77,13.79,13.8,13.81,13.84,13.85,13.86,13.88,13.89,13.91,6000,8300,6600,2400,23600,19500,29500,1600,17400,11700,900,2300,5000,1600,4100,700,5400,1000,1200,300
10069.0,13.76,17955600,245293000.0,13.76,13.75,13.74,13.73,13.72,13.71,13.7,13.69,13.68,13.67,13.77,13.79,13.8,13.81,13.84,13.85,13.86,13.88,13.89,13.91,6000,8300,6600,2400,23600,19500,29500,1600,17400,11700,900,2300,5000,1600,4100,700,5400,1000,1200,300
10070.0,13.77,17955800,245295754.0,13.76,13.75,13.74,13.73,13.72,13.71,13.7,13.69,13.68,13.67,13.77,13.79,13.8,13.81,13.84,13.85,13.86,13.88,13.89,13.91,6000,8300,7300,2400,23600,20000,29500,1600,17400,11700,700,2300,5000,1600,4100,700,5400,1000,1200,300
10071.0,13.77,17955800,245295754.0,13.76,13.75,13.74,13.73,13.72,13.71,13.7,13.69,13.68,13.67,13.77,13.79,13.8,13.81,13.84,13.85,13.86,13.88,13.89,13.91,6000,8300,7300,2400,23600,20000,29500,1600,17400,11700,1200,2300,5000,1600,4100,700,5400,1000,1200,300
10072.0,13.76,17956000,245298507.0,13.76,13.75,13.74,13.73,13.72,13.71,13.7,13.69,13.68,13.67,13.77,13.79,13.8,13.81,13.84,13.85,13.86,13.88,13.89,13.91,5900,8300,7300,2400,23600,20000,29500,1600,17400,11700,1100,2300,5000,1600,4100,700,5400,1000,1200,300
10073.0,13.77,17957100,245313654.0,13.76,13.75,13.74,13.73,13.72,13.71,13.7,13.69,13.68,13.67,13.79,13.8,13.81,13.84,13.85,13.86,13.88,13.89,13.91,13.92,5900,11300,7300,2400,23600,20000,29500,1600,17400,11700,2300,5000,1600,4100,700,5400,1000,1200,300,200
10074.0,13.76,17958900,245338440.0,13.76,13.75,13.74,13.73,13.72,13.71,13.7,13.69,13.68,13.67,13.79,13.8,13.81,13.84,13.85,13.86,13.88,13.89,13.91,13.92,6400,11300,7300,2400,23600,20000,29500,1600,17400,11700,1700,5000,1600,4100,700,5400,1000,1200,300,200
10075.0,13.76,17958900,245338440.0,13.76,13.75,13.74,13.73,13.72,13.71,13.7,13.69,13.68,13.67,13.79,13.8,13.81,13.84,13.85,13.86,13.88,13.89,13.91,13.92,6700,11300,7300,2400,23600,20000,29500,1600,17400,11700,2000,5000,1600,4100,700,5400,1000,1200,300,200
10076.0,13.75,17977300,245591511.0,13.74,13.73,13.72,13.71,13.7,13.69,13.68,13.67,13.66,13.65,13.75,13.79,13.8,13.81,13.84,13.85,13.86,13.88,13.89,13.91,7300,2400,23600,20000,29500,1600,17400,11700,19700,39500,800,2400,5000,1600,4100,700,5400,1000,1200,300
10077.0,13.75,17977300,245591511.0,13.74,13.73,13.72,13.71,13.7,13.69,13.68,13.67,13.66,13.65,13.75,13.79,13.8,13.81,13.84,13.85,13.86,13.88,13.89,13.91,7300,2400,23600,20000,29500,1600,17400,11700,19700,39500,2800,2400,5000,1600,4100,700,5400,1000,1200,300
10078.0,13.75,17977900,245599761.0,13.74,13.73,13.72,13.71,13.7,13.69,13.68,13.67,13.66,13.65,13.75,13.79,13.8,13.81,13.84,13.85,13.86,13.88,13.89,13.91,7300,2400,23600,20000,29500,1600,17400,11700,19700,39500,2200,2400,5000,1600,4100,700,5400,1000,1200,300
10079.0,13.75,17977900,245599761.0,13.74,13.73,13.72,13.71,13.7,13.69,13.68,13.67,13.66,13.65,13.75,13.79,13.8,13.81,13.84,13.85,13.86,13.88,13.89,13.91,7300,2400,23600,20000,29500,1600,17400,11700,19700,39500,2200,2400,5000,1600,4100,700,5400,1000,1200,300
10080.0,13.75,17978700,245610761.0,13.74,13.73,13.72,13.71,13.7,13.69,13.68,13.67,13.66,13.65,13.75,13.79,13.8,13.81,13.84,13.85,13.86,13.88,13.89,13.91,7300,2400,23600,20000,29500,1600,17400,11700,19700,39500,1400,2400,5000,1600,4100,700,5400,1000,1200,300
10081.0,13.75,17978900,245613511.0,13.74,13.73,13.72,13.71,13.7,13.69,13.68,13.67,13.66,13.65,13.75,13.79,13.8,13.81,13.84,13.85,13.86,13.88,13.89,13.91,7300,2400,23600,20000,29500,1600,17400,11700,19700,39500,1200,2400,5000,1600,4100,700,5400,1000,1200,300
10082.0,13.75,17979200,245617636.0,13.74,13.73,13.72,13.71,13.7,13.69,13.68,13.67,13.66,13.65,13.75,13.79,13.8,13.81,13.84,13.85,13.86,13.88,13.89,13.91,7300,2400,23600,20000,29500,1600,17400,11700,19700,39500,900,2400,5000,1600,4100,700,5400,1000,1200,300
10083.0,13.75,17979400,245620386.0,13.74,13.73,13.72,13.71,13.7,13.69,13.68,13.67,13.66,13.65,13.75,13.79,13.8,13.81,13.84,13.85,13.86,13.88,13.89,13.91,7300,2400,25100,20100,29500,1600,17400,11700,19700,39500,2700,2400,5000,1600,4100,700,5400,1000,1200,300
10084.0,13.75,17979400,245620386.0,13.74,13.73,13.72,13.71,13.7,13.69,13.68,13.67,13.66,13.65,13.75,13.79,13.8,13.81,13.84,13.85,13.86,13.88,13.89,13.91,8300,2400,25100,20100,29500,1600,17400,11700,19700,39500,2700,2400,5000,1600,4100,700,5400,1000,1200,300
10085.0,13.74,17984900,245695956.0,13.74,13.73,13.72,13.71,13.7,13.69,13.68,13.67,13.66,13.65,13.75,13.79,13.8,13.81,13.84,13.85,13.86,13.88,13.89,13.91,2800,2400,25100,20100,29500,1600,17400,11700,19700,40000,2700,2400,5000,1600,4100,700,5400,1000,1200,300
10086.0,13.75,17985600,245705581.0,13.74,13.73,13.72,13.71,13.7,13.69,13.68,13.67,13.66,13.65,13.75,13.79,13.8,13.81,13.84,13.85,13.86,13.88,13.89,13.91,2800,2400,25600,20100,29500,1600,17400,11700,19700,40000,2000,2400,5000,1600,4100,700,5400,1000,1200,300
10087.0,13.75,17985600,245705581.0,13.74,13.73,13.72,13.71,13.7,13.69,13.68,13.67,13.66,13.65,13.75,13.79,13.8,13.81,13.84,13.85,13.86,13.88,13.89,13.91,5400,2400,26600,20100,29500,1600,17400,11700,19700,40000,2100,2400,5000,1600,4100,700,5400,1000,1200,300
10088.0,13.75,17985600,245705581.0,13.74,13.73,13.72,13.71,13.7,13.69,13.68,13.67,13.66,13.65,13.75,13.79,13.8,13.81,13.84,13.85,13.86,13.88,13.89,13.91,5400,2400,26600,20100,31900,1600,17400,11700,19700,40000,2100,2400,5000,1600,4100,700,5400,1000,1200,300
10089.0,13.75,17987700,245734456.0,13.75,13.74,13.73,13.72,13.71,13.7,13.69,13.68,13.67,13.66,13.79,13.8,13.81,13.84,13.85,13.86,13.88,13.89,13.91,13.92,1100,6200,2400,26600,20100,31900,1600,17400,11700,19700,2400,5000,1600,4100,700,5400,1000,1200,300,200
10090.0,13.74,17990700,245775687.0,13.74,13.73,13.72,13.71,13.7,13.69,13.68,13.67,13.66,13.65,13.79,13.8,13.81,13.84,13.85,13.86,13.88,13.89,13.91,13.92,4300,2400,26600,20100,31900,1600,17400,11700,19700,40000,2400,5000,1600,4100,700,5400,1000,1200,300,200
10091.0,13.74,17991200,245782557.0,13.74,13.73,13.72,13.71,13.7,13.69,13.68,13.67,13.66,13.65,13.79,13.8,13.81,13.84,13.85,13.86,13.88,13.89,13.91,13.92,4800,2400,26600,20100,31900,1600,17400,11700,19700,40000,3400,5000,1600,4100,700,5400,1000,1200,300,200
10092.0,13.74,17992500,245800434.0,13.74,13.73,13.72,13.71,13.7,13.69,13.68,13.67,13.66,13.65,13.79,13.8,13.81,13.84,13.85,13.86,13.88,13.89,13.91,13.92,3800,2400,26600,20100,31900,1600,17400,11700,19700,40000,3100,5000,1600,4100,700,5400,1000,1200,300,200
10093.0,13.74,17992500,245800434.0,13.74,13.73,13.72,13.71,13.7,13.69,13.68,13.67,13.66,13.65,13.75,13.79,13.8,13.81,13.84,13.86,13.88,13.89,13.91,13.92,4800,2400,26600,20100,31900,1600,17400,11700,19700,40000,500,4100,5000,1600,4100,5400,1000,1200,300,200
10094.0,13.74,17995500,245841654.0,13.74,13.73,13.72,13.71,13.7,13.69,13.68,13.67,13.66,13.65,13.75,13.79,13.8,13.81,13.84,13.86,13.88,13.89,13.91,13.92,1800,2400,29600,20100,31900,1600,17400,11700,19700,40000,1500,4100,5000,1600,4100,5400,1000,1200,300,200
10095.0,13.72,18018600,246158646.0,13.72,13.71,13.7,13.69,13.68,13.67,13.66,13.65,13.64,13.63,13.75,13.79,13.8,13.81,13.84,13.86,13.88,13.89,13.91,13.92,10700,20100,31900,1600,17400,11700,19700,40000,600,3000,4900,4100,5000,1600,4100,5400,1000,1200,300,200
10096.0,13.75,18019400,246169646.0,13.72,13.71,13.7,13.69,13.68,13.67,13.66,13.65,13.64,13.63,13.75,13.79,13.8,13.81,13.84,13.86,13.88,13.89,13.91,13.92,10700,20100,32100,1600,17400,11700,19700,40000,600,3000,4100,4100,5000,1600,4100,5400,1000,1200,300,200
10097.0,13.75,18021000,246191646.0,13.72,13.71,13.7,13.69,13.68,13.67,13.66,13.65,13.64,13.63,13.75,13.79,13.8,13.81,13.84,13.86,13.88,13.89,13.91,13.92,10700,20100,32300,1600,17400,11700,19700,40000,600,3000,2900,4100,5000,1600,4100,5400,1000,1200,300,200
10098.0,13.75,18021000,246191646.0,13.74,13.72,13.71,13.7,13.69,13.68,13.67,13.66,13.65,13.64,13.75,13.79,13.8,13.81,13.84,13.86,13.88,13.89,13.91,13.92,100,11700,20100,32300,1600,17400,22700,19700,40000,600,3500,4100,5000,1600,4100,5400,1000,1200,300,200
10099.0,13.74,18021400,246197145.0,13.72,13.71,13.7,13.69,13.68,13.67,13.66,13.65,13.64,13.63,13.74,13.75,13.79,13.8,13.81,13.84,13.86,13.88,13.89,13.91,11700,20100,32800,1600,17400,22700,19700,40000,600,3000,200,3200,4100,5000,1600,4100,5400,1000,1200,300
10100.0,13.74,18021500,246198519.0,13.72,13.71,13.7,13.69,13.68,13.67,13.66,13.65,13.64,13.63,13.74,13.75,13.79,13.8,13.81,13.84,13.86,13.88,13.89,13.91,11700,20100,32800,1600,17400,22700,19700,40000,600,3000,1100,3200,4100,5000,1600,4100,5400,1000,1200,300
10101.0,13.74,18021500,246198519.0,13.72,13.71,13.7,13.69,13.68,13.67,13.66,13.65,13.64,13.63,13.74,13.75,13.79,13.8,13.81,13.84,13.86,13.88,13.89,13.91,11700,20100,32800,1600,16800,22700,19700,40000,600,3000,2100,3200,4100,5000,1600,4100,5400,1000,1200,300
10102.0,13.74,18021700,246201267.0,13.72,13.71,13.7,13.69,13.68,13.67,13.66,13.65,13.64,13.63,13.74,13.75,13.79,13.8,13.81,13.84,13.86,13.88,13.89,13.91,11700,20100,32800,1600,16800,22700,19700,40000,600,3000,3600,3200,4100,5000,1600,4100,5400,1000,1200,300
10103.0,13.74,18022100,246206763.0,13.72,13.71,13.7,13.69,13.68,13.67,13.66,13.65,13.64,13.63,13.74,13.75,13.79,13.8,13.81,13.84,13.86,13.88,13.89,13.91,13100,20100,32800,1600,16800,22700,19700,40000,600,3000,3200,3200,4100,5000,1600,4100,5400,1000,1200,300
10104.0,13.74,18022400,246210885.0,13.72,13.71,13.7,13.69,13.68,13.67,13.66,13.65,13.64,13.63,13.74,13.75,13.79,13.8,13.81,13.82,13.84,13.86,13.88,13.89,13900,21600,31400,1600,16800,22700,19700,40000,600,3000,2900,3400,4100,5000,1600,20000,4100,5400,1000,1200
10105.0,13.74,18024200,246235617.0,13.72,13.71,13.7,13.69,13.68,13.67,13.66,13.65,13.64,13.63,13.74,13.75,13.79,13.8,13.81,13.82,13.84,13.86,13.88,13.89,15900,21600,31400,1600,16800,22700,19700,40000,600,3000,1300,3400,4100,5000,1600,20000,4100,5400,1000,1200
10106.0,13.74,18024500,246239739.0,13.72,13.71,13.7,13.69,13.68,13.67,13.66,13.65,13.64,13.63,13.74,13.75,13.79,13.8,13.81,13.82,13.84,13.86,13.88,13.89,15900,21600,31400,1600,16800,22700,20100,40000,600,3000,1000,3400,4100,5000,1600,20000,4100,5400,1000,1200
10107.0,13.74,18024500,246239739.0,13.72,13.71,13.7,13.69,13.68,13.67,13.66,13.65,13.64,13.63,13.74,13.75,13.79,13.8,13.81,13.82,13.84,13.86,13.88,13.89,15900,21600,31400,1600,16800,22700,20100,40000,600,3000,1000,3400,4100,5000,1600,20000,4100,5400,1000,1200
10108.0,13.74,18024700,246242487.0,13.72,13.71,13.7,13.69,13.68,13.67,13.66,13.65,13.64,13.63,13.74,13.75,13.79,13.8,13.81,13.82,13.84,13.86,13.88,13.89,16600,21600,31600,1600,16800,22700,20100,40000,600,3000,1300,3400,4100,5000,1600,20000,4100,5400,1000,1200
10109.0,13.74,18025800,246257601.0,13.72,13.71,13.7,13.69,13.68,13.67,13.66,13.65,13.64,13.63,13.74,13.75,13.79,13.8,13.81,13.82,13.84,13.86,13.88,13.89,17300,21600,31600,1600,16800,22700,20100,40000,600,3000,200,3400,4100,5000,1600,20000,4100,5400,1000,1200
10110.0,13.74,18025800,246257601.0,13.72,13.71,13.7,13.69,13.68,13.67,13.66,13.65,13.64,13.63,13.74,13.75,13.79,13.8,13.81,13.82,13.84,13.86,13.88,13.89,17300,21600,31600,1600,16800,22700,20100,40000,600,3000,200,3400,4100,5000,1600,20000,4100,5400,1000,1200
10111.0,13.74,18025800,246257601.0,13.72,13.71,13.7,13.69,13.68,13.67,13.66,13.65,13.64,13.63,13.74,13.75,13.79,13.8,13.81,13.82,13.84,13.86,13.88,13.89,17300,21600,31600,1600,16800,22700,20100,40000,600,3000,200,3400,4100,5000,1600,20000,4100,5400,1000,1200
10112.0,13.72,18027800,246285041.0,13.72,13.71,13.7,13.69,13.68,13.67,13.66,13.65,13.64,13.63,13.74,13.75,13.79,13.8,13.81,13.82,13.84,13.86,13.88,13.89,15700,21600,31600,1600,16800,22700,20100,40000,600,3000,1300,3400,4100,5000,1600,20000,4100,5400,1000,1200
10113.0,13.72,18032800,246353643.0,13.73,13.72,13.71,13.7,13.69,13.68,13.67,13.66,13.65,13.64,13.74,13.75,13.79,13.8,13.81,13.82,13.84,13.86,13.88,13.89,500,12500,22200,31600,1600,16800,22700,20100,40000,600,1200,3400,4100,5000,1600,20000,4100,5400,1000,1200
10114.0,13.72,18032800,246353643.0,13.73,13.72,13.71,13.7,13.69,13.68,13.67,13.66,13.65,13.64,13.74,13.75,13.79,13.8,13.81,13.82,13.84,13.86,13.88,13.89,500,12500,22200,31600,1600,16800,22700,20100,40000,600,1700,4400,4100,5000,1600,20000,4100,5400,1000,1200
10115.0,13.74,18034400,246375627.0,13.73,13.72,13.71,13.7,13.69,13.68,13.67,13.66,13.65,13.64,13.74,13.75,13.79,13.8,13.81,13.82,13.84,13.86,13.88,13.89,500,13000,22200,31700,1600,16800,22700,20100,40000,600,100,4400,4100,5000,1600,20000,4100,5400,1000,1200
10116.0,13.74,18034500,246377001.0,13.74,13.73,13.72,13.71,13.7,13.69,13.68,13.67,13.66,13.65,13.75,13.79,13.8,13.81,13.82,13.84,13.86,13.88,13.89,13.91,1000,1500,17700,22200,31700,1600,16800,22700,20100,40000,4400,4100,5000,1600,20000,4100,5400,1000,1200,300
10117.0,13.74,18034500,246377001.0,13.74,13.73,13.72,13.71,13.7,13.69,13.68,13.67,13.66,13.65,13.75,13.79,13.8,13.81,13.82,13.84,13.86,13.88,13.89,13.91,1000,1500,17700,22200,31700,1600,16800,22700,20100,40000,4400,4100,5000,1600,20000,4100,5400,1000,1200,300
10118.0,13.74,18034500,246377001.0,13.74,13.73,13.72,13.71,13.7,13.69,13.68,13.67,13.66,13.65,13.75,13.79,13.8,13.81,13.82,13.84,13.86,13.88,13.89,13.91,1000,1500,17700,22200,31700,1600,16800,22700,20100,40000,4400,4100,5000,1600,20000,4100,5400,1000,1200,300
10119.0,13.75,18035700,246393501.0,13.74,13.73,13.72,13.71,13.7,13.69,13.68,13.67,13.66,13.65,13.75,13.79,13.8,13.81,13.82,13.84,13.86,13.88,13.89,13.91,1000,1500,17700,22200,31700,1600,16800,22700,20100,40000,3200,4100,5000,1600,20000,4100,5400,1000,1200,300
10120.0,13.75,18036000,246397626.0,13.74,13.73,13.72,13.71,13.7,13.69,13.68,13.67,13.66,13.65,13.75,13.79,13.8,13.81,13.82,13.84,13.86,13.88,13.89,13.91,1000,1500,17700,22200,31700,1600,16800,22700,20100,40000,2900,4100,5000,1600,20000,4100,5400,1000,1200,300
10121.0,13.75,18036000,246397626.0,13.74,13.73,13.72,13.71,13.7,13.69,13.68,13.67,13.66,13.65,13.75,13.79,13.8,13.81,13.82,13.84,13.86,13.88,13.89,13.91,1000,1500,23900,22200,31700,1600,16800,22700,20100,40000,2900,4100,5000,1600,20000,4100,5400,1000,1200,300
10122.0,13.74,18036300,246401748.0,13.74,13.73,13.72,13.71,13.7,13.69,13.68,13.67,13.66,13.65,13.75,13.79,13.8,13.81,13.82,13.84,13.86,13.88,13.89,13.91,2700,1500,23900,22200,31700,1600,16800,22700,20100,40000,2900,4100,5000,1600,20000,4100,5400,1000,1200,300
10123.0,13.75,18036500,246404498.0,13.74,13.73,13.72,13.71,13.7,13.69,13.68,13.67,13.66,13.65,13.75,13.79,13.8,13.81,13.82,13.84,13.86,13.88,13.89,13.91,2700,1500,23900,22200,31700,1600,17300,22700,20100,40000,2700,4100,5000,1600,20000,4100,5400,1000,1200,300
10124.0,13.75,18036600,246405873.0,13.74,13.73,13.72,13.71,13.7,13.69,13.68,13.67,13.66,13.65,13.75,13.79,13.8,13.81,13.82,13.84,13.86,13.88,13.89,13.91,2700,2300,23900,22200,31700,1600,17300,23300,20100,40000,2600,4100,5000,1600,20000,4100,5400,1000,1200,300
10125.0,13.74,18036800,246408621.0,13.74,13.73,13.72,13.71,13.7,13.69,13.68,13.67,13.66,13.65,13.75,13.79,13.8,13.81,13.82,13.84,13.86,13.88,13.89,13.91,2500,2300,23900,22200,31700,1600,17300,23300,20100,40000,2600,4100,5000,1600,20000,4100,5400,1000,1200,300
10126.0,13.75,18037200,246414121.0,13.74,13.73,13.72,13.71,13.7,13.69,13.68,13.67,13.66,13.65,13.75,13.79,13.8,13.81,13.82,13.84,13.86,13.88,13.89,13.91,2500,2300,25400,22200,31700,1600,17300,23300,20100,40000,2200,4100,5000,1600,20000,4100,5400,1000,1200,300
10127.0,13.74,18037400,246416869.0,13.74,13.73,13.72,13.71,13.7,13.69,13.68,13.67,13.66,13.65,13.75,13.79,13.8,13.81,13.82,13.84,13.86,13.88,13.89,13.91,2300,2900,25100,22200,31200,1600,17300,23300,20100,40000,2200,4100,5000,1600,20000,4100,5400,1000,1200,300
10128.0,13.74,18041700,246475939.0,13.73,13.72,13.71,13.7,13.69,13.68,13.67,13.66,13.65,13.64,13.74,13.75,13.79,13.8,13.81,13.82,13.84,13.86,13.88,13.89,1700,25100,22500,31200,1600,17300,23300,20100,40000,600,700,2200,4100,5000,1600,20000,4100,5400,1000,1200
10129.0,13.74,18041700,246475939.0,13.73,13.72,13.71,13.7,13.69,13.68,13.67,13.66,13.65,13.64,13.74,13.75,13.79,13.8,13.81,13.82,13.84,13.86,13.88,13.89,1700,25100,22500,31200,1600,17300,23300,20100,40000,600,700,2200,4100,5000,1600,20000,4100,5400,1000,1200
10130.0,13.74,18042400,246485557.0,13.74,13.73,13.72,13.71,13.7,13.69,13.68,13.67,13.66,13.65,13.75,13.79,13.8,13.81,13.82,13.84,13.86,13.88,13.89,13.91,800,1700,25100,22500,28800,1600,17300,23300,20100,40000,2200,4100,5000,1600,20000,4100,5400,1000,1200,300
10131.0,13.75,18042800,246491057.0,13.74,13.73,13.72,13.71,13.7,13.69,13.68,13.67,13.66,13.65,13.75,13.79,13.8,13.81,13.82,13.84,13.86,13.88,13.89,13.91,2400,1700,25100,22500,28800,1600,17300,23300,20100,40000,1800,4100,5000,1600,20000,4100,5400,1000,1200,300
10132.0,13.75,18044300,246511678.0,13.74,13.73,13.72,13.71,13.7,13.69,13.68,13.67,13.66,13.65,13.75,13.79,13.8,13.81,13.82,13.84,13.86,13.88,13.89,13.91,2700,2200,25100,22500,28800,1600,17300,23300,20100,40000,700,4100,5000,1600,20000,4100,5400,1000,1200,300
10133.0,13.75,18044300,246511678.0,13.74,13.73,13.72,13.71,13.7,13.69,13.68,13.67,13.66,13.65,13.75,13.79,13.8,13.81,13.82,13.84,13.86,13.88,13.89,13.91,2700,2200,25100,22500,28800,1600,19300,23300,20100,40000,700,4100,5000,1600,20000,4100,5400,1000,1200,300
10134.0,13.74,18044800,246518548.0,13.74,13.73,13.72,13.71,13.7,13.69,13.68,13.67,13.66,13.65,13.75,13.79,13.8,13.81,13.82,13.84,13.86,13.88,13.89,13.9,2200,3000,25300,22500,25900,1600,19300,23300,20100,40000,700,4100,5000,1600,20000,4100,5400,1000,1200,2000
10135.0,13.74,18044800,246518548.0,13.74,13.73,13.72,13.71,13.7,13.69,13.68,13.67,13.66,13.65,13.75,13.79,13.8,13.81,13.82,13.84,13.86,13.88,13.89,13.9,2200,3000,25300,22500,25900,1600,19300,23300,20100,40000,700,4100,5000,1600,20000,4100,5400,1000,1200,2000
10136.0,13.74,18046300,246539158.0,13.74,13.73,13.72,13.71,13.7,13.69,13.68,13.67,13.66,13.65,13.75,13.79,13.8,13.81,13.82,13.84,13.86,13.88,13.89,13.9,700,3000,25300,22500,25900,1600,19300,23300,20100,40500,700,4100,5000,1600,20000,4100,5400,1000,1200,2000
10137.0,13.75,18047000,246548783.0,13.75,13.74,13.73,13.72,13.71,13.7,13.69,13.68,13.67,13.66,13.79,13.8,13.81,13.82,13.84,13.86,13.88,13.89,13.9,13.91,200,700,3000,25300,22500,26100,1600,19300,23300,20100,4100,5000,1600,20000,4100,5400,1000,1200,2000,300
10138.0,13.79,18047400,246554299.0,13.75,13.74,13.73,13.72,13.71,13.7,13.69,13.68,13.67,13.66,13.79,13.8,13.81,13.82,13.84,13.86,13.88,13.89,13.9,13.91,800,700,3000,25300,22500,26100,1600,19300,23300,20100,4300,5000,1600,20000,4100,5400,1000,1200,2000,300
10139.0,13.79,18048100,246563952.0,13.75,13.74,13.73,13.72,13.71,13.7,13.69,13.68,13.67,13.66,13.79,13.8,13.81,13.82,13.84,13.86,13.88,13.89,13.9,13.91,2300,700,3000,25300,22500,26100,1600,19300,23300,20100,5100,5000,1600,20000,4100,5400,1000,1200,2000,300
10140.0,13.75,18048300,246566702.0,13.75,13.74,13.73,13.72,13.71,13.7,13.69,13.68,13.67,13.66,13.79,13.8,13.81,13.82,13.84,13.86,13.88,13.89,13.9,13.91,3100,700,3000,25300,23500,26100,1600,19300,23300,20100,5700,5000,1600,20000,4100,5400,1000,1200,2000,300
10141.0,13.75,18049200,246579097.0,13.75,13.74,13.73,13.72,13.71,13.7,13.69,13.68,13.67,13.66,13.79,13.8,13.81,13.82,13.84,13.86,13.88,13.89,13.9,13.91,3800,700,3000,25300,23500,26100,1600,19300,23300,20100,6300,5000,1600,20000,4100,5400,1000,1200,2000,300
10142.0,13.75,18052000,246617669.0,13.75,13.74,13.73,13.72,13.71,13.7,13.69,13.68,13.67,13.66,13.79,13.8,13.81,13.82,13.84,13.86,13.88,13.89,13.9,13.91,3200,700,3500,25300,23500,26100,1600,19300,23300,20100,4900,5000,1600,20000,4100,5400,1000,1200,2000,300
10143.0,13.75,18053000,246631419.0,13.75,13.74,13.73,13.72,13.71,13.7,13.69,13.68,13.67,13.66,13.79,13.8,13.81,13.82,13.84,13.86,13.88,13.89,13.9,13.91,3800,700,3500,25300,23500,26100,1600,19300,23300,20100,6400,5000,1600,20000,4100,5400,1000,1200,2000,300
10144.0,13.79,18053600,246639693.0,13.75,13.74,13.73,13.72,13.71,13.7,13.69,13.68,13.67,13.66,13.79,13.8,13.81,13.82,13.84,13.86,13.88,13.89,13.9,13.91,4200,700,3500,25300,23500,26100,1600,19300,23300,20100,6200,5000,1600,20000,4100,5400,1000,1200,2000,300
10145.0,13.79,18053700,246641072.0,13.75,13.74,13.73,13.72,13.71,13.7,13.69,13.68,13.67,13.66,13.79,13.8,13.81,13.82,13.84,13.86,13.88,13.89,13.9,13.91,4700,700,4800,25300,23500,26100,1600,19400,23300,20100,6600,5000,1600,20000,4100,5400,1000,1200,2000,300
10146.0,13.75,18053900,246643822.0,13.75,13.74,13.73,13.72,13.71,13.7,13.69,13.68,13.67,13.66,13.79,13.8,13.81,13.82,13.84,13.86,13.88,13.89,13.9,13.91,5400,700,4800,25300,23500,26100,1600,19400,23300,20100,7500,5000,1600,20000,4100,5400,1000,1200,2000,300
10147.0,13.79,18054600,246653475.0,13.75,13.74,13.73,13.72,13.71,13.7,13.69,13.68,13.67,13.66,13.79,13.8,13.81,13.82,13.84,13.86,13.88,13.89,13.9,13.91,6200,700,5800,25300,23500,26100,1600,19400,23300,20100,7600,5000,1600,20000,4100,5400,1000,1200,2000,300
10148.0,13.79,18055300,246663128.0,13.75,13.74,13.73,13.72,13.71,13.7,13.69,13.68,13.67,13.66,13.79,13.8,13.81,13.82,13.84,13.86,13.88,13.89,13.9,13.91,6200,5400,5800,25300,23500,26100,1600,19400,23300,19800,6900,5000,1600,20000,4100,5400,1000,1200,2000,300
10149.0,13.79,18055300,246663128.0,13.75,13.74,13.73,13.72,13.71,13.7,13.69,13.68,13.67,13.66,13.79,13.8,13.81,13.82,13.84,13.86,13.88,13.89,13.9,13.91,6500,5400,5800,25300,23500,26100,1600,19400,23300,19800,7700,5000,1600,20000,4100,5400,1000,1200,2000,300
10150.0,13.79,18056000,246672781.0,13.75,13.74,13.73,13.72,13.71,13.7,13.69,13.68,13.67,13.66,13.79,13.8,13.81,13.82,13.84,13.86,13.88,13.89,13.9,13.91,7000,5400,8700,25500,23500,26100,1600,19400,23300,19800,7000,5000,1600,20000,4100,5400,1000,1200,2000,300
10151.0,13.79,18056000,246672781.0,13.75,13.74,13.73,13.72,13.71,13.7,13.69,13.68,13.67,13.66,13.79,13.8,13.81,13.82,13.84,13.86,13.88,13.89,13.9,13.91,7900,6600,8700,25500,23500,26100,1600,19400,23300,19800,7000,5000,1600,20000,4100,5400,1000,1200,2000,300
10152.0,13.79,18056000,246672781.0,13.75,13.74,13.73,13.72,13.71,13.7,13.69,13.68,13.67,13.66,13.79,13.8,13.81,13.82,13.84,13.86,13.88,13.89,13.9,13.91,8700,6600,8700,25500,23500,27100,1600,19400,23300,19800,7800,5000,1600,20000,4100,5400,1000,1200,2000,300
10153.0,13.79,18058100,246701740.0,13.75,13.74,13.73,13.72,13.71,13.7,13.69,13.68,13.67,13.66,13.79,13.8,13.81,13.82,13.84,13.86,13.88,13.89,13.9,13.91,8700,6600,8700,25500,23500,27100,1600,19400,23300,19800,5700,5000,1600,20000,4100,5400,1000,1200,2000,300
10154.0,13.79,18058100,246701740.0,13.75,13.74,13.73,13.72,13.71,13.7,13.69,13.68,13.67,13.66,13.79,13.8,13.81,13.82,13.84,13.86,13.88,13.89,13.9,13.91,9500,6600,8700,25500,23500,27100,1600,19400,23300,19800,6500,5000,1600,20000,4100,5400,1000,1200,2000,300
10155.0,13.75,18059000,246714139.0,13.75,13.74,13.73,13.72,13.71,13.7,13.69,13.68,13.67,13.66,13.79,13.8,13.81,13.82,13.84,13.86,13.88,13.89,13.9,13.91,9200,5400,8700,26100,23500,27100,1600,19400,23300,19800,5900,5000,1600,20000,4100,5400,1000,1200,2000,300
10156.0,13.79,18059500,246721034.0,13.75,13.74,13.73,13.72,13.71,13.7,13.69,13.68,13.67,13.66,13.79,13.8,13.81,13.82,13.84,13.86,13.88,13.89,13.9,13.91,9700,5400,8700,26100,23500,27100,1800,19400,23300,19800,5900,5000,1600,20000,4100,5400,1000,1200,2000,300
10157.0,13.79,18059500,246721034.0,13.76,13.75,13.74,13.73,13.72,13.71,13.7,13.69,13.68,13.67,13.79,13.8,13.81,13.82,13.84,13.86,13.88,13.89,13.9,13.91,200,10300,5500,8700,26100,23500,27100,1800,19400,23300,6200,5000,1600,20000,4100,5400,1000,1200,2000,300
10158.0,13.76,18059700,246723786.0,13.75,13.74,13.73,13.72,13.71,13.7,13.69,13.68,13.67,13.66,13.77,13.79,13.8,13.81,13.82,13.84,13.86,13.88,13.89,13.9,10300,9500,18200,26100,23500,27100,1800,19400,23300,19800,200,6200,5000,1600,20000,4100,5400,1000,1200,2000
10159.0,13.76,18059700,246723786.0,13.75,13.74,13.73,13.72,13.71,13.7,13.69,13.68,13.67,13.66,13.77,13.79,13.8,13.81,13.82,13.84,13.86,13.88,13.89,13.9,12900,11300,18200,26100,23500,27100,1800,19400,23300,19800,200,6200,5000,1600,20000,4100,5400,1000,1200,2000
10160.0,13.76,18059700,246723786.0,13.75,13.74,13.73,13.72,13.71,13.7,13.69,13.68,13.67,13.66,13.77,13.79,13.8,13.81,13.82,13.84,13.86,13.88,13.89,13.9,12900,11300,18200,26100,23500,37100,1800,18900,23300,19800,200,6200,5000,1600,20000,4100,5400,1000,1200,2000
10161.0,13.76,18059700,246723786.0,13.75,13.74,13.73,13.72,13.71,13.7,13.69,13.68,13.67,13.66,13.77,13.79,13.8,13.81,13.82,13.84,13.86,13.88,13.89,13.9,13200,11300,19400,26100,23500,37100,1800,18900,23300,19800,200,6200,5000,1600,20000,4100,5400,1000,1200,2000
10162.0,13.75,18060700,246737536.0,13.75,13.74,13.73,13.72,13.71,13.7,13.69,13.68,13.67,13.66,13.77,13.79,13.8,13.81,13.82,13.84,13.86,13.88,13.89,13.9,12200,11300,19400,26100,23500,37000,1800,18900,23300,19800,200,6200,5000,1600,20000,4100,5400,1000,1200,2000
10163.0,13.75,18060700,246737536.0,13.75,13.74,13.73,13.72,13.71,13.7,13.69,13.68,13.67,13.66,13.77,13.79,13.8,13.81,13.82,13.84,13.86,13.88,13.89,13.9,12300,11300,19500,26200,23800,37000,1800,18900,23300,19800,200,6200,5000,1600,20000,4100,5400,1000,1200,2000
10164.0,13.75,18060700,246737536.0,13.75,13.74,13.73,13.72,13.71,13.7,13.69,13.68,13.67,13.66,13.77,13.79,13.8,13.81,13.82,13.84,13.86,13.88,13.89,13.9,12300,12300,19500,26200,23800,36800,1800,18900,23300,19800,200,6200,5000,1600,20000,4100,5400,1000,1200,2000
10165.0,13.75,18060700,246737536.0,13.75,13.74,13.73,13.72,13.71,13.7,13.69,13.68,13.67,13.66,13.77,13.79,13.8,13.81,13.82,13.84,13.86,13.88,13.89,13.9,12300,12300,20300,26200,23800,36800,1800,18900,23300,19800,200,6200,5000,1600,20000,4100,5400,1000,1200,2000
10166.0,13.75,18060700,246737536.0,13.75,13.74,13.73,13.72,13.71,13.7,13.69,13.68,13.67,13.66,13.77,13.79,13.8,13.81,13.82,13.84,13.86,13.88,13.89,13.9,12300,13200,20400,26200,23800,36800,1800,18900,23300,19800,200,6200,5000,1600,20000,4100,5400,1000,1200,2000
10167.0,13.75,18060700,246737536.0,13.75,13.74,13.73,13.72,13.71,13.7,13.69,13.68,13.67,13.66,13.77,13.79,13.8,13.81,13.82,13.84,13.86,13.88,13.89,13.9,13300,13200,20400,26200,23800,36800,1800,18900,23300,19800,200,6200,5000,1600,20000,4100,5400,1000,1200,2000
10168.0,13.75,18061200,246744411.0,13.75,13.74,13.73,13.72,13.71,13.7,13.69,13.68,13.67,13.66,13.77,13.79,13.8,13.81,13.82,13.84,13.86,13.88,13.89,13.9,16300,14600,20500,26200,23800,36800,1800,18900,23300,19800,200,6200,5000,1600,20000,4100,5400,1000,1200,2000
10169.0,13.75,18061200,246744411.0,13.75,13.74,13.73,13.72,13.71,13.7,13.69,13.68,13.67,13.66,13.77,13.79,13.8,13.81,13.82,13.84,13.86,13.88,13.89,13.9,27800,14600,20700,26200,23800,36800,1800,18900,23300,19800,200,6200,5000,1600,20000,4100,5400,1000,1200,2000
10170.0,13.75,18061600,246749911.0,13.75,13.74,13.73,13.72,13.71,13.7,13.69,13.68,13.67,13.66,13.77,13.79,13.8,13.81,13.82,13.84,13.86,13.88,13.89,13.9,28000,14600,20700,26500,23800,36800,1800,18900,23300,19800,200,6200,5000,1600,20000,4100,5400,1000,1200,2000
10171.0,13.75,18061600,246749911.0,13.75,13.74,13.73,13.72,13.71,13.7,13.69,13.68,13.67,13.66,13.77,13.79,13.8,13.81,13.82,13.84,13.86,13.88,13.89,13.9,28000,14600,22900,26500,23800,36800,1800,18900,23300,19800,200,6200,5000,1600,20000,4100,5400,1000,1200,2000
10172.0,13.75,18061600,246749911.0,13.75,13.74,13.73,13.72,13.71,13.7,13.69,13.68,13.67,13.66,13.77,13.79,13.8,13.81,13.82,13.84,13.86,13.88,13.89,13.9,28500,15100,22900,26500,23800,36800,1800,18900,23300,19800,200,6200,5000,1600,20000,4100,5400,1000,1200,2000
10173.0,13.75,18061600,246749911.0,13.75,13.74,13.73,13.72,13.71,13.7,13.69,13.68,13.67,13.66,13.77,13.79,13.8,13.81,13.82,13.84,13.86,13.88,13.89,13.9,29500,15100,22900,26500,23800,36800,1800,18900,23300,19800,200,6200,5000,1600,20000,4100,5400,1000,1200,2000
10174.0,13.75,18061600,246749911.0,13.75,13.74,13.73,13.72,13.71,13.7,13.69,13.68,13.67,13.66,13.77,13.79,13.8,13.81,13.82,13.84,13.86,13.88,13.89,13.9,29500,15100,22900,32500,23800,37000,1800,18900,23300,19800,200,6200,5000,1600,20000,4100,5400,1000,1200,2000
10175.0,13.75,18061600,246749911.0,13.75,13.74,13.73,13.72,13.71,13.7,13.69,13.68,13.67,13.66,13.77,13.79,13.8,13.81,13.82,13.84,13.86,13.88,13.89,13.9,29800,15200,21900,32500,23800,37000,1800,18900,23300,19800,200,6200,5000,1600,20000,4100,5400,1000,1200,2000
10176.0,13.75,18061600,246749911.0,13.75,13.74,13.73,13.72,13.71,13.7,13.69,13.68,13.67,13.66,13.77,13.79,13.8,13.81,13.82,13.84,13.86,13.88,13.89,13.9,29800,15200,21900,32500,24600,37000,1800,18900,23300,19800,200,6200,5000,1600,20000,4100,5400,1000,1200,2000
10177.0,13.75,18061600,246749911.0,13.75,13.74,13.73,13.72,13.71,13.7,13.69,13.68,13.67,13.66,13.77,13.79,13.8,13.81,13.82,13.84,13.86,13.88,13.89,13.9,29800,15400,21900,32500,24600,37400,1800,18900,23300,19800,200,6200,5000,1600,20000,4100,5400,1000,1200,2000
10178.0,13.75,18061600,246749911.0,13.76,13.75,13.74,13.73,13.72,13.71,13.7,13.69,13.68,13.67,13.77,13.79,13.8,13.81,13.82,13.84,13.86,13.88,13.89,13.9,800,29800,15400,21900,32500,24600,37400,1800,18900,23300,200,6200,5000,1600,20000,4100,5400,1000,1200,2000
10179.0,13.75,18061600,246749911.0,13.76,13.75,13.74,13.73,13.72,13.71,13.7,13.69,13.68,13.67,13.77,13.79,13.8,13.81,13.82,13.84,13.86,13.88,13.89,13.9,800,31200,15400,21900,32500,24600,37400,1800,18700,23300,200,6200,5000,1600,20000,4100,5400,1000,1200,2000
10180.0,13.75,18061600,246749911.0,13.76,13.75,13.74,13.73,13.72,13.71,13.7,13.69,13.68,13.67,13.77,13.79,13.8,13.81,13.82,13.84,13.86,13.88,13.89,13.9,800,31200,15400,21900,32500,24600,37400,1800,18700,23300,200,6200,5000,1600,20000,4100,5400,1000,1200,2000
10181.0,13.75,18061600,246749911.0,13.76,13.75,13.74,13.73,13.72,13.71,13.7,13.69,13.68,13.67,13.77,13.79,13.8,13.81,13.82,13.84,13.86,13.88,13.89,13.9,800,31200,15400,21900,32500,24600,38400,1800,18700,23300,200,6200,5000,1600,20000,4100,5400,1000,1200,2000
10182.0,13.75,18061600,246749911.0,13.76,13.75,13.74,13.73,13.72,13.71,13.7,13.69,13.68,13.67,13.77,13.79,13.8,13.81,13.82,13.84,13.86,13.88,13.89,13.9,800,31200,15400,21900,32500,24600,38400,1800,18700,23300,200,6200,5000,1600,20000,4100,5400,1000,1200,2000
10183.0,13.75,18061600,246749911.0,13.76,13.75,13.74,13.73,13.72,13.71,13.7,13.69,13.68,13.67,13.77,13.79,13.8,13.81,13.82,13.84,13.86,13.88,13.89,13.9,2200,35500,15400,21900,32500,24600,38400,1800,18700,23300,200,6200,5000,1600,20000,4100,5400,1000,1200,2000
10184.0,13.75,18061600,246749911.0,13.76,13.75,13.74,13.73,13.72,13.71,13.7,13.69,13.68,13.67,13.77,13.79,13.8,13.81,13.82,13.84,13.86,13.88,13.89,13.9,2200,35500,15400,21900,32500,24600,38400,1800,18700,23300,200,6200,5000,1600,20000,4100,5400,1000,1200,2000
10185.0,13.75,18061600,246749911.0,13.76,13.75,13.74,13.73,13.72,13.71,13.7,13.69,13.68,13.67,13.77,13.79,13.8,13.81,13.82,13.84,13.86,13.88,13.89,13.9,2200,35500,15400,21900,26500,24600,38400,1800,18700,23300,200,6200,5000,1600,20000,4100,5400,1000,1200,2000
10186.0,13.75,18061600,246749911.0,13.76,13.75,13.74,13.73,13.72,13.71,13.7,13.69,13.68,13.67,13.77,13.79,13.8,13.81,13.82,13.84,13.86,13.88,13.89,13.9,2700,38500,15400,21100,26500,24600,38400,1800,18700,23300,200,6200,5000,1600,20000,4100,5400,1000,1200,2000
10187.0,13.75,18061600,246749911.0,13.76,13.75,13.74,13.73,13.72,13.71,13.7,13.69,13.68,13.67,13.77,13.79,13.8,13.81,13.82,13.84,13.86,13.88,13.89,13.9,2800,38500,15400,21100,20300,24600,38400,1800,18700,23300,200,6200,5000,1600,20000,4100,5400,1000,1200,2000
10188.0,13.76,18061700,246751287.0,13.76,13.75,13.74,13.73,13.72,13.71,13.7,13.69,13.68,13.67,13.77,13.79,13.8,13.81,13.82,13.84,13.86,13.88,13.89,13.9,2700,38100,15400,21100,20300,24600,38400,1800,18700,23300,200,6200,5000,1600,20000,4100,5400,1000,1200,2000
10189.0,13.76,18061700,246751287.0,13.76,13.75,13.74,13.73,13.72,13.71,13.7,13.69,13.68,13.67,13.77,13.79,13.8,13.81,13.82,13.84,13.86,13.88,13.89,13.9,2800,26600,15400,21100,20300,24600,38400,1800,18700,23300,200,6200,5000,1600,20000,4100,5400,1000,1200,2000
10190.0,13.76,18061700,246751287.0,13.76,13.75,13.74,13.73,13.72,13.71,13.7,13.69,13.68,13.67,13.77,13.79,13.8,13.81,13.82,13.84,13.86,13.88,13.89,13.9,2800,32600,15400,21100,20300,24600,38400,1800,18700,23300,200,6200,5000,1600,20000,4100,5400,1000,1200,2000
10191.0,13.76,18062000,246755415.0,13.76,13.75,13.74,13.73,13.72,13.71,13.7,13.69,13.68,13.67,13.77,13.79,13.8,13.81,13.82,13.84,13.86,13.88,13.89,13.9,2500,32600,15400,21000,20300,24600,38400,1800,18700,23300,200,6200,5000,1600,20000,4100,5400,1000,1200,2000
10192.0,13.77,18062200,246758169.0,13.77,13.76,13.75,13.74,13.73,13.72,13.71,13.7,13.69,13.68,13.79,13.8,13.81,13.82,13.84,13.86,13.88,13.89,13.9,13.91,9800,2500,32600,15400,21000,20300,24600,38400,1800,18700,6200,5000,1600,20000,4100,5400,1000,1200,2000,300
10193.0,13.79,18062800,246766443.0,13.77,13.76,13.75,13.74,13.73,13.72,13.71,13.7,13.69,13.68,13.79,13.8,13.81,13.82,13.84,13.86,13.88,13.89,13.9,13.91,10200,2700,32600,15400,21000,20300,24600,38400,1800,18700,5600,5000,1600,20000,4100,5400,1000,1200,2000,300
10194.0,13.79,18062800,246766443.0,13.77,13.76,13.75,13.74,13.73,13.72,13.71,13.7,13.69,13.68,13.79,13.8,13.81,13.82,13.84,13.86,13.88,13.89,13.9,13.91,10200,2700,32600,14900,21000,20300,24600,38400,1800,18700,5600,5000,1600,20000,4100,5400,1000,1200,2000,300
10195.0,13.79,18062800,246766443.0,13.77,13.76,13.75,13.74,13.73,13.72,13.71,13.7,13.69,13.68,13.79,13.8,13.81,13.82,13.84,13.86,13.88,13.89,13.9,13.91,10200,2700,32600,14900,21000,20300,24600,38400,1800,18700,5600,5000,1600,20000,4100,5400,1000,1200,2000,300
10196.0,13.79,18063300,246773338.0,13.77,13.76,13.75,13.74,13.73,13.72,13.71,13.7,13.69,13.68,13.79,13.8,13.81,13.82,13.84,13.86,13.88,13.89,13.9,13.91,10200,3000,33200,14900,21200,20300,24600,38400,1800,18700,5100,5000,1600,20000,4100,5400,1000,1200,2000,300
10197.0,13.79,18063300,246773338.0,13.77,13.76,13.75,13.74,13.73,13.72,13.71,13.7,13.69,13.68,13.79,13.8,13.81,13.82,13.84,13.86,13.88,13.89,13.9,13.91,10200,3000,33200,14900,21200,20300,24600,38400,1800,18700,5100,5000,1600,20000,4100,5400,1000,1200,2000,300
10198.0,13.77,18065100,246798154.0,13.77,13.76,13.75,13.74,13.73,13.72,13.71,13.7,13.69,13.68,13.79,13.8,13.81,13.82,13.84,13.86,13.88,13.89,13.9,13.91,10300,3000,26200,14900,21200,20300,24600,40400,1800,18700,3600,5000,1600,20000,4100,5400,300,1200,2000,300
10199.0,13.79,18065400,246802291.0,13.77,13.76,13.75,13.74,13.73,13.72,13.71,13.7,13.69,13.68,13.79,13.8,13.81,13.82,13.84,13.86,13.88,13.89,13.9,13.91,10300,3100,26200,14900,21200,20300,24600,40400,1800,18700,3300,5000,1600,20000,4100,5400,300,1200,2000,300
10200.0,13.79,18065400,246802291.0,13.78,13.77,13.76,13.75,13.74,13.73,13.72,13.71,13.7,13.69,13.79,13.8,13.81,13.82,13.84,13.86,13.88,13.89,13.9,13.91,200,10300,3100,26200,14900,21200,20300,24600,40400,1800,3300,5000,1600,20000,4100,5400,300,1200,2000,300
10201.0,13.79,18065500,246803670.0,13.78,13.77,13.76,13.75,13.74,13.73,13.72,13.71,13.7,13.69,13.79,13.8,13.81,13.82,13.84,13.86,13.88,13.89,13.9,13.91,200,10500,3100,26200,14900,21200,20300,24600,40400,1800,3200,5000,1600,20000,4100,5400,300,1200,2000,300
10202.0,13.79,18065800,246807807.0,13.78,13.77,13.76,13.75,13.74,13.73,13.72,13.71,13.7,13.69,13.79,13.8,13.81,13.82,13.84,13.86,13.88,13.89,13.9,13.91,200,10500,3100,26200,14900,21200,20300,24600,40400,1800,2900,5000,1600,20000,4100,5400,300,1200,2000,300
10203.0,13.79,18065800,246807807.0,13.78,13.77,13.76,13.75,13.74,13.73,13.72,13.71,13.7,13.69,13.79,13.8,13.81,13.82,13.84,13.86,13.88,13.89,13.9,13.91,400,10500,9100,26200,14900,21200,20300,24600,40400,1800,3200,5000,1600,20000,4100,5400,300,1200,2000,300
10204.0,13.79,18066100,246811944.0,13.78,13.77,13.76,13.75,13.74,13.73,13.72,13.71,13.7,13.69,13.79,13.8,13.81,13.82,13.84,13.86,13.88,13.89,13.9,13.91,500,10500,9100,26200,14900,21200,20300,24600,40400,1800,2900,5000,1600,20000,4100,5400,300,1200,2000,300
10205.0,13.79,18066300,246814702.0,13.78,13.77,13.76,13.75,13.74,13.73,13.72,13.71,13.7,13.69,13.79,13.8,13.81,13.82,13.84,13.86,13.88,13.89,13.9,13.91,1800,10500,9100,26200,14900,21200,18800,24600,40400,1800,2700,5000,1600,20000,4100,5400,300,1200,2000,300
10206.0,13.79,18066300,246814702.0,13.78,13.77,13.76,13.75,13.74,13.73,13.72,13.71,13.7,13.69,13.79,13.8,13.81,13.82,13.84,13.86,13.88,13.89,13.9,13.91,1900,10500,9000,26200,14900,21200,18800,24600,40400,1800,2700,5000,1600,20000,4100,5400,300,1200,2000,300
10207.0,13.78,18066600,246818838.0,13.78,13.77,13.76,13.75,13.74,13.73,13.72,13.71,13.7,13.69,13.79,13.8,13.81,13.82,13.84,13.86,13.88,13.89,13.9,13.91,5800,10500,9000,26200,14900,21200,18800,24600,40400,1800,2500,5000,1600,20000,4100,5400,300,1200,2000,300
10208.0,13.78,18067000,246824350.0,13.78,13.77,13.76,13.75,13.74,13.73,13.72,13.71,13.7,13.69,13.79,13.81,13.82,13.84,13.86,13.88,13.89,13.9,13.91,13.92,6400,10500,8600,26200,14900,21200,18800,24600,40400,1800,2500,1600,20000,4100,5400,300,1200,2000,300,200
10209.0,13.79,18067500,246831245.0,13.78,13.77,13.76,13.75,13.74,13.73,13.72,13.71,13.7,13.69,13.79,13.81,13.82,13.84,13.86,13.88,13.89,13.9,13.91,13.92,7400,10500,8500,28600,14900,21200,18800,24600,40400,1800,2000,1600,20000,4100,5400,300,1200,2000,300,200
10210.0,13.79,18067700,246834003.0,13.78,13.77,13.76,13.75,13.74,13.73,13.72,13.71,13.7,13.69,13.79,13.81,13.82,13.84,13.86,13.88,13.89,13.9,13.91,13.92,7400,10500,8500,28600,14900,21200,18800,24600,40900,1800,1800,1600,20000,4100,5400,300,1200,2000,300,200
10211.0,13.79,18067700,246834003.0,13.78,13.77,13.76,13.75,13.74,13.73,13.72,13.71,13.7,13.69,13.79,13.81,13.82,13.84,13.86,13.88,13.89,13.9,13.91,13.92,7400,10500,8500,28600,14900,21200,19300,24600,40900,1800,1800,1600,20000,4100,5400,300,1200,2000,300,200
10212.0,13.79,18067800,246835382.0,13.78,13.77,13.76,13.75,13.74,13.73,13.72,13.71,13.7,13.69,13.79,13.81,13.82,13.84,13.86,13.88,13.89,13.9,13.91,13.92,7400,10500,8500,28600,14900,21200,19500,24600,40900,1800,1700,1600,20000,4100,5400,300,1200,2000,300,200
10213.0,13.78,18073500,246913929.0,13.78,13.77,13.76,13.75,13.74,13.73,13.72,13.71,13.7,13.69,13.79,13.81,13.82,13.84,13.86,13.88,13.89,13.9,13.91,13.92,1800,10400,2500,28600,14900,21200,19500,24600,40900,1800,1600,1600,20000,4100,5400,300,1200,2000,300,200
10214.0,13.78,18075600,246942868.0,13.77,13.76,13.75,13.74,13.73,13.72,13.71,13.7,13.69,13.68,13.78,13.79,13.81,13.82,13.84,13.86,13.88,13.89,13.9,13.91,10400,2500,28600,14900,21200,19600,24600,42300,1800,19700,2900,1500,1600,20000,4100,5400,300,1200,2000,300
10215.0,13.77,18078000,246975921.0,13.78,13.77,13.76,13.75,13.74,13.73,13.72,13.71,13.7,13.69,13.79,13.81,13.82,13.84,13.86,13.88,13.89,13.9,13.91,13.92,500,8500,2500,28600,14900,21200,19600,24600,42300,1800,1500,1600,20000,4100,5400,300,1200,2000,300,200
10216.0,13.79,18078100,246977300.0,13.78,13.77,13.76,13.75,13.74,13.73,13.72,13.71,13.7,13.69,13.79,13.81,13.82,13.84,13.86,13.88,13.89,13.9,13.91,13.92,500,8500,2500,28600,14900,21100,19600,24600,42300,1800,1400,1600,20000,4100,5400,300,1200,2000,300,200
10217.0,13.79,18078100,246977300.0,13.78,13.77,13.76,13.75,13.74,13.73,13.72,13.71,13.7,13.69,13.79,13.81,13.82,13.84,13.86,13.88,13.89,13.9,13.91,13.92,500,8500,2200,28600,15600,21100,19600,24600,42300,1800,1400,1600,20000,4100,5400,300,1200,2000,300,200
10218.0,13.79,18078100,246977300.0,13.78,13.77,13.76,13.75,13.74,13.73,13.72,13.71,13.7,13.69,13.79,13.81,13.82,13.84,13.86,13.88,13.89,13.9,13.91,13.92,500,8500,2200,28600,15600,21100,19600,24600,42300,1800,1400,1600,20000,4100,5400,300,1200,2000,300,200
10219.0,13.79,18078300,246980058.0,13.78,13.77,13.76,13.75,13.74,13.73,13.72,13.71,13.7,13.69,13.79,13.81,13.82,13.84,13.86,13.88,13.89,13.9,13.91,13.92,500,14500,2200,28600,15600,21100,19600,24600,42300,1800,1200,1600,20000,4100,5400,300,1200,2000,300,200
10220.0,13.79,18078500,246982816.0,13.78,13.77,13.76,13.75,13.74,13.73,13.72,13.71,13.7,13.69,13.79,13.81,13.82,13.84,13.86,13.88,13.89,13.9,13.91,13.92,500,14500,2200,28600,15600,21100,19600,24600,42300,1800,1000,1600,20000,4100,5400,300,1200,2000,300,200
10221.0,13.79,18078500,246982816.0,13.78,13.77,13.76,13.75,13.74,13.73,13.72,13.71,13.7,13.69,13.79,13.81,13.82,13.84,13.86,13.88,13.89,13.9,13.91,13.92,10500,14500,2200,28600,15600,18200,19600,24600,42300,1800,1000,1600,20000,4100,5400,300,1200,2000,300,200
10222.0,13.78,18079200,246992462.0,13.78,13.77,13.76,13.75,13.74,13.73,13.72,13.71,13.7,13.69,13.79,13.81,13.82,13.84,13.86,13.88,13.89,13.9,13.91,13.92,10200,14500,2200,28400,15600,18200,19600,24600,42300,1800,1000,1600,20000,4100,5400,300,1200,2000,300,200
10223.0,13.78,18081200,247020022.0,13.78,13.77,13.76,13.75,13.74,13.73,13.72,13.71,13.7,13.69,13.79,13.81,13.82,13.84,13.86,13.88,13.89,13.9,13.91,13.92,8200,14500,2200,28400,15600,18200,19600,24600,42300,1800,1000,1600,20000,4100,5400,300,1200,2000,300,200
10224.0,13.78,18081900,247029668.0,13.78,13.77,13.76,13.75,13.74,13.73,13.72,13.71,13.7,13.69,13.79,13.81,13.82,13.84,13.86,13.88,13.89,13.9,13.91,13.92,8000,14500,2200,28400,15600,18200,19600,24600,42300,1800,1000,1600,20000,4100,5400,300,1200,2000,300,200
10225.0,13.78,18081900,247029668.0,13.78,13.77,13.76,13.75,13.74,13.73,13.72,13.71,13.7,13.69,13.79,13.81,13.82,13.84,13.86,13.88,13.89,13.9,13.91,13.92,8000,14500,2200,28400,14600,18200,19600,24600,42300,1800,1000,1600,20000,4100,5400,300,1200,2000,300,200
10226.0,13.78,18082400,247036559.0,13.78,13.77,13.76,13.75,13.74,13.73,13.72,13.71,13.7,13.69,13.79,13.81,13.82,13.84,13.86,13.88,13.89,13.9,13.91,13.92,7600,14600,2200,28400,14600,18200,19600,24600,42300,1800,900,1600,20000,4100,5400,300,1200,2000,300,200
10227.0,13.78,18082400,247036559.0,13.78,13.77,13.76,13.75,13.74,13.73,13.72,13.71,13.7,13.69,13.79,13.81,13.82,13.84,13.86,13.88,13.89,13.9,13.91,13.92,7600,14600,9200,28400,12600,18200,19600,24600,42300,1800,900,1600,20000,4100,5400,300,1200,2000,300,200
10228.0,13.79,18083300,247048970.0,13.79,13.78,13.77,13.76,13.75,13.74,13.73,13.72,13.71,13.7,13.81,13.82,13.84,13.86,13.88,13.89,13.9,13.91,13.92,13.93,7300,7600,14600,9200,28400,12600,18200,19600,24600,42300,1600,20000,4100,5400,300,1200,2000,300,200,2700
10229.0,13.81,18083400,247050351.0,13.79,13.78,13.77,13.76,13.75,13.74,13.73,13.72,13.71,13.7,13.81,13.82,13.84,13.86,13.88,13.89,13.9,13.91,13.92,13.93,7300,7600,14600,9200,29400,12600,18200,19600,24600,42300,1500,20000,4100,5400,300,1200,2000,300,200,2700
10230.0,13.79,18084100,247060004.0,13.79,13.78,13.77,13.76,13.75,13.74,13.73,13.72,13.71,13.7,13.81,13.82,13.84,13.86,13.88,13.89,13.9,13.91,13.92,13.93,6600,7600,15400,9200,29400,12600,18200,19600,24600,42300,1600,20000,4100,5400,300,1200,2000,300,200,2700
10231.0,13.81,18084400,247064147.0,13.8,13.79,13.78,13.77,13.76,13.75,13.74,13.73,13.72,13.71,13.81,13.82,13.84,13.86,13.88,13.89,13.9,13.91,13.92,13.93,400,6600,7600,16000,9200,29400,12600,18200,19600,24600,1300,20000,4100,5400,300,1200,2000,300,200,2700
10232.0,13.81,18084400,247064147.0,13.8,13.79,13.78,13.77,13.76,13.75,13.74,13.73,13.72,13.71,13.81,13.82,13.84,13.86,13.88,13.89,13.9,13.91,13.92,13.93,400,6600,7600,16000,9200,29400,12600,18200,19600,24600,1300,20000,4100,5400,300,1200,2000,300,200,2700
10233.0,13.81,18084400,247064147.0,13.8,13.79,13.78,13.77,13.76,13.75,13.74,13.73,13.72,13.71,13.81,13.82,13.84,13.85,13.86,13.88,13.89,13.9,13.91,13.92,1200,7600,7600,16000,9200,29400,12600,18200,19600,24600,1300,20000,4100,5000,5400,300,1200,2000,300,200
10234.0,13.81,18086900,247098672.0,13.81,13.8,13.79,13.78,13.77,13.76,13.75,13.74,13.73,13.72,13.82,13.84,13.85,13.86,13.88,13.89,13.9,13.91,13.92,13.93,500,1200,10200,7600,10000,9200,29400,12600,18200,14900,20000,4100,5000,5400,300,1200,2000,300,200,2700
10235.0,13.81,18086900,247098672.0,13.81,13.8,13.79,13.78,13.77,13.76,13.75,13.74,13.73,13.72,13.82,13.84,13.85,13.86,13.88,13.89,13.9,13.91,13.92,13.93,500,1200,10200,7600,10500,9200,29400,12600,18200,14900,20000,4100,5000,5400,300,1200,2000,300,200,2700
10236.0,13.81,18086900,247098672.0,13.81,13.8,13.79,13.78,13.77,13.76,13.75,13.74,13.73,13.72,13.82,13.84,13.85,13.86,13.88,13.89,13.9,13.91,13.92,13.93,500,1200,10200,7600,10500,9200,29400,12600,18200,14900,20000,4100,5000,5400,300,1200,2000,300,200,2700
10237.0,13.81,18086900,247098672.0,13.81,13.8,13.79,13.78,13.77,13.76,13.75,13.74,13.73,13.72,13.82,13.84,13.85,13.86,13.88,13.89,13.9,13.91,13.92,13.93,500,1200,10200,7600,9800,9200,29400,12600,18200,14900,20000,4100,5000,5400,300,1200,2000,300,200,2700
10238.0,13.81,18086900,247098672.0,13.81,13.8,13.79,13.78,13.77,13.76,13.75,13.74,13.73,13.72,13.82,13.84,13.85,13.86,13.88,13.89,13.9,13.91,13.92,13.93,500,1200,16900,7600,9800,9200,29400,12600,18200,14900,20000,4100,5000,5400,300,1200,2000,300,200,2700
10239.0,13.81,18086900,247098672.0,13.81,13.8,13.79,13.78,13.77,13.76,13.75,13.74,13.73,13.72,13.82,13.84,13.85,13.86,13.88,13.89,13.9,13.91,13.92,13.93,500,1200,53900,7600,10100,9200,29400,12600,18200,14900,20000,4100,5000,5400,300,1200,2000,300,200,2700
10240.0,13.81,18086900,247098672.0,13.81,13.8,13.79,13.78,13.77,13.76,13.75,13.74,13.73,13.72,13.82,13.84,13.85,13.86,13.88,13.89,13.9,13.91,13.92,13.93,500,1200,53900,7200,10100,9200,29400,12600,18200,14900,20000,4100,5000,5400,300,1200,2000,300,200,2700
10241.0,13.82,18087600,247108346.0,13.81,13.8,13.79,13.78,13.77,13.76,13.75,13.74,13.73,13.72,13.82,13.84,13.85,13.86,13.88,13.89,13.9,13.91,13.92,13.93,500,2200,53900,7200,10100,9200,29400,8800,18200,14900,19300,4100,5000,5400,300,1200,2000,300,200,2700
10242.0,13.82,18089000,247127694.0,13.81,13.8,13.79,13.78,13.77,13.76,13.75,13.74,13.73,13.72,13.82,13.84,13.85,13.86,13.88,13.89,13.9,13.91,13.92,13.93,500,6300,53900,9900,10100,9200,29400,8800,18200,14900,17900,4100,5000,5400,300,1200,2000,300,200,2700
10243.0,13.82,18089000,247127694.0,13.81,13.8,13.79,13.78,13.77,13.76,13.75,13.74,13.73,13.72,13.82,13.84,13.85,13.86,13.88,13.89,13.9,13.91,13.92,13.93,500,6600,53900,9900,10100,9200,29400,8800,18300,14900,17900,4100,5000,5400,300,1200,2000,300,200,2700
10244.0,13.82,18089000,247127694.0,13.81,13.8,13.79,13.78,13.77,13.76,13.75,13.74,13.73,13.72,13.82,13.84,13.85,13.86,13.88,13.89,13.9,13.91,13.92,13.93,500,47300,54400,9900,10100,9200,29400,8800,18300,14900,17900,4100,5000,5400,300,1200,2000,300,200,2700
10245.0,13.82,18089000,247127694.0,13.81,13.8,13.79,13.78,13.77,13.76,13.75,13.74,13.73,13.72,13.82,13.84,13.85,13.86,13.88,13.89,13.9,13.91,13.92,13.93,500,59900,54400,10600,10100,9200,29400,8800,18300,14900,17900,4100,5000,5400,300,1200,2000,300,200,2700
10246.0,13.82,18089000,247127694.0,13.81,13.8,13.79,13.78,13.77,13.76,13.75,13.74,13.73,13.72,13.82,13.84,13.85,13.86,13.88,13.89,13.9,13.91,13.92,13.93,500,59900,54400,10600,10100,9200,29400,8800,18300,14900,17900,4100,5000,5400,300,1200,2000,300,200,2700
10247.0,13.82,18089000,247127694.0,13.81,13.8,13.79,13.78,13.77,13.76,13.75,13.74,13.73,13.72,13.82,13.84,13.86,13.88,13.89,13.9,13.91,13.92,13.93,13.94,500,60100,48400,10600,10100,9200,29400,8800,18300,14900,17900,4100,5400,300,1200,2000,300,200,2700,100
10248.0,13.82,18106900,247375072.0,13.82,13.81,13.8,13.79,13.78,13.77,13.76,13.75,13.74,13.73,13.84,13.86,13.88,13.89,13.9,13.91,13.92,13.93,13.94,13.95,18200,500,56600,48400,10600,10100,9200,29400,8800,18300,4100,5400,300,1200,2000,300,200,2700,100,3300
10249.0,13.82,18107600,247384746.0,13.82,13.81,13.8,13.79,13.78,13.77,13.76,13.75,13.74,13.73,13.84,13.86,13.88,13.89,13.9,13.91,13.92,13.93,13.94,13.95,18100,500,58700,48400,10600,10100,9100,29400,8800,18300,4100,5400,300,1200,2000,300,200,2700,100,3300
10250.0,13.82,18108200,247393042.0,13.82,13.81,13.8,13.79,13.78,13.77,13.76,13.75,13.74,13.73,13.84,13.86,13.88,13.89,13.9,13.91,13.92,13.93,13.94,13.95,17700,500,54700,48400,10600,10100,9100,27100,10600,20300,3900,5400,300,1200,3400,300,200,2700,100,3300
10251.0,13.82,18108200,247393042.0,13.82,13.81,13.8,13.79,13.78,13.77,13.76,13.75,13.74,13.73,13.84,13.86,13.88,13.89,13.9,13.91,13.92,13.93,13.94,13.95,17700,500,54700,48400,10600,10100,9100,27100,10600,20300,3900,5400,300,1200,3400,300,200,2700,100,3300
10252.0,13.82,18108900,247402716.0,13.82,13.81,13.8,13.79,13.78,13.77,13.76,13.75,13.74,13.73,13.84,13.86,13.88,13.89,13.9,13.91,13.92,13.93,13.94,13.95,17000,500,54700,48400,10600,10100,9100,27100,10600,27800,3900,5400,300,1200,3400,300,200,2700,100,3300
10253.0,13.82,18111600,247440044.0,13.82,13.81,13.8,13.79,13.78,13.77,13.76,13.75,13.74,13.73,13.84,13.86,13.88,13.89,13.9,13.91,13.92,13.93,13.94,13.95,15000,500,54700,48400,10600,10100,9100,27100,10600,27800,3200,5400,300,1200,3400,300,200,2700,100,3300
10254.0,13.82,18111600,247440044.0,13.82,13.81,13.8,13.79,13.78,13.77,13.76,13.75,13.74,13.73,13.84,13.86,13.88,13.89,13.9,13.91,13.92,13.93,13.94,13.95,15000,500,54700,48400,10600,10100,9100,27400,10600,27800,3200,5400,300,1200,3400,300,200,2700,100,3300
10255.0,13.83,18113000,247459402.0,13.82,13.81,13.8,13.79,13.78,13.77,13.76,13.75,13.74,13.73,13.84,13.86,13.88,13.89,13.9,13.91,13.92,13.93,13.94,13.95,14300,600,54700,48400,10600,10100,9100,27400,10600,27800,2900,5400,300,1200,3400,300,200,2700,100,3300
10256.0,13.83,18113000,247459402.0,13.82,13.81,13.8,13.79,13.78,13.77,13.76,13.75,13.74,13.73,13.84,13.86,13.88,13.89,13.9,13.91,13.92,13.93,13.94,13.95,14300,600,54700,48400,10600,10100,9100,27400,10600,27800,2900,5400,300,1200,3400,300,200,2700,100,3300
10257.0,13.82,18113600,247467694.0,13.83,13.82,13.81,13.8,13.79,13.78,13.77,13.76,13.75,13.74,13.84,13.86,13.88,13.89,13.9,13.91,13.92,13.93,13.94,13.95,400,13700,600,54700,48400,10600,10100,9100,27400,10600,2900,5400,300,1200,3400,300,200,2700,100,3300
10258.0,13.84,18114200,247475994.0,13.82,13.81,13.8,13.79,13.78,13.77,13.76,13.75,13.74,13.73,13.84,13.86,13.88,13.89,13.9,13.91,13.92,13.93,13.94,13.95,13700,600,48700,41800,10600,10100,9100,27400,10600,27800,2700,5400,300,1200,3400,300,200,2700,100,3300
10259.0,13.84,18114200,247475994.0,13.83,13.82,13.81,13.8,13.79,13.78,13.77,13.76,13.75,13.74,13.84,13.86,13.88,13.89,13.9,13.91,13.92,13.93,13.94,13.95,600,13700,600,48800,41800,10600,10100,9100,27400,10600,2700,5400,300,1200,3400,300,200,2700,100,3300
10260.0,13.84,18114200,247475994.0,13.83,13.82,13.81,13.8,13.79,13.78,13.77,13.76,13.75,13.74,13.84,13.86,13.88,13.89,13.9,13.91,13.92,13.93,13.94,13.95,600,13700,600,48800,41800,10600,10100,9100,27400,10600,2700,5400,300,1200,3400,300,200,2700,100,3300
10261.0,13.84,18117200,247517511.0,13.85,13.84,13.83,13.82,13.81,13.8,13.79,13.78,13.77,13.76,13.86,13.88,13.89,13.9,13.91,13.92,13.93,13.94,13.95,13.96,1100,1300,300,13700,600,48800,40800,10600,10100,9100,5400,300,1200,3400,300,700,2700,100,3300,6700
10262.0,13.86,18118200,247531371.0,13.85,13.84,13.83,13.82,13.81,13.8,13.79,13.78,13.77,13.76,13.86,13.88,13.89,13.9,13.91,13.92,13.93,13.94,13.95,13.96,1100,3000,300,13700,600,48800,40800,10600,10100,9100,4400,300,1200,3400,300,700,2700,100,3300,6700
10263.0,13.85,18118600,247536911.0,13.85,13.84,13.83,13.82,13.81,13.8,13.79,13.78,13.77,13.76,13.86,13.88,13.89,13.9,13.91,13.92,13.93,13.94,13.95,13.96,700,3000,300,13700,600,48800,40900,10600,10100,9100,4400,300,1200,3400,300,700,2700,100,3300,6700
10264.0,13.85,18119900,247554924.0,13.85,13.84,13.83,13.82,13.81,13.8,13.79,13.78,13.77,13.76,13.86,13.88,13.89,13.9,13.91,13.92,13.93,13.94,13.95,13.96,200,3000,300,13800,600,48800,40900,10600,10100,9100,3600,300,1200,3400,300,700,2700,100,3300,6700
10265.0,13.85,18119900,247554924.0,13.85,13.84,13.83,13.82,13.81,13.8,13.79,13.78,13.77,13.76,13.86,13.88,13.89,13.9,13.91,13.92,13.93,13.94,13.95,13.96,200,2400,300,13800,600,48800,40900,10600,10100,9400,3600,300,1200,3400,300,700,2700,100,3300,6700
10266.0,13.85,18119900,247554924.0,13.85,13.84,13.83,13.82,13.81,13.8,13.79,13.78,13.77,13.76,13.86,13.88,13.89,13.9,13.91,13.92,13.93,13.94,13.95,13.96,6200,2400,300,13800,600,48800,40900,10600,10100,9400,3600,300,1200,3400,300,700,2700,100,3300,6700
10267.0,13.85,18120500,247563234.0,13.85,13.84,13.83,13.82,13.81,13.8,13.79,13.78,13.77,13.76,13.86,13.88,13.89,13.9,13.91,13.92,13.93,13.94,13.95,13.96,5600,2400,300,13800,600,48800,40900,10600,10100,9400,3600,300,1200,3400,300,700,2700,100,3300,6700
10268.0,13.86,18121500,247577094.0,13.85,13.84,13.83,13.82,13.81,13.8,13.79,13.78,13.77,13.76,13.86,13.88,13.89,13.9,13.91,13.92,13.93,13.94,13.95,13.96,5600,2400,300,13800,600,48800,40900,10600,10100,9400,2600,300,1200,3400,300,700,2700,100,3300,6700
10269.0,13.86,18121700,247579866.0,13.85,13.84,13.83,13.82,13.81,13.8,13.79,13.78,13.77,13.76,13.86,13.88,13.89,13.9,13.91,13.92,13.93,13.94,13.95,13.96,5600,2400,300,13800,600,51200,40900,10600,10100,9400,2400,300,1200,3400,300,700,2700,100,3300,6700
10270.0,13.85,18122200,247586791.0,13.85,13.84,13.83,13.82,13.81,13.8,13.79,13.78,13.77,13.76,13.86,13.88,13.89,13.9,13.91,13.92,13.93,13.94,13.95,13.96,5100,2400,300,13800,600,51200,40900,10600,10100,9600,2400,300,1200,3400,300,700,2700,100,3300,6700
10271.0,13.86,18122300,247588177.0,13.85,13.84,13.82,13.81,13.8,13.79,13.78,13.77,13.76,13.75,13.86,13.88,13.89,13.9,13.91,13.92,13.93,13.94,13.95,13.96,5100,2400,13800,600,51200,40900,10600,10100,9600,27400,2300,300,1200,3400,300,700,2700,100,3300,6700
10272.0,13.85,18122800,247595102.0,13.85,13.84,13.82,13.81,13.8,13.79,13.78,13.77,13.76,13.75,13.86,13.88,13.89,13.9,13.91,13.92,13.93,13.94,13.95,13.96,4600,2400,13800,600,51200,40900,10600,10100,9600,27400,2300,300,1200,3400,300,700,2700,100,3300,6700
10273.0,13.86,18123600,247606190.0,13.85,13.84,13.82,13.81,13.8,13.79,13.78,13.77,13.76,13.75,13.86,13.88,13.89,13.9,13.91,13.92,13.93,13.94,13.95,13.96,4600,1800,13800,600,51200,40900,10600,10100,9600,27400,1500,300,1200,3400,300,700,2700,100,3300,6700
10274.0,13.86,18125100,247626980.0,13.86,13.85,13.84,13.82,13.81,13.8,13.79,13.78,13.77,13.76,13.88,13.89,13.9,13.91,13.92,13.93,13.94,13.95,13.96,13.97,500,4600,500,13800,600,51200,40900,10600,10100,9600,300,1200,3400,300,700,2700,100,3300,6700,400
10275.0,13.86,18125100,247626980.0,13.86,13.85,13.84,13.82,13.81,13.8,13.79,13.78,13.77,13.76,13.88,13.89,13.9,13.91,13.92,13.93,13.94,13.95,13.96,13.97,1100,4600,500,13800,600,51200,40900,10600,10100,9600,300,1200,3400,300,700,2700,100,3300,6700,400
10276.0,13.85,18126600,247647766.0,13.85,13.84,13.82,13.81,13.8,13.79,13.78,13.77,13.76,13.75,13.88,13.89,13.9,13.91,13.92,13.93,13.94,13.95,13.96,13.97,4200,500,13800,600,51200,40900,10600,10100,9600,27400,300,1200,3400,300,700,2700,100,3300,6700,400
10277.0,13.85,18126600,247647766.0,13.85,13.84,13.82,13.81,13.8,13.79,13.78,13.77,13.76,13.75,13.88,13.89,13.9,13.91,13.92,13.93,13.94,13.95,13.96,13.97,4200,500,13800,600,51200,40900,10600,10100,9600,27400,300,1200,3400,300,700,2700,100,3300,6700,400
10278.0,13.85,18127000,247653306.0,13.87,13.86,13.85,13.84,13.82,13.81,13.8,13.79,13.78,13.77,13.88,13.89,13.9,13.91,13.92,13.93,13.94,13.95,13.96,13.97,1400,1000,4100,500,13800,600,51200,40900,10600,10100,600,1200,3400,300,700,2700,100,3300,6700,400
10279.0,13.85,18127000,247653306.0,13.87,13.86,13.85,13.84,13.82,13.81,13.8,13.79,13.78,13.77,13.88,13.89,13.9,13.91,13.92,13.93,13.94,13.95,13.96,13.97,1400,1000,4100,500,13800,600,48800,40900,10600,10100,600,1200,3400,300,700,2700,100,3300,6700,400
10280.0,13.87,18127600,247661628.0,13.87,13.86,13.85,13.84,13.82,13.81,13.8,13.79,13.78,13.77,13.88,13.89,13.9,13.91,13.92,13.93,13.94,13.95,13.96,13.97,800,1000,4100,500,13800,600,48600,40300,10600,10100,600,1200,3400,300,700,2700,100,3300,6700,400
10281.0,13.87,18128600,247675498.0,13.86,13.85,13.84,13.82,13.81,13.8,13.79,13.78,13.77,13.76,13.87,13.88,13.89,13.9,13.91,13.92,13.93,13.94,13.95,13.96,1000,4100,500,13800,600,48600,40300,10600,10100,9600,900,1600,1200,3400,300,700,2700,100,3300,6700
10282.0,13.86,18130600,247703218.0,13.85,13.84,13.82,13.81,13.8,13.79,13.78,13.77,13.76,13.75,13.86,13.87,13.88,13.89,13.9,13.91,13.92,13.93,13.94,13.95,4100,500,13800,600,48600,40300,10600,10100,9600,27400,600,400,1600,1200,3400,300,700,2700,100,3300
10283.0,13.85,18132500,247729533.0,13.85,13.84,13.82,13.81,13.8,13.79,13.78,13.77,13.76,13.75,13.86,13.87,13.88,13.89,13.9,13.91,13.92,13.93,13.94,13.95,2200,500,13800,600,48600,40300,10600,10100,9600,27400,600,400,1600,1200,3400,300,700,2700,100,3300
10284.0,13.85,18132700,247732303.0,13.85,13.84,13.82,13.81,13.8,13.79,13.78,13.77,13.76,13.75,13.86,13.87,13.88,13.89,13.9,13.91,13.92,13.93,13.94,13.95,2000,500,13800,600,48600,40300,10600,10100,9600,27400,600,400,1600,1200,3400,300,700,2700,100,3300
10285.0,13.85,18132700,247732303.0,13.85,13.84,13.82,13.81,13.8,13.79,13.78,13.77,13.76,13.75,13.86,13.87,13.88,13.89,13.9,13.91,13.92,13.93,13.94,13.95,2000,500,13800,600,48100,40300,10600,10100,9600,27400,600,400,1600,1200,8400,300,700,2700,100,3300
10286.0,13.85,18132700,247732303.0,13.85,13.84,13.82,13.81,13.8,13.79,13.78,13.77,13.76,13.75,13.86,13.87,13.88,13.89,13.9,13.91,13.92,13.93,13.94,13.95,2000,500,13800,600,48100,40300,10600,10100,9600,27400,900,400,1600,1200,6400,300,700,2700,100,3300
10287.0,13.85,18132900,247735073.0,13.85,13.84,13.82,13.81,13.8,13.79,13.78,13.77,13.76,13.75,13.86,13.87,13.88,13.89,13.9,13.91,13.92,13.93,13.94,13.95,1800,500,13800,600,46100,40300,10600,10100,9600,27400,900,400,1900,1200,6400,300,700,2700,100,3300
10288.0,13.85,18133800,247747541.0,13.85,13.84,13.82,13.81,13.8,13.79,13.78,13.77,13.76,13.75,13.86,13.87,13.88,13.89,13.9,13.91,13.92,13.93,13.94,13.95,1800,500,13800,600,46100,39800,10600,10100,9600,27400,600,400,1900,3200,6400,300,700,2700,100,3300
10289.0,13.86,18134000,247750313.0,13.85,13.84,13.82,13.81,13.8,13.79,13.78,13.77,13.76,13.75,13.86,13.87,13.88,13.89,13.9,13.91,13.92,13.93,13.94,13.95,1800,500,13800,600,46100,39800,10600,10100,9600,27400,400,400,1900,3200,6400,300,700,2700,100,3300
10290.0,13.85,18134100,247751698.0,13.85,13.84,13.82,13.81,13.8,13.79,13.78,13.77,13.76,13.75,13.86,13.87,13.88,13.89,13.9,13.91,13.92,13.93,13.94,13.95,1700,500,13800,600,46100,39800,10600,10100,9600,27400,400,400,1900,3200,6400,300,700,2700,100,3300
10291.0,13.85,18135800,247775243.0,13.84,13.82,13.81,13.8,13.79,13.78,13.77,13.76,13.75,13.74,13.85,13.86,13.87,13.88,13.89,13.9,13.91,13.92,13.93,13.94,500,13800,600,46100,39800,10600,10100,9600,27400,10600,300,400,400,1900,3200,6400,300,700,2700,100
10292.0,13.85,18135900,247776628.0,13.84,13.82,13.81,13.8,13.79,13.78,13.77,13.76,13.75,13.74,13.85,13.86,13.87,13.88,13.89,13.9,13.91,13.92,13.93,13.94,4200,13800,600,46100,39800,10600,10100,9600,27400,10600,200,400,400,1900,3200,6400,300,1200,2700,100
10293.0,13.84,18136300,247782164.0,13.84,13.82,13.81,13.8,13.79,13.78,13.77,13.76,13.75,13.74,13.85,13.86,13.87,13.88,13.89,13.9,13.91,13.92,13.93,13.94,3800,13800,600,46100,39800,10600,10100,9600,27400,10600,2200,400,400,1900,3200,6400,300,1200,2700,100
10294.0,13.85,18137000,247791859.0,13.84,13.82,13.81,13.8,13.79,13.78,13.77,13.76,13.75,13.74,13.85,13.86,13.87,13.88,13.89,13.9,13.91,13.92,13.93,13.94,3800,13800,600,46100,39800,10600,10100,9600,27400,10600,1500,400,400,1900,3200,6400,300,1200,2700,100
10295.0,13.85,18137000,247791859.0,13.84,13.82,13.81,13.8,13.79,13.78,13.77,13.76,13.75,13.74,13.85,13.86,13.87,13.88,13.89,13.9,13.91,13.92,13.93,13.94,3800,13800,600,46100,39800,10600,10100,9600,27400,10600,1500,400,400,1900,3200,6400,300,1200,2700,100
10296.0,13.85,18138800,247816786.0,13.85,13.84,13.83,13.82,13.81,13.8,13.79,13.78,13.77,13.76,13.86,13.87,13.88,13.89,13.9,13.91,13.92,13.93,13.94,13.95,1500,3500,6400,13800,600,46100,39800,10600,10100,9600,400,400,1900,3200,6400,300,1200,2700,100,3300
10297.0,13.86,18139300,247823716.0,13.86,13.85,13.84,13.83,13.82,13.81,13.8,13.79,13.78,13.77,13.87,13.88,13.89,13.9,13.91,13.92,13.93,13.94,13.95,13.96,200,1500,4500,6400,13800,600,46100,39800,10600,10100,400,1900,3200,6400,300,1200,2700,100,3300,6700
10298.0,13.85,18139600,247827873.0,13.86,13.85,13.84,13.83,13.82,13.81,13.8,13.79,13.78,13.77,13.87,13.88,13.89,13.9,13.91,13.92,13.93,13.94,13.95,13.96,1000,1400,4500,6400,13800,600,46100,39800,10600,10100,400,1900,3200,6400,300,1200,2700,100,3300,6700
10299.0,13.86,18139700,247829259.0,13.86,13.85,13.84,13.83,13.82,13.81,13.8,13.79,13.78,13.77,13.87,13.88,13.89,13.9,13.91,13.92,13.93,13.94,13.95,13.96,1000,1400,4500,6400,13800,600,46100,39800,10600,10100,400,1900,3200,6400,300,1200,2700,100,3300,6700
10300.0,13.86,18139700,247829259.0,13.86,13.85,13.84,13.83,13.82,13.81,13.8,13.79,13.78,13.77,13.87,13.88,13.89,13.9,13.91,13.92,13.93,13.94,13.95,13.96,1000,1400,4500,6400,13800,600,46100,39800,10600,10100,400,1900,3200,6400,300,1200,2700,100,3300,6700
10301.0,13.86,18139700,247829259.0,13.86,13.85,13.84,13.83,13.82,13.81,13.8,13.79,13.78,13.77,13.87,13.88,13.89,13.9,13.91,13.92,13.93,13.94,13.95,13.96,1000,1400,4500,6400,13800,600,46100,39800,10600,10100,400,1900,3200,6400,300,1200,2700,100,3300,6700
10302.0,13.88,18142500,247868117.0,13.88,13.86,13.85,13.84,13.83,13.82,13.81,13.8,13.79,13.78,13.89,13.9,13.91,13.92,13.93,13.94,13.95,13.96,13.97,13.98,1400,3300,1400,5000,6400,13800,600,46100,39800,10600,3200,6400,300,1200,2700,100,3300,6700,600,6800
10303.0,13.88,18143000,247875057.0,13.88,13.86,13.85,13.84,13.83,13.82,13.81,13.8,13.79,13.78,13.89,13.9,13.91,13.92,13.93,13.94,13.95,13.96,13.97,13.98,900,3300,1400,5200,6400,13800,600,46100,39700,10600,3200,6400,300,1200,2700,100,3300,6700,600,6800
10304.0,13.88,18143000,247875057.0,13.88,13.86,13.85,13.84,13.83,13.82,13.81,13.8,13.79,13.78,13.89,13.9,13.91,13.92,13.93,13.94,13.95,13.96,13.97,13.98,1400,3300,1400,5200,6400,13800,600,46100,39700,10600,3200,6400,300,1200,2700,100,3300,6700,600,6800
10305.0,13.89,18146300,247920893.0,13.89,13.88,13.86,13.85,13.84,13.83,13.82,13.81,13.8,13.79,13.9,13.91,13.92,13.93,13.94,13.95,13.96,13.97,13.98,13.99,900,1300,3300,1400,5200,6400,13800,600,46100,39700,6400,300,1200,2700,100,3300,6700,600,6800,55400
10306.0,13.89,18146300,247920893.0,13.89,13.88,13.86,13.85,13.84,13.83,13.82,13.81,13.8,13.79,13.9,13.91,13.92,13.93,13.94,13.95,13.96,13.97,13.98,13.99,900,1300,3300,1400,5200,6400,13800,600,46100,39700,6400,300,1200,2700,100,3300,6700,600,6800,55400
10307.0,13.89,18146300,247920893.0,13.89,13.88,13.86,13.85,13.84,13.83,13.82,13.81,13.8,13.79,13.9,13.91,13.92,13.93,13.94,13.95,13.96,13.97,13.98,13.99,900,1300,3300,1900,5200,6400,13800,600,46100,39700,6400,300,1200,2700,100,3300,6700,600,6800,55400
10308.0,13.89,18146300,247920893.0,13.89,13.88,13.86,13.85,13.84,13.83,13.82,13.81,13.8,13.79,13.9,13.91,13.92,13.93,13.94,13.95,13.96,13.97,13.98,13.99,900,1300,3300,1900,5200,6400,13800,600,46100,39700,6400,300,1200,2700,100,3300,6700,600,6800,55400
10309.0,13.89,18146400,247922282.0,13.89,13.88,13.86,13.85,13.84,13.83,13.82,13.81,13.8,13.79,13.9,13.91,13.92,13.93,13.94,13.95,13.96,13.97,13.98,13.99,800,1300,3300,1900,5200,6400,13800,600,46100,39700,6400,300,1200,2700,100,3300,6700,600,6800,55400
10310.0,13.89,18146400,247922282.0,13.89,13.88,13.86,13.85,13.84,13.83,13.82,13.81,13.8,13.79,13.9,13.91,13.92,13.93,13.94,13.95,13.96,13.97,13.98,13.99,800,1300,3300,1900,5200,6400,13800,600,47100,39700,6400,300,1200,2700,100,3300,6700,600,6800,55400
10311.0,13.89,18146400,247922282.0,13.89,13.88,13.86,13.85,13.84,13.83,13.82,13.81,13.8,13.79,13.9,13.91,13.92,13.93,13.94,13.95,13.96,13.97,13.98,13.99,800,1500,3300,1900,5200,6400,13800,600,47100,39700,6400,300,1200,2700,100,3300,6700,600,6800,55400
10312.0,13.9,18152100,248001512.0,13.89,13.88,13.86,13.85,13.84,13.83,13.82,13.81,13.8,13.79,13.9,13.91,13.92,13.93,13.94,13.95,13.96,13.97,13.98,13.99,800,1500,3300,1900,5200,6400,13800,3600,47000,39700,700,300,1200,2700,100,3300,6700,600,6800,55400
10313.0,13.9,18152100,248001512.0,13.89,13.88,13.86,13.85,13.84,13.83,13.82,13.81,13.8,13.79,13.9,13.91,13.92,13.93,13.94,13.95,13.96,13.97,13.98,13.99,800,1500,3300,1900,5200,6400,13800,3600,47000,39700,700,300,1200,2700,100,3300,6700,600,6800,55400
10314.0,13.9,18152100,248001512.0,13.89,13.88,13.86,13.85,13.84,13.83,13.82,13.81,13.8,13.79,13.9,13.91,13.92,13.93,13.94,13.95,13.96,13.97,13.98,13.99,800,1600,3300,1900,5200,6400,13800,3600,47000,39700,700,300,1200,2700,100,3300,6700,600,6800,55400
10315.0,13.9,18152100,248001512.0,13.89,13.88,13.86,13.85,13.84,13.83,13.82,13.81,13.8,13.79,13.9,13.91,13.92,13.93,13.94,13.95,13.96,13.97,13.98,13.99,800,1600,2800,1900,5200,6400,13800,3600,47000,39700,700,300,1200,2700,100,3300,6700,600,6800,55400
10316.0,13.9,18152300,248004292.0,13.89,13.88,13.86,13.85,13.84,13.83,13.82,13.81,13.8,13.79,13.9,13.91,13.92,13.93,13.94,13.95,13.96,13.97,13.98,13.99,800,1600,2800,1900,5200,6400,13800,3600,47000,39700,500,300,1200,2700,100,3300,6700,600,6800,55400
10317.0,13.9,18152800,248011242.0,13.9,13.89,13.88,13.86,13.85,13.84,13.83,13.82,13.81,13.8,13.91,13.92,13.93,13.94,13.95,13.96,13.97,13.98,13.99,14.0,300,1000,1600,2800,1900,4700,6400,13800,3600,47000,300,1200,2700,100,3300,6700,600,6800,55400,73700
10318.0,13.9,18152800,248011242.0,13.9,13.89,13.88,13.86,13.85,13.84,13.83,13.82,13.81,13.8,13.91,13.92,13.93,13.94,13.95,13.96,13.97,13.98,13.99,14.0,300,1000,1600,2800,1900,4700,6400,13800,3600,47000,300,1200,2700,100,3300,6700,600,6800,55400,73700
10319.0,13.9,18152800,248011242.0,13.9,13.89,13.88,13.86,13.85,13.84,13.83,13.82,13.81,13.8,13.91,13.92,13.93,13.94,13.95,13.96,13.97,13.98,13.99,14.0,2100,1000,1600,2800,1900,4700,6400,13800,3600,47000,400,1200,2700,100,3300,6700,600,6800,55400,73700
10320.0,13.9,18153200,248016802.0,13.9,13.89,13.88,13.86,13.85,13.84,13.83,13.82,13.81,13.8,13.91,13.92,13.93,13.94,13.95,13.96,13.97,13.98,13.99,14.0,1700,1000,1600,2800,1900,4700,6400,13800,3600,47000,400,1200,2700,100,1800,6700,600,6800,55400,73700
10321.0,13.92,18154300,248032108.0,13.9,13.89,13.88,13.86,13.85,13.84,13.83,13.82,13.81,13.8,13.92,13.93,13.94,13.95,13.96,13.97,13.98,13.99,14.0,14.02,1600,1000,1600,2800,1900,4700,6400,13800,3600,47000,600,2700,100,1800,6700,600,6800,55400,73700,12300
10322.0,13.92,18154300,248032108.0,13.9,13.89,13.88,13.86,13.85,13.84,13.83,13.82,13.81,13.8,13.92,13.93,13.94,13.95,13.96,13.97,13.98,13.99,14.0,14.02,2100,1000,2100,2800,1900,4700,6400,13800,3600,47000,1100,2700,100,1800,6700,600,6800,56600,73700,12300
10323.0,13.9,18154500,248034888.0,13.9,13.89,13.88,13.86,13.85,13.84,13.82,13.81,13.8,13.79,13.92,13.93,13.94,13.95,13.96,13.97,13.98,13.99,14.0,14.02,2400,1000,2100,2800,1900,4700,13800,3600,47000,39700,1100,2700,100,1800,6700,600,6800,56600,73700,12300
10324.0,13.9,18155400,248047404.0,13.9,13.89,13.88,13.86,13.85,13.84,13.82,13.81,13.8,13.79,13.92,13.93,13.94,13.95,13.96,13.97,13.98,13.99,14.0,14.02,1800,1000,2100,2800,1900,1200,13800,3600,47000,39700,800,2700,100,1800,6700,600,6800,56600,73700,12300
10325.0,13.9,18155400,248047404.0,13.9,13.89,13.88,13.86,13.85,13.84,13.82,13.81,13.8,13.79,13.92,13.93,13.94,13.95,13.96,13.97,13.98,13.99,14.0,14.02,2300,1000,2100,900,1900,1200,700,3600,47000,39700,1300,2700,100,1800,6700,600,6800,56600,73700,12300
10326.0,13.9,18155700,248051576.0,13.9,13.89,13.88,13.86,13.85,13.84,13.82,13.81,13.8,13.79,13.92,13.93,13.94,13.95,13.96,13.97,13.98,13.99,14.0,14.02,2100,1000,2100,900,1900,1200,700,3600,47000,39700,1200,2700,100,1800,6700,600,6800,56600,73700,12300
10327.0,13.93,18158100,248084991.0,13.9,13.89,13.88,13.86,13.85,13.84,13.82,13.81,13.8,13.79,13.93,13.94,13.95,13.96,13.97,13.98,13.99,14.0,14.02,14.03,2600,1000,2100,900,1900,1200,700,3600,47000,39700,2000,100,1800,6700,600,6800,56600,73700,12300,10800
10328.0,13.93,18158100,248084991.0,13.9,13.89,13.88,13.86,13.85,13.84,13.82,13.81,13.8,13.79,13.93,13.94,13.95,13.96,13.97,13.98,13.99,14.0,14.02,14.03,2600,1000,2100,900,1900,1200,700,3600,47000,39700,2600,100,1800,6700,600,6800,56600,73900,12300,10800
10329.0,13.91,18158500,248090553.0,13.92,13.9,13.89,13.88,13.86,13.85,13.84,13.82,13.81,13.8,13.93,13.94,13.95,13.96,13.97,13.98,13.99,14.0,14.02,14.03,12100,3000,1000,2100,900,1900,1200,700,3600,47000,3200,100,1800,6700,600,6800,56600,73900,12300,10800
10330.0,13.91,18158500,248090553.0,13.92,13.9,13.89,13.88,13.86,13.85,13.84,13.82,13.81,13.8,13.93,13.94,13.95,13.96,13.97,13.98,13.99,14.0,14.02,14.03,12100,3000,800,2100,900,1900,1200,700,3600,47000,3200,100,1800,6700,600,6800,56600,73900,12300,10800
10331.0,13.93,18161000,248125357.0,13.92,13.9,13.89,13.88,13.86,13.85,13.84,13.82,13.81,13.8,13.93,13.94,13.95,13.96,13.97,13.98,13.99,14.0,14.02,14.03,10000,3000,800,2100,900,1900,1200,700,3600,47000,2800,100,1800,6700,600,6800,56600,73900,12300,10800
10332.0,13.93,18161000,248125357.0,13.92,13.9,13.89,13.88,13.86,13.85,13.84,13.82,13.81,13.8,13.93,13.94,13.95,13.96,13.97,13.98,13.99,14.0,14.02,14.03,10200,3500,800,2100,100,1900,1200,700,3600,47000,3500,100,1800,6700,600,6800,56600,73900,12300,10800
10333.0,13.93,18161400,248130929.0,13.92,13.9,13.89,13.88,13.86,13.85,13.84,13.82,13.81,13.8,13.93,13.94,13.95,13.96,13.97,13.98,13.99,14.0,14.02,14.03,10200,3500,800,2100,100,1900,1200,700,3600,47000,3100,100,1800,6700,600,6800,56600,73900,12300,10800
10334.0,13.93,18162300,248143459.0,13.92,13.9,13.89,13.88,13.86,13.85,13.84,13.82,13.81,13.8,13.93,13.94,13.95,13.96,13.97,13.98,13.99,14.0,14.02,14.03,9500,3500,800,2100,100,1900,1200,700,3600,47000,2900,100,1800,6700,600,6800,56600,73900,12300,10800
10335.0,13.93,18162300,248143459.0,13.92,13.9,13.89,13.88,13.86,13.85,13.84,13.82,13.81,13.8,13.93,13.94,13.95,13.96,13.97,13.98,13.99,14.0,14.02,14.03,9500,3500,800,2100,100,1900,1200,700,3600,47000,2900,100,1800,6700,600,6800,56600,73800,12300,10800
10336.0,13.93,18163300,248157389.0,13.92,13.9,13.89,13.88,13.86,13.85,13.84,13.82,13.81,13.8,13.93,13.94,13.95,13.96,13.97,13.98,13.99,14.0,14.02,14.03,9500,3500,800,2100,100,1900,1200,700,3600,47000,1900,100,1800,6700,600,6800,56600,73800,12300,10800
10337.0,13.92,18164000,248167133.0,13.92,13.9,13.89,13.88,13.86,13.85,13.84,13.82,13.81,13.8,13.93,13.94,13.95,13.96,13.97,13.98,13.99,14.0,14.02,14.03,8800,3500,800,2100,100,1900,1200,700,3600,47200,1900,100,1800,6700,600,6800,56600,73800,12300,10800
10338.0,13.92,18164700,248176877.0,13.92,13.9,13.89,13.88,13.86,13.85,13.84,13.82,13.81,13.8,13.93,13.94,13.95,13.96,13.97,13.98,13.99,14.0,14.02,14.03,8100,3500,800,2100,100,1900,1200,700,3600,47200,1900,100,1800,6700,600,7900,56600,73800,12300,10800
10339.0,13.92,18165400,248186621.0,13.92,13.9,13.89,13.88,13.86,13.85,13.84,13.82,13.81,13.8,13.93,13.94,13.95,13.96,13.97,13.98,13.99,14.0,14.02,14.03,7400,3500,800,2100,100,1900,1200,700,3600,47200,1900,100,1800,6700,600,7900,56600,73800,12300,10800
10340.0,13.92,18165800,248192190.0,13.92,13.9,13.89,13.88,13.86,13.85,13.84,13.82,13.81,13.8,13.93,13.94,13.95,13.96,13.97,13.98,13.99,14.0,14.02,14.03,7100,3500,800,2100,100,1900,1200,700,3600,47200,1800,100,1800,6700,600,7900,56600,73800,12300,10800
10341.0,13.93,18167700,248218657.0,13.92,13.9,13.89,13.88,13.86,13.85,13.84,13.82,13.81,13.8,13.93,13.94,13.95,13.96,13.97,13.98,13.99,14.0,14.02,14.03,7100,3500,800,2100,100,1400,1200,700,3600,47200,700,100,1800,6700,600,7900,56600,73800,12300,10800
10342.0,13.93,18170500,248257640.0,13.93,13.92,13.9,13.89,13.88,13.86,13.85,13.84,13.82,13.81,13.94,13.95,13.96,13.97,13.98,13.99,14.0,14.02,14.03,14.04,100,5000,3500,800,2100,100,1400,1200,700,3600,100,2000,6700,600,7900,56600,73800,12300,10800,12000
10343.0,13.93,18170500,248257640.0,13.93,13.92,13.9,13.89,13.88,13.86,13.85,13.84,13.82,13.81,13.94,13.95,13.96,13.97,13.98,13.99,14.0,14.02,14.03,14.04,500,5000,3200,800,2100,100,1400,1200,700,3600,100,2000,6700,600,7900,56600,73800,12300,10800,12000
10344.0,13.93,18170500,248257640.0,13.93,13.92,13.9,13.89,13.88,13.86,13.85,13.84,13.82,13.81,13.94,13.95,13.96,13.97,13.98,13.99,14.0,14.02,14.03,14.04,500,5000,3200,800,2100,100,1400,1200,700,3600,100,2000,6700,600,7900,56600,73800,12300,10800,12000
10345.0,13.93,18170500,248257640.0,13.93,13.92,13.9,13.89,13.88,13.86,13.85,13.84,13.82,13.81,13.94,13.95,13.96,13.97,13.98,13.99,14.0,14.02,14.03,14.04,600,5000,3200,800,2100,100,1400,1200,700,3600,100,2000,6700,600,7900,56600,73800,12300,10800,12000
10346.0,13.93,18171300,248268784.0,13.92,13.9,13.89,13.88,13.86,13.85,13.84,13.82,13.81,13.8,13.93,13.94,13.95,13.96,13.97,13.98,13.99,14.0,14.02,14.03,5000,3200,800,2100,100,1400,1200,700,3600,47200,2500,100,2000,6700,600,7900,56600,73800,12300,10800
10347.0,13.93,18175000,248320300.0,13.92,13.9,13.89,13.88,13.86,13.85,13.84,13.82,13.81,13.8,13.93,13.94,13.95,13.96,13.97,13.98,13.99,14.0,14.02,14.03,2500,3200,800,2100,100,1400,1200,700,3600,47200,1300,1100,2000,6700,600,7900,56600,73800,12300,10800
10348.0,13.93,18175000,248320300.0,13.92,13.9,13.89,13.88,13.86,13.85,13.84,13.82,13.81,13.8,13.93,13.94,13.95,13.96,13.97,13.98,13.99,14.0,14.02,14.03,2500,3200,800,2100,100,1400,1200,700,3600,47200,1300,1100,2000,7700,600,7900,56600,73800,12300,10800
10349.0,13.94,18177400,248353743.0,13.94,13.93,13.92,13.9,13.89,13.88,13.86,13.85,13.84,13.82,13.95,13.96,13.97,13.98,13.99,14.0,14.02,14.03,14.04,14.05,300,3000,2500,3200,800,2100,100,1400,1200,700,2000,7700,600,7900,56600,73800,12300,10800,12000,64100
10350.0,13.93,18180700,248399715.0,13.92,13.9,13.89,13.88,13.86,13.85,13.84,13.82,13.81,13.8,13.93,13.95,13.96,13.97,13.98,13.99,14.0,14.02,14.03,14.04,2500,3200,800,2100,100,1400,1200,700,3600,47200,1700,2000,7700,600,7900,56600,73800,12300,10800,12000
10351.0,13.93,18180700,248399715.0,13.92,13.9,13.89,13.88,13.86,13.85,13.84,13.82,13.81,13.8,13.93,13.95,13.96,13.97,13.98,13.99,14.0,14.02,14.03,14.04,2700,3200,800,2100,100,1400,1200,700,3600,47200,1700,2000,7700,600,7900,56600,73800,12300,10800,12000
10352.0,13.92,18181800,248415027.0,13.92,13.9,13.89,13.88,13.86,13.85,13.84,13.82,13.81,13.8,13.93,13.95,13.96,13.97,13.98,13.99,14.0,14.02,14.03,14.04,1600,3200,800,2100,100,1400,1200,700,3600,47200,2200,2000,7700,600,7900,56600,73800,12300,10800,12000
10353.0,13.93,18184300,248449849.0,13.93,13.92,13.9,13.89,13.88,13.86,13.85,13.84,13.82,13.81,13.95,13.96,13.97,13.98,13.99,14.0,14.02,14.03,14.04,14.05,7800,1300,3200,800,2100,100,1400,1200,700,3600,2000,7700,600,7900,56600,73800,12300,10800,12000,64100
10354.0,13.93,18185900,248472145.0,13.93,13.92,13.9,13.89,13.88,13.86,13.85,13.84,13.82,13.81,13.95,13.96,13.97,13.98,13.99,14.0,14.02,14.03,14.04,14.05,7100,1300,3200,800,2100,100,1400,1200,700,3600,1800,7700,600,7900,56600,73800,12300,10800,12000,64100
10355.0,13.93,18186600,248481896.0,13.93,13.92,13.9,13.89,13.88,13.86,13.85,13.84,13.82,13.81,13.95,13.96,13.97,13.98,13.99,14.0,14.02,14.03,14.04,14.05,6800,1300,3200,800,2100,100,1400,1200,700,3600,1800,7700,600,7900,56600,73800,12300,10800,12000,64100
10356.0,13.93,18186600,248481896.0,13.93,13.92,13.9,13.89,13.88,13.86,13.85,13.84,13.82,13.81,13.95,13.96,13.97,13.98,13.99,14.0,14.02,14.03,14.04,14.05,7000,2800,3200,800,2100,100,1400,1200,700,3600,2000,7700,600,7900,56600,73800,12300,10800,12000,64100
10357.0,13.93,18186600,248481896.0,13.93,13.92,13.9,13.89,13.88,13.86,13.85,13.84,13.82,13.81,13.95,13.96,13.97,13.98,13.99,14.0,14.02,14.03,14.04,14.05,7000,2800,3200,800,2100,100,1400,1200,700,3600,2000,7700,600,7900,56600,73800,12300,10800,12000,64100
10358.0,13.93,18187300,248491647.0,13.93,13.92,13.9,13.89,13.88,13.86,13.85,13.84,13.82,13.81,13.95,13.96,13.97,13.98,13.99,14.0,14.02,14.03,14.04,14.05,6300,2800,3200,800,2100,100,1400,1200,700,3600,2000,7700,600,7900,56600,73800,12300,10800,12000,64100
10359.0,13.93,18187300,248491647.0,13.93,13.92,13.9,13.89,13.88,13.86,13.85,13.84,13.82,13.81,13.95,13.96,13.97,13.98,13.99,14.0,14.02,14.03,14.04,14.05,6500,2800,3200,800,2100,100,1400,1200,700,3600,2200,7700,600,7900,56600,73800,12300,10800,12000,64100
10360.0,13.95,18189200,248518128.0,13.93,13.92,13.9,13.89,13.88,13.86,13.85,13.84,13.82,13.81,13.95,13.96,13.97,13.98,13.99,14.0,14.02,14.03,14.04,14.05,5700,2800,3200,800,2100,100,1400,1200,700,3600,1500,7700,600,7900,56600,73800,12300,10800,12000,64100
10361.0,13.93,18190300,248533453.0,13.93,13.92,13.9,13.89,13.88,13.86,13.85,13.84,13.82,13.81,13.95,13.96,13.97,13.98,13.99,14.0,14.02,14.03,14.04,14.05,4900,1900,3500,800,2100,100,1400,1200,700,3600,1600,7700,600,7900,56600,73800,12300,10800,12000,64100
10362.0,13.93,18190300,248533453.0,13.94,13.93,13.92,13.9,13.89,13.88,13.86,13.85,13.84,13.82,13.95,13.96,13.97,13.98,13.99,14.0,14.02,14.03,14.04,14.05,100,4900,1900,3500,800,2100,100,1400,1200,700,1600,7700,600,7900,56600,73800,12300,10800,12000,64100
10363.0,13.93,18190300,248533453.0,13.94,13.93,13.92,13.9,13.89,13.88,13.86,13.85,13.84,13.82,13.95,13.96,13.97,13.98,13.99,14.0,14.02,14.03,14.04,14.05,100,4900,1900,3500,800,2100,100,1400,1200,700,1600,7700,2800,7900,56600,73800,12300,10800,12000,64100
10364.0,13.96,18198500,248647909.0,13.95,13.94,13.93,13.92,13.9,13.89,13.88,13.86,13.85,13.84,13.96,13.97,13.98,13.99,14.0,14.02,14.03,14.04,14.05,14.06,200,100,4900,1900,3500,800,2100,100,1400,1200,1100,2800,7900,56600,73800,12300,10800,12000,64100,7000
10365.0,13.96,18198500,248647909.0,13.95,13.94,13.93,13.92,13.9,13.89,13.88,13.86,13.85,13.84,13.96,13.97,13.98,13.99,14.0,14.02,14.03,14.04,14.05,14.06,200,100,4900,1900,3500,800,2100,100,1400,1200,1100,2800,7900,56600,73800,12300,10800,12000,64100,7000
10366.0,13.96,18198500,248647909.0,13.95,13.94,13.93,13.92,13.9,13.89,13.88,13.86,13.85,13.84,13.96,13.97,13.98,13.99,14.0,14.02,14.03,14.04,14.05,14.06,400,100,4900,1900,3500,800,2100,100,1400,1200,1100,2800,7900,56600,73800,12300,10800,12000,64100,7000
10367.0,13.96,18198700,248650701.0,13.95,13.94,13.93,13.92,13.9,13.89,13.88,13.86,13.85,13.84,13.96,13.97,13.98,13.99,14.0,14.02,14.03,14.04,14.05,14.06,400,100,5400,1900,3500,800,2100,100,1400,1200,900,2800,7900,56600,73800,12300,10800,12000,64100,7000
10368.0,13.96,18199500,248661861.0,13.93,13.92,13.9,13.89,13.88,13.86,13.85,13.84,13.82,13.81,13.96,13.97,13.98,13.99,14.0,14.02,14.03,14.04,14.05,14.06,6000,1900,3500,800,2100,100,1400,1200,700,3600,700,2800,7900,56600,73800,12300,10800,12000,64100,7000
10369.0,13.96,18200200,248671633.0,13.96,13.93,13.92,13.9,13.89,13.88,13.86,13.85,13.84,13.82,13.97,13.98,13.99,14.0,14.02,14.03,14.04,14.05,14.06,14.07,1200,5700,1900,3500,800,2100,100,1400,1200,700,2800,7900,56600,73800,12300,10800,12000,64100,7000,2100
10370.0,13.96,18200200,248671633.0,13.96,13.93,13.92,13.9,13.89,13.88,13.86,13.85,13.84,13.82,13.97,13.98,13.99,14.0,14.02,14.03,14.04,14.05,14.06,14.07,1200,5300,1900,3500,800,2100,100,1400,1200,700,2800,7900,56600,73800,12300,10800,12000,64100,7000,2100
10371.0,13.96,18200300,248673029.0,13.96,13.94,13.93,13.92,13.9,13.89,13.88,13.86,13.85,13.84,13.97,13.98,13.99,14.0,14.02,14.03,14.04,14.05,14.06,14.07,1100,13000,5300,1900,3500,800,2100,100,1400,1200,2800,7900,56600,73800,12300,10800,12000,64100,7000,2100
10372.0,13.96,18200300,248673029.0,13.96,13.94,13.93,13.92,13.9,13.89,13.88,13.86,13.85,13.84,13.97,13.98,13.99,14.0,14.02,14.03,14.04,14.05,14.06,14.07,1200,13000,5300,1900,3500,800,2100,100,1400,1200,2800,7900,56600,73800,12300,10800,12000,64100,7000,2100
10373.0,13.96,18201900,248695365.0,13.94,13.93,13.92,13.9,13.89,13.88,13.86,13.85,13.84,13.82,13.96,13.97,13.98,13.99,14.0,14.02,14.03,14.04,14.05,14.06,13000,5300,1900,3600,800,2100,100,1400,1200,700,8300,2800,7900,56600,73800,12300,10800,12000,64100,7000
10374.0,13.96,18205500,248745579.0,13.94,13.93,13.92,13.9,13.89,13.88,13.86,13.85,13.84,13.82,13.96,13.97,13.98,13.99,14.0,14.02,14.03,14.04,14.05,14.06,10900,5300,1900,3600,800,2100,100,1400,1200,700,6800,2800,10300,56600,73800,12300,10800,12000,64100,7000
10375.0,13.97,18215100,248879623.0,13.97,13.94,13.93,13.92,13.9,13.89,13.88,13.86,13.85,13.84,13.98,13.99,14.0,14.02,14.03,14.04,14.05,14.06,14.07,14.08,14000,10900,5300,1900,3600,800,2100,100,1400,1200,10300,56600,73800,12300,10800,17200,64100,7000,2100,7100
10376.0,13.97,18215300,248882417.0,13.97,13.94,13.93,13.92,13.9,13.89,13.88,13.86,13.85,13.84,13.98,13.99,14.0,14.02,14.03,14.04,14.05,14.06,14.07,14.08,13800,10900,5300,1900,3600,800,2100,100,1400,1200,10300,56600,73800,12300,10800,17200,64100,7000,2100,7100
10377.0,13.98,18223500,248997035.0,13.97,13.94,13.93,13.92,13.9,13.89,13.88,13.86,13.85,13.84,13.98,13.99,14.0,14.02,14.03,14.04,14.05,14.06,14.07,14.08,12000,10900,5300,1900,3600,800,2100,100,1400,1200,3900,56600,73800,12300,10800,17200,64100,7000,2100,7100
10378.0,13.98,18223500,248997035.0,13.97,13.94,13.93,13.92,13.9,13.89,13.88,13.86,13.85,13.84,13.98,13.99,14.0,14.02,14.03,14.04,14.05,14.06,14.07,14.08,10200,10900,5300,1900,3600,800,2100,100,1400,1200,3900,56600,73800,12300,10800,17200,64100,7000,2100,7100
10379.0,13.98,18226300,249036179.0,13.97,13.94,13.93,13.92,13.9,13.89,13.88,13.86,13.85,13.84,13.98,13.99,14.0,14.02,14.03,14.04,14.05,14.06,14.07,14.08,10200,10900,5400,1900,3600,800,2100,100,1400,1200,1200,56600,74300,12300,10800,17200,64100,7000,2100,7100
10380.0,13.98,18228200,249062734.0,13.98,13.97,13.94,13.93,13.92,13.9,13.89,13.88,13.86,13.85,13.99,14.0,14.02,14.03,14.04,14.05,14.06,14.07,14.08,14.09,300,10000,10900,5400,1900,3600,800,2100,100,1400,57100,74300,12300,10800,17200,64100,7000,2100,7100,12500
10381.0,13.98,18228200,249062734.0,13.98,13.97,13.94,13.93,13.92,13.9,13.89,13.88,13.86,13.85,13.99,14.0,14.02,14.03,14.04,14.05,14.06,14.07,14.08,14.09,300,10000,10900,5400,1900,3600,800,2100,100,1400,57100,74300,12300,10800,17200,64100,7000,2100,7100,12500
10382.0,13.99,18228900,249072527.0,13.98,13.97,13.94,13.93,13.92,13.9,13.89,13.88,13.86,13.85,13.99,14.0,14.02,14.03,14.04,14.05,14.06,14.07,14.08,14.09,700,10100,10900,5400,1900,3600,800,2100,100,1400,56400,74300,12300,10800,17200,64100,7000,2100,7100,12500
10383.0,13.98,18230200,249090701.0,13.98,13.97,13.94,13.93,13.92,13.9,13.89,13.88,13.86,13.85,13.99,14.0,14.02,14.03,14.04,14.05,14.06,14.07,14.08,14.09,500,10100,10900,5400,1900,3100,800,2100,100,1400,56400,74300,12300,10800,17200,64100,7000,2100,7100,12500
10384.0,13.98,18230500,249094895.0,13.98,13.97,13.94,13.93,13.92,13.9,13.89,13.88,13.86,13.85,13.99,14.0,14.02,14.03,14.04,14.05,14.06,14.07,14.08,14.09,500,10100,10900,5400,1900,3100,800,2100,100,1400,56400,75700,12300,10800,17200,64100,7000,2100,7100,12500
10385.0,13.98,18231400,249107484.0,13.98,13.97,13.95,13.94,13.93,13.92,13.9,13.89,13.88,13.86,13.99,14.0,14.02,14.03,14.04,14.05,14.06,14.07,14.08,14.09,500,10100,2900,10900,5400,1900,2800,800,2100,100,55700,75700,12300,10800,17200,63100,7000,2100,7100,12500
10386.0,13.98,18231400,249107484.0,13.98,13.97,13.95,13.94,13.93,13.92,13.9,13.89,13.88,13.86,13.99,14.0,14.02,14.03,14.04,14.05,14.06,14.07,14.08,14.09,1200,10100,2900,10900,5400,1900,2800,800,2100,100,55700,75700,12300,10800,17200,63100,7000,2100,7100,12500
10387.0,13.98,18231400,249107484.0,13.98,13.97,13.95,13.94,13.93,13.92,13.9,13.89,13.88,13.86,13.99,14.0,14.02,14.03,14.04,14.05,14.06,14.07,14.08,14.09,1200,10100,2900,10900,5400,1900,2800,800,2100,100,55700,75700,12300,10800,17200,63100,7000,2100,7100,12500
10388.0,13.98,18232500,249122862.0,13.98,13.97,13.95,13.94,13.93,13.92,13.9,13.89,13.88,13.86,13.99,14.0,14.02,14.03,14.04,14.05,14.06,14.07,14.08,14.09,100,10100,2900,10900,5400,1900,2800,800,2100,100,55700,75700,12300,10800,17200,63500,7000,2100,7100,12500
10389.0,13.99,18233700,249139650.0,13.98,13.97,13.95,13.94,13.93,13.92,13.9,13.89,13.88,13.86,13.99,14.0,14.02,14.03,14.04,14.05,14.06,14.07,14.08,14.09,100,10100,2900,10900,5400,1900,2800,800,2100,100,54500,75700,10300,10800,17200,63500,7000,2100,7100,12500
10390.0,13.98,18233800,249141048.0,13.97,13.95,13.94,13.93,13.92,13.9,13.89,13.88,13.86,13.85,13.98,13.99,14.0,14.02,14.03,14.04,14.05,14.06,14.07,14.08,10100,2900,10900,5400,1900,2800,800,2100,100,1400,400,54500,80600,10300,10800,17200,63500,7000,2100,7100
10391.0,13.98,18234600,249152225.0,13.97,13.95,13.94,13.93,13.92,13.9,13.89,13.88,13.86,13.85,13.98,13.99,14.0,14.02,14.03,14.04,14.05,14.06,14.07,14.08,9400,2900,10900,5400,1900,2800,800,2100,100,1400,300,54500,82600,10300,10800,17200,63500,7000,2100,7100
10392.0,13.98,18234600,249152225.0,13.97,13.95,13.94,13.93,13.92,13.9,13.89,13.88,13.86,13.85,13.98,13.99,14.0,14.02,14.03,14.04,14.05,14.06,14.07,14.08,9400,2900,10900,5400,1900,2800,800,2100,100,1400,800,54500,82600,10300,10800,17200,63500,7000,2100,7100
10393.0,13.98,18234600,249152225.0,13.97,13.95,13.94,13.93,13.92,13.9,13.89,13.88,13.86,13.85,13.98,13.99,14.0,14.02,14.03,14.04,14.05,14.06,14.07,14.08,9400,2900,10900,5400,1900,2800,800,2100,100,1400,800,54500,82600,10300,10800,17200,63500,7000,2100,7100
10394.0,13.97,18235300,249162004.0,13.97,13.95,13.94,13.93,13.92,13.9,13.89,13.88,13.86,13.85,13.98,13.99,14.0,14.02,14.03,14.04,14.05,14.06,14.07,14.08,8700,2900,10900,5400,1900,2800,800,2100,100,1400,800,54500,82600,10300,10800,17200,63500,7000,2100,7100
10395.0,13.98,18236700,249181576.0,13.98,13.97,13.95,13.94,13.93,13.92,13.9,13.89,13.88,13.86,13.99,14.0,14.02,14.03,14.04,14.05,14.06,14.07,14.08,14.09,18600,8700,2900,10900,5400,1900,2800,800,2100,100,54500,82600,10300,10800,17200,63500,7000,2100,7100,12500
10396.0,13.98,18240900,249240302.0,13.98,13.97,13.95,13.94,13.93,13.92,13.9,13.89,13.88,13.86,13.99,14.0,14.02,14.03,14.04,14.05,14.06,14.07,14.08,14.09,15400,8700,2900,10900,5400,1900,2800,800,2100,100,53500,82600,10300,10800,17200,63500,7000,2100,7100,12500
10397.0,13.98,18242600,249264068.0,13.98,13.97,13.95,13.94,13.93,13.92,13.9,13.89,13.88,13.86,13.99,14.0,14.02,14.03,14.04,14.05,14.06,14.07,14.08,14.09,13700,8700,2900,10900,5400,1900,2800,800,2100,100,53500,82600,10300,11000,17200,63500,7000,2100,7100,12500
10398.0,13.98,18242600,249264068.0,13.98,13.97,13.95,13.94,13.93,13.92,13.9,13.89,13.88,13.86,13.99,14.0,14.02,14.03,14.04,14.05,14.06,14.07,14.08,14.09,23700,8700,2900,10900,5400,1900,2800,800,2100,100,53700,82600,10300,11000,17200,63500,7000,2100,7100,12500
10399.0,13.98,18242600,249264068.0,13.98,13.97,13.95,13.94,13.93,13.92,13.9,13.89,13.88,13.86,13.99,14.0,14.02,14.03,14.04,14.05,14.06,14.07,14.08,14.09,24100,8700,2900,10900,5400,1900,2800,800,2100,100,53700,82600,10300,11000,17200,63500,7000,2100,7100,12500
10400.0,13.98,18243300,249273854.0,13.98,13.97,13.95,13.94,13.93,13.92,13.9,13.89,13.88,13.86,13.99,14.0,14.02,14.03,14.04,14.05,14.06,14.07,14.08,14.09,23400,8700,2900,10900,5400,1900,2800,800,2100,100,54500,82600,10300,11000,17200,63500,7000,2100,7100,12500
10401.0,13.98,18244500,249290630.0,13.98,13.97,13.95,13.94,13.93,13.92,13.9,13.89,13.88,13.86,13.99,14.0,14.02,14.03,14.04,14.05,14.06,14.07,14.08,14.09,22200,8700,2900,10900,5400,1900,2800,800,2100,100,55500,82600,10300,11000,17200,63500,7000,2100,7100,12500
10402.0,13.98,18244500,249290630.0,13.98,13.97,13.95,13.94,13.93,13.92,13.9,13.89,13.88,13.86,13.99,14.0,14.02,14.03,14.04,14.05,14.06,14.07,14.08,14.09,22200,8700,2900,10900,5400,1900,2800,800,2100,100,55500,82600,10300,11000,17200,63500,7000,2100,7100,12500
10403.0,13.99,18247500,249332593.0,13.98,13.97,13.95,13.94,13.93,13.92,13.9,13.89,13.88,13.86,13.99,14.0,14.02,14.03,14.04,14.05,14.06,14.07,14.08,14.09,21500,8700,2900,10900,5400,1900,2800,800,2100,100,53400,82600,10300,11000,17200,63500,7000,2100,7100,12500
10404.0,13.98,18250100,249368949.0,13.98,13.97,13.95,13.94,13.93,13.92,13.9,13.89,13.88,13.86,13.99,14.0,14.02,14.03,14.04,14.05,14.06,14.07,14.08,14.09,19700,8700,2900,10900,5400,1900,2800,800,2100,100,52600,82600,10300,11000,17200,63500,7000,2100,7100,12500
10405.0,13.98,18250700,249377337.0,13.98,13.97,13.95,13.94,13.93,13.92,13.9,13.89,13.88,13.86,13.99,14.0,14.02,14.03,14.04,14.05,14.06,14.07,14.08,14.09,19100,8700,2900,10900,5400,1900,2800,800,1900,100,52600,83100,10300,11000,17200,63500,7000,2500,7100,12500
10406.0,13.98,18251400,249387123.0,13.98,13.97,13.95,13.94,13.93,13.92,13.9,13.89,13.88,13.86,13.99,14.0,14.02,14.03,14.04,14.05,14.06,14.07,14.08,14.09,18500,8700,2900,10900,5400,1900,2800,800,1900,100,52600,81700,10300,11000,17200,63500,7000,2500,7100,12500
10407.0,13.98,18255300,249441647.0,13.98,13.97,13.95,13.94,13.93,13.92,13.9,13.89,13.88,13.86,13.99,14.0,14.02,14.03,14.04,14.05,14.06,14.07,14.08,14.09,14800,8700,2900,10900,5400,1900,2800,800,1900,100,52400,81700,10300,11000,17200,63500,7000,2500,7100,12500
10408.0,13.98,18256200,249454229.0,13.98,13.97,13.95,13.94,13.93,13.92,13.9,13.89,13.88,13.86,13.99,14.0,14.02,14.03,14.04,14.05,14.06,14.07,14.08,14.09,13900,8700,2900,10900,5400,1900,2800,800,1900,100,52400,81700,10300,11000,17200,63500,7000,2500,7100,12500
10409.0,13.98,18262100,249536711.0,13.98,13.97,13.95,13.94,13.93,13.92,13.9,13.89,13.88,13.86,13.99,14.0,14.02,14.03,14.04,14.05,14.06,14.07,14.08,14.09,8000,8700,2900,10900,5400,1900,2800,800,1900,100,52400,81700,10300,11000,17200,63500,7000,2500,7100,12500
10410.0,13.98,18262900,249547902.0,13.98,13.97,13.95,13.94,13.93,13.92,13.9,13.89,13.88,13.86,13.99,14.0,14.02,14.03,14.04,14.05,14.06,14.07,14.08,14.09,8700,8700,2900,10900,5400,1900,2800,800,1900,100,51700,81700,10300,11000,17200,63500,7000,2500,7100,12500
10411.0,13.98,18263600,249557688.0,13.98,13.97,13.95,13.94,13.93,13.92,13.9,13.89,13.88,13.87,13.99,14.0,14.02,14.03,14.04,14.05,14.06,14.07,14.08,14.09,8000,8700,2900,10900,5400,1900,2800,800,1900,3000,51700,81700,10300,11000,16600,63500,7000,2500,7100,12500
10412.0,13.98,18266200,249594036.0,13.98,13.97,13.95,13.94,13.93,13.92,13.9,13.89,13.88,13.87,13.99,14.0,14.02,14.03,14.04,14.05,14.06,14.07,14.08,14.09,5400,8700,2900,10900,5300,1900,2800,800,1900,3000,53100,76900,10300,11000,16600,63500,7000,2500,7100,12500
10413.0,13.98,18271200,249663936.0,13.98,13.97,13.95,13.94,13.93,13.92,13.9,13.89,13.88,13.87,13.99,14.0,14.02,14.03,14.04,14.05,14.06,14.07,14.08,14.09,18100,8700,2900,10900,5300,1900,2800,800,1900,3000,53100,76400,10300,12000,16600,63500,7000,2500,7100,12500
10414.0,13.98,18278300,249763194.0,13.98,13.97,13.95,13.94,13.93,13.92,13.9,13.89,13.88,13.87,13.99,14.0,14.02,14.03,14.04,14.05,14.06,14.07,14.08,14.09,11000,8700,2900,10900,5300,1900,2800,800,1900,3000,53100,76400,10300,12000,16600,63500,7000,2500,7100,12500
10415.0,13.98,18278300,249763194.0,13.98,13.97,13.95,13.94,13.93,13.92,13.9,13.89,13.88,13.87,13.99,14.0,14.02,14.03,14.04,14.05,14.06,14.07,14.08,14.09,11000,8700,2900,10900,5300,1900,2800,800,1900,3000,53100,76400,10300,12000,16600,63500,7000,2500,7100,12500
10416.0,13.98,18278900,249771582.0,13.98,13.97,13.95,13.94,13.93,13.92,13.9,13.89,13.88,13.87,13.99,14.0,14.02,14.03,14.04,14.05,14.06,14.07,14.08,14.09,10400,8700,2900,10900,5300,1900,2800,800,1900,3000,53100,76400,10300,12000,16600,63500,7000,2500,7100,12500
10417.0,13.98,18281100,249802342.0,13.98,13.97,13.95,13.94,13.93,13.92,13.9,13.89,13.88,13.87,13.99,14.0,14.02,14.03,14.04,14.05,14.06,14.07,14.08,14.09,8600,8700,2900,10900,5300,1900,2800,800,1900,3000,52700,76400,10300,12000,16600,63500,7000,2500,7100,12500
10418.0,13.98,18284000,249842884.0,13.98,13.97,13.95,13.94,13.93,13.92,13.9,13.89,13.88,13.87,13.99,14.0,14.02,14.03,14.04,14.05,14.06,14.07,14.08,14.09,5700,8700,2900,10900,5300,1900,2800,800,1900,3000,52700,77400,10300,12000,16600,63500,7000,2500,7100,12500
10419.0,13.98,18284600,249851272.0,13.98,13.97,13.95,13.94,13.93,13.92,13.9,13.89,13.88,13.87,13.99,14.0,14.02,14.03,14.04,14.05,14.06,14.07,14.08,14.09,5100,8700,2900,10900,5300,1900,2800,800,1900,3000,52700,78100,10300,12000,16600,63500,7000,2500,7100,12500
10420.0,13.98,18287100,249886222.0,13.98,13.97,13.95,13.94,13.93,13.92,13.9,13.89,13.88,13.87,13.99,14.0,14.02,14.03,14.04,14.05,14.06,14.07,14.08,14.09,2600,8700,2900,10900,5300,1900,2800,800,1900,3000,52700,78100,10300,12000,16600,63500,7000,2500,7100,12500
10421.0,13.98,18289700,249922570.0,13.97,13.95,13.94,13.93,13.92,13.9,13.89,13.88,13.87,13.86,13.98,13.99,14.0,14.02,14.03,14.04,14.05,14.06,14.07,14.08,8700,2900,10900,5300,1900,2800,800,1900,3000,100,3900,52700,78100,10300,12000,16600,63500,7000,2500,7100
10422.0,13.98,18293200,249971500.0,13.97,13.94,13.93,13.92,13.9,13.89,13.88,13.87,13.86,13.85,13.98,13.99,14.0,14.02,14.03,14.04,14.05,14.06,14.07,14.08,8700,10900,5300,1900,2800,800,1900,3000,100,1400,400,52700,78100,10300,12000,16600,63500,7000,2500,7100
10423.0,13.97,18293900,249981279.0,13.97,13.94,13.93,13.92,13.9,13.89,13.88,13.87,13.86,13.85,13.98,13.99,14.0,14.02,14.03,14.04,14.05,14.06,14.07,14.08,8000,10900,5300,1900,2800,800,1900,3000,100,1400,400,52700,78100,10300,12000,14200,63500,7000,2500,7100
10424.0,13.97,18293900,249981279.0,13.97,13.94,13.93,13.92,13.9,13.89,13.88,13.87,13.86,13.85,13.98,13.99,14.0,14.02,14.03,14.04,14.05,14.06,14.07,14.08,8000,10900,5300,1900,2800,800,1900,3000,100,1400,400,57400,78100,10300,12000,14200,63500,7000,2500,7100
10425.0,13.97,18293900,249981279.0,13.97,13.94,13.93,13.92,13.9,13.89,13.88,13.87,13.86,13.85,13.98,13.99,14.0,14.02,14.03,14.04,14.05,14.06,14.07,14.08,8000,10900,5300,1900,2800,800,1900,3000,100,1400,1800,57400,79100,10300,12000,14200,63500,7000,2500,7100
10426.0,13.97,18294600,249991058.0,13.97,13.94,13.93,13.92,13.9,13.89,13.88,13.87,13.86,13.85,13.98,13.99,14.0,14.02,14.03,14.04,14.05,14.06,14.07,14.08,7300,10900,5300,1900,2800,800,1900,3000,100,1400,3300,57400,79100,10300,12000,14200,63500,7000,2500,7100
10427.0,13.97,18294600,249991058.0,13.97,13.94,13.93,13.92,13.9,13.89,13.88,13.87,13.86,13.85,13.98,13.99,14.0,14.02,14.03,14.04,14.05,14.06,14.07,14.08,7300,10900,5300,1900,2800,800,1900,3000,100,1400,5700,57400,79100,10300,12000,14200,63500,7000,2500,7100
10428.0,13.97,18294600,249991058.0,13.97,13.94,13.93,13.92,13.9,13.89,13.88,13.87,13.86,13.85,13.98,13.99,14.0,14.02,14.03,14.04,14.05,14.06,14.07,14.08,7300,10900,5300,1900,2800,800,1900,3000,100,1400,5700,57400,79100,10300,12000,14200,63500,7000,2500,7100
10429.0,13.97,18296700,250020395.0,13.97,13.94,13.93,13.92,13.9,13.89,13.88,13.87,13.86,13.85,13.98,13.99,14.0,14.02,14.03,14.04,14.05,14.06,14.07,14.08,5200,10900,5300,1900,2800,800,1900,3000,100,1400,9300,57400,83600,10300,12000,14200,63500,7000,2500,7100
10430.0,13.98,18297400,250030181.0,13.97,13.94,13.93,13.92,13.9,13.89,13.88,13.87,13.86,13.85,13.98,13.99,14.0,14.02,14.03,14.04,14.05,14.06,14.07,14.08,5200,10900,5300,400,2800,800,1900,3000,100,1400,10900,57200,83600,10300,12000,14200,63500,7000,2500,7100
10431.0,13.98,18297400,250030181.0,13.97,13.94,13.93,13.92,13.9,13.89,13.88,13.87,13.86,13.85,13.98,13.99,14.0,14.02,14.03,14.04,14.05,14.06,14.07,14.08,5200,10900,5300,400,2800,800,1900,3000,100,1400,10900,57200,83600,10300,12000,14200,63500,7000,2500,7100
10432.0,13.97,18297900,250037166.0,13.97,13.94,13.93,13.92,13.9,13.89,13.88,13.87,13.86,13.85,13.98,13.99,14.0,14.02,14.03,14.04,14.05,14.06,14.07,14.08,4700,10900,5300,400,2800,800,1900,3000,100,1400,12400,57200,83600,10300,12000,14200,63500,7000,2500,7100
10433.0,13.97,18297900,250037166.0,13.97,13.94,13.93,13.92,13.9,13.89,13.88,13.87,13.86,13.85,13.98,13.99,14.0,14.02,14.03,14.04,14.05,14.06,14.07,14.08,4700,10900,5300,400,2800,800,1900,3000,100,1400,13100,57000,83600,10300,12000,14200,63500,7000,2500,7100
10434.0,13.97,18297900,250037166.0,13.97,13.94,13.93,13.92,13.9,13.89,13.88,13.87,13.86,13.85,13.98,13.99,14.0,14.02,14.03,14.04,14.05,14.06,14.07,14.08,4700,10900,5300,200,2800,800,1900,3000,100,1400,14500,57000,83100,10300,12000,14200,63500,7000,2500,7100
10435.0,13.97,18298500,250045548.0,13.97,13.94,13.93,13.92,13.9,13.89,13.88,13.87,13.86,13.85,13.98,13.99,14.0,14.02,14.03,14.04,14.05,14.06,14.07,14.08,4100,10900,5300,200,2800,800,1100,3000,100,1400,23500,57000,83100,10300,12000,14200,63500,7000,2500,7100
10436.0,13.98,18298700,250048344.0,13.97,13.94,13.93,13.92,13.9,13.89,13.88,13.87,13.86,13.85,13.98,13.99,14.0,14.02,14.03,14.04,14.05,14.06,14.07,14.08,4400,10900,5300,200,2800,800,1100,3000,100,1400,24600,57000,83100,10300,12000,14200,63500,7000,2500,7100
10437.0,13.97,18299500,250059520.0,13.97,13.94,13.93,13.92,13.9,13.89,13.88,13.87,13.86,13.85,13.98,13.99,14.0,14.02,14.03,14.04,14.05,14.06,14.07,14.08,3600,10900,5300,500,2800,800,1100,3000,100,1400,25800,57400,83100,10300,12000,14200,63500,7000,2500,7100
10438.0,13.98,18300800,250077684.0,13.97,13.94,13.93,13.92,13.9,13.89,13.88,13.87,13.86,13.85,13.98,13.99,14.0,14.02,14.03,14.04,14.05,14.06,14.07,14.08,2600,10900,5300,500,2800,800,1100,3000,100,1400,29200,57400,83100,10300,12000,14200,63500,7000,2500,7100
10439.0,13.97,18303000,250108418.0,13.97,13.94,13.93,13.92,13.9,13.89,13.88,13.87,13.86,13.85,13.98,13.99,14.0,14.02,14.03,14.04,14.05,14.06,14.07,14.08,400,10900,5300,500,2800,800,1100,3000,100,1400,30000,57400,83100,10300,12000,14200,63500,7000,2500,7100
10440.0,13.97,18303000,250108418.0,13.97,13.94,13.93,13.92,13.9,13.89,13.88,13.87,13.86,13.85,13.98,13.99,14.0,14.02,14.03,14.04,14.05,14.06,14.07,14.08,400,10900,5300,500,2800,800,1100,3000,100,1400,30000,57400,83100,10300,12000,14200,63500,7000,2500,7100
10441.0,13.97,18303000,250108418.0,13.97,13.94,13.93,13.92,13.9,13.89,13.88,13.87,13.86,13.85,13.98,13.99,14.0,14.02,14.03,14.04,14.05,14.06,14.07,14.08,400,10900,5300,300,2800,800,1100,3000,100,1400,30500,57400,83100,10300,12000,14200,63500,7000,2500,7100
10442.0,13.97,18303300,250112609.0,13.97,13.94,13.93,13.92,13.9,13.89,13.88,13.87,13.86,13.85,13.98,13.99,14.0,14.02,14.03,14.04,14.05,14.06,14.07,14.08,100,10900,5300,300,2800,800,1100,3000,100,1400,31800,57400,83800,10300,12000,14200,63500,7000,2500,7100
10443.0,13.97,18303400,250114006.0,13.94,13.93,13.92,13.9,13.89,13.88,13.87,13.86,13.85,13.82,13.97,13.98,13.99,14.0,14.02,14.03,14.04,14.05,14.06,14.07,10900,5300,300,2800,800,1100,3000,100,1400,700,900,33400,57400,83800,10300,12000,14200,63500,7000,2500
10444.0,13.97,18303400,250114006.0,13.94,13.93,13.92,13.9,13.89,13.88,13.87,13.86,13.85,13.82,13.97,13.98,13.99,14.0,14.02,14.03,14.04,14.05,14.06,14.07,12300,5300,300,2800,800,1100,3000,100,1400,700,2700,32300,57400,83800,10300,12000,14200,63500,7000,2500
10445.0,13.94,18304100,250123764.0,13.94,13.93,13.92,13.9,13.89,13.88,13.87,13.86,13.85,13.82,13.97,13.98,13.99,14.0,14.02,14.03,14.04,14.05,14.06,14.07,12100,5300,300,2800,800,1100,3000,100,1400,700,3200,32300,57400,83800,10300,12000,14200,63500,7000,2500
10446.0,13.97,18305500,250143301.0,13.94,13.93,13.92,13.9,13.89,13.88,13.87,13.86,13.85,13.82,13.97,13.98,13.99,14.0,14.02,14.03,14.04,14.05,14.06,14.07,12800,5300,300,2800,800,1100,3000,100,1400,700,8700,32300,58800,83800,10300,12200,14200,63500,7000,2500
10447.0,13.97,18305500,250143301.0,13.94,13.93,13.92,13.9,13.89,13.88,13.87,13.86,13.85,13.82,13.97,13.98,13.99,14.0,14.02,14.03,14.04,14.05,14.06,14.07,12800,5300,300,2800,800,1100,3000,100,1400,700,11100,35900,58800,83800,10300,12200,14200,63500,7000,2500
10448.0,13.97,18305500,250143301.0,13.94,13.93,13.92,13.9,13.89,13.88,13.87,13.86,13.85,13.82,13.97,13.98,13.99,14.0,14.02,14.03,14.04,14.05,14.06,14.07,14600,5300,300,2800,800,1100,3000,100,1400,700,12900,36600,58800,83800,10300,12200,14200,63500,7000,2500
10449.0,13.94,18306200,250153059.0,13.94,13.93,13.92,13.9,13.89,13.88,13.87,13.85,13.82,13.81,13.97,13.98,13.99,14.0,14.02,14.03,14.04,14.05,14.06,14.07,13900,5300,300,2800,800,1100,3000,1400,700,600,14000,36200,58800,83800,10300,12200,14200,63500,7000,2500
10450.0,13.94,18306200,250153059.0,13.94,13.93,13.92,13.9,13.89,13.88,13.87,13.85,13.82,13.81,13.97,13.98,13.99,14.0,14.02,14.03,14.04,14.05,14.06,14.07,15700,5300,300,2800,800,1100,3000,1400,700,600,19300,38000,58800,82800,10300,12200,14200,63500,7000,2500
10451.0,13.94,18306200,250153059.0,13.94,13.93,13.92,13.9,13.89,13.88,13.87,13.85,13.82,13.81,13.97,13.98,13.99,14.0,14.02,14.03,14.04,14.05,14.06,14.07,15700,5300,300,2800,800,1100,3000,1400,700,600,20000,38900,58800,82800,10300,12200,14200,63500,7000,2500
10452.0,13.94,18309000,250192091.0,13.94,13.93,13.92,13.9,13.89,13.88,13.87,13.85,13.82,13.81,13.97,13.98,13.99,14.0,14.02,14.03,14.04,14.05,14.06,14.07,13700,5300,300,2800,800,1100,3000,1400,700,600,22800,38900,58800,82800,10300,12200,14200,63500,7000,2500
10453.0,13.94,18309000,250192091.0,13.94,13.93,13.92,13.9,13.89,13.88,13.87,13.85,13.84,13.82,13.97,13.98,13.99,14.0,14.02,14.03,14.04,14.05,14.06,14.07,14600,5300,300,2800,800,1100,3000,1400,3500,700,23900,39600,58800,84800,10300,12200,14200,63500,7000,2500
10454.0,13.97,18313700,250257612.0,13.94,13.93,13.92,13.9,13.89,13.88,13.87,13.85,13.84,13.82,13.97,13.98,13.99,14.0,14.02,14.03,14.04,14.05,14.06,14.07,10500,5300,300,2800,800,1100,3000,1400,3500,700,32500,39600,58800,84800,10300,12200,14200,63500,7000,2500
10455.0,13.94,18322900,250385860.0,13.94,13.93,13.92,13.9,13.89,13.88,13.87,13.85,13.84,13.82,13.95,13.97,13.98,13.99,14.0,14.02,14.03,14.04,14.05,14.06,2700,5300,300,2800,800,1100,3000,1400,3500,700,300,34200,39700,58800,84800,10300,12200,9000,66400,7000
10456.0,13.94,18322900,250385860.0,13.94,13.93,13.92,13.9,13.89,13.88,13.87,13.85,13.84,13.82,13.95,13.97,13.98,13.99,14.0,14.02,14.03,14.04,14.05,14.06,2700,5300,300,2800,800,1100,3000,1400,3500,700,300,34400,39700,58800,84800,10300,12200,9000,66400,7000
10457.0,13.94,18323100,250388648.0,13.94,13.93,13.92,13.9,13.89,13.88,13.87,13.85,13.84,13.82,13.95,13.97,13.98,13.99,14.0,14.02,14.03,14.04,14.05,14.06,2500,5300,300,2800,800,1100,3000,1400,3500,700,300,34500,39900,58400,84800,10300,12200,9000,66400,7000
10458.0,13.95,18324100,250402598.0,13.94,13.93,13.92,13.9,13.89,13.88,13.87,13.85,13.84,13.82,13.97,13.98,13.99,14.0,14.02,14.03,14.04,14.05,14.06,14.07,2500,5300,300,2800,800,1100,3000,1400,3500,700,35900,37500,58400,84800,10300,12200,9000,66400,7000,2500
10459.0,13.94,18324300,250405386.0,13.94,13.93,13.92,13.9,13.89,13.88,13.87,13.85,13.84,13.82,13.97,13.98,13.99,14.0,14.02,14.03,14.04,14.05,14.06,14.07,3300,5300,300,2800,800,1100,3000,1400,3500,700,37400,32800,58400,84800,10300,12200,9000,66400,7000,2500
10460.0,13.94,18324600,250409568.0,13.94,13.93,13.92,13.9,13.89,13.88,13.87,13.85,13.84,13.82,13.97,13.98,13.99,14.0,14.02,14.03,14.04,14.05,14.06,14.07,4100,5300,300,2800,800,1100,3000,1400,3500,700,41700,32800,58400,84800,10300,12200,9000,66400,7000,2500
10461.0,13.94,18324600,250409568.0,13.94,13.93,13.92,13.9,13.89,13.88,13.87,13.85,13.84,13.82,13.97,13.98,13.99,14.0,14.02,14.03,14.04,14.05,14.06,14.07,5100,5300,300,2800,800,1100,3000,1400,3500,700,43700,32900,59100,85400,10300,12200,9000,66400,7000,2500
10462.0,13.94,18324600,250409568.0,13.94,13.93,13.92,13.9,13.89,13.88,13.87,13.85,13.84,13.82,13.95,13.97,13.98,13.99,14.0,14.02,14.03,14.04,14.05,14.06,6100,5300,300,2800,800,1100,3000,1400,3500,700,5000,44700,32900,59100,85100,10300,12200,9000,66400,7000
10463.0,13.95,18328200,250459770.0,13.94,13.93,13.92,13.9,13.89,13.88,13.87,13.85,13.84,13.82,13.95,13.97,13.98,13.99,14.0,14.02,14.03,14.04,14.05,14.06,4300,5300,300,2800,800,15400,3000,1400,3500,700,3400,44500,32900,59100,85100,10300,12200,9000,66400,7000
10464.0,13.94,18329100,250472316.0,13.94,13.93,13.92,13.9,13.89,13.88,13.87,13.85,13.84,13.82,13.95,13.97,13.98,13.99,14.0,14.02,14.03,14.04,14.05,14.06,3400,5300,300,2800,800,15400,3000,1400,3500,700,3400,44500,32900,59100,85100,10300,12200,9000,66400,7000
10465.0,13.94,18329400,250476498.0,13.94,13.93,13.92,13.9,13.89,13.88,13.87,13.85,13.84,13.82,13.95,13.96,13.97,13.98,13.99,14.0,14.02,14.03,14.04,14.05,3100,5300,300,2800,800,15400,3000,1400,3500,700,3400,1000,44500,32900,59100,85100,10300,12200,9000,65900
10466.0,13.94,18329700,250480680.0,13.94,13.93,13.92,13.9,13.89,13.88,13.87,13.85,13.84,13.82,13.95,13.96,13.97,13.98,13.99,14.0,14.02,14.03,14.04,14.05,2800,5300,300,2800,800,15400,3000,1400,3500,700,3400,1000,44500,32900,59100,85100,10300,12200,9000,65900
10467.0,13.94,18329700,250480680.0,13.94,13.93,13.92,13.9,13.89,13.88,13.87,13.85,13.84,13.82,13.95,13.96,13.97,13.98,13.99,14.0,14.02,14.03,14.04,14.05,2800,5300,300,2800,800,15400,3000,1400,3500,700,3900,1000,41500,32900,59100,85100,10600,12200,9000,65900
10468.0,13.94,18334800,250551803.0,13.94,13.93,13.92,13.9,13.89,13.88,13.87,13.85,13.84,13.82,13.95,13.96,13.97,13.98,13.99,14.0,14.02,14.03,14.04,14.05,600,5300,300,2800,800,15400,3000,1400,3500,700,1000,1000,41400,31900,59100,85100,10600,12200,9000,65900
10469.0,13.93,18338800,250607529.0,13.93,13.92,13.9,13.89,13.88,13.87,13.85,13.84,13.82,13.81,13.95,13.96,13.97,13.98,13.99,14.0,14.02,14.03,14.04,14.05,1900,300,2800,800,15400,3000,1400,3500,700,1400,1000,1000,41400,31900,59100,85100,10600,12200,9000,65900
10470.0,13.93,18339200,250613101.0,13.93,13.92,13.9,13.89,13.88,13.87,13.85,13.84,13.82,13.81,13.95,13.96,13.97,13.98,13.99,14.0,14.02,14.03,14.04,14.05,1500,300,2800,800,15400,3000,1400,3500,700,1400,1000,1000,41400,31900,59100,85100,10600,12200,9000,65900
10471.0,13.93,18339300,250614494.0,13.93,13.92,13.9,13.89,13.88,13.87,13.85,13.84,13.82,13.81,13.95,13.96,13.97,13.98,13.99,14.0,14.02,14.03,14.04,14.05,1800,300,2800,800,15400,3000,1400,3500,700,1400,1600,1000,41400,31900,59100,85100,10600,12200,9000,65900
10472.0,13.93,18339700,250620066.0,13.93,13.92,13.9,13.89,13.88,13.87,13.85,13.84,13.82,13.81,13.95,13.96,13.97,13.98,13.99,14.0,14.02,14.03,14.04,14.05,2800,300,2800,800,15400,3000,1400,3500,700,1400,1600,1000,41400,31900,59100,85100,10600,12200,9000,65900
10473.0,13.93,18340200,250627031.0,13.93,13.92,13.9,13.89,13.88,13.87,13.85,13.84,13.82,13.81,13.95,13.96,13.97,13.98,13.99,14.0,14.02,14.03,14.04,14.05,2300,300,2800,800,15400,3000,1400,3500,700,1400,1600,1000,41700,31900,59100,85100,10600,12200,9000,65900
10474.0,13.93,18341100,250639568.0,13.93,13.92,13.9,13.89,13.88,13.87,13.85,13.84,13.82,13.81,13.95,13.96,13.97,13.98,13.99,14.0,14.02,14.03,14.04,14.05,1400,300,2800,800,15400,3000,1400,3500,700,1400,1700,1000,41700,30700,59100,85600,10600,12200,9000,65900
10475.0,13.93,18343100,250667440.0,13.92,13.9,13.89,13.88,13.87,13.85,13.84,13.82,13.81,13.8,13.93,13.95,13.96,13.97,13.98,13.99,14.0,14.02,14.03,14.04,300,2800,800,14900,3000,1400,3500,700,1400,44400,2600,1100,1000,41700,30700,59100,85600,10600,12200,9000
10476.0,13.93,18343200,250668833.0,13.92,13.9,13.89,13.88,13.87,13.85,13.84,13.82,13.81,13.8,13.93,13.95,13.96,13.97,13.98,13.99,14.0,14.02,14.03,14.04,300,2800,800,14900,3000,1700,3500,700,1400,44400,2500,1100,1000,41500,31100,60100,85600,10600,12200,9000
10477.0,13.93,18343200,250668833.0,13.92,13.9,13.89,13.88,13.87,13.85,13.84,13.82,13.81,13.8,13.93,13.95,13.96,13.97,13.98,13.99,14.0,14.02,14.03,14.04,300,2800,800,14900,3000,1700,3500,700,1400,44400,5600,1200,7900,41500,31100,60100,85600,10600,12200,9000
10478.0,13.93,18343200,250668833.0,13.92,13.9,13.89,13.88,13.87,13.85,13.84,13.82,13.81,13.8,13.93,13.95,13.96,13.97,13.98,13.99,14.0,14.02,14.03,14.04,300,2800,800,14900,3000,1700,3500,700,1400,44400,8600,1200,7900,40500,31100,60100,85600,10600,12200,9000
10479.0,13.93,18343500,250673012.0,13.92,13.9,13.89,13.88,13.87,13.85,13.84,13.82,13.81,13.8,13.93,13.95,13.96,13.97,13.98,13.99,14.0,14.02,14.03,14.04,300,2800,800,600,3000,1700,3500,700,1400,44400,8700,1200,7900,40500,31100,60100,85600,10600,12200,9000
10480.0,13.93,18343500,250673012.0,13.92,13.9,13.89,13.88,13.87,13.85,13.84,13.82,13.81,13.8,13.93,13.95,13.96,13.97,13.98,13.99,14.0,14.02,14.03,14.04,300,2800,800,600,3000,1700,3500,700,1400,44400,9100,1200,7900,40500,31100,60100,85600,10600,12200,9000
10481.0,13.93,18343500,250673012.0,13.92,13.9,13.89,13.88,13.87,13.85,13.84,13.82,13.81,13.8,13.93,13.95,13.96,13.97,13.98,13.99,14.0,14.02,14.03,14.04,300,2800,800,600,3000,1700,3500,700,1400,44400,9500,1200,7900,40500,30900,60600,85600,10600,12200,9000
10482.0,13.93,18343500,250673012.0,13.92,13.9,13.89,13.88,13.87,13.85,13.84,13.82,13.81,13.8,13.93,13.95,13.96,13.97,13.98,13.99,14.0,14.02,14.03,14.04,300,2800,800,600,3000,1700,3500,700,1400,44400,9500,1200,7900,40500,30900,60600,85600,10600,12200,9000
10483.0,13.92,18343600,250674404.0,13.92,13.9,13.89,13.88,13.87,13.85,13.84,13.82,13.81,13.8,13.93,13.95,13.96,13.97,13.98,13.99,14.0,14.02,14.03,14.04,200,2800,800,600,3000,1700,3500,700,1400,44400,11500,1200,7900,40500,30500,60600,85600,10600,12200,9000
10484.0,13.93,18343700,250675797.0,13.92,13.9,13.89,13.88,13.87,13.85,13.84,13.82,13.81,13.8,13.93,13.95,13.96,13.97,13.98,13.99,14.0,14.02,14.03,14.04,200,2800,800,600,3000,1700,3500,700,1400,44400,11400,1200,7900,40500,30400,59600,85600,10600,12200,9000
10485.0,13.92,18343900,250678581.0,13.9,13.89,13.88,13.87,13.85,13.84,13.82,13.81,13.8,13.79,13.92,13.93,13.95,13.96,13.97,13.98,13.99,14.0,14.02,14.03,2800,800,600,3000,1700,3500,700,1400,44400,39700,12500,11400,1200,7900,40500,31900,59600,85600,10600,12200
10486.0,13.92,18343900,250678581.0,13.9,13.89,13.88,13.87,13.85,13.84,13.82,13.81,13.8,13.79,13.92,13.93,13.95,13.96,13.97,13.98,13.99,14.0,14.02,14.03,2800,800,600,3000,1700,3500,700,1400,44400,39700,12500,11400,1200,7900,40500,31900,59600,85600,10600,12200
10487.0,13.9,18344100,250681361.0,13.9,13.89,13.88,13.87,13.85,13.84,13.82,13.81,13.8,13.79,13.92,13.93,13.95,13.96,13.97,13.98,13.99,14.0,14.02,14.03,2600,800,600,3000,1700,3500,700,1400,44400,39700,12500,11400,1200,7900,40500,31900,59600,85600,10600,12200
10488.0,13.9,18344300,250684141.0,13.9,13.89,13.88,13.87,13.85,13.84,13.82,13.81,13.8,13.79,13.92,13.93,13.95,13.96,13.97,13.98,13.99,14.0,14.02,14.03,3100,800,600,3000,1700,3500,700,1400,44400,39700,12500,11400,1200,12500,40500,31900,59600,85600,10600,12200
10489.0,13.9,18344300,250684141.0,13.9,13.89,13.88,13.87,13.85,13.84,13.82,13.81,13.8,13.79,13.92,13.93,13.95,13.96,13.97,13.98,13.99,14.0,14.02,14.03,3100,800,600,3000,1700,3500,700,1400,44400,39700,12500,11400,1200,12500,40500,31900,59600,85600,10600,12200
10490.0,13.9,18346300,250711941.0,13.9,13.89,13.88,13.87,13.85,13.84,13.82,13.81,13.8,13.79,13.92,13.93,13.95,13.96,13.97,13.98,13.99,14.0,14.02,14.03,1100,800,600,3000,1700,3500,700,1400,44400,39700,12900,11400,1200,12500,40500,31900,59600,86100,10600,12200
10491.0,13.9,18346400,250713331.0,13.9,13.89,13.88,13.87,13.85,13.84,13.82,13.81,13.8,13.79,13.92,13.93,13.95,13.96,13.97,13.98,13.99,14.0,14.02,14.03,1000,800,600,3000,1700,3500,700,1400,44400,39700,12900,11400,1200,12500,40500,31900,59600,86100,10600,12200
10492.0,13.9,18347400,250727231.0,13.89,13.88,13.87,13.85,13.84,13.82,13.81,13.8,13.79,13.78,13.9,13.92,13.93,13.95,13.96,13.97,13.98,13.99,14.0,14.02,800,600,3000,1700,3500,700,2400,44400,39700,10600,1300,12900,11400,1200,12500,40500,31900,59600,86100,10600
10493.0,13.9,18347400,250727231.0,13.89,13.88,13.87,13.85,13.84,13.82,13.81,13.8,13.79,13.78,13.9,13.92,13.93,13.95,13.96,13.97,13.98,13.99,14.0,14.02,800,600,3000,1700,3500,700,2400,44400,39700,10600,1300,12900,11400,1200,12500,40500,31900,59600,86100,10600
10494.0,13.9,18347500,250728621.0,13.89,13.88,13.87,13.85,13.84,13.82,13.81,13.8,13.79,13.78,13.9,13.92,13.93,13.95,13.96,13.97,13.98,13.99,14.0,14.02,800,600,3000,1700,3500,700,2400,44400,39700,10600,1200,12900,11400,1200,12600,40400,31900,59600,86100,10600
10495.0,13.9,18347500,250728621.0,13.89,13.88,13.87,13.85,13.84,13.82,13.81,13.8,13.79,13.78,13.9,13.92,13.93,13.95,13.96,13.97,13.98,13.99,14.0,14.02,800,600,3000,1700,3500,700,2400,44400,39700,10600,1200,12900,11400,1200,12600,40400,31900,59600,86100,10600
10496.0,13.89,18347600,250730010.0,13.89,13.88,13.87,13.85,13.84,13.82,13.81,13.8,13.79,13.78,13.9,13.92,13.93,13.95,13.96,13.97,13.98,13.99,14.0,14.02,700,600,3000,1700,3500,700,2400,44400,39700,10600,1200,13800,11000,1200,12600,40400,31900,59600,87100,10600
10497.0,13.89,18347600,250730010.0,13.89,13.88,13.87,13.85,13.84,13.82,13.81,13.8,13.79,13.78,13.9,13.91,13.92,13.93,13.95,13.96,13.97,13.98,13.99,14.0,700,600,3000,1700,3500,700,2400,44400,39700,10600,1200,100,13800,11000,1200,12600,40500,31900,59600,87100
10498.0,13.89,18347600,250730010.0,13.89,13.88,13.87,13.85,13.84,13.82,13.81,13.8,13.79,13.78,13.9,13.91,13.92,13.93,13.95,13.96,13.97,13.98,13.99,14.0,700,600,3000,1700,3500,700,2400,44400,39700,10600,1200,100,13800,11000,1200,12600,40500,31900,59600,87100
10499.0,13.89,18348000,250735566.0,13.89,13.88,13.87,13.85,13.84,13.82,13.81,13.8,13.79,13.78,13.9,13.91,13.92,13.93,13.95,13.96,13.97,13.98,13.99,14.0,300,700,3000,1700,3500,700,2400,44400,39700,10600,3500,100,13900,11000,1200,12600,40500,31900,59600,87100
10500.0,13.87,18349100,250750836.0,13.87,13.85,13.82,13.81,13.8,13.79,13.78,13.77,13.76,13.75,13.9,13.91,13.92,13.93,13.95,13.96,13.97,13.98,13.99,14.0,2900,1700,700,2400,44400,39700,10600,10700,4600,21800,3500,100,11900,11000,1200,12600,40500,31900,59600,87100
10501.0,13.87,18350100,250764706.0,13.87,13.85,13.82,13.81,13.8,13.79,13.78,13.77,13.76,13.75,13.88,13.9,13.91,13.92,13.93,13.95,13.96,13.97,13.98,13.99,2100,1700,700,2400,44400,39700,10600,10700,4600,21800,20000,3700,100,11900,11000,1200,12600,40500,31900,59600
10502.0,13.87,18350100,250764706.0,13.87,13.85,13.82,13.81,13.8,13.79,13.78,13.77,13.76,13.75,13.88,13.9,13.91,13.92,13.93,13.95,13.96,13.97,13.98,13.99,2100,1700,700,2400,44400,39700,10600,10700,4600,21800,20000,3700,100,11900,11000,1200,12600,40500,31900,59600
10503.0,13.87,18350400,250768867.0,13.87,13.85,13.82,13.81,13.8,13.79,13.78,13.77,13.76,13.75,13.88,13.9,13.91,13.92,13.93,13.95,13.96,13.97,13.98,13.99,1800,1700,700,2400,44400,39700,10600,10700,4600,21800,20000,2500,100,11900,11000,1200,12600,40500,31900,59600
10504.0,13.87,18351700,250786898.0,13.87,13.85,13.82,13.81,13.8,13.79,13.78,13.77,13.76,13.75,13.88,13.9,13.91,13.92,13.93,13.95,13.96,13.97,13.98,13.99,500,1700,700,2400,44400,39700,10600,10700,4600,21800,20000,2500,100,11900,11000,1200,12600,40300,31900,59600
10505.0,13.87,18351700,250786898.0,13.87,13.85,13.82,13.81,13.8,13.79,13.78,13.77,13.76,13.75,13.88,13.9,13.91,13.92,13.93,13.95,13.96,13.97,13.98,13.99,500,1700,700,2400,44400,39700,10600,10700,4600,21800,20000,2500,100,11900,11000,1000,12600,40300,31900,59600
10506.0,13.85,18353900,250817378.0,13.82,13.81,13.8,13.79,13.78,13.77,13.76,13.75,13.74,13.73,13.85,13.9,13.91,13.92,13.93,13.95,13.96,13.97,13.98,13.99,700,2400,44400,39700,10600,10700,4600,21800,3700,23100,3500,2500,100,11900,11000,1000,12600,40400,31900,59600
10507.0,13.82,18354000,250818760.0,13.82,13.81,13.8,13.79,13.78,13.77,13.76,13.75,13.74,13.73,13.85,13.9,13.91,13.92,13.93,13.95,13.96,13.97,13.98,13.99,600,2400,44400,39700,10600,10700,4600,21800,3700,23100,3500,2500,100,11900,11000,1000,12600,40400,31900,60600
10508.0,13.85,18354500,250825685.0,13.82,13.81,13.8,13.79,13.78,13.77,13.76,13.75,13.74,13.73,13.85,13.87,13.9,13.91,13.92,13.93,13.95,13.96,13.97,13.98,1200,2400,44400,39700,10600,10700,4600,21800,3700,23100,3900,4300,2500,100,11900,11000,1000,12600,40400,31900
10509.0,13.82,18354600,250827067.0,13.82,13.81,13.8,13.79,13.78,13.77,13.76,13.75,13.74,13.73,13.85,13.87,13.9,13.91,13.92,13.93,13.95,13.96,13.97,13.98,1700,2400,44400,39700,10600,10700,4600,21800,3700,23100,4500,4300,2500,100,11900,11000,1000,5700,40400,31900
10510.0,13.82,18354600,250827067.0,13.82,13.81,13.8,13.79,13.78,13.77,13.76,13.75,13.74,13.73,13.85,13.87,13.9,13.91,13.92,13.93,13.95,13.96,13.97,13.98,2300,2400,44400,39700,10600,10700,4600,21800,3700,23100,5100,6500,2500,100,11900,11000,600,5700,40400,31900
10511.0,13.82,18354600,250827067.0,13.83,13.82,13.81,13.8,13.79,13.78,13.77,13.76,13.75,13.74,13.85,13.87,13.9,13.91,13.92,13.93,13.95,13.96,13.97,13.98,2400,2900,2400,44400,39700,10600,10700,4600,21800,3700,5700,6500,4500,100,11900,11000,600,5700,40400,31900
10512.0,13.82,18354600,250827067.0,13.83,13.82,13.81,13.8,13.79,13.78,13.77,13.76,13.75,13.74,13.85,13.87,13.9,13.91,13.92,13.93,13.95,13.96,13.97,13.98,2400,2900,2400,44400,39700,10600,10700,4600,21800,3700,3700,6500,4500,100,11900,11000,600,5700,40400,31900
10513.0,13.82,18354600,250827067.0,13.83,13.82,13.81,13.8,13.79,13.78,13.77,13.76,13.75,13.74,13.85,13.87,13.9,13.91,13.92,13.93,13.95,13.96,13.97,13.98,2400,2900,2400,44400,39700,10600,10700,4600,21800,3700,3700,6500,4500,100,11900,11000,600,5700,40400,31900
10514.0,13.85,18354700,250828452.0,13.83,13.82,13.81,13.8,13.79,13.78,13.77,13.76,13.75,13.74,13.85,13.87,13.9,13.91,13.92,13.93,13.95,13.96,13.97,13.98,2400,2900,2400,44400,39700,10600,10700,4600,21800,3700,3600,6600,4500,100,11900,11000,600,5700,40400,31900
10515.0,13.85,18355000,250832607.0,13.83,13.82,13.81,13.8,13.79,13.78,13.77,13.76,13.75,13.74,13.85,13.87,13.9,13.91,13.92,13.93,13.95,13.96,13.97,13.98,2400,2900,2400,44700,39700,10600,10700,4600,21800,3700,3900,6600,4500,100,11900,11000,1100,5700,40400,31900
10516.0,13.83,18355200,250835373.0,13.83,13.82,13.81,13.8,13.79,13.78,13.77,13.76,13.75,13.74,13.85,13.87,13.9,13.91,13.92,13.93,13.95,13.96,13.97,13.98,2200,2900,2400,44700,39700,10600,10700,4600,21800,3700,3900,6600,4500,100,11900,11000,1100,5700,40400,31900
10517.0,13.83,18356300,250850588.0,13.83,13.82,13.81,13.8,13.79,13.78,13.77,13.76,13.75,13.74,13.85,13.87,13.9,13.91,13.92,13.93,13.95,13.96,13.97,13.98,1200,2900,5300,44700,39700,10600,10700,4600,21800,3700,3800,4600,4500,100,11900,11000,1100,5700,40400,31800
10518.0,13.85,18356600,250854743.0,13.83,13.82,13.81,13.8,13.79,13.78,13.77,13.76,13.75,13.74,13.85,13.87,13.9,13.91,13.92,13.93,13.95,13.96,13.97,13.98,1200,6400,5300,44700,40400,10600,10700,4600,21800,3700,3500,4600,4500,100,11900,11000,1100,5700,40400,31800
10519.0,13.83,18356800,250857509.0,13.83,13.82,13.81,13.8,13.79,13.78,13.77,13.76,13.75,13.74,13.85,13.87,13.9,13.91,13.92,13.93,13.95,13.96,13.97,13.98,1000,6400,5300,44700,40400,10600,10700,4600,21800,3700,3500,4600,4500,1100,11900,11000,1100,5700,40400,31800
10520.0,13.83,18357700,250869956.0,13.83,13.82,13.81,13.8,13.79,13.78,13.77,13.76,13.75,13.74,13.85,13.87,13.9,13.91,13.92,13.93,13.95,13.96,13.97,13.98,100,6400,5300,44700,40400,10600,10700,4600,21800,3700,3500,4600,4500,1100,11900,9000,1100,5700,38900,31800
10521.0,13.85,18358000,250874111.0,13.83,13.82,13.81,13.8,13.79,13.78,13.77,13.76,13.75,13.74,13.85,13.87,13.9,13.91,13.92,13.93,13.95,13.96,13.97,13.98,100,6400,5300,44700,40400,10600,10700,4600,21800,3700,3300,4600,4500,1100,11900,9000,1100,5700,38900,31800
10522.0,13.83,18358200,250876877.0,13.82,13.81,13.8,13.79,13.78,13.77,13.76,13.75,13.74,13.73,13.83,13.85,13.87,13.9,13.91,13.92,13.93,13.95,13.96,13.97,6400,5300,44700,40400,10600,10700,4600,21800,3700,23100,600,3300,4600,4500,1100,11900,9000,1100,5700,38900
10523.0,13.82,18359900,250900371.0,13.82,13.81,13.8,13.79,13.78,13.77,13.76,13.75,13.74,13.73,13.83,13.85,13.87,13.9,13.91,13.92,13.93,13.95,13.96,13.97,4700,5300,44700,40400,10600,10700,4600,21800,3700,23100,600,3300,4600,4500,1100,11900,8700,1100,5700,38900
10524.0,13.82,18359900,250900371.0,13.82,13.81,13.8,13.79,13.78,13.77,13.76,13.75,13.74,13.73,13.83,13.85,13.87,13.9,13.91,13.92,13.93,13.95,13.96,13.97,4700,5300,44700,40400,10600,10700,4600,21800,3700,23100,600,3300,4600,4500,1100,11900,8700,1100,5700,38900
10525.0,13.82,18359900,250900371.0,13.82,13.81,13.8,13.79,13.78,13.77,13.76,13.75,13.74,13.73,13.83,13.85,13.87,13.9,13.91,13.92,13.93,13.95,13.96,13.97,4700,5300,44700,40400,10600,10700,4600,21800,3700,23100,600,2700,4600,4500,1100,11900,8700,1100,5700,38900
10526.0,13.82,18359900,250900371.0,13.82,13.81,13.8,13.79,13.78,13.77,13.76,13.75,13.74,13.73,13.83,13.85,13.87,13.9,13.91,13.92,13.93,13.95,13.96,13.97,4700,5300,44700,40400,10600,10700,4600,21800,3700,23100,600,2700,4600,4500,1100,11900,8700,1100,5700,38900
10527.0,13.82,18359900,250900371.0,13.82,13.81,13.8,13.79,13.78,13.77,13.76,13.75,13.74,13.73,13.83,13.85,13.87,13.9,13.91,13.92,13.93,13.95,13.96,13.97,4700,5300,44700,40400,10600,10700,4600,21800,3700,23100,800,2700,4600,4500,1100,11900,8700,1100,5700,38900
10528.0,13.82,18359900,250900371.0,13.82,13.81,13.8,13.79,13.78,13.77,13.76,13.75,13.74,13.73,13.83,13.85,13.87,13.9,13.91,13.92,13.93,13.95,13.96,13.97,4700,5300,44700,40400,10600,10700,4600,23200,3600,23100,800,2700,4600,4500,1100,11900,8700,1100,5700,38900
10529.0,13.83,18360000,250901754.0,13.82,13.81,13.8,13.79,13.78,13.77,13.76,13.75,13.74,13.73,13.83,13.85,13.87,13.9,13.91,13.92,13.93,13.95,13.96,13.97,4700,5300,44700,40400,10600,10700,4600,23200,3600,23100,700,2700,4600,4500,1100,11900,8700,1100,5900,38900
10530.0,13.82,18361300,250919720.0,13.82,13.81,13.8,13.79,13.78,13.77,13.76,13.75,13.74,13.73,13.83,13.85,13.87,13.9,13.91,13.92,13.93,13.95,13.96,13.97,3400,5300,44700,40400,10600,10700,4600,23200,3600,23100,700,2700,4600,4500,1100,11900,8700,1100,5900,38900
10531.0,13.85,18362500,250936326.0,13.82,13.81,13.8,13.79,13.78,13.77,13.76,13.75,13.74,13.73,13.85,13.87,13.9,13.91,13.92,13.93,13.95,13.96,13.97,13.98,3400,5300,44700,40400,10600,10700,4600,23200,3600,23100,2200,4600,4500,1100,11900,8700,1100,5900,38900,32600
10532.0,13.85,18362500,250936326.0,13.82,13.81,13.8,13.79,13.78,13.77,13.76,13.75,13.74,13.73,13.85,13.86,13.87,13.9,13.91,13.92,13.93,13.95,13.96,13.97,3700,5300,44700,40400,10600,10700,4600,23200,3600,23100,2500,3900,4600,4500,1100,11900,8700,1100,5900,38900
10533.0,13.82,18364600,250965366.0,13.82,13.81,13.8,13.79,13.78,13.77,13.76,13.75,13.74,13.73,13.85,13.86,13.87,13.9,13.91,13.92,13.93,13.95,13.96,13.97,3000,5300,44700,40400,10600,10700,4600,23200,3600,23100,2300,3900,4600,7500,1100,11900,8700,1100,5900,38900
10534.0,13.82,18364600,250965366.0,13.83,13.82,13.81,13.8,13.79,13.78,13.77,13.76,13.75,13.74,13.85,13.86,13.87,13.9,13.91,13.92,13.93,13.95,13.96,13.97,1100,3300,5300,44700,40400,10600,10700,4600,23200,3600,2700,3900,4600,7500,1100,11900,8700,1100,5900,38900
10535.0,13.82,18364600,250965366.0,13.83,13.82,13.81,13.8,13.79,13.78,13.77,13.76,13.75,13.74,13.85,13.86,13.87,13.9,13.91,13.92,13.93,13.95,13.96,13.97,1100,3300,5300,44700,40400,10600,10700,4600,23200,3600,2700,3900,4900,7500,1100,11900,8700,1100,5900,38900
10536.0,13.85,18364800,250968136.0,13.83,13.82,13.81,13.8,13.79,13.78,13.77,13.76,13.75,13.74,13.85,13.86,13.87,13.9,13.91,13.92,13.93,13.95,13.96,13.97,1100,3300,5300,44700,40400,10600,10700,4600,23200,3600,2500,3900,4900,7500,1100,11900,8700,1100,5900,38900
10537.0,13.83,18364900,250969519.0,13.83,13.82,13.81,13.8,13.79,13.78,13.77,13.76,13.75,13.74,13.85,13.86,13.87,13.9,13.91,13.92,13.93,13.95,13.96,13.97,1000,3300,5300,44700,40400,10600,10700,4600,23200,3600,2500,3900,4900,7500,1100,11900,8700,1100,5900,38900
10538.0,13.83,18364900,250969519.0,13.83,13.82,13.81,13.8,13.79,13.78,13.77,13.76,13.75,13.74,13.85,13.86,13.87,13.9,13.91,13.92,13.93,13.95,13.96,13.97,1000,3300,5300,44900,40400,10600,10700,4600,23200,3600,2500,3900,4900,7500,1100,11900,8700,1100,5900,37900
10539.0,13.85,18365100,250972289.0,13.83,13.82,13.81,13.8,13.79,13.78,13.77,13.76,13.75,13.74,13.85,13.86,13.87,13.9,13.91,13.92,13.93,13.95,13.96,13.97,1000,3300,5300,44900,40400,10600,10700,4600,23200,3600,2300,3900,4900,7500,1100,11900,8700,1100,5900,37900
10540.0,13.85,18365100,250972289.0,13.83,13.82,13.81,13.8,13.79,13.78,13.77,13.76,13.75,13.74,13.85,13.86,13.87,13.9,13.91,13.92,13.93,13.95,13.96,13.97,1000,3300,5300,44900,40400,10600,10700,4600,23200,3600,2300,3900,4900,7500,1100,11900,8700,1100,5900,37900
10541.0,13.83,18365300,250975055.0,13.83,13.82,13.81,13.8,13.79,13.78,13.77,13.76,13.75,13.74,13.85,13.86,13.87,13.9,13.91,13.92,13.93,13.95,13.96,13.97,800,3300,5300,44900,40400,10600,10700,4600,23200,3600,2300,3900,4900,7500,1100,11900,8700,1100,5900,37900
10542.0,13.85,18365500,250977825.0,13.83,13.82,13.81,13.8,13.79,13.78,13.77,13.76,13.75,13.74,13.85,13.86,13.87,13.9,13.91,13.92,13.93,13.95,13.96,13.97,800,4400,5300,44900,40400,10600,10700,4600,23200,3600,2100,3900,4900,7500,1100,11900,8700,1100,5900,37900
10543.0,13.85,18365500,250977825.0,13.83,13.82,13.81,13.8,13.79,13.78,13.77,13.76,13.75,13.74,13.85,13.86,13.87,13.9,13.91,13.92,13.93,13.95,13.96,13.97,800,4400,5300,44900,46400,10600,10700,4600,23200,3600,2100,3900,4900,7500,1100,11900,8700,1100,5900,37900
10544.0,13.85,18365500,250977825.0,13.83,13.82,13.81,13.8,13.79,13.78,13.77,13.76,13.75,13.74,13.85,13.86,13.87,13.9,13.91,13.92,13.93,13.95,13.96,13.97,800,4400,5300,44900,46400,10600,10700,4600,23200,3600,2100,3900,4900,7500,1100,11900,8700,1100,5900,37900
10545.0,13.85,18365700,250980595.0,13.83,13.82,13.81,13.8,13.79,13.78,13.77,13.76,13.75,13.74,13.85,13.87,13.9,13.91,13.92,13.93,13.95,13.96,13.97,13.98,800,4400,5300,44900,46400,10600,10700,4600,23200,3600,1900,3900,7500,1100,11900,8700,1100,5900,37900,32600
10546.0,13.85,18365700,250980595.0,13.83,13.82,13.81,13.8,13.79,13.78,13.77,13.76,13.75,13.74,13.85,13.87,13.9,13.91,13.92,13.93,13.95,13.96,13.97,13.98,800,4400,5300,44900,46400,10600,10700,4600,23200,3500,1900,3900,7500,1100,11900,8700,1100,5900,37900,32600
10547.0,13.85,18365800,250981980.0,13.83,13.82,13.81,13.8,13.79,13.78,13.77,13.76,13.75,13.74,13.85,13.87,13.9,13.91,13.92,13.93,13.95,13.96,13.97,13.98,800,4400,5700,44900,46400,10600,10700,4600,23200,3500,1800,3900,7600,1100,11900,8700,600,5900,37900,32600
10548.0,13.85,18365800,250981980.0,13.83,13.82,13.81,13.8,13.79,13.78,13.77,13.76,13.75,13.74,13.85,13.87,13.9,13.91,13.92,13.93,13.95,13.96,13.97,13.98,800,4400,5700,44900,46400,10600,10700,4600,23200,3500,1800,3900,7600,1100,11900,8700,600,5900,37900,32600
10549.0,13.85,18365800,250981980.0,13.83,13.82,13.81,13.8,13.79,13.78,13.77,13.76,13.75,13.74,13.85,13.87,13.9,13.91,13.92,13.93,13.95,13.96,13.97,13.98,800,4400,5700,44900,46400,10600,10700,4600,23200,3500,1800,3900,7600,1100,11900,8700,600,5900,37900,32600
10550.0,13.85,18365900,250983365.0,13.83,13.82,13.81,13.8,13.79,13.78,13.77,13.76,13.75,13.74,13.85,13.87,13.9,13.91,13.92,13.93,13.95,13.96,13.97,13.98,800,4400,5700,44900,46400,10600,10700,4600,23200,3500,1700,3900,7600,1100,11900,8700,600,5900,37900,32600
10551.0,13.85,18365900,250983365.0,13.83,13.82,13.81,13.8,13.79,13.78,13.77,13.76,13.75,13.74,13.85,13.87,13.9,13.91,13.92,13.93,13.95,13.96,13.97,13.98,800,4400,5700,44900,46400,10600,10700,4600,23200,3500,1700,3900,7600,1100,11900,8700,600,5900,37900,32600
10552.0,13.83,18366000,250984748.0,13.83,13.82,13.81,13.8,13.79,13.78,13.77,13.76,13.75,13.74,13.85,13.87,13.9,13.91,13.92,13.93,13.95,13.96,13.97,13.98,700,4400,5700,44900,46400,10600,10700,4600,23200,3500,1700,3900,7600,1100,11900,8700,600,5900,37900,32600
10553.0,13.85,18366100,250986133.0,13.83,13.82,13.81,13.8,13.79,13.78,13.77,13.76,13.75,13.74,13.85,13.87,13.89,13.9,13.91,13.92,13.93,13.95,13.96,13.97,700,4400,5700,44900,46400,10600,10700,4600,23700,3500,2600,3900,200,7600,1100,11900,8700,600,5900,37900
10554.0,13.85,18366100,250986133.0,13.83,13.82,13.81,13.8,13.79,13.78,13.77,13.76,13.75,13.74,13.85,13.87,13.89,13.9,13.91,13.92,13.93,13.95,13.96,13.97,700,6400,5700,44900,46400,10600,10700,4600,23700,3500,2600,3900,200,7600,1100,11900,8700,600,5900,37900
10555.0,13.82,18367300,251002724.0,13.82,13.81,13.8,13.79,13.78,13.77,13.76,13.75,13.74,13.73,13.85,13.87,13.89,13.9,13.91,13.92,13.93,13.95,13.96,13.97,5900,5700,44900,46400,10600,10700,4600,23700,3500,22800,2600,3900,200,7600,1100,11900,8700,600,5900,32900
10556.0,13.85,18367500,251005494.0,13.83,13.82,13.81,13.8,13.79,13.78,13.77,13.76,13.75,13.74,13.85,13.87,13.89,13.9,13.91,13.92,13.93,13.95,13.96,13.97,200,6000,5700,44900,45700,10600,10700,4600,23700,3500,2500,3900,200,7600,1100,11900,8700,600,5900,32900
10557.0,13.85,18367500,251005494.0,13.83,13.82,13.81,13.8,13.79,13.78,13.77,13.76,13.75,13.74,13.85,13.87,13.89,13.9,13.91,13.92,13.93,13.95,13.96,13.97,200,6000,5700,44900,45700,10600,10700,4600,24700,3500,2500,3900,200,7600,1100,12000,8700,600,5900,32900
10558.0,13.85,18367500,251005494.0,13.83,13.82,13.81,13.8,13.79,13.78,13.77,13.76,13.75,13.74,13.85,13.87,13.89,13.9,13.91,13.92,13.93,13.95,13.96,13.97,200,6000,5700,44900,45700,10600,10700,4600,24700,3500,2500,3900,200,7600,1100,12000,8700,600,5900,32900
10559.0,13.85,18367500,251005494.0,13.83,13.82,13.81,13.8,13.79,13.78,13.77,13.76,13.75,13.74,13.85,13.87,13.89,13.9,13.91,13.92,13.93,13.95,13.96,13.97,200,6000,5700,44900,45700,11100,10700,4600,24700,3500,2500,3900,200,7600,1000,12000,8700,600,5900,32900
10560.0,13.85,18367700,251008264.0,13.83,13.82,13.81,13.8,13.79,13.78,13.77,13.76,13.75,13.74,13.85,13.87,13.89,13.9,13.91,13.92,13.93,13.95,13.96,13.97,10200,6000,5700,44900,45700,11100,10700,4600,24700,3500,2300,3900,200,7600,1000,12000,8700,600,5900,32900
10561.0,13.85,18367700,251008264.0,13.83,13.82,13.81,13.8,13.79,13.78,13.77,13.76,13.75,13.74,13.85,13.87,13.89,13.9,13.91,13.92,13.93,13.95,13.96,13.97,10200,6000,5700,44900,45700,11100,10700,4600,24700,3500,2300,3900,200,7600,1000,12000,8700,600,5900,32900
10562.0,13.85,18367700,251008264.0,13.83,13.82,13.81,13.8,13.79,13.78,13.77,13.76,13.75,13.74,13.85,13.87,13.89,13.9,13.91,13.92,13.93,13.95,13.96,13.97,10200,6100,5600,44900,45700,11100,10700,4600,24700,3500,2300,3900,200,7600,1000,12000,8700,600,5900,32900
10563.0,13.85,18367900,251011034.0,13.83,13.82,13.81,13.8,13.79,13.78,13.77,13.76,13.75,13.74,13.85,13.87,13.89,13.9,13.91,13.92,13.93,13.95,13.96,13.97,10200,6100,9500,45600,45700,11100,10700,4600,24700,3500,2100,3900,200,7600,1000,12000,8700,600,5900,32900
10564.0,13.83,18369300,251030396.0,13.83,13.82,13.81,13.8,13.79,13.78,13.77,13.76,13.75,13.74,13.85,13.87,13.89,13.9,13.91,13.92,13.93,13.95,13.96,13.97,8800,6100,9500,45600,45700,11100,10700,7600,24700,3500,2100,3900,200,7600,1000,12000,8700,600,5900,32900
10565.0,13.83,18369300,251030396.0,13.83,13.82,13.81,13.8,13.79,13.78,13.77,13.76,13.75,13.74,13.85,13.87,13.89,13.9,13.91,13.92,13.93,13.95,13.96,13.97,8900,6100,9500,45600,45700,11100,10700,7600,24700,3500,2100,3900,200,7600,1000,12000,8700,600,5900,32900
10566.0,13.83,18370700,251049762.0,13.83,13.82,13.81,13.8,13.79,13.78,13.77,13.76,13.75,13.74,13.85,13.87,13.89,13.9,13.91,13.92,13.93,13.95,13.96,13.97,7700,6100,9500,45600,45700,11100,10700,7600,24700,3500,1900,3900,200,7600,1000,12000,8700,600,5900,32900
10567.0,13.83,18370700,251049762.0,13.83,13.82,13.81,13.8,13.79,13.78,13.77,13.76,13.75,13.74,13.85,13.87,13.89,13.9,13.91,13.92,13.93,13.95,13.96,13.97,7700,6100,9500,45600,45700,11100,10700,7600,24700,3500,1900,3900,200,7600,1000,12000,8700,600,5900,32900
10568.0,13.83,18370700,251049762.0,13.83,13.82,13.81,13.8,13.79,13.78,13.77,13.76,13.75,13.74,13.85,13.87,13.89,13.9,13.91,13.92,13.93,13.95,13.96,13.97,7700,6100,9500,45600,45700,11100,10700,7600,24700,3500,1900,3900,200,7600,1000,12000,8700,600,5900,32900
10569.0,13.85,18370900,251052532.0,13.83,13.82,13.81,13.8,13.79,13.78,13.77,13.76,13.75,13.74,13.85,13.87,13.89,13.9,13.91,13.92,13.93,13.95,13.96,13.97,7700,6100,13100,45600,45700,11100,10700,7600,24700,3500,1700,3900,200,7600,1000,12000,8700,600,5900,32900
10570.0,13.85,18370900,251052532.0,13.83,13.82,13.81,13.8,13.79,13.78,13.77,13.76,13.75,13.74,13.85,13.87,13.89,13.9,13.91,13.92,13.93,13.95,13.96,13.97,8400,6100,13100,45600,45700,11100,10700,7600,24700,3500,1700,3900,200,10100,1000,12000,8700,600,5900,32900
10571.0,13.85,18370900,251052532.0,13.83,13.82,13.81,13.8,13.79,13.78,13.77,13.76,13.75,13.74,13.85,13.87,13.89,13.9,13.91,13.92,13.93,13.95,13.96,13.97,8400,6100,13100,45600,45700,11100,10700,7600,24700,3500,1700,3900,200,10100,1000,12000,8700,600,5900,32900
10572.0,13.85,18371000,251053917.0,13.83,13.82,13.81,13.8,13.79,13.78,13.77,13.76,13.75,13.74,13.85,13.87,13.89,13.9,13.91,13.92,13.93,13.95,13.96,13.97,8400,6100,15100,45600,45700,11100,10700,4600,24700,3500,1600,3900,200,10100,1000,12000,8700,600,5900,32900
10573.0,13.83,18371700,251063598.0,13.83,13.82,13.81,13.8,13.79,13.78,13.77,13.76,13.75,13.74,13.85,13.87,13.89,13.9,13.91,13.92,13.93,13.95,13.96,13.97,7700,6100,15100,45600,45700,11100,10700,4600,24700,3500,1600,3900,200,10100,1000,12000,8700,600,5900,32900
10574.0,13.83,18371700,251063598.0,13.83,13.82,13.81,13.8,13.79,13.78,13.77,13.76,13.75,13.74,13.85,13.87,13.89,13.9,13.91,13.92,13.93,13.95,13.96,13.97,7700,6100,15200,45600,45700,11100,10700,4600,23300,3500,1600,3900,200,10100,1000,12000,8700,600,5900,32900
10575.0,13.85,18372100,251069138.0,13.83,13.82,13.81,13.8,13.79,13.78,13.77,13.76,13.75,13.74,13.85,13.87,13.89,13.9,13.91,13.92,13.93,13.95,13.96,13.97,7700,6100,15200,45600,45700,11100,10700,4600,23300,3500,1200,3900,200,10100,1000,12000,8700,600,5900,32900
10576.0,13.85,18372100,251069138.0,13.83,13.82,13.81,13.8,13.79,13.78,13.77,13.76,13.75,13.74,13.85,13.86,13.87,13.89,13.9,13.91,13.92,13.93,13.95,13.96,7700,6100,15200,45600,45700,11100,10700,4600,23300,3500,1200,200,3900,200,10100,1000,12000,8700,600,5900
10577.0,13.85,18372100,251069138.0,13.83,13.82,13.81,13.8,13.79,13.78,13.77,13.76,13.75,13.74,13.85,13.86,13.87,13.89,13.9,13.91,13.92,13.93,13.95,13.96,7700,6100,15200,45600,45700,11100,10700,4600,23300,3500,1200,200,3900,200,10100,1000,12000,8700,600,5900
10578.0,13.85,18372300,251071908.0,13.83,13.82,13.81,13.8,13.79,13.78,13.77,13.76,13.75,13.74,13.85,13.86,13.87,13.89,13.9,13.91,13.92,13.93,13.95,13.96,9100,6100,15200,45600,45700,11100,10700,4600,23300,3500,1000,200,3900,200,10100,1000,12000,8700,600,5900
10579.0,13.85,18372300,251071908.0,13.83,13.82,13.81,13.8,13.79,13.78,13.77,13.76,13.75,13.74,13.85,13.86,13.87,13.89,13.9,13.91,13.92,13.93,13.95,13.96,9100,6100,15200,45600,45700,11100,10700,4600,27800,3500,1000,200,3900,200,10100,1000,12000,8700,600,5900
10580.0,13.85,18373300,251085758.0,13.85,13.83,13.82,13.81,13.8,13.79,13.78,13.77,13.76,13.75,13.86,13.87,13.89,13.9,13.91,13.92,13.93,13.95,13.96,13.97,17900,9100,6100,15200,45600,45700,11100,10700,4600,27800,200,3900,200,10100,1000,11600,8700,600,5900,32400
10581.0,13.85,18374000,251095453.0,13.85,13.83,13.82,13.81,13.8,13.79,13.78,13.77,13.76,13.75,13.86,13.87,13.89,13.9,13.91,13.92,13.93,13.95,13.96,13.97,17200,9000,6100,15200,45600,45700,11100,10700,4600,27800,200,3900,200,10100,1000,11600,8700,600,5900,32400
10582.0,13.85,18374000,251095453.0,13.85,13.83,13.82,13.81,13.8,13.79,13.78,13.77,13.76,13.75,13.86,13.87,13.89,13.9,13.91,13.92,13.93,13.95,13.96,13.97,17200,9000,6100,15200,44900,45700,11100,10700,4600,27800,200,3900,200,10100,1000,11600,8700,600,5900,32400
10583.0,13.85,18376400,251128693.0,13.85,13.83,13.82,13.81,13.8,13.79,13.78,13.77,13.76,13.75,13.86,13.87,13.89,13.9,13.91,13.92,13.93,13.95,13.96,13.97,14800,9000,6100,15200,44900,45700,11100,10700,4600,27800,200,3900,200,10100,1000,11600,8700,600,5900,32400
10584.0,13.85,18376400,251128693.0,13.85,13.83,13.82,13.81,13.8,13.79,13.78,13.77,13.76,13.75,13.86,13.87,13.89,13.9,13.91,13.92,13.93,13.95,13.96,13.97,14800,9000,6100,15200,44900,45700,11100,10700,4600,27800,200,3900,200,10100,1000,11600,8700,600,5900,32400
10585.0,13.85,18376400,251128693.0,13.85,13.83,13.82,13.81,13.8,13.79,13.78,13.77,13.76,13.75,13.86,13.87,13.89,13.9,13.91,13.92,13.93,13.95,13.96,13.97,14800,9000,6100,15200,44900,45700,11100,10700,4600,27800,200,3900,200,10100,1000,11600,8700,600,5900,32400
10586.0,13.85,18376400,251128693.0,13.85,13.83,13.82,13.81,13.8,13.79,13.78,13.77,13.76,13.75,13.86,13.87,13.89,13.9,13.91,13.92,13.93,13.95,13.96,13.97,14800,9000,6100,15200,44900,45700,11100,10700,4600,27800,200,3900,200,10100,1000,11600,8700,600,5900,32400
10587.0,13.85,18376400,251128693.0,13.85,13.83,13.82,13.81,13.8,13.79,13.78,13.77,13.76,13.75,13.86,13.87,13.89,13.9,13.91,13.92,13.93,13.95,13.96,13.97,14800,10500,6100,15200,44900,45700,11100,10700,4600,27800,200,3900,200,10100,1000,11600,8700,600,5900,32400
10588.0,13.85,18377100,251138388.0,13.85,13.83,13.82,13.81,13.8,13.79,13.78,13.77,13.76,13.75,13.86,13.87,13.89,13.9,13.91,13.92,13.93,13.95,13.96,13.97,14100,10500,6100,15200,45000,45700,11100,10700,4600,27800,200,3900,200,10100,1000,11600,8700,600,5900,32400
10589.0,13.86,18377300,251141160.0,13.86,13.85,13.83,13.82,13.81,13.8,13.79,13.78,13.77,13.76,13.87,13.89,13.9,13.91,13.92,13.93,13.95,13.96,13.97,13.98,2900,14100,10500,6100,15200,45000,45700,11100,10700,4600,3900,200,10100,1000,11600,8700,600,5900,32400,33500
10590.0,13.86,18377700,251146704.0,13.86,13.85,13.83,13.82,13.81,13.8,13.79,13.78,13.77,13.76,13.87,13.89,13.9,13.91,13.92,13.93,13.95,13.96,13.97,13.98,3100,14200,10500,6100,15200,45000,45700,11100,10700,4600,3900,200,10100,1000,11600,8700,600,5900,32400,33500
10591.0,13.86,18377700,251146704.0,13.86,13.85,13.83,13.82,13.81,13.8,13.79,13.78,13.77,13.76,13.87,13.89,13.9,13.91,13.92,13.93,13.95,13.96,13.97,13.98,3100,17200,10500,6100,15200,47000,45700,11100,10700,4600,3900,200,10100,1000,11600,8700,600,5900,32400,33500
10592.0,13.87,18378000,251150865.0,13.86,13.85,13.83,13.82,13.81,13.8,13.79,13.78,13.77,13.76,13.87,13.89,13.9,13.91,13.92,13.93,13.95,13.96,13.97,13.98,3100,17200,10500,6100,15300,47000,45700,11100,10700,4600,3600,200,10100,1000,11600,8700,600,5900,32400,33500
10593.0,13.86,18378600,251159181.0,13.86,13.85,13.83,13.82,13.81,13.8,13.79,13.78,13.77,13.76,13.87,13.89,13.9,13.91,13.92,13.93,13.95,13.96,13.97,13.98,2500,17200,10500,6100,15300,47000,45700,11100,10700,4600,3600,200,10100,1000,11600,8700,600,5900,32400,33500
10594.0,13.86,18378600,251159181.0,13.86,13.85,13.83,13.82,13.81,13.8,13.79,13.78,13.77,13.76,13.87,13.89,13.9,13.91,13.92,13.93,13.95,13.96,13.97,13.98,2500,17200,10500,6100,15300,47000,45700,11100,10700,4600,3600,900,10100,1000,11600,8700,600,5900,32400,33500
10595.0,13.86,18379600,251173044.0,13.86,13.85,13.83,13.82,13.81,13.8,13.79,13.78,13.77,13.76,13.87,13.89,13.9,13.91,13.92,13.93,13.95,13.96,13.97,13.98,1900,17200,11000,6100,15300,47500,45700,11100,10700,4600,3300,900,10100,1000,11600,8700,600,5900,32400,33500
10596.0,13.86,18379600,251173044.0,13.86,13.85,13.83,13.82,13.81,13.8,13.79,13.78,13.77,13.76,13.87,13.89,13.9,13.91,13.92,13.93,13.95,13.96,13.97,13.98,1900,14200,11200,6100,15300,47500,45700,11100,10700,4600,3300,900,10100,1000,11600,8700,600,5900,32400,33500
10597.0,13.86,18379600,251173044.0,13.86,13.85,13.83,13.82,13.81,13.8,13.79,13.78,13.77,13.76,13.87,13.89,13.9,13.91,13.92,13.93,13.95,13.96,13.97,13.98,1900,14200,11200,6100,15300,47500,45700,11100,10700,4600,3300,900,10100,1000,11600,8700,600,5900,32400,33500
10598.0,13.87,18380500,251185527.0,13.86,13.85,13.83,13.82,13.81,13.8,13.79,13.78,13.77,13.76,13.87,13.89,13.9,13.91,13.92,13.93,13.95,13.96,13.97,13.98,1900,14900,9200,6100,15300,47500,45700,11100,10700,4600,2400,900,10100,1000,11600,8700,600,5900,32400,33500
10599.0,13.87,18380500,251185527.0,13.86,13.85,13.83,13.82,13.81,13.8,13.79,13.78,13.77,13.76,13.87,13.89,13.9,13.91,13.92,13.93,13.95,13.96,13.97,13.98,1800,14900,9200,6100,15300,47500,45700,11100,10700,4600,2400,900,10100,1000,11600,8700,600,1300,32400,33500
10600.0,13.87,18380500,251185527.0,13.86,13.85,13.83,13.82,13.81,13.8,13.79,13.78,13.77,13.76,13.87,13.89,13.9,13.91,13.92,13.93,13.95,13.96,13.97,13.98,1800,15400,9200,6100,15300,47500,45700,11100,10700,4600,2400,900,10100,1000,11600,8700,600,1300,32400,33500
10601.0,13.87,18380700,251188301.0,13.86,13.85,13.83,13.82,13.81,13.8,13.79,13.78,13.77,13.76,13.87,13.89,13.9,13.91,13.92,13.93,13.95,13.96,13.97,13.98,4000,15400,9200,6100,15400,47500,45700,11100,10700,4600,2200,900,10100,1000,11600,8700,600,1300,32400,33500
10602.0,13.86,18381100,251193845.0,13.86,13.85,13.83,13.82,13.81,13.8,13.79,13.78,13.77,13.76,13.87,13.89,13.9,13.91,13.92,13.93,13.95,13.96,13.97,13.98,4000,15400,9200,6100,15400,47500,45700,11100,10700,4600,2200,900,10100,1000,11600,8700,600,1300,32400,33500
10603.0,13.86,18382200,251209092.0,13.86,13.85,13.83,13.82,13.81,13.8,13.79,13.78,13.77,13.76,13.87,13.89,13.9,13.91,13.92,13.93,13.95,13.96,13.97,13.98,3500,15400,9200,6100,15400,47500,45700,11100,10700,4600,2100,900,10100,1000,11600,8700,600,1300,32400,33500
10604.0,13.87,18382500,251213253.0,13.86,13.85,13.83,13.82,13.81,13.8,13.79,13.78,13.77,13.76,13.87,13.89,13.9,13.91,13.92,13.93,13.95,13.96,13.97,13.98,3500,15400,9500,6100,15400,47500,45700,11100,10700,4600,1800,900,10100,1000,11600,8700,600,1300,32400,33500
10605.0,13.87,18382500,251213253.0,13.86,13.85,13.83,13.82,13.81,13.8,13.79,13.78,13.77,13.76,13.87,13.89,13.9,13.91,13.92,13.93,13.95,13.96,13.97,13.98,3500,15400,9500,6100,15400,47500,45700,11100,10700,4600,1800,900,10100,1000,11600,8700,600,1300,32400,33500
10606.0,13.87,18382500,251213253.0,13.86,13.85,13.83,13.82,13.81,13.8,13.79,13.78,13.77,13.76,13.87,13.89,13.9,13.91,13.92,13.93,13.95,13.96,13.97,13.98,3900,15300,9500,6100,15400,47500,45700,11100,10700,4600,1800,900,10100,1000,11600,8700,600,1300,32400,33500
10607.0,13.87,18382500,251213253.0,13.86,13.85,13.83,13.82,13.81,13.8,13.79,13.78,13.77,13.76,13.87,13.89,13.9,13.91,13.92,13.93,13.95,13.96,13.97,13.98,3900,15300,9500,6100,15400,47500,45700,11100,10700,4600,1800,200,10100,1000,11600,8700,600,1300,32400,32500
10608.0,13.87,18382600,251214640.0,13.86,13.85,13.83,13.82,13.81,13.8,13.79,13.78,13.77,13.76,13.87,13.89,13.9,13.91,13.92,13.93,13.95,13.96,13.97,13.98,3900,15300,9500,6100,15400,47500,45700,10600,10700,4600,1700,200,10100,1000,11600,8700,600,1300,32400,32500
10609.0,13.86,18383200,251222959.0,13.86,13.85,13.83,13.82,13.81,13.8,13.79,13.78,13.77,13.76,13.87,13.89,13.9,13.91,13.92,13.93,13.95,13.96,13.97,13.98,3600,15300,9500,6100,15400,47500,45700,10600,10700,4600,1400,200,10100,1000,11600,8700,600,1300,32400,32500
10610.0,13.86,18383200,251222959.0,13.86,13.85,13.83,13.82,13.81,13.8,13.79,13.78,13.77,13.76,13.87,13.89,13.9,13.91,13.92,13.93,13.95,13.96,13.97,13.98,3600,15300,9500,6100,15400,47500,45700,10600,10700,4600,1400,200,10100,1000,11600,8700,600,1300,32400,32500
10611.0,13.87,18385000,251247915.0,13.86,13.85,13.83,13.82,13.81,13.8,13.79,13.78,13.77,13.76,13.87,13.89,13.9,13.91,13.92,13.93,13.95,13.96,13.97,13.98,2100,15300,9500,6100,15400,47500,45700,10600,10700,4600,600,200,10100,1000,11600,8700,600,1300,32400,32500
10612.0,13.87,18385000,251247915.0,13.86,13.85,13.83,13.82,13.81,13.8,13.79,13.78,13.77,13.76,13.87,13.89,13.9,13.91,13.92,13.93,13.95,13.96,13.97,13.98,2100,15300,9500,6100,15400,47500,45700,10600,10700,4600,600,200,10100,1000,11600,8700,600,1300,32400,32500
10613.0,13.87,18385600,251256237.0,13.87,13.86,13.85,13.83,13.82,13.81,13.8,13.79,13.78,13.77,13.89,13.9,13.91,13.92,13.93,13.95,13.96,13.97,13.98,13.99,800,2100,15300,9500,6100,15400,47500,45700,10600,10700,200,10100,1000,11600,8700,600,1300,32400,32500,60800
10614.0,13.87,18385900,251260398.0,13.87,13.86,13.85,13.83,13.82,13.81,13.8,13.79,13.78,13.77,13.89,13.9,13.91,13.92,13.93,13.95,13.96,13.97,13.98,13.99,1000,2100,15300,9500,6100,15400,47500,45700,10600,10700,200,10100,1000,11600,8700,600,1300,32400,32500,60800
10615.0,13.87,18385900,251260398.0,13.87,13.86,13.85,13.83,13.82,13.81,13.8,13.79,13.78,13.77,13.88,13.89,13.9,13.91,13.92,13.93,13.95,13.96,13.97,13.98,1400,2100,15300,9500,6100,15400,47500,45700,10600,10700,3000,200,10100,1000,11600,8700,600,1300,32400,32500
10616.0,13.87,18386000,251261785.0,13.87,13.86,13.85,13.83,13.82,13.81,13.8,13.79,13.78,13.77,13.88,13.89,13.9,13.91,13.92,13.93,13.95,13.96,13.97,13.98,1300,2100,15300,9500,6100,15400,47500,45700,10600,10700,3000,200,10100,1000,11600,8700,600,1300,27200,32500
10617.0,13.86,18388800,251300612.0,13.86,13.85,13.83,13.82,13.81,13.8,13.79,13.78,13.77,13.76,13.89,13.9,13.91,13.92,13.93,13.95,13.96,13.97,13.98,13.99,900,15300,9500,6100,15400,47500,45700,10600,10700,4600,200,10100,1000,11600,8700,600,1300,27200,32500,60800
10618.0,13.86,18390000,251317244.0,13.85,13.83,13.82,13.81,13.8,13.79,13.78,13.77,13.76,13.75,13.86,13.89,13.9,13.91,13.92,13.93,13.95,13.96,13.97,13.98,15300,9500,6100,15400,47500,45700,10600,10700,4600,27800,2200,600,10100,1000,11600,8700,600,1300,27200,32500
10619.0,13.86,18390100,251318630.0,13.85,13.83,13.82,13.81,13.8,13.79,13.78,13.77,13.76,13.75,13.86,13.89,13.9,13.91,13.92,13.93,13.95,13.96,13.97,13.98,15300,8000,6100,15400,47500,45700,10600,10700,4600,27800,2200,600,10100,1000,11600,8700,600,1300,27200,32500
10620.0,13.86,18390700,251326946.0,13.85,13.83,13.82,13.81,13.8,13.79,13.78,13.77,13.76,13.75,13.86,13.89,13.9,13.91,13.92,13.93,13.95,13.96,13.97,13.98,15300,8000,6100,15400,47500,45700,10600,10700,4600,27800,1600,600,10100,1000,11600,8700,600,1300,27200,32500
10621.0,13.86,18390700,251326946.0,13.85,13.83,13.82,13.81,13.8,13.79,13.78,13.77,13.76,13.75,13.86,13.89,13.9,13.91,13.92,13.93,13.95,13.96,13.97,13.98,15300,8000,6100,15400,47500,45700,10600,10700,4600,27800,1600,2400,10100,1000,11600,8700,600,1300,27200,32500
10622.0,13.86,18391600,251339420.0,13.85,13.83,13.82,13.81,13.8,13.79,13.78,13.77,13.76,13.75,13.86,13.89,13.9,13.91,13.92,13.93,13.95,13.96,13.97,13.98,15400,8000,6100,15400,47500,45700,10600,10700,4600,27800,700,2400,10100,1000,11600,8700,600,1300,27200,32500
10623.0,13.85,18392300,251349115.0,13.85,13.83,13.82,13.81,13.8,13.79,13.78,13.77,13.76,13.75,13.86,13.89,13.9,13.91,13.92,13.93,13.95,13.96,13.97,13.98,14700,8000,6100,15400,47500,45700,10600,10700,4600,27800,700,2400,10100,1000,11600,8700,600,1300,27200,32500
10624.0,13.85,18392600,251353270.0,13.85,13.83,13.82,13.81,13.8,13.79,13.78,13.77,13.76,13.75,13.86,13.89,13.9,13.91,13.92,13.93,13.95,13.96,13.97,13.98,14400,8000,6100,15400,47500,45700,10600,10700,4600,28200,700,2400,10100,1000,11600,8700,600,1300,27200,32500
10625.0,13.86,18392700,251354656.0,13.85,13.83,13.82,13.81,13.8,13.79,13.78,13.77,13.76,13.75,13.86,13.89,13.9,13.91,13.92,13.93,13.95,13.96,13.97,13.98,14400,8000,6100,15400,47500,45700,10600,10700,4600,28200,700,2400,10100,1000,11600,8700,600,1300,27200,32500
10626.0,13.86,18393400,251364358.0,13.87,13.86,13.85,13.83,13.82,13.81,13.8,13.79,13.78,13.77,13.89,13.9,13.91,13.92,13.93,13.95,13.96,13.97,13.98,13.99,21100,100,14400,8000,6100,15400,47500,45700,10600,10700,2400,10100,1000,11600,8700,600,1300,27200,32500,60800
10627.0,13.87,18394900,251385163.0,13.87,13.86,13.85,13.83,13.82,13.81,13.8,13.79,13.78,13.77,13.89,13.9,13.91,13.92,13.93,13.95,13.96,13.97,13.98,13.99,19600,9100,14400,8000,6100,15400,47500,45700,10600,10700,3900,10100,1000,11600,8700,600,1300,27200,32500,60800
10628.0,13.87,18394900,251385163.0,13.87,13.86,13.85,13.83,13.82,13.81,13.8,13.79,13.78,13.77,13.89,13.9,13.91,13.92,13.93,13.95,13.96,13.97,13.98,13.99,19600,9100,14400,8000,6100,15400,47500,45700,10600,10700,3900,10200,1000,11600,5600,600,1300,27200,32500,60800
10629.0,13.89,18395200,251389330.0,13.87,13.86,13.85,13.83,13.82,13.81,13.8,13.79,13.78,13.77,13.89,13.9,13.91,13.92,13.93,13.95,13.96,13.97,13.98,13.99,19600,9100,14400,8000,6100,15400,47500,45700,10600,10700,3600,10200,1000,11600,5600,600,1300,27200,32500,60800
10630.0,13.87,18395900,251399039.0,13.87,13.86,13.85,13.83,13.82,13.81,13.8,13.79,13.78,13.77,13.89,13.9,13.91,13.92,13.93,13.94,13.95,13.96,13.97,13.98,18900,9100,14400,8000,6100,15400,47500,45700,10600,10700,3600,10200,1000,11600,5600,1300,600,1300,27200,32500
10631.0,13.89,18396800,251411540.0,13.87,13.86,13.85,13.83,13.82,13.81,13.8,13.79,13.78,13.77,13.89,13.9,13.91,13.92,13.93,13.94,13.95,13.96,13.97,13.98,18900,9100,14400,8000,6100,15400,47500,45700,10600,10700,2700,10200,1000,11600,5600,1300,600,1300,27200,32500
10632.0,13.89,18397000,251414318.0,13.87,13.86,13.85,13.83,13.82,13.81,13.8,13.79,13.78,13.77,13.89,13.9,13.91,13.92,13.93,13.94,13.95,13.96,13.97,13.98,18900,9100,14400,8000,6100,15400,47500,45700,10600,10700,2500,10200,1000,11600,5600,1300,600,1300,27200,32500
10633.0,13.89,18397000,251414318.0,13.87,13.86,13.85,13.83,13.82,13.81,13.8,13.79,13.78,13.77,13.89,13.9,13.91,13.92,13.93,13.94,13.95,13.96,13.97,13.98,18900,9100,14400,8000,6100,15400,47500,45700,10600,10700,2500,10200,1000,11600,5600,1300,600,1300,27200,32500
10634.0,13.87,18397200,251417092.0,13.87,13.86,13.85,13.83,13.82,13.81,13.8,13.79,13.78,13.77,13.88,13.89,13.9,13.91,13.92,13.93,13.94,13.95,13.96,13.97,19300,9100,14400,8000,6100,15400,47500,45700,10600,10700,3000,2500,10200,1000,11600,5600,1300,600,1300,27200
10635.0,13.88,18397500,251421256.0,13.87,13.86,13.85,13.83,13.82,13.81,13.8,13.79,13.78,13.77,13.88,13.89,13.9,13.91,13.92,13.93,13.94,13.95,13.96,13.97,19300,9100,14400,8000,6100,15400,47500,45700,10600,10700,2700,2500,10200,1000,11600,5600,1300,600,1300,27200
10636.0,13.88,18397500,251421256.0,13.87,13.86,13.85,13.83,13.82,13.81,13.8,13.79,13.78,13.77,13.88,13.89,13.9,13.91,13.92,13.93,13.94,13.95,13.96,13.97,19300,9100,14400,8000,6100,15400,47500,45700,10600,10700,2700,2500,10200,1000,11600,5400,1300,600,1300,27200
10637.0,13.87,18398200,251430965.0,13.87,13.86,13.85,13.83,13.82,13.81,13.8,13.79,13.78,13.77,13.88,13.89,13.9,13.91,13.92,13.93,13.94,13.95,13.96,13.97,18600,9100,14400,8000,6100,15400,47500,45700,10600,10700,2700,2500,10200,1000,11600,5400,1300,600,1300,27200
10638.0,13.88,18398400,251433741.0,13.87,13.86,13.85,13.83,13.82,13.81,13.8,13.79,13.78,13.77,13.88,13.89,13.9,13.91,13.92,13.93,13.94,13.95,13.96,13.97,18700,9100,14400,8000,6100,15400,47500,45700,10600,10700,2500,2500,10200,1000,11600,5400,1300,600,1300,27200
10639.0,13.88,18398400,251433741.0,13.87,13.86,13.85,13.83,13.82,13.81,13.8,13.79,13.78,13.77,13.88,13.89,13.9,13.91,13.92,13.93,13.94,13.95,13.96,13.97,19500,9100,14400,8000,6100,15400,47500,45700,10600,10700,2500,2500,10200,1000,11600,5400,1300,600,1300,27200
10640.0,13.89,18401400,251475386.0,13.87,13.86,13.85,13.83,13.82,13.81,13.8,13.79,13.78,13.77,13.89,13.9,13.91,13.92,13.93,13.94,13.95,13.96,13.97,13.98,19500,9100,14400,8000,6100,15400,47500,45700,10600,10700,2000,10200,1000,11600,5400,1300,600,1300,27200,28900
10641.0,13.89,18401600,251478164.0,13.87,13.86,13.85,13.83,13.82,13.81,13.8,13.79,13.78,13.77,13.89,13.9,13.91,13.92,13.93,13.94,13.95,13.96,13.97,13.98,19500,9100,14400,8000,6100,15400,47500,45700,10600,10700,1800,10200,1000,11600,5400,1300,600,1300,27200,28900
10642.0,13.89,18401900,251482331.0,13.87,13.86,13.85,13.83,13.82,13.81,13.8,13.79,13.78,13.77,13.89,13.9,13.91,13.92,13.93,13.94,13.95,13.96,13.97,13.98,19500,9100,14400,8000,6100,15400,47500,45700,10600,10700,1500,10200,1000,11600,5400,1300,600,1300,27200,28900
10643.0,13.87,18405000,251525328.0,13.87,13.86,13.85,13.83,13.82,13.81,13.8,13.79,13.78,13.77,13.89,13.9,13.91,13.92,13.93,13.94,13.95,13.96,13.97,13.98,16400,9100,14400,8000,6100,15400,47500,45700,10600,10700,1500,10200,1000,11600,5400,1300,600,1300,27200,28900
10644.0,13.87,18405800,251536426.0,13.87,13.86,13.85,13.83,13.82,13.81,13.8,13.79,13.78,13.77,13.89,13.9,13.91,13.92,13.93,13.94,13.95,13.96,13.97,13.98,15700,9100,14400,8000,6100,15400,47500,45700,10600,10700,1400,10200,1000,11600,5400,1300,600,1300,27200,28900
10645.0,13.87,18406200,251541974.0,13.87,13.86,13.85,13.83,13.82,13.81,13.8,13.79,13.78,13.77,13.89,13.9,13.91,13.92,13.93,13.94,13.95,13.96,13.97,13.98,15300,9100,14400,8000,6100,15400,47500,45700,10600,10700,2400,10200,1000,11600,5400,1300,600,1300,27200,28900
10646.0,13.89,18406300,251543363.0,13.87,13.86,13.85,13.83,13.82,13.81,13.8,13.79,13.78,13.77,13.89,13.9,13.91,13.92,13.93,13.94,13.95,13.96,13.97,13.98,15300,9100,14400,8000,6100,15400,47500,45700,10600,10700,2300,10200,1000,11600,5400,1300,600,1300,27200,28900
10647.0,13.89,18406700,251548919.0,13.87,13.86,13.85,13.83,13.82,13.81,13.8,13.79,13.78,13.77,13.89,13.9,13.91,13.92,13.93,13.94,13.95,13.96,13.97,13.98,15300,9100,14400,8000,6100,15400,47500,45700,10600,10700,1900,10200,1000,11600,5400,1300,600,1300,27200,28900
10648.0,13.89,18408200,251569754.0,13.87,13.86,13.85,13.83,13.82,13.81,13.8,13.79,13.78,13.77,13.89,13.9,13.91,13.92,13.93,13.94,13.95,13.96,13.97,13.98,15300,9100,14400,8000,6100,15400,47500,45700,10600,10700,400,10200,1000,11600,5400,1300,600,1300,27200,28900
10649.0,13.89,18408200,251569754.0,13.87,13.86,13.85,13.83,13.82,13.81,13.8,13.79,13.78,13.77,13.89,13.9,13.91,13.92,13.93,13.94,13.95,13.96,13.97,13.98,15300,9100,14400,8000,6100,15400,47500,45700,10600,10700,400,10200,1000,11600,5400,1300,600,1300,27200,28900
10650.0,13.89,18408300,251571143.0,13.87,13.86,13.85,13.83,13.82,13.81,13.8,13.79,13.78,13.77,13.89,13.9,13.91,13.92,13.93,13.94,13.95,13.96,13.97,13.98,15300,9100,14400,8000,7100,15400,47500,45700,10600,10700,300,10200,1000,11600,5400,1300,600,1300,27200,28900
10651.0,13.87,18409000,251580852.0,13.87,13.86,13.85,13.83,13.82,13.81,13.8,13.79,13.78,13.77,13.89,13.9,13.91,13.92,13.93,13.94,13.95,13.96,13.97,13.98,14600,9100,14400,8000,7100,15400,47500,45700,10600,10900,300,10200,1000,11600,5400,1300,4200,1300,27200,28900
10652.0,13.87,18409000,251580852.0,13.87,13.86,13.85,13.83,13.82,13.81,13.8,13.79,13.78,13.77,13.89,13.9,13.91,13.92,13.93,13.94,13.95,13.96,13.97,13.98,14600,9100,14400,8000,7100,13400,47500,45700,10600,10900,300,10200,1000,11600,5400,1300,4200,1300,27200,28900
10653.0,13.87,18409300,251585013.0,13.87,13.86,13.85,13.83,13.82,13.81,13.8,13.79,13.78,13.77,13.89,13.9,13.91,13.92,13.93,13.94,13.95,13.96,13.97,13.98,14300,9100,14400,8000,7100,13400,47500,45700,10600,10900,300,10200,1000,11600,5400,1300,4200,1300,27200,28900
10654.0,13.87,18409300,251585013.0,13.87,13.86,13.85,13.83,13.82,13.81,13.8,13.79,13.78,13.77,13.89,13.9,13.91,13.92,13.93,13.94,13.95,13.96,13.97,13.98,14300,9100,14400,8000,7100,13400,47500,45700,10600,10900,300,10200,1000,11600,5400,1300,4200,1300,27200,28900
10655.0,13.87,18409300,251585013.0,13.87,13.86,13.85,13.83,13.82,13.81,13.8,13.79,13.78,13.77,13.89,13.9,13.91,13.92,13.93,13.94,13.95,13.96,13.97,13.98,14300,9100,14400,8000,7200,13400,47500,45700,10600,10900,300,10200,1000,11600,5400,1300,4200,1300,27200,28900
10656.0,13.87,18409300,251585013.0,13.87,13.86,13.85,13.83,13.82,13.81,13.8,13.79,13.78,13.77,13.89,13.9,13.91,13.92,13.93,13.94,13.95,13.96,13.97,13.98,14300,9100,14400,8000,7200,13400,47500,45700,10600,10900,300,10200,1000,11600,5400,1300,4200,1300,27200,28900
10657.0,13.87,18409300,251585013.0,13.87,13.86,13.85,13.83,13.82,13.81,13.8,13.79,13.78,13.77,13.89,13.9,13.91,13.92,13.93,13.94,13.95,13.96,13.97,13.98,14300,9100,14400,8000,7200,13400,47500,45700,10600,10900,300,10200,1000,11600,5400,1300,4200,1300,27200,28900
10658.0,13.87,18409300,251585013.0,13.87,13.86,13.85,13.83,13.82,13.81,13.8,13.79,13.78,13.77,13.89,13.9,13.91,13.92,13.93,13.94,13.95,13.96,13.97,13.98,14300,9100,14400,8000,7200,13400,47500,45700,10600,10900,300,10200,1000,11600,5400,1300,4200,1300,27200,28900
10659.0,13.87,18410000,251594722.0,13.87,13.86,13.85,13.83,13.82,13.81,13.8,13.79,13.78,13.77,13.89,13.9,13.91,13.92,13.93,13.94,13.95,13.96,13.97,13.98,13600,9100,14400,8000,7200,13400,47500,45700,10600,10900,300,10200,1000,11600,5400,1300,4200,1300,27200,28900
10660.0,13.87,18410000,251594722.0,13.87,13.86,13.85,13.83,13.82,13.81,13.8,13.79,13.78,13.77,13.89,13.9,13.91,13.92,13.93,13.94,13.95,13.96,13.97,13.98,13600,9100,14400,8000,7200,13400,47500,45700,10600,10900,300,10200,1000,1600,5400,1300,4200,1300,27200,28900
10661.0,13.87,18410000,251594722.0,13.87,13.86,13.85,13.83,13.82,13.81,13.8,13.79,13.78,13.77,13.89,13.9,13.91,13.92,13.93,13.94,13.95,13.96,13.97,13.98,13600,9100,14400,8000,7200,13400,47500,45700,10600,10900,300,10200,1000,1600,5400,1300,4200,1300,27200,28900
10662.0,13.87,18410000,251594722.0,13.87,13.86,13.85,13.83,13.82,13.81,13.8,13.79,13.78,13.77,13.89,13.9,13.91,13.92,13.93,13.94,13.95,13.96,13.97,13.98,13600,9100,14400,8000,7200,13400,47500,45700,10600,10900,300,10200,1000,1600,5400,1300,4200,1300,27200,28900
10663.0,13.87,18410000,251594722.0,13.87,13.86,13.85,13.83,13.82,13.81,13.8,13.79,13.78,13.77,13.89,13.9,13.91,13.92,13.93,13.94,13.95,13.96,13.97,13.98,17100,9100,14400,8000,7200,13400,47500,45700,10600,10900,300,10200,1000,1600,5400,1300,4200,1300,27200,28900
10664.0,13.87,18410000,251594722.0,13.87,13.86,13.85,13.83,13.82,13.81,13.8,13.79,13.78,13.77,13.89,13.9,13.91,13.92,13.93,13.94,13.95,13.96,13.97,13.98,17100,9100,14400,8000,7200,13400,47500,45700,10600,10900,300,10200,1000,1600,5400,1300,4200,1300,27200,28900
10665.0,13.87,18410000,251594722.0,13.87,13.86,13.85,13.83,13.82,13.81,13.8,13.79,13.78,13.77,13.89,13.9,13.91,13.92,13.93,13.94,13.95,13.96,13.97,13.98,17100,9100,14400,8000,7200,13400,47500,45700,10600,10900,300,10200,1000,1600,5400,1300,4200,1300,27200,28900
10666.0,13.89,18411000,251608598.0,13.89,13.87,13.86,13.85,13.83,13.82,13.81,13.8,13.79,13.78,13.9,13.91,13.92,13.93,13.94,13.95,13.96,13.97,13.98,13.99,400,16400,9100,14400,8000,7200,13400,47500,45700,10600,10200,1000,1600,5400,1300,4200,1300,27200,28900,60800
10667.0,13.89,18411100,251609987.0,13.89,13.87,13.86,13.85,13.83,13.82,13.81,13.8,13.79,13.78,13.9,13.91,13.92,13.93,13.94,13.95,13.96,13.97,13.98,13.99,300,16400,9100,14400,8000,7200,13400,47500,45700,10600,10200,1000,1600,5400,1300,4200,1300,27200,28900,60800
10668.0,13.9,18411800,251619717.0,13.89,13.87,13.86,13.85,13.83,13.82,13.81,13.8,13.79,13.78,13.9,13.91,13.92,13.93,13.94,13.95,13.96,13.97,13.98,13.99,300,16400,9100,14400,8000,7200,13400,47500,45700,10600,9500,1000,1600,5400,1300,4200,1300,27200,28900,60800
10669.0,13.89,18412100,251623884.0,13.87,13.86,13.85,13.83,13.82,13.81,13.8,13.79,13.78,13.77,13.89,13.9,13.91,13.92,13.93,13.94,13.95,13.96,13.97,13.98,16400,9100,14400,8000,7200,13400,47500,45700,10600,10900,100,9500,1000,1600,5400,1300,4200,1300,27200,28900
10670.0,13.89,18412100,251623884.0,13.87,13.86,13.85,13.83,13.82,13.81,13.8,13.79,13.78,13.77,13.89,13.9,13.91,13.92,13.93,13.94,13.95,13.96,13.97,13.98,16400,9000,14400,8000,7200,13400,47500,45700,10600,10900,100,9500,1000,1600,5400,1300,4200,1300,27200,28900
10671.0,13.87,18412200,251625271.0,13.87,13.86,13.85,13.83,13.82,13.81,13.8,13.79,13.78,13.77,13.89,13.9,13.91,13.92,13.93,13.94,13.95,13.96,13.97,13.98,16300,9000,14400,8000,7200,13400,47500,45700,10600,10900,100,9500,1000,1600,5400,1300,4200,1300,27200,28900
10672.0,13.87,18412300,251626658.0,13.87,13.86,13.85,13.83,13.82,13.81,13.8,13.79,13.78,13.77,13.89,13.9,13.91,13.92,13.93,13.94,13.95,13.96,13.97,13.98,16200,9000,14400,8000,7200,13400,47500,45700,10600,10900,100,9500,1000,1600,5400,1300,4200,1300,27200,28900
10673.0,13.87,18413000,251636367.0,13.87,13.86,13.85,13.83,13.82,13.81,13.8,13.79,13.78,13.77,13.89,13.9,13.91,13.92,13.93,13.94,13.95,13.96,13.97,13.98,15500,9000,14400,8000,7200,13400,47500,45700,10600,10900,100,9500,1000,1600,5400,1300,4200,1300,27200,28900
10674.0,13.87,18413000,251636367.0,13.87,13.86,13.85,13.83,13.82,13.81,13.8,13.79,13.78,13.77,13.89,13.9,13.91,13.92,13.93,13.94,13.95,13.96,13.97,13.98,15500,9000,14400,8000,7200,13400,47300,45700,10600,10900,100,9500,1000,1600,5400,1300,4200,1300,27200,28900
10675.0,13.87,18413000,251636367.0,13.87,13.86,13.85,13.83,13.82,13.81,13.8,13.79,13.78,13.77,13.89,13.9,13.91,13.92,13.93,13.94,13.95,13.96,13.97,13.98,15500,9000,14400,8000,7200,13400,47300,45700,10600,10900,100,9500,1000,1600,5400,1300,4200,1300,27200,28900
10676.0,13.89,18413100,251637756.0,13.87,13.86,13.85,13.83,13.82,13.81,13.8,13.79,13.78,13.77,13.9,13.91,13.92,13.93,13.94,13.95,13.96,13.97,13.98,13.99,15500,9000,14400,8000,7200,13400,47300,45700,11600,10900,9500,1000,1600,5400,1300,4200,1300,27200,28900,60800
10677.0,13.9,18413800,251647486.0,13.89,13.87,13.86,13.85,13.83,13.82,13.81,13.8,13.79,13.78,13.9,13.91,13.92,13.93,13.94,13.95,13.96,13.97,13.98,13.99,2900,15500,9000,14400,8000,7200,13400,47300,45700,11600,8800,1000,1600,5400,1300,4200,1300,27200,28900,60800
10678.0,13.9,18413800,251647486.0,13.89,13.87,13.86,13.85,13.83,13.82,13.81,13.8,13.79,13.78,13.9,13.91,13.92,13.93,13.94,13.95,13.96,13.97,13.98,13.99,2900,15500,9000,14400,8000,7200,13400,47300,45700,11600,8800,1000,1600,5400,1300,4200,1300,27200,28900,60800
10679.0,13.9,18413800,251647486.0,13.89,13.87,13.86,13.85,13.83,13.82,13.81,13.8,13.79,13.78,13.9,13.91,13.92,13.93,13.94,13.95,13.96,13.97,13.98,13.99,2900,20200,9000,14400,8000,7200,13400,47300,45700,11600,8800,1000,1600,5400,1300,4200,1300,27200,28900,60800
10680.0,13.89,18414800,251661383.0,13.89,13.87,13.86,13.85,13.83,13.82,13.81,13.8,13.79,13.78,13.9,13.91,13.92,13.93,13.94,13.95,13.96,13.97,13.98,13.99,2600,20200,9000,14400,8000,7200,13400,47300,45700,11600,8100,1000,1600,5400,1300,4200,1300,27200,28900,60800
10681.0,13.89,18414800,251661383.0,13.89,13.87,13.86,13.85,13.83,13.82,13.81,13.8,13.79,13.78,13.9,13.91,13.92,13.93,13.94,13.95,13.96,13.97,13.98,13.99,2600,20200,9500,14400,8000,7200,13400,47300,45700,11600,8100,1000,1600,5400,1300,4200,1300,27200,28900,60800
10682.0,13.89,18414800,251661383.0,13.89,13.87,13.86,13.85,13.83,13.82,13.81,13.8,13.79,13.78,13.9,13.91,13.92,13.93,13.94,13.95,13.96,13.97,13.98,13.99,2600,20200,9500,14400,8000,7200,13400,47300,45700,11600,8100,1000,1600,5400,1300,4200,1300,27200,28900,60800
10683.0,13.89,18415000,251664161.0,13.89,13.87,13.86,13.85,13.83,13.82,13.81,13.8,13.79,13.78,13.9,13.91,13.92,13.93,13.94,13.95,13.96,13.97,13.98,13.99,2400,20200,9500,14400,8000,7200,13400,47300,45700,11600,8100,1000,1600,5400,1300,4200,1300,27200,28900,60800
10684.0,13.89,18415100,251665550.0,13.89,13.87,13.86,13.85,13.83,13.82,13.81,13.8,13.79,13.78,13.9,13.91,13.92,13.93,13.94,13.95,13.96,13.97,13.98,13.99,2300,20700,9500,14400,8000,7200,13400,47300,45700,11600,8400,1000,1600,5400,1300,4200,1300,27200,28900,60800
10685.0,13.89,18415400,251669717.0,13.89,13.87,13.86,13.85,13.83,13.82,13.81,13.8,13.79,13.78,13.9,13.91,13.92,13.93,13.94,13.95,13.96,13.97,13.98,13.99,2000,20700,9500,14400,8000,7200,13400,47300,45700,11600,8400,1000,1600,5400,1300,4200,1300,27200,29600,60800
10686.0,13.89,18415600,251672495.0,13.89,13.87,13.86,13.85,13.83,13.82,13.81,13.8,13.79,13.78,13.9,13.91,13.92,13.93,13.94,13.95,13.96,13.97,13.98,13.99,1800,20700,9500,14400,8000,7200,9500,47300,45700,11600,8400,1000,1600,5400,1300,4200,1300,27200,29600,60800
10687.0,13.89,18417100,251693344.0,13.89,13.87,13.86,13.85,13.83,13.82,13.81,13.8,13.79,13.78,13.9,13.91,13.92,13.93,13.94,13.95,13.96,13.97,13.98,13.99,1700,20700,9500,14400,8000,7200,9500,47300,45700,11600,7000,1000,1600,5400,1300,4200,1300,27200,29600,60800
10688.0,13.89,18417100,251693344.0,13.89,13.87,13.86,13.85,13.83,13.82,13.81,13.8,13.79,13.78,13.9,13.91,13.92,13.93,13.94,13.95,13.96,13.97,13.98,13.99,1700,20700,9500,14400,8000,7200,9500,47300,45700,11600,7000,1000,1600,5400,1300,4200,1300,27200,29600,60800
10689.0,13.89,18417200,251694733.0,13.89,13.87,13.86,13.85,13.83,13.82,13.81,13.8,13.79,13.78,13.9,13.91,13.92,13.93,13.94,13.95,13.96,13.97,13.98,13.99,1100,20700,9500,14400,8000,7200,9500,47300,45700,11600,7000,1000,1600,5400,1300,4200,1300,27200,29600,60800
10690.0,13.89,18417200,251694733.0,13.89,13.87,13.86,13.85,13.83,13.82,13.81,13.8,13.79,13.78,13.9,13.91,13.92,13.93,13.94,13.95,13.96,13.97,13.98,13.99,1100,20700,9500,14400,8000,7200,9500,47300,45700,11600,7500,1000,1600,5400,1300,4200,1300,34800,29600,60800
10691.0,13.89,18417200,251694733.0,13.89,13.88,13.87,13.86,13.85,13.83,13.82,13.81,13.8,13.79,13.9,13.91,13.92,13.93,13.94,13.95,13.96,13.97,13.98,13.99,1100,200,20700,9500,14400,8000,7200,9500,47300,45700,7500,1000,1600,5400,1300,4200,1300,34800,29600,60800
10692.0,13.9,18417500,251698902.0,13.89,13.88,13.87,13.86,13.85,13.83,13.82,13.81,13.8,13.79,13.9,13.91,13.92,13.93,13.94,13.95,13.96,13.97,13.98,13.99,1000,600,20700,9500,14400,8000,7200,9500,47300,45700,7300,1000,1600,5400,1300,4200,1300,34800,29600,61800
10693.0,13.9,18417500,251698902.0,13.89,13.88,13.87,13.86,13.85,13.83,13.82,13.81,13.8,13.79,13.9,13.91,13.92,13.93,13.94,13.95,13.96,13.97,13.98,13.99,1000,600,20600,9500,14400,8000,7200,9500,47300,45700,7300,1000,21600,5400,1300,4200,1300,34800,29600,61800
10694.0,13.89,18417600,251700291.0,13.89,13.88,13.87,13.86,13.85,13.83,13.82,13.81,13.8,13.79,13.9,13.91,13.92,13.93,13.94,13.95,13.96,13.97,13.98,13.99,900,600,20600,9500,14400,8000,7200,9500,47300,45700,7300,1000,21600,5400,1300,4200,1300,34800,29600,61800
10695.0,13.89,18417600,251700291.0,13.89,13.88,13.87,13.86,13.85,13.83,13.82,13.81,13.8,13.79,13.9,13.91,13.92,13.93,13.94,13.95,13.96,13.97,13.98,13.99,900,600,20600,9500,14400,8000,7200,9500,47300,45700,7300,1000,21600,5400,1300,4200,1300,34800,29600,61800
10696.0,13.89,18417600,251700291.0,13.89,13.88,13.87,13.86,13.85,13.83,13.82,13.81,13.8,13.79,13.9,13.91,13.92,13.93,13.94,13.95,13.96,13.97,13.98,13.99,900,900,20600,9500,14400,8000,7200,9500,47300,45700,7300,1000,21600,5400,1300,4200,1300,34800,29600,61800
10697.0,13.89,18417600,251700291.0,13.89,13.88,13.87,13.86,13.85,13.83,13.82,13.81,13.8,13.79,13.9,13.91,13.92,13.93,13.94,13.95,13.96,13.97,13.98,13.99,900,900,20600,9500,14400,8000,7200,9500,47300,45700,7300,1000,21600,5400,1300,4200,1300,34800,29600,61800
10698.0,13.9,18419000,251719751.0,13.89,13.88,13.87,13.86,13.85,13.83,13.82,13.81,13.8,13.79,13.9,13.91,13.92,13.93,13.94,13.95,13.96,13.97,13.98,13.99,900,900,20600,1500,14400,8000,7200,9500,47300,45700,5900,1000,21600,5400,1300,4200,1300,34800,29600,61800
10699.0,13.88,18420300,251737804.0,13.88,13.87,13.86,13.85,13.83,13.82,13.81,13.8,13.79,13.78,13.9,13.91,13.92,13.93,13.94,13.95,13.96,13.97,13.98,13.99,500,20600,1500,14400,8000,7200,9500,47300,45700,11600,5900,1000,21600,5400,1300,4200,1300,34800,29600,61800
10700.0,13.88,18420300,251737804.0,13.88,13.87,13.86,13.85,13.83,13.82,13.81,13.8,13.79,13.78,13.9,13.91,13.92,13.93,13.94,13.95,13.96,13.97,13.98,13.99,500,20600,1500,14400,8000,7200,9500,47300,45700,11600,5900,1000,21600,5400,1300,4200,1300,34800,29600,61800
10701.0,13.88,18420300,251737804.0,13.88,13.87,13.86,13.85,13.83,13.82,13.81,13.8,13.79,13.78,13.9,13.91,13.92,13.93,13.94,13.95,13.96,13.97,13.98,13.99,500,20600,1500,14400,8000,7200,9500,47300,45700,11600,5900,1000,21600,5400,1300,4200,1300,34800,29600,61800
10702.0,13.88,18420300,251737804.0,13.88,13.87,13.86,13.85,13.83,13.82,13.81,13.8,13.79,13.78,13.9,13.91,13.92,13.93,13.94,13.95,13.96,13.97,13.98,13.99,500,20600,1500,14400,8000,7200,9500,47300,45700,11600,5900,1000,21600,5400,1300,4200,1300,34800,29600,61800
10703.0,13.88,18420300,251737804.0,13.88,13.87,13.86,13.85,13.83,13.82,13.81,13.8,13.79,13.78,13.9,13.91,13.92,13.93,13.94,13.95,13.96,13.97,13.98,13.99,500,20600,1500,14400,8000,7200,9500,47300,45700,11600,5900,1000,21600,5400,1300,4200,1300,34800,29600,61800
10704.0,13.88,18420300,251737804.0,13.88,13.87,13.86,13.85,13.83,13.82,13.81,13.8,13.79,13.78,13.9,13.91,13.92,13.93,13.94,13.95,13.96,13.97,13.98,13.99,500,20600,1500,14400,8000,7200,9500,48500,45700,11600,5900,1000,21600,5400,1300,4200,1300,34800,29600,61800
10705.0,13.88,18420300,251737804.0,13.88,13.87,13.86,13.85,13.83,13.82,13.81,13.8,13.79,13.78,13.9,13.91,13.92,13.93,13.94,13.95,13.96,13.97,13.98,13.99,500,20600,1500,14400,8000,7200,9500,48500,45700,11600,5900,1000,21600,5400,1300,4200,1300,34800,29600,61800
10706.0,13.88,18420300,251737804.0,13.88,13.87,13.86,13.85,13.83,13.82,13.81,13.8,13.79,13.78,13.89,13.9,13.91,13.92,13.93,13.94,13.95,13.96,13.97,13.98,500,20600,1500,14400,8000,7200,9500,48500,45700,11600,100,5900,1000,21600,5400,1300,4200,1300,34800,29600
10707.0,13.88,18420300,251737804.0,13.88,13.87,13.86,13.85,13.83,13.82,13.81,13.8,13.79,13.78,13.89,13.9,13.91,13.92,13.93,13.94,13.95,13.96,13.97,13.98,500,20600,1500,14400,8000,7200,9500,48500,45700,11600,100,5900,1000,21600,5400,1300,4200,1300,34800,29600
10708.0,13.88,18420800,251744744.0,13.87,13.86,13.85,13.83,13.82,13.81,13.8,13.79,13.78,13.77,13.88,13.89,13.9,13.91,13.92,13.93,13.94,13.95,13.96,13.97,20600,1500,14400,8000,7200,9500,48500,45700,11600,10900,500,100,5900,1000,21600,5400,1300,4200,1300,34800
10709.0,13.87,18421900,251760002.0,13.87,13.86,13.85,13.83,13.82,13.81,13.8,13.79,13.78,13.77,13.88,13.89,13.9,13.91,13.92,13.93,13.94,13.95,13.96,13.97,19600,1500,14400,8000,7200,9500,48500,45700,11600,10900,400,100,5900,1000,21600,5400,1300,4200,1300,34800
10710.0,13.87,18422600,251769711.0,13.87,13.86,13.85,13.83,13.82,13.81,13.8,13.79,13.78,13.77,13.88,13.89,13.9,13.91,13.92,13.93,13.94,13.95,13.96,13.97,18900,1500,14400,8000,7200,9500,48500,45700,11600,10900,400,100,5900,1000,21600,5400,1300,4200,1300,34800
10711.0,13.87,18422600,251769711.0,13.87,13.86,13.85,13.83,13.82,13.81,13.8,13.79,13.78,13.77,13.88,13.89,13.9,13.91,13.92,13.93,13.94,13.95,13.96,13.97,18900,1500,14400,8000,7200,9500,48500,45700,11600,10900,400,100,5900,1000,21600,5400,1300,4200,1300,34800
10712.0,13.87,18422600,251769711.0,13.87,13.86,13.85,13.83,13.82,13.81,13.8,13.79,13.78,13.77,13.88,13.89,13.9,13.91,13.92,13.93,13.94,13.95,13.96,13.97,18900,1500,14400,8000,7200,9500,48500,45700,11600,10900,400,100,3400,1000,21600,5400,1300,4200,1300,34400
10713.0,13.88,18423700,251784972.0,13.88,13.87,13.86,13.85,13.83,13.82,13.81,13.8,13.79,13.78,13.89,13.9,13.91,13.92,13.93,13.94,13.95,13.96,13.97,13.98,7600,18200,1500,14400,7800,7200,9500,48500,45700,11600,100,3400,1000,21600,5500,1300,4200,1300,34400,29600
10714.0,13.88,18423700,251784972.0,13.88,13.87,13.86,13.85,13.83,13.82,13.81,13.8,13.79,13.78,13.89,13.9,13.91,13.92,13.93,13.94,13.95,13.96,13.97,13.98,7600,18200,1500,14400,7300,7200,9500,48500,45700,11600,100,3400,1000,21600,5500,1300,4200,1300,34400,29600
10715.0,13.88,18426700,251826612.0,13.88,13.87,13.86,13.85,13.83,13.82,13.81,13.8,13.79,13.78,13.89,13.9,13.91,13.92,13.93,13.94,13.95,13.96,13.97,13.98,4600,18200,1500,14400,7300,7200,9500,48500,45700,11600,100,3400,1000,21600,5500,1300,4200,1300,34400,29600
10716.0,13.88,18427700,251840492.0,13.88,13.87,13.86,13.85,13.83,13.82,13.81,13.8,13.79,13.78,13.89,13.9,13.91,13.92,13.93,13.94,13.95,13.96,13.97,13.98,4100,18200,1500,14400,7300,7200,9500,48500,45700,11600,100,3400,1000,21600,5500,1300,4200,1300,34400,29600
10717.0,13.88,18430200,251875192.0,13.88,13.87,13.86,13.85,13.83,13.82,13.81,13.8,13.79,13.78,13.89,13.9,13.91,13.92,13.93,13.94,13.95,13.96,13.97,13.98,1600,18200,1500,14400,7300,7200,9500,48500,45700,11600,100,3400,1000,21600,5700,1300,4200,1300,34400,29600
10718.0,13.88,18430300,251876580.0,13.88,13.87,13.86,13.85,13.83,13.82,13.81,13.8,13.79,13.78,13.89,13.9,13.91,13.92,13.93,13.94,13.95,13.96,13.97,13.98,1500,18200,1500,14400,7300,7200,9500,48800,45700,11600,200,3400,3000,21600,5700,1300,4200,1300,34400,29600
10719.0,13.88,18431100,251887684.0,13.88,13.87,13.86,13.85,13.83,13.82,13.81,13.8,13.79,13.78,13.89,13.9,13.91,13.92,13.93,13.94,13.95,13.96,13.97,13.98,700,18200,1500,14400,7300,7200,9500,48800,45700,11600,200,3400,3000,21600,5700,1300,4200,1300,34400,29600
10720.0,13.89,18431200,251889073.0,13.88,13.87,13.86,13.85,13.83,13.82,13.81,13.8,13.79,13.78,13.89,13.9,13.91,13.92,13.93,13.94,13.95,13.96,13.97,13.98,700,18200,1500,14400,7300,7200,9500,48800,45700,11600,100,3400,3000,21600,5700,1300,4200,1300,34400,29600
10721.0,13.89,18431200,251889073.0,13.88,13.87,13.86,13.85,13.83,13.82,13.81,13.8,13.79,13.78,13.89,13.9,13.91,13.92,13.93,13.94,13.95,13.96,13.97,13.98,700,18200,1500,14400,7300,7200,9500,48800,45700,11600,100,3400,3000,21600,5700,1300,4200,1300,34400,29600
10722.0,13.89,18431200,251889073.0,13.88,13.87,13.86,13.85,13.83,13.82,13.81,13.8,13.79,13.78,13.89,13.9,13.91,13.92,13.93,13.94,13.95,13.96,13.97,13.98,700,18200,1500,14400,7300,7200,9500,48800,45700,11600,100,3700,3000,21600,5700,1300,4200,1300,34400,29600
10723.0,13.88,18431600,251894625.0,13.88,13.87,13.86,13.85,13.83,13.82,13.81,13.8,13.79,13.78,13.89,13.9,13.91,13.92,13.93,13.94,13.95,13.96,13.97,13.98,300,18200,1500,14400,7300,7200,9500,48800,45700,11600,100,3700,3000,21600,5700,1300,4200,1300,34400,31600
10724.0,13.89,18431700,251896014.0,13.89,13.88,13.87,13.86,13.85,13.83,13.82,13.81,13.8,13.79,13.9,13.91,13.92,13.93,13.94,13.95,13.96,13.97,13.98,13.99,100,300,14700,1500,14400,7300,7200,9500,48800,45700,3700,3000,21600,5700,1300,4200,1300,34400,31600,61800
10725.0,13.89,18431700,251896014.0,13.89,13.88,13.87,13.86,13.85,13.83,13.82,13.81,13.8,13.79,13.9,13.91,13.92,13.93,13.94,13.95,13.96,13.97,13.98,13.99,100,300,14700,1500,14400,7300,7200,9500,48800,45700,3700,3000,21600,5700,1300,4200,1300,34400,31600,61800
10726.0,13.89,18431700,251896014.0,13.89,13.88,13.87,13.86,13.85,13.83,13.82,13.81,13.8,13.79,13.9,13.91,13.92,13.93,13.94,13.95,13.96,13.97,13.98,13.99,100,300,14700,1500,14400,7300,7200,9500,48800,45700,3700,3000,21600,5700,1300,4200,1300,34400,31600,61800
10727.0,13.89,18431700,251896014.0,13.89,13.88,13.87,13.86,13.85,13.83,13.82,13.81,13.8,13.79,13.9,13.91,13.92,13.93,13.94,13.95,13.96,13.97,13.98,13.99,100,300,14700,1500,14400,7300,7200,9500,48800,45700,3700,3000,24900,5700,1300,4200,1300,34400,31600,61800
10728.0,13.88,18432100,251901567.0,13.87,13.86,13.85,13.83,13.82,13.81,13.8,13.79,13.78,13.77,13.88,13.9,13.91,13.92,13.93,13.94,13.95,13.96,13.97,13.98,14700,1500,14400,7300,7200,9500,48800,45700,11600,10800,800,3600,3000,24900,5700,1300,4200,1300,34400,31600
10729.0,13.88,18432900,251912664.0,13.87,13.86,13.85,13.83,13.82,13.81,13.8,13.79,13.78,13.77,13.88,13.9,13.91,13.92,13.93,13.94,13.95,13.96,13.97,13.98,14000,1500,14400,7300,7200,9500,48800,45700,11600,10800,1700,3600,3000,24900,5700,1300,4200,1300,34400,31600
10730.0,13.87,18433600,251922373.0,13.87,13.86,13.85,13.83,13.82,13.81,13.8,13.79,13.78,13.77,13.88,13.9,13.91,13.92,13.93,13.94,13.95,13.96,13.97,13.98,13300,1500,14400,7300,7200,9500,48800,45700,11600,10800,1700,3600,3000,24900,5700,1300,4200,1300,34400,31600
10731.0,13.88,18435300,251945969.0,13.89,13.87,13.86,13.85,13.83,13.82,13.81,13.8,13.79,13.78,13.9,13.91,13.92,13.93,13.94,13.95,13.96,13.97,13.98,13.99,300,13300,1500,14400,7300,7200,9500,48800,45700,11600,3800,3000,24900,5700,1300,4200,1300,34400,31600,57100
10732.0,13.88,18435300,251945969.0,13.89,13.88,13.87,13.86,13.85,13.83,13.82,13.81,13.8,13.79,13.9,13.91,13.92,13.93,13.94,13.95,13.96,13.97,13.98,13.99,300,300,13300,1500,14400,7300,7200,9500,48800,45700,3800,3000,24900,5700,1300,4200,1300,34400,31600,57100
10733.0,13.88,18435300,251945969.0,13.89,13.88,13.87,13.86,13.85,13.83,13.82,13.81,13.8,13.79,13.9,13.91,13.92,13.93,13.94,13.95,13.96,13.97,13.98,13.99,300,4100,13300,1500,14400,7300,7200,9500,48800,45700,3800,3000,24900,5700,1300,4200,1300,34400,32000,57100
10734.0,13.88,18435300,251945969.0,13.89,13.88,13.87,13.86,13.85,13.83,13.82,13.81,13.8,13.79,13.9,13.91,13.92,13.93,13.94,13.95,13.96,13.97,13.98,13.99,300,4100,13300,1500,14400,7300,7200,9500,48800,45700,3800,3000,24900,5700,1300,4200,1300,34400,32000,57100
10735.0,13.88,18435300,251945969.0,13.89,13.88,13.87,13.86,13.85,13.83,13.82,13.81,13.8,13.79,13.9,13.91,13.92,13.93,13.94,13.95,13.96,13.97,13.98,13.99,1500,4100,13300,1500,14400,7300,7200,9500,48800,45700,3800,3000,24900,5700,1300,4200,1300,34400,32000,57100
10736.0,13.88,18435300,251945969.0,13.89,13.88,13.87,13.86,13.85,13.83,13.82,13.81,13.8,13.79,13.9,13.91,13.92,13.93,13.94,13.95,13.96,13.97,13.98,13.99,1500,4100,23000,1500,14400,7300,7200,9500,48800,45700,3800,3000,24900,5700,1300,4200,1300,34400,32000,57100
10737.0,13.89,18435500,251948747.0,13.89,13.88,13.87,13.86,13.85,13.83,13.82,13.81,13.8,13.79,13.9,13.91,13.92,13.93,13.94,13.95,13.96,13.97,13.98,13.99,1300,4100,23000,1500,14400,7300,7200,9500,48800,45700,3800,3200,24900,5700,1300,4200,1300,34400,32000,57100
10738.0,13.89,18436800,251966804.0,13.89,13.88,13.87,13.86,13.85,13.83,13.82,13.81,13.8,13.79,13.9,13.91,13.92,13.93,13.94,13.95,13.96,13.97,13.98,13.99,2000,4100,23000,1500,14400,7300,7200,9500,48800,45700,3800,3200,24900,5700,1300,4200,1300,34400,32000,57100
10739.0,13.89,18436800,251966804.0,13.89,13.88,13.87,13.86,13.85,13.83,13.82,13.81,13.8,13.79,13.9,13.91,13.92,13.93,13.94,13.95,13.96,13.97,13.98,13.99,2000,4200,23000,1500,14400,7300,7200,9500,48800,45700,3800,3200,24900,5700,1300,4200,1300,33900,32000,57100
10740.0,13.89,18437000,251969582.0,13.89,13.88,13.87,13.86,13.85,13.83,13.82,13.81,13.8,13.79,13.9,13.91,13.92,13.93,13.94,13.95,13.96,13.97,13.98,13.99,1800,4200,23000,1500,14400,7300,7200,9500,48800,45700,3800,3200,24900,5700,1300,4200,1300,33900,32000,57100
10741.0,13.89,18437000,251969582.0,13.89,13.88,13.87,13.86,13.85,13.83,13.82,13.81,13.8,13.79,13.9,13.91,13.92,13.93,13.94,13.95,13.96,13.97,13.98,13.99,2000,4200,23000,1500,15400,7300,7200,9500,48500,45700,3800,3200,24900,5700,1300,4200,1300,33900,32000,57100
10742.0,13.89,18437000,251969582.0,13.89,13.88,13.87,13.86,13.85,13.83,13.82,13.81,13.8,13.79,13.9,13.91,13.92,13.93,13.94,13.95,13.96,13.97,13.98,13.99,2000,4200,23000,1500,15400,7300,7200,9500,48500,45700,3800,3200,24900,5700,1300,4200,1300,33900,32000,57100
10743.0,13.89,18437900,251982090.0,13.89,13.88,13.87,13.86,13.85,13.83,13.82,13.81,13.8,13.79,13.9,13.91,13.92,13.93,13.94,13.95,13.96,13.97,13.98,13.99,1800,4200,16300,1500,15400,7300,7200,9500,48500,45700,3100,3200,24900,5700,1300,4200,1300,33900,32000,57100
10744.0,13.89,18438000,251983479.0,13.89,13.88,13.87,13.86,13.85,13.83,13.82,13.81,13.8,13.79,13.9,13.91,13.92,13.93,13.94,13.95,13.96,13.97,13.98,13.99,1700,4200,16300,1500,15400,7300,7200,9500,48500,45700,3100,3200,24900,5700,1300,4200,1300,33900,32000,57100
10745.0,13.89,18438700,251993202.0,13.89,13.88,13.87,13.86,13.85,13.83,13.82,13.81,13.8,13.79,13.9,13.91,13.92,13.93,13.94,13.95,13.96,13.97,13.98,13.99,1000,4200,16300,1500,15400,7300,7200,9500,48500,45700,3100,3200,24900,5700,1300,4200,1300,33900,33000,57100
10746.0,13.88,18440100,252012644.0,13.88,13.87,13.86,13.85,13.83,13.82,13.81,13.8,13.79,13.78,13.9,13.91,13.92,13.93,13.94,13.95,13.96,13.97,13.98,13.99,3800,16300,1500,15400,7300,7200,9500,48500,45700,11600,3100,3200,24900,5700,1300,4200,1300,33900,33000,57100
10747.0,13.88,18440100,252012644.0,13.88,13.87,13.86,13.85,13.83,13.82,13.81,13.8,13.79,13.78,13.9,13.91,13.92,13.93,13.94,13.95,13.96,13.97,13.98,13.99,3800,16300,1500,15400,7300,7200,9500,48500,45700,11600,3100,3200,24900,5700,1300,4200,1300,33900,33000,57100
10748.0,13.88,18440400,252016808.0,13.88,13.87,13.86,13.85,13.83,13.82,13.81,13.8,13.79,13.78,13.9,13.91,13.92,13.93,13.94,13.95,13.96,13.97,13.98,13.99,3500,16300,1500,15400,7300,7200,9500,48500,45700,11600,3100,3200,24900,5700,1300,4200,1300,33900,33000,58200
10749.0,13.88,18440400,252016808.0,13.88,13.87,13.86,13.85,13.83,13.82,13.81,13.8,13.79,13.78,13.9,13.91,13.92,13.93,13.94,13.95,13.96,13.97,13.98,13.99,3600,16300,1500,15400,7300,7200,9500,48500,45700,11600,3200,3200,24900,5700,1300,4200,1300,33900,33000,58200
10750.0,13.88,18440400,252016808.0,13.88,13.87,13.86,13.85,13.83,13.82,13.81,13.8,13.79,13.78,13.9,13.91,13.92,13.93,13.94,13.95,13.96,13.97,13.98,13.99,3600,16300,1500,15400,7300,7200,9500,48500,45700,11600,3200,3200,24900,5700,1300,4200,1300,33900,33000,58200
10751.0,13.88,18441000,252025136.0,13.88,13.87,13.86,13.85,13.83,13.82,13.81,13.8,13.79,13.78,13.9,13.91,13.92,13.93,13.94,13.95,13.96,13.97,13.98,13.99,3000,16300,1500,15400,7300,7200,9500,48500,45700,11600,3200,3200,24900,5700,1300,4200,1300,33900,33000,58200
10752.0,13.88,18441000,252025136.0,13.88,13.87,13.86,13.85,13.83,13.82,13.81,13.8,13.79,13.78,13.9,13.91,13.92,13.93,13.94,13.95,13.96,13.97,13.98,13.99,3100,16300,1500,15400,7300,7200,9500,48500,45700,11600,3300,3200,24900,5700,1300,4200,1300,33900,33000,58200
10753.0,13.88,18442000,252039018.0,13.88,13.87,13.86,13.85,13.83,13.82,13.81,13.8,13.79,13.78,13.9,13.91,13.92,13.93,13.94,13.95,13.96,13.97,13.98,13.99,2200,16300,1500,15400,7300,7200,9500,48500,45700,11600,3200,3200,24900,5700,1300,4200,1300,26300,33000,58200
10754.0,13.88,18442900,252051526.0,13.88,13.87,13.86,13.85,13.83,13.82,13.81,13.8,13.79,13.78,13.9,13.91,13.92,13.93,13.94,13.95,13.96,13.97,13.98,13.99,2100,16300,1500,15400,7300,7200,9500,48500,45700,11600,3200,3200,24900,5700,1300,4200,1300,26300,33000,58200
10755.0,13.88,18442900,252051526.0,13.88,13.87,13.86,13.85,13.83,13.82,13.81,13.8,13.79,13.78,13.89,13.9,13.91,13.92,13.93,13.94,13.95,13.96,13.97,13.98,2200,16300,1500,15400,7300,7200,9500,48500,45700,11600,200,3300,3200,24900,6300,1300,4200,1300,26300,33000
10756.0,13.88,18443100,252054302.0,13.88,13.87,13.86,13.85,13.83,13.82,13.81,13.8,13.79,13.78,13.89,13.9,13.91,13.92,13.93,13.94,13.95,13.96,13.97,13.98,2000,16300,1500,15400,7300,7200,9500,48500,45700,11600,200,3300,3200,24900,6300,1300,4200,1300,26300,33000
10757.0,13.88,18443100,252054302.0,13.88,13.87,13.86,13.85,13.83,13.82,13.81,13.8,13.79,13.78,13.89,13.9,13.91,13.92,13.93,13.94,13.95,13.96,13.97,13.98,2000,16300,1500,15400,7300,7200,9500,48500,45700,11600,200,3300,3200,24900,6300,1300,4200,1300,26300,33000
10758.0,13.88,18443300,252057078.0,13.88,13.87,13.86,13.85,13.83,13.82,13.81,13.8,13.79,13.78,13.89,13.9,13.91,13.92,13.93,13.94,13.95,13.96,13.97,13.98,1800,16300,1500,15400,7300,7200,9500,48500,45700,11600,200,3300,3200,24900,6300,1300,4200,1300,26300,33000
10759.0,13.88,18443400,252058466.0,13.88,13.87,13.86,13.85,13.83,13.82,13.81,13.8,13.79,13.78,13.89,13.9,13.91,13.92,13.93,13.94,13.95,13.96,13.97,13.98,5200,16300,1500,15400,7300,7200,9500,48500,45700,11600,200,3300,3200,24900,6300,1300,4200,1300,26300,33000
10760.0,13.89,18443500,252059855.0,13.88,13.87,13.86,13.85,13.83,13.82,13.81,13.8,13.79,13.78,13.89,13.9,13.91,13.92,13.93,13.94,13.95,13.96,13.97,13.98,5200,16300,4800,15400,7300,7200,9500,48500,45700,11600,100,3300,3200,24900,6300,1300,4200,1300,26300,33000
10761.0,13.9,18446200,252097384.0,13.88,13.87,13.86,13.85,13.83,13.82,13.81,13.8,13.79,13.78,13.9,13.91,13.92,13.93,13.94,13.95,13.96,13.97,13.98,13.99,5200,16300,4800,15400,7300,7200,9500,48500,45700,11600,700,3200,24900,6300,1300,4200,1300,26300,33000,58200
10762.0,13.88,18446700,252104324.0,13.88,13.87,13.86,13.85,13.83,13.82,13.81,13.8,13.79,13.78,13.89,13.9,13.91,13.92,13.93,13.94,13.95,13.96,13.97,13.98,4700,16300,4800,15400,7300,7200,9500,48500,45700,11600,400,700,3200,24900,6300,1300,4200,1300,26300,33000
10763.0,13.88,18446700,252104324.0,13.88,13.87,13.86,13.85,13.83,13.82,13.81,13.8,13.79,13.78,13.89,13.9,13.91,13.92,13.93,13.94,13.95,13.96,13.97,13.98,4700,16300,7000,15400,7300,7200,9500,48500,45700,11600,400,700,3200,24900,6300,1300,4200,1300,26300,33000
10764.0,13.88,18446700,252104324.0,13.88,13.87,13.86,13.85,13.83,13.82,13.81,13.8,13.79,13.78,13.89,13.9,13.91,13.92,13.93,13.94,13.95,13.96,13.97,13.98,4700,16300,7000,15400,7300,7200,9500,48500,45700,11600,400,700,3300,24900,6300,1300,4200,1300,26300,33000
10765.0,13.88,18447500,252115428.0,13.88,13.87,13.86,13.85,13.83,13.82,13.81,13.8,13.79,13.78,13.89,13.9,13.91,13.92,13.93,13.94,13.95,13.96,13.97,13.98,3900,16300,7000,15400,7300,7200,9500,48500,45700,11600,400,700,3300,24900,6300,1300,4200,1300,26300,33000
10766.0,13.88,18447500,252115428.0,13.88,13.87,13.86,13.85,13.83,13.82,13.81,13.8,13.79,13.78,13.89,13.9,13.91,13.92,13.93,13.94,13.95,13.96,13.97,13.98,3900,16300,7000,15400,7300,7200,9500,48500,45700,11600,400,700,3300,24900,6300,1300,4200,1300,26300,33000
10767.0,13.88,18448200,252125144.0,13.88,13.87,13.86,13.85,13.83,13.82,13.81,13.8,13.79,13.78,13.89,13.9,13.91,13.92,13.93,13.94,13.95,13.96,13.97,13.98,3200,16300,7000,15400,7300,7200,9500,48500,45700,11600,400,700,3300,24900,6300,1300,4200,1300,26300,33000
10768.0,13.88,18448200,252125144.0,13.88,13.87,13.86,13.85,13.83,13.82,13.81,13.8,13.79,13.78,13.89,13.9,13.91,13.92,13.93,13.94,13.95,13.96,13.97,13.98,3200,11600,7000,15400,7300,7200,9500,48500,45700,11600,400,700,3300,24900,6300,1300,4200,1300,26300,33000
10769.0,13.88,18448200,252125144.0,13.88,13.87,13.86,13.85,13.83,13.82,13.81,13.8,13.79,13.78,13.89,13.9,13.91,13.92,13.93,13.94,13.95,13.96,13.97,13.98,3200,11600,7000,15400,7300,7200,9500,48500,45700,11600,400,700,3300,24900,6300,1300,4200,1300,26300,33000
10770.0,13.88,18448500,252129308.0,13.88,13.87,13.86,13.85,13.83,13.82,13.81,13.8,13.79,13.78,13.89,13.9,13.91,13.92,13.93,13.94,13.95,13.96,13.97,13.98,2900,11600,7000,15400,7300,7200,9500,48500,45700,11600,400,700,3300,24900,6300,1300,4200,1300,26300,33000
10771.0,13.88,18448500,252129308.0,13.88,13.87,13.86,13.85,13.83,13.82,13.81,13.8,13.79,13.78,13.89,13.9,13.91,13.92,13.93,13.94,13.95,13.96,13.97,13.98,2900,11600,7000,15400,7300,6100,9500,48500,45700,11600,400,700,3300,24900,6300,1300,4200,1300,26300,33000
10772.0,13.89,18450900,252162621.0,13.88,13.87,13.86,13.85,13.83,13.82,13.81,13.8,13.79,13.78,13.89,13.9,13.91,13.92,13.93,13.94,13.95,13.96,13.97,13.98,600,11600,7000,15400,7300,6100,9500,48500,45700,11600,300,700,3300,24900,6300,1300,4200,1300,26300,33000
10773.0,13.89,18451300,252168175.0,13.88,13.87,13.86,13.85,13.83,13.82,13.81,13.8,13.79,13.78,13.89,13.9,13.91,13.92,13.93,13.94,13.95,13.96,13.97,13.98,400,11600,7000,15400,7300,6100,9500,48500,45700,11600,100,700,3300,24900,6300,1300,4200,1300,26300,33000
10774.0,13.89,18451300,252168175.0,13.88,13.87,13.86,13.85,13.83,13.82,13.81,13.8,13.79,13.78,13.89,13.9,13.91,13.92,13.93,13.94,13.95,13.96,13.97,13.98,400,11600,3700,15400,7300,6100,9500,48700,45700,11600,200,700,3300,24900,6300,1300,4200,1300,26300,33000
10775.0,13.89,18451300,252168175.0,13.88,13.87,13.86,13.85,13.83,13.82,13.81,13.8,13.79,13.78,13.89,13.9,13.91,13.92,13.93,13.94,13.95,13.96,13.97,13.98,400,11600,3700,15400,7300,6100,9500,48700,45700,11600,700,700,3300,24900,6300,1300,4200,1300,26300,33000
10776.0,13.89,18451300,252168175.0,13.88,13.87,13.86,13.85,13.83,13.82,13.81,13.8,13.79,13.78,13.89,13.9,13.91,13.92,13.93,13.94,13.95,13.96,13.97,13.98,400,11600,3700,15400,7300,6100,9500,48700,45700,11600,700,700,3300,24900,6300,1300,4200,1300,26300,33000
10777.0,13.89,18451300,252168175.0,13.88,13.87,13.86,13.85,13.83,13.82,13.81,13.8,13.79,13.78,13.89,13.9,13.91,13.92,13.93,13.94,13.95,13.96,13.97,13.98,400,11600,3700,15400,7300,6100,9500,49200,45700,11600,700,700,3300,24900,6300,1300,4200,1300,26300,33000
10778.0,13.89,18451300,252168175.0,13.88,13.87,13.86,13.85,13.83,13.82,13.81,13.8,13.79,13.78,13.89,13.9,13.91,13.92,13.93,13.94,13.95,13.96,13.97,13.98,400,11600,3700,15400,7300,6100,9500,49200,45700,11600,7000,700,3300,24900,6300,1300,4200,1300,26300,33000
10779.0,13.89,18451300,252168175.0,13.88,13.87,13.86,13.85,13.83,13.82,13.81,13.8,13.79,13.78,13.89,13.9,13.91,13.92,13.93,13.94,13.95,13.96,13.97,13.98,400,11600,3700,15400,7300,6100,9500,49200,45700,11600,7000,700,3300,24900,6300,1300,4200,1300,26300,33000
10780.0,13.89,18451300,252168175.0,13.88,13.87,13.86,13.85,13.83,13.82,13.81,13.8,13.79,13.78,13.89,13.9,13.91,13.92,13.93,13.94,13.95,13.96,13.97,13.98,900,11600,3700,15400,7300,6100,9500,49200,45700,11600,7000,700,3300,24900,6300,1300,4200,1300,26300,33000
10781.0,13.89,18454500,252212619.0,13.88,13.87,13.86,13.85,13.83,13.82,13.81,13.8,13.79,13.78,13.89,13.9,13.91,13.92,13.93,13.94,13.95,13.96,13.97,13.98,500,11600,3700,15400,7300,6100,9500,49200,45700,11600,4200,1300,3300,24900,6300,1300,4200,1300,26300,33000
10782.0,13.89,18454500,252212619.0,13.88,13.87,13.86,13.85,13.83,13.82,13.81,13.8,13.79,13.78,13.89,13.9,13.91,13.92,13.93,13.94,13.95,13.96,13.97,13.98,500,11600,3700,15400,7300,6100,9500,49200,45700,11600,4200,1600,3300,24900,6300,1300,4200,1300,26300,33000
10783.0,13.89,18454500,252212619.0,13.88,13.87,13.86,13.85,13.83,13.82,13.81,13.8,13.79,13.78,13.89,13.9,13.91,13.92,13.93,13.94,13.95,13.96,13.97,13.98,500,11600,3700,15400,7300,6100,9500,49000,45700,11600,4200,1600,3300,24900,6300,1300,4200,1300,26300,33000
10784.0,13.89,18454500,252212619.0,13.88,13.87,13.86,13.85,13.83,13.82,13.81,13.8,13.79,13.78,13.89,13.9,13.91,13.92,13.93,13.94,13.95,13.96,13.97,13.98,500,11600,3700,15600,7300,6100,9500,49000,45700,11600,4200,1700,3300,24900,6300,1300,4200,1300,26300,33000
10785.0,13.89,18454500,252212619.0,13.88,13.87,13.86,13.85,13.83,13.82,13.81,13.8,13.79,13.78,13.89,13.9,13.91,13.92,13.93,13.94,13.95,13.96,13.97,13.98,500,11600,3700,15600,7300,6100,9500,49000,45700,11600,4200,1700,3300,24900,6300,1300,4200,1300,26300,33000
10786.0,13.89,18454500,252212619.0,13.88,13.87,13.86,13.85,13.83,13.82,13.81,13.8,13.79,13.78,13.89,13.9,13.91,13.92,13.93,13.94,13.95,13.96,13.97,13.98,500,11600,3700,15600,7300,6100,9500,49000,45700,11600,4200,1700,3300,24900,6300,1300,4200,1300,26300,33000
10787.0,13.88,18454600,252214007.0,13.88,13.87,13.86,13.85,13.83,13.82,13.81,13.8,13.79,13.78,13.89,13.9,13.91,13.92,13.93,13.94,13.95,13.96,13.97,13.98,400,11600,3700,15600,7300,6100,9500,49000,45700,11600,4200,1700,3300,24900,6300,1300,4200,1300,26300,33000
10788.0,13.89,18455100,252220952.0,13.88,13.87,13.86,13.85,13.83,13.82,13.81,13.8,13.79,13.78,13.89,13.9,13.91,13.92,13.93,13.94,13.95,13.96,13.97,13.98,400,11600,3700,15600,7300,6100,9500,49000,45700,11600,3700,1700,3300,24900,6300,1300,4200,1300,26300,33000
10789.0,13.89,18455100,252220952.0,13.88,13.87,13.86,13.85,13.83,13.82,13.81,13.8,13.79,13.78,13.89,13.9,13.91,13.92,13.93,13.94,13.95,13.96,13.97,13.98,1900,11600,3700,15600,7300,6100,9500,49000,45700,11600,3700,1700,3300,24900,6300,1300,4200,1300,26300,33000
10790.0,13.89,18455100,252220952.0,13.88,13.87,13.86,13.85,13.83,13.82,13.81,13.8,13.79,13.78,13.89,13.9,13.91,13.92,13.93,13.94,13.95,13.96,13.97,13.98,1900,11600,3700,15600,7300,6100,9500,49000,45700,11600,3700,1700,3300,24900,6300,1300,4200,1300,26300,33000
10791.0,13.88,18455200,252222340.0,13.88,13.87,13.86,13.85,13.83,13.82,13.81,13.8,13.79,13.78,13.89,13.9,13.91,13.92,13.93,13.94,13.95,13.96,13.97,13.98,1800,11600,3700,15600,7300,6100,9500,49000,45700,11600,3700,1700,3300,24900,6300,1300,4200,1300,26300,33000
10792.0,13.88,18455200,252222340.0,13.88,13.87,13.86,13.85,13.83,13.82,13.81,13.8,13.79,13.78,13.89,13.9,13.91,13.92,13.93,13.94,13.95,13.96,13.97,13.98,1800,11600,7000,15600,7300,6100,9500,49000,45700,11600,3700,1700,3300,24900,6300,1300,4200,1300,26300,33000
10793.0,13.88,18455300,252223728.0,13.88,13.87,13.86,13.85,13.83,13.82,13.81,13.8,13.79,13.78,13.89,13.9,13.91,13.92,13.93,13.94,13.95,13.96,13.97,13.98,1700,11600,7200,15600,7300,6100,9500,49000,45700,11600,3700,1700,3300,24900,6300,1300,4200,1300,26300,33000
10794.0,13.88,18455400,252225116.0,13.88,13.87,13.86,13.85,13.83,13.82,13.81,13.8,13.79,13.78,13.89,13.9,13.91,13.92,13.93,13.94,13.95,13.96,13.97,13.98,1600,11600,7200,15600,7300,6100,9500,49000,45700,11600,3700,1700,3300,24900,6300,1300,4200,1300,26300,33000
10795.0,13.88,18455400,252225116.0,13.88,13.87,13.86,13.85,13.83,13.82,13.81,13.8,13.79,13.78,13.89,13.9,13.91,13.92,13.93,13.94,13.95,13.96,13.97,13.98,1600,11600,7200,15600,7300,6100,9500,52000,45700,11600,3700,1700,3300,24900,6300,1300,4200,1300,26300,33000
10796.0,13.88,18456600,252241774.0,13.88,13.87,13.86,13.85,13.83,13.82,13.81,13.8,13.79,13.78,13.89,13.9,13.91,13.92,13.93,13.94,13.95,13.96,13.97,13.98,600,11600,7200,15600,7300,6100,9500,52000,45700,11600,3500,1700,3300,24900,6300,1300,4200,1300,26300,33000
10797.0,13.88,18457200,252250102.0,13.87,13.86,13.85,13.83,13.82,13.81,13.8,13.79,13.78,13.77,13.88,13.89,13.9,13.91,13.92,13.93,13.94,13.95,13.96,13.97,11600,7200,15600,7300,6100,9500,52000,45700,11600,10800,9400,3500,1800,3300,24900,6300,1300,4200,1300,26300
10798.0,13.88,18462500,252323652.0,13.87,13.86,13.85,13.83,13.82,13.81,13.8,13.79,13.78,13.77,13.88,13.89,13.9,13.91,13.92,13.93,13.94,13.95,13.96,13.97,10200,7200,15600,7300,6100,9500,52000,45700,11600,10800,5500,3500,1800,4300,24900,6300,1300,4200,1300,26300
10799.0,13.88,18462500,252323652.0,13.87,13.86,13.85,13.83,13.82,13.81,13.8,13.79,13.78,13.77,13.88,13.89,13.9,13.91,13.92,13.93,13.94,13.95,13.96,13.97,10200,7200,15600,7300,6100,9500,52000,45700,11600,10800,5500,3500,1800,4300,24900,6300,1300,4200,1300,26300
10800.0,13.87,18463900,252343070.0,13.87,13.86,13.85,13.83,13.82,13.81,13.8,13.79,13.78,13.77,13.88,13.89,13.9,13.91,13.92,13.93,13.94,13.95,13.96,13.97,8800,7200,15600,7300,6100,9500,52000,45700,11600,10800,5500,3500,1800,4300,24900,6300,1300,4200,1300,26300
10801.0,13.87,18463900,252343070.0,13.87,13.86,13.85,13.83,13.82,13.81,13.8,13.79,13.78,13.77,13.88,13.89,13.9,13.91,13.92,13.93,13.94,13.95,13.96,13.97,8800,7200,15600,7300,6100,9500,52000,45700,11600,10800,5500,3500,1800,4300,24900,6300,1300,4200,1300,26300
10802.0,13.87,18464600,252352779.0,13.87,13.86,13.85,13.83,13.82,13.81,13.8,13.79,13.78,13.77,13.88,13.89,13.9,13.91,13.92,13.93,13.94,13.95,13.96,13.97,8100,7200,15600,7300,6100,9500,52000,45700,11600,10800,5500,3500,1800,4300,24900,6300,1300,4200,1300,26300
10803.0,13.87,18464600,252352779.0,13.87,13.86,13.85,13.83,13.82,13.81,13.8,13.79,13.78,13.77,13.88,13.89,13.9,13.91,13.92,13.93,13.94,13.95,13.96,13.97,8300,7200,15600,7300,6100,9500,52000,45700,11600,10800,5500,3500,1800,4300,24900,6300,1300,4200,1300,26300
10804.0,13.87,18464600,252352779.0,13.87,13.86,13.85,13.83,13.82,13.81,13.8,13.79,13.78,13.77,13.88,13.89,13.9,13.91,13.92,13.93,13.94,13.95,13.96,13.97,8300,7200,15600,7300,6100,9500,52000,45700,11600,10800,5500,3500,1800,4300,24900,6300,1300,4200,1300,26300
10805.0,13.87,18465300,252362488.0,13.87,13.86,13.85,13.83,13.82,13.81,13.8,13.79,13.78,13.77,13.88,13.89,13.9,13.91,13.92,13.93,13.94,13.95,13.96,13.97,7600,7200,15600,7300,6100,9500,52000,45700,11600,10800,5500,3500,1800,4300,24900,6300,1300,4200,1300,26300
10806.0,13.87,18465300,252362488.0,13.87,13.86,13.85,13.83,13.82,13.81,13.8,13.79,13.78,13.77,13.88,13.89,13.9,13.91,13.92,13.93,13.94,13.95,13.96,13.97,7600,7200,15600,7300,6100,9500,52000,45700,11600,10800,5500,3500,1800,4300,24900,6300,1300,4200,1300,26300
10807.0,13.87,18466000,252372197.0,13.87,13.86,13.85,13.83,13.82,13.81,13.8,13.79,13.78,13.77,13.88,13.89,13.9,13.91,13.92,13.93,13.94,13.95,13.96,13.97,6900,7200,15600,7300,6100,9500,52000,45700,11600,10800,5500,3500,1800,4300,24900,6300,1300,4200,1300,26300
10808.0,13.87,18466600,252380519.0,13.87,13.86,13.85,13.83,13.82,13.81,13.8,13.79,13.78,13.77,13.88,13.89,13.9,13.91,13.92,13.93,13.94,13.95,13.96,13.97,6300,7200,15600,7300,6100,9500,52000,45700,11600,10800,5500,3500,1800,4300,24900,6300,1300,4200,1300,26300
10809.0,13.87,18468000,252399937.0,13.87,13.86,13.85,13.83,13.82,13.81,13.8,13.79,13.78,13.77,13.88,13.89,13.9,13.91,13.92,13.93,13.94,13.95,13.96,13.97,4900,7200,15600,7300,6100,9500,52000,45700,11600,10800,6800,5500,6100,4300,24900,6300,1300,4200,1300,26300
10810.0,13.87,18468000,252399937.0,13.87,13.86,13.85,13.83,13.82,13.81,13.8,13.79,13.78,13.77,13.88,13.89,13.9,13.91,13.92,13.93,13.94,13.95,13.96,13.97,4900,7200,15600,7300,6100,9500,52000,45700,11600,10800,6800,5500,6100,4300,24900,6300,1300,4200,1300,26300
10811.0,13.88,18468500,252406873.0,13.87,13.86,13.85,13.83,13.82,13.81,13.8,13.79,13.78,13.77,13.88,13.89,13.9,13.91,13.92,13.93,13.94,13.95,13.96,13.97,4500,7200,15600,7300,6100,9500,52000,45700,11600,10800,6700,5500,6100,4300,24900,6300,1300,4200,1300,26300
10812.0,13.88,18468600,252408261.0,13.87,13.86,13.85,13.83,13.82,13.81,13.8,13.79,13.78,13.77,13.88,13.89,13.9,13.91,13.92,13.93,13.94,13.95,13.96,13.97,4500,7200,15600,7300,6100,9500,52000,45700,11600,10800,6600,5500,6100,4300,24900,6300,1300,4200,1300,26300
10813.0,13.88,18468600,252408261.0,13.87,13.86,13.85,13.83,13.82,13.81,13.8,13.79,13.78,13.77,13.88,13.89,13.9,13.91,13.92,13.93,13.94,13.95,13.96,13.97,4500,7200,15600,7300,6100,9500,52000,45700,11600,10800,6600,5500,6100,4300,24900,6300,1300,4200,1300,26300
10814.0,13.88,18476000,252510965.0,13.88,13.87,13.86,13.85,13.83,13.82,13.81,13.8,13.79,13.78,13.89,13.9,13.91,13.92,13.93,13.94,13.95,13.96,13.97,13.98,3100,3700,7200,15600,7600,6100,9500,52000,45700,11600,5500,6100,4300,24900,6300,1300,4200,1300,26300,32500
10815.0,13.89,18476300,252515132.0,13.88,13.87,13.86,13.85,13.83,13.82,13.81,13.8,13.79,13.78,13.89,13.9,13.91,13.92,13.93,13.94,13.95,13.96,13.97,13.98,3100,3700,7200,15600,7600,6100,9500,52000,45700,11600,5200,6100,4300,24900,6300,1300,4200,1300,26300,32500
10816.0,13.88,18476600,252519296.0,13.88,13.87,13.86,13.85,13.83,13.82,13.81,13.8,13.79,13.78,13.89,13.9,13.91,13.92,13.93,13.94,13.95,13.96,13.97,13.98,2800,3700,7200,15600,7600,6100,9500,52000,45700,11600,5200,6100,4300,27000,6300,1300,4200,1300,26300,32500
10817.0,13.88,18476600,252519296.0,13.88,13.87,13.86,13.85,13.83,13.82,13.81,13.8,13.79,13.78,13.89,13.9,13.91,13.92,13.93,13.94,13.95,13.96,13.97,13.98,2800,3700,7200,15600,7600,6100,9500,52000,45700,11600,5200,6100,4300,27000,6300,1300,4200,1300,26300,32500
10818.0,13.88,18476600,252519296.0,13.88,13.87,13.86,13.85,13.83,13.82,13.81,13.8,13.79,13.78,13.89,13.9,13.91,13.92,13.93,13.94,13.95,13.96,13.97,13.98,2800,3700,7200,15600,7600,6600,9500,52000,45700,11600,5200,5500,4300,27000,3300,1300,4200,1300,26300,32500
10819.0,13.88,18477700,252534564.0,13.88,13.87,13.86,13.85,13.83,13.82,13.81,13.8,13.79,13.78,13.89,13.9,13.91,13.92,13.93,13.94,13.95,13.96,13.97,13.98,1700,3700,7200,19600,7600,6600,9500,52000,45700,11600,5200,5500,4300,27000,3300,1300,4200,1300,26300,32500
10820.0,13.88,18478200,252541504.0,13.88,13.87,13.86,13.85,13.83,13.82,13.81,13.8,13.79,13.78,13.89,13.9,13.91,13.92,13.93,13.94,13.95,13.96,13.97,13.98,1200,3700,7200,19600,7600,6600,9500,52000,45700,11600,5200,5500,4300,27000,3300,1300,4200,1300,26300,32500
10821.0,13.88,18478300,252542892.0,13.88,13.87,13.86,13.85,13.83,13.82,13.81,13.8,13.79,13.78,13.89,13.9,13.91,13.92,13.93,13.94,13.95,13.96,13.97,13.98,1100,3700,7200,19600,7600,6600,9500,52000,45700,11600,5200,5500,4300,27000,3300,1300,4200,1300,26300,32500
10822.0,13.88,18478800,252549832.0,13.88,13.87,13.86,13.85,13.83,13.82,13.81,13.8,13.79,13.78,13.89,13.9,13.91,13.92,13.93,13.94,13.95,13.96,13.97,13.98,600,7000,7200,19600,7600,6600,9500,52000,45700,11600,5200,5500,4300,27000,3300,1300,4200,1300,26300,32500
10823.0,13.88,18478800,252549832.0,13.88,13.87,13.86,13.85,13.83,13.82,13.81,13.8,13.79,13.78,13.89,13.9,13.91,13.92,13.93,13.94,13.95,13.96,13.97,13.98,600,7000,7200,19600,7600,6600,9500,52000,45700,11600,5200,5500,4300,27000,3300,1300,4200,1300,26300,32500
10824.0,13.88,18478800,252549832.0,13.88,13.87,13.86,13.85,13.83,13.82,13.81,13.8,13.79,13.78,13.89,13.9,13.91,13.92,13.93,13.94,13.95,13.96,13.97,13.98,600,7000,7200,19600,7600,6600,9500,52000,45700,11600,5300,5500,6200,27000,3300,1300,4200,1300,26300,32500
10825.0,13.88,18479400,252558160.0,13.87,13.86,13.85,13.83,13.82,13.81,13.8,13.79,13.78,13.77,13.88,13.89,13.9,13.91,13.92,13.93,13.94,13.95,13.96,13.97,7000,7200,19600,7600,6600,9500,52000,45700,11600,10800,200,5300,5500,6200,27000,3300,1300,4200,1300,26300
10826.0,13.88,18479400,252558160.0,13.87,13.86,13.85,13.83,13.82,13.81,13.8,13.79,13.78,13.77,13.88,13.89,13.9,13.91,13.92,13.93,13.94,13.95,13.96,13.97,7000,7200,19600,7600,6600,9500,53400,45700,11600,10800,200,5300,5500,6200,27000,3300,1300,4200,1300,26300
10827.0,13.88,18479400,252558160.0,13.87,13.86,13.85,13.83,13.82,13.81,13.8,13.79,13.78,13.77,13.88,13.89,13.9,13.91,13.92,13.93,13.94,13.95,13.96,13.97,7000,7200,19600,7600,6600,9500,53400,45700,11600,10800,200,5300,5500,6200,27000,3300,1300,4200,1300,26300
10828.0,13.87,18480100,252567869.0,13.87,13.86,13.85,13.83,13.82,13.81,13.8,13.79,13.78,13.77,13.88,13.89,13.9,13.91,13.92,13.93,13.94,13.95,13.96,13.97,6300,7200,19600,7600,6600,9500,53400,45700,11600,10800,200,5300,5500,6200,27000,3300,1300,4200,1300,26300
10829.0,13.88,18482100,252595629.0,13.87,13.86,13.85,13.83,13.82,13.81,13.8,13.79,13.78,13.77,13.88,13.89,13.9,13.91,13.92,13.93,13.94,13.95,13.96,13.97,6300,7200,19600,7600,6600,9500,53400,45700,11600,10800,600,5300,5500,6200,27000,3300,1300,4200,1300,26300
10830.0,13.88,18482100,252595629.0,13.87,13.86,13.85,13.83,13.82,13.81,13.8,13.79,13.78,13.77,13.88,13.89,13.9,13.91,13.92,13.93,13.94,13.95,13.96,13.97,6300,7200,19600,7600,6600,9500,53500,45700,11600,10800,700,5300,5500,6200,27000,3300,1300,4200,1300,26300
10831.0,13.87,18483300,252612273.0,13.87,13.86,13.85,13.83,13.82,13.81,13.8,13.79,13.78,13.77,13.88,13.89,13.9,13.91,13.92,13.93,13.94,13.95,13.96,13.97,5100,7200,19600,7600,6600,9500,53500,45700,11600,10800,700,5300,5500,6200,27000,3300,1300,4200,1300,26300
10832.0,13.87,18483300,252612273.0,13.87,13.86,13.85,13.83,13.82,13.81,13.8,13.79,13.78,13.77,13.88,13.89,13.9,13.91,13.92,13.93,13.94,13.95,13.96,13.97,5100,7200,19600,7600,6600,9500,53500,45700,11600,10800,700,5300,5500,6200,27000,3300,1300,4200,1300,26300
10833.0,13.88,18483400,252613661.0,13.87,13.86,13.85,13.83,13.82,13.81,13.8,13.79,13.78,13.77,13.88,13.89,13.9,13.91,13.92,13.93,13.94,13.95,13.96,13.97,5100,7200,19600,7600,6600,9500,53500,45700,11600,10800,600,5300,5600,6200,27000,3300,1300,4200,1300,26300
10834.0,13.88,18483400,252613661.0,13.87,13.86,13.85,13.83,13.82,13.81,13.8,13.79,13.78,13.77,13.88,13.89,13.9,13.91,13.92,13.93,13.94,13.95,13.96,13.97,3500,7200,19600,7800,6600,9500,53500,45700,11600,10800,1800,5300,5600,6200,27000,3300,1300,4200,1300,26300
10835.0,13.88,18483700,252617825.0,13.87,13.86,13.85,13.83,13.82,13.81,13.8,13.79,13.78,13.77,13.88,13.89,13.9,13.91,13.92,13.93,13.94,13.95,13.96,13.97,3500,7200,19600,7800,6600,9500,53500,45700,11600,10800,1500,5300,1300,6200,27000,3300,1300,4200,1300,26300
10836.0,13.88,18484100,252623374.0,13.87,13.86,13.85,13.83,13.82,13.81,13.8,13.79,13.78,13.77,13.88,13.89,13.9,13.91,13.92,13.93,13.94,13.95,13.96,13.97,3200,7200,19600,7800,6600,9500,53500,45700,11600,10800,1400,5300,1300,6200,27000,3300,1300,4200,1300,26300
10837.0,13.89,18486100,252651140.0,13.87,13.86,13.85,13.83,13.82,13.81,13.8,13.79,13.78,13.77,13.89,13.9,13.91,13.92,13.93,13.94,13.95,13.96,13.97,13.98,3200,7200,19600,7800,6600,9500,53500,45700,11600,10800,4700,1300,6200,27000,3300,1300,4200,1300,26300,32500
10838.0,13.89,18486100,252651140.0,13.87,13.86,13.85,13.83,13.82,13.81,13.8,13.79,13.78,13.77,13.89,13.9,13.91,13.92,13.93,13.94,13.95,13.96,13.97,13.98,3300,7200,19600,7800,6600,9500,53500,45700,11600,10800,4800,1300,7200,27000,3300,1300,4200,1300,26300,32500
10839.0,13.89,18486500,252656696.0,13.87,13.86,13.85,13.83,13.82,13.81,13.8,13.79,13.78,13.77,13.89,13.9,13.91,13.92,13.93,13.94,13.95,13.96,13.97,13.98,3500,7200,19800,7800,6600,9500,53500,45700,11600,10800,4600,1300,7200,27000,3300,1300,4200,1300,26300,32500
10840.0,13.89,18486500,252656696.0,13.87,13.86,13.85,13.83,13.82,13.81,13.8,13.79,13.78,13.77,13.88,13.89,13.9,13.91,13.92,13.93,13.94,13.95,13.96,13.97,4000,7200,19800,7800,6600,9500,53500,45700,11600,10800,400,5100,1300,7200,27000,3300,1300,4200,1300,26300
10841.0,13.88,18486900,252662248.0,13.88,13.87,13.86,13.85,13.83,13.82,13.81,13.8,13.79,13.78,13.89,13.9,13.91,13.92,13.93,13.94,13.95,13.96,13.97,13.98,9300,4000,7200,19800,7800,6600,9500,53500,45700,11600,5100,1300,7200,27000,3300,1300,4200,1300,26300,32500
10842.0,13.89,18488800,252688625.0,13.88,13.87,13.86,13.85,13.83,13.82,13.81,13.8,13.79,13.78,13.89,13.9,13.91,13.92,13.93,13.94,13.95,13.96,13.97,13.98,7900,4000,7200,19800,7800,6600,9500,53500,45700,11600,4600,1300,7200,27000,3300,1300,4200,1300,26300,32500
10843.0,13.88,18489500,252698341.0,13.88,13.87,13.86,13.85,13.83,13.82,13.81,13.8,13.79,13.78,13.89,13.9,13.91,13.92,13.93,13.94,13.95,13.96,13.97,13.98,7200,4000,7200,19800,7800,6600,9500,53500,45700,11600,4600,1300,7200,27000,3300,1300,4200,1300,26300,32500
10844.0,13.88,18489500,252698341.0,13.88,13.87,13.86,13.85,13.83,13.82,13.81,13.8,13.79,13.78,13.89,13.9,13.91,13.92,13.93,13.94,13.95,13.96,13.97,13.98,7200,4000,7200,19800,7800,6600,9500,53500,45700,11600,4600,1300,7200,27000,3300,1300,4200,1300,26300,32500
10845.0,13.88,18493200,252749697.0,13.88,13.87,13.86,13.85,13.83,13.82,13.81,13.8,13.79,13.78,13.89,13.9,13.91,13.92,13.93,13.94,13.95,13.96,13.97,13.98,3500,4000,7200,19800,7800,6600,9500,53500,45700,11600,4600,1300,7200,27000,3300,1300,4200,1300,26300,32500
10846.0,13.88,18493200,252749697.0,13.88,13.87,13.86,13.85,13.83,13.82,13.81,13.8,13.79,13.78,13.89,13.9,13.91,13.92,13.93,13.94,13.95,13.96,13.97,13.98,3500,4000,7200,19800,7800,6600,9500,53500,45700,11600,4600,1300,10900,27000,3300,1300,4200,1300,26300,32500
10847.0,13.88,18493200,252749697.0,13.88,13.87,13.86,13.85,13.83,13.82,13.81,13.8,13.79,13.78,13.89,13.9,13.91,13.92,13.93,13.94,13.95,13.96,13.97,13.98,3500,4000,7200,19800,7800,6600,9500,53500,45700,11600,4600,1300,10900,27000,3300,1300,4200,1300,26300,32500
10848.0,13.88,18493200,252749697.0,13.88,13.87,13.86,13.85,13.83,13.82,13.81,13.8,13.79,13.78,13.89,13.9,13.91,13.92,13.93,13.94,13.95,13.96,13.97,13.98,4000,4000,7200,19800,7800,6600,9500,53500,45700,11600,4600,1300,10900,27000,3300,1300,4200,1300,26300,32500
10849.0,13.88,18493200,252749697.0,13.88,13.87,13.86,13.85,13.83,13.82,13.81,13.8,13.79,13.78,13.89,13.9,13.91,13.92,13.93,13.94,13.95,13.96,13.97,13.98,4000,4000,7200,19800,7800,6600,9500,53500,45700,11600,4500,1300,10900,27000,3300,1300,4200,1300,26300,32500
10850.0,13.89,18494000,252760805.0,13.88,13.87,13.86,13.85,13.83,13.82,13.81,13.8,13.79,13.78,13.89,13.9,13.91,13.92,13.93,13.94,13.95,13.96,13.97,13.98,3600,4000,7200,19800,7800,6600,9500,53500,45700,11600,4100,1300,10900,27000,3300,1300,4200,1300,26300,32500
10851.0,13.89,18498100,252817754.0,13.89,13.88,13.87,13.86,13.85,13.83,13.82,13.81,13.8,13.79,13.9,13.91,13.92,13.93,13.94,13.95,13.96,13.97,13.98,13.99,5900,3600,4000,7200,19800,7800,6600,9500,53500,45700,1300,10900,27000,3300,1300,4200,1300,26300,32500,58200
10852.0,13.89,18498300,252820532.0,13.89,13.88,13.87,13.86,13.85,13.83,13.82,13.81,13.8,13.79,13.9,13.91,13.92,13.93,13.94,13.95,13.96,13.97,13.98,13.99,5700,3600,4000,7200,19800,7800,6600,9400,53500,45700,1300,10900,27000,3300,1300,4200,1300,26300,32500,58200
10853.0,13.9,18499500,252837201.0,13.89,13.88,13.87,13.86,13.85,13.83,13.82,13.81,13.8,13.79,13.9,13.91,13.92,13.93,13.94,13.95,13.96,13.97,13.98,13.99,4600,3600,4000,7200,19800,7800,6600,9400,53500,45700,1200,10900,27000,3300,1300,4200,1300,26300,32500,58200
10854.0,13.9,18499600,252838591.0,13.89,13.88,13.87,13.86,13.85,13.83,13.82,13.81,13.8,13.79,13.9,13.91,13.92,13.93,13.94,13.95,13.96,13.97,13.98,13.99,4600,3600,4000,7200,19800,7800,6600,9400,53500,45700,1100,10800,27000,3300,1300,4200,1300,26300,32500,58200
10855.0,13.9,18499600,252838591.0,13.89,13.88,13.87,13.86,13.85,13.83,13.82,13.81,13.8,13.79,13.9,13.91,13.92,13.93,13.94,13.95,13.96,13.97,13.98,13.99,4600,3600,4000,7200,19800,7800,6600,9400,53500,45700,1100,10800,27000,3300,1300,4200,1300,26300,32500,58200
10856.0,13.9,18499700,252839981.0,13.89,13.88,13.87,13.86,13.85,13.83,13.82,13.81,13.8,13.79,13.9,13.91,13.92,13.93,13.94,13.95,13.96,13.97,13.98,13.99,4600,3600,4000,7200,19800,7800,6600,9400,53500,45700,1000,10800,27000,3300,1300,4200,1300,26300,32500,58200
10857.0,13.89,18500300,252848315.0,13.89,13.88,13.87,13.86,13.85,13.83,13.82,13.81,13.8,13.79,13.9,13.91,13.92,13.93,13.94,13.95,13.96,13.97,13.98,13.99,5400,3600,4000,7200,19800,7800,6600,9400,53500,45700,1000,10800,27000,3300,1300,4200,1300,27800,32500,58200
10858.0,13.89,18500300,252848315.0,13.89,13.88,13.87,13.86,13.85,13.83,13.82,13.81,13.8,13.79,13.9,13.91,13.92,13.93,13.94,13.95,13.96,13.97,13.98,13.99,5400,3600,4000,7200,19800,7800,6600,9400,53500,45700,1000,10800,27000,3300,1300,4200,1300,27800,32500,58200
10859.0,13.9,18500400,252849705.0,13.89,13.88,13.87,13.86,13.85,13.83,13.82,13.81,13.8,13.79,13.9,13.91,13.92,13.93,13.94,13.95,13.96,13.97,13.98,13.99,5400,3600,4000,7200,19800,7800,6600,9400,53500,45700,900,10800,27000,3300,1300,4200,1300,27800,32500,58200
10860.0,13.9,18500400,252849705.0,13.89,13.88,13.87,13.86,13.85,13.83,13.82,13.81,13.8,13.79,13.9,13.91,13.92,13.93,13.94,13.95,13.96,13.97,13.98,13.99,5400,3600,4000,7200,19800,7800,6600,9400,53500,45700,900,10800,27000,3300,1300,4200,1300,27800,32500,58200
10861.0,13.9,18500400,252849705.0,13.89,13.88,13.87,13.86,13.85,13.83,13.82,13.81,13.8,13.79,13.9,13.91,13.92,13.93,13.94,13.95,13.96,13.97,13.98,13.99,5400,3600,4000,7200,19800,7800,6600,9400,53500,45700,900,10800,27000,3300,1300,4200,1300,27800,32500,58200
10862.0,13.9,18500400,252849705.0,13.89,13.88,13.87,13.86,13.85,13.83,13.82,13.81,13.8,13.79,13.9,13.91,13.92,13.93,13.94,13.95,13.96,13.97,13.98,13.99,5400,3600,4000,7200,19800,7800,6600,9400,53500,45700,900,10800,27000,3300,1300,4200,1300,27800,32500,58200
10863.0,13.9,18500400,252849705.0,13.89,13.88,13.87,13.86,13.85,13.83,13.82,13.81,13.8,13.79,13.9,13.91,13.92,13.93,13.94,13.95,13.96,13.97,13.98,13.99,5400,3600,4000,7200,19800,7800,6600,9400,53500,45700,4400,10800,27000,3300,1300,4200,1300,27800,32500,58200
10864.0,13.89,18501700,252867762.0,13.89,13.88,13.87,13.86,13.85,13.83,13.82,13.81,13.8,13.79,13.9,13.91,13.92,13.93,13.94,13.95,13.96,13.97,13.98,13.99,4200,3600,4000,7200,19800,7800,6600,9400,53500,45700,4400,10800,27000,3300,1300,4200,1300,27800,32500,58200
10865.0,13.9,18502500,252878878.0,13.89,13.88,13.87,13.86,13.85,13.83,13.82,13.81,13.8,13.79,13.9,13.91,13.92,13.93,13.94,13.95,13.96,13.97,13.98,13.99,3800,3600,4000,7200,19800,7800,6600,9400,53500,45700,4000,10800,27000,3300,1300,4200,1300,27800,32500,58200
10866.0,13.9,18502500,252878878.0,13.89,13.88,13.87,13.86,13.85,13.83,13.82,13.81,13.8,13.79,13.9,13.91,13.92,13.93,13.94,13.95,13.96,13.97,13.98,13.99,3800,3600,4000,7200,19800,7800,6600,9400,53500,45700,4000,10800,27000,3300,1300,4200,1300,27800,32500,58200
10867.0,13.89,18502800,252883045.0,13.89,13.88,13.87,13.86,13.85,13.83,13.82,13.81,13.8,13.79,13.9,13.91,13.92,13.93,13.94,13.95,13.96,13.97,13.98,13.99,3500,3600,4000,7200,19800,7800,6600,9400,53500,45700,4000,10800,27000,3300,1300,4200,1300,27800,32500,58200
10868.0,13.89,18506800,252938609.0,13.88,13.87,13.86,13.85,13.83,13.82,13.81,13.8,13.79,13.78,13.89,13.9,13.91,13.92,13.93,13.94,13.95,13.96,13.97,13.98,3600,4000,7200,19800,7800,6600,9400,53500,45700,11600,9400,3600,10800,27000,3300,1300,4200,1300,27800,32500
10869.0,13.89,18506800,252938609.0,13.88,13.87,13.86,13.85,13.83,13.82,13.81,13.8,13.79,13.78,13.89,13.9,13.91,13.92,13.93,13.94,13.95,13.96,13.97,13.98,3600,4000,7200,19800,7800,6600,9400,53500,45700,11600,9400,3600,10800,27000,3300,1300,4700,1300,27800,32500
10870.0,13.89,18506800,252938609.0,13.88,13.87,13.86,13.85,13.83,13.82,13.81,13.8,13.79,13.78,13.89,13.9,13.91,13.92,13.93,13.94,13.95,13.96,13.97,13.98,3600,4000,7200,19800,7800,6600,9400,53500,45700,11600,9400,3600,10800,27000,3300,1300,4700,1300,27800,32500
10871.0,13.89,18507500,252948332.0,13.88,13.87,13.86,13.85,13.83,13.82,13.81,13.8,13.79,13.78,13.89,13.9,13.91,13.92,13.93,13.94,13.95,13.96,13.97,13.98,4100,4000,7200,19800,7800,6600,9400,53500,45700,11600,8700,3600,10800,27000,3300,1300,4700,1300,27800,32500
10872.0,13.88,18507900,252953884.0,13.88,13.87,13.86,13.85,13.83,13.82,13.81,13.8,13.79,13.78,13.89,13.9,13.91,13.92,13.93,13.94,13.95,13.96,13.97,13.98,3700,4000,7200,19800,7800,6600,9400,53500,45700,11600,8700,3600,10800,27000,3300,1300,4700,1300,27800,32500
10873.0,13.88,18507900,252953884.0,13.88,13.87,13.86,13.85,13.83,13.82,13.81,13.8,13.79,13.78,13.89,13.9,13.91,13.92,13.93,13.94,13.95,13.96,13.97,13.98,3700,4000,7200,19800,7800,6600,9400,53500,45700,11600,10900,3600,10800,27000,3300,1300,4700,1300,27800,32500
10874.0,13.89,18508900,252967774.0,13.88,13.87,13.86,13.85,13.83,13.82,13.81,13.8,13.79,13.78,13.89,13.9,13.91,13.92,13.93,13.94,13.95,13.96,13.97,13.98,3700,4000,7200,19800,7800,6600,9400,53500,45700,11600,9900,3600,10800,27000,3300,1300,4700,1300,27800,32500
10875.0,13.88,18509600,252977490.0,13.88,13.87,13.86,13.85,13.83,13.82,13.81,13.8,13.79,13.78,13.89,13.9,13.91,13.92,13.93,13.94,13.95,13.96,13.97,13.98,3000,4000,7200,19800,7800,6600,9400,53500,45700,11600,9900,3600,10800,27000,3300,1300,4700,1300,27800,32500
10876.0,13.88,18509600,252977490.0,13.88,13.87,13.86,13.85,13.83,13.82,13.81,13.8,13.79,13.78,13.89,13.9,13.91,13.92,13.93,13.94,13.95,13.96,13.97,13.98,3300,4000,7200,19800,7800,6600,9400,53500,45700,11600,10500,4600,10800,27000,3300,1300,4700,1300,27800,32500
10877.0,13.89,18510200,252985824.0,13.88,13.87,13.86,13.85,13.83,13.82,13.81,13.8,13.79,13.78,13.89,13.9,13.91,13.92,13.93,13.94,13.95,13.96,13.97,13.98,3300,4000,7200,19800,7800,6500,9400,53500,45700,11600,9900,4600,10800,27000,3300,1300,4700,1300,27800,32500
10878.0,13.89,18510200,252985824.0,13.88,13.87,13.86,13.85,13.83,13.82,13.81,13.8,13.79,13.78,13.89,13.9,13.91,13.92,13.93,13.94,13.95,13.96,13.97,13.98,3300,4000,7200,19800,7800,6500,9400,53500,45700,11600,9900,4600,10800,27000,3300,1300,4700,1300,27800,32500
10879.0,13.88,18510500,252989988.0,13.88,13.87,13.86,13.85,13.83,13.82,13.81,13.8,13.79,13.78,13.89,13.9,13.91,13.92,13.93,13.94,13.95,13.96,13.97,13.98,3000,4000,7200,19800,7800,6500,9400,53500,45700,11600,9900,4600,10800,27000,3300,1300,4700,1300,27800,32500
10880.0,13.88,18510800,252994152.0,13.88,13.87,13.86,13.85,13.83,13.82,13.81,13.8,13.79,13.78,13.89,13.9,13.91,13.92,13.93,13.94,13.95,13.96,13.97,13.98,2700,4000,7200,19800,7800,6500,9400,53500,45700,11600,9900,4600,10800,27000,3300,1300,4700,1300,27800,32500
10881.0,13.88,18510800,252994152.0,13.88,13.87,13.86,13.85,13.83,13.82,13.81,13.8,13.79,13.78,13.89,13.9,13.91,13.92,13.93,13.94,13.95,13.96,13.97,13.98,2700,4000,7200,19800,7800,6500,9400,53500,45700,11600,11800,4600,10800,27000,3300,1300,4700,1300,27800,32500
10882.0,13.88,18510800,252994152.0,13.88,13.87,13.86,13.85,13.83,13.82,13.81,13.8,13.79,13.78,13.89,13.9,13.91,13.92,13.93,13.94,13.95,13.96,13.97,13.98,2700,4000,7200,19800,7800,6500,9400,53500,45700,11600,11800,4600,10800,27000,3300,1300,4700,1300,27800,32500
10883.0,13.88,18511600,253005256.0,13.88,13.87,13.86,13.85,13.83,13.82,13.81,13.8,13.79,13.78,13.89,13.9,13.91,13.92,13.93,13.94,13.95,13.96,13.97,13.98,2600,4000,7200,19800,7800,6500,9400,53500,45700,11600,12000,4600,10800,27000,3300,1300,4700,1300,27800,32500
10884.0,13.89,18512300,253014979.0,13.88,13.87,13.86,13.85,13.83,13.82,13.81,13.8,13.79,13.78,13.89,13.9,13.91,13.92,13.93,13.94,13.95,13.96,13.97,13.98,2600,4000,7200,19800,7800,6500,9400,53500,45700,11600,11300,4600,10800,27000,3300,1300,4700,1300,27800,32500
10885.0,13.89,18512300,253014979.0,13.88,13.87,13.86,13.85,13.83,13.82,13.81,13.8,13.79,13.78,13.89,13.9,13.91,13.92,13.93,13.94,13.95,13.96,13.97,13.98,2900,4000,7200,19800,7800,6500,9400,53500,45700,11600,11700,4600,10800,27000,3300,1300,4700,1300,27800,32500
10886.0,13.88,18513000,253024695.0,13.88,13.87,13.86,13.85,13.83,13.82,13.81,13.8,13.79,13.78,13.89,13.9,13.91,13.92,13.93,13.94,13.95,13.96,13.97,13.98,4200,4000,7200,19800,7800,6500,9400,53500,45700,11600,11700,4600,10800,27000,3300,1300,4700,1300,27800,32500
10887.0,13.88,18513400,253030247.0,13.88,13.87,13.86,13.85,13.83,13.82,13.81,13.8,13.79,13.78,13.89,13.9,13.91,13.92,13.93,13.94,13.95,13.96,13.97,13.98,3800,4000,7200,19800,7800,6500,9400,53500,45700,11600,11700,4600,10800,27000,3300,1300,4700,1300,27800,32500
10888.0,13.88,18514000,253038575.0,13.88,13.87,13.86,13.85,13.83,13.82,13.81,13.8,13.79,13.78,13.89,13.9,13.91,13.92,13.93,13.94,13.95,13.96,13.97,13.98,3200,4000,7200,19800,7800,6500,9400,53500,45700,11600,11700,4600,10800,27000,3300,1300,4700,1300,27800,32500
10889.0,13.88,18514300,253042739.0,13.88,13.87,13.86,13.85,13.83,13.82,13.81,13.8,13.79,13.78,13.89,13.9,13.91,13.92,13.93,13.94,13.95,13.96,13.97,13.98,2900,4000,7200,19800,7800,6500,9400,53500,45700,11600,12000,4600,10800,27000,3300,1300,4700,1300,27800,32500
10890.0,13.88,18514300,253042739.0,13.88,13.87,13.86,13.85,13.83,13.82,13.81,13.8,13.79,13.78,13.89,13.9,13.91,13.92,13.93,13.94,13.95,13.96,13.97,13.98,2900,4000,7200,19800,7800,6500,9400,53500,45700,11600,12000,4600,10800,27000,3300,1300,4700,1300,27800,32500
10891.0,13.88,18514500,253045515.0,13.88,13.87,13.86,13.85,13.83,13.82,13.81,13.8,13.79,13.78,13.89,13.9,13.91,13.92,13.93,13.94,13.95,13.96,13.97,13.98,2700,4000,7200,19800,7800,6500,9400,53500,45700,11600,12000,4600,10800,27000,3300,1300,4700,1300,27800,32100
10892.0,13.89,18516300,253070517.0,13.88,13.87,13.86,13.85,13.83,13.82,13.81,13.8,13.79,13.78,13.89,13.9,13.91,13.92,13.93,13.94,13.95,13.96,13.97,13.98,2700,4000,7200,19800,7800,6500,9400,53500,45700,11600,10200,4600,10800,27000,3300,1300,4700,1300,27800,32100
10893.0,13.89,18516300,253070517.0,13.88,13.87,13.86,13.85,13.83,13.82,13.81,13.8,13.79,13.78,13.89,13.9,13.91,13.92,13.93,13.94,13.95,13.96,13.97,13.98,2700,4000,7200,19800,7800,6500,9400,53500,45700,11600,10200,4600,10800,27000,3300,1300,4700,1300,27800,32100
10894.0,13.88,18516700,253076069.0,13.88,13.87,13.86,13.85,13.83,13.82,13.81,13.8,13.79,13.78,13.89,13.9,13.91,13.92,13.93,13.94,13.95,13.96,13.97,13.98,2300,4000,7200,19800,7800,6500,9400,53500,45700,11600,10200,4600,10800,27000,3300,1300,4700,1300,27800,32100
10895.0,13.88,18516700,253076069.0,13.88,13.87,13.86,13.85,13.83,13.82,13.81,13.8,13.79,13.78,13.89,13.9,13.91,13.92,13.93,13.94,13.95,13.96,13.97,13.98,2300,4000,7200,19800,7800,6500,9400,53500,45700,11600,10200,4600,10800,27000,3300,1300,4700,1300,27800,32100
10896.0,13.88,18516700,253076069.0,13.88,13.87,13.86,13.85,13.83,13.82,13.81,13.8,13.79,13.78,13.89,13.9,13.91,13.92,13.93,13.94,13.95,13.96,13.97,13.98,2300,4000,7200,19800,7800,6500,9400,53500,45700,11600,10200,4600,11800,27000,3300,1300,4700,1300,27800,32100
10897.0,13.89,18518100,253095515.0,13.88,13.87,13.86,13.85,13.83,13.82,13.81,13.8,13.79,13.78,13.89,13.9,13.91,13.92,13.93,13.94,13.95,13.96,13.97,13.98,2300,4000,7200,19800,7800,6500,5800,53500,45700,11600,8800,4600,11800,27000,3300,1300,4700,1300,27800,32100
10898.0,13.88,18519100,253109395.0,13.88,13.87,13.86,13.85,13.83,13.82,13.81,13.8,13.79,13.78,13.89,13.9,13.91,13.92,13.93,13.94,13.95,13.96,13.97,13.98,1300,4000,7200,19800,7800,6500,5800,53500,8700,11600,8800,4600,11800,27000,3300,1300,4700,1300,27800,32100
10899.0,13.88,18519200,253110783.0,13.88,13.87,13.86,13.85,13.83,13.82,13.81,13.8,13.79,13.78,13.89,13.9,13.91,13.92,13.93,13.94,13.95,13.96,13.97,13.98,1200,4000,7200,19800,7800,6500,5800,53500,8700,11600,8800,4600,11800,27000,3300,1300,4700,1300,27800,32100
10900.0,13.88,18519200,253110783.0,13.88,13.87,13.86,13.85,13.83,13.82,13.81,13.8,13.79,13.78,13.89,13.9,13.91,13.92,13.93,13.94,13.95,13.96,13.97,13.98,1200,4000,7200,19800,7800,6500,5800,53500,8700,11600,8800,4600,11800,27000,3300,1300,4700,1300,27800,32100
10901.0,13.88,18520300,253126051.0,13.88,13.87,13.86,13.85,13.83,13.82,13.81,13.8,13.79,13.78,13.89,13.9,13.91,13.92,13.93,13.94,13.95,13.96,13.97,13.98,100,4000,7200,19800,7800,6500,5800,53500,8700,11600,8800,4600,11800,27000,3300,1300,4700,1300,27800,32100
10902.0,13.89,18521000,253135774.0,13.88,13.87,13.86,13.85,13.83,13.82,13.81,13.8,13.79,13.78,13.89,13.9,13.91,13.92,13.93,13.94,13.95,13.96,13.97,13.98,100,4000,7200,19800,7800,6500,5800,53500,8700,11600,8100,4600,11800,27000,3300,1300,4700,1300,27800,32100
10903.0,13.89,18521000,253135774.0,13.88,13.87,13.86,13.85,13.83,13.82,13.81,13.8,13.79,13.78,13.89,13.9,13.91,13.92,13.93,13.94,13.95,13.96,13.97,13.98,100,4000,7200,19800,7800,6500,5800,53500,8700,11600,8100,4600,11800,27000,3300,1300,4700,1300,27800,32100
10904.0,13.89,18521000,253135774.0,13.88,13.87,13.86,13.85,13.83,13.82,13.81,13.8,13.79,13.78,13.89,13.9,13.91,13.92,13.93,13.94,13.95,13.96,13.97,13.98,100,4000,7200,19800,7800,6500,5800,53500,8700,11600,8100,4600,11800,27000,3300,1300,4700,1300,27800,32100
10905.0,13.89,18521700,253145497.0,13.88,13.87,13.86,13.85,13.83,13.82,13.81,13.8,13.79,13.78,13.89,13.9,13.91,13.92,13.93,13.94,13.95,13.96,13.97,13.98,100,4000,7200,19800,7800,6500,5800,53500,8700,11600,7400,4600,11800,27000,3300,1300,4700,1300,27800,32100
10906.0,13.89,18521800,253146886.0,13.88,13.87,13.86,13.85,13.83,13.82,13.81,13.8,13.79,13.78,13.89,13.9,13.91,13.92,13.93,13.94,13.95,13.96,13.97,13.98,100,4000,7200,19800,7800,6500,5800,53500,8700,11600,7300,4600,11800,27000,3300,1300,4700,1300,27800,32100
10907.0,13.89,18521800,253146886.0,13.88,13.87,13.86,13.85,13.83,13.82,13.81,13.8,13.79,13.78,13.89,13.9,13.91,13.92,13.93,13.94,13.95,13.96,13.97,13.98,100,4000,7200,19800,7800,6500,5800,53500,8700,11600,7300,4600,11800,27000,3300,1300,4700,1300,27800,32100
10908.0,13.89,18522500,253156609.0,13.88,13.87,13.86,13.85,13.83,13.82,13.81,13.8,13.79,13.78,13.89,13.9,13.91,13.92,13.93,13.94,13.95,13.96,13.97,13.98,100,4400,7200,19800,7800,6500,5800,53500,8700,11600,6600,4600,11800,27000,3300,1300,4700,1300,27800,32100
10909.0,13.89,18522500,253156609.0,13.88,13.87,13.86,13.85,13.83,13.82,13.81,13.8,13.79,13.78,13.89,13.9,13.91,13.92,13.93,13.94,13.95,13.96,13.97,13.98,100,4400,7200,19800,7800,6500,5800,53500,8700,11600,6600,4600,11800,27000,3300,1300,4700,1300,27800,32100
10910.0,13.88,18522600,253157997.0,13.87,13.86,13.85,13.83,13.82,13.81,13.8,13.79,13.78,13.77,13.88,13.89,13.9,13.91,13.92,13.93,13.94,13.95,13.96,13.97,4400,7200,19800,7800,6500,5800,53500,8700,11600,10700,3400,6600,4600,11800,27000,3300,1300,4700,1300,27800
10911.0,13.88,18522900,253162161.0,13.87,13.86,13.85,13.83,13.82,13.81,13.8,13.79,13.78,13.77,13.88,13.89,13.9,13.91,13.92,13.93,13.94,13.95,13.96,13.97,4400,7200,19800,7800,6500,5800,53500,8700,11600,10700,13100,6600,4600,11800,27000,3300,1300,4700,1300,27800
10912.0,13.88,18522900,253162161.0,13.87,13.86,13.85,13.83,13.82,13.81,13.8,13.79,13.78,13.77,13.88,13.89,13.9,13.91,13.92,13.93,13.94,13.95,13.96,13.97,4400,7200,19800,7800,6500,5800,53500,8700,11600,10700,13100,6600,4600,11800,27500,3300,1300,4700,1300,27800
10913.0,13.88,18530900,253273201.0,13.87,13.86,13.85,13.83,13.82,13.81,13.8,13.79,13.78,13.77,13.88,13.89,13.9,13.91,13.92,13.93,13.94,13.95,13.96,13.97,4400,7200,19800,7800,6500,5800,53500,8700,11600,10700,5100,6600,4600,11800,27500,3300,1300,4700,1300,27800
10914.0,13.88,18531400,253280141.0,13.87,13.86,13.85,13.83,13.82,13.81,13.8,13.79,13.78,13.77,13.88,13.89,13.9,13.91,13.92,13.93,13.94,13.95,13.96,13.97,4400,7200,19800,7800,6500,5800,53500,8700,11600,10700,4600,6600,4800,11800,27500,3300,1300,4700,1300,27800
10915.0,13.87,18531800,253285689.0,13.87,13.86,13.85,13.83,13.82,13.81,13.8,13.79,13.78,13.77,13.88,13.89,13.9,13.91,13.92,13.93,13.94,13.95,13.96,13.97,4000,7200,19800,7800,6500,5800,53500,8700,11600,10700,4600,6600,4800,11800,27500,3300,1300,4700,1300,27800
10916.0,13.87,18531800,253285689.0,13.87,13.86,13.85,13.83,13.82,13.81,13.8,13.79,13.78,13.77,13.88,13.89,13.9,13.91,13.92,13.93,13.94,13.95,13.96,13.97,4000,7200,19800,7800,6500,5800,53500,8700,11600,10700,4600,6600,4800,11800,27500,3300,1300,4700,1300,27800
10917.0,13.88,18532300,253292629.0,13.87,13.86,13.85,13.83,13.82,13.81,13.8,13.79,13.78,13.77,13.88,13.89,13.9,13.91,13.92,13.93,13.94,13.95,13.96,13.97,4000,7200,19800,7800,6500,4800,53500,8700,11600,10700,4100,6600,4800,11800,28900,3300,1300,4700,1300,27800
10918.0,13.88,18532300,253292629.0,13.87,13.86,13.85,13.83,13.82,13.81,13.8,13.79,13.78,13.77,13.88,13.89,13.9,13.91,13.92,13.93,13.94,13.95,13.96,13.97,3600,7200,19800,7800,6500,4800,53500,8700,11600,10700,4100,7600,4800,11800,28900,3300,1300,4700,1300,27800
10919.0,13.87,18533300,253306499.0,13.87,13.86,13.85,13.83,13.82,13.81,13.8,13.79,13.78,13.77,13.88,13.89,13.9,13.91,13.92,13.93,13.94,13.95,13.96,13.97,2600,7200,19800,7800,6500,4800,53500,8700,11600,10700,4100,7600,4800,11800,28900,3300,1300,4700,1300,27800
10920.0,13.88,18533700,253312051.0,13.87,13.86,13.85,13.83,13.82,13.81,13.8,13.79,13.78,13.77,13.88,13.89,13.9,13.91,13.92,13.93,13.94,13.95,13.96,13.97,2600,7200,19800,7800,6500,4800,53500,8700,11600,10700,3700,7600,4800,11800,28900,3300,1300,4700,1300,27800
10921.0,13.88,18536700,253353691.0,13.87,13.86,13.85,13.83,13.82,13.81,13.8,13.79,13.78,13.77,13.88,13.89,13.9,13.91,13.92,13.93,13.94,13.95,13.96,13.97,2600,7200,19800,7800,6500,4800,53500,8700,11600,10700,700,7600,4800,11800,28900,3300,1300,4700,1300,27800
10922.0,13.87,18536900,253356465.0,13.87,13.86,13.85,13.83,13.82,13.81,13.8,13.79,13.78,13.77,13.88,13.89,13.9,13.91,13.92,13.93,13.94,13.95,13.96,13.97,2400,7200,19800,7800,6500,4800,53500,8700,11600,10700,700,8100,4800,11800,28900,3300,1300,4700,1300,27800
10923.0,13.87,18536900,253356465.0,13.87,13.86,13.85,13.83,13.82,13.81,13.8,13.79,13.78,13.77,13.88,13.89,13.9,13.91,13.92,13.93,13.94,13.95,13.96,13.97,2400,7200,19800,7800,6500,4800,53500,8700,11600,10700,700,8100,4800,11800,28900,3300,1300,4700,1300,27800
10924.0,13.87,18536900,253356465.0,13.87,13.86,13.85,13.83,13.82,13.81,13.8,13.79,13.78,13.77,13.88,13.89,13.9,13.91,13.92,13.93,13.94,13.95,13.96,13.97,2400,7200,19800,7800,6500,4800,53500,8700,11600,10700,700,8300,4800,11800,28900,3300,1300,4700,1300,27800
10925.0,13.87,18536900,253356465.0,13.87,13.86,13.85,13.83,13.82,13.81,13.8,13.79,13.78,13.77,13.88,13.89,13.9,13.91,13.92,13.93,13.94,13.95,13.96,13.97,2400,7200,19800,7800,6500,4800,53500,8700,11600,10700,700,8300,4900,11800,28900,3300,1300,4700,1300,27800
10926.0,13.87,18536900,253356465.0,13.87,13.86,13.85,13.83,13.82,13.81,13.8,13.79,13.78,13.77,13.88,13.89,13.9,13.91,13.92,13.93,13.94,13.95,13.96,13.97,2400,7200,19800,7800,6500,4800,53500,8700,11600,10700,700,8300,4900,11800,28900,3300,1300,4700,1300,27800
10927.0,13.87,18536900,253356465.0,13.87,13.86,13.85,13.83,13.82,13.81,13.8,13.79,13.78,13.77,13.88,13.89,13.9,13.91,13.92,13.93,13.94,13.95,13.96,13.97,2400,7200,19800,7800,6500,4800,53500,8700,11600,10700,700,8300,4900,11800,28900,3300,1300,4700,1300,27800
10928.0,13.88,18537600,253366181.0,13.88,13.87,13.86,13.85,13.83,13.82,13.81,13.8,13.79,13.78,13.89,13.9,13.91,13.92,13.93,13.94,13.95,13.96,13.97,13.98,300,2400,7200,19800,7800,6500,4800,53500,8700,11600,12800,4900,11800,28900,3300,1300,4700,1300,27800,32100
10929.0,13.88,18537600,253366181.0,13.88,13.87,13.86,13.85,13.83,13.82,13.81,13.8,13.79,13.78,13.89,13.9,13.91,13.92,13.93,13.94,13.95,13.96,13.97,13.98,300,2400,7200,19800,7800,6500,4800,53500,8700,11600,12800,4800,11800,28900,3300,1300,4700,1300,27800,32100
10930.0,13.88,18537600,253366181.0,13.88,13.87,13.86,13.85,13.83,13.82,13.81,13.8,13.79,13.78,13.89,13.9,13.91,13.92,13.93,13.94,13.95,13.96,13.97,13.98,300,2400,7200,19800,7800,6500,4800,53500,8700,11600,14000,4800,11800,28900,3300,1300,4700,1300,27800,32100
10931.0,13.88,18537600,253366181.0,13.88,13.87,13.86,13.85,13.83,13.82,13.81,13.8,13.79,13.78,13.89,13.9,13.91,13.92,13.93,13.94,13.95,13.96,13.97,13.98,1500,2400,7200,19800,7800,6500,4800,53500,8700,11600,14000,4800,11800,28900,3300,1300,4700,1300,27800,32100
10932.0,13.88,18538900,253384225.0,13.88,13.87,13.86,13.85,13.83,13.82,13.81,13.8,13.79,13.78,13.89,13.9,13.91,13.92,13.93,13.94,13.95,13.96,13.97,13.98,200,2400,7200,19800,7800,6500,4800,53500,8700,11600,14000,4800,11800,28900,3300,1300,4700,1300,27800,32100
10933.0,13.88,18538900,253384225.0,13.88,13.87,13.86,13.85,13.83,13.82,13.81,13.8,13.79,13.78,13.89,13.9,13.91,13.92,13.93,13.94,13.95,13.96,13.97,13.98,200,2400,7200,19800,7800,6500,4800,53500,8700,11600,14000,5300,11800,28900,3300,1300,4700,1300,27800,32100
10934.0,13.89,18539500,253392559.0,13.88,13.87,13.86,13.85,13.83,13.82,13.81,13.8,13.79,13.78,13.89,13.9,13.91,13.92,13.93,13.94,13.95,13.96,13.97,13.98,200,2400,7200,19800,7800,6500,4800,53500,8700,11600,13400,5300,11800,28900,3300,1300,4700,1300,27800,32100
10935.0,13.89,18540300,253403671.0,13.88,13.87,13.86,13.85,13.83,13.82,13.81,13.8,13.79,13.78,13.89,13.9,13.91,13.92,13.93,13.94,13.95,13.96,13.97,13.98,200,2400,7200,19800,7800,6500,4800,53500,8700,11600,12600,5300,11800,28900,3300,1300,4700,1300,27800,32100
10936.0,13.89,18540300,253403671.0,13.88,13.87,13.86,13.85,13.83,13.82,13.81,13.8,13.79,13.78,13.89,13.9,13.91,13.92,13.93,13.94,13.95,13.96,13.97,13.98,200,2400,7200,19800,7800,6500,4800,53500,8700,11600,12600,5300,11800,28900,3300,1300,4700,1300,27800,32100
10937.0,13.89,18540300,253403671.0,13.88,13.87,13.86,13.85,13.83,13.82,13.81,13.8,13.79,13.78,13.89,13.9,13.91,13.92,13.93,13.94,13.95,13.96,13.97,13.98,200,2400,7200,19600,7800,6500,4800,53500,8700,11600,12600,5300,11800,28900,3300,1300,4700,1300,27800,32100
10938.0,13.88,18540800,253410614.0,13.87,13.86,13.85,13.83,13.82,13.81,13.8,13.79,13.78,13.77,13.88,13.89,13.9,13.91,13.92,13.93,13.94,13.95,13.96,13.97,2400,7200,19600,7800,6500,4800,53500,8700,11600,10700,1500,12300,6400,11800,28900,3300,1300,4700,1300,27800
10939.0,13.88,18540800,253410614.0,13.87,13.86,13.85,13.83,13.82,13.81,13.8,13.79,13.78,13.77,13.88,13.89,13.9,13.91,13.92,13.93,13.94,13.95,13.96,13.97,2400,7200,19600,7800,6500,4800,53500,8700,11600,10700,1500,12300,6400,11800,28900,3300,1300,4700,1300,27800
10940.0,13.88,18541400,253418942.0,13.87,13.86,13.85,13.83,13.82,13.81,13.8,13.79,13.78,13.77,13.88,13.89,13.9,13.91,13.92,13.93,13.94,13.95,13.96,13.97,2400,7200,19600,7800,6500,4800,53500,8700,11600,10700,900,14500,6400,11800,28900,3300,1300,4700,1300,27800
10941.0,13.88,18541400,253418942.0,13.87,13.86,13.85,13.83,13.82,13.81,13.8,13.79,13.78,13.77,13.88,13.89,13.9,13.91,13.92,13.93,13.94,13.95,13.96,13.97,2400,7200,19600,7800,6500,4800,53500,8700,11600,10700,900,14500,6400,11800,28900,3300,1300,4700,1300,27800
10942.0,13.87,18541800,253424490.0,13.87,13.86,13.85,13.83,13.82,13.81,13.8,13.79,13.78,13.77,13.88,13.89,13.9,13.91,13.92,13.93,13.94,13.95,13.96,13.97,2000,7600,19600,7800,6500,4800,53500,8700,11600,10700,900,14500,6400,11800,28900,3300,1300,4700,1300,27800
10943.0,13.87,18542000,253427264.0,13.87,13.86,13.85,13.83,13.82,13.81,13.8,13.79,13.78,13.77,13.88,13.89,13.9,13.91,13.92,13.93,13.94,13.95,13.96,13.97,1800,7600,19600,7800,6500,4800,53500,8700,11600,10700,1900,14500,6400,11800,28900,3300,1300,4700,1300,27800
10944.0,13.88,18542100,253428652.0,13.87,13.86,13.85,13.83,13.82,13.81,13.8,13.79,13.78,13.77,13.88,13.89,13.9,13.91,13.92,13.93,13.94,13.95,13.96,13.97,1800,7600,19600,7800,6500,4800,53500,8700,11600,10700,1800,14500,6400,11800,28900,3300,1300,4700,1300,27800
10945.0,13.88,18542100,253428652.0,13.87,13.86,13.85,13.83,13.82,13.81,13.8,13.79,13.78,13.77,13.88,13.89,13.9,13.91,13.92,13.93,13.94,13.95,13.96,13.97,1800,7600,19600,7800,6500,4800,53500,8700,11600,10700,2300,14500,6400,11800,28900,3300,1300,4700,1300,27800
10946.0,13.88,18542100,253428652.0,13.87,13.86,13.85,13.83,13.82,13.81,13.8,13.79,13.78,13.77,13.88,13.89,13.9,13.91,13.92,13.93,13.94,13.95,13.96,13.97,1800,7600,19600,7800,6500,4800,53500,8700,11600,10700,3500,14500,6400,11800,28900,3300,1300,4700,1300,27800
10947.0,13.88,18542400,253432816.0,13.87,13.86,13.85,13.83,13.82,13.81,13.8,13.79,13.78,13.77,13.88,13.89,13.9,13.91,13.92,13.93,13.94,13.95,13.96,13.97,1800,8600,19600,7800,6500,4800,53500,8700,11600,10700,3200,14500,6400,11800,28900,3300,1300,4700,1300,27800
10948.0,13.88,18542400,253432816.0,13.87,13.86,13.85,13.83,13.82,13.81,13.8,13.79,13.78,13.77,13.88,13.89,13.9,13.91,13.92,13.93,13.94,13.95,13.96,13.97,1800,7600,19600,7800,6500,4800,53500,8700,11600,10700,3200,14500,6400,11800,28900,3300,1300,4700,1300,27800
10949.0,13.88,18542400,253432816.0,13.87,13.86,13.85,13.83,13.82,13.81,13.8,13.79,13.78,13.77,13.88,13.89,13.9,13.91,13.92,13.93,13.94,13.95,13.96,13.97,1800,7600,19600,7800,6500,4800,53500,8700,11600,10700,3200,14500,6400,11800,28900,3300,1300,4700,1300,27800
10950.0,13.88,18545700,253478619.0,13.88,13.87,13.86,13.85,13.83,13.82,13.81,13.8,13.79,13.78,13.89,13.9,13.91,13.92,13.93,13.94,13.95,13.96,13.97,13.98,7100,1700,7600,19600,7800,6500,4800,53500,8700,11600,14500,6400,11800,28900,3300,1300,4700,1300,27800,32500
10951.0,13.88,18545700,253478619.0,13.88,13.87,13.86,13.85,13.83,13.82,13.81,13.8,13.79,13.78,13.89,13.9,13.91,13.92,13.93,13.94,13.95,13.96,13.97,13.98,7100,1900,7600,19600,7800,6500,4800,53500,8700,11600,14500,6400,11800,28900,3300,1300,4700,1300,27800,32500
10952.0,13.88,18545700,253478619.0,13.88,13.87,13.86,13.85,13.83,13.82,13.81,13.8,13.79,13.78,13.89,13.9,13.91,13.92,13.93,13.94,13.95,13.96,13.97,13.98,7100,1900,7600,19600,7800,6500,4800,53500,8700,11600,14500,6400,11800,30500,3300,1300,4700,1300,27800,32500
10953.0,13.89,18547800,253507788.0,13.88,13.87,13.86,13.85,13.83,13.82,13.81,13.8,13.79,13.78,13.89,13.9,13.91,13.92,13.93,13.94,13.95,13.96,13.97,13.98,7100,1900,7600,19600,7800,6500,4800,53500,8700,11600,12400,6400,11800,30500,3300,1300,4700,1300,27800,32500
10954.0,13.88,18548800,253521668.0,13.88,13.87,13.86,13.85,13.83,13.82,13.81,13.8,13.79,13.78,13.89,13.9,13.91,13.92,13.93,13.94,13.95,13.96,13.97,13.98,6100,1900,7600,19600,7800,6500,4800,53500,8700,11600,12400,6400,11800,30500,3300,1300,4700,1300,27800,32400
10955.0,13.88,18548800,253521668.0,13.88,13.87,13.86,13.85,13.83,13.82,13.81,13.8,13.79,13.78,13.89,13.9,13.91,13.92,13.93,13.94,13.95,13.96,13.97,13.98,6100,1900,7600,19600,7800,6500,4800,53500,8700,11600,12400,6400,11800,30500,3300,1300,4700,1300,27800,32400
10956.0,13.89,18549500,253531391.0,13.88,13.87,13.86,13.85,13.83,13.82,13.81,13.8,13.79,13.78,13.89,13.9,13.91,13.92,13.93,13.94,13.95,13.96,13.97,13.98,6100,1900,7600,19600,7800,6500,4800,53500,8700,11600,11700,6800,11800,30500,3300,1300,5700,1300,27800,32400
10957.0,13.88,18555600,253616059.0,13.87,13.86,13.85,13.83,13.82,13.81,13.8,13.79,13.78,13.77,13.88,13.89,13.9,13.91,13.92,13.93,13.94,13.95,13.96,13.97,1900,7600,19600,7800,6500,4800,53500,8700,4900,10700,4600,11700,6800,11800,30500,3300,1300,5700,1300,27800
10958.0,13.87,18556000,253621607.0,13.87,13.86,13.85,13.83,13.82,13.81,13.8,13.79,13.78,13.77,13.88,13.89,13.9,13.91,13.92,13.93,13.94,13.95,13.96,13.97,1500,7600,19600,7800,6500,4800,53500,8700,4900,10700,4600,11700,6800,11800,30500,3300,1300,5700,1300,27800
10959.0,13.88,18556700,253631323.0,13.87,13.86,13.85,13.83,13.82,13.81,13.8,13.79,13.78,13.77,13.88,13.89,13.9,13.91,13.92,13.93,13.94,13.95,13.96,13.97,1500,7600,19600,7800,6500,4800,53500,8700,4900,10700,3900,11700,6800,11800,30500,3300,1300,5700,1300,27800
10960.0,13.88,18556700,253631323.0,13.87,13.86,13.85,13.83,13.82,13.81,13.8,13.79,13.78,13.77,13.88,13.89,13.9,13.91,13.92,13.93,13.94,13.95,13.96,13.97,1500,7600,19600,7800,6500,4800,53500,8700,4900,3100,3900,12700,6800,11800,30500,3300,1300,5700,1300,27800
10961.0,13.88,18556700,253631323.0,13.87,13.86,13.85,13.83,13.82,13.81,13.8,13.79,13.78,13.77,13.88,13.89,13.9,13.91,13.92,13.93,13.94,13.95,13.96,13.97,1500,7600,19600,7800,6500,4800,53500,8700,4900,3100,3900,12700,6800,11800,30500,3300,1300,5700,1300,27800
10962.0,13.88,18556700,253631323.0,13.87,13.86,13.85,13.83,13.82,13.81,13.8,13.79,13.78,13.77,13.88,13.89,13.9,13.91,13.92,13.93,13.94,13.95,13.96,13.97,1500,7600,19600,7800,6500,4800,53500,8700,4900,3100,3900,14400,6800,11800,30500,3300,1300,5700,1300,27800
10963.0,13.88,18556700,253631323.0,13.87,13.86,13.85,13.83,13.82,13.81,13.8,13.79,13.78,13.77,13.88,13.89,13.9,13.91,13.92,13.93,13.94,13.95,13.96,13.97,1500,7600,19600,900,6600,4800,53500,8700,4900,3100,4100,14400,7200,11800,30500,3300,1300,5700,1300,27800
10964.0,13.88,18557600,253643814.0,13.87,13.86,13.85,13.83,13.82,13.81,13.8,13.79,13.78,13.77,13.88,13.89,13.9,13.91,13.92,13.93,13.94,13.95,13.96,13.97,1400,7600,19600,900,6600,4800,53500,8700,4900,3100,3300,14400,7200,11800,30500,3300,1300,5700,1300,27800
10965.0,13.88,18557600,253643814.0,13.87,13.86,13.85,13.83,13.82,13.81,13.8,13.79,13.78,13.77,13.88,13.89,13.9,13.91,13.92,13.93,13.94,13.95,13.96,13.97,1400,7600,19600,900,6600,4800,53500,8700,4900,3100,3400,14400,7200,11800,30500,3300,1300,5700,1300,27800
10966.0,13.89,18570600,253824350.0,13.87,13.86,13.85,13.83,13.82,13.81,13.8,13.79,13.78,13.77,13.89,13.9,13.91,13.92,13.93,13.94,13.95,13.96,13.97,13.98,1400,7600,19600,900,6600,4800,53500,8700,4900,3100,4800,7200,11800,30500,3300,1300,5700,1300,27800,32400
10967.0,13.89,18570600,253824350.0,13.87,13.86,13.85,13.83,13.82,13.81,13.8,13.79,13.78,13.77,13.89,13.9,13.91,13.92,13.93,13.94,13.95,13.96,13.97,13.98,1600,7600,21100,900,6600,4800,53500,8700,4900,3100,5000,7200,11800,30500,3300,1300,5700,1300,27800,32400
10968.0,13.87,18571400,253835446.0,13.87,13.86,13.85,13.83,13.82,13.81,13.8,13.79,13.78,13.77,13.89,13.9,13.91,13.92,13.93,13.94,13.95,13.96,13.97,13.98,1700,7600,21100,900,6600,4800,53500,8700,4900,3100,5900,7200,11800,30500,3300,1300,5700,1300,27800,32400
10969.0,13.87,18571400,253835446.0,13.87,13.86,13.85,13.83,13.82,13.81,13.8,13.79,13.78,13.77,13.88,13.89,13.9,13.91,13.92,13.93,13.94,13.95,13.96,13.97,1900,7600,21100,900,6600,4800,53500,8700,4900,3100,12800,6100,7200,11800,30500,3300,1300,5700,1300,27800
10970.0,13.87,18571400,253835446.0,13.87,13.86,13.85,13.83,13.82,13.81,13.8,13.79,13.78,13.77,13.88,13.89,13.9,13.91,13.92,13.93,13.94,13.95,13.96,13.97,1900,7600,21100,900,6600,4800,53500,8700,4900,3100,12800,6100,7200,11800,30500,3300,1300,5700,1300,27800
10971.0,13.88,18572200,253846549.0,13.87,13.86,13.85,13.83,13.82,13.81,13.8,13.79,13.78,13.77,13.88,13.89,13.9,13.91,13.92,13.93,13.94,13.95,13.96,13.97,1800,7600,21100,900,6600,4800,53500,8700,4900,3100,12100,6100,7200,11800,30500,3300,1300,5700,1300,27800
10972.0,13.87,18572500,253850710.0,13.87,13.86,13.85,13.83,13.82,13.81,13.8,13.79,13.78,13.77,13.88,13.89,13.9,13.91,13.92,13.93,13.94,13.95,13.96,13.97,1500,7600,21100,900,6600,4800,53500,8700,4900,3100,13100,6100,7200,11800,30500,3300,1300,5700,1300,27800
10973.0,13.87,18573100,253859032.0,13.87,13.86,13.85,13.83,13.82,13.81,13.8,13.79,13.78,13.77,13.88,13.89,13.9,13.91,13.92,13.93,13.94,13.95,13.96,13.97,900,7600,21100,900,6600,4800,53500,8700,4900,3100,13100,6100,7200,11800,30500,3300,1300,5700,1300,27800
10974.0,13.87,18573100,253859032.0,13.87,13.86,13.85,13.83,13.82,13.81,13.8,13.79,13.78,13.77,13.88,13.89,13.9,13.91,13.92,13.93,13.94,13.95,13.96,13.97,900,7600,21100,900,6600,4800,53500,8700,4900,3100,13100,6100,7200,11800,30500,3300,1300,5600,1300,27800
10975.0,13.87,18574000,253871515.0,13.86,13.85,13.83,13.82,13.81,13.8,13.79,13.78,13.77,13.76,13.87,13.88,13.89,13.9,13.91,13.92,13.93,13.94,13.95,13.96,7600,21100,900,6600,4800,53500,8700,4900,3100,4700,5900,13100,6100,7200,11800,30500,3300,1300,5600,1300
10976.0,13.87,18574000,253871515.0,13.86,13.85,13.83,13.82,13.81,13.8,13.79,13.78,13.77,13.76,13.87,13.88,13.89,13.9,13.91,13.92,13.93,13.94,13.95,13.96,7600,21100,900,6600,4800,53500,8700,4900,3100,4700,5900,13100,9500,7200,11800,30500,3300,1300,5600,1300
10977.0,13.87,18574000,253871515.0,13.86,13.85,13.83,13.82,13.81,13.8,13.79,13.78,13.77,13.76,13.87,13.88,13.89,13.9,13.91,13.92,13.93,13.94,13.95,13.96,7600,21100,900,6600,4800,53500,8700,4900,3100,4700,6700,13100,9500,7200,11800,30500,3300,1300,5600,1300
10978.0,13.87,18575500,253892313.0,13.86,13.85,13.83,13.82,13.81,13.8,13.79,13.78,13.77,13.76,13.87,13.88,13.89,13.9,13.91,13.92,13.93,13.94,13.95,13.96,6900,21100,900,6600,4800,53500,8700,4900,3100,4700,6800,13100,9500,7200,11800,30500,3300,1300,5600,1300
10979.0,13.87,18575500,253892313.0,13.86,13.85,13.83,13.82,13.81,13.8,13.79,13.78,13.77,13.76,13.87,13.88,13.89,13.9,13.91,13.92,13.93,13.94,13.95,13.96,6900,21100,900,6700,4800,53500,8700,4900,3100,4700,6800,13100,9500,7200,11800,30500,3300,1300,5600,1300
10980.0,13.87,18575600,253893700.0,13.86,13.85,13.83,13.82,13.81,13.8,13.79,13.78,13.77,13.76,13.87,13.88,13.89,13.9,13.91,13.92,13.93,13.94,13.95,13.96,6900,21100,900,6700,4800,53500,8700,4900,3100,4700,6700,13100,9500,7200,11800,30500,3300,1300,5600,1300
10981.0,13.87,18575600,253893700.0,13.86,13.85,13.83,13.82,13.81,13.8,13.79,13.78,13.77,13.76,13.87,13.88,13.89,13.9,13.91,13.92,13.93,13.94,13.95,13.96,6900,21100,900,6700,4800,53500,8700,4900,3100,4700,6700,13100,9500,7200,11800,30500,3300,1300,5600,1300
10982.0,13.87,18575600,253893700.0,13.86,13.85,13.83,13.82,13.81,13.8,13.79,13.78,13.77,13.76,13.87,13.88,13.89,13.9,13.91,13.92,13.93,13.94,13.95,13.96,6900,21100,900,6700,4800,53500,8700,4900,3100,4700,6900,13100,9500,7200,11800,30500,3300,1300,5600,1300
10983.0,13.87,18576300,253903403.0,13.86,13.85,13.83,13.82,13.81,13.8,13.79,13.78,13.77,13.76,13.87,13.88,13.89,13.9,13.91,13.92,13.93,13.94,13.95,13.96,6300,21100,900,6700,4800,53500,8700,4900,3100,4700,6800,13100,9500,7200,11800,30600,3300,1300,5600,1300
10984.0,13.87,18576300,253903403.0,13.86,13.85,13.83,13.82,13.81,13.8,13.79,13.78,13.77,13.76,13.87,13.88,13.89,13.9,13.91,13.92,13.93,13.94,13.95,13.96,6300,21100,900,6700,4800,53500,8700,4900,3100,4700,6900,13100,9500,7200,11800,30600,3300,1300,5600,1300
10985.0,13.86,18576900,253911719.0,13.86,13.85,13.83,13.82,13.81,13.8,13.79,13.78,13.77,13.76,13.87,13.88,13.89,13.9,13.91,13.92,13.93,13.94,13.95,13.96,5700,21100,900,6700,4800,53500,8700,4900,3100,4700,6900,13100,9500,7200,11800,30600,3300,1300,5600,1300
10986.0,13.86,18577400,253918649.0,13.86,13.85,13.83,13.82,13.81,13.8,13.79,13.78,13.77,13.76,13.87,13.88,13.89,13.9,13.91,13.92,13.93,13.94,13.95,13.96,5200,21100,900,6700,4800,53500,8700,4900,3100,4700,6900,13100,9500,7200,11800,30600,3300,1300,5600,1300
10987.0,13.86,18578900,253939452.0,13.86,13.85,13.83,13.82,13.81,13.8,13.79,13.78,13.77,13.76,13.87,13.88,13.89,13.9,13.91,13.92,13.93,13.94,13.95,13.96,5000,21100,900,6700,4800,53500,8700,4900,3100,4700,5600,13100,9500,11500,11800,30600,3300,1300,5600,1300
10988.0,13.86,18578900,253939452.0,13.86,13.85,13.83,13.82,13.81,13.8,13.79,13.78,13.77,13.76,13.87,13.88,13.89,13.9,13.91,13.92,13.93,13.94,13.95,13.96,5000,21100,900,6700,4800,53500,8700,4900,3100,4700,5600,13100,9500,11100,11800,30600,3300,1300,6000,1300
10989.0,13.86,18578900,253939452.0,13.86,13.85,13.83,13.82,13.81,13.8,13.79,13.78,13.77,13.76,13.87,13.88,13.89,13.9,13.91,13.92,13.93,13.94,13.95,13.96,5600,21100,900,6700,4800,53500,8700,4900,3100,4700,5600,13100,9500,11100,11800,30600,3300,1300,6000,1300
10990.0,13.86,18578900,253939452.0,13.86,13.85,13.83,13.82,13.81,13.8,13.79,13.78,13.77,13.76,13.87,13.88,13.89,13.9,13.91,13.92,13.93,13.94,13.95,13.96,5600,21100,900,6700,4800,53600,8700,4900,3100,4700,5600,13100,9500,11100,11800,30600,3300,1300,6000,1300
10991.0,13.86,18578900,253939452.0,13.86,13.85,13.83,13.82,13.81,13.8,13.79,13.78,13.77,13.76,13.87,13.88,13.89,13.9,13.91,13.92,13.93,13.94,13.95,13.96,5600,21100,900,6700,4800,53600,8700,4900,3100,4700,5600,13100,9500,11100,11800,30600,3300,1300,6000,1300
10992.0,13.87,18579900,253953317.0,13.86,13.85,13.83,13.82,13.81,13.8,13.79,13.78,13.77,13.76,13.87,13.88,13.89,13.9,13.91,13.92,13.93,13.94,13.95,13.96,5100,21100,900,6700,4800,53600,8700,4900,3100,4700,5100,13100,9500,11100,11800,30600,3300,1300,6000,1300
10993.0,13.87,18579900,253953317.0,13.86,13.85,13.83,13.82,13.81,13.8,13.79,13.78,13.77,13.76,13.87,13.88,13.89,13.9,13.91,13.92,13.93,13.94,13.95,13.96,5100,21100,900,6700,4800,53600,8700,4900,3100,4700,5100,13100,9500,11100,11800,30600,3300,1300,6000,1300
10994.0,13.87,18580300,253958865.0,13.86,13.85,13.83,13.82,13.81,13.8,13.79,13.78,13.77,13.76,13.87,13.88,13.89,13.9,13.91,13.92,13.93,13.94,13.95,13.96,5100,21100,900,6700,4800,53600,8700,4900,3100,4700,4700,13100,9500,11100,11800,30600,3300,1300,6000,1300
10995.0,13.86,18582800,253993519.0,13.86,13.85,13.83,13.82,13.81,13.8,13.79,13.78,13.77,13.76,13.87,13.88,13.89,13.9,13.91,13.92,13.93,13.94,13.95,13.96,3000,21100,900,6700,4800,53600,8700,4900,3100,4700,4300,13100,9500,11100,11800,30600,3300,1300,6000,1300
10996.0,13.86,18582800,253993519.0,13.86,13.85,13.83,13.82,13.81,13.8,13.79,13.78,13.77,13.76,13.87,13.88,13.89,13.9,13.91,13.92,13.93,13.94,13.95,13.96,3000,21100,900,6700,4800,53600,8700,4900,3100,4700,4300,13100,9500,10900,11800,30600,3300,1300,6000,1300
10997.0,13.86,18582800,253993519.0,13.86,13.85,13.83,13.82,13.81,13.8,13.79,13.78,13.77,13.76,13.87,13.88,13.89,13.9,13.91,13.92,13.93,13.94,13.95,13.96,3000,21100,900,6700,4800,53600,8700,6100,3100,4700,4400,1000,9500,10900,11800,30600,3300,1300,6000,1300
10998.0,13.87,18584400,254015705.0,13.86,13.85,13.83,13.82,13.81,13.8,13.79,13.78,13.77,13.76,13.87,13.88,13.89,13.9,13.91,13.92,13.93,13.94,13.95,13.96,2400,21100,900,6700,4800,53600,8700,6100,3100,4700,3400,1000,9500,10900,11800,30600,3300,1300,6000,1300
10999.0,13.86,18584600,254018477.0,13.86,13.85,13.83,13.82,13.81,13.8,13.79,13.78,13.77,13.76,13.87,13.88,13.89,13.9,13.91,13.92,13.93,13.94,13.95,13.96,2200,21100,900,6700,4800,53600,8700,6100,3100,4700,3400,1300,9500,10900,11800,30600,3300,1300,6000,1300
11000.0,13.87,18585000,254024025.0,13.86,13.85,13.83,13.82,13.81,13.8,13.79,13.78,13.77,13.76,13.87,13.88,13.89,13.9,13.91,13.92,13.93,13.94,13.95,13.96,2200,21100,900,6700,4800,53600,8700,6100,3100,4700,3000,1300,9500,10900,11800,30600,3300,1300,6000,1300
11001.0,13.86,18587500,254058678.0,13.85,13.83,13.82,13.81,13.8,13.79,13.78,13.77,13.76,13.75,13.86,13.87,13.88,13.89,13.9,13.91,13.92,13.93,13.94,13.95,21100,900,6700,4800,53600,8700,6100,3100,4700,29500,1300,2700,1300,9500,10900,11800,30600,3300,1300,6000
11002.0,13.86,18587500,254058678.0,13.85,13.83,13.82,13.81,13.8,13.79,13.78,13.77,13.76,13.75,13.86,13.87,13.88,13.89,13.9,13.91,13.92,13.93,13.94,13.95,20600,900,6700,4800,53600,8700,6100,3100,4700,29500,1300,2700,1300,9500,10900,11800,30600,3300,1300,6000
11003.0,13.86,18587500,254058678.0,13.85,13.83,13.82,13.81,13.8,13.79,13.78,13.77,13.76,13.75,13.86,13.87,13.88,13.89,13.9,13.91,13.92,13.93,13.94,13.95,20600,900,6700,4800,53600,8700,6100,3100,4700,29500,1300,2700,1300,9500,10900,11800,30600,3300,1300,6000
11004.0,13.86,18587500,254058678.0,13.85,13.83,13.82,13.81,13.8,13.79,13.78,13.77,13.76,13.75,13.86,13.87,13.88,13.89,13.9,13.91,13.92,13.93,13.94,13.95,20600,900,6700,4800,53600,8700,6100,3100,4700,29500,1600,2700,1300,9500,10900,11800,30600,3300,1300,6000
11005.0,13.86,18587500,254058678.0,13.85,13.83,13.82,13.81,13.8,13.79,13.78,13.77,13.76,13.75,13.86,13.87,13.88,13.89,13.9,13.91,13.92,13.93,13.94,13.95,20600,900,6700,4800,53600,8700,6100,3100,4700,29500,1600,2700,1300,9500,10900,11800,30600,3300,1300,6000
11006.0,13.85,18588200,254068373.0,13.85,13.83,13.82,13.81,13.8,13.79,13.78,13.77,13.76,13.75,13.86,13.87,13.88,13.89,13.9,13.91,13.92,13.93,13.94,13.95,19900,900,6700,4800,53600,8700,6100,3100,4700,29500,1600,2100,1300,9500,10900,11800,30600,3300,1300,6000
11007.0,13.86,18588300,254069759.0,13.85,13.83,13.82,13.81,13.8,13.79,13.78,13.77,13.76,13.75,13.86,13.87,13.88,13.89,13.9,13.91,13.92,13.93,13.94,13.95,19900,900,6700,4800,53600,8700,6100,3100,4700,29500,1500,2100,1300,9500,10900,11800,30600,3300,1300,6000
11008.0,13.86,18588300,254069759.0,13.85,13.83,13.82,13.81,13.8,13.79,13.78,13.77,13.76,13.75,13.86,13.87,13.88,13.89,13.9,13.91,13.92,13.93,13.94,13.95,19900,900,6700,4800,53600,8700,6100,3100,4700,29500,1500,2100,1300,9500,10900,11800,30600,3300,1300,6000
11009.0,13.86,18588600,254073917.0,13.85,13.83,13.82,13.81,13.8,13.79,13.78,13.77,13.76,13.75,13.86,13.87,13.88,13.89,13.9,13.91,13.92,13.93,13.94,13.95,19900,900,6700,4800,53600,8700,6100,3100,4700,29500,1200,2100,1300,9500,10900,11800,30600,3300,1300,6000
11010.0,13.85,18589400,254084998.0,13.85,13.83,13.82,13.81,13.8,13.79,13.78,13.77,13.76,13.75,13.86,13.87,13.88,13.89,13.9,13.91,13.92,13.93,13.94,13.95,19200,900,6700,4800,53600,8700,6100,3100,4700,29500,1100,2100,1300,9500,10900,11800,30600,3300,1300,6000
11011.0,13.85,18589400,254084998.0,13.85,13.83,13.82,13.81,13.8,13.79,13.78,13.77,13.76,13.75,13.86,13.87,13.88,13.89,13.9,13.91,13.92,13.93,13.94,13.95,19200,900,6700,4800,53600,8700,6100,3100,4700,29500,2100,2100,1300,13400,10900,11800,30600,3300,1300,6000
11012.0,13.85,18589400,254084998.0,13.85,13.83,13.82,13.81,13.8,13.79,13.78,13.77,13.76,13.75,13.86,13.87,13.88,13.89,13.9,13.91,13.92,13.93,13.94,13.95,19200,900,6700,4800,53600,8700,6100,3100,4700,29500,2100,2100,1300,13400,10900,11800,30600,3300,1300,6000
11013.0,13.86,18589800,254090542.0,13.85,13.83,13.82,13.81,13.8,13.79,13.78,13.77,13.76,13.75,13.86,13.87,13.88,13.89,13.9,13.91,13.92,13.93,13.94,13.95,19200,900,6700,4800,53600,8700,6100,3100,4700,29500,1700,2100,1300,16400,10900,11800,30600,3300,1300,6000
11014.0,13.86,18589800,254090542.0,13.85,13.83,13.82,13.81,13.8,13.79,13.78,13.77,13.76,13.75,13.86,13.87,13.88,13.89,13.9,13.91,13.92,13.93,13.94,13.95,19200,900,6700,4800,53600,8700,6100,3100,4700,29500,1700,2100,1300,16400,10900,11800,30600,3300,1300,6000
11015.0,13.86,18589800,254090542.0,13.85,13.83,13.82,13.81,13.8,13.79,13.78,13.77,13.76,13.75,13.86,13.87,13.88,13.89,13.9,13.91,13.92,13.93,13.94,13.95,19200,900,6700,4800,53600,8700,6100,3100,4700,29500,2000,2300,1300,16400,10900,11800,30600,3300,1300,6000
11016.0,13.86,18590000,254093314.0,13.85,13.83,13.82,13.81,13.8,13.79,13.78,13.77,13.76,13.75,13.86,13.87,13.88,13.89,13.9,13.91,13.92,13.93,13.94,13.95,19200,900,6700,4800,53500,8700,6100,3100,4700,29500,1800,2300,1300,16400,10900,11800,30600,3300,1300,6000
11017.0,13.86,18590000,254093314.0,13.85,13.83,13.82,13.81,13.8,13.79,13.78,13.77,13.76,13.75,13.86,13.87,13.88,13.89,13.9,13.91,13.92,13.93,13.94,13.95,19200,900,6700,4800,53500,8700,6100,3100,4700,29500,1800,2300,1300,16400,10900,11800,30600,3300,1300,6000
11018.0,13.86,18590000,254093314.0,13.85,13.83,13.82,13.81,13.8,13.79,13.78,13.77,13.76,13.75,13.86,13.87,13.88,13.89,13.9,13.91,13.92,13.93,13.94,13.95,19200,900,6700,4800,53500,8700,6100,3100,4700,29500,2600,2300,1300,16400,11400,11800,30600,3300,1300,6000
11019.0,13.86,18590200,254096086.0,13.85,13.83,13.82,13.81,13.8,13.79,13.78,13.77,13.76,13.75,13.86,13.87,13.88,13.89,13.9,13.91,13.92,13.93,13.94,13.95,19200,900,6700,4800,53500,8700,6100,3100,4700,29500,2600,2300,1300,16400,11400,11800,30600,3300,1300,6000
11020.0,13.86,18590900,254105788.0,13.85,13.83,13.82,13.81,13.8,13.79,13.78,13.77,13.76,13.75,13.86,13.87,13.88,13.89,13.9,13.91,13.92,13.93,13.94,13.95,19200,900,6700,4800,53500,8700,6100,3100,4700,29500,1900,2300,1300,16400,11400,11800,30600,3300,1300,6000
11021.0,13.86,18590900,254105788.0,13.85,13.83,13.82,13.81,13.8,13.79,13.78,13.77,13.76,13.75,13.86,13.87,13.88,13.89,13.9,13.91,13.92,13.93,13.94,13.95,19200,900,6700,4800,53500,8700,6100,3100,4700,29500,1900,2300,1300,16400,11400,11800,30600,3300,1300,6000
11022.0,13.86,18591000,254107174.0,13.85,13.83,13.82,13.81,13.8,13.79,13.78,13.77,13.76,13.75,13.86,13.87,13.88,13.89,13.9,13.91,13.92,13.93,13.94,13.95,19200,900,6700,4800,53500,8700,6100,3100,4700,29500,5300,2300,1300,16400,11400,11800,30600,3300,1300,6000
11023.0,13.86,18591000,254107174.0,13.85,13.83,13.82,13.81,13.8,13.79,13.78,13.77,13.76,13.75,13.86,13.87,13.88,13.89,13.9,13.91,13.92,13.93,13.94,13.95,19200,900,6700,4800,53500,8700,6100,3100,4700,29500,5600,2300,1300,16400,11400,11800,30600,4800,1300,6000
11024.0,13.86,18591300,254111332.0,13.85,13.83,13.82,13.81,13.8,13.79,13.78,13.77,13.76,13.75,13.86,13.87,13.88,13.89,13.9,13.91,13.92,13.93,13.94,13.95,19200,900,6700,4800,53500,8700,6100,3100,4700,29500,5300,2300,1300,16400,11400,11800,30600,4800,1300,6000
11025.0,13.86,18591800,254118262.0,13.85,13.83,13.82,13.81,13.8,13.79,13.78,13.77,13.76,13.75,13.86,13.87,13.88,13.89,13.9,13.91,13.92,13.93,13.94,13.95,19200,900,6700,4800,53500,8700,6100,3100,4700,29500,4800,2300,1300,16400,11400,11800,30600,4800,1300,6000
11026.0,13.86,18591800,254118262.0,13.85,13.83,13.82,13.81,13.8,13.79,13.78,13.77,13.76,13.75,13.86,13.87,13.88,13.89,13.9,13.91,13.92,13.93,13.94,13.95,19200,900,6700,4800,53500,8700,6100,3100,4700,29500,5000,2300,1300,16400,11400,8100,30600,4800,1300,6000
11027.0,13.86,18592300,254125192.0,13.85,13.83,13.82,13.81,13.8,13.79,13.78,13.77,13.76,13.75,13.86,13.87,13.88,13.89,13.9,13.91,13.92,13.93,13.94,13.95,19200,900,6700,4800,53500,8700,6100,3100,4700,29500,4500,2300,1300,16400,11400,8100,30600,4800,1300,6000
11028.0,13.86,18592700,254130736.0,13.85,13.83,13.82,13.81,13.8,13.79,13.78,13.77,13.76,13.75,13.86,13.87,13.88,13.89,13.9,13.91,13.92,13.93,13.94,13.95,19200,900,6700,4800,53500,8700,6100,3100,4700,29500,4100,2300,1300,16400,11400,8100,30600,4800,1300,6000
11029.0,13.86,18592700,254130736.0,13.85,13.83,13.82,13.81,13.8,13.79,13.78,13.77,13.76,13.75,13.86,13.87,13.88,13.89,13.9,13.91,13.92,13.93,13.94,13.95,19200,900,6700,4800,53500,8700,6100,3100,4700,29500,4100,2300,1300,16400,11400,8100,30600,4800,1300,6000
11030.0,13.86,18592700,254130736.0,13.85,13.83,13.82,13.81,13.8,13.79,13.78,13.77,13.76,13.75,13.86,13.87,13.88,13.89,13.9,13.91,13.92,13.93,13.94,13.95,19200,900,6700,4800,53500,8700,6100,3100,4700,29500,4100,2300,1300,16400,11400,8100,30600,4800,1300,6000
11031.0,13.85,18594900,254161218.0,13.85,13.83,13.82,13.81,13.8,13.79,13.78,13.77,13.76,13.75,13.86,13.87,13.88,13.89,13.9,13.91,13.92,13.93,13.94,13.95,18200,900,6700,4800,53500,8700,6100,3100,4700,29500,2900,2300,1300,16400,11400,8100,30600,4800,1300,6000
11032.0,13.85,18594900,254161218.0,13.85,13.83,13.82,13.81,13.8,13.79,13.78,13.77,13.76,13.75,13.86,13.87,13.88,13.89,13.9,13.91,13.92,13.93,13.94,13.95,18200,900,6700,4800,53500,8700,6100,3100,4700,29500,2900,2300,1300,16400,11400,8100,30600,4800,1300,6000
11033.0,13.85,18594900,254161218.0,13.85,13.83,13.82,13.81,13.8,13.79,13.78,13.77,13.76,13.75,13.86,13.87,13.88,13.89,13.9,13.91,13.92,13.93,13.94,13.95,18200,900,6700,4800,53500,8700,6100,3100,4700,29500,2900,2500,1300,16400,11400,8100,30600,4800,1300,6000
11034.0,13.86,18595300,254166762.0,13.85,13.83,13.82,13.81,13.8,13.79,13.78,13.77,13.76,13.75,13.86,13.87,13.88,13.89,13.9,13.91,13.92,13.93,13.94,13.95,18200,900,6700,4800,53500,8700,6100,3100,4700,29500,2500,2500,1300,16400,11400,8100,30600,4800,1300,6000
11035.0,13.85,18613500,254418832.0,13.83,13.82,13.81,13.8,13.79,13.78,13.77,13.76,13.75,13.74,13.85,13.86,13.87,13.88,13.89,13.9,13.91,13.92,13.93,13.94,900,6700,4800,53500,8700,6100,3100,4700,29500,3300,1800,2500,2500,1300,16400,11400,8100,30600,4800,1300
11036.0,13.85,18613500,254418832.0,13.83,13.82,13.81,13.8,13.79,13.78,13.77,13.76,13.75,13.74,13.85,13.86,13.87,13.88,13.89,13.9,13.91,13.92,13.93,13.94,900,6700,4800,53500,8700,6100,3100,4700,29500,3300,1800,2500,2500,1300,16400,11400,8100,30600,4800,1300
11037.0,13.85,18613600,254420217.0,13.83,13.82,13.81,13.8,13.79,13.78,13.77,13.76,13.75,13.74,13.85,13.86,13.87,13.88,13.89,13.9,13.91,13.92,13.93,13.94,1900,6700,4800,53500,8700,6100,3100,4700,29500,3300,2900,2500,2500,1300,16400,11400,8100,30600,4800,1300
11038.0,13.85,18613600,254420217.0,13.83,13.82,13.81,13.8,13.79,13.78,13.77,13.76,13.75,13.74,13.85,13.86,13.87,13.88,13.89,13.9,13.91,13.92,13.93,13.94,1900,6700,4800,53500,8700,6100,3100,4700,29500,3300,2900,2600,2500,1300,16400,11400,8100,30600,4800,1300
11039.0,13.85,18613600,254420217.0,13.83,13.82,13.81,13.8,13.79,13.78,13.77,13.76,13.75,13.74,13.85,13.86,13.87,13.88,13.89,13.9,13.91,13.92,13.93,13.94,2300,6700,4800,53500,8700,6100,3100,4700,29500,3300,3400,2600,2500,1300,16400,11400,8100,30600,4800,1300
11040.0,13.85,18613900,254424372.0,13.83,13.82,13.81,13.8,13.79,13.78,13.77,13.76,13.75,13.74,13.85,13.86,13.87,13.88,13.89,13.9,13.91,13.92,13.93,13.94,2600,6700,4800,53500,8700,6100,3100,4700,29500,3300,3800,3800,2300,1300,16400,11400,8100,30600,4800,1300
11041.0,13.85,18614200,254428527.0,13.83,13.82,13.81,13.8,13.79,13.78,13.77,13.76,13.75,13.74,13.85,13.86,13.87,13.88,13.89,13.9,13.91,13.92,13.93,13.94,2600,6700,4800,53500,8700,6100,3100,4700,29500,3300,3500,3800,2300,1300,16400,11400,8100,30600,4800,1300
11042.0,13.85,18614900,254438222.0,13.83,13.82,13.81,13.8,13.79,13.78,13.77,13.76,13.75,13.74,13.85,13.86,13.87,13.88,13.89,13.9,13.91,13.92,13.93,13.94,3600,6700,4800,53500,8700,6100,3100,4700,29500,3300,3800,3800,2300,1300,16400,11400,8100,30600,4800,1300
11043.0,13.85,18615400,254445147.0,13.83,13.82,13.81,13.8,13.79,13.78,13.77,13.76,13.75,13.74,13.85,13.86,13.87,13.88,13.89,13.9,13.91,13.92,13.93,13.95,3600,6700,4800,53800,8700,6100,3100,4700,29500,3300,3300,3800,2300,1300,16400,11400,8100,30600,4800,6000
11044.0,13.85,18615400,254445147.0,13.83,13.82,13.81,13.8,13.79,13.78,13.77,13.76,13.75,13.74,13.85,13.86,13.87,13.88,13.89,13.9,13.91,13.92,13.93,13.95,4100,6700,4800,53800,8700,6100,3100,4700,29500,3300,3800,3800,2300,1300,16400,11400,8100,30600,4800,6000
11045.0,13.85,18615400,254445147.0,13.83,13.82,13.81,13.8,13.79,13.78,13.77,13.76,13.75,13.74,13.85,13.86,13.87,13.88,13.89,13.9,13.91,13.92,13.93,13.95,4300,6700,4800,53800,8700,6100,3100,4700,29500,3300,4000,3800,2300,1300,16400,11400,8100,30600,4800,6000
11046.0,13.85,18615400,254445147.0,13.83,13.82,13.81,13.8,13.79,13.78,13.77,13.76,13.75,13.74,13.85,13.86,13.87,13.88,13.89,13.9,13.91,13.92,13.93,13.95,4700,6700,4800,53800,8700,6100,3100,4700,29500,3300,4400,3800,2300,1300,16400,11400,8100,30600,4800,6000
11047.0,13.85,18615800,254450687.0,13.83,13.82,13.81,13.8,13.79,13.78,13.77,13.76,13.75,13.74,13.85,13.86,13.87,13.88,13.89,13.9,13.91,13.92,13.93,13.95,5000,6700,4800,53800,8700,6100,3100,4700,29500,3300,4300,3800,2300,1300,16400,11400,8100,30600,4800,6000
11048.0,13.85,18616200,254456227.0,13.83,13.82,13.81,13.8,13.79,13.78,13.77,13.76,13.75,13.74,13.85,13.86,13.87,13.88,13.89,13.9,13.91,13.92,13.93,13.95,5000,6700,4800,53800,8700,6100,3100,4700,29500,3300,3900,3800,2300,1000,16400,11400,8100,30600,4800,6000
11049.0,13.85,18616200,254456227.0,13.83,13.82,13.81,13.8,13.79,13.78,13.77,13.76,13.75,13.74,13.85,13.86,13.87,13.88,13.89,13.9,13.91,13.92,13.93,13.95,5400,6700,4800,53800,8700,6100,3100,4700,29500,3300,4300,3800,2300,1000,16400,13400,8100,30600,4800,6000
11050.0,13.85,18616600,254461767.0,13.83,13.82,13.81,13.8,13.79,13.78,13.77,13.76,13.75,13.74,13.85,13.86,13.87,13.88,13.89,13.9,13.91,13.92,13.93,13.95,5700,6700,4800,53800,8700,6100,3100,4700,29500,3300,4200,3800,2300,1000,16400,13400,8100,30600,4800,6000
11051.0,13.85,18616900,254465922.0,13.83,13.82,13.81,13.8,13.79,13.78,13.77,13.76,13.75,13.74,13.85,13.86,13.87,13.88,13.89,13.9,13.91,13.92,13.93,13.95,6100,6700,4800,53800,8700,6100,3100,4700,29500,3300,4300,3800,2300,1000,16400,13400,8100,30600,4800,6000
11052.0,13.85,18617300,254471462.0,13.84,13.83,13.82,13.81,13.8,13.79,13.78,13.77,13.76,13.75,13.85,13.86,13.87,13.88,13.89,13.9,13.91,13.92,13.93,13.95,1400,6500,6700,4800,53800,8700,6100,3100,4700,29500,4800,3800,2300,1000,16400,13400,8100,30600,4800,6000
11053.0,13.85,18618200,254483927.0,13.84,13.83,13.82,13.81,13.8,13.79,13.78,13.77,13.76,13.75,13.85,13.86,13.87,13.88,13.89,13.9,13.91,13.92,13.93,13.95,1900,6500,6700,4800,53800,8700,6100,3100,4700,29500,3900,3700,2300,1000,16400,13400,8100,30600,4800,6000
11054.0,13.85,18618200,254483927.0,13.84,13.83,13.82,13.81,13.8,13.79,13.78,13.77,13.76,13.75,13.85,13.86,13.87,13.88,13.89,13.9,13.91,13.92,13.93,13.95,1900,6500,6700,4800,53800,8700,6100,3100,4700,29500,3900,3700,2300,1000,16400,13400,8100,30600,4800,6000
11055.0,13.85,18618800,254492237.0,13.84,13.83,13.82,13.81,13.8,13.79,13.78,13.77,13.76,13.75,13.85,13.86,13.87,13.88,13.89,13.9,13.91,13.92,13.93,13.95,1900,6500,6700,4800,53800,8700,6100,3100,4700,29500,3300,3700,2300,1000,16400,13400,8100,30600,4800,6000
11056.0,13.86,18625800,254589224.0,13.86,13.85,13.84,13.83,13.82,13.81,13.8,13.79,13.78,13.77,13.87,13.88,13.89,13.9,13.91,13.92,13.93,13.95,13.96,13.97,1600,100,1900,6500,6700,4800,53800,8700,6100,3100,2300,1000,16400,13400,8100,30600,4800,6000,1400,27800
11057.0,13.85,18627500,254612785.0,13.84,13.83,13.82,13.81,13.8,13.79,13.78,13.77,13.76,13.75,13.85,13.87,13.88,13.89,13.9,13.91,13.92,13.93,13.95,13.96,1900,6500,6700,4800,53800,8700,6100,3100,4700,29500,2300,2300,1000,16400,13400,8100,30600,4800,6000,1400
11058.0,13.85,18627700,254615555.0,13.84,13.83,13.82,13.81,13.8,13.79,13.78,13.77,13.76,13.75,13.85,13.87,13.88,13.89,13.9,13.91,13.92,13.93,13.95,13.96,1900,6500,6700,4800,53800,8700,6100,3100,4700,29500,2100,2300,1000,16400,13400,8100,30600,4800,6000,1400
11059.0,13.85,18627700,254615555.0,13.84,13.83,13.82,13.81,13.8,13.79,13.78,13.77,13.76,13.75,13.85,13.87,13.88,13.89,13.9,13.91,13.92,13.93,13.95,13.96,1900,6500,6700,4800,53800,8700,6100,3100,4700,29500,2200,2300,1000,16400,13400,8100,30600,4800,6000,1400
11060.0,13.85,18627700,254615555.0,13.84,13.83,13.82,13.81,13.8,13.79,13.78,13.77,13.76,13.75,13.85,13.87,13.88,13.89,13.9,13.91,13.92,13.93,13.95,13.96,1900,6500,6700,4800,53800,8700,6100,3100,4700,29500,2200,2300,1000,16400,13400,8100,30600,4800,6000,1400
11061.0,13.85,18627900,254618325.0,13.84,13.83,13.82,13.81,13.8,13.79,13.78,13.77,13.76,13.75,13.85,13.87,13.88,13.89,13.9,13.91,13.92,13.93,13.95,13.96,1900,6200,6700,4800,53800,8700,6100,3100,4700,29500,3000,2300,1000,16400,13400,8100,30600,4800,6000,1400
11062.0,13.85,18628600,254628020.0,13.84,13.83,13.82,13.81,13.8,13.79,13.78,13.77,13.76,13.75,13.85,13.86,13.87,13.88,13.89,13.9,13.91,13.92,13.93,13.95,1900,6200,6700,4800,53800,8700,6100,3100,4700,29500,2300,1300,2300,1000,16400,13400,8100,30600,4800,6000
11063.0,13.85,18628600,254628020.0,13.84,13.83,13.82,13.81,13.8,13.79,13.78,13.77,13.76,13.75,13.85,13.86,13.87,13.88,13.89,13.9,13.91,13.92,13.93,13.95,1900,6200,6700,4800,53800,8700,6100,3100,4700,28900,2300,1300,2300,1000,16400,13400,8100,30600,4800,6000
11064.0,13.85,18629300,254637715.0,13.84,13.83,13.82,13.81,13.8,13.79,13.78,13.77,13.76,13.75,13.85,13.86,13.87,13.88,13.89,13.9,13.91,13.92,13.93,13.95,1900,6200,6700,4800,53800,8700,6100,3100,4700,28900,1600,1300,2300,1000,16400,13400,8100,30600,4800,6000
11065.0,13.85,18629300,254637715.0,13.84,13.83,13.82,13.81,13.8,13.79,13.78,13.77,13.76,13.75,13.85,13.86,13.87,13.88,13.89,13.9,13.91,13.92,13.93,13.95,1900,6200,6700,4800,53800,8700,6100,3100,4700,28900,1600,1300,2300,1000,16400,13400,8100,30600,4800,6000
11066.0,13.85,18629300,254637715.0,13.84,13.83,13.82,13.81,13.8,13.79,13.78,13.77,13.76,13.75,13.85,13.86,13.87,13.88,13.89,13.9,13.91,13.92,13.93,13.95,1900,6200,6700,4800,53800,8700,6100,3100,4700,28900,1600,1300,2300,1000,16400,13400,8100,30600,4800,6000
11067.0,13.85,18629400,254639100.0,13.84,13.83,13.82,13.81,13.8,13.79,13.78,13.77,13.76,13.75,13.85,13.86,13.87,13.88,13.89,13.9,13.91,13.92,13.93,13.95,1900,6000,6700,4800,53800,8700,6100,3100,4700,28900,1500,1300,2300,1000,16400,13400,8100,30600,4800,6000
11068.0,13.85,18629400,254639100.0,13.84,13.83,13.82,13.81,13.8,13.79,13.78,13.77,13.76,13.75,13.85,13.86,13.87,13.88,13.89,13.9,13.91,13.92,13.93,13.95,1900,6000,6700,4800,53500,8700,6100,3100,4700,28900,1500,1300,2300,1000,16400,13400,8100,30600,4800,6000
11069.0,13.85,18629400,254639100.0,13.84,13.83,13.82,13.81,13.8,13.79,13.78,13.77,13.76,13.75,13.85,13.86,13.87,13.88,13.89,13.9,13.91,13.92,13.93,13.95,1900,6000,6700,4800,53500,8700,6100,3100,4700,28900,1500,1300,2300,1000,16400,13400,8100,30600,4800,6000
11070.0,13.85,18629600,254641870.0,13.84,13.83,13.82,13.81,13.8,13.79,13.78,13.77,13.76,13.75,13.85,13.86,13.87,13.88,13.89,13.9,13.91,13.92,13.93,13.95,1900,6000,6700,4800,53500,8700,6100,3100,4700,28900,3200,1300,2300,1000,16400,13400,8100,30600,4800,6000
11071.0,13.85,18629600,254641870.0,13.84,13.83,13.82,13.81,13.8,13.79,13.78,13.77,13.76,13.75,13.85,13.86,13.87,13.88,13.89,13.9,13.91,13.92,13.93,13.95,1900,6000,6700,4800,53500,8700,6100,3100,4700,28900,3200,1300,2200,1000,16400,13400,8100,30600,4800,6000
11072.0,13.85,18629600,254641870.0,13.84,13.83,13.82,13.81,13.8,13.79,13.78,13.77,13.76,13.75,13.85,13.86,13.87,13.88,13.89,13.9,13.91,13.92,13.93,13.95,1900,6000,6700,4800,53500,8700,6100,3100,4700,28900,4000,1300,2200,1000,16400,13400,8100,30600,4800,6000
11073.0,13.85,18630000,254647410.0,13.84,13.83,13.82,13.81,13.8,13.79,13.78,13.77,13.76,13.75,13.85,13.86,13.87,13.88,13.89,13.9,13.91,13.92,13.93,13.95,1900,6000,6700,4800,53500,8700,6100,3100,4700,28900,3600,1300,2200,1000,16400,13400,8100,30600,4800,6000
11074.0,13.85,18630000,254647410.0,13.84,13.83,13.82,13.81,13.8,13.79,13.78,13.77,13.76,13.75,13.85,13.86,13.87,13.88,13.89,13.9,13.91,13.92,13.93,13.95,1900,6000,6700,4800,53500,8700,6100,3100,4700,28900,3600,1300,2200,1000,16400,13400,8100,30600,4800,6000
11075.0,13.85,18630000,254647410.0,13.84,13.83,13.82,13.81,13.8,13.79,13.78,13.77,13.76,13.75,13.85,13.86,13.87,13.88,13.89,13.9,13.91,13.92,13.93,13.95,1900,6000,6700,4800,53500,8700,6100,3100,4700,28900,3600,1300,2200,1500,16400,13400,8100,30600,4800,6000
11076.0,13.85,18631000,254661260.0,13.84,13.83,13.82,13.81,13.8,13.79,13.78,13.77,13.76,13.75,13.85,13.86,13.87,13.88,13.89,13.9,13.91,13.92,13.93,13.95,1900,6000,6700,4800,53500,8700,6100,3100,4700,28900,2600,1300,2200,1500,16400,13400,8100,30600,4800,6000
11077.0,13.84,18632500,254682022.0,13.84,13.83,13.82,13.81,13.8,13.79,13.78,13.77,13.76,13.75,13.85,13.86,13.87,13.88,13.89,13.9,13.91,13.92,13.93,13.95,600,6000,6700,14800,53500,8700,6100,3100,4700,28900,2400,1300,2200,1500,16400,13400,8100,30600,4800,6000
11078.0,13.84,18633100,254690326.0,13.83,13.82,13.81,13.8,13.79,13.78,13.77,13.76,13.75,13.74,13.84,13.85,13.86,13.87,13.88,13.89,13.9,13.91,13.92,13.93,6000,6700,14800,53500,8700,6100,3100,4700,28900,3300,400,2400,1300,2200,1500,16400,9900,8100,30600,4800
11079.0,13.85,18633600,254697247.0,13.83,13.82,13.81,13.8,13.79,13.78,13.77,13.76,13.75,13.74,13.85,13.86,13.87,13.88,13.89,13.9,13.91,13.92,13.93,13.95,6000,6700,14800,53500,8700,6100,3100,4700,28900,3300,2300,1300,2200,1500,16400,9900,8100,30600,4800,6000
11080.0,13.85,18633600,254697247.0,13.83,13.82,13.81,13.8,13.79,13.78,13.77,13.76,13.75,13.74,13.85,13.86,13.87,13.88,13.89,13.9,13.91,13.92,13.93,13.95,6000,6700,14800,53500,8700,6100,3100,4700,28900,3300,2300,1300,2200,1500,16400,9900,8100,30600,4800,6000
11081.0,13.85,18633600,254697247.0,13.83,13.82,13.81,13.8,13.79,13.78,13.77,13.76,13.75,13.74,13.85,13.86,13.87,13.88,13.89,13.9,13.91,13.92,13.93,13.95,6500,6700,14800,53500,8700,6100,3100,4700,28900,3300,3300,1300,2200,1500,16400,9900,8100,30600,4800,6000
11082.0,13.85,18633900,254701402.0,13.83,13.82,13.81,13.8,13.79,13.78,13.77,13.76,13.75,13.74,13.85,13.86,13.87,13.88,13.89,13.9,13.91,13.92,13.93,13.95,7000,6700,14800,53500,8700,6100,3100,4700,28900,3300,3000,1300,2200,1500,16400,9900,8100,30600,4800,6000
11083.0,13.85,18633900,254701402.0,13.83,13.82,13.81,13.8,13.79,13.78,13.77,13.76,13.75,13.74,13.85,13.86,13.87,13.88,13.89,13.9,13.91,13.92,13.93,13.95,7300,6700,14800,53500,8700,6100,3100,4700,28900,3300,3300,1300,2200,1500,16400,10300,8100,30600,4800,6000
11084.0,13.85,18634200,254705557.0,13.83,13.82,13.81,13.8,13.79,13.78,13.77,13.76,13.75,13.74,13.85,13.86,13.87,13.88,13.89,13.9,13.91,13.92,13.93,13.95,8000,6700,14800,53500,8700,6100,3100,4700,28900,3300,3800,1300,2200,1500,16400,10300,8100,30600,4800,6000
11085.0,13.85,18634500,254709712.0,13.83,13.82,13.81,13.8,13.79,13.78,13.77,13.76,13.75,13.74,13.85,13.86,13.87,13.88,13.89,13.9,13.91,13.92,13.93,13.95,8300,6700,14800,53700,8700,6100,3100,4700,28900,3300,3800,1300,2200,1500,16400,10300,8100,30600,4800,6000
11086.0,13.83,18641600,254807905.0,13.83,13.82,13.81,13.8,13.79,13.78,13.77,13.76,13.75,13.74,13.85,13.86,13.87,13.88,13.89,13.9,13.91,13.92,13.93,13.95,1900,6700,14800,53700,8700,6100,3100,4700,28900,3300,4500,1300,2200,1500,15800,10300,8100,30600,4800,6000
11087.0,13.85,18642900,254825910.0,13.83,13.82,13.81,13.8,13.79,13.78,13.77,13.76,13.75,13.74,13.85,13.86,13.87,13.88,13.89,13.9,13.91,13.92,13.93,13.95,1900,6700,14800,53700,8700,6100,3100,4700,28900,3300,3200,1300,2200,1500,15800,10300,8100,30600,4800,6000
11088.0,13.85,18642900,254825910.0,13.83,13.82,13.81,13.8,13.79,13.78,13.77,13.76,13.75,13.74,13.85,13.86,13.87,13.88,13.89,13.9,13.91,13.92,13.93,13.95,2800,6700,14800,52500,8700,6100,3100,4700,28900,3300,4100,1300,2200,1500,15800,10300,8100,30600,4800,6000
11089.0,13.85,18642900,254825910.0,13.83,13.82,13.81,13.8,13.79,13.78,13.77,13.76,13.75,13.74,13.85,13.86,13.87,13.88,13.89,13.9,13.91,13.92,13.93,13.95,3000,6700,14800,52500,8700,6100,3100,4700,28900,3300,4300,1300,2200,1500,15800,10300,8100,30600,4800,6000
11090.0,13.85,18643300,254831450.0,13.83,13.82,13.81,13.8,13.79,13.78,13.77,13.76,13.75,13.74,13.85,13.86,13.87,13.88,13.89,13.9,13.91,13.92,13.93,13.95,3300,6700,14800,52500,8700,6100,3100,4700,28900,3300,4200,1300,2200,1500,15800,10300,8100,30600,4800,6000
11091.0,13.85,18643700,254836990.0,13.83,13.82,13.81,13.8,13.79,13.78,13.77,13.76,13.75,13.74,13.85,13.86,13.87,13.88,13.89,13.9,13.91,13.92,13.93,13.95,3500,6700,14800,52500,8700,6100,3100,4700,28900,3300,4000,1300,2200,1500,15800,10300,8100,30600,4800,6000
11092.0,13.83,18644000,254841139.0,13.83,13.82,13.81,13.8,13.79,13.78,13.77,13.76,13.75,13.74,13.85,13.86,13.87,13.88,13.89,13.9,13.91,13.92,13.93,13.95,3200,6700,14800,52500,8700,6100,3100,4700,28900,3300,4200,1300,2200,1500,15800,10300,8100,30600,4800,6000
11093.0,13.82,18652500,254958656.0,13.82,13.81,13.8,13.79,13.78,13.77,13.76,13.75,13.74,13.73,13.85,13.86,13.87,13.88,13.89,13.9,13.91,13.92,13.93,13.95,2100,14800,52500,8700,6100,3100,4700,28900,3300,22100,4100,1300,2200,1500,15800,10300,8100,30600,4800,6000
11094.0,13.82,18652500,254958656.0,13.82,13.81,13.8,13.79,13.78,13.77,13.76,13.75,13.74,13.73,13.85,13.86,13.87,13.88,13.89,13.9,13.91,13.92,13.93,13.95,2400,14800,52500,8700,6100,3100,4700,28900,3300,22100,4400,1300,2200,1500,15800,10300,8100,30600,4800,6000
11095.0,13.82,18652500,254958656.0,13.82,13.81,13.8,13.79,13.78,13.77,13.76,13.75,13.74,13.73,13.85,13.86,13.87,13.88,13.89,13.9,13.91,13.92,13.93,13.95,3500,14800,52500,8700,6100,3100,4700,28900,3300,22100,5500,1300,2200,1500,15800,10300,8100,30600,4800,6000
11096.0,13.85,18653000,254965581.0,13.82,13.81,13.8,13.79,13.78,13.77,13.76,13.75,13.74,13.73,13.85,13.86,13.87,13.88,13.89,13.9,13.91,13.92,13.93,13.95,3500,14800,52500,8700,6100,3100,4700,28900,3300,22100,5000,1300,2200,1500,15800,10300,8100,30600,4800,6000
11097.0,13.82,18653200,254968345.0,13.82,13.81,13.8,13.79,13.78,13.77,13.76,13.75,13.74,13.73,13.85,13.86,13.87,13.88,13.89,13.9,13.91,13.92,13.93,13.95,3600,14800,52500,8700,6100,3100,4700,28900,3300,22100,6000,1300,2200,1500,15800,10300,8100,30600,4800,6000
11098.0,13.82,18656000,255007095.0,13.82,13.81,13.8,13.79,13.78,13.77,13.76,13.75,13.74,13.73,13.85,13.86,13.87,13.88,13.89,13.9,13.91,13.92,13.93,13.95,3700,14800,52500,8700,6100,3100,4700,28900,3300,22100,4600,1300,2200,1500,15800,10300,8100,30600,4800,6000
11099.0,13.85,18656400,255012635.0,13.82,13.81,13.8,13.79,13.78,13.77,13.76,13.75,13.74,13.73,13.85,13.86,13.87,13.88,13.89,13.9,13.91,13.92,13.93,13.95,3700,14800,52500,8700,6100,3100,4700,28900,3300,22100,4500,1300,2200,1500,15800,10300,8100,30600,4800,6000
11100.0,13.82,18656800,255018163.0,13.82,13.81,13.8,13.79,13.78,13.77,13.76,13.75,13.74,13.73,13.85,13.86,13.87,13.88,13.89,13.9,13.91,13.92,13.93,13.95,4300,14800,52000,8700,6100,3100,4700,28900,3300,22100,5200,1300,2200,1500,15800,10300,8100,30600,4800,6000
11101.0,13.82,18658800,255045803.0,13.82,13.81,13.8,13.79,13.78,13.77,13.76,13.75,13.74,13.73,13.85,13.86,13.87,13.88,13.89,13.9,13.91,13.92,13.93,13.95,2700,14800,51700,8700,6100,3100,4700,28900,3300,22100,5600,1300,2200,1500,15800,10300,8100,30600,4800,6000
11102.0,13.85,18659300,255052728.0,13.82,13.81,13.8,13.79,13.78,13.77,13.76,13.75,13.74,13.73,13.85,13.86,13.87,13.88,13.89,13.9,13.91,13.92,13.93,13.95,3000,14800,51700,8700,6100,3100,4700,28900,3300,22100,6100,1300,2200,1500,15800,10300,8100,30600,4800,6000
11103.0,13.85,18659300,255052728.0,13.82,13.81,13.8,13.79,13.78,13.77,13.76,13.75,13.74,13.73,13.85,13.86,13.87,13.88,13.89,13.9,13.91,13.92,13.93,13.95,4100,14800,51900,8700,6100,3100,4700,28900,3300,22100,6500,1300,2200,1500,15800,10300,8100,30600,4800,6000
11104.0,13.85,18659300,255052728.0,13.82,13.81,13.8,13.79,13.78,13.77,13.76,13.75,13.74,13.73,13.85,13.86,13.87,13.88,13.89,13.9,13.91,13.92,13.93,13.95,4100,14800,51900,8700,6100,3100,4700,28900,3300,22100,6500,1300,2200,1500,15800,10300,8100,30600,4800,6000
11105.0,13.82,18660900,255074876.0,13.82,13.81,13.8,13.79,13.78,13.77,13.76,13.75,13.74,13.73,13.85,13.86,13.87,13.88,13.89,13.9,13.91,13.92,13.93,13.95,4500,14800,51900,8700,6100,3100,4700,28900,3300,22100,6100,1300,2200,1500,15800,10300,8100,30600,4800,6000
11106.0,13.85,18661100,255077646.0,13.82,13.81,13.8,13.79,13.78,13.77,13.76,13.75,13.74,13.73,13.85,13.86,13.87,13.88,13.89,13.9,13.91,13.92,13.93,13.95,4900,14800,51900,8700,6100,3100,4700,28900,3300,22100,6300,1300,2200,1500,15800,10300,8100,30600,4800,6000
11107.0,13.82,18665900,255143982.0,13.82,13.81,13.8,13.79,13.78,13.77,13.76,13.75,13.74,13.73,13.85,13.86,13.87,13.88,13.89,13.9,13.91,13.92,13.93,13.95,600,14800,51900,8700,6100,3100,4700,28900,3300,22100,6800,1300,2200,1500,15800,10300,8100,30600,4800,6000
11108.0,13.82,18667600,255167494.0,13.82,13.81,13.8,13.79,13.78,13.77,13.76,13.75,13.74,13.73,13.85,13.86,13.87,13.88,13.89,13.9,13.91,13.92,13.93,13.95,200,14800,51900,8700,6100,3100,4700,28900,3300,22100,6800,1300,2200,1500,15800,10300,8100,30600,4800,6000
11109.0,13.81,18673100,255243503.0,13.81,13.8,13.79,13.78,13.77,13.76,13.75,13.74,13.73,13.72,13.85,13.86,13.87,13.88,13.89,13.9,13.91,13.92,13.93,13.95,10800,51900,8700,6100,3100,4700,28900,3300,22100,13600,5500,1300,2200,1500,15800,10300,8100,30600,4800,6000
11110.0,13.85,18673600,255250428.0,13.81,13.8,13.79,13.78,13.77,13.76,13.75,13.74,13.73,13.72,13.85,13.86,13.87,13.88,13.89,13.9,13.91,13.92,13.93,13.95,11800,51900,8700,6100,3100,4700,28900,3300,22100,13600,6000,1300,2200,1500,15800,10300,8100,30600,4800,6000
11111.0,13.81,18675800,255280810.0,13.81,13.8,13.79,13.78,13.77,13.76,13.75,13.74,13.73,13.72,13.85,13.86,13.87,13.88,13.89,13.9,13.91,13.92,13.93,13.95,10000,51900,8700,6100,3100,4700,28900,3300,22100,13600,6400,1300,2200,1500,15800,10300,8100,30600,4800,6000
11112.0,13.81,18675800,255280810.0,13.81,13.8,13.79,13.78,13.77,13.76,13.75,13.74,13.73,13.72,13.85,13.86,13.87,13.88,13.89,13.9,13.91,13.92,13.93,13.95,11000,51900,8700,6100,3100,4700,28900,3300,22100,13600,7400,1300,2200,1000,15800,10300,8100,30600,4800,6000
11113.0,13.85,18677200,255300200.0,13.81,13.8,13.79,13.78,13.77,13.76,13.75,13.74,13.73,13.72,13.85,13.86,13.87,13.88,13.89,13.9,13.91,13.92,13.93,13.95,11400,51900,8700,6100,3100,4700,28900,3300,22100,13600,6400,1300,2200,1000,15800,10300,8100,30600,4800,6000
11114.0,13.85,18677200,255300200.0,13.82,13.81,13.8,13.79,13.78,13.77,13.76,13.75,13.74,13.73,13.85,13.86,13.87,13.88,13.89,13.9,13.91,13.92,13.93,13.95,200,12100,51900,8700,6100,3100,4700,28900,3300,22100,7100,1300,2200,1000,15800,10300,8100,30600,4800,6000
11115.0,13.85,18677200,255300200.0,13.82,13.81,13.8,13.79,13.78,13.77,13.76,13.75,13.74,13.73,13.85,13.86,13.87,13.88,13.89,13.9,13.91,13.92,13.93,13.95,500,12100,51900,8700,6100,3100,4700,28900,3300,22100,7400,1300,2200,1000,15800,10300,8100,30600,4800,6000
11116.0,13.85,18677900,255309895.0,13.82,13.81,13.8,13.79,13.78,13.77,13.76,13.75,13.74,13.73,13.85,13.86,13.87,13.88,13.89,13.9,13.91,13.92,13.93,13.95,900,12100,51900,8700,6100,3100,4700,28900,3300,22100,7100,1300,2200,1000,15800,10300,8100,30600,4800,6000
11117.0,13.85,18677900,255309895.0,13.82,13.81,13.8,13.79,13.78,13.77,13.76,13.75,13.74,13.73,13.85,13.86,13.87,13.88,13.89,13.9,13.91,13.92,13.93,13.95,1200,12100,51900,8700,6100,3100,4700,28900,3300,22100,7400,1300,2200,1000,15800,10300,8100,30600,4800,6000
11118.0,13.85,18677900,255309895.0,13.82,13.81,13.8,13.79,13.78,13.77,13.76,13.75,13.74,13.73,13.85,13.86,13.87,13.88,13.89,13.9,13.91,13.92,13.93,13.95,1600,12100,51900,8700,6100,3100,4700,28900,3300,22100,7800,1300,2200,2300,15800,10300,8100,30600,4800,6000
11119.0,13.85,18678600,255319590.0,13.82,13.81,13.8,13.79,13.78,13.77,13.76,13.75,13.74,13.73,13.85,13.86,13.87,13.88,13.89,13.9,13.91,13.92,13.93,13.95,1900,12100,51900,8700,6100,3100,4700,28900,3300,22100,7400,1300,2200,2300,15800,10300,8100,30600,4800,6000
11120.0,13.85,18680700,255348675.0,13.82,13.81,13.8,13.79,13.78,13.77,13.76,13.75,13.74,13.73,13.85,13.86,13.87,13.88,13.89,13.9,13.91,13.92,13.93,13.95,2300,12100,52400,8700,6100,3100,4700,28900,3300,22100,5700,1300,2200,2300,15800,10300,8100,30600,4800,6000
11121.0,13.85,18680700,255348675.0,13.82,13.81,13.8,13.79,13.78,13.77,13.76,13.75,13.74,13.73,13.85,13.86,13.87,13.88,13.89,13.9,13.91,13.92,13.93,13.95,2300,12100,52400,8700,6100,3100,4700,28900,3300,22100,5700,1300,2200,2300,15800,10300,8100,30600,4800,6000
11122.0,13.85,18681200,255355600.0,13.82,13.81,13.8,13.79,13.78,13.77,13.76,13.75,13.74,13.73,13.85,13.86,13.87,13.88,13.89,13.9,13.91,13.92,13.93,13.95,2600,12100,52400,8700,6100,3100,4700,28900,3300,22100,5500,1300,2200,2300,15800,10300,8100,30600,4800,6000
11123.0,13.85,18681700,255362525.0,13.82,13.81,13.8,13.79,13.78,13.77,13.76,13.75,13.74,13.73,13.85,13.86,13.87,13.88,13.89,13.9,13.91,13.92,13.93,13.95,3000,12100,52400,8700,6100,3100,4700,28900,3300,22100,5400,1300,2200,2300,15800,10300,8100,30600,4800,6000
11124.0,13.85,18681700,255362525.0,13.82,13.81,13.8,13.79,13.78,13.77,13.76,13.75,13.74,13.73,13.85,13.86,13.87,13.88,13.89,13.9,13.91,13.92,13.93,13.95,3300,12100,52400,8700,6100,3100,4700,28900,3300,22100,5700,1300,2200,2300,15800,10300,8100,30600,4800,6000
11125.0,13.85,18682200,255369450.0,13.82,13.81,13.8,13.79,13.78,13.77,13.76,13.75,13.74,13.73,13.85,13.86,13.87,13.88,13.89,13.9,13.91,13.92,13.93,13.95,3300,12100,52400,8700,6300,3100,4700,28900,3300,22100,5200,1300,2200,2300,15800,10300,8100,30600,4800,6000
11126.0,13.82,18683300,255384652.0,13.82,13.81,13.8,13.79,13.78,13.77,13.76,13.75,13.74,13.73,13.85,13.86,13.87,13.88,13.89,13.9,13.91,13.92,13.93,13.95,2200,12100,52400,8700,6300,3100,4700,28900,3300,22100,5200,1300,2200,2300,15800,10300,8100,30600,4800,6000
11127.0,13.85,18684000,255394347.0,13.82,13.81,13.8,13.79,13.78,13.77,13.76,13.75,13.74,13.73,13.85,13.86,13.87,13.88,13.89,13.9,13.91,13.92,13.93,13.95,2500,12100,52400,8700,6300,3100,4700,28900,3300,22100,4800,1300,2200,2300,15800,10300,8100,30600,4800,6000
11128.0,13.85,18684400,255399887.0,13.82,13.81,13.8,13.79,13.78,13.77,13.76,13.75,13.74,13.73,13.85,13.86,13.87,13.88,13.89,13.9,13.91,13.92,13.93,13.95,2500,12100,52400,8700,6300,3100,4700,28900,3300,22100,4400,1300,2200,2300,15800,10300,8100,30600,4800,6000
11129.0,13.85,18684400,255399887.0,13.82,13.81,13.8,13.79,13.78,13.77,13.76,13.75,13.74,13.73,13.85,13.86,13.87,13.88,13.89,13.9,13.91,13.92,13.93,13.95,2500,12100,52400,8700,6300,3100,4700,28900,3300,22100,4400,1300,2200,2300,15800,9900,8100,30600,4800,6000
11130.0,13.85,18684400,255399887.0,13.82,13.81,13.8,13.79,13.78,13.77,13.76,13.75,13.74,13.73,13.85,13.86,13.87,13.88,13.89,13.9,13.91,13.92,13.93,13.95,2800,12100,52400,8700,6300,3100,4700,28900,3300,22100,4700,1300,2200,2300,15800,9900,8100,27300,4800,6000
11131.0,13.85,18685700,255417892.0,13.82,13.81,13.8,13.79,13.78,13.77,13.76,13.75,13.74,13.73,13.85,13.86,13.87,13.88,13.89,13.9,13.91,13.92,13.93,13.95,2800,12100,52400,8700,6300,3100,4700,28900,3300,22100,3400,1300,2200,2300,15800,9900,8100,27300,4800,6000
11132.0,13.82,18686600,255430330.0,13.82,13.81,13.8,13.79,13.78,13.77,13.76,13.75,13.74,13.73,13.85,13.86,13.87,13.88,13.89,13.9,13.91,13.92,13.93,13.95,1900,12100,52400,8700,6300,3100,4700,28900,3300,22100,3400,1300,2200,2300,15800,9900,8100,27300,4800,6000
11133.0,13.82,18686600,255430330.0,13.82,13.81,13.8,13.79,13.78,13.77,13.76,13.75,13.74,13.73,13.85,13.86,13.87,13.88,13.89,13.9,13.91,13.92,13.93,13.95,2200,12100,52400,8700,6300,3100,4700,28900,3300,22100,3700,1300,2200,2700,15800,9900,8100,27300,4800,6000
11134.0,13.82,18688500,255456606.0,13.82,13.81,13.8,13.79,13.78,13.77,13.76,13.75,13.74,13.73,13.85,13.86,13.87,13.88,13.89,13.9,13.91,13.92,13.93,13.95,1600,12100,52400,8700,6300,3100,4700,28900,3300,22100,3100,1300,2200,2700,15800,9900,8100,27300,4800,6000
11135.0,13.82,18688600,255457988.0,13.82,13.81,13.8,13.79,13.78,13.77,13.76,13.75,13.74,13.73,13.85,13.86,13.87,13.88,13.89,13.9,13.91,13.92,13.93,13.95,1500,12100,52400,8700,6300,3100,4700,28900,3300,22100,3100,1300,2200,2700,15800,9900,8100,27300,4800,6000
11136.0,13.82,18688600,255457988.0,13.82,13.81,13.8,13.79,13.78,13.77,13.76,13.75,13.74,13.73,13.85,13.86,13.87,13.88,13.89,13.9,13.91,13.92,13.93,13.95,1800,12100,52400,8700,6300,3100,4700,28900,3300,22100,3400,1300,1400,2700,15800,9900,8100,27300,4800,6000
11137.0,13.85,18688900,255462143.0,13.82,13.81,13.8,13.79,13.78,13.77,13.76,13.75,13.74,13.73,13.85,13.86,13.87,13.88,13.89,13.9,13.91,13.92,13.93,13.95,1800,12100,52400,8700,6300,3100,4700,28900,3300,22100,3100,1300,1400,2700,15800,9900,8100,27300,4800,6000
11138.0,13.85,18688900,255462143.0,13.82,13.81,13.8,13.79,13.78,13.77,13.76,13.75,13.74,13.73,13.85,13.86,13.87,13.88,13.89,13.9,13.91,13.92,13.93,13.95,1800,12100,52400,8700,6300,3100,4700,28900,3300,22100,3100,1300,1400,2700,15800,9900,8100,27300,4800,6000
11139.0,13.82,18690700,255487019.0,13.82,13.81,13.8,13.79,13.78,13.77,13.76,13.75,13.74,13.73,13.85,13.86,13.87,13.88,13.89,13.9,13.91,13.92,13.93,13.95,300,12100,52400,8700,6300,3100,4700,28900,3300,22100,3400,1300,1400,2700,15800,9900,8100,27300,4800,6000
11140.0,13.81,18692000,255504987.0,13.81,13.8,13.79,13.78,13.77,13.76,13.75,13.74,13.73,13.72,13.85,13.86,13.87,13.88,13.89,13.9,13.91,13.92,13.93,13.95,11400,52400,8700,6300,3100,4700,28900,3300,22100,13600,3100,1300,1400,2700,15800,9900,8100,27300,4800,6000
11141.0,13.85,18692300,255509142.0,13.81,13.8,13.79,13.78,13.77,13.76,13.75,13.74,13.73,13.72,13.85,13.86,13.87,13.88,13.89,13.9,13.91,13.92,13.93,13.95,12200,52400,8700,6300,3100,4700,28900,3300,22100,13600,3500,1300,1400,2700,15800,9900,8100,27300,4800,6000
11142.0,13.85,18693000,255518837.0,13.81,13.8,13.79,13.78,13.77,13.76,13.75,13.74,13.73,13.72,13.85,13.86,13.87,13.88,13.89,13.9,13.91,13.92,13.93,13.95,12900,52400,8700,6300,3100,4700,28900,3300,22100,13600,3500,1300,1400,5200,15800,9900,8100,25700,4800,6000
11143.0,13.85,18693300,255522992.0,13.81,13.8,13.79,13.78,13.77,13.76,13.75,13.74,13.73,13.72,13.85,13.86,13.87,13.88,13.89,13.9,13.91,13.92,13.93,13.95,13000,52400,8700,6300,3100,4700,28900,3300,22100,13600,3200,1300,1400,5200,15800,9900,8100,25700,4800,6000
11144.0,13.81,18693500,255525754.0,13.81,13.8,13.79,13.78,13.77,13.76,13.75,13.74,13.73,13.72,13.85,13.86,13.87,13.88,13.89,13.9,13.91,13.92,13.93,13.95,13100,52400,8700,6300,3100,4700,29400,3300,22100,13600,3500,1300,1400,5200,15800,9900,8100,25700,4800,6000
11145.0,13.81,18695300,255550612.0,13.81,13.8,13.79,13.78,13.77,13.76,13.75,13.74,13.73,13.72,13.85,13.86,13.87,13.88,13.89,13.9,13.91,13.92,13.93,13.95,11700,52400,8700,6400,3100,4700,29400,3300,22100,13600,3900,1300,1400,5200,15800,9900,8100,25700,4800,6000
11146.0,13.85,18695600,255554767.0,13.81,13.8,13.79,13.78,13.77,13.76,13.75,13.74,13.73,13.72,13.85,13.86,13.87,13.88,13.89,13.9,13.91,13.92,13.93,13.95,11800,54800,8700,6400,3100,4900,29400,3300,22100,13600,3600,2300,1400,5200,15800,9900,8100,25700,4800,6000
11147.0,13.85,18695600,255554767.0,13.81,13.8,13.79,13.78,13.77,13.76,13.75,13.74,13.73,13.72,13.85,13.86,13.87,13.88,13.89,13.9,13.91,13.92,13.93,13.95,12100,54800,8700,6400,3100,4900,29400,3300,22100,13600,3900,2300,1400,5200,15800,9900,8100,25700,4800,6000
11148.0,13.85,18696000,255560307.0,13.81,13.8,13.79,13.78,13.77,13.76,13.75,13.74,13.73,13.72,13.85,13.86,13.87,13.88,13.89,13.9,13.91,13.92,13.93,13.95,32500,54800,8700,6400,3100,4900,29400,3300,22100,13600,3900,2300,1400,5200,15800,9900,8100,25700,4800,6000
11149.0,13.85,18696300,255564462.0,13.81,13.8,13.79,13.78,13.77,13.76,13.75,13.74,13.73,13.72,13.85,13.86,13.87,13.88,13.89,13.9,13.91,13.92,13.93,13.95,32500,54800,8700,6400,3100,4900,29400,3300,22100,13600,3600,2300,1400,5200,15800,9900,8100,25700,4800,6000
11150.0,13.85,18696300,255564462.0,13.81,13.8,13.79,13.78,13.77,13.76,13.75,13.74,13.73,13.72,13.85,13.86,13.87,13.88,13.89,13.9,13.91,13.92,13.93,13.95,32800,54800,8700,6400,3100,4900,29400,3300,22100,13600,4300,2300,1400,5200,15800,9900,8100,25700,4800,6000
11151.0,13.85,18696300,255564462.0,13.81,13.8,13.79,13.78,13.77,13.76,13.75,13.74,13.73,13.72,13.85,13.86,13.87,13.88,13.89,13.9,13.91,13.92,13.93,13.95,33200,54800,8700,6400,3100,4900,29400,3300,22100,13600,4300,2300,1400,5200,15800,9900,8100,25700,4800,6000
11152.0,13.81,18697100,255575526.0,13.81,13.8,13.79,13.78,13.77,13.76,13.75,13.74,13.73,13.72,13.85,13.86,13.87,13.88,13.89,13.9,13.91,13.92,13.93,13.95,33100,54800,8700,6400,3100,4900,29400,3300,22100,13600,4200,2300,1400,5200,15800,9900,8100,25700,4800,6000
11153.0,13.81,18697100,255575526.0,13.81,13.8,13.79,13.78,13.77,13.76,13.75,13.74,13.73,13.72,13.85,13.86,13.87,13.88,13.89,13.9,13.91,13.92,13.93,13.95,33500,54800,8700,6400,3100,4900,29400,3300,22100,13600,4600,2300,1400,5200,15800,9900,8100,25700,4800,6000
11154.0,13.85,18698000,255587991.0,13.81,13.8,13.79,13.78,13.77,13.76,13.75,13.74,13.73,13.72,13.85,13.86,13.87,13.88,13.89,13.9,13.91,13.92,13.93,13.95,33500,54800,8700,6400,3100,4900,29400,3300,22100,13600,3700,2300,1400,5200,15800,9900,8100,25700,4800,6000
11155.0,13.85,18698300,255592146.0,13.81,13.8,13.79,13.78,13.77,13.76,13.75,13.74,13.73,13.72,13.85,13.86,13.87,13.88,13.89,13.9,13.91,13.92,13.93,13.95,34200,54800,8700,6400,3100,4900,29400,3300,22100,13600,4100,2300,1400,5200,15800,9900,8100,25700,4800,6000
11156.0,13.81,18699700,255611496.0,13.81,13.8,13.79,13.78,13.77,13.76,13.75,13.74,13.73,13.72,13.85,13.86,13.87,13.88,13.89,13.9,13.91,13.92,13.93,13.95,33200,54800,8700,6400,3100,4900,29400,3300,22100,13600,3700,2300,1400,5200,15800,9900,8100,25700,4800,6000
11157.0,13.81,18729700,256025796.0,13.81,13.8,13.79,13.78,13.77,13.76,13.75,13.74,13.73,13.72,13.85,13.86,13.87,13.88,13.89,13.9,13.91,13.92,13.93,13.95,3500,54800,8700,6400,3100,4900,29400,3300,22100,13600,4000,2300,1400,5200,15800,9900,8100,25700,4800,6000
11158.0,13.81,18730800,256041003.0,13.81,13.8,13.79,13.78,13.77,13.76,13.75,13.74,13.73,13.72,13.85,13.86,13.87,13.88,13.89,13.9,13.91,13.92,13.93,13.95,3500,54800,8700,6400,3100,4900,29400,3300,22100,13600,4300,2300,1400,5200,15800,9900,8100,25700,4800,6000
11159.0,13.81,18730800,256041003.0,13.81,13.8,13.79,13.78,13.77,13.76,13.75,13.74,13.73,13.72,13.85,13.86,13.87,13.88,13.89,13.9,13.91,13.92,13.93,13.95,3500,54800,8700,6400,3100,4900,29400,3300,22100,13600,4300,2300,1400,5200,15800,9900,8100,25700,4800,6000
11160.0,13.81,18730900,256042384.0,13.81,13.8,13.79,13.78,13.77,13.76,13.75,13.74,13.73,13.72,13.85,13.86,13.87,13.88,13.89,13.9,13.91,13.92,13.93,13.95,4500,54800,8700,6400,3100,4900,29400,3300,22100,13600,5400,2300,1400,5200,15800,9900,8100,25700,4800,6000
11161.0,13.85,18731400,256049309.0,13.81,13.8,13.79,13.78,13.77,13.76,13.75,13.74,13.73,13.72,13.85,13.86,13.87,13.88,13.89,13.9,13.91,13.92,13.93,13.95,4500,54800,8700,5700,3100,4900,29400,3300,22100,13600,4900,2300,1400,5200,15800,9900,8100,25700,4800,6000
11162.0,13.81,18731700,256053452.0,13.81,13.8,13.79,13.78,13.77,13.76,13.75,13.74,13.73,13.72,13.85,13.86,13.87,13.88,13.89,13.9,13.91,13.92,13.93,13.95,4600,54800,8700,5700,3100,4900,29400,3300,22100,13600,5300,2300,1400,5200,15800,9900,8100,25700,4800,6000
11163.0,13.85,18732200,256060377.0,13.81,13.8,13.79,13.78,13.77,13.76,13.75,13.74,13.73,13.72,13.85,13.86,13.87,13.88,13.89,13.9,13.91,13.92,13.93,13.95,5300,54800,8700,5700,3100,4900,29400,3300,22100,13600,5500,2300,1400,5200,15800,9900,8100,25700,4800,6000
11164.0,13.85,18732200,256060377.0,13.81,13.8,13.79,13.78,13.77,13.76,13.75,13.74,13.73,13.72,13.85,13.86,13.87,13.88,13.89,13.9,13.91,13.92,13.93,13.95,5300,54800,8700,5700,3100,4900,29400,3300,22100,13600,5500,2300,1400,5200,15800,9900,8100,25700,4800,6000
11165.0,13.81,18734300,256089442.0,13.81,13.8,13.79,13.78,13.77,13.76,13.75,13.74,13.73,13.72,13.85,13.86,13.87,13.88,13.89,13.9,13.91,13.92,13.93,13.95,5200,55000,8700,5700,3100,4900,29400,3300,22100,13600,4300,2300,1400,5200,15800,9900,8100,25700,4800,6000
11166.0,13.81,18734300,256089442.0,13.81,13.8,13.79,13.78,13.77,13.76,13.75,13.74,13.73,13.72,13.85,13.86,13.87,13.88,13.89,13.9,13.91,13.92,13.93,13.95,5200,55000,8700,5700,3100,4900,30800,3300,22100,13600,4300,2300,1400,5200,15800,9900,8100,25700,4800,6000
11167.0,13.81,18734300,256089442.0,13.81,13.8,13.79,13.78,13.77,13.76,13.75,13.74,13.73,13.72,13.85,13.86,13.87,13.88,13.89,13.9,13.91,13.92,13.93,13.95,5600,58600,8700,5700,3100,4900,30800,3300,22100,13600,4700,2300,1400,5200,15800,9900,8100,25700,4800,6000
11168.0,13.85,18734700,256094982.0,13.81,13.8,13.79,13.78,13.77,13.76,13.75,13.74,13.73,13.72,13.85,13.86,13.87,13.88,13.89,13.9,13.91,13.92,13.93,13.95,6900,58600,8700,5700,3100,4900,30800,3300,22100,13600,4300,2300,1400,5200,15800,9900,8100,25700,4800,6000
11169.0,13.81,18736200,256115709.0,13.81,13.8,13.79,13.78,13.77,13.76,13.75,13.74,13.73,13.72,13.85,13.86,13.87,13.88,13.89,13.9,13.91,13.92,13.93,13.95,5700,58600,8700,5700,3100,4900,30800,3300,22100,13600,4000,2300,1400,5200,15800,9900,8100,25700,4800,6000
11170.0,13.81,18737000,256126773.0,13.81,13.8,13.79,13.78,13.77,13.76,13.75,13.74,13.73,13.72,13.83,13.85,13.86,13.87,13.88,13.89,13.9,13.91,13.92,13.93,5700,58600,8700,5700,3100,4900,30800,3300,22100,13600,6200,4000,2300,1400,5200,15800,9900,8100,25700,4800
11171.0,13.83,18737600,256135071.0,13.81,13.8,13.79,13.78,13.77,13.76,13.75,13.74,13.73,13.72,13.83,13.85,13.86,13.87,13.88,13.89,13.9,13.91,13.92,13.93,5700,58600,8700,5700,3100,4900,30800,3300,22100,13600,5600,4000,2300,1400,9300,15800,9900,8100,25700,4800
11172.0,13.83,18737600,256135071.0,13.81,13.8,13.79,13.78,13.77,13.76,13.75,13.74,13.73,13.72,13.83,13.85,13.86,13.87,13.88,13.89,13.9,13.91,13.92,13.93,5700,58600,8700,5700,3100,4900,30800,3300,22100,13600,5600,4000,2300,1400,9300,15800,9900,8100,25700,4800
11173.0,13.83,18737600,256135071.0,13.82,13.81,13.8,13.79,13.78,13.77,13.76,13.75,13.74,13.73,13.83,13.85,13.86,13.87,13.88,13.89,13.9,13.91,13.92,13.93,1000,5700,58600,8700,5700,3100,4900,30800,3300,22100,5600,4000,2300,1400,9300,15800,9900,8100,25700,4800
11174.0,13.83,18738100,256141986.0,13.82,13.81,13.8,13.79,13.78,13.77,13.76,13.75,13.74,13.73,13.83,13.85,13.86,13.87,13.88,13.89,13.9,13.91,13.92,13.93,1000,5700,58600,8700,5700,3100,4900,30800,3300,22100,5100,4000,2300,1400,9300,15800,9900,8100,25700,4800
11175.0,13.81,18741400,256187569.0,13.81,13.8,13.79,13.78,13.77,13.76,13.75,13.74,13.73,13.72,13.83,13.85,13.86,13.87,13.88,13.89,13.9,13.91,13.92,13.93,3400,58600,8700,5700,3100,4900,30800,3300,22100,13600,5100,4000,2300,1400,9300,15800,9900,8100,25700,4800
11176.0,13.83,18742400,256201399.0,13.81,13.8,13.79,13.78,13.77,13.76,13.75,13.74,13.73,13.72,13.83,13.85,13.86,13.87,13.88,13.89,13.9,13.91,13.92,13.93,3400,58600,8700,5700,3100,4900,30900,3300,22100,13600,4100,4000,2300,1400,9300,15800,9900,8100,25700,4700
11177.0,13.83,18743200,256212463.0,13.81,13.8,13.79,13.78,13.77,13.76,13.75,13.74,13.73,13.72,13.83,13.85,13.86,13.87,13.88,13.89,13.9,13.91,13.92,13.93,3400,58600,8700,5700,3100,4900,30900,3300,22100,13600,3300,4000,2300,300,9300,15800,9900,8100,25700,4700
11178.0,13.83,18743200,256212463.0,13.81,13.8,13.79,13.78,13.77,13.76,13.75,13.74,13.73,13.72,13.83,13.85,13.86,13.87,13.88,13.89,13.9,13.91,13.92,13.93,3400,58600,8700,5700,3100,4900,30900,3300,22100,13600,3300,4000,2300,300,9300,15800,9900,8100,25700,4700
11179.0,13.83,18743200,256212463.0,13.81,13.8,13.79,13.78,13.77,13.76,13.75,13.74,13.73,13.72,13.83,13.85,13.86,13.87,13.88,13.89,13.9,13.91,13.92,13.93,3400,58600,8700,5700,3100,4900,30900,3300,22100,13600,3300,4000,2300,300,9300,15800,9900,8100,25700,4700
11180.0,13.83,18743500,256216612.0,13.81,13.8,13.79,13.78,13.77,13.76,13.75,13.74,13.73,13.72,13.83,13.85,13.86,13.87,13.88,13.89,13.9,13.91,13.92,13.93,3400,58600,8700,5700,3100,5100,30900,3300,22100,13600,3000,4000,2300,300,9300,15800,9900,8100,25700,4700
11181.0,13.83,18743500,256216612.0,13.81,13.8,13.79,13.78,13.77,13.76,13.75,13.74,13.73,13.72,13.83,13.85,13.86,13.87,13.88,13.89,13.9,13.91,13.92,13.93,3400,58600,8700,5700,3100,5100,30900,3300,22100,13600,3000,4000,2300,300,9300,15800,9900,8100,25700,4700
11182.0,13.83,18743500,256216612.0,13.81,13.8,13.79,13.78,13.77,13.76,13.75,13.74,13.73,13.72,13.83,13.85,13.86,13.87,13.88,13.89,13.9,13.91,13.92,13.93,23400,58600,8700,5700,3100,5100,30900,3300,22100,13600,3000,4000,2300,300,9300,15800,9900,8100,25700,4700
11183.0,13.83,18743800,256220761.0,13.81,13.8,13.79,13.78,13.77,13.76,13.75,13.74,13.73,13.72,13.83,13.85,13.86,13.87,13.88,13.89,13.9,13.91,13.92,13.93,23400,58600,8700,5700,3100,5100,30900,3300,22100,13600,2700,4000,2300,300,9300,15800,9900,8100,25700,4700
11184.0,13.83,18743800,256220761.0,13.81,13.8,13.79,13.78,13.77,13.76,13.75,13.74,13.73,13.72,13.83,13.85,13.86,13.87,13.88,13.89,13.9,13.91,13.92,13.93,23400,58600,8700,5700,3100,5100,30900,3300,22100,13600,2700,4000,2300,300,9300,15800,9900,8100,25700,4700
11185.0,13.83,18744600,256231825.0,13.81,13.8,13.79,13.78,13.77,13.76,13.75,13.74,13.73,13.72,13.83,13.85,13.86,13.87,13.88,13.89,13.9,13.91,13.92,13.93,23400,58600,8700,5700,3100,5100,30900,3300,22100,13600,1900,4000,2300,300,9300,15800,9900,8100,25700,4700
11186.0,13.83,18744700,256233208.0,13.81,13.8,13.79,13.78,13.77,13.76,13.75,13.74,13.73,13.72,13.83,13.85,13.86,13.87,13.88,13.89,13.9,13.91,13.92,13.93,23400,59400,8700,5700,2400,5100,30900,3300,22100,13600,1800,4000,2300,300,9300,15800,9900,8100,25700,4700
11187.0,13.83,18745000,256237357.0,13.81,13.8,13.79,13.78,13.77,13.76,13.75,13.74,13.73,13.72,13.83,13.85,13.86,13.87,13.88,13.89,13.9,13.91,13.92,13.93,23400,59400,8700,5700,2400,5100,30900,3300,22100,13600,1500,4000,2300,300,9300,15800,5600,8100,25700,4700
11188.0,13.83,18745000,256237357.0,13.81,13.8,13.79,13.78,13.77,13.76,13.75,13.74,13.73,13.72,13.83,13.85,13.86,13.87,13.88,13.89,13.9,13.91,13.92,13.93,23400,59400,8700,5700,2400,5100,30900,3300,22100,13600,1500,4000,2300,300,9300,15800,5600,8100,25700,4700
11189.0,13.83,18745100,256238740.0,13.81,13.8,13.79,13.78,13.77,13.76,13.75,13.74,13.73,13.72,13.83,13.85,13.86,13.87,13.88,13.89,13.9,13.91,13.92,13.93,23400,59400,8700,5700,2400,5100,30900,3300,22100,13600,1400,4000,2300,300,9300,15800,5600,8100,25700,4700
11190.0,13.81,18745600,256245647.0,13.82,13.81,13.8,13.79,13.78,13.77,13.76,13.75,13.74,13.73,13.83,13.85,13.86,13.87,13.88,13.89,13.9,13.91,13.92,13.93,100,23000,60500,8700,5800,2400,5100,30900,3300,22100,1300,4000,2300,300,9300,15800,5600,8100,25700,4700
11191.0,13.81,18745600,256245647.0,13.82,13.81,13.8,13.79,13.78,13.77,13.76,13.75,13.74,13.73,13.83,13.85,13.86,13.87,13.88,13.89,13.9,13.91,13.92,13.93,100,24000,60500,8700,5800,2400,5100,30900,3300,22100,1300,4000,2300,300,9300,15800,5600,8100,25700,4700
11192.0,13.83,18745800,256248413.0,13.82,13.81,13.8,13.79,13.78,13.77,13.76,13.75,13.74,13.73,13.83,13.85,13.86,13.87,13.88,13.89,13.9,13.91,13.92,13.93,100,24000,60500,8700,5800,1900,5100,30900,3300,22100,1100,4000,2300,300,9300,15800,5600,8100,25700,4700
11193.0,13.83,18745800,256248413.0,13.82,13.81,13.8,13.79,13.78,13.77,13.76,13.75,13.74,13.73,13.83,13.85,13.86,13.87,13.88,13.89,13.9,13.91,13.92,13.93,100,24000,60500,8700,5800,1900,5100,30900,3300,22100,1100,4000,2300,300,9300,15800,5600,8100,25700,4700
11194.0,13.83,18745800,256248413.0,13.82,13.81,13.8,13.79,13.78,13.77,13.76,13.75,13.74,13.73,13.83,13.85,13.86,13.87,13.88,13.89,13.9,13.91,13.92,13.93,100,31100,60500,8700,5800,1900,5100,30900,3300,22100,1100,4000,2300,300,9300,15800,5600,8100,25700,4700
11195.0,13.83,18745900,256249796.0,13.82,13.81,13.8,13.79,13.78,13.77,13.76,13.75,13.74,13.73,13.83,13.85,13.86,13.87,13.88,13.89,13.9,13.91,13.92,13.93,100,31100,60500,8700,5800,1900,5100,30900,3300,22100,1000,4000,2300,300,9300,15800,5600,8100,25700,4700
11196.0,13.83,18745900,256249796.0,13.82,13.81,13.8,13.79,13.78,13.77,13.76,13.75,13.74,13.73,13.83,13.85,13.86,13.87,13.88,13.89,13.9,13.91,13.92,13.93,100,30700,60500,8700,5800,1900,5100,30900,3300,22100,1000,4000,2300,300,9300,15800,5600,8100,25700,4700
11197.0,13.83,18745900,256249796.0,13.82,13.81,13.8,13.79,13.78,13.77,13.76,13.75,13.74,13.73,13.83,13.85,13.86,13.87,13.88,13.89,13.9,13.91,13.92,13.93,100,30700,60500,8700,5800,1900,5100,30900,3300,22100,1000,4000,2300,300,9300,15800,5600,8100,25700,4700
11198.0,13.83,18746100,256252562.0,13.82,13.81,13.8,13.79,13.78,13.77,13.76,13.75,13.74,13.73,13.83,13.85,13.86,13.87,13.88,13.89,13.9,13.91,13.92,13.93,100,30700,60500,8700,5800,1900,5100,30900,3300,22100,800,4000,2300,300,9300,15800,5600,8100,25700,4700
11199.0,13.83,18746100,256252562.0,13.82,13.81,13.8,13.79,13.78,13.77,13.76,13.75,13.74,13.73,13.83,13.85,13.86,13.87,13.88,13.89,13.9,13.91,13.92,13.93,500,30700,60500,8700,5800,1900,5100,30900,3300,22100,800,4000,2300,300,9300,15800,5600,8100,25700,4700
11200.0,13.83,18746100,256252562.0,13.82,13.81,13.8,13.79,13.78,13.77,13.76,13.75,13.74,13.73,13.83,13.85,13.86,13.87,13.88,13.89,13.9,13.91,13.92,13.93,500,30700,60500,8700,5800,1900,5100,29500,3300,22100,800,4000,2300,300,9300,15800,5600,8100,25700,4700
11201.0,13.82,18746200,256253944.0,13.82,13.81,13.8,13.79,13.78,13.77,13.76,13.75,13.74,13.73,13.83,13.85,13.86,13.87,13.88,13.89,13.9,13.91,13.92,13.93,400,32300,60500,8700,5800,1900,5100,29500,3300,22100,800,4000,2300,300,9300,15800,5600,8100,25700,4700
11202.0,13.82,18746200,256253944.0,13.82,13.81,13.8,13.79,13.78,13.77,13.76,13.75,13.74,13.73,13.83,13.85,13.86,13.87,13.88,13.89,13.9,13.91,13.92,13.93,400,32300,60500,8700,5800,1900,5100,29500,3300,22100,800,4000,2300,300,9300,15800,5600,8100,25700,4700
11203.0,13.82,18746200,256253944.0,13.82,13.81,13.8,13.79,13.78,13.77,13.76,13.75,13.74,13.73,13.83,13.85,13.86,13.87,13.88,13.89,13.9,13.91,13.92,13.93,9000,32300,60700,8700,5800,1900,5100,29500,3300,22100,800,4000,2300,300,9300,15800,5600,8100,25700,4700
11204.0,13.82,18746300,256255326.0,13.82,13.81,13.8,13.79,13.78,13.77,13.76,13.75,13.74,13.73,13.83,13.85,13.86,13.87,13.88,13.89,13.9,13.91,13.92,13.93,9200,32300,60700,8700,5800,1900,5100,29500,3300,22100,800,4000,2300,300,9300,15800,5600,8100,25700,4700
11205.0,13.82,18748800,256289876.0,13.82,13.81,13.8,13.79,13.78,13.77,13.76,13.75,13.74,13.73,13.83,13.85,13.86,13.87,13.88,13.89,13.9,13.91,13.92,13.93,6700,32300,60700,8700,5800,1900,5100,29500,3300,22100,800,4000,2300,300,9300,15800,5600,8100,25700,4700
11206.0,13.82,18748800,256289876.0,13.82,13.81,13.8,13.79,13.78,13.77,13.76,13.75,13.74,13.73,13.83,13.85,13.86,13.87,13.88,13.89,13.9,13.91,13.92,13.93,6700,32300,60700,8700,5800,1900,5100,29500,3300,22100,800,4000,2300,300,9300,15800,5600,8100,25700,4700
11207.0,13.82,18748800,256289876.0,13.82,13.81,13.8,13.79,13.78,13.77,13.76,13.75,13.74,13.73,13.83,13.85,13.86,13.87,13.88,13.89,13.9,13.91,13.92,13.93,8700,33600,60700,8700,5800,1900,5100,29500,3300,22100,800,4000,2300,300,9300,15800,5600,8100,25700,4700
11208.0,13.82,18748800,256289876.0,13.82,13.81,13.8,13.79,13.78,13.77,13.76,13.75,13.74,13.73,13.83,13.85,13.86,13.87,13.88,13.89,13.9,13.91,13.92,13.93,8700,33600,60700,9200,5800,1900,5100,29500,3300,22100,800,4000,2300,300,9300,15800,5600,8100,25700,4700
11209.0,13.82,18748800,256289876.0,13.82,13.81,13.8,13.79,13.78,13.77,13.76,13.75,13.74,13.73,13.83,13.85,13.86,13.87,13.88,13.89,13.9,13.91,13.92,13.93,8700,33600,60800,9200,5800,1900,5100,29500,3300,22100,800,4000,2300,300,9300,15800,5600,8100,25700,4700
11210.0,13.82,18750400,256311989.0,13.82,13.81,13.8,13.79,13.78,13.77,13.76,13.75,13.74,13.73,13.83,13.85,13.86,13.87,13.88,13.89,13.9,13.91,13.92,13.93,7200,34700,60800,9200,5800,1900,5100,29500,3300,22100,700,4000,2300,300,9300,15800,5600,8100,25700,4700
11211.0,13.82,18750400,256311989.0,13.82,13.81,13.8,13.79,13.78,13.77,13.76,13.75,13.74,13.73,13.83,13.85,13.86,13.87,13.88,13.89,13.9,13.91,13.92,13.93,7200,34700,60800,9200,5800,1900,5100,29500,3300,22100,700,4000,2300,300,9300,15800,5600,8100,25700,4700
11212.0,13.82,18750400,256311989.0,13.82,13.81,13.8,13.79,13.78,13.77,13.76,13.75,13.74,13.73,13.83,13.85,13.86,13.87,13.88,13.89,13.9,13.91,13.92,13.93,7300,34700,60800,9200,5800,1900,5100,29500,3300,22100,700,4000,2300,300,9300,15800,5600,8100,25700,4700
11213.0,13.82,18750400,256311989.0,13.82,13.81,13.8,13.79,13.78,13.77,13.76,13.75,13.74,13.73,13.83,13.85,13.86,13.87,13.88,13.89,13.9,13.91,13.92,13.93,8600,34700,60800,9200,5800,1900,5100,29500,3300,22100,700,4000,2300,300,9300,15800,5600,8100,25700,4700
11214.0,13.82,18754100,256363123.0,13.82,13.81,13.8,13.79,13.78,13.77,13.76,13.75,13.74,13.73,13.83,13.85,13.86,13.87,13.88,13.89,13.9,13.91,13.92,13.93,4900,34700,60800,9200,5800,1900,5100,29500,3300,22100,700,4000,2300,300,9300,15800,5600,8100,25700,4700
11215.0,13.82,18754100,256363123.0,13.82,13.81,13.8,13.79,13.78,13.77,13.76,13.75,13.74,13.73,13.83,13.85,13.86,13.87,13.88,13.89,13.9,13.91,13.92,13.93,4900,34700,60800,9200,5800,1900,5100,29500,3300,22100,700,8300,2300,300,9300,15800,5600,8100,25700,4700
11216.0,13.82,18754100,256363123.0,13.82,13.81,13.8,13.79,13.78,13.77,13.76,13.75,13.74,13.73,13.83,13.85,13.86,13.87,13.88,13.89,13.9,13.91,13.92,13.93,4900,34700,60800,9200,5800,1900,5100,29500,3300,22100,700,8300,2300,300,9300,15800,5600,8100,25700,4700
11217.0,13.82,18754200,256364505.0,13.82,13.81,13.8,13.79,13.78,13.77,13.76,13.75,13.74,13.73,13.83,13.85,13.86,13.87,13.88,13.89,13.9,13.91,13.92,13.93,4800,34700,60300,9200,5800,1900,5100,30500,3300,22100,700,8300,2300,300,9300,15800,5600,8100,25700,4700
11218.0,13.82,18754200,256364505.0,13.82,13.81,13.8,13.79,13.78,13.77,13.76,13.75,13.74,13.73,13.83,13.85,13.86,13.87,13.88,13.89,13.9,13.91,13.92,13.93,4800,34700,60300,9200,5800,1900,5100,30500,3300,22100,700,8300,2300,300,9300,15800,5600,8100,25700,4700
11219.0,13.82,18754200,256364505.0,13.82,13.81,13.8,13.79,13.78,13.77,13.76,13.75,13.74,13.73,13.83,13.85,13.86,13.87,13.88,13.89,13.9,13.91,13.92,13.93,4800,34700,60300,9200,5800,1900,5100,30500,3300,22100,700,8300,2300,300,9300,15800,5600,8100,25700,4700
11220.0,13.82,18754600,256370033.0,13.82,13.81,13.8,13.79,13.78,13.77,13.76,13.75,13.74,13.73,13.83,13.85,13.86,13.87,13.88,13.89,13.9,13.91,13.92,13.93,4400,34700,60300,9200,6600,1900,5100,30500,3300,22100,700,8300,2300,300,9300,15800,5600,8100,25700,4700
11221.0,13.82,18754900,256374180.0,13.82,13.81,13.8,13.79,13.78,13.77,13.76,13.75,13.74,13.73,13.83,13.85,13.86,13.87,13.88,13.89,13.9,13.91,13.92,13.93,4200,34700,60300,9200,6600,1900,5100,30500,3300,22100,600,8300,2300,300,9300,15800,5600,8100,25700,4700
11222.0,13.82,18754900,256374180.0,13.82,13.81,13.8,13.79,13.78,13.77,13.76,13.75,13.74,13.73,13.83,13.85,13.86,13.87,13.88,13.89,13.9,13.91,13.92,13.93,4200,34700,60300,9200,6600,1900,5100,30500,3300,22100,600,8300,2300,300,9300,15800,5600,8100,25700,4700
11223.0,13.82,18756800,256400438.0,13.82,13.81,13.8,13.79,13.78,13.77,13.76,13.75,13.74,13.73,13.83,13.85,13.86,13.87,13.88,13.89,13.9,13.91,13.92,13.93,2300,34700,60300,9200,6600,1900,5100,30500,3300,22100,600,8300,2300,300,9300,15800,5600,8100,25700,4700
11224.0,13.83,18757200,256405970.0,13.82,13.81,13.8,13.79,13.78,13.77,13.76,13.75,13.74,13.73,13.83,13.85,13.86,13.87,13.88,13.89,13.9,13.91,13.92,13.93,2300,34700,60300,9200,6600,1900,5100,30500,3300,22100,200,8300,2300,300,9300,15800,5600,8100,25700,4700
11225.0,13.83,18757200,256405970.0,13.82,13.81,13.8,13.79,13.78,13.77,13.76,13.75,13.74,13.73,13.83,13.85,13.86,13.87,13.88,13.89,13.9,13.91,13.92,13.93,2300,34700,60300,9200,6600,1900,5100,30500,3300,22100,200,8300,2300,300,9300,15800,5600,8100,25700,4700
11226.0,13.83,18757200,256405970.0,13.82,13.81,13.8,13.79,13.78,13.77,13.76,13.75,13.74,13.73,13.83,13.85,13.86,13.87,13.88,13.89,13.9,13.91,13.92,13.93,2300,34700,60300,9200,6600,1900,5100,30500,3300,22100,200,8300,2300,300,9300,15800,5600,8100,25700,4700
11227.0,13.83,18757200,256405970.0,13.82,13.81,13.8,13.79,13.78,13.77,13.76,13.75,13.74,13.73,13.83,13.85,13.86,13.87,13.88,13.89,13.9,13.91,13.92,13.93,2300,34700,60300,9200,6600,1900,5100,30500,3300,22100,200,8300,2300,300,9300,15800,5600,8100,25700,4700
11228.0,13.83,18757200,256405970.0,13.82,13.81,13.8,13.79,13.78,13.77,13.76,13.75,13.74,13.73,13.83,13.85,13.86,13.87,13.88,13.89,13.9,13.91,13.92,13.93,3300,35200,60300,9200,6600,1900,5100,30500,3300,22100,200,8300,2300,300,9300,15800,5600,8100,25700,4700
11229.0,13.82,18760500,256451576.0,13.81,13.8,13.79,13.78,13.77,13.76,13.75,13.74,13.73,13.72,13.82,13.83,13.85,13.86,13.87,13.88,13.89,13.9,13.91,13.92,35200,60300,9200,6600,1900,5100,30500,3300,22100,13600,1700,200,8300,2300,300,9300,15800,5600,8100,25700
11230.0,13.82,18760500,256451576.0,13.81,13.8,13.79,13.78,13.77,13.76,13.75,13.74,13.73,13.72,13.82,13.83,13.85,13.86,13.87,13.88,13.89,13.9,13.91,13.92,35200,60300,9200,5400,1900,5100,30500,3300,22100,13600,1700,200,8300,2300,300,9300,15800,5600,8100,25700
11231.0,13.82,18760500,256451576.0,13.81,13.8,13.79,13.78,13.77,13.76,13.75,13.74,13.73,13.72,13.82,13.83,13.85,13.86,13.87,13.88,13.89,13.9,13.91,13.92,32800,60200,9200,5400,1900,5100,30500,3300,22100,13600,5300,200,8300,2300,300,9300,15800,5600,8100,25700
11232.0,13.82,18762100,256473688.0,13.81,13.8,13.79,13.78,13.77,13.76,13.75,13.74,13.73,13.72,13.82,13.83,13.85,13.86,13.87,13.88,13.89,13.9,13.91,13.92,32800,60200,9200,5400,1900,5100,30500,3300,22100,13600,3700,200,8300,2300,300,9300,15800,5600,8100,25700
11233.0,13.82,18762100,256473688.0,13.81,13.8,13.79,13.78,13.77,13.76,13.75,13.74,13.73,13.72,13.82,13.83,13.85,13.86,13.87,13.88,13.89,13.9,13.91,13.92,32800,60200,9200,5400,1900,5100,30500,3300,22100,13600,3700,200,8300,2300,300,9300,15800,5600,8100,25700
11234.0,13.81,18762800,256483355.0,13.81,13.8,13.79,13.78,13.77,13.76,13.75,13.74,13.73,13.72,13.82,13.83,13.85,13.86,13.87,13.88,13.89,13.9,13.91,13.92,32100,60200,9200,5400,1900,5100,30500,3300,22100,13600,3700,200,8300,2300,300,6800,15800,5600,8100,25700
11235.0,13.82,18763100,256487501.0,13.81,13.8,13.79,13.78,13.77,13.76,13.75,13.74,13.73,13.72,13.82,13.83,13.85,13.86,13.87,13.88,13.89,13.9,13.91,13.92,32100,60200,9200,5400,2000,5100,30500,3300,22100,13600,3400,200,8300,2300,300,6800,15800,5600,8100,25700
11236.0,13.82,18763100,256487501.0,13.81,13.8,13.79,13.78,13.77,13.76,13.75,13.74,13.73,13.72,13.82,13.83,13.85,13.86,13.87,13.88,13.89,13.9,13.91,13.92,32100,60200,9200,5400,2000,5100,30500,3300,22100,13600,3400,200,8300,2300,300,6800,15800,5600,8100,25700
11237.0,13.82,18763100,256487501.0,13.81,13.8,13.79,13.78,13.77,13.76,13.75,13.74,13.73,13.72,13.82,13.83,13.85,13.86,13.87,13.88,13.89,13.9,13.91,13.92,31200,60200,9200,5400,2000,5100,30500,3300,22100,13600,3400,200,8300,2300,300,6800,15800,5600,8100,25700
11238.0,13.82,18765800,256524815.0,13.81,13.8,13.79,13.78,13.77,13.76,13.75,13.74,13.73,13.72,13.82,13.83,13.85,13.86,13.87,13.88,13.89,13.9,13.91,13.92,31200,60200,9200,5400,2000,5100,30500,3300,22100,13600,700,200,8300,2300,300,6800,15800,5600,8100,25700
11239.0,13.82,18765800,256524815.0,13.81,13.8,13.79,13.78,13.77,13.76,13.75,13.74,13.73,13.72,13.82,13.83,13.85,13.86,13.87,13.88,13.89,13.9,13.91,13.92,31200,60200,9200,5400,2000,5100,30500,3300,22100,13600,700,1500,8300,2300,300,6800,15800,5600,8100,25700
11240.0,13.82,18765800,256524815.0,13.81,13.8,13.79,13.78,13.77,13.76,13.75,13.74,13.73,13.72,13.82,13.83,13.85,13.86,13.87,13.88,13.89,13.9,13.91,13.92,31200,60200,9200,5400,2000,5100,30500,3300,22100,13600,700,1500,8300,2300,300,6800,15800,5600,8100,25700
11241.0,13.82,18765800,256524815.0,13.81,13.8,13.79,13.78,13.77,13.76,13.75,13.74,13.73,13.72,13.82,13.83,13.85,13.86,13.87,13.88,13.89,13.9,13.91,13.92,31200,60200,9200,5400,2000,5100,30500,3300,22100,13600,700,1500,8300,2300,300,6800,15800,5600,8100,25700
11242.0,13.82,18765800,256524815.0,13.81,13.8,13.79,13.78,13.77,13.76,13.75,13.74,13.73,13.72,13.82,13.83,13.85,13.86,13.87,13.88,13.89,13.9,13.91,13.92,31200,60500,9200,5400,2000,5100,30500,3300,22100,13600,700,1500,8300,2300,300,6800,15800,5600,8100,25700
11243.0,13.82,18765800,256524815.0,13.81,13.8,13.79,13.78,13.77,13.76,13.75,13.74,13.73,13.72,13.82,13.83,13.85,13.86,13.87,13.88,13.89,13.9,13.91,13.92,31200,60500,9200,5400,2000,5100,30500,3300,22100,13600,700,1500,8300,2300,300,6800,15800,5600,8100,25700
11244.0,13.82,18765900,256526197.0,13.81,13.8,13.79,13.78,13.77,13.76,13.75,13.74,13.73,13.72,13.82,13.83,13.85,13.86,13.87,13.88,13.89,13.9,13.91,13.92,31200,60500,9200,5400,2000,5100,30500,3300,22100,13600,600,1500,8300,2300,300,6800,15800,5600,8100,25700
11245.0,13.82,18766000,256527579.0,13.81,13.8,13.79,13.78,13.77,13.76,13.75,13.74,13.73,13.72,13.82,13.83,13.85,13.86,13.87,13.88,13.89,13.9,13.91,13.92,31200,58100,9200,5400,2000,5100,30500,3300,22100,13600,500,1500,8300,2300,300,6800,15800,5600,8100,25700
11246.0,13.82,18766200,256530343.0,13.81,13.8,13.79,13.78,13.77,13.76,13.75,13.74,13.73,13.72,13.82,13.83,13.85,13.86,13.87,13.88,13.89,13.9,13.91,13.92,31200,58100,9200,5400,2000,5100,30500,3300,22100,13600,300,1500,8300,2300,300,6800,15800,5600,8100,25700
11247.0,13.82,18766200,256530343.0,13.81,13.8,13.79,13.78,13.77,13.76,13.75,13.74,13.73,13.72,13.82,13.83,13.85,13.86,13.87,13.88,13.89,13.9,13.91,13.92,31200,58100,9200,5400,2000,5100,30500,3300,22100,13600,300,1500,8300,2300,300,6800,15800,5600,8100,25700
11248.0,13.82,18766200,256530343.0,13.81,13.8,13.79,13.78,13.77,13.76,13.75,13.74,13.73,13.72,13.82,13.83,13.85,13.86,13.87,13.88,13.89,13.9,13.91,13.92,31200,59600,9200,5400,2000,5100,30500,3300,22100,13600,300,5500,8300,2300,300,6800,15800,5600,8100,25700
11249.0,13.82,18766500,256534489.0,13.82,13.81,13.8,13.79,13.78,13.77,13.76,13.75,13.74,13.73,13.83,13.85,13.86,13.87,13.88,13.89,13.9,13.91,13.92,13.93,200,31200,59600,9200,5400,2000,5100,30500,3300,22100,5500,8300,2300,300,6800,15800,6200,8100,25700,4700
11250.0,13.82,18766500,256534489.0,13.82,13.81,13.8,13.79,13.78,13.77,13.76,13.75,13.74,13.73,13.83,13.85,13.86,13.87,13.88,13.89,13.9,13.91,13.92,13.93,3200,31200,59600,9200,5400,2000,5100,30500,3300,22100,5500,8300,2300,300,6800,15800,6200,8100,25700,4700
11251.0,13.82,18766500,256534489.0,13.82,13.81,13.8,13.79,13.78,13.77,13.76,13.75,13.74,13.73,13.83,13.85,13.86,13.87,13.88,13.89,13.9,13.91,13.92,13.93,5900,31200,59600,9200,5400,2000,5100,30500,5300,22100,5900,8300,2300,300,6800,15800,6200,8100,25700,4700
11252.0,13.83,18767000,256541404.0,13.82,13.81,13.8,13.79,13.78,13.77,13.76,13.75,13.74,13.73,13.83,13.85,13.86,13.87,13.88,13.89,13.9,13.91,13.92,13.93,5900,31200,59600,9200,5400,2000,5100,30500,5300,22100,5400,8300,2300,300,6800,15800,6200,8100,25700,4700
11253.0,13.82,18768000,256555224.0,13.82,13.81,13.8,13.79,13.78,13.77,13.76,13.75,13.74,13.73,13.83,13.85,13.86,13.87,13.88,13.89,13.9,13.91,13.92,13.93,4900,31200,59600,9200,5400,2000,5100,30500,5300,22100,5400,8300,2300,300,6800,15800,6200,8100,25700,4700
11254.0,13.83,18769300,256573195.0,13.82,13.81,13.8,13.79,13.78,13.77,13.76,13.75,13.74,13.73,13.83,13.85,13.86,13.87,13.88,13.89,13.9,13.91,13.92,13.93,4100,31200,59600,9200,5400,2000,5100,30500,5300,22100,4900,8300,2300,300,6800,15800,6200,8100,25700,4700
11255.0,13.83,18770600,256591174.0,13.82,13.81,13.8,13.79,13.78,13.77,13.76,13.75,13.74,13.73,13.83,13.85,13.86,13.87,13.88,13.89,13.9,13.91,13.92,13.93,4100,31200,59600,9200,5400,2000,5100,30500,5300,22100,3600,8300,2300,300,6800,15800,6200,8100,25700,4700
11256.0,13.83,18770600,256591174.0,13.82,13.81,13.8,13.79,13.78,13.77,13.76,13.75,13.74,13.73,13.83,13.85,13.86,13.87,13.88,13.89,13.9,13.91,13.92,13.93,4100,31200,59600,9200,5400,2000,5100,30500,5300,22100,3600,8300,2300,300,6800,15800,6200,8100,25700,4700
11257.0,13.83,18770700,256592557.0,13.82,13.81,13.8,13.79,13.78,13.77,13.76,13.75,13.74,13.73,13.83,13.85,13.86,13.87,13.88,13.89,13.9,13.91,13.92,13.93,4100,31200,59600,9200,5400,2000,5100,30500,5300,22100,3500,8300,2300,300,6800,15800,6200,8100,25700,4700
11258.0,13.83,18771000,256596706.0,13.82,13.81,13.8,13.79,13.78,13.77,13.76,13.75,13.74,13.73,13.83,13.85,13.86,13.87,13.88,13.89,13.9,13.91,13.92,13.93,4100,31200,59600,9200,5400,2000,5100,30500,5300,22100,3200,8300,2300,300,6800,15800,6200,8100,25700,4700
11259.0,13.82,18771500,256603616.0,13.82,13.81,13.8,13.79,13.78,13.77,13.76,13.75,13.74,13.73,13.83,13.85,13.86,13.87,13.88,13.89,13.9,13.91,13.92,13.93,3600,31200,59600,9200,5400,2000,5100,30500,5300,22100,3200,8300,2300,300,6800,15800,6200,8100,25700,4700
11260.0,13.82,18772500,256617436.0,13.82,13.81,13.8,13.79,13.78,13.77,13.76,13.75,13.74,13.73,13.83,13.85,13.86,13.87,13.88,13.89,13.9,13.91,13.92,13.93,2600,31200,59600,9200,5400,2000,5100,30500,5300,22100,3200,8300,2300,300,6800,15800,6200,8100,25700,4700
11261.0,13.83,18773100,256625734.0,13.82,13.81,13.8,13.79,13.78,13.77,13.76,13.75,13.74,13.73,13.83,13.85,13.86,13.87,13.88,13.89,13.9,13.91,13.92,13.93,2600,31200,59600,9200,5400,2000,5100,30500,5300,22100,2600,8300,2300,300,6800,15800,6200,8100,25700,4700
11262.0,13.83,18773100,256625734.0,13.82,13.81,13.8,13.79,13.78,13.77,13.76,13.75,13.74,13.73,13.83,13.85,13.86,13.87,13.88,13.89,13.9,13.91,13.92,13.93,2700,31200,59600,9200,5400,2000,5100,30500,5300,22100,2600,8300,2300,300,6800,15800,6200,8100,25700,4700
11263.0,13.83,18773300,256628500.0,13.82,13.81,13.8,13.79,13.78,13.77,13.76,13.75,13.74,13.73,13.83,13.85,13.86,13.87,13.88,13.89,13.9,13.91,13.92,13.93,2700,31200,59600,9200,5400,2000,5100,30500,5300,22100,2400,8300,2300,300,6800,15800,6200,8100,25700,4700
11264.0,13.83,18773300,256628500.0,13.82,13.81,13.8,13.79,13.78,13.77,13.76,13.75,13.74,13.73,13.83,13.85,13.86,13.87,13.88,13.89,13.9,13.91,13.92,13.93,4700,32400,59600,9200,5400,2000,5100,30500,5300,22100,2400,8300,2300,300,6800,15800,6200,8100,25700,4700
11265.0,13.83,18773500,256631266.0,13.82,13.81,13.8,13.79,13.78,13.77,13.76,13.75,13.74,13.73,13.83,13.85,13.86,13.87,13.88,13.89,13.9,13.91,13.92,13.93,4700,32400,59600,9200,5400,2000,5100,30500,5300,22100,2200,8300,2300,300,6800,15800,6200,8100,25700,4700
11266.0,13.83,18774100,256639564.0,13.82,13.81,13.8,13.79,13.78,13.77,13.76,13.75,13.74,13.73,13.83,13.85,13.86,13.87,13.88,13.89,13.9,13.91,13.92,13.93,4700,32400,59600,9200,5400,2000,5100,30500,5300,22100,1600,8300,2300,300,6800,15800,6200,8100,25700,4700
11267.0,13.83,18774100,256639564.0,13.82,13.81,13.8,13.79,13.78,13.77,13.76,13.75,13.74,13.73,13.83,13.85,13.86,13.87,13.88,13.89,13.9,13.91,13.92,13.93,4700,32400,59600,9200,5400,2000,5100,30500,5300,22100,1600,8300,2300,300,6800,15800,6200,8100,25700,4700
11268.0,13.83,18774100,256639564.0,13.82,13.81,13.8,13.79,13.78,13.77,13.76,13.75,13.74,13.73,13.83,13.85,13.86,13.87,13.88,13.89,13.9,13.91,13.92,13.93,5700,32400,59600,9200,5400,2000,5100,30500,5300,22100,1600,8300,2300,300,6800,15800,6200,8100,25700,4700
11269.0,13.83,18774300,256642330.0,13.82,13.81,13.8,13.79,13.78,13.77,13.76,13.75,13.74,13.73,13.83,13.85,13.86,13.87,13.88,13.89,13.9,13.91,13.92,13.93,5900,32400,59600,9200,5400,2000,5100,30500,5300,22100,1400,8300,2300,300,6800,15800,6200,8100,25700,4700
11270.0,13.83,18774300,256642330.0,13.82,13.81,13.8,13.79,13.78,13.77,13.76,13.75,13.74,13.73,13.83,13.85,13.86,13.87,13.88,13.89,13.9,13.91,13.92,13.93,5900,32400,59600,9200,5400,2000,5100,30500,5300,22100,1400,8300,2300,300,6800,15800,6200,8100,25700,4700
11271.0,13.83,18774300,256642330.0,13.82,13.81,13.8,13.79,13.78,13.77,13.76,13.75,13.74,13.73,13.83,13.85,13.86,13.87,13.88,13.89,13.9,13.91,13.92,13.93,5900,32400,59600,9200,5400,2000,5100,30500,5300,22100,1400,8300,2300,300,6800,15800,6200,8100,25700,4700
11272.0,13.83,18774400,256643713.0,13.82,13.81,13.8,13.79,13.78,13.77,13.76,13.75,13.74,13.73,13.83,13.85,13.86,13.87,13.88,13.89,13.9,13.91,13.92,13.93,5900,32400,59600,9200,5400,2500,5100,30500,5300,22100,1300,8300,2300,300,6800,15800,6200,8100,25700,4700
11273.0,13.82,18776900,256678263.0,13.82,13.81,13.8,13.79,13.78,13.77,13.76,13.75,13.74,13.73,13.83,13.85,13.86,13.87,13.88,13.89,13.9,13.91,13.92,13.93,3400,32400,59600,9200,5400,2500,5100,30500,5300,22100,1300,8300,2300,300,6800,15800,6200,8100,25700,4700
11274.0,13.82,18777200,256682409.0,13.82,13.81,13.8,13.79,13.78,13.77,13.76,13.75,13.74,13.73,13.83,13.85,13.86,13.87,13.88,13.89,13.9,13.91,13.92,13.93,3100,32400,59600,9200,5400,2500,5100,30500,5300,22100,1300,8300,2300,300,6800,15800,6200,8100,25700,4700
11275.0,13.83,18778500,256700388.0,13.83,13.82,13.81,13.8,13.79,13.78,13.77,13.76,13.75,13.74,13.85,13.86,13.87,13.88,13.89,13.9,13.91,13.92,13.93,13.95,8800,3100,32400,59600,9200,5400,2500,5100,30500,5300,8300,2300,300,6800,15800,6200,8100,25700,4700,56000
11276.0,13.85,18779200,256710083.0,13.83,13.82,13.81,13.8,13.79,13.78,13.77,13.76,13.75,13.74,13.85,13.86,13.87,13.88,13.89,13.9,13.91,13.92,13.93,13.95,8800,3600,32400,59600,9200,5400,2500,5100,30500,5300,7600,2300,300,6800,15800,6200,8100,25700,4700,56000
11277.0,13.85,18781300,256739168.0,13.83,13.82,13.81,13.8,13.79,13.78,13.77,13.76,13.75,13.74,13.85,13.86,13.87,13.88,13.89,13.9,13.91,13.92,13.93,13.95,8800,3600,32400,59600,9200,5400,2500,5100,30500,5300,5500,2300,300,6800,15800,6200,8100,25700,4700,56000
11278.0,13.85,18781300,256739168.0,13.83,13.82,13.81,13.8,13.79,13.78,13.77,13.76,13.75,13.74,13.85,13.86,13.87,13.88,13.89,13.9,13.91,13.92,13.93,13.95,8800,3600,32400,59600,9200,5400,2500,5100,30500,5300,5500,2300,300,6800,15800,6200,8100,25700,4700,56000
11279.0,13.85,18781300,256739168.0,13.83,13.82,13.81,13.8,13.79,13.78,13.77,13.76,13.75,13.74,13.85,13.86,13.87,13.88,13.89,13.9,13.91,13.92,13.93,13.95,8800,3600,32400,59600,9200,5400,2500,5100,30500,5300,5500,2300,300,6800,15800,6200,8100,25700,4700,56000
11280.0,13.85,18781800,256746093.0,13.83,13.82,13.81,13.8,13.79,13.78,13.77,13.76,13.75,13.74,13.85,13.86,13.87,13.88,13.89,13.9,13.91,13.92,13.93,13.95,8800,3600,31200,59600,9200,5400,2500,5100,30500,5300,5000,2300,300,6800,15800,6200,8100,25700,4700,56000
11281.0,13.83,18783100,256764072.0,13.83,13.82,13.81,13.8,13.79,13.78,13.77,13.76,13.75,13.74,13.85,13.86,13.87,13.88,13.89,13.9,13.91,13.92,13.93,13.95,7500,3600,31200,59600,9200,5400,2500,5100,30500,5300,5000,2300,300,6800,15800,6200,8100,25700,4700,56000
11282.0,13.85,18783600,256770997.0,13.83,13.82,13.81,13.8,13.79,13.78,13.77,13.76,13.75,13.74,13.85,13.86,13.87,13.88,13.89,13.9,13.91,13.92,13.93,13.95,7500,3600,31200,59600,9200,5400,2500,5100,30500,5300,4500,2300,300,6800,15800,6200,8100,25700,4700,56000
11283.0,13.85,18784000,256776537.0,13.83,13.82,13.81,13.8,13.79,13.78,13.77,13.76,13.75,13.74,13.85,13.86,13.87,13.88,13.89,13.9,13.91,13.92,13.93,13.95,7500,3600,31200,59600,9200,5400,2500,5100,30500,5300,4100,2300,300,6800,15800,6200,8100,25700,4700,56000
11284.0,13.85,18784000,256776537.0,13.83,13.82,13.81,13.8,13.79,13.78,13.77,13.76,13.75,13.74,13.85,13.86,13.87,13.88,13.89,13.9,13.91,13.92,13.93,13.95,7600,3600,31200,59600,9200,5400,2500,5100,30500,5300,4100,2300,300,6800,15800,6200,8100,25700,4700,56000
11285.0,13.85,18784400,256782077.0,13.83,13.82,13.81,13.8,13.79,13.78,13.77,13.76,13.75,13.74,13.85,13.86,13.87,13.88,13.89,13.9,13.91,13.92,13.93,13.95,7600,4000,31200,59600,9200,5400,2500,5100,30500,5300,3700,2300,300,6800,15800,6200,8100,25700,4700,56000
11286.0,13.85,18784400,256782077.0,13.83,13.82,13.81,13.8,13.79,13.78,13.77,13.76,13.75,13.74,13.85,13.86,13.87,13.88,13.89,13.9,13.91,13.92,13.93,13.95,7600,4000,31200,59600,9200,5400,2500,5100,30500,5300,3700,2300,300,6800,15800,6200,8100,25700,4700,56000
11287.0,13.85,18784400,256782077.0,13.83,13.82,13.81,13.8,13.79,13.78,13.77,13.76,13.75,13.74,13.85,13.86,13.87,13.88,13.89,13.9,13.91,13.92,13.93,13.95,7600,4000,31200,59600,9200,5400,2500,5100,30500,5300,3700,2300,300,6800,15800,6200,8100,25700,4700,56000
11288.0,13.85,18785400,256795927.0,13.83,13.82,13.81,13.8,13.79,13.78,13.77,13.76,13.75,13.74,13.85,13.86,13.87,13.88,13.89,13.9,13.91,13.92,13.93,13.95,7600,4000,31200,59600,9200,5400,2500,5100,30500,5300,2700,2300,300,6800,15800,6200,8100,25700,4700,56000
11289.0,13.85,18785600,256798697.0,13.83,13.82,13.81,13.8,13.79,13.78,13.77,13.76,13.75,13.74,13.85,13.86,13.87,13.88,13.89,13.9,13.91,13.92,13.93,13.95,7600,4000,31600,59600,9200,5400,2500,5100,30500,5300,2500,2300,300,6800,15800,6200,8100,25700,4700,56000
11290.0,13.83,18787200,256820829.0,13.83,13.82,13.81,13.8,13.79,13.78,13.77,13.76,13.75,13.74,13.85,13.86,13.87,13.88,13.89,13.9,13.91,13.92,13.93,13.95,7300,4000,31600,59600,9200,5400,2500,5100,30500,5300,2300,2300,300,6800,15800,6200,8100,25700,4700,56000
11291.0,13.83,18787500,256824978.0,13.83,13.82,13.81,13.8,13.79,13.78,13.77,13.76,13.75,13.74,13.85,13.86,13.87,13.88,13.89,13.9,13.91,13.92,13.93,13.95,7000,4000,33000,59600,9200,5400,2500,5100,30500,5300,2300,2300,300,6800,15800,6200,8100,25700,4700,56000
11292.0,13.83,18787500,256824978.0,13.83,13.82,13.81,13.8,13.79,13.78,13.77,13.76,13.75,13.74,13.85,13.86,13.87,13.88,13.89,13.9,13.91,13.92,13.93,13.95,7000,4000,33000,59600,9200,5400,2500,5100,30500,5300,2300,2300,300,6800,15800,6200,8100,25700,4700,56000
11293.0,13.85,18787700,256827748.0,13.83,13.82,13.81,13.8,13.79,13.78,13.77,13.76,13.75,13.74,13.85,13.86,13.87,13.88,13.89,13.9,13.91,13.92,13.93,13.95,7000,4000,33000,59600,9200,5400,2500,5100,30500,5300,2100,2300,300,6800,15800,6200,8100,25700,4700,56000
11294.0,13.85,18787800,256829133.0,13.83,13.82,13.81,13.8,13.79,13.78,13.77,13.76,13.75,13.74,13.85,13.86,13.87,13.88,13.89,13.9,13.91,13.92,13.93,13.95,7000,4000,33000,59600,9200,5400,2500,5100,30500,5300,2000,2300,300,6800,15800,6200,8100,25700,4700,56000
11295.0,13.85,18787800,256829133.0,13.83,13.82,13.81,13.8,13.79,13.78,13.77,13.76,13.75,13.74,13.85,13.86,13.87,13.88,13.89,13.9,13.91,13.92,13.93,13.95,7000,4000,33000,59600,9200,5400,2500,5100,30500,5300,2000,2300,300,6800,15800,6200,8100,25700,4700,56000
11296.0,13.85,18788200,256834673.0,13.83,13.82,13.81,13.8,13.79,13.78,13.77,13.76,13.75,13.74,13.85,13.86,13.87,13.88,13.89,13.9,13.91,13.92,13.93,13.95,7000,4000,33000,59600,9200,5400,2500,5100,30500,5300,1600,2300,300,6800,16200,6200,8100,25700,4700,56000
11297.0,13.85,18788200,256834673.0,13.83,13.82,13.81,13.8,13.79,13.78,13.77,13.76,13.75,13.74,13.85,13.86,13.87,13.88,13.89,13.9,13.91,13.92,13.93,13.95,7000,4000,33000,59600,9200,5400,2500,5100,30500,5300,1600,2300,300,6800,16200,6200,7100,25700,4700,56000
11298.0,13.85,18788300,256836058.0,13.83,13.82,13.81,13.8,13.79,13.78,13.77,13.76,13.75,13.74,13.85,13.86,13.87,13.88,13.89,13.9,13.91,13.92,13.93,13.95,7000,4000,33000,59600,9200,5400,2500,5100,30500,5300,1500,2300,300,6800,16200,6200,7100,25700,4700,56000
11299.0,13.85,18788600,256840213.0,13.83,13.82,13.81,13.8,13.79,13.78,13.77,13.76,13.75,13.74,13.85,13.86,13.87,13.88,13.89,13.9,13.91,13.92,13.93,13.95,7000,4000,33000,59600,9200,5400,2500,5100,30500,5300,1200,2300,300,6800,16200,6200,7100,25700,4700,56000
11300.0,13.85,18788600,256840213.0,13.83,13.82,13.81,13.8,13.79,13.78,13.77,13.76,13.75,13.74,13.85,13.86,13.87,13.88,13.89,13.9,13.91,13.92,13.93,13.95,10400,4000,33000,59600,9200,5400,2500,5100,30500,5300,1200,2300,300,6800,16200,6200,7100,25700,4700,56000
11301.0,13.85,18788700,256841598.0,13.83,13.82,13.81,13.8,13.79,13.78,13.77,13.76,13.75,13.74,13.85,13.86,13.87,13.88,13.89,13.9,13.91,13.92,13.93,13.95,10500,4000,33000,59600,9200,5400,2500,5100,30500,5300,1200,2300,300,6800,16200,6200,7100,25700,4700,56000
11302.0,13.85,18788700,256841598.0,13.83,13.82,13.81,13.8,13.79,13.78,13.77,13.76,13.75,13.74,13.85,13.86,13.87,13.88,13.89,13.9,13.91,13.92,13.93,13.95,10500,4000,33000,59600,9200,5400,2500,5100,30500,5300,1200,2300,300,6800,16200,6200,7100,25700,4700,56000
11303.0,13.85,18788800,256842983.0,13.83,13.82,13.81,13.8,13.79,13.78,13.77,13.76,13.75,13.74,13.85,13.86,13.87,13.88,13.89,13.9,13.91,13.92,13.93,13.95,10600,5000,33000,59600,9200,5400,2500,5100,30500,5300,1200,2300,300,6800,16200,6200,7100,25700,4700,56000
11304.0,13.83,18789500,256852664.0,13.83,13.82,13.81,13.8,13.79,13.78,13.77,13.76,13.75,13.74,13.85,13.86,13.87,13.88,13.89,13.9,13.91,13.92,13.93,13.95,9900,5000,32500,59600,9200,5400,2500,5100,30500,5300,1200,2300,300,6800,16200,6200,7100,25700,4700,56000
11305.0,13.83,18789500,256852664.0,13.83,13.82,13.81,13.8,13.79,13.78,13.77,13.76,13.75,13.74,13.85,13.86,13.87,13.88,13.89,13.9,13.91,13.92,13.93,13.95,10000,7000,32500,59600,9200,5400,2500,5100,30500,5300,1300,2300,300,6800,16200,6200,7100,25700,4700,56000
11306.0,13.83,18789500,256852664.0,13.83,13.82,13.81,13.8,13.79,13.78,13.77,13.76,13.75,13.74,13.85,13.86,13.87,13.88,13.89,13.9,13.91,13.92,13.93,13.95,10400,8700,32500,59600,9200,5400,2500,5100,30500,5300,1400,2300,300,6800,16200,6200,7100,25700,4700,56000
11307.0,13.83,18790200,256862345.0,13.83,13.82,13.81,13.8,13.79,13.78,13.77,13.76,13.75,13.74,13.85,13.86,13.87,13.88,13.89,13.9,13.91,13.92,13.93,13.95,9700,8700,32500,59600,9200,5400,2500,5100,30500,5300,1400,2300,300,6800,16200,6200,7100,25700,4700,56000
11308.0,13.85,18790400,256865115.0,13.83,13.82,13.81,13.8,13.79,13.78,13.77,13.76,13.75,13.74,13.85,13.86,13.87,13.88,13.89,13.9,13.91,13.92,13.93,13.95,9800,8700,32500,59600,9200,7600,2500,5100,30500,5300,1300,2300,300,6800,16200,6200,7100,25700,4700,56000
11309.0,13.85,18790400,256865115.0,13.83,13.82,13.81,13.8,13.79,13.78,13.77,13.76,13.75,13.74,13.85,13.86,13.87,13.88,13.89,13.9,13.91,13.92,13.93,13.95,9800,8700,32500,59600,9200,7600,2500,5100,30500,5300,1300,2300,300,6800,16200,6200,7100,25700,4700,56000
11310.0,13.85,18791400,256878951.0,13.83,13.82,13.81,13.8,13.79,13.78,13.77,13.76,13.75,13.74,13.85,13.86,13.87,13.88,13.89,13.9,13.91,13.92,13.93,13.95,9200,8700,32500,59600,9200,7600,2500,5100,30500,5300,1100,2300,300,6800,16200,6200,7100,25700,4700,56000
11311.0,13.85,18791400,256878951.0,13.83,13.82,13.81,13.8,13.79,13.78,13.77,13.76,13.75,13.74,13.85,13.86,13.87,13.88,13.89,13.9,13.91,13.92,13.93,13.95,9200,8700,32500,59600,9200,7600,2500,5100,30500,5300,1100,2300,300,6800,16200,6200,7100,25700,4700,56000
11312.0,13.85,18791400,256878951.0,13.83,13.82,13.81,13.8,13.79,13.78,13.77,13.76,13.75,13.74,13.85,13.86,13.87,13.88,13.89,13.9,13.91,13.92,13.93,13.95,9200,8700,32500,59600,9200,7600,2500,5100,30500,5300,1100,2300,300,6800,16200,6200,7100,25700,4700,56000
11313.0,13.83,18792100,256888632.0,13.83,13.82,13.81,13.8,13.79,13.78,13.77,13.76,13.75,13.74,13.85,13.86,13.87,13.88,13.89,13.9,13.91,13.92,13.93,13.95,8600,8700,32500,59600,9200,7600,2500,5100,30500,5300,1200,2300,300,6800,16200,6200,7100,25700,4700,56000
11314.0,13.83,18792100,256888632.0,13.83,13.82,13.81,13.8,13.79,13.78,13.77,13.76,13.75,13.74,13.85,13.86,13.87,13.88,13.89,13.9,13.91,13.92,13.93,13.95,8600,8700,32500,59600,9200,7600,2500,5100,30500,5300,1200,2300,300,6800,16200,6200,7100,25700,4700,56000
11315.0,13.85,18793000,256901097.0,13.83,13.82,13.81,13.8,13.79,13.78,13.77,13.76,13.75,13.74,13.85,13.86,13.87,13.88,13.89,13.9,13.91,13.92,13.93,13.95,8600,8700,32500,59600,9200,7600,2500,5100,30500,5300,300,2300,300,6800,16200,6200,7100,25700,4700,56000
11316.0,13.83,18793700,256910778.0,13.83,13.82,13.81,13.8,13.79,13.78,13.77,13.76,13.75,13.74,13.85,13.86,13.87,13.88,13.89,13.9,13.91,13.92,13.93,13.95,8000,8700,32500,59600,9200,7600,2500,5100,30500,5300,400,2300,300,6800,16200,6200,7100,25700,4700,56000
11317.0,13.83,18793700,256910778.0,13.83,13.82,13.81,13.8,13.79,13.78,13.77,13.76,13.75,13.74,13.85,13.86,13.87,13.88,13.89,13.9,13.91,13.92,13.93,13.95,8600,8700,32500,59600,9200,7600,2500,5100,30500,5300,400,2300,300,6800,16200,6200,7100,25700,4700,56000
11318.0,13.85,18794900,256927384.0,13.85,13.83,13.82,13.81,13.8,13.79,13.78,13.77,13.76,13.75,13.86,13.87,13.88,13.89,13.9,13.91,13.92,13.93,13.95,13.96,2600,8000,8700,32500,59600,9200,7600,2500,5100,30500,2300,300,6800,16200,6200,7100,25700,4700,56000,1300
11319.0,13.85,18794900,256927384.0,13.85,13.83,13.82,13.81,13.8,13.79,13.78,13.77,13.76,13.75,13.86,13.87,13.88,13.89,13.9,13.91,13.92,13.93,13.95,13.96,2600,8300,8700,32500,59600,9200,7600,2500,5100,30500,2300,300,6800,16200,6200,7100,25700,4700,56000,1300
11320.0,13.85,18794900,256927384.0,13.85,13.83,13.82,13.81,13.8,13.79,13.78,13.77,13.76,13.75,13.86,13.87,13.88,13.89,13.9,13.91,13.92,13.93,13.95,13.96,2600,8300,8700,32500,60600,9200,7600,2500,5100,30500,2300,300,6800,16200,6200,7100,25700,4700,56000,1300
11321.0,13.85,18795500,256935698.0,13.85,13.83,13.82,13.81,13.8,13.79,13.78,13.77,13.76,13.75,13.86,13.87,13.88,13.89,13.9,13.91,13.92,13.93,13.95,13.96,2400,8300,8700,32500,60600,9200,7600,2500,5100,30500,1900,300,6800,16200,6200,7100,25700,4700,56000,1300
11322.0,13.85,18795500,256935698.0,13.85,13.83,13.82,13.81,13.8,13.79,13.78,13.77,13.76,13.75,13.86,13.87,13.88,13.89,13.9,13.91,13.92,13.93,13.95,13.96,2400,8500,8700,32500,60600,9200,7600,2500,5100,30500,1900,300,6800,16200,6200,7100,25700,4700,56000,1300
11323.0,13.85,18795500,256935698.0,13.85,13.83,13.82,13.81,13.8,13.79,13.78,13.77,13.76,13.75,13.86,13.87,13.88,13.89,13.9,13.91,13.92,13.93,13.95,13.96,2400,8500,8700,32500,60600,9200,7600,2500,5100,30500,1900,300,6800,16200,6200,7100,25700,4700,56000,1300
11324.0,13.85,18795700,256938468.0,13.85,13.83,13.82,13.81,13.8,13.79,13.78,13.77,13.76,13.75,13.86,13.87,13.88,13.89,13.9,13.91,13.92,13.93,13.95,13.96,2200,8500,8700,32500,60600,9200,7600,2500,5100,30500,1900,300,6800,16200,6200,7100,25700,4700,56000,1300
11325.0,13.86,18795800,256939854.0,13.85,13.83,13.82,13.81,13.8,13.79,13.78,13.77,13.76,13.75,13.86,13.87,13.88,13.89,13.9,13.91,13.92,13.93,13.95,13.96,2200,8500,8700,32500,60600,9200,7600,2500,5100,30500,1800,300,6800,16200,6200,7100,25700,4700,56000,1300
11326.0,13.85,18796000,256942624.0,13.85,13.83,13.82,13.81,13.8,13.79,13.78,13.77,13.76,13.75,13.86,13.87,13.88,13.89,13.9,13.91,13.92,13.93,13.95,13.96,2000,7500,8700,32500,60600,9200,7600,2500,5100,30500,1800,15300,6800,16200,6200,7100,25700,4700,56000,1300
11327.0,13.85,18796000,256942624.0,13.85,13.83,13.82,13.81,13.8,13.79,13.78,13.77,13.76,13.75,13.86,13.87,13.88,13.89,13.9,13.91,13.92,13.93,13.95,13.96,2000,7500,8700,32500,60600,6700,7600,2500,5100,30500,1800,15300,6800,16200,6200,7100,25700,4700,56000,1300
11328.0,13.85,18796000,256942624.0,13.85,13.83,13.82,13.81,13.8,13.79,13.78,13.77,13.76,13.75,13.86,13.87,13.88,13.89,13.9,13.91,13.92,13.93,13.95,13.96,2000,7500,8700,32500,60600,6700,7600,2500,5100,30500,1800,15300,6800,16200,6200,7100,25700,4700,56000,1300
11329.0,13.85,18796200,256945394.0,13.85,13.83,13.82,13.81,13.8,13.79,13.78,13.77,13.76,13.75,13.86,13.87,13.88,13.89,13.9,13.91,13.92,13.93,13.95,13.96,1800,7500,8700,32500,60600,6700,7600,2500,5100,30500,1800,15300,6800,16200,6200,7100,25700,4700,56000,1300
11330.0,13.85,18796200,256945394.0,13.85,13.83,13.82,13.81,13.8,13.79,13.78,13.77,13.76,13.75,13.86,13.87,13.88,13.89,13.9,13.91,13.92,13.93,13.95,13.96,1800,7500,8700,32500,60600,6700,7600,2500,5100,30500,1800,15300,6800,16200,6200,7100,25700,4700,56000,1300
11331.0,13.86,18798700,256980034.0,13.85,13.83,13.82,13.81,13.8,13.79,13.78,13.77,13.76,13.75,13.86,13.87,13.88,13.89,13.9,13.91,13.92,13.93,13.95,13.96,800,7500,8700,32500,60600,6700,7600,2500,5100,30500,1900,15300,6800,16200,6200,7100,25700,4700,56000,1300
11332.0,13.85,18799600,256992503.0,13.85,13.83,13.82,13.81,13.8,13.79,13.78,13.77,13.76,13.75,13.86,13.87,13.88,13.89,13.9,13.91,13.92,13.93,13.95,13.96,300,7500,8700,32500,60600,6700,7600,2500,5100,30500,1500,15300,6800,16200,6200,7100,25700,4700,56000,1300
11333.0,13.85,18799600,256992503.0,13.85,13.83,13.82,13.81,13.8,13.79,13.78,13.77,13.76,13.75,13.86,13.87,13.88,13.89,13.9,13.91,13.92,13.93,13.95,13.96,300,7500,8700,32500,60600,6700,7600,2500,5100,30500,1500,15300,6800,16200,6200,7100,25700,4700,56000,1300
11334.0,13.85,18799600,256992503.0,13.85,13.83,13.82,13.81,13.8,13.79,13.78,13.77,13.76,13.75,13.86,13.87,13.88,13.89,13.9,13.91,13.92,13.93,13.95,13.96,300,7500,8700,32500,60600,6700,7600,2500,5100,30500,1500,15300,6800,16200,6200,7100,25700,4700,56000,1300
11335.0,13.86,18801300,257016032.0,13.83,13.82,13.81,13.8,13.79,13.78,13.77,13.76,13.75,13.74,13.86,13.87,13.88,13.89,13.9,13.91,13.92,13.93,13.95,13.96,6500,8700,32500,60600,6700,7600,2500,5100,30500,5300,1100,15300,6800,16200,6200,7100,25700,4700,56000,1300
11336.0,13.86,18801300,257016032.0,13.83,13.82,13.81,13.8,13.79,13.78,13.77,13.76,13.75,13.74,13.86,13.87,13.88,13.89,13.9,13.91,13.92,13.93,13.95,13.96,6700,8700,32500,60600,6700,7600,2500,5100,30500,5300,1300,15300,6800,16200,6200,7100,25700,4700,56000,1300
11337.0,13.83,18801900,257024330.0,13.85,13.83,13.82,13.81,13.8,13.79,13.78,13.77,13.76,13.75,13.86,13.87,13.88,13.89,13.9,13.91,13.92,13.93,13.95,13.96,4600,6400,8700,32500,60600,6700,7600,2500,5100,30500,1600,15300,6800,16200,6200,7100,25700,4700,55600,1300
11338.0,13.83,18801900,257024330.0,13.85,13.83,13.82,13.81,13.8,13.79,13.78,13.77,13.76,13.75,13.86,13.87,13.88,13.89,13.9,13.91,13.92,13.93,13.95,13.96,5700,6400,8700,32500,60600,6700,7600,2500,5100,30500,1600,15300,6800,16200,6200,7100,25700,4700,55600,1300
11339.0,13.85,18802500,257032641.0,13.85,13.83,13.82,13.81,13.8,13.79,13.78,13.77,13.76,13.75,13.86,13.87,13.88,13.89,13.9,13.91,13.92,13.93,13.95,13.96,5200,6600,8700,32800,60600,6700,7600,2500,5100,30500,2100,15300,6800,16200,6200,7100,25700,4700,55600,1300
11340.0,13.85,18802500,257032641.0,13.85,13.83,13.82,13.81,13.8,13.79,13.78,13.77,13.76,13.75,13.86,13.87,13.88,13.89,13.9,13.91,13.92,13.93,13.95,13.96,6200,6600,8700,32800,60600,6700,7600,2500,5100,30500,2100,15300,6800,16200,6200,7100,25700,4700,55600,1300
11341.0,13.85,18802500,257032641.0,13.85,13.83,13.82,13.81,13.8,13.79,13.78,13.77,13.76,13.75,13.86,13.87,13.88,13.89,13.9,13.91,13.92,13.93,13.95,13.96,6200,6600,8700,32800,60600,6700,7600,2500,5100,30500,2100,15300,6800,16200,6200,7100,25700,4700,55600,1300
11342.0,13.85,18803100,257040951.0,13.85,13.84,13.83,13.82,13.81,13.8,13.79,13.78,13.77,13.76,13.86,13.87,13.88,13.89,13.9,13.91,13.92,13.93,13.95,13.96,5600,700,6600,8700,33600,60600,6700,7600,2500,5100,2100,15300,6800,16200,6600,7100,25700,4700,55600,1100
11343.0,13.86,18803500,257046495.0,13.85,13.84,13.83,13.82,13.81,13.8,13.79,13.78,13.77,13.76,13.86,13.87,13.88,13.89,13.9,13.91,13.92,13.93,13.95,13.96,4600,700,6600,8700,33600,60600,6700,7600,2500,5100,1700,15300,6800,16200,6600,7100,25700,4700,55600,1100
11344.0,13.86,18803500,257046495.0,13.85,13.84,13.83,13.82,13.81,13.8,13.79,13.78,13.77,13.76,13.86,13.87,13.88,13.89,13.9,13.91,13.92,13.93,13.95,13.96,4600,700,6600,8700,33600,60600,6700,7600,2500,5100,1700,15300,6800,16200,6600,7100,25700,4700,55600,1100
11345.0,13.86,18804900,257065895.0,13.85,13.84,13.83,13.82,13.81,13.8,13.79,13.78,13.77,13.76,13.86,13.87,13.88,13.89,13.9,13.91,13.92,13.93,13.95,13.96,4200,700,6600,8700,38200,60600,6700,7600,2500,5100,700,15300,6800,16200,6600,7100,25700,4700,55600,1100
11346.0,13.85,18809100,257124065.0,13.84,13.83,13.82,13.81,13.8,13.79,13.78,13.77,13.76,13.75,13.85,13.86,13.87,13.88,13.89,13.9,13.91,13.92,13.93,13.95,700,6600,8700,38200,60600,6700,7600,2500,5100,30500,10800,700,15300,6800,16200,6600,7100,25700,4700,55600
11347.0,13.85,18809100,257124065.0,13.84,13.83,13.82,13.81,13.8,13.79,13.78,13.77,13.76,13.75,13.85,13.86,13.87,13.88,13.89,13.9,13.91,13.92,13.93,13.95,700,6600,8700,38200,60600,6700,7600,2500,5100,30500,10800,700,15300,6800,16200,6600,7100,25700,4700,55600
11348.0,13.85,18809100,257124065.0,13.84,13.83,13.82,13.81,13.8,13.79,13.78,13.77,13.76,13.75,13.85,13.86,13.87,13.88,13.89,13.9,13.91,13.92,13.93,13.95,700,6600,8700,38200,60600,6700,7600,2500,5100,30500,10800,700,15300,6800,16200,6600,7100,25700,4700,55600
11349.0,13.85,18809100,257124065.0,13.84,13.83,13.82,13.81,13.8,13.79,13.78,13.77,13.76,13.75,13.85,13.86,13.87,13.88,13.89,13.9,13.91,13.92,13.93,13.95,700,16600,8700,38200,60600,6700,7600,2500,5100,30500,10800,700,15300,6800,16200,6600,7100,25700,4700,55600
11350.0,13.85,18809100,257124065.0,13.84,13.83,13.82,13.81,13.8,13.79,13.78,13.77,13.76,13.75,13.85,13.86,13.87,13.88,13.89,13.9,13.91,13.92,13.93,13.95,700,16600,8700,38200,62600,6700,7600,2500,5100,30500,10800,700,15300,6800,16200,6600,7100,25700,4700,55600
11351.0,13.85,18809100,257124065.0,13.84,13.83,13.82,13.81,13.8,13.79,13.78,13.77,13.76,13.75,13.85,13.86,13.87,13.88,13.89,13.9,13.91,13.92,13.93,13.95,700,16600,8700,38200,62600,6700,7600,2500,5100,30500,11300,700,15300,6800,16200,6600,7100,25700,4700,55600
11352.0,13.85,18809100,257124065.0,13.84,13.83,13.82,13.81,13.8,13.79,13.78,13.77,13.76,13.75,13.85,13.86,13.87,13.88,13.89,13.9,13.91,13.92,13.93,13.95,700,16600,8700,38200,62600,6700,7600,2500,5100,30500,12300,700,15300,6800,16200,6600,7100,25700,4700,55600
11353.0,13.85,18809800,257133760.0,13.84,13.83,13.82,13.81,13.8,13.79,13.78,13.77,13.76,13.75,13.85,13.86,13.87,13.88,13.89,13.9,13.91,13.92,13.93,13.95,700,16600,8700,38200,62600,6700,7600,2500,5100,30500,11600,700,15300,6800,16200,6600,7100,25700,4700,55600
11354.0,13.85,18809800,257133760.0,13.84,13.83,13.82,13.81,13.8,13.79,13.78,13.77,13.76,13.75,13.85,13.86,13.87,13.88,13.89,13.9,13.91,13.92,13.93,13.95,700,16600,8700,38200,62600,6700,7600,2500,5100,30500,11600,700,15300,6800,16200,6600,7100,25700,4700,55600
11355.0,13.85,18809800,257133760.0,13.84,13.83,13.82,13.81,13.8,13.79,13.78,13.77,13.76,13.75,13.85,13.86,13.87,13.88,13.89,13.9,13.91,13.92,13.93,13.95,700,16600,8700,38200,62600,6700,7600,2500,5100,30500,11600,700,15300,6800,16200,6600,7100,25700,4700,55600
11356.0,13.85,18809900,257135145.0,13.84,13.83,13.82,13.81,13.8,13.79,13.78,13.77,13.76,13.75,13.85,13.86,13.87,13.88,13.89,13.9,13.91,13.92,13.93,13.95,700,16600,8700,38200,62600,6700,7600,2500,5100,30500,11500,700,15300,6800,16200,6600,7100,25700,4700,55600
11357.0,13.85,18809900,257135145.0,13.84,13.83,13.82,13.81,13.8,13.79,13.78,13.77,13.76,13.75,13.85,13.86,13.87,13.88,13.89,13.9,13.91,13.92,13.93,13.95,700,16600,8700,38200,62600,6700,7600,2500,5100,30500,11500,700,15300,6800,16200,6600,7100,25700,4700,55600
11358.0,13.85,18809900,257135145.0,13.84,13.83,13.82,13.81,13.8,13.79,13.78,13.77,13.76,13.75,13.85,13.86,13.87,13.88,13.89,13.9,13.91,13.92,13.93,13.95,700,16600,8900,38200,62600,6700,7600,2500,5100,30500,11500,700,15300,6800,16200,6600,7100,25700,4700,55600
11359.0,13.85,18809900,257135145.0,13.84,13.83,13.82,13.81,13.8,13.79,13.78,13.77,13.76,13.75,13.85,13.86,13.87,13.88,13.89,13.9,13.91,13.92,13.93,13.95,700,16600,8900,38200,62600,6700,7600,2500,5100,30500,11500,700,15300,6800,16200,6600,7100,25700,4700,55600
11360.0,13.85,18810900,257148995.0,13.84,13.83,13.82,13.81,13.8,13.79,13.78,13.77,13.76,13.75,13.85,13.86,13.87,13.88,13.89,13.9,13.91,13.92,13.93,13.95,700,16600,8900,38200,62600,6700,7600,2500,5100,30500,10500,700,15300,6800,16200,6600,7100,25700,4700,55600
11361.0,13.85,18810900,257148995.0,13.84,13.83,13.82,13.81,13.8,13.79,13.78,13.77,13.76,13.75,13.85,13.86,13.87,13.88,13.89,13.9,13.91,13.92,13.93,13.95,700,16600,8900,38200,62600,6700,7600,2500,5100,30500,10500,700,15300,6800,16200,6600,7100,25700,4700,55600
11362.0,13.85,18810900,257148995.0,13.84,13.83,13.82,13.81,13.8,13.79,13.78,13.77,13.76,13.75,13.85,13.86,13.87,13.88,13.89,13.9,13.91,13.92,13.93,13.95,700,16600,8900,38200,62600,6700,7600,2500,5100,30500,10500,700,15300,6800,16200,6600,7100,25700,4700,55600
11363.0,13.85,18810900,257148995.0,13.84,13.83,13.82,13.81,13.8,13.79,13.78,13.77,13.76,13.75,13.85,13.86,13.87,13.88,13.89,13.9,13.91,13.92,13.93,13.95,700,16600,8900,38200,64400,6700,7600,2500,5100,30500,10500,700,15300,6800,16200,6600,7100,25700,4700,55600
11364.0,13.85,18810900,257148995.0,13.84,13.83,13.82,13.81,13.8,13.79,13.78,13.77,13.76,13.75,13.85,13.86,13.87,13.88,13.89,13.9,13.91,13.92,13.93,13.95,700,16600,8900,38200,64400,6700,7600,2500,5100,30500,10500,700,15300,6800,16200,6600,7100,25700,4700,55600
11365.0,13.84,18811000,257150379.0,13.84,13.83,13.82,13.81,13.8,13.79,13.78,13.77,13.76,13.75,13.85,13.86,13.87,13.88,13.89,13.9,13.91,13.92,13.93,13.95,600,16600,8900,38200,64400,6700,7600,2500,5100,30500,10500,700,15300,6800,16200,6600,7100,25700,4700,55600
11366.0,13.84,18811000,257150379.0,13.84,13.83,13.82,13.81,13.8,13.79,13.78,13.77,13.76,13.75,13.85,13.86,13.87,13.88,13.89,13.9,13.91,13.92,13.93,13.95,600,16600,8900,38200,64400,6700,7600,2500,5100,30500,10500,700,15300,6800,16200,6600,7100,25700,4700,55600
11367.0,13.85,18811700,257160074.0,13.84,13.83,13.82,13.81,13.8,13.79,13.78,13.77,13.76,13.75,13.85,13.86,13.87,13.88,13.89,13.9,13.91,13.92,13.93,13.95,600,16600,8900,38200,64400,6700,7600,2500,5100,30500,9800,700,15300,6800,16200,6600,7100,25700,4700,55100
11368.0,13.85,18811700,257160074.0,13.84,13.83,13.82,13.81,13.8,13.79,13.78,13.77,13.76,13.75,13.85,13.86,13.87,13.88,13.89,13.9,13.91,13.92,13.93,13.95,600,16600,8900,38200,64400,6700,7600,2500,5100,30500,9800,700,15300,6800,16200,6600,7100,25700,4700,55100
11369.0,13.85,18811900,257162844.0,13.84,13.83,13.82,13.81,13.8,13.79,13.78,13.77,13.76,13.75,13.85,13.86,13.87,13.88,13.89,13.9,13.91,13.92,13.93,13.95,600,16600,8900,38200,64400,6700,7600,2500,5100,30500,9600,700,15300,6800,16200,6600,7100,25700,4700,55100
11370.0,13.85,18811900,257162844.0,13.84,13.83,13.82,13.81,13.8,13.79,13.78,13.77,13.76,13.75,13.85,13.86,13.87,13.88,13.89,13.9,13.91,13.92,13.93,13.95,600,16600,8900,38200,64400,6700,7600,2500,5100,30500,9600,700,15300,6800,16200,6600,7100,25700,4700,55100
11371.0,13.85,18811900,257162844.0,13.84,13.83,13.82,13.81,13.8,13.79,13.78,13.77,13.76,13.75,13.85,13.86,13.87,13.88,13.89,13.9,13.91,13.92,13.93,13.95,600,16600,8900,38200,62400,6700,7600,2500,5100,30500,9600,700,15300,6800,16200,6600,7100,25700,4700,55100
11372.0,13.85,18811900,257162844.0,13.84,13.83,13.82,13.81,13.8,13.79,13.78,13.77,13.76,13.75,13.85,13.86,13.87,13.88,13.89,13.9,13.91,13.92,13.93,13.95,600,16600,8900,38200,62400,6700,7600,2500,5100,30500,11500,700,15300,6800,16200,6600,7100,25700,4700,55100
11373.0,13.84,18812000,257164228.0,13.84,13.83,13.82,13.81,13.8,13.79,13.78,13.77,13.76,13.75,13.85,13.86,13.87,13.88,13.89,13.9,13.91,13.92,13.93,13.95,500,16600,8900,38200,62400,6700,7600,2500,5100,30500,11500,700,15300,6800,16200,6600,7100,25700,4700,55100
11374.0,13.85,18812700,257173923.0,13.83,13.82,13.81,13.8,13.79,13.78,13.77,13.76,13.75,13.74,13.85,13.86,13.87,13.88,13.89,13.9,13.91,13.92,13.93,13.95,16600,8900,38200,62400,6700,7600,2500,5100,30500,5300,10800,700,15300,6800,16200,6600,7100,25700,4700,55100
11375.0,13.85,18813200,257180848.0,13.83,13.82,13.81,13.8,13.79,13.78,13.77,13.76,13.75,13.74,13.85,13.86,13.87,13.88,13.89,13.9,13.91,13.92,13.93,13.95,16700,8900,38200,62400,6700,7600,2500,5100,30500,5300,10400,700,15300,6800,16200,6600,7100,25700,4700,55100
11376.0,13.83,18815000,257205742.0,13.83,13.82,13.81,13.8,13.79,13.78,13.77,13.76,13.75,13.74,13.85,13.86,13.87,13.88,13.89,13.9,13.91,13.92,13.93,13.95,14900,8900,38200,62400,6700,7600,2500,5100,30500,5300,10400,700,15300,6800,16200,6600,7100,25700,4700,55100
11377.0,13.83,18815700,257215423.0,13.83,13.82,13.81,13.8,13.79,13.78,13.77,13.76,13.75,13.74,13.85,13.86,13.87,13.88,13.89,13.9,13.91,13.92,13.93,13.95,14300,8900,38200,62400,6700,7600,2500,5100,30500,5300,10500,700,15300,6800,16200,6600,7100,25700,4700,55100
11378.0,13.83,18815700,257215423.0,13.83,13.82,13.81,13.8,13.79,13.78,13.77,13.76,13.75,13.74,13.85,13.86,13.87,13.88,13.89,13.9,13.91,13.92,13.93,13.95,14300,9200,38200,62400,6700,7600,2500,5100,30500,5300,10500,700,15300,6800,16200,6600,7100,25700,4700,55100
11379.0,13.83,18815700,257215423.0,13.84,13.83,13.82,13.81,13.8,13.79,13.78,13.77,13.76,13.75,13.85,13.86,13.87,13.88,13.89,13.9,13.91,13.92,13.93,13.95,500,14300,9200,38200,62400,7700,7600,2500,5100,30500,10500,700,15300,6800,16200,6600,7100,25700,4700,55100
11380.0,13.83,18815700,257215423.0,13.84,13.83,13.82,13.81,13.8,13.79,13.78,13.77,13.76,13.75,13.85,13.86,13.87,13.88,13.89,13.9,13.91,13.92,13.93,13.95,500,14300,9200,38200,62400,7700,7600,2500,5100,30500,10500,700,16300,6800,16200,6600,7100,25700,4700,55100
11381.0,13.85,18816400,257225118.0,13.84,13.83,13.82,13.81,13.8,13.79,13.78,13.77,13.76,13.75,13.85,13.86,13.87,13.88,13.89,13.9,13.91,13.92,13.93,13.95,500,14300,9200,38200,62500,7700,7600,2500,5100,30500,9800,700,16300,6800,16200,6600,7100,25700,4700,55100
11382.0,13.85,18816900,257232043.0,13.84,13.83,13.82,13.81,13.8,13.79,13.78,13.77,13.76,13.75,13.85,13.86,13.87,13.88,13.89,13.9,13.91,13.92,13.93,13.95,500,14300,9200,38200,62500,7700,7600,2500,5100,30500,9300,700,16300,6800,16200,6600,7100,25700,4700,55100
11383.0,13.85,18816900,257232043.0,13.84,13.83,13.82,13.81,13.8,13.79,13.78,13.77,13.76,13.75,13.85,13.86,13.87,13.88,13.89,13.9,13.91,13.92,13.93,13.95,500,14300,9200,38200,62500,7700,7600,2500,5100,30500,9300,700,16300,6800,16200,6600,7100,25700,4700,55100
11384.0,13.84,18817200,257236195.0,13.84,13.83,13.82,13.81,13.8,13.79,13.78,13.77,13.76,13.75,13.85,13.86,13.87,13.88,13.89,13.9,13.91,13.92,13.93,13.95,200,14300,9200,38200,62500,7700,7600,2500,5100,30500,9300,700,16300,6800,16200,6600,7100,25700,4700,55100
11385.0,13.84,18817200,257236195.0,13.84,13.83,13.82,13.81,13.8,13.79,13.78,13.77,13.76,13.75,13.85,13.86,13.87,13.88,13.89,13.9,13.91,13.92,13.93,13.95,200,14300,9200,38200,62500,7700,7600,2500,5100,30500,9300,700,16300,6800,16200,6600,7100,25700,4700,55100
11386.0,13.84,18817200,257236195.0,13.84,13.83,13.82,13.81,13.8,13.79,13.78,13.77,13.76,13.75,13.85,13.86,13.87,13.88,13.89,13.9,13.91,13.92,13.93,13.95,200,14300,9200,38200,62500,7700,7600,2500,5100,30500,9300,700,16300,6800,16200,6600,7100,25700,4700,55100
11387.0,13.85,18817700,257243120.0,13.84,13.83,13.82,13.81,13.8,13.79,13.78,13.77,13.76,13.75,13.85,13.86,13.87,13.88,13.89,13.9,13.91,13.92,13.93,13.95,200,14300,9200,38200,62500,7700,7600,2500,5100,30500,8800,700,16300,6800,16200,6600,7100,25700,4700,55100
11388.0,13.85,18818400,257252815.0,13.84,13.83,13.82,13.81,13.8,13.79,13.78,13.77,13.76,13.75,13.85,13.86,13.87,13.88,13.89,13.9,13.91,13.92,13.93,13.95,200,14300,9200,38200,62500,7700,7600,2500,5100,30500,8100,700,16300,6800,16200,6600,7100,25700,4700,55100
11389.0,13.85,18818400,257252815.0,13.84,13.83,13.82,13.81,13.8,13.79,13.78,13.77,13.76,13.75,13.85,13.86,13.87,13.88,13.89,13.9,13.91,13.92,13.93,13.95,200,14300,9200,38200,62500,7700,7600,2500,5100,30500,8100,700,16300,6800,16200,6600,7100,25700,4700,55100
11390.0,13.85,18818400,257252815.0,13.84,13.83,13.82,13.81,13.8,13.79,13.78,13.77,13.76,13.75,13.85,13.86,13.87,13.88,13.89,13.9,13.91,13.92,13.93,13.95,200,14400,9200,38200,62500,7700,7600,2500,5100,30500,8100,700,16300,6800,16200,6600,7100,25700,4700,55100
11391.0,13.85,18818400,257252815.0,13.84,13.83,13.82,13.81,13.8,13.79,13.78,13.77,13.76,13.75,13.85,13.86,13.87,13.88,13.89,13.9,13.91,13.92,13.93,13.95,200,14400,9200,38200,62500,7700,7600,2500,5100,30500,8100,700,16300,6800,16200,6600,7100,25700,4700,55100
11392.0,13.84,18818600,257255583.0,13.83,13.82,13.81,13.8,13.79,13.78,13.77,13.76,13.75,13.74,13.84,13.85,13.86,13.87,13.88,13.89,13.9,13.91,13.92,13.93,14400,9200,38200,62500,7700,7600,2500,5100,30500,5300,9800,8100,700,16300,6800,16200,6600,7100,25700,4700
11393.0,13.84,18818600,257255583.0,13.83,13.82,13.81,13.8,13.79,13.78,13.77,13.76,13.75,13.74,13.84,13.85,13.86,13.87,13.88,13.89,13.9,13.91,13.92,13.93,14400,9200,38200,63200,7700,7600,2500,5100,30500,5300,9800,8100,700,16300,6800,16200,6600,7100,23600,4700
11394.0,13.83,18819300,257265264.0,13.83,13.82,13.81,13.8,13.79,13.78,13.77,13.76,13.75,13.74,13.84,13.85,13.86,13.87,13.88,13.89,13.9,13.91,13.92,13.93,13700,9200,38200,63200,7700,7600,2500,5100,30500,5300,9800,9500,700,16300,8600,16200,6600,7100,23600,4700
11395.0,13.84,18820000,257274952.0,13.83,13.82,13.81,13.8,13.79,13.78,13.77,13.76,13.75,13.74,13.84,13.85,13.86,13.87,13.88,13.89,13.9,13.91,13.92,13.93,13700,9200,38200,63200,7700,7600,2500,5100,30500,5300,9100,9500,700,16300,8600,16200,6600,7100,23600,4700
11396.0,13.84,18820000,257274952.0,13.83,13.82,13.81,13.8,13.79,13.78,13.77,13.76,13.75,13.74,13.84,13.85,13.86,13.87,13.88,13.89,13.9,13.91,13.92,13.93,13700,9200,38200,63200,7700,7600,2500,5100,30500,5300,9100,9500,700,16300,8600,16200,6600,7100,23600,4700
11397.0,13.83,18820700,257284633.0,13.83,13.82,13.81,13.8,13.79,13.78,13.77,13.76,13.75,13.74,13.84,13.85,13.86,13.87,13.88,13.89,13.9,13.91,13.92,13.93,13000,9200,38200,63200,7700,7600,2500,5100,30500,5300,9100,9500,700,16300,8600,16200,6600,7100,23600,4700
11398.0,13.84,18823200,257319219.0,13.83,13.82,13.81,13.8,13.79,13.78,13.77,13.76,13.75,13.74,13.84,13.85,13.86,13.87,13.88,13.89,13.9,13.91,13.92,13.93,11600,9200,38200,63200,7700,7600,2500,5100,30500,5300,8000,9500,700,16300,8600,16200,6600,7100,23600,4700
11399.0,13.83,18823900,257328900.0,13.83,13.82,13.81,13.8,13.79,13.78,13.77,13.76,13.75,13.74,13.84,13.85,13.86,13.87,13.88,13.89,13.9,13.91,13.92,13.93,10900,9200,38200,63200,7700,7600,2500,5100,30500,5300,8000,9500,700,16300,8600,16200,6600,7100,23600,4700
11400.0,13.83,18824700,257339964.0,13.83,13.82,13.81,13.8,13.79,13.78,13.77,13.76,13.75,13.74,13.84,13.85,13.86,13.87,13.88,13.89,13.9,13.91,13.92,13.93,10100,9200,38200,64900,7700,7600,2500,5100,30500,5300,8000,9500,700,16300,8600,16200,6600,7100,23600,4700
11401.0,13.84,18825400,257349652.0,13.83,13.82,13.81,13.8,13.79,13.78,13.77,13.76,13.75,13.74,13.84,13.85,13.86,13.87,13.88,13.89,13.9,13.91,13.92,13.93,10100,9200,38200,64900,7700,7600,2500,5100,30500,5300,7300,9500,700,16300,8600,16200,6600,7100,23600,4700
11402.0,13.84,18826600,257366253.0,13.83,13.82,13.81,13.8,13.79,13.78,13.77,13.76,13.75,13.74,13.84,13.85,13.86,13.87,13.88,13.89,13.9,13.91,13.92,13.93,9400,9200,38200,64900,7700,7600,2500,5100,30500,5300,6800,9500,700,16300,8600,16200,6600,7100,23600,4700
11403.0,13.84,18826600,257366253.0,13.83,13.82,13.81,13.8,13.79,13.78,13.77,13.76,13.75,13.74,13.84,13.85,13.86,13.87,13.88,13.89,13.9,13.91,13.92,13.93,9400,9200,38200,64900,7700,7600,2500,5100,30500,5300,6800,9500,700,16300,8600,16200,6600,7100,23600,4700
11404.0,13.84,18826600,257366253.0,13.83,13.82,13.81,13.8,13.79,13.78,13.77,13.76,13.75,13.74,13.84,13.85,13.86,13.87,13.88,13.89,13.9,13.91,13.92,13.93,9400,9200,38200,64900,7700,7600,2500,5100,30500,5300,6800,9800,700,16300,8600,16200,6600,7100,23600,4700
11405.0,13.83,18827300,257375934.0,13.83,13.82,13.81,13.8,13.79,13.78,13.77,13.76,13.75,13.74,13.84,13.85,13.86,13.87,13.88,13.89,13.9,13.91,13.92,13.93,8700,9200,38200,64900,7700,7600,2500,5100,30500,5300,6800,10300,700,16300,8600,16200,6600,7100,23600,4700
11406.0,13.84,18829900,257411918.0,13.83,13.82,13.81,13.8,13.79,13.78,13.77,13.76,13.75,13.74,13.84,13.85,13.86,13.87,13.88,13.89,13.9,13.91,13.92,13.93,8700,9200,38200,64900,7700,7600,2500,5100,30500,5300,4200,10300,700,16300,8600,16200,6600,7100,23600,4700
11407.0,13.84,18829900,257411918.0,13.83,13.82,13.81,13.8,13.79,13.78,13.77,13.76,13.75,13.74,13.84,13.85,13.86,13.87,13.88,13.89,13.9,13.91,13.92,13.93,8700,9200,38200,64900,7700,7600,2500,5100,30500,5300,4200,10300,700,16300,8600,16200,6600,7100,23600,4700
11408.0,13.83,18832400,257446497.0,13.83,13.82,13.81,13.8,13.79,13.78,13.77,13.76,13.75,13.74,13.84,13.85,13.86,13.87,13.88,13.89,13.9,13.91,13.92,13.93,6600,9200,38200,64900,7700,7600,2500,5100,30500,5300,3800,10300,700,16300,8600,16200,6600,7100,23600,4700
11409.0,13.83,18832400,257446497.0,13.83,13.82,13.81,13.8,13.79,13.78,13.77,13.76,13.75,13.74,13.84,13.85,13.86,13.87,13.88,13.89,13.9,13.91,13.92,13.93,6600,9200,38200,64900,7700,7600,2500,5100,30500,5300,3800,10300,700,16300,8600,16200,6600,7100,23600,4700
11410.0,13.83,18832400,257446497.0,13.83,13.82,13.81,13.8,13.79,13.78,13.77,13.76,13.75,13.74,13.84,13.85,13.86,13.87,13.88,13.89,13.9,13.91,13.92,13.93,6600,9200,38200,64900,7700,7600,2500,5100,30500,5300,3800,10300,700,16300,8600,16200,6600,7100,23600,4700
11411.0,13.83,18833000,257454795.0,13.83,13.82,13.81,13.8,13.79,13.78,13.77,13.76,13.75,13.74,13.84,13.85,13.86,13.87,13.88,13.89,13.9,13.91,13.92,13.93,6000,9200,38200,64900,7700,7600,2500,5100,30500,5300,8400,10400,700,16300,8600,16200,6600,7100,23600,4700
11412.0,13.84,18835300,257486627.0,13.83,13.82,13.81,13.8,13.79,13.78,13.77,13.76,13.75,13.74,13.84,13.85,13.86,13.87,13.88,13.89,13.9,13.91,13.92,13.93,6000,9200,38200,64900,7700,7600,2500,5100,30500,5300,6100,10400,700,16300,8600,16200,6600,7100,23600,4700
11413.0,13.83,18835900,257494925.0,13.83,13.82,13.81,13.8,13.79,13.78,13.77,13.76,13.75,13.74,13.84,13.85,13.86,13.87,13.88,13.89,13.9,13.91,13.92,13.93,5400,9200,38200,64900,7700,7600,2500,5100,30500,5300,6100,10400,700,16300,8600,16200,6600,7100,23600,4700
11414.0,13.83,18835900,257494925.0,13.83,13.82,13.81,13.8,13.79,13.78,13.77,13.76,13.75,13.74,13.84,13.85,13.86,13.87,13.88,13.89,13.9,13.91,13.92,13.93,5400,9200,38200,64900,7700,7600,2500,5100,30500,5300,6100,10400,700,16300,8600,16200,6600,7100,23600,4700
11415.0,13.83,18835900,257494925.0,13.83,13.82,13.81,13.8,13.79,13.78,13.77,13.76,13.75,13.74,13.84,13.85,13.86,13.87,13.88,13.89,13.9,13.91,13.92,13.93,5400,9200,38200,64900,7700,7600,2500,5100,30500,5300,6100,10400,700,16300,8600,16200,6600,7100,23600,4700
11416.0,13.84,18837200,257512912.0,13.83,13.82,13.81,13.8,13.79,13.78,13.77,13.76,13.75,13.74,13.84,13.85,13.86,13.87,13.88,13.89,13.9,13.91,13.92,13.93,4900,9200,38200,64900,7700,7600,2500,5100,30500,5300,5300,10400,700,16300,8600,16200,6600,7100,23600,4700
11417.0,13.84,18837600,257518448.0,13.83,13.82,13.81,13.8,13.79,13.78,13.77,13.76,13.75,13.74,13.84,13.85,13.86,13.87,13.88,13.89,13.9,13.91,13.92,13.93,4900,9200,38200,64900,7700,7600,2500,5100,30500,5300,4900,10400,700,16300,8600,16200,6600,7100,23600,4700
11418.0,13.84,18837700,257519832.0,13.83,13.82,13.81,13.8,13.79,13.78,13.77,13.76,13.75,13.74,13.84,13.85,13.86,13.87,13.88,13.89,13.9,13.91,13.92,13.93,4900,9200,38200,61900,7700,7600,2500,5100,30500,5300,4800,10400,700,16300,8600,16200,6600,7100,23600,4700
11419.0,13.83,18839000,257537811.0,13.83,13.82,13.81,13.8,13.79,13.78,13.77,13.76,13.75,13.74,13.84,13.85,13.86,13.87,13.88,13.89,13.9,13.91,13.92,13.93,3600,9200,38200,61900,7700,7600,2500,5100,30500,5300,4800,10400,700,16300,8600,16200,6600,7100,23600,4700
11420.0,13.83,18839000,257537811.0,13.83,13.82,13.81,13.8,13.79,13.78,13.77,13.76,13.75,13.74,13.84,13.85,13.86,13.87,13.88,13.89,13.9,13.91,13.92,13.93,3600,9200,38200,61900,7700,7600,2500,5100,30500,5300,4800,10400,700,16300,8600,16200,6600,7100,23600,4700
11421.0,13.83,18839000,257537811.0,13.83,13.82,13.81,13.8,13.79,13.78,13.77,13.76,13.75,13.74,13.84,13.85,13.86,13.87,13.88,13.89,13.9,13.91,13.92,13.93,3600,9200,38200,61900,7700,7600,2500,5100,30500,5300,4800,10400,700,16300,8600,16700,6100,7100,23600,4700
11422.0,13.83,18839300,257541960.0,13.83,13.82,13.81,13.8,13.79,13.78,13.77,13.76,13.75,13.74,13.84,13.85,13.86,13.87,13.88,13.89,13.9,13.91,13.92,13.93,3300,9200,38300,61900,7700,7600,2500,5100,30500,5300,6000,10400,700,16300,8600,16700,6100,7100,23600,4700
11423.0,13.84,18839900,257550264.0,13.83,13.82,13.81,13.8,13.79,13.78,13.77,13.76,13.75,13.74,13.84,13.85,13.86,13.87,13.88,13.89,13.9,13.91,13.92,13.93,3300,9200,38300,61900,7700,7600,2500,5100,30500,5300,5400,10400,700,16300,8600,16700,6100,7100,23600,4700
11424.0,13.84,18839900,257550264.0,13.83,13.82,13.81,13.8,13.79,13.78,13.77,13.76,13.75,13.74,13.84,13.85,13.86,13.87,13.88,13.89,13.9,13.91,13.92,13.93,3300,15400,38300,61700,7700,7600,2500,5100,30500,5300,5400,10400,700,16300,8600,16700,6100,7100,23600,4700
11425.0,13.83,18840200,257554413.0,13.83,13.82,13.81,13.8,13.79,13.78,13.77,13.76,13.75,13.74,13.84,13.85,13.86,13.87,13.88,13.89,13.9,13.91,13.92,13.93,3000,15600,38300,61700,7700,7600,2500,5100,30500,5300,5400,10400,700,16300,8600,16700,6100,7100,23600,4700
11426.0,13.83,18840200,257554413.0,13.83,13.82,13.81,13.8,13.79,13.78,13.77,13.76,13.75,13.74,13.84,13.85,13.86,13.87,13.88,13.89,13.9,13.91,13.92,13.93,3000,15600,38300,61700,7700,7600,2500,5100,30500,5300,5400,10400,700,16300,8600,16700,6100,7100,23600,4700
11427.0,13.83,18843200,257595903.0,13.82,13.81,13.8,13.79,13.78,13.77,13.76,13.75,13.74,13.73,13.83,13.84,13.85,13.86,13.87,13.88,13.89,13.9,13.91,13.92,15600,39100,61700,7700,7600,2500,5100,30500,5300,22100,600,5400,10400,700,16300,8600,16700,6100,7100,23600
11428.0,13.82,18843900,257605577.0,13.82,13.81,13.8,13.79,13.78,13.77,13.76,13.75,13.74,13.73,13.83,13.84,13.85,13.86,13.87,13.88,13.89,13.9,13.91,13.92,14900,39100,61700,7700,7600,2500,5100,30500,5300,22100,600,5400,10400,700,16300,8600,16700,6100,7100,23600
11429.0,13.82,18843900,257605577.0,13.82,13.81,13.8,13.79,13.78,13.77,13.76,13.75,13.74,13.73,13.83,13.84,13.85,13.86,13.87,13.88,13.89,13.9,13.91,13.92,14900,39100,62100,7700,7600,2500,5100,30500,5300,22100,12600,5400,10400,700,16300,8600,16700,6100,7100,23600
11430.0,13.83,18846900,257647053.0,13.82,13.81,13.8,13.79,13.78,13.77,13.76,13.75,13.74,13.73,13.83,13.84,13.85,13.86,13.87,13.88,13.89,13.9,13.91,13.92,13500,39100,62100,7700,7600,2500,5100,30500,5300,22100,11000,5400,10400,700,16300,8600,16700,6100,7100,23600
11431.0,13.82,18847600,257656727.0,13.82,13.81,13.8,13.79,13.78,13.77,13.76,13.75,13.74,13.73,13.83,13.84,13.85,13.86,13.87,13.88,13.89,13.9,13.91,13.92,12800,39100,62100,7700,7600,2500,5100,30500,5300,22100,11000,5400,10400,700,16300,8600,16700,6100,7100,23600
11432.0,13.82,18847600,257656727.0,13.82,13.81,13.8,13.79,13.78,13.77,13.76,13.75,13.74,13.73,13.83,13.84,13.85,13.86,13.87,13.88,13.89,13.9,13.91,13.92,12800,39100,62400,7700,7600,2500,5100,30500,5300,22100,11200,5500,10400,700,16300,8600,16700,6100,7100,23600
11433.0,13.83,18848000,257662259.0,13.82,13.81,13.8,13.79,13.78,13.77,13.76,13.75,13.74,13.73,13.83,13.84,13.85,13.86,13.87,13.88,13.89,13.9,13.91,13.92,12800,39100,62400,7700,7600,2500,5100,30500,5300,22100,10800,5500,10400,700,16300,8600,16700,6100,7100,23600
11434.0,13.82,18848700,257671933.0,13.82,13.81,13.8,13.79,13.78,13.77,13.76,13.75,13.74,13.73,13.83,13.84,13.85,13.86,13.87,13.88,13.89,13.9,13.91,13.92,12100,39100,62400,7700,7600,2500,5100,30500,5300,22100,10800,5500,10400,700,16300,8600,16700,6100,7100,23600
11435.0,13.82,18848700,257671933.0,13.82,13.81,13.8,13.79,13.78,13.77,13.76,13.75,13.74,13.73,13.83,13.84,13.85,13.86,13.87,13.88,13.89,13.9,13.91,13.92,12100,39100,62400,7700,7600,2500,5100,30500,5300,22100,10800,5500,10400,700,16300,8600,16700,6100,7100,23600
11436.0,13.82,18848700,257671933.0,13.82,13.81,13.8,13.79,13.78,13.77,13.76,13.75,13.74,13.73,13.83,13.84,13.85,13.86,13.87,13.88,13.89,13.9,13.91,13.92,12100,39100,62400,7700,7600,2500,5100,30500,5300,22100,10800,5500,10400,700,16300,8600,16700,6100,7100,23600
11437.0,13.83,18850100,257691288.0,13.82,13.81,13.8,13.79,13.78,13.77,13.76,13.75,13.74,13.73,13.83,13.84,13.85,13.86,13.87,13.88,13.89,13.9,13.91,13.92,11400,39100,62400,7700,7600,2500,5100,30500,5300,22100,10100,5500,10400,700,16300,8600,16700,6100,7100,23600
11438.0,13.83,18850100,257691288.0,13.82,13.81,13.8,13.79,13.78,13.77,13.76,13.75,13.74,13.73,13.83,13.84,13.85,13.86,13.87,13.88,13.89,13.9,13.91,13.92,11400,39100,62000,7700,7600,2500,5100,30500,5300,22100,10100,5500,10400,700,16300,8600,16700,6100,7100,23600
11439.0,13.83,18850400,257695437.0,13.82,13.81,13.8,13.79,13.78,13.77,13.76,13.75,13.74,13.73,13.83,13.84,13.85,13.86,13.87,13.88,13.89,13.9,13.91,13.92,11400,39100,62000,7700,7600,2500,5100,30500,5300,22100,9800,5500,10400,700,16300,8600,16700,6100,7100,23600
11440.0,13.82,18851100,257705111.0,13.82,13.81,13.8,13.79,13.78,13.77,13.76,13.75,13.74,13.73,13.83,13.84,13.85,13.86,13.87,13.88,13.89,13.9,13.91,13.92,9400,39100,62000,7700,7600,2500,5100,30500,5300,22100,9800,5500,10400,700,16300,8600,16700,6100,7100,23600
11441.0,13.82,18852500,257724459.0,13.82,13.81,13.8,13.79,13.78,13.77,13.76,13.75,13.74,13.73,13.83,13.84,13.85,13.86,13.87,13.88,13.89,13.9,13.91,13.92,8000,39100,62000,7700,7600,2500,5100,30500,5300,22100,9800,5500,10400,700,16300,8600,16700,6100,7100,23600
11442.0,13.82,18852500,257724459.0,13.82,13.81,13.8,13.79,13.78,13.77,13.76,13.75,13.74,13.73,13.83,13.84,13.85,13.86,13.87,13.88,13.89,13.9,13.91,13.92,8000,39100,62000,7700,7600,2500,5100,30500,5300,22100,9800,5500,10400,700,16300,8600,16700,6100,7100,23600
11443.0,13.82,18854100,257746578.0,13.82,13.81,13.8,13.79,13.78,13.77,13.76,13.75,13.74,13.73,13.83,13.84,13.85,13.86,13.87,13.88,13.89,13.9,13.91,13.92,7100,39100,62000,7700,7600,2500,5100,30500,5300,22100,9100,5500,10400,700,16300,8600,16700,6100,7100,23600
11444.0,13.82,18854100,257746578.0,13.82,13.81,13.8,13.79,13.78,13.77,13.76,13.75,13.74,13.73,13.83,13.84,13.85,13.86,13.87,13.88,13.89,13.9,13.91,13.92,7100,39100,62000,7700,7600,2500,5100,30500,5300,22100,9100,5500,10400,700,16300,8600,16700,6100,7100,23600
11445.0,13.83,18854800,257756259.0,13.82,13.81,13.8,13.79,13.78,13.77,13.76,13.75,13.74,13.73,13.83,13.84,13.85,13.86,13.87,13.88,13.89,13.9,13.91,13.92,7100,39100,62700,7700,7600,2500,5100,30500,5300,22100,8400,5500,10400,700,16300,8600,16700,6100,7100,23600
11446.0,13.83,18855500,257765940.0,13.82,13.81,13.8,13.79,13.78,13.77,13.76,13.75,13.74,13.73,13.83,13.84,13.85,13.86,13.87,13.88,13.89,13.9,13.91,13.92,7100,39100,63100,7700,7600,2500,5100,30500,5300,22100,7700,5500,10400,700,16300,8600,16700,6100,7100,23600
11447.0,13.82,18862600,257864062.0,13.81,13.8,13.79,13.78,13.77,13.76,13.75,13.74,13.73,13.72,13.82,13.83,13.84,13.85,13.86,13.87,13.88,13.89,13.9,13.91,39100,63100,7700,7600,2500,5100,30500,5300,22100,13600,4900,7700,5500,10400,700,16300,8600,16700,6100,7100
11448.0,13.82,18862600,257864062.0,13.81,13.8,13.79,13.78,13.77,13.76,13.75,13.74,13.73,13.72,13.82,13.83,13.84,13.85,13.86,13.87,13.88,13.89,13.9,13.91,39100,63100,7700,7600,2500,5100,30500,5300,22100,13600,4900,7700,5500,10400,700,16300,8600,16700,6100,7100
11449.0,13.82,18863000,257869590.0,13.81,13.8,13.79,13.78,13.77,13.76,13.75,13.74,13.73,13.72,13.82,13.83,13.84,13.85,13.86,13.87,13.88,13.89,13.9,13.91,39100,63100,7700,7600,2500,5100,30500,5300,22100,13600,4500,7700,5500,10400,700,16300,8600,16700,6100,7100
11450.0,13.82,18863000,257869590.0,13.81,13.8,13.79,13.78,13.77,13.76,13.75,13.74,13.73,13.72,13.82,13.83,13.84,13.85,13.86,13.87,13.88,13.89,13.9,13.91,39100,61000,7700,7600,2500,5100,30500,5300,22100,13600,4500,7700,5500,10400,700,16300,8600,16700,6100,7100
11451.0,13.82,18863000,257869590.0,13.81,13.8,13.79,13.78,13.77,13.76,13.75,13.74,13.73,13.72,13.82,13.83,13.84,13.85,13.86,13.87,13.88,13.89,13.9,13.91,39100,61000,7700,7600,2500,5100,30500,5300,22100,13600,4500,7700,4300,10400,700,16300,8600,16700,6100,7100
11452.0,13.82,18865200,257899980.0,13.81,13.8,13.79,13.78,13.77,13.76,13.75,13.74,13.73,13.72,13.82,13.83,13.84,13.85,13.86,13.87,13.88,13.89,13.9,13.91,37700,61000,7700,7600,2500,5100,30500,5300,22100,13600,3700,7700,4200,10400,700,16300,8600,16700,6100,7100
11453.0,13.82,18865900,257909654.0,13.81,13.8,13.79,13.78,13.77,13.76,13.75,13.74,13.73,13.72,13.82,13.83,13.84,13.85,13.86,13.87,13.88,13.89,13.9,13.91,37700,61000,7700,7600,2500,5100,30500,5300,22100,13600,3000,7700,4200,10400,700,16300,8600,16700,6100,7100
11454.0,13.82,18865900,257909654.0,13.81,13.8,13.79,13.78,13.77,13.76,13.75,13.74,13.73,13.72,13.82,13.83,13.84,13.85,13.86,13.87,13.88,13.89,13.9,13.91,37700,61000,7700,7600,2500,5100,30500,5300,22100,13600,3000,7700,4200,10400,700,16300,8600,16700,6100,7100
11455.0,13.82,18866200,257913800.0,13.81,13.8,13.79,13.78,13.77,13.76,13.75,13.74,13.73,13.72,13.82,13.83,13.84,13.85,13.86,13.87,13.88,13.89,13.9,13.91,37700,61000,7700,7600,2500,5100,30500,5300,22100,13600,2700,7700,4200,10400,700,16300,8600,16700,6100,7100
11456.0,13.82,18867200,257927620.0,13.81,13.8,13.79,13.78,13.77,13.76,13.75,13.74,13.73,13.72,13.82,13.83,13.84,13.85,13.86,13.87,13.88,13.89,13.9,13.91,37700,61000,7700,7600,2500,5100,30500,5300,22100,13600,1700,7700,4200,10400,700,16300,8600,16700,6100,7100
11457.0,13.82,18867200,257927620.0,13.81,13.8,13.79,13.78,13.77,13.76,13.75,13.74,13.73,13.72,13.82,13.83,13.84,13.85,13.86,13.87,13.88,13.89,13.9,13.91,37700,61000,7700,7600,2500,5100,30500,5300,22100,13600,1700,7700,4200,10400,700,16300,8600,16700,6100,7100
11458.0,13.81,18905000,258449639.0,13.8,13.79,13.78,13.77,13.76,13.75,13.74,13.73,13.72,13.71,13.81,13.82,13.83,13.84,13.85,13.86,13.87,13.88,13.89,13.9,61000,7700,7600,2500,5100,30500,5300,22100,13600,25700,4300,1600,7700,4200,10400,700,16300,8600,16700,6100
11459.0,13.81,18906400,258468973.0,13.8,13.79,13.78,13.77,13.76,13.75,13.74,13.73,13.72,13.71,13.81,13.82,13.83,13.84,13.85,13.86,13.87,13.88,13.89,13.9,60600,7700,7600,2500,5100,30500,5300,22100,13600,25700,2900,1600,9800,4200,10400,700,16300,8600,16700,6100
11460.0,13.81,18906900,258475878.0,13.8,13.79,13.78,13.77,13.76,13.75,13.74,13.73,13.72,13.71,13.81,13.82,13.83,13.84,13.85,13.86,13.87,13.88,13.89,13.9,60600,7700,7600,2500,5100,30500,5300,22100,13600,25700,2400,1600,9800,4200,10400,700,16300,8600,16700,6100
11461.0,13.81,18906900,258475878.0,13.8,13.79,13.78,13.77,13.76,13.75,13.74,13.73,13.72,13.71,13.81,13.82,13.83,13.84,13.85,13.86,13.87,13.88,13.89,13.9,60600,7700,7600,2500,5100,30500,5300,22100,13600,25700,6000,1600,9800,4200,10400,700,16300,8600,16700,6100
11462.0,13.81,18907500,258484164.0,13.8,13.79,13.78,13.77,13.76,13.75,13.74,13.73,13.72,13.71,13.81,13.82,13.83,13.84,13.85,13.86,13.87,13.88,13.89,13.9,60600,7700,7600,2500,5100,30500,5300,22100,13600,25700,5400,1600,9800,4200,10400,700,16300,8600,16700,6100
11463.0,13.8,18908900,258503484.0,13.8,13.79,13.78,13.77,13.76,13.75,13.74,13.73,13.72,13.71,13.81,13.82,13.83,13.84,13.85,13.86,13.87,13.88,13.89,13.9,59200,7700,7600,2500,5100,30500,5300,22100,13600,25700,5400,1600,9800,4200,10400,700,16300,8600,16700,5700
11464.0,13.8,18908900,258503484.0,13.8,13.79,13.78,13.77,13.76,13.75,13.74,13.73,13.72,13.71,13.81,13.82,13.83,13.84,13.85,13.86,13.87,13.88,13.89,13.9,59200,7700,7600,2500,5100,30500,5300,22100,13600,25700,5400,1600,9800,4200,10400,700,16300,8600,16700,5700
11465.0,13.8,18951400,259089989.0,13.8,13.79,13.78,13.77,13.76,13.75,13.74,13.73,13.72,13.71,13.81,13.82,13.83,13.84,13.85,13.86,13.87,13.88,13.89,13.9,17200,7700,7600,2500,5100,30500,5300,22100,13600,25700,4900,1600,9600,4200,12200,700,16300,8600,16700,5700
11466.0,13.81,18951800,259095513.0,13.8,13.79,13.78,13.77,13.76,13.75,13.74,13.73,13.72,13.71,13.81,13.82,13.83,13.84,13.85,13.86,13.87,13.88,13.89,13.9,17200,7700,7600,2500,5100,30500,5300,22100,13600,25700,4500,1600,9600,4200,12200,700,16300,8600,16700,5700
11467.0,13.81,18951800,259095513.0,13.8,13.79,13.78,13.77,13.76,13.75,13.74,13.73,13.72,13.71,13.81,13.82,13.83,13.84,13.85,13.86,13.87,13.88,13.89,13.9,17200,7700,7600,2500,5100,30500,5300,22100,13600,26100,4500,1600,9600,4200,12200,700,16300,8600,16700,5700
11468.0,13.81,18952200,259101037.0,13.8,13.79,13.78,13.77,13.76,13.75,13.74,13.73,13.72,13.71,13.81,13.82,13.83,13.84,13.85,13.86,13.87,13.88,13.89,13.9,18200,7700,7600,2500,5100,30500,5300,22100,13600,26100,4100,1600,9600,4200,12200,700,16300,8600,16700,5700
11469.0,13.8,18970900,259359097.0,13.79,13.78,13.77,13.76,13.75,13.74,13.73,13.72,13.71,13.7,13.8,13.81,13.82,13.83,13.84,13.85,13.86,13.87,13.88,13.89,7700,7600,2500,5100,30500,5300,22100,13600,26100,49300,21300,5100,1600,9600,4200,12200,700,16300,8600,16700
11470.0,13.8,18970900,259359097.0,13.79,13.78,13.77,13.76,13.75,13.74,13.73,13.72,13.71,13.7,13.8,13.81,13.82,13.83,13.84,13.85,13.86,13.87,13.88,13.89,7700,7600,2500,5100,30500,5300,22100,13600,26100,49300,21300,5100,1600,9600,4200,12200,700,16300,8600,16700
11471.0,13.8,18971600,259368757.0,13.79,13.78,13.77,13.76,13.75,13.74,13.73,13.72,13.71,13.7,13.8,13.81,13.82,13.83,13.84,13.85,13.86,13.87,13.88,13.89,7700,7600,2500,5100,30500,5300,22100,13600,26100,49300,20600,5100,1600,9600,4200,12200,700,16300,8600,16700
11472.0,13.8,18971600,259368757.0,13.79,13.78,13.77,13.76,13.75,13.74,13.73,13.72,13.71,13.7,13.8,13.81,13.82,13.83,13.84,13.85,13.86,13.87,13.88,13.89,7700,7600,2500,5100,30500,5300,22100,13600,26100,49300,20600,5100,1600,9600,4200,12200,700,16300,8600,16700
11473.0,13.8,18971600,259368757.0,13.79,13.78,13.77,13.76,13.75,13.74,13.73,13.72,13.71,13.7,13.8,13.81,13.82,13.83,13.84,13.85,13.86,13.87,13.88,13.89,7700,7600,2500,5100,30500,5300,22100,13600,26100,49900,20600,5100,1600,9600,4200,12200,700,16300,8600,16700
11474.0,13.8,18977800,259454303.0,13.79,13.78,13.77,13.76,13.75,13.74,13.73,13.72,13.71,13.7,13.8,13.81,13.82,13.83,13.84,13.85,13.86,13.87,13.88,13.89,6300,7600,2500,5100,30500,5300,22100,13600,26100,49900,15800,5100,1600,9600,4200,12200,700,16300,8600,16700
11475.0,13.8,18977900,259455683.0,13.79,13.78,13.77,13.76,13.75,13.74,13.73,13.72,13.71,13.7,13.8,13.81,13.82,13.83,13.84,13.85,13.86,13.87,13.88,13.89,6300,7600,2500,5100,30500,5300,22100,13600,26100,49900,15700,5100,1600,9600,4200,12200,700,16300,8600,16700
11476.0,13.8,18977900,259455683.0,13.79,13.78,13.77,13.76,13.75,13.74,13.73,13.72,13.71,13.7,13.8,13.81,13.82,13.83,13.84,13.85,13.86,13.87,13.88,13.89,6300,7600,2500,5100,30500,5300,22100,13600,26100,49900,15700,5100,1600,9600,4200,10300,700,16300,8600,16700
11477.0,13.8,18978600,259465343.0,13.79,13.78,13.77,13.76,13.75,13.74,13.73,13.72,13.71,13.7,13.8,13.81,13.82,13.83,13.84,13.85,13.86,13.87,13.88,13.89,6300,7600,3000,5100,30500,5300,22100,13600,26100,49900,15000,5100,1600,9600,4200,10300,700,16300,8600,16700
11478.0,13.8,18978600,259465343.0,13.79,13.78,13.77,13.76,13.75,13.74,13.73,13.72,13.71,13.7,13.8,13.81,13.82,13.83,13.84,13.85,13.86,13.87,13.88,13.89,6000,7600,3000,5100,30500,5300,22100,13600,26100,49900,15000,5100,1600,9600,4200,10300,700,16300,8600,16700
11479.0,13.8,18978600,259465343.0,13.79,13.78,13.77,13.76,13.75,13.74,13.73,13.72,13.71,13.7,13.8,13.81,13.82,13.83,13.84,13.85,13.86,13.87,13.88,13.89,6000,7600,3000,5100,30500,5300,22100,13600,26100,49900,15000,5100,1600,9600,4200,10300,700,16300,8600,16700
11480.0,13.79,18979700,259480519.0,13.79,13.78,13.77,13.76,13.75,13.74,13.73,13.72,13.71,13.7,13.8,13.81,13.82,13.83,13.84,13.85,13.86,13.87,13.88,13.89,5600,7600,3000,5100,30500,5300,22100,13600,26100,49900,14300,1500,1600,9600,4200,10300,700,16300,8600,16700
11481.0,13.79,18982700,259521915.0,13.79,13.78,13.77,13.76,13.75,13.74,13.73,13.72,13.71,13.7,13.8,13.81,13.82,13.83,13.84,13.85,13.86,13.87,13.88,13.89,5200,7600,3000,5100,30500,5300,22100,13600,26100,49900,11700,1500,1600,7500,4200,10300,700,16300,8600,16700
11482.0,13.79,18982700,259521915.0,13.79,13.78,13.77,13.76,13.75,13.74,13.73,13.72,13.71,13.7,13.8,13.81,13.82,13.83,13.84,13.85,13.86,13.87,13.88,13.89,5200,7600,3000,5100,30500,5300,22100,13600,26100,49900,11700,1500,1600,7500,4200,10300,700,16300,8600,16700
11483.0,13.8,18993000,259664055.0,13.79,13.78,13.77,13.76,13.75,13.74,13.73,13.72,13.71,13.7,13.8,13.81,13.82,13.83,13.84,13.85,13.86,13.87,13.88,13.89,5200,7600,3000,5100,30500,5300,22100,13600,26100,49900,1400,500,1600,7500,4200,10300,700,16300,8600,16700
11484.0,13.8,18993000,259664055.0,13.79,13.78,13.77,13.76,13.75,13.74,13.73,13.72,13.71,13.7,13.8,13.81,13.82,13.83,13.84,13.85,13.86,13.87,13.88,13.89,5200,7600,3000,5100,30500,5300,22100,13600,26100,49900,1400,500,1600,7500,4200,10300,700,16300,8600,16700
11485.0,13.79,18994000,259677845.0,13.79,13.78,13.77,13.76,13.75,13.74,13.73,13.72,13.71,13.7,13.8,13.81,13.82,13.83,13.84,13.85,13.86,13.87,13.88,13.89,4200,7600,3000,5100,30500,5300,22100,13600,26100,49900,1400,500,1600,7500,4200,10300,700,16300,8600,16700
11486.0,13.8,18994100,259679225.0,13.79,13.78,13.77,13.76,13.75,13.74,13.73,13.72,13.71,13.7,13.8,13.81,13.82,13.83,13.84,13.85,13.86,13.87,13.88,13.89,4200,7600,3000,5100,30500,5300,22100,13600,26100,49900,1300,500,1600,7500,4200,10300,700,16300,8600,16700
11487.0,13.8,18994100,259679225.0,13.79,13.78,13.77,13.76,13.75,13.74,13.73,13.72,13.71,13.7,13.8,13.81,13.82,13.83,13.84,13.85,13.86,13.87,13.88,13.89,4200,7400,3000,5100,30500,5300,22100,13600,26100,49900,1300,500,1600,7500,4200,10300,700,16300,8600,16700
11488.0,13.8,18994200,259680605.0,13.79,13.78,13.77,13.76,13.75,13.74,13.73,13.72,13.71,13.7,13.8,13.81,13.82,13.83,13.84,13.85,13.86,13.87,13.88,13.89,4200,7400,3000,5100,30500,5300,22100,13600,26100,49900,4300,500,1600,7500,4200,10300,700,16300,8600,16700
11489.0,13.79,18995100,259693020.0,13.79,13.78,13.77,13.76,13.75,13.74,13.73,13.72,13.71,13.7,13.8,13.81,13.82,13.83,13.84,13.85,13.86,13.87,13.88,13.89,3700,7400,3000,5100,30500,5300,22100,13600,26100,49900,3900,500,1600,7500,4200,10300,700,16300,8600,16700
11490.0,13.79,18995100,259693020.0,13.79,13.78,13.77,13.76,13.75,13.74,13.73,13.72,13.71,13.7,13.8,13.81,13.82,13.83,13.84,13.85,13.86,13.87,13.88,13.89,3700,7400,3000,5100,30500,5300,22100,13600,26100,49900,4400,500,1600,7500,4200,10300,700,16300,8600,16700
11491.0,13.79,18995100,259693020.0,13.79,13.78,13.77,13.76,13.75,13.74,13.73,13.72,13.71,13.7,13.8,13.81,13.82,13.83,13.84,13.85,13.86,13.87,13.88,13.89,3700,7400,3000,5100,30500,5300,22100,13600,26100,50400,4400,500,1600,7500,4200,10300,700,16300,8600,16700
11492.0,13.8,18996600,259713720.0,13.79,13.78,13.77,13.76,13.75,13.74,13.73,13.72,13.71,13.7,13.8,13.81,13.82,13.83,13.84,13.85,13.86,13.87,13.88,13.89,3700,7400,3000,5100,30500,5300,22100,13600,26100,50400,2900,500,1600,7500,4200,10300,700,16300,8600,16700
11493.0,13.79,18998000,259733030.0,13.79,13.78,13.77,13.76,13.75,13.74,13.73,13.72,13.71,13.7,13.8,13.81,13.82,13.83,13.84,13.85,13.86,13.87,13.88,13.89,2700,7400,3000,5100,31000,5300,22100,13600,26100,50400,2500,500,1600,7500,4200,10300,700,16300,8600,16700
11494.0,13.79,18999600,259755094.0,13.79,13.78,13.77,13.76,13.75,13.74,13.73,13.72,13.71,13.7,13.8,13.81,13.82,13.83,13.84,13.85,13.86,13.87,13.88,13.89,1100,7400,3000,5100,31000,5300,22100,13600,26100,50400,2500,500,1600,7500,4200,10300,700,16300,8600,16700
11495.0,13.79,18999600,259755094.0,13.79,13.78,13.77,13.76,13.75,13.74,13.73,13.72,13.71,13.7,13.8,13.81,13.82,13.83,13.84,13.85,13.86,13.87,13.88,13.89,1100,7400,3000,5100,31000,5300,22100,13600,26100,50400,2500,500,1600,7500,4200,10300,700,16300,8600,16700
11496.0,13.79,19000200,259763372.0,13.79,13.78,13.77,13.76,13.75,13.74,13.73,13.72,13.71,13.7,13.8,13.81,13.82,13.83,13.84,13.85,13.86,13.87,13.88,13.89,900,7400,3000,5100,31000,5300,22100,13600,26100,50400,2100,500,1600,7500,4200,10300,700,16300,8600,16700
11497.0,13.79,19001100,259775783.0,13.78,13.77,13.76,13.75,13.74,13.73,13.72,13.71,13.7,13.69,13.79,13.8,13.81,13.82,13.83,13.84,13.85,13.86,13.87,13.88,7400,3000,5100,31000,5300,22100,13600,26100,50400,300,2800,2600,500,1600,7500,4200,10300,700,16300,8600
11498.0,13.79,19004000,259815756.0,13.78,13.77,13.76,13.75,13.74,13.73,13.72,13.71,13.7,13.69,13.79,13.8,13.81,13.82,13.83,13.84,13.85,13.86,13.87,13.88,5600,3000,5100,31000,5300,22100,13600,26100,50400,300,2700,2600,500,1600,7500,4200,10300,700,16300,8600
11499.0,13.79,19004200,259818514.0,13.78,13.77,13.76,13.75,13.74,13.73,13.72,13.71,13.7,13.69,13.79,13.8,13.81,13.82,13.83,13.84,13.85,13.86,13.87,13.88,5600,3000,5100,31200,5300,22100,13600,26100,50400,300,8500,2600,500,1600,7500,4200,10300,700,16300,8600
11500.0,13.79,19004200,259818514.0,13.78,13.77,13.76,13.75,13.74,13.73,13.72,13.71,13.7,13.69,13.79,13.8,13.81,13.82,13.83,13.84,13.85,13.86,13.87,13.88,5600,3000,5100,31200,5300,22100,13600,26100,52400,300,9700,2600,500,1600,7500,4200,10300,700,16300,8600
11501.0,13.79,19004200,259818514.0,13.78,13.77,13.76,13.75,13.74,13.73,13.72,13.71,13.7,13.69,13.79,13.8,13.81,13.82,13.83,13.84,13.85,13.86,13.87,13.88,5600,3000,5500,31200,5300,22100,13600,26100,52400,300,40700,2600,500,1600,7500,4200,10300,700,16300,8600
11502.0,13.79,19005100,259830925.0,13.78,13.77,13.76,13.75,13.74,13.73,13.72,13.71,13.7,13.69,13.79,13.8,13.81,13.82,13.83,13.84,13.85,13.86,13.87,13.88,5600,3000,5500,31200,5300,22100,13600,26100,52400,300,39800,2600,500,1600,7500,4200,10300,700,16300,8600
11503.0,13.79,19005800,259840578.0,13.78,13.77,13.76,13.75,13.74,13.73,13.72,13.71,13.7,13.69,13.79,13.8,13.81,13.82,13.83,13.84,13.85,13.86,13.87,13.88,5600,3000,6200,31200,5300,22100,13600,26100,52400,300,39100,2600,500,1600,7500,4200,10300,700,16300,8600
11504.0,13.79,19005800,259840578.0,13.78,13.77,13.76,13.75,13.74,13.73,13.72,13.71,13.7,13.69,13.79,13.8,13.81,13.82,13.83,13.84,13.85,13.86,13.87,13.88,5600,3000,6200,31200,5300,22100,13600,26100,52400,300,39100,2600,500,1600,7500,4200,10300,700,16300,8600
11505.0,13.78,19012100,259927399.0,13.77,13.76,13.75,13.74,13.73,13.72,13.71,13.7,13.69,13.68,13.78,13.79,13.8,13.81,13.82,13.83,13.84,13.85,13.86,13.87,3000,6200,31200,5300,22100,13600,26100,52400,300,17000,5100,38400,2600,500,1600,7500,4200,10300,700,16300
11506.0,13.78,19012100,259927399.0,13.77,13.76,13.75,13.74,13.73,13.72,13.71,13.7,13.69,13.68,13.78,13.79,13.8,13.81,13.82,13.83,13.84,13.85,13.86,13.87,3000,6200,31200,5300,22100,13600,25800,52400,300,17000,5100,38400,4800,500,1600,7500,4200,10300,700,16300
11507.0,13.77,19012700,259935661.0,13.77,13.76,13.75,13.74,13.73,13.72,13.71,13.7,13.69,13.68,13.78,13.79,13.8,13.81,13.82,13.83,13.84,13.85,13.86,13.87,4300,6200,31200,5300,22100,13600,25800,52400,300,17000,7000,38400,4800,500,1600,7500,4200,10300,700,16300
11508.0,13.78,19013400,259945307.0,13.77,13.76,13.75,13.74,13.73,13.72,13.71,13.7,13.69,13.68,13.78,13.79,13.8,13.81,13.82,13.83,13.84,13.85,13.86,13.87,4300,6800,31200,5300,22100,13600,25800,52400,300,17000,6300,41400,4800,500,1600,7500,4200,10300,700,16300
11509.0,13.78,19013400,259945307.0,13.77,13.76,13.75,13.74,13.73,13.72,13.71,13.7,13.69,13.68,13.78,13.79,13.8,13.81,13.82,13.83,13.84,13.85,13.86,13.87,4300,6800,31200,5300,22100,13600,25800,52400,300,17000,6300,41400,4800,500,1600,7500,4200,10300,700,16300
11510.0,13.78,19014000,259953575.0,13.77,13.76,13.75,13.74,13.73,13.72,13.71,13.7,13.69,13.68,13.78,13.79,13.8,13.81,13.82,13.83,13.84,13.85,13.86,13.87,7200,6400,31200,5300,22100,13600,25800,52400,300,17000,9400,41400,4800,500,1600,7500,4200,10300,700,16300
11511.0,13.78,19014700,259963221.0,13.77,13.76,13.75,13.74,13.73,13.72,13.71,13.7,13.69,13.68,13.78,13.79,13.8,13.81,13.82,13.83,13.84,13.85,13.86,13.87,7400,6400,31200,5300,22100,13600,25800,52400,300,17000,8700,41400,4800,500,1600,7500,4200,10300,700,16300
11512.0,13.77,19015500,259974237.0,13.77,13.76,13.75,13.74,13.73,13.72,13.71,13.7,13.69,13.68,13.78,13.79,13.8,13.81,13.82,13.83,13.84,13.85,13.86,13.87,6600,6400,31200,5300,22100,13600,25800,52400,300,17000,8700,41400,5300,500,1600,7500,4200,10300,700,16300
11513.0,13.78,19022700,260073453.0,13.77,13.76,13.75,13.74,13.73,13.72,13.71,13.7,13.69,13.68,13.78,13.79,13.8,13.81,13.82,13.83,13.84,13.85,13.86,13.87,7700,6400,31200,5300,22100,13600,25800,52400,300,17000,2600,41400,5300,500,1600,7500,4200,10300,700,16300
11514.0,13.78,19022700,260073453.0,13.77,13.76,13.75,13.74,13.73,13.72,13.71,13.7,13.69,13.68,13.78,13.79,13.8,13.81,13.82,13.83,13.84,13.85,13.86,13.87,8500,6400,31200,5300,22100,13600,25800,52400,300,17000,3400,41400,5300,500,1600,7500,4200,10300,700,16300
11515.0,13.78,19024200,260094123.0,13.77,13.76,13.75,13.74,13.73,13.72,13.71,13.7,13.69,13.68,13.78,13.79,13.8,13.81,13.82,13.83,13.84,13.85,13.86,13.87,9600,6400,31200,5300,22100,13600,25800,52400,300,17000,3000,41400,5300,500,1600,7500,4200,10400,700,16300
11516.0,13.78,19024200,260094123.0,13.77,13.76,13.75,13.74,13.73,13.72,13.71,13.7,13.69,13.68,13.78,13.79,13.8,13.81,13.82,13.83,13.84,13.85,13.86,13.87,9600,6400,31200,5300,22100,13600,25800,52400,300,17000,3000,41400,5300,500,1600,7500,4200,10400,700,16300
11517.0,13.78,19024500,260098257.0,13.77,13.76,13.75,13.74,13.73,13.72,13.71,13.7,13.69,13.68,13.78,13.79,13.8,13.81,13.82,13.83,13.84,13.85,13.86,13.87,11500,6400,31200,5300,22100,13600,25800,52400,300,17000,4600,41400,4800,500,1600,7500,4200,10400,700,16300
11518.0,13.77,19026000,260118925.0,13.77,13.76,13.75,13.74,13.73,13.72,13.71,13.7,13.69,13.68,13.78,13.79,13.8,13.81,13.82,13.83,13.84,13.85,13.86,13.87,11300,6400,31200,5300,22100,13600,25800,52600,300,17000,4800,41400,4800,500,1600,7500,4200,10400,700,16300
11519.0,13.77,19026000,260118925.0,13.77,13.76,13.75,13.74,13.73,13.72,13.71,13.7,13.69,13.68,13.78,13.79,13.8,13.81,13.82,13.83,13.84,13.85,13.86,13.87,12100,6400,32000,5300,22600,13600,25400,52600,300,17000,6700,41400,4800,500,1600,7500,4200,10400,700,16300
11520.0,13.77,19026000,260118925.0,13.77,13.76,13.75,13.74,13.73,13.72,13.71,13.7,13.69,13.68,13.78,13.79,13.8,13.81,13.82,13.83,13.84,13.85,13.86,13.87,13200,6400,32000,5300,22600,13600,25400,52600,300,17000,7000,41500,4800,500,1600,7500,4200,10400,700,16300
11521.0,13.78,19036300,260260809.0,13.77,13.76,13.75,13.74,13.73,13.72,13.71,13.7,13.69,13.68,13.78,13.79,13.8,13.81,13.82,13.83,13.84,13.85,13.86,13.87,8200,6400,32000,5300,22600,13600,25400,52600,300,17000,2200,41500,4800,500,1600,7500,4200,10400,700,16300
11522.0,13.78,19036300,260260809.0,13.77,13.76,13.75,13.74,13.73,13.72,13.71,13.7,13.69,13.68,13.78,13.79,13.8,13.81,13.82,13.83,13.84,13.85,13.86,13.87,10200,6400,32000,5300,22600,13600,25400,52600,300,17000,4200,41500,4800,500,1600,7500,4200,10400,700,16300
11523.0,13.78,19036600,260264943.0,13.77,13.76,13.75,13.74,13.73,13.72,13.71,13.7,13.69,13.68,13.78,13.79,13.8,13.81,13.82,13.83,13.84,13.85,13.86,13.87,10200,6400,32000,5300,22600,13600,25400,52600,300,17000,3900,42700,4800,500,1600,7500,4200,10400,700,16300
11524.0,13.78,19037200,260273211.0,13.77,13.76,13.75,13.74,13.73,13.72,13.71,13.7,13.69,13.68,13.78,13.79,13.8,13.81,13.82,13.83,13.84,13.85,13.86,13.87,11900,6400,32000,5300,22600,13600,25400,52600,300,17000,5000,42700,4800,500,1600,7500,4200,10400,700,16300
11525.0,13.78,19038200,260286991.0,13.77,13.76,13.75,13.74,13.73,13.72,13.71,13.7,13.69,13.68,13.78,13.79,13.8,13.81,13.82,13.83,13.84,13.85,13.86,13.87,11900,6400,32000,5300,22600,13600,25400,52600,300,17000,4000,42700,4800,500,1600,7500,4200,10400,700,16300
11526.0,13.78,19038200,260286991.0,13.77,13.76,13.75,13.74,13.73,13.72,13.71,13.7,13.69,13.68,13.78,13.79,13.8,13.81,13.82,13.83,13.84,13.85,13.86,13.87,11900,6400,32000,5300,22600,13600,25400,52600,300,17000,5600,42700,4800,500,1600,7600,4200,10400,700,16300
11527.0,13.77,19040600,260320044.0,13.77,13.76,13.75,13.74,13.73,13.72,13.71,13.7,13.69,13.68,13.78,13.79,13.8,13.81,13.82,13.83,13.84,13.85,13.86,13.87,10800,6400,32000,5300,22600,13600,25400,52600,300,17000,5900,42700,4800,500,1600,7600,4200,10400,700,16300
11528.0,13.77,19040600,260320044.0,13.77,13.76,13.75,13.74,13.73,13.72,13.71,13.7,13.69,13.68,13.78,13.79,13.8,13.81,13.82,13.83,13.84,13.85,13.86,13.87,10800,6400,32000,5300,22600,13600,25400,52600,300,17000,5900,42700,4800,1500,1600,7600,4200,10400,700,16300
11529.0,13.77,19040600,260320044.0,13.77,13.76,13.75,13.74,13.73,13.72,13.71,13.7,13.69,13.68,13.78,13.79,13.8,13.81,13.82,13.83,13.84,13.85,13.86,13.87,11400,6900,32000,5300,22600,13600,25400,52600,300,17000,7200,42700,4800,1500,1600,7600,4200,10400,700,16300
11530.0,13.78,19042700,260348982.0,13.77,13.76,13.75,13.74,13.73,13.72,13.71,13.7,13.69,13.68,13.78,13.79,13.8,13.81,13.82,13.83,13.84,13.85,13.86,13.87,11400,6900,32000,5300,22600,13600,25400,52600,300,17000,5400,42700,4800,1500,1600,7600,4200,10400,700,16300
11531.0,13.77,19043800,260364134.0,13.77,13.76,13.75,13.74,13.73,13.72,13.71,13.7,13.69,13.68,13.78,13.79,13.8,13.81,13.82,13.83,13.84,13.85,13.86,13.87,10800,6900,31500,6800,22600,13600,25400,52600,300,17000,4900,39700,4800,1500,1600,7600,4200,10400,700,16300
11532.0,13.78,19045200,260383426.0,13.77,13.76,13.75,13.74,13.73,13.72,13.71,13.7,13.69,13.68,13.78,13.79,13.8,13.81,13.82,13.83,13.84,13.85,13.86,13.87,11400,6900,31500,6800,22100,13600,25400,52600,300,17000,6100,39700,4300,1500,1600,7600,4200,10400,700,16300
11533.0,13.77,19047800,260419234.0,13.77,13.76,13.75,13.74,13.73,13.72,13.71,13.7,13.69,13.68,13.78,13.79,13.8,13.81,13.82,13.83,13.84,13.85,13.86,13.87,9400,6900,31500,6800,22100,13600,25400,52600,300,17000,5500,39700,4300,1500,1600,7600,4200,10400,700,16300
11534.0,13.77,19047800,260419234.0,13.77,13.76,13.75,13.74,13.73,13.72,13.71,13.7,13.69,13.68,13.78,13.79,13.8,13.81,13.82,13.83,13.84,13.85,13.86,13.87,10000,7400,31500,6800,21600,13600,25400,52600,300,17000,6100,39700,3800,1500,1600,7600,4200,10400,700,16300
11535.0,13.77,19047800,260419234.0,13.77,13.76,13.75,13.74,13.73,13.72,13.71,13.7,13.69,13.68,13.78,13.79,13.8,13.81,13.82,13.83,13.84,13.85,13.86,13.87,10000,7400,31500,6800,21600,13600,25400,52600,300,17000,6100,39700,3800,1500,1600,7600,4200,10400,700,16300
11536.0,13.78,19048400,260427502.0,13.77,13.76,13.75,13.74,13.73,13.72,13.71,13.7,13.69,13.68,13.78,13.79,13.8,13.81,13.82,13.83,13.84,13.85,13.86,13.87,10000,7400,31500,6800,21600,13600,25400,52600,300,17000,5500,39700,3800,1500,1600,7600,4200,10400,700,16300
11537.0,13.78,19048400,260427502.0,13.77,13.76,13.75,13.74,13.73,13.72,13.71,13.7,13.69,13.68,13.78,13.79,13.8,13.81,13.82,13.83,13.84,13.85,13.86,13.87,10400,14500,31500,6800,21600,13600,25400,52600,300,17000,5900,39700,3800,1500,1600,7600,4200,10400,700,16300
11538.0,13.78,19048400,260427502.0,13.77,13.76,13.75,13.74,13.73,13.72,13.71,13.7,13.69,13.68,13.78,13.79,13.8,13.81,13.82,13.83,13.84,13.85,13.86,13.87,10400,14500,31500,6800,21600,13600,25400,52600,300,17000,5900,39700,3800,1500,1600,7600,4200,10400,700,16300
11539.0,13.78,19049400,260441282.0,13.77,13.76,13.75,13.74,13.73,13.72,13.71,13.7,13.69,13.68,13.78,13.79,13.8,13.81,13.82,13.83,13.84,13.85,13.86,13.87,10700,14500,32500,6800,21600,14100,25400,52600,300,17000,5200,39700,3800,1500,1600,7600,4200,10400,700,16300
11540.0,13.78,19049400,260441282.0,13.77,13.76,13.75,13.74,13.73,13.72,13.71,13.7,13.69,13.68,13.78,13.79,13.8,13.81,13.82,13.83,13.84,13.85,13.86,13.87,10700,14500,32500,6800,21600,14100,25400,52600,300,17000,5200,39700,3800,1500,1600,7600,4200,10400,700,16300
11541.0,13.78,19050400,260455062.0,13.77,13.76,13.75,13.74,13.73,13.72,13.71,13.7,13.69,13.68,13.78,13.79,13.8,13.81,13.82,13.83,13.84,13.85,13.86,13.87,11000,14500,32500,6800,21600,14100,25400,52600,300,17000,4500,40100,3800,1500,1600,7600,4200,10400,700,16300
11542.0,13.77,19051800,260474344.0,13.77,13.76,13.75,13.74,13.73,13.72,13.71,13.7,13.69,13.68,13.78,13.79,13.8,13.81,13.82,13.83,13.84,13.85,13.86,13.87,10000,14500,32500,6800,21600,14100,25400,52600,300,17000,4100,40100,3800,1500,1600,7600,4200,10400,700,16300
11543.0,13.77,19051800,260474344.0,13.77,13.76,13.75,13.74,13.73,13.72,13.71,13.7,13.69,13.68,13.78,13.79,13.8,13.81,13.82,13.83,13.84,13.85,13.86,13.87,12500,14500,32500,7200,21600,14100,25400,53700,300,17000,4100,40100,3800,1500,1600,7600,4200,10400,700,16300
11544.0,13.77,19056600,260540441.0,13.77,13.76,13.75,13.74,13.73,13.72,13.71,13.7,13.69,13.68,13.78,13.79,13.8,13.81,13.82,13.83,13.84,13.85,13.86,13.87,8200,14500,32500,7200,21600,14100,25400,53700,300,17000,4400,40100,3800,1500,1600,7600,4200,10400,700,16300
11545.0,13.78,19057000,260545953.0,13.77,13.76,13.75,13.74,13.73,13.72,13.71,13.7,13.69,13.68,13.78,13.79,13.8,13.81,13.82,13.83,13.84,13.85,13.86,13.87,8200,14500,32500,7200,21600,14100,25400,53700,300,17000,4000,40100,3800,1500,1600,7600,4200,10400,700,16300
11546.0,13.77,19060600,260595537.0,13.77,13.76,13.75,13.74,13.73,13.72,13.71,13.7,13.69,13.68,13.78,13.79,13.8,13.81,13.82,13.83,13.84,13.85,13.86,13.87,6100,14500,32500,7200,21600,14100,25400,53700,300,17000,3300,40100,3800,1500,1600,7600,4200,10400,700,16300
11547.0,13.77,19060600,260595537.0,13.77,13.76,13.75,13.74,13.73,13.72,13.71,13.7,13.69,13.68,13.78,13.79,13.8,13.81,13.82,13.83,13.84,13.85,13.86,13.87,6100,14500,32500,7200,21600,14100,25400,53700,300,17000,3300,40100,3800,1500,1600,7600,4200,10400,700,16300
11548.0,13.77,19062000,260614819.0,13.77,13.76,13.75,13.74,13.73,13.72,13.71,13.7,13.69,13.68,13.78,13.79,13.8,13.81,13.82,13.83,13.84,13.85,13.86,13.87,5100,14500,32500,7200,21600,14100,25400,53700,300,17000,2900,40100,3800,1500,1600,7600,4200,10400,700,16300
11549.0,13.77,19062000,260614819.0,13.77,13.76,13.75,13.74,13.73,13.72,13.71,13.7,13.69,13.68,13.78,13.79,13.8,13.81,13.82,13.83,13.84,13.85,13.86,13.87,5500,14500,32500,7200,21600,14100,25400,53700,300,17000,3300,40100,3800,1500,1600,7600,4200,10400,700,16300
11550.0,13.77,19062000,260614819.0,13.77,13.76,13.75,13.74,13.73,13.72,13.71,13.7,13.69,13.68,13.78,13.79,13.8,13.81,13.82,13.83,13.84,13.85,13.86,13.87,5500,15500,32500,7200,21600,14100,25400,53700,300,17000,3300,40100,3800,1500,1600,7600,4200,10400,700,16300
11551.0,13.78,19062300,260618953.0,13.77,13.76,13.75,13.74,13.73,13.72,13.71,13.7,13.69,13.68,13.78,13.79,13.8,13.81,13.82,13.83,13.84,13.85,13.86,13.87,5900,15700,33100,7200,21600,14100,25400,53700,300,17000,3400,40100,3800,1500,1600,7600,4200,10400,700,16300
11552.0,13.78,19062900,260627221.0,13.77,13.76,13.75,13.74,13.73,13.72,13.71,13.7,13.69,13.68,13.78,13.79,13.8,13.81,13.82,13.83,13.84,13.85,13.86,13.87,5900,15700,33100,7200,21600,14100,25400,53700,300,17000,2800,40100,3800,1500,1600,7600,4200,9900,700,16300
11553.0,13.76,19084700,260927252.0,13.75,13.74,13.73,13.72,13.71,13.7,13.69,13.68,13.67,13.66,13.76,13.78,13.79,13.8,13.81,13.82,13.83,13.84,13.85,13.86,32300,7200,21600,14100,25400,53700,300,17000,19100,29600,8400,3000,40100,3800,1500,1600,7600,4200,9900,700
11554.0,13.76,19087600,260967156.0,13.75,13.74,13.73,13.72,13.71,13.7,13.69,13.68,13.67,13.66,13.76,13.78,13.79,13.8,13.81,13.82,13.83,13.84,13.85,13.86,32300,7200,21600,14100,25400,53700,300,17000,19100,29600,6000,3000,40100,3800,1500,1600,7600,4200,9900,700
11555.0,13.76,19087600,260967156.0,13.75,13.74,13.73,13.72,13.71,13.7,13.69,13.68,13.67,13.66,13.76,13.78,13.79,13.8,13.81,13.82,13.83,13.84,13.85,13.86,34100,7200,20400,14100,25400,53700,300,17000,19100,29600,7800,3000,40100,3800,1500,1600,7600,4200,9900,700
11556.0,13.76,19088100,260974036.0,13.75,13.74,13.73,13.72,13.71,13.7,13.69,13.68,13.67,13.66,13.76,13.78,13.79,13.8,13.81,13.82,13.83,13.84,13.85,13.86,34500,7200,20400,14100,25400,53700,300,17000,19100,29600,7700,3000,40100,3800,1500,1600,7600,4200,9900,700
11557.0,13.76,19095800,261079988.0,13.76,13.75,13.74,13.73,13.72,13.71,13.7,13.69,13.68,13.67,13.78,13.79,13.8,13.81,13.82,13.83,13.84,13.85,13.86,13.87,8500,34500,7200,20400,14100,25400,53700,300,17000,19100,3000,40100,3800,1500,1600,7600,4200,9900,700,16300
11558.0,13.76,19095900,261081364.0,13.76,13.75,13.74,13.73,13.72,13.71,13.7,13.69,13.68,13.67,13.78,13.79,13.8,13.81,13.82,13.83,13.84,13.85,13.86,13.87,9600,34500,7200,20400,14100,25400,54300,300,17000,19700,4200,40100,3800,1500,1600,7600,4200,9900,700,16300
11559.0,13.76,19096100,261084116.0,13.76,13.75,13.74,13.73,13.72,13.71,13.7,13.69,13.68,13.67,13.78,13.79,13.8,13.81,13.82,13.83,13.84,13.85,13.86,13.87,9400,34500,5200,20400,14100,25400,54300,300,17000,19700,5400,37100,3800,1500,1600,8400,4200,9900,700,16100
11560.0,13.78,19097100,261097896.0,13.76,13.75,13.74,13.73,13.72,13.71,13.7,13.69,13.68,13.67,13.78,13.79,13.8,13.81,13.82,13.83,13.84,13.85,13.86,13.87,11500,34500,5200,20400,14100,25400,54300,300,17000,21100,5100,37100,3800,1500,1600,8400,4200,9900,700,16100
11561.0,13.78,19097100,261097896.0,13.76,13.75,13.74,13.73,13.72,13.71,13.7,13.69,13.68,13.67,13.78,13.79,13.8,13.81,13.82,13.83,13.84,13.85,13.86,13.87,12000,34500,5200,20400,14100,25400,54300,300,18200,21100,5600,37100,3800,1500,1600,8400,4200,9900,700,16100
11562.0,13.75,19113800,261327653.0,13.75,13.74,13.73,13.72,13.71,13.7,13.69,13.68,13.67,13.66,13.78,13.79,13.8,13.81,13.82,13.83,13.84,13.85,13.86,13.87,31000,5200,20400,14100,25400,54300,300,18200,21100,29600,6800,37100,3800,1500,1600,8400,4200,9900,700,16100
11563.0,13.78,19114400,261335921.0,13.75,13.74,13.73,13.72,13.71,13.7,13.69,13.68,13.67,13.66,13.78,13.79,13.8,13.81,13.82,13.83,13.84,13.85,13.86,13.87,32300,5200,20400,14100,25400,54300,300,18200,21100,29600,7500,37100,3800,1500,1600,8400,4200,9900,700,16100
11564.0,13.75,19119000,261399217.0,13.75,13.74,13.73,13.72,13.71,13.7,13.69,13.68,13.67,13.66,13.78,13.79,13.8,13.81,13.82,13.83,13.84,13.85,13.86,13.87,29500,5200,20400,14100,25400,54300,300,18200,21100,29600,7400,37100,3800,1500,1600,8400,4200,11400,700,16100
11565.0,13.75,19119000,261399217.0,13.75,13.74,13.73,13.72,13.71,13.7,13.69,13.68,13.67,13.66,13.78,13.79,13.8,13.81,13.82,13.83,13.84,13.85,13.86,13.87,31600,5200,20400,14100,25400,54300,300,18200,21100,29600,8200,37100,3800,1500,1600,8400,4200,11400,700,16100
11566.0,13.75,19126300,261499631.0,13.75,13.74,13.73,13.72,13.71,13.7,13.69,13.68,13.67,13.66,13.78,13.79,13.8,13.81,13.82,13.83,13.84,13.85,13.86,13.87,26200,5200,20400,14100,25400,54300,300,18200,21100,29600,8500,37100,3800,1500,1600,8400,4200,11400,700,16100
11567.0,13.78,19127000,261509277.0,13.75,13.74,13.73,13.72,13.71,13.7,13.69,13.68,13.67,13.66,13.78,13.79,13.8,13.81,13.82,13.83,13.84,13.85,13.86,13.87,27700,5200,20400,14100,25400,54300,300,18200,21100,29600,9300,37100,3800,1500,1600,8400,4200,11400,700,16100
11568.0,13.75,19136900,261645402.0,13.75,13.74,13.73,13.72,13.71,13.7,13.69,13.68,13.67,13.66,13.78,13.79,13.8,13.81,13.82,13.83,13.84,13.85,13.86,13.87,19300,5200,20400,14100,25400,54300,300,18200,21100,29600,10800,37100,3800,1500,1600,8400,4200,11400,700,16100
11569.0,13.78,19137600,261655048.0,13.75,13.74,13.73,13.72,13.71,13.7,13.69,13.68,13.67,13.66,13.78,13.79,13.8,13.81,13.82,13.83,13.84,13.85,13.86,13.87,19300,5200,20400,13600,25400,54300,300,18200,21100,29600,10100,37100,3800,1500,1600,8400,4200,11400,700,16100
11570.0,13.78,19137600,261655048.0,13.75,13.74,13.73,13.72,13.71,13.7,13.69,13.68,13.67,13.66,13.78,13.79,13.8,13.81,13.82,13.83,13.84,13.85,13.86,13.87,20900,5200,20400,13600,25400,54300,300,18200,21100,29600,12700,36700,3800,1500,1600,8400,4200,11400,700,16100
11571.0,13.78,19137600,261655048.0,13.75,13.74,13.73,13.72,13.71,13.7,13.69,13.68,13.67,13.66,13.76,13.78,13.79,13.8,13.81,13.82,13.83,13.84,13.85,13.86,22500,5200,20400,13600,25400,54300,300,18200,21100,29600,400,13300,36700,3800,1500,1600,8400,4200,11400,700
11572.0,13.78,19137600,261655048.0,13.75,13.74,13.73,13.72,13.71,13.7,13.69,13.68,13.67,13.66,13.76,13.78,13.79,13.8,13.81,13.82,13.83,13.84,13.85,13.86,22500,5200,20400,13600,25400,54300,300,18200,21100,29600,400,13300,36700,3800,1500,1600,8400,4200,11400,700
11573.0,13.75,19137700,261656423.0,13.75,13.74,13.73,13.72,13.71,13.7,13.69,13.68,13.67,13.66,13.76,13.78,13.79,13.8,13.81,13.82,13.83,13.84,13.85,13.86,22400,5200,20400,13600,25400,54300,300,18200,21100,29600,400,13300,36700,3800,1500,1600,8400,4200,11400,700
11574.0,13.75,19158200,261938298.0,13.75,13.74,13.73,13.72,13.71,13.7,13.69,13.68,13.67,13.66,13.76,13.78,13.79,13.8,13.81,13.82,13.83,13.84,13.85,13.86,1900,5200,20400,13600,25400,54300,300,18200,21100,29600,400,13300,36700,3800,1500,1600,8400,4200,11400,700
11575.0,13.75,19158200,261938298.0,13.75,13.74,13.73,13.72,13.71,13.7,13.69,13.68,13.67,13.66,13.76,13.78,13.79,13.8,13.81,13.82,13.83,13.84,13.85,13.86,1900,5200,20400,13600,23400,54500,300,18200,21100,29600,400,13300,36700,3800,1500,1600,8400,4200,11400,700
11576.0,13.74,19160200,261965797.0,13.74,13.73,13.72,13.71,13.7,13.69,13.68,13.67,13.66,13.65,13.76,13.78,13.79,13.8,13.81,13.82,13.83,13.84,13.85,13.86,5100,20400,13600,23400,55800,300,18200,21100,29600,42000,400,13300,36700,3800,1500,1600,8400,4200,11400,700
11577.0,13.76,19160400,261968549.0,13.74,13.73,13.72,13.71,13.7,13.69,13.68,13.67,13.66,13.65,13.76,13.78,13.79,13.8,13.81,13.82,13.83,13.84,13.85,13.86,5100,20400,13600,23400,55800,300,18200,21100,29600,42000,200,13300,36700,3800,1500,1600,8400,4200,11400,700
11578.0,13.74,19162000,261990533.0,13.74,13.73,13.72,13.71,13.7,13.69,13.68,13.67,13.66,13.65,13.76,13.78,13.79,13.8,13.81,13.82,13.83,13.84,13.85,13.86,5300,20400,13600,23400,55800,10300,18200,21100,29600,42000,2000,13300,36700,3800,1500,1600,8400,4200,11400,700
11579.0,13.74,19162000,261990533.0,13.74,13.73,13.72,13.71,13.7,13.69,13.68,13.67,13.66,13.65,13.76,13.78,13.79,13.8,13.81,13.82,13.83,13.84,13.85,13.86,6300,20400,13600,23400,55800,10300,18200,21100,29600,42000,2000,13300,36700,3800,1500,1600,8400,4200,11400,700
11580.0,13.73,19182000,262265196.0,13.73,13.72,13.71,13.7,13.69,13.68,13.67,13.66,13.65,13.64,13.76,13.78,13.79,13.8,13.81,13.82,13.83,13.84,13.85,13.86,7700,13600,23400,55800,10200,18200,21100,29600,42000,300,2000,13300,36700,3800,1500,1600,8400,4200,11400,700
11581.0,13.73,19182700,262274813.0,13.73,13.72,13.71,13.7,13.69,13.68,13.67,13.66,13.65,13.64,13.76,13.78,13.79,13.8,13.81,13.82,13.83,13.84,13.85,13.86,8000,13700,23400,53900,10200,18200,21100,29600,42000,300,2600,13300,36700,3800,1500,1600,8400,4200,11400,700
11582.0,13.76,19182900,262277565.0,13.73,13.72,13.71,13.7,13.69,13.68,13.67,13.66,13.65,13.64,13.76,13.78,13.79,13.8,13.81,13.82,13.83,13.84,13.85,13.86,11100,13700,23700,53900,10200,18200,21100,29600,42000,300,5500,13300,36700,3200,1500,1600,8400,4200,11400,700
11583.0,13.73,19184100,262294041.0,13.73,13.72,13.71,13.7,13.69,13.68,13.67,13.66,13.65,13.64,13.76,13.78,13.79,13.8,13.81,13.82,13.83,13.84,13.85,13.86,10700,13700,23700,53900,10200,18200,21100,29600,42000,300,6300,13300,36700,3200,1500,1600,8400,4200,11400,700
11584.0,13.76,19184700,262302297.0,13.73,13.72,13.71,13.7,13.69,13.68,13.67,13.66,13.65,13.64,13.76,13.78,13.79,13.8,13.81,13.82,13.83,13.84,13.85,13.86,12600,13700,23700,53900,10200,18200,21100,29600,42000,300,7600,13300,36700,3200,1500,1600,8400,4200,11400,700
11585.0,13.76,19184700,262302297.0,13.73,13.72,13.71,13.7,13.69,13.68,13.67,13.66,13.65,13.64,13.76,13.78,13.79,13.8,13.81,13.82,13.83,13.84,13.85,13.86,13800,13700,23700,54100,10200,18200,21100,29600,42000,300,8800,13300,36700,3200,1500,1600,8400,4200,11400,700
11586.0,13.73,19188900,262360005.0,13.73,13.72,13.71,13.7,13.69,13.68,13.67,13.66,13.65,13.64,13.76,13.78,13.79,13.8,13.81,13.82,13.83,13.84,13.85,13.86,11800,13700,23700,54100,10200,18200,21100,29600,42000,300,8200,13300,36700,3200,1500,1600,8400,4200,11400,700
11587.0,13.76,19189500,262368261.0,13.73,13.72,13.71,13.7,13.69,13.68,13.67,13.66,13.65,13.64,13.76,13.78,13.79,13.8,13.81,13.82,13.83,13.84,13.85,13.86,15000,13700,23700,54600,10700,18200,21100,29600,42000,300,10800,13300,36700,3200,1500,1600,8400,4200,11400,700
11588.0,13.76,19190200,262377893.0,13.73,13.72,13.71,13.7,13.69,13.68,13.67,13.66,13.65,13.64,13.76,13.78,13.79,13.8,13.81,13.82,13.83,13.84,13.85,13.86,15000,13700,23700,54600,10700,18200,21100,29600,42000,300,10100,13300,36700,3200,1500,1600,8400,4200,11400,700
11589.0,13.76,19190900,262387525.0,13.73,13.72,13.71,13.7,13.69,13.68,13.67,13.66,13.65,13.64,13.76,13.78,13.79,13.8,13.81,13.83,13.84,13.85,13.86,13.87,17800,13700,23700,54600,10700,18200,21100,29600,42000,300,12200,13300,36700,3200,1000,900,4200,6900,700,16100
11590.0,13.73,19193600,262424596.0,13.73,13.72,13.71,13.7,13.69,13.68,13.67,13.66,13.65,13.64,13.76,13.78,13.79,13.8,13.81,13.83,13.84,13.85,13.86,13.87,16300,13700,26100,54600,10700,18200,21100,29600,42000,300,13400,13300,36700,3200,1000,900,4200,6900,700,16100
11591.0,13.73,19194800,262441093.0,13.73,13.72,13.71,13.7,13.69,13.68,13.67,13.66,13.65,13.64,13.76,13.78,13.79,13.8,13.81,13.83,13.84,13.85,13.86,13.87,18500,13700,26100,55200,10700,18200,21100,29600,42000,300,15400,13300,36700,2200,1000,900,4200,6900,700,16100
11592.0,13.73,19194800,262441093.0,13.73,13.72,13.71,13.7,13.69,13.68,13.67,13.66,13.65,13.64,13.76,13.78,13.79,13.8,13.81,13.83,13.84,13.85,13.86,13.87,18500,13700,26100,55200,10700,18200,21100,29600,42000,300,16500,13300,36700,2200,1000,900,4200,6900,700,16100
11593.0,13.73,19194800,262441093.0,13.73,13.72,13.71,13.7,13.69,13.68,13.67,13.66,13.65,13.64,13.76,13.78,13.79,13.8,13.81,13.83,13.84,13.85,13.86,13.87,19600,13700,28600,55100,10700,18200,21100,29600,42000,300,16500,13300,36700,2200,1000,900,4200,6900,700,16100
11594.0,13.76,19195500,262450725.0,13.73,13.72,13.71,13.7,13.69,13.68,13.67,13.66,13.65,13.64,13.76,13.78,13.79,13.8,13.81,13.83,13.84,13.85,13.86,13.87,22300,13700,30400,55100,10700,18200,21100,29600,42000,300,18500,13300,36700,2200,1000,900,4200,6900,700,16100
11595.0,13.76,19195500,262450725.0,13.73,13.72,13.71,13.7,13.69,13.68,13.67,13.66,13.65,13.64,13.76,13.78,13.79,13.8,13.81,13.83,13.84,13.85,13.86,13.87,23400,14400,30400,55100,10700,18200,21100,29600,42000,300,19600,13300,36700,2200,1000,900,4200,6900,700,16100
11596.0,13.73,19219100,262774774.0,13.73,13.72,13.71,13.7,13.69,13.68,13.67,13.66,13.65,13.64,13.76,13.78,13.79,13.8,13.81,13.83,13.84,13.85,13.86,13.87,2400,14400,30400,55100,10700,18200,21100,29600,42000,300,20800,13300,36700,2200,1000,900,4200,6900,700,16100
11597.0,13.76,19221200,262803670.0,13.73,13.72,13.71,13.7,13.69,13.68,13.67,13.66,13.65,13.64,13.76,13.78,13.79,13.8,13.81,13.83,13.84,13.85,13.86,13.87,3300,14400,31400,57100,10700,18200,21100,29600,42000,300,19600,13300,36700,2200,1000,900,4200,6900,700,16100
11598.0,13.76,19221200,262803670.0,13.73,13.72,13.71,13.7,13.69,13.68,13.67,13.66,13.65,13.64,13.76,13.78,13.79,13.8,13.81,13.83,13.84,13.85,13.86,13.87,4600,14400,32400,57100,10700,18200,21100,29600,42000,300,20900,13300,36700,2200,1000,900,4200,6900,700,16100
11599.0,13.73,19226200,262872320.0,13.73,13.72,13.71,13.7,13.69,13.68,13.67,13.66,13.65,13.64,13.76,13.78,13.79,13.8,13.81,13.83,13.84,13.85,13.86,13.87,1800,14400,32400,57100,10700,18200,21100,29600,42000,300,23100,13300,36700,2200,1000,900,4200,6900,700,16100
11600.0,13.76,19226900,262881952.0,13.73,13.72,13.71,13.7,13.69,13.68,13.67,13.66,13.65,13.64,13.76,13.78,13.79,13.8,13.81,13.83,13.84,13.85,13.86,13.87,2700,14400,32400,60100,10700,18200,21100,29600,42000,300,24600,13300,36700,2200,1000,900,4200,6900,700,16100
11601.0,13.76,19226900,262881952.0,13.73,13.72,13.71,13.7,13.69,13.68,13.67,13.66,13.65,13.64,13.76,13.78,13.79,13.8,13.81,13.83,13.84,13.85,13.86,13.87,4000,14400,32800,60100,10700,18700,21100,29600,42000,300,24600,13300,36700,2200,1000,900,4200,6900,700,16100
11602.0,13.73,19228800,262908039.0,13.73,13.72,13.71,13.7,13.69,13.68,13.67,13.66,13.65,13.64,13.76,13.78,13.79,13.8,13.81,13.83,13.84,13.85,13.86,13.87,3000,14400,33800,60100,10700,18700,21100,29600,42000,300,25500,13300,35500,2200,1000,900,4200,6900,700,16100
11603.0,13.73,19231300,262942406.0,13.73,13.72,13.71,13.7,13.69,13.68,13.67,13.66,13.65,13.64,13.76,13.78,13.79,13.8,13.81,13.83,13.84,13.85,13.86,13.87,3200,14900,33800,60100,10200,18700,21100,29600,42000,300,25400,13300,34300,2200,1000,900,4200,6900,700,16100
11604.0,13.73,19231300,262942406.0,13.73,13.72,13.71,13.7,13.69,13.68,13.67,13.66,13.65,13.64,13.76,13.78,13.79,13.8,13.81,13.83,13.84,13.85,13.86,13.87,3500,14900,39400,56800,10200,18700,21100,29600,42000,300,25400,13300,4300,2200,1000,900,4200,6900,700,16100
11605.0,13.73,19231300,262942406.0,13.73,13.72,13.71,13.7,13.69,13.68,13.67,13.66,13.65,13.64,13.76,13.78,13.79,13.8,13.81,13.83,13.84,13.85,13.86,13.87,4400,14900,39400,59700,10200,18700,21100,29600,42000,300,26300,13300,4300,2200,1000,900,4200,6900,700,16100
11606.0,13.76,19232000,262952038.0,13.73,13.72,13.71,13.7,13.69,13.68,13.67,13.66,13.65,13.64,13.76,13.78,13.79,13.8,13.81,13.83,13.84,13.85,13.86,13.87,5700,14900,39400,59900,10200,18700,21100,29600,42000,300,26900,13300,4300,2200,1000,900,4200,6900,700,16100
11607.0,13.72,19238500,263041275.0,13.72,13.71,13.7,13.69,13.68,13.67,13.66,13.65,13.64,13.63,13.76,13.78,13.79,13.8,13.81,13.83,13.84,13.85,13.86,13.87,14100,43700,59900,10200,18700,22100,29600,42000,300,3400,26900,13300,4300,2200,1000,1600,4200,6900,700,16100
11608.0,13.76,19238900,263046779.0,13.72,13.71,13.7,13.69,13.68,13.67,13.66,13.65,13.64,13.63,13.76,13.78,13.79,13.8,13.81,13.83,13.84,13.85,13.86,13.87,16400,43700,59900,10200,18700,22100,29600,42000,300,3400,28800,13300,4300,2200,1000,1600,4200,6900,700,16100
11609.0,13.76,19241000,263075675.0,13.72,13.71,13.7,13.69,13.68,13.67,13.66,13.65,13.64,13.63,13.76,13.78,13.79,13.8,13.81,13.83,13.84,13.85,13.86,13.87,18700,46700,60000,10200,18700,22100,29600,42000,300,3400,29000,13300,4300,2200,1000,1600,4200,6900,700,16100
11610.0,13.72,19248700,263181347.0,13.72,13.71,13.7,13.69,13.68,13.67,13.66,13.65,13.64,13.63,13.76,13.78,13.79,13.8,13.81,13.83,13.84,13.85,13.86,13.87,11700,46700,61000,10200,19200,22300,29600,42000,300,3400,29200,13300,4300,2200,1000,1600,4200,6900,700,16100
11611.0,13.72,19248700,263181347.0,13.72,13.71,13.7,13.69,13.68,13.67,13.66,13.65,13.64,13.63,13.76,13.78,13.79,13.8,13.81,13.83,13.84,13.85,13.86,13.87,16700,46700,61000,10200,19200,22300,29600,42000,300,3400,33100,13300,4300,2200,1000,1600,4200,6900,700,16100
11612.0,13.76,19249400,263190979.0,13.72,13.71,13.7,13.69,13.68,13.67,13.66,13.65,13.64,13.63,13.76,13.78,13.79,13.8,13.81,13.83,13.84,13.85,13.86,13.87,16700,46700,61000,10200,19200,22300,29600,42000,300,3400,32400,13300,4300,2200,1000,1600,4200,6900,700,16100
11613.0,13.76,19249400,263190979.0,13.72,13.71,13.7,13.69,13.68,13.67,13.66,13.65,13.64,13.63,13.76,13.78,13.79,13.8,13.81,13.83,13.84,13.85,13.86,13.87,21600,47300,61000,10200,19200,22300,29600,42000,300,3400,37300,13300,4300,2200,1000,1600,4200,6900,700,16100
11614.0,13.76,19249400,263190979.0,13.72,13.71,13.7,13.69,13.68,13.67,13.66,13.65,13.64,13.63,13.76,13.78,13.79,13.8,13.81,13.83,13.84,13.85,13.86,13.87,21600,48300,61000,10200,19200,22300,29600,42000,300,3400,37300,13300,4300,2200,1000,1600,4200,6900,700,16100
11615.0,13.76,19251700,263222627.0,13.72,13.71,13.7,13.69,13.68,13.67,13.66,13.65,13.64,13.63,13.76,13.78,13.79,13.8,13.81,13.83,13.84,13.85,13.86,13.87,21600,48300,61000,10200,19200,22300,29600,42000,300,3400,35000,13300,4300,2200,1000,1600,4200,6900,700,16100
11616.0,13.76,19251700,263222627.0,13.72,13.71,13.7,13.69,13.68,13.67,13.66,13.65,13.64,13.63,13.76,13.78,13.79,13.8,13.81,13.83,13.84,13.85,13.86,13.87,26400,54100,62000,10200,19200,22300,29600,42000,300,3400,39800,13300,4000,2200,1000,1600,4200,6900,700,16100
11617.0,13.76,19252400,263232259.0,13.72,13.71,13.7,13.69,13.68,13.67,13.66,13.65,13.64,13.63,13.76,13.78,13.79,13.8,13.81,13.83,13.84,13.85,13.86,13.87,26400,54100,62900,10200,19200,22300,29600,42000,300,3400,39100,13300,4000,2200,1000,1600,4200,6900,700,16100
11618.0,13.76,19253100,263241891.0,13.72,13.71,13.7,13.69,13.68,13.67,13.66,13.65,13.64,13.63,13.76,13.78,13.79,13.8,13.81,13.83,13.84,13.85,13.86,13.87,30200,54100,63500,10200,19200,22300,29600,42000,300,3400,42200,13300,4000,2200,1000,1600,4200,6900,700,16100
11619.0,13.72,19253300,263244635.0,13.72,13.71,13.7,13.69,13.68,13.67,13.66,13.65,13.64,13.63,13.76,13.78,13.79,13.8,13.81,13.83,13.84,13.85,13.86,13.87,31000,54100,63500,10200,19200,22300,29600,42000,300,3400,43200,13300,4000,2200,1000,1600,4200,6900,700,16100
11620.0,13.72,19258200,263311919.0,13.72,13.71,13.7,13.69,13.68,13.67,13.66,13.65,13.64,13.63,13.76,13.78,13.79,13.8,13.81,13.83,13.84,13.85,13.86,13.87,27500,54500,63500,10200,19200,22300,29600,42000,300,3400,41800,13300,4000,2200,1000,1600,4200,6900,700,16100
11621.0,13.72,19259900,263335271.0,13.72,13.71,13.7,13.69,13.68,13.67,13.66,13.65,13.64,13.63,13.76,13.78,13.79,13.8,13.81,13.83,13.84,13.85,13.86,13.87,28900,54500,63500,10200,19200,22300,29600,42000,300,3400,43500,13300,4000,2200,1000,1600,4200,6900,700,16100
11622.0,13.72,19259900,263335271.0,13.72,13.71,13.7,13.69,13.68,13.67,13.66,13.65,13.64,13.63,13.76,13.78,13.79,13.8,13.81,13.83,13.84,13.85,13.86,13.87,28900,54800,63500,10200,19200,22300,29600,42000,300,3400,43500,13300,4000,2200,1000,1600,4200,6900,700,16100
11623.0,13.72,19259900,263335271.0,13.72,13.71,13.7,13.69,13.68,13.67,13.66,13.65,13.64,13.63,13.76,13.78,13.79,13.8,13.81,13.83,13.84,13.85,13.86,13.87,30300,54800,63500,10200,19200,22300,29600,42000,300,3400,44900,13300,4000,2200,1000,1600,4200,6900,700,16100
11624.0,13.76,19261300,263354535.0,13.73,13.72,13.71,13.7,13.69,13.68,13.67,13.66,13.65,13.64,13.76,13.78,13.79,13.8,13.81,13.83,13.84,13.85,13.86,13.87,200,31300,54800,63500,10200,19200,22300,29600,42000,300,44500,13300,4000,2200,1000,1600,4200,6900,700,16100
11625.0,13.76,19261300,263354535.0,13.73,13.72,13.71,13.7,13.69,13.68,13.67,13.66,13.65,13.64,13.76,13.78,13.79,13.8,13.81,13.83,13.84,13.85,13.86,13.87,200,35100,65500,63500,10200,19200,22300,29600,42000,300,44500,13300,4000,2200,1000,1600,4200,6900,700,16100
11626.0,13.72,19264200,263394325.0,13.72,13.71,13.7,13.69,13.68,13.67,13.66,13.65,13.64,13.63,13.76,13.78,13.79,13.8,13.81,13.83,13.84,13.85,13.86,13.87,32400,66500,59500,10200,19200,22300,29600,42000,300,3400,44500,13300,4600,2200,1000,1600,4200,6900,700,16100
11627.0,13.76,19264900,263403957.0,13.74,13.72,13.71,13.7,13.69,13.68,13.67,13.66,13.65,13.64,13.76,13.78,13.79,13.8,13.81,13.83,13.84,13.85,13.86,13.87,800,34900,66500,59500,10200,19200,22300,29600,42000,300,46300,13300,4600,2200,1000,1600,4200,6900,700,16100
11628.0,13.76,19264900,263403957.0,13.74,13.72,13.71,13.7,13.69,13.68,13.67,13.66,13.65,13.64,13.76,13.78,13.79,13.8,13.81,13.83,13.84,13.85,13.86,13.87,800,34900,66500,61100,10200,19200,22300,30100,42000,300,46300,13300,4600,2200,1000,1600,4200,6900,700,16100
11629.0,13.74,19265900,263417701.0,13.72,13.71,13.7,13.69,13.68,13.67,13.66,13.65,13.64,13.63,13.73,13.76,13.78,13.79,13.8,13.81,13.83,13.84,13.85,13.86,34900,67800,61100,10200,19200,22300,30100,42000,300,3400,1500,46100,13300,4600,2200,1000,1600,4200,6900,700
11630.0,13.73,19266000,263419074.0,13.72,13.71,13.7,13.69,13.68,13.67,13.66,13.65,13.64,13.63,13.73,13.76,13.78,13.79,13.8,13.81,13.83,13.84,13.85,13.86,34900,67800,61100,10200,22100,22300,30100,42000,2300,3400,1400,46100,13300,4600,2200,1000,1600,4200,6900,700
11631.0,13.73,19266300,263423193.0,13.72,13.71,13.7,13.69,13.68,13.67,13.66,13.65,13.64,13.63,13.73,13.76,13.78,13.79,13.8,13.81,13.83,13.84,13.85,13.86,34900,67800,61100,10200,22100,22300,30100,42000,2300,3400,1100,46100,13300,4600,2200,1000,1600,4200,6900,700
11632.0,13.73,19266400,263424566.0,13.72,13.71,13.7,13.69,13.68,13.67,13.66,13.65,13.64,13.63,13.73,13.76,13.78,13.79,13.8,13.81,13.83,13.84,13.85,13.86,34900,68800,61100,10200,22100,22300,30100,42000,2300,3400,1000,46100,13300,4600,2200,1000,1600,4200,6900,700
11633.0,13.73,19266400,263424566.0,13.72,13.71,13.7,13.69,13.68,13.67,13.66,13.65,13.64,13.63,13.73,13.76,13.78,13.79,13.8,13.81,13.83,13.84,13.85,13.86,34900,68800,61100,10200,22100,22300,30100,42000,2300,3400,1000,46100,13300,4600,2200,1000,1600,4200,6900,700
11634.0,13.73,19266400,263424566.0,13.72,13.71,13.7,13.69,13.68,13.67,13.66,13.65,13.64,13.63,13.73,13.76,13.78,13.79,13.8,13.81,13.83,13.84,13.85,13.86,34900,68800,61100,10200,24100,22300,30100,42000,2300,3400,1000,46100,13300,4600,2200,1000,1600,4200,6900,700
11635.0,13.73,19266500,263425939.0,13.72,13.71,13.7,13.69,13.68,13.67,13.66,13.65,13.64,13.63,13.73,13.76,13.78,13.79,13.8,13.81,13.83,13.84,13.85,13.86,34900,68800,61100,10200,24100,22300,30100,42000,2300,3400,900,46100,13300,4600,2200,1000,1600,4200,6900,700
11636.0,13.73,19266500,263425939.0,13.72,13.71,13.7,13.69,13.68,13.67,13.66,13.65,13.64,13.63,13.73,13.76,13.78,13.79,13.8,13.81,13.83,13.84,13.85,13.86,34900,68800,61100,10200,24100,22300,30100,42000,2300,3400,900,46100,13300,4600,2200,1000,1600,4200,6900,700
11637.0,13.73,19266500,263425939.0,13.72,13.71,13.7,13.69,13.68,13.67,13.66,13.65,13.64,13.63,13.73,13.74,13.76,13.78,13.79,13.8,13.81,13.83,13.84,13.85,34900,70300,61100,10200,24100,22300,30100,42000,2300,3400,900,400,46100,13300,4600,2200,1000,1600,4200,6900
11638.0,13.73,19266500,263425939.0,13.72,13.71,13.7,13.69,13.68,13.67,13.66,13.65,13.64,13.63,13.73,13.74,13.76,13.78,13.79,13.8,13.81,13.83,13.84,13.85,35100,71300,61100,10200,24100,22300,30100,42000,2300,3400,900,400,46100,13300,4600,2200,1000,1600,4200,6900
11639.0,13.73,19267100,263434177.0,13.72,13.71,13.7,13.69,13.68,13.67,13.66,13.65,13.64,13.63,13.73,13.74,13.76,13.78,13.79,13.8,13.81,13.83,13.84,13.85,35100,71300,61100,10200,24100,22300,30100,42000,2300,3400,300,400,46100,13300,4600,2200,1000,1600,4200,6900
11640.0,13.74,19267800,263443792.0,13.74,13.72,13.71,13.7,13.69,13.68,13.67,13.66,13.65,13.64,13.76,13.78,13.79,13.8,13.81,13.83,13.84,13.85,13.86,13.87,9500,35500,72500,61100,10200,24100,22300,30100,42000,2300,46100,13300,4600,2200,1000,1600,4200,6900,700,16100
11641.0,13.74,19270200,263476782.0,13.74,13.72,13.71,13.7,13.69,13.68,13.67,13.66,13.65,13.64,13.76,13.78,13.79,13.8,13.81,13.83,13.84,13.85,13.86,13.87,7800,35500,72500,61100,10200,23100,22300,30100,42000,2300,45400,13300,4600,2200,1000,1600,4200,6900,700,16100
11642.0,13.74,19273000,263515282.0,13.74,13.72,13.71,13.7,13.69,13.68,13.67,13.66,13.65,13.64,13.76,13.78,13.79,13.8,13.81,13.83,13.84,13.85,13.86,13.87,6400,37800,73400,60200,10200,23100,22300,30100,42000,2300,44000,13300,4600,2200,1000,1600,4200,6900,700,16100
11643.0,13.74,19274400,263534532.0,13.74,13.72,13.71,13.7,13.69,13.68,13.67,13.66,13.65,13.64,13.76,13.78,13.79,13.8,13.81,13.83,13.84,13.85,13.86,13.87,5700,37800,73400,60200,10200,23100,22300,30100,43000,2300,43300,13300,4600,2200,1000,1600,4200,6900,700,16100
11644.0,13.74,19274400,263534532.0,13.74,13.72,13.71,13.7,13.69,13.68,13.67,13.66,13.65,13.64,13.76,13.78,13.79,13.8,13.81,13.83,13.84,13.85,13.86,13.87,5700,37800,73400,61200,10200,23100,22300,30100,43000,2300,43300,13300,4600,2200,1000,1600,4200,6900,700,16100
11645.0,13.76,19275100,263544164.0,13.74,13.72,13.71,13.7,13.69,13.68,13.67,13.66,13.65,13.64,13.76,13.78,13.79,13.8,13.81,13.83,13.84,13.85,13.86,13.87,5700,37800,78400,61200,10200,23100,22300,30100,43000,2300,42600,13300,4600,2200,1000,1600,4200,6900,700,16100
11646.0,13.74,19281500,263632114.0,13.72,13.71,13.7,13.69,13.68,13.67,13.66,13.65,13.64,13.63,13.74,13.76,13.78,13.79,13.8,13.81,13.83,13.84,13.85,13.86,37800,78400,61200,10200,23100,22300,30100,43000,2300,3400,4300,41900,13300,4600,2200,1000,1600,4200,6900,700
11647.0,13.74,19281500,263632114.0,13.72,13.71,13.7,13.69,13.68,13.67,13.66,13.65,13.64,13.63,13.74,13.76,13.78,13.79,13.8,13.81,13.83,13.84,13.85,13.86,37800,78400,61200,10200,23400,22300,30100,43000,2300,3400,4300,41900,13300,4600,2200,1000,1600,4200,6900,700
11648.0,13.74,19282400,263644480.0,13.72,13.71,13.7,13.69,13.68,13.67,13.66,13.65,13.64,13.63,13.74,13.76,13.78,13.79,13.8,13.81,13.83,13.84,13.85,13.86,37900,78400,61700,10200,23400,22300,30100,43000,2300,3400,3400,41900,13300,4600,2200,1000,1600,4200,6900,700
11649.0,13.74,19282700,263648602.0,13.72,13.71,13.7,13.69,13.68,13.67,13.66,13.65,13.64,13.63,13.74,13.75,13.76,13.78,13.79,13.8,13.81,13.83,13.84,13.85,37900,78400,62100,10200,23900,22300,30100,43000,2300,3400,3100,200,41900,13300,4600,2200,1000,1600,4200,6900
11650.0,13.74,19282800,263649976.0,13.72,13.71,13.7,13.69,13.68,13.67,13.66,13.65,13.64,13.63,13.74,13.75,13.76,13.78,13.79,13.8,13.81,13.83,13.84,13.85,37900,78400,62400,10200,23900,22300,30100,43000,2300,3400,3000,200,41900,13300,4600,2200,1000,1600,4200,6900
11651.0,13.74,19282900,263651350.0,13.72,13.71,13.7,13.69,13.68,13.67,13.66,13.65,13.64,13.63,13.74,13.75,13.76,13.78,13.79,13.8,13.81,13.83,13.84,13.85,38400,78400,62400,10200,23400,22300,30100,43000,2300,3400,2900,200,41900,13300,4600,2200,1000,1600,4200,6900
11652.0,13.74,19283300,263656846.0,13.72,13.71,13.7,13.69,13.68,13.67,13.66,13.65,13.64,13.63,13.74,13.75,13.76,13.78,13.79,13.8,13.81,13.83,13.84,13.85,38400,78400,62400,10200,23400,22300,30100,43000,2300,3400,2500,200,41900,13300,4600,2200,1000,1600,4200,6900
11653.0,13.74,19283800,263663716.0,13.73,13.72,13.71,13.7,13.69,13.68,13.67,13.66,13.65,13.64,13.74,13.75,13.76,13.78,13.79,13.8,13.81,13.83,13.84,13.85,200,38400,78400,62400,10200,23400,22300,30100,43000,2300,2000,200,41900,13300,4600,2200,1000,1600,4200,6900
11654.0,13.74,19283800,263663716.0,13.73,13.72,13.71,13.7,13.69,13.68,13.67,13.66,13.65,13.64,13.74,13.75,13.76,13.78,13.79,13.8,13.81,13.83,13.84,13.85,2200,38400,78400,62400,10200,23400,22300,30100,43000,2300,2000,200,41900,13300,4600,2200,1000,2100,4200,6900
11655.0,13.74,19284500,263673334.0,13.73,13.72,13.71,13.7,13.69,13.68,13.67,13.66,13.65,13.64,13.74,13.75,13.76,13.78,13.79,13.8,13.81,13.83,13.84,13.85,2200,38400,78400,62400,10200,23400,22300,30100,43000,2300,1300,200,41900,13300,4600,2200,1000,2100,4200,6900
11656.0,13.74,19285800,263691196.0,13.74,13.73,13.72,13.71,13.7,13.69,13.68,13.67,13.66,13.65,13.75,13.76,13.78,13.79,13.8,13.81,13.83,13.84,13.85,13.86,2300,2200,38400,78400,61900,10200,23400,22300,30100,43000,200,41900,13300,4600,2200,1000,2100,4200,6900,700
11657.0,13.74,19285800,263691196.0,13.74,13.73,13.72,13.71,13.7,13.69,13.68,13.67,13.66,13.65,13.75,13.76,13.78,13.79,13.8,13.81,13.83,13.84,13.85,13.86,2600,2200,38400,78400,62400,10200,23400,22300,30100,43000,200,41900,13300,4600,2200,1000,2100,4200,6900,700
11658.0,13.74,19285800,263691196.0,13.74,13.73,13.72,13.71,13.7,13.69,13.68,13.67,13.66,13.65,13.75,13.76,13.78,13.79,13.8,13.81,13.83,13.84,13.85,13.86,2600,2200,38400,78400,61900,10200,23400,22300,30100,43000,200,41900,13300,4600,2200,1000,2100,4200,6900,700
11659.0,13.74,19286000,263693944.0,13.74,13.73,13.72,13.71,13.7,13.69,13.68,13.67,13.66,13.65,13.75,13.76,13.78,13.79,13.8,13.81,13.83,13.84,13.85,13.86,2400,2200,38400,78400,61900,10200,23400,22300,30100,43000,200,41900,13300,4600,2200,1000,2100,4200,6900,700
11660.0,13.74,19286000,263693944.0,13.74,13.73,13.72,13.71,13.7,13.69,13.68,13.67,13.66,13.65,13.75,13.76,13.78,13.79,13.8,13.81,13.83,13.84,13.85,13.86,2400,2200,38400,78400,61900,10200,22200,22300,29100,43000,200,41900,13300,4600,2200,1000,2100,4200,6900,700
11661.0,13.74,19286000,263693944.0,13.74,13.73,13.72,13.71,13.7,13.69,13.68,13.67,13.66,13.65,13.75,13.76,13.78,13.79,13.8,13.81,13.83,13.84,13.85,13.86,2400,3200,38900,78400,61900,10200,22200,22300,29100,43000,200,41900,13300,4600,2200,1000,2100,4200,6900,700
11662.0,13.74,19286000,263693944.0,13.74,13.73,13.72,13.71,13.7,13.69,13.68,13.67,13.66,13.65,13.75,13.76,13.78,13.79,13.8,13.81,13.83,13.84,13.85,13.86,2400,3200,38900,78400,61900,10200,22200,22300,29100,43000,200,41900,13300,4600,2200,1000,2100,4200,6900,700
11663.0,13.74,19286000,263693944.0,13.74,13.73,13.72,13.71,13.7,13.69,13.68,13.67,13.66,13.65,13.75,13.76,13.78,13.79,13.8,13.81,13.83,13.84,13.85,13.86,2400,3200,39100,78400,61900,10200,22200,22300,29100,43000,200,41900,13300,4600,2200,1000,2100,4200,6900,700
11664.0,13.74,19286000,263693944.0,13.74,13.73,13.72,13.71,13.7,13.69,13.68,13.67,13.66,13.65,13.75,13.76,13.78,13.79,13.8,13.81,13.83,13.84,13.85,13.86,3700,3200,39100,79300,61900,10200,22200,22300,29100,43000,1200,41900,13300,4600,2200,1000,2100,4200,7200,700
11665.0,13.73,19293000,263790093.0,13.72,13.71,13.7,13.69,13.68,13.67,13.66,13.65,13.64,13.63,13.73,13.75,13.76,13.78,13.79,13.8,13.81,13.83,13.84,13.85,39100,79300,61900,10200,24200,22300,29100,43000,2300,3400,3100,1100,41900,13300,4600,2200,1000,2100,4200,7200
11666.0,13.73,19293300,263794212.0,13.72,13.71,13.7,13.69,13.68,13.67,13.66,13.65,13.64,13.63,13.73,13.75,13.76,13.78,13.79,13.8,13.81,13.83,13.84,13.85,39100,79300,61900,10200,24200,22300,29100,43000,2300,3400,4100,1100,41900,13300,4600,2200,1000,2100,4200,7200
11667.0,13.73,19294300,263807942.0,13.72,13.71,13.7,13.69,13.68,13.67,13.66,13.65,13.64,13.63,13.73,13.75,13.76,13.78,13.79,13.8,13.81,13.83,13.84,13.85,39100,79300,61900,10200,24200,22300,29100,43000,2300,3400,3100,1100,41900,13300,4600,2200,1000,2100,4200,7200
11668.0,13.73,19294300,263807942.0,13.72,13.71,13.7,13.69,13.68,13.67,13.66,13.65,13.64,13.63,13.73,13.75,13.76,13.78,13.79,13.8,13.81,13.83,13.84,13.85,39100,79300,61900,10200,24200,22300,29100,43000,2300,3400,3100,1100,41900,13300,5600,2200,1000,2100,4200,7200
11669.0,13.73,19294600,263812061.0,13.72,13.71,13.7,13.69,13.68,13.67,13.66,13.65,13.64,13.63,13.73,13.75,13.76,13.78,13.79,13.8,13.81,13.83,13.84,13.85,39100,79300,61900,10200,24200,22300,29100,43000,2300,3400,2800,1100,41900,13300,5600,2200,1000,2100,4200,7200
11670.0,13.73,19295600,263825791.0,13.72,13.71,13.7,13.69,13.68,13.67,13.66,13.65,13.64,13.63,13.73,13.75,13.76,13.78,13.79,13.8,13.81,13.83,13.84,13.85,39000,80400,61900,10200,24200,22300,29100,43000,2300,3400,1800,1100,41900,13300,5600,2200,1000,2100,4200,7200
11671.0,13.73,19295700,263827164.0,13.72,13.71,13.7,13.69,13.68,13.67,13.66,13.65,13.64,13.63,13.73,13.75,13.76,13.78,13.79,13.8,13.81,13.83,13.84,13.85,59500,80400,61900,10200,24200,22300,29100,43000,2300,3400,1700,1100,41900,13300,5600,2200,1000,2100,4200,7200
11672.0,13.73,19295900,263829910.0,13.72,13.71,13.7,13.69,13.68,13.67,13.66,13.65,13.64,13.63,13.73,13.75,13.76,13.78,13.79,13.8,13.81,13.83,13.84,13.85,60500,80400,61900,10200,24200,22300,29100,43000,2300,3400,1500,1100,41900,13300,5600,2200,1000,2100,4200,7200
11673.0,13.73,19297400,263850505.0,13.73,13.72,13.71,13.7,13.69,13.68,13.67,13.66,13.65,13.64,13.75,13.76,13.78,13.79,13.8,13.81,13.83,13.84,13.85,13.86,100,60500,80400,62700,10200,24200,22300,29100,43000,2300,1100,41900,13300,5600,2200,1000,2100,4200,7200,700
11674.0,13.75,19298100,263860130.0,13.73,13.72,13.71,13.7,13.69,13.68,13.67,13.66,13.65,13.64,13.75,13.76,13.78,13.79,13.8,13.81,13.83,13.84,13.85,13.86,100,60500,80400,62700,10200,24200,22300,29100,43000,2300,400,41900,13300,5600,2200,1000,2100,4200,7200,700
11675.0,13.75,19298100,263860130.0,13.73,13.72,13.71,13.7,13.69,13.68,13.67,13.66,13.65,13.64,13.75,13.76,13.78,13.79,13.8,13.81,13.83,13.84,13.85,13.86,100,60500,80400,62200,10200,23700,22300,29000,43000,2300,400,41900,13300,5600,2200,1000,2100,4200,7200,700
11676.0,13.75,19298100,263860130.0,13.73,13.72,13.71,13.7,13.69,13.68,13.67,13.66,13.65,13.64,13.74,13.75,13.76,13.78,13.79,13.8,13.81,13.83,13.84,13.85,700,60500,80400,62200,10200,23700,22300,29000,43000,2300,100,400,41900,13300,5600,2500,1000,2100,4200,7200
11677.0,13.75,19298100,263860130.0,13.73,13.72,13.71,13.7,13.69,13.68,13.67,13.66,13.65,13.64,13.74,13.75,13.76,13.78,13.79,13.8,13.81,13.83,13.84,13.85,1600,60500,80500,62200,10200,23700,22300,29000,43000,2300,100,400,41900,13300,5600,2500,1000,2100,4200,7200
11678.0,13.75,19298100,263860130.0,13.73,13.72,13.71,13.7,13.69,13.68,13.67,13.66,13.65,13.64,13.74,13.75,13.76,13.78,13.79,13.8,13.81,13.83,13.84,13.85,1600,60500,80500,63200,10200,23700,22300,29000,43500,2300,100,400,41900,13300,5600,2500,1000,2100,6000,7200
11679.0,13.75,19298100,263860130.0,13.73,13.72,13.71,13.7,13.69,13.68,13.67,13.66,13.65,13.64,13.74,13.75,13.76,13.78,13.79,13.8,13.81,13.83,13.84,13.85,1600,60500,80500,63200,10200,20800,22300,29000,43600,2300,100,400,41900,13300,5600,2500,1000,2100,6000,7200
11680.0,13.75,19298100,263860130.0,13.73,13.72,13.71,13.7,13.69,13.68,13.67,13.66,13.65,13.64,13.74,13.75,13.76,13.78,13.79,13.8,13.81,13.83,13.84,13.85,1600,61700,80500,63200,10200,20800,22300,29000,43600,2300,100,400,41900,13300,5600,2500,1000,2100,6000,7200
11681.0,13.75,19298100,263860130.0,13.73,13.72,13.71,13.7,13.69,13.68,13.67,13.66,13.65,13.64,13.74,13.75,13.76,13.78,13.79,13.8,13.81,13.83,13.84,13.85,1600,67900,80500,63200,10200,20800,22300,29000,43600,2300,100,400,41900,13300,5600,2500,1000,2100,6000,7200
11682.0,13.75,19298100,263860130.0,13.73,13.72,13.71,13.7,13.69,13.68,13.67,13.66,13.65,13.64,13.74,13.75,13.76,13.78,13.79,13.8,13.81,13.83,13.84,13.85,1600,67900,80500,63200,10700,20800,22300,29000,43600,2300,100,400,41900,13300,5600,2500,1000,2100,6000,7200
11683.0,13.75,19298100,263860130.0,13.73,13.72,13.71,13.7,13.69,13.68,13.67,13.66,13.65,13.64,13.74,13.75,13.76,13.78,13.79,13.8,13.81,13.83,13.84,13.85,3800,68200,80500,63200,10700,20800,22300,29000,43600,2300,100,400,41900,13300,5600,2500,1000,2100,6000,7200
11684.0,13.75,19298100,263860130.0,13.73,13.72,13.71,13.7,13.69,13.68,13.67,13.66,13.65,13.64,13.74,13.75,13.76,13.78,13.79,13.8,13.81,13.83,13.84,13.85,4000,68200,94400,63200,10700,20800,22300,29000,43600,2300,100,400,41900,13300,5600,2500,1000,2100,6000,7200
11685.0,13.75,19298100,263860130.0,13.73,13.72,13.71,13.7,13.69,13.68,13.67,13.66,13.65,13.64,13.74,13.75,13.76,13.78,13.79,13.8,13.81,13.83,13.84,13.85,26500,68200,94400,63200,10700,20800,22300,29000,43600,2300,100,400,41900,13300,5600,2500,1000,2100,6000,7200
11686.0,13.75,19298100,263860130.0,13.73,13.72,13.71,13.7,13.69,13.68,13.67,13.66,13.65,13.64,13.74,13.75,13.76,13.78,13.79,13.8,13.81,13.83,13.84,13.85,31500,68200,94400,63200,10700,20800,22300,29000,43600,2300,100,400,41900,13300,5600,2500,1000,2100,6000,7200
11687.0,13.75,19298100,263860130.0,13.73,13.72,13.71,13.7,13.69,13.68,13.67,13.66,13.65,13.64,13.74,13.75,13.76,13.78,13.79,13.8,13.81,13.83,13.84,13.85,31500,68200,94400,63200,10700,20800,22300,29000,43600,2300,100,400,41900,13300,5600,2500,1000,2100,6000,7200
11688.0,13.73,19307100,263983700.0,13.73,13.72,13.71,13.7,13.69,13.68,13.67,13.66,13.65,13.64,13.74,13.75,13.76,13.78,13.79,13.8,13.81,13.83,13.84,13.85,24400,68200,94400,63000,10700,20800,22300,29000,43600,2300,100,400,41900,13300,5600,2500,1000,2100,6000,7200
11689.0,13.73,19307100,263983700.0,13.73,13.72,13.71,13.7,13.69,13.68,13.67,13.66,13.65,13.64,13.74,13.75,13.76,13.78,13.79,13.8,13.81,13.83,13.84,13.85,24400,68200,94400,63000,10700,20800,22300,29000,43600,2300,100,400,41900,13300,5600,2500,1000,2100,6000,7200
11690.0,13.73,19307100,263983700.0,13.73,13.72,13.71,13.7,13.69,13.68,13.67,13.66,13.65,13.64,13.74,13.75,13.76,13.78,13.79,13.8,13.81,13.83,13.84,13.85,24400,68200,94400,63000,10700,20800,22300,29000,43600,2300,100,400,41900,13300,5600,2500,1000,2100,6000,7200
11691.0,13.73,19307100,263983700.0,13.73,13.72,13.71,13.7,13.69,13.68,13.67,13.66,13.65,13.64,13.74,13.75,13.76,13.78,13.79,13.8,13.81,13.83,13.84,13.85,24600,68200,94400,63500,10700,20800,22300,29000,43600,2300,100,400,41900,13300,5600,2500,1000,2100,6000,7200
11692.0,13.73,19309100,264011160.0,13.73,13.72,13.71,13.7,13.69,13.68,13.67,13.66,13.65,13.64,13.74,13.75,13.76,13.78,13.79,13.8,13.81,13.83,13.84,13.85,22600,68200,94900,63500,10700,20800,22300,29000,43600,2300,100,400,41900,13300,5600,2500,1000,2100,6000,7200
11693.0,13.74,19309200,264012534.0,13.74,13.73,13.72,13.71,13.7,13.69,13.68,13.67,13.66,13.65,13.75,13.76,13.78,13.79,13.8,13.81,13.83,13.84,13.85,13.86,1800,22600,68200,94900,63500,10700,20800,22300,29000,43600,400,41900,13300,5600,2500,1000,2100,6000,7200,700
11694.0,13.74,19309700,264019404.0,13.74,13.73,13.72,13.71,13.7,13.69,13.68,13.67,13.66,13.65,13.75,13.76,13.78,13.79,13.8,13.81,13.83,13.84,13.85,13.86,2200,22600,68200,94900,63500,10700,20800,22300,29000,43600,400,41900,13300,5600,2500,1000,2100,6000,7200,700
11695.0,13.74,19309700,264019404.0,13.74,13.73,13.72,13.71,13.7,13.69,13.68,13.67,13.66,13.65,13.75,13.76,13.78,13.79,13.8,13.81,13.83,13.84,13.85,13.86,2200,22600,68200,94900,63500,10700,20800,22300,29000,43600,400,41900,13300,5600,2500,1000,2100,6000,7200,700
11696.0,13.74,19309700,264019404.0,13.74,13.73,13.72,13.71,13.7,13.69,13.68,13.67,13.66,13.65,13.75,13.76,13.78,13.79,13.8,13.81,13.83,13.84,13.85,13.86,2200,22600,68200,94900,63500,10700,20800,22300,29000,43600,400,41900,13300,5600,2500,1000,2100,6000,7200,700
11697.0,13.74,19309700,264019404.0,13.74,13.73,13.72,13.71,13.7,13.69,13.68,13.67,13.66,13.65,13.75,13.76,13.78,13.79,13.8,13.81,13.83,13.84,13.85,13.86,2200,23100,68200,94900,63500,10700,20800,22300,29000,43600,400,41900,13300,5600,2500,1000,2100,6000,7200,700
11698.0,13.74,19309700,264019404.0,13.74,13.73,13.72,13.71,13.7,13.69,13.68,13.67,13.66,13.65,13.75,13.76,13.78,13.79,13.8,13.81,13.83,13.84,13.85,13.86,2500,23100,68200,94900,63500,10700,20800,22300,29000,43600,400,41900,13300,5600,2500,1000,2100,6000,7200,700
11699.0,13.74,19309700,264019404.0,13.74,13.73,13.72,13.71,13.7,13.69,13.68,13.67,13.66,13.65,13.75,13.76,13.78,13.79,13.8,13.81,13.83,13.84,13.85,13.86,2500,23200,68200,94900,64300,10700,21000,22300,29000,43600,400,41900,13300,5600,2500,1000,2100,6000,7200,700
11700.0,13.74,19309700,264019404.0,13.74,13.73,13.72,13.71,13.7,13.69,13.68,13.67,13.66,13.65,13.75,13.76,13.78,13.79,13.8,13.81,13.83,13.84,13.85,13.86,2500,23200,68200,94900,64300,10700,21000,22300,29000,43600,400,41900,13300,5600,2500,1000,2100,6000,7200,700
11701.0,13.74,19309700,264019404.0,13.74,13.73,13.72,13.71,13.7,13.69,13.68,13.67,13.66,13.65,13.75,13.76,13.78,13.79,13.8,13.81,13.83,13.84,13.85,13.86,2500,21700,68200,95500,61300,10700,21000,22300,29000,43600,400,41900,13300,5600,2500,1000,2100,6000,7200,700
11702.0,13.74,19309700,264019404.0,13.74,13.73,13.72,13.71,13.7,13.69,13.68,13.67,13.66,13.65,13.75,13.76,13.78,13.79,13.8,13.81,13.83,13.84,13.85,13.86,2500,21700,68200,95500,61300,10700,21000,22300,29000,43600,400,41900,13300,5600,2500,1000,2100,6000,7200,700
11703.0,13.74,19309900,264022152.0,13.74,13.73,13.72,13.71,13.7,13.69,13.68,13.67,13.66,13.65,13.75,13.76,13.78,13.79,13.8,13.81,13.83,13.84,13.85,13.86,2300,22800,68200,95500,61300,10700,21000,22300,29000,43600,400,41900,13300,5600,2500,1000,2100,6000,7200,700
11704.0,13.75,19310000,264023527.0,13.74,13.73,13.72,13.71,13.7,13.69,13.68,13.67,13.66,13.65,13.75,13.76,13.78,13.79,13.8,13.81,13.83,13.84,13.85,13.86,2300,22800,68000,95500,61300,10700,21000,22300,29000,43600,300,41900,13300,5600,2500,1000,2100,6000,7200,700
11705.0,13.75,19310000,264023527.0,13.74,13.73,13.72,13.71,13.7,13.69,13.68,13.67,13.66,13.65,13.75,13.76,13.78,13.79,13.8,13.81,13.83,13.84,13.85,13.86,2300,22900,68000,95500,61300,10700,21000,22300,29000,43600,300,41900,13300,5600,2500,1000,2100,6000,7200,700
11706.0,13.75,19310000,264023527.0,13.74,13.73,13.72,13.71,13.7,13.69,13.68,13.67,13.66,13.65,13.75,13.76,13.78,13.79,13.8,13.81,13.83,13.84,13.85,13.86,2300,22900,68000,95500,61300,10700,21000,22300,29000,43600,300,41900,13300,5600,2500,1000,2100,6000,7200,700
11707.0,13.75,19310000,264023527.0,13.74,13.73,13.72,13.71,13.7,13.69,13.68,13.67,13.66,13.65,13.75,13.76,13.78,13.79,13.8,13.81,13.83,13.84,13.85,13.86,2300,22900,68000,95500,61300,10700,21000,22300,29000,43600,300,41900,13300,5600,2500,1000,2100,6000,7200,700
11708.0,13.75,19310000,264023527.0,13.74,13.73,13.72,13.71,13.7,13.69,13.68,13.67,13.66,13.65,13.75,13.76,13.78,13.79,13.8,13.81,13.83,13.84,13.85,13.86,2300,22900,68000,95500,61300,10700,21000,22300,29000,43600,300,41900,13300,5600,2500,1000,2100,6000,7200,700
11709.0,13.75,19310000,264023527.0,13.74,13.73,13.72,13.71,13.7,13.69,13.68,13.67,13.66,13.65,13.75,13.76,13.78,13.79,13.8,13.81,13.83,13.84,13.85,13.86,2300,22900,68000,96000,61400,10700,21000,22300,29000,43600,300,41900,13300,5600,2500,1000,2100,6000,7200,700
11710.0,13.74,19311200,264040015.0,13.74,13.73,13.72,13.71,13.7,13.69,13.68,13.67,13.66,13.65,13.75,13.76,13.78,13.79,13.8,13.81,13.83,13.84,13.85,13.86,1100,22900,68000,96000,61400,10700,20400,22300,29000,43600,300,41900,13300,5600,2500,1000,2100,6000,7200,700
11711.0,13.73,19313400,264070232.0,13.73,13.72,13.71,13.7,13.69,13.68,13.67,13.66,13.65,13.64,13.75,13.76,13.78,13.79,13.8,13.81,13.83,13.84,13.85,13.86,21800,68000,96000,61400,10700,20400,22300,29000,43600,2300,300,41900,13300,5600,2500,1000,2100,6000,7200,700
11712.0,13.75,19313700,264074357.0,13.75,13.73,13.72,13.71,13.7,13.69,13.68,13.67,13.66,13.65,13.76,13.78,13.79,13.8,13.81,13.83,13.84,13.85,13.86,13.87,100,21800,68000,96000,61400,10700,20400,22300,29000,43600,41900,13300,5600,2500,1000,2100,6000,7200,700,16100
11713.0,13.75,19313700,264074357.0,13.75,13.73,13.72,13.71,13.7,13.69,13.68,13.67,13.66,13.65,13.76,13.78,13.79,13.8,13.81,13.83,13.84,13.85,13.86,13.87,100,21800,68000,96000,61400,10700,20400,22300,29000,43600,41900,13300,5600,2500,1000,2100,6000,7200,700,16100
11714.0,13.75,19315200,264094996.0,13.73,13.72,13.71,13.7,13.69,13.68,13.67,13.66,13.65,13.64,13.75,13.76,13.78,13.79,13.8,13.81,13.83,13.84,13.85,13.86,21800,68000,96000,61400,10700,20400,22300,29000,43600,2300,2400,40500,13300,5600,2500,1000,2100,6000,7200,700
11715.0,13.75,19315400,264097746.0,13.73,13.72,13.71,13.7,13.69,13.68,13.67,13.66,13.65,13.64,13.75,13.76,13.78,13.79,13.8,13.81,13.83,13.84,13.85,13.86,21800,68000,96000,61400,10200,20400,22300,29000,43600,2300,2200,40500,13300,5600,2500,1000,2100,6000,7200,700
11716.0,13.75,19315400,264097746.0,13.73,13.72,13.71,13.7,13.69,13.68,13.67,13.66,13.65,13.64,13.75,13.76,13.78,13.79,13.8,13.81,13.83,13.84,13.85,13.86,21800,68000,96000,61400,10200,20400,22300,29000,43600,2300,2200,40500,13300,5600,2500,1000,2100,6000,7200,700
11717.0,13.75,19317600,264127996.0,13.75,13.73,13.72,13.71,13.7,13.69,13.68,13.67,13.66,13.65,13.76,13.78,13.79,13.8,13.81,13.83,13.84,13.85,13.86,13.87,5400,21800,68000,96000,61400,10200,20400,22300,29000,43600,40500,13300,5600,2500,1000,2100,6000,7200,700,16100
11718.0,13.75,19318000,264133496.0,13.75,13.73,13.72,13.71,13.7,13.69,13.68,13.67,13.66,13.65,13.76,13.78,13.79,13.8,13.81,13.83,13.84,13.85,13.86,13.87,6300,21800,68000,96000,61400,10200,20400,22300,29000,43600,40500,13300,5600,2500,1000,2100,6000,7200,700,16100
11719.0,13.75,19318000,264133496.0,13.75,13.73,13.72,13.71,13.7,13.69,13.68,13.67,13.66,13.65,13.76,13.78,13.79,13.8,13.81,13.83,13.84,13.85,13.86,13.87,6300,23100,68000,96000,61400,10200,20400,22300,29000,43600,40500,13300,5600,2500,1000,2100,6000,7200,700,16100
11720.0,13.76,19320100,264162392.0,13.75,13.73,13.72,13.71,13.7,13.69,13.68,13.67,13.66,13.65,13.76,13.78,13.79,13.8,13.81,13.83,13.84,13.85,13.86,13.87,6300,23100,68000,96000,61900,10200,20400,22300,29000,43600,38400,13300,5600,2500,1000,2100,6000,7200,700,16100
11721.0,13.76,19320800,264172024.0,13.75,13.73,13.72,13.71,13.7,13.69,13.68,13.67,13.66,13.65,13.76,13.78,13.79,13.8,13.81,13.83,13.84,13.85,13.86,13.87,6300,23100,68000,96000,61900,10200,20400,22300,29000,43600,37700,13300,5600,2500,1000,2100,6000,7200,700,16100
11722.0,13.76,19320800,264172024.0,13.75,13.73,13.72,13.71,13.7,13.69,13.68,13.67,13.66,13.65,13.76,13.78,13.79,13.8,13.81,13.83,13.84,13.85,13.86,13.87,6300,21800,68000,96000,61900,10200,20400,22300,29000,43600,37700,13300,5600,2500,1000,2100,6000,7200,700,16100
11723.0,13.76,19321500,264181656.0,13.75,13.73,13.72,13.71,13.7,13.69,13.68,13.67,13.66,13.65,13.76,13.78,13.79,13.8,13.81,13.83,13.84,13.85,13.86,13.87,6300,21700,68000,96100,61900,10200,20400,22300,29000,43600,37000,13300,5600,2500,1000,2100,6000,7200,700,16100
11724.0,13.76,19321500,264181656.0,13.75,13.73,13.72,13.71,13.7,13.69,13.68,13.67,13.66,13.65,13.76,13.78,13.79,13.8,13.81,13.83,13.84,13.85,13.86,13.87,7800,21700,68000,96100,61900,10600,20400,22300,29000,43600,37000,13300,5600,2500,1000,2100,6000,7200,700,16100
11725.0,13.76,19321900,264187160.0,13.75,13.74,13.73,13.72,13.71,13.7,13.69,13.68,13.67,13.66,13.76,13.78,13.79,13.8,13.81,13.83,13.84,13.85,13.86,13.87,7800,500,21700,68000,96100,61900,10600,20400,22300,29000,36600,13300,5600,2500,1000,2100,6000,7200,700,16100
11726.0,13.76,19322600,264196792.0,13.75,13.74,13.73,13.72,13.71,13.7,13.69,13.68,13.67,13.66,13.76,13.78,13.79,13.8,13.81,13.83,13.84,13.85,13.86,13.87,7800,1800,21700,68000,96100,61900,10600,20400,22300,29000,35900,13300,5600,2500,1000,2100,6000,7200,700,16100
11727.0,13.75,19323100,264203667.0,13.75,13.74,13.73,13.72,13.71,13.7,13.69,13.68,13.67,13.66,13.76,13.78,13.79,13.8,13.81,13.83,13.84,13.85,13.86,13.87,7300,1800,21700,67800,96100,61900,10600,20400,22300,29000,35900,13300,5600,2500,1000,2100,6000,7200,700,16100
11728.0,13.76,19323800,264213299.0,13.75,13.74,13.73,13.72,13.71,13.7,13.69,13.68,13.67,13.66,13.76,13.78,13.79,13.8,13.81,13.83,13.84,13.85,13.86,13.87,7300,1800,21700,67800,96100,61900,10600,20400,22300,29000,35200,13300,5600,2500,1000,2100,6000,7200,700,16100
11729.0,13.76,19324500,264222931.0,13.75,13.74,13.73,13.72,13.71,13.7,13.69,13.68,13.67,13.66,13.76,13.78,13.79,13.8,13.81,13.83,13.84,13.85,13.86,13.87,7300,3300,21700,67800,96100,62600,10600,20400,22300,29000,34500,13300,5600,2500,1000,2100,6000,7200,700,16100
11730.0,13.76,19324500,264222931.0,13.75,13.74,13.73,13.72,13.71,13.7,13.69,13.68,13.67,13.66,13.76,13.78,13.79,13.8,13.81,13.83,13.84,13.85,13.86,13.87,7300,4100,21700,67800,96100,62600,10600,20500,22300,29000,34500,13300,7900,2500,1000,2100,6000,7200,700,16100
11731.0,13.76,19325900,264242195.0,13.75,13.74,13.73,13.72,13.71,13.7,13.69,13.68,13.67,13.66,13.76,13.78,13.79,13.8,13.81,13.83,13.84,13.85,13.86,13.87,7300,4100,21700,67800,96100,62600,10600,20500,22300,29000,33100,13300,7900,2500,1000,2100,6000,7200,700,16100
11732.0,13.76,19326600,264251827.0,13.75,13.74,13.73,13.72,13.71,13.7,13.69,13.68,13.67,13.66,13.76,13.78,13.79,13.8,13.81,13.83,13.84,13.85,13.86,13.87,7300,4100,21700,67800,96100,62600,10600,20500,22300,29000,32400,13300,7900,2500,1000,2100,6000,7200,700,16100
11733.0,13.76,19326600,264251827.0,13.75,13.74,13.73,13.72,13.71,13.7,13.69,13.68,13.67,13.66,13.76,13.78,13.79,13.8,13.81,13.83,13.84,13.85,13.86,13.87,7300,4100,21800,67800,96100,62600,10600,20500,22300,29000,32400,13300,7900,2500,1000,2100,6000,7200,700,16100
11734.0,13.76,19326600,264251827.0,13.75,13.74,13.73,13.72,13.71,13.7,13.69,13.68,13.67,13.66,13.76,13.78,13.79,13.8,13.81,13.83,13.84,13.85,13.86,13.87,7300,4100,21800,67800,96100,62600,10600,20500,22300,29000,32400,13300,7900,2500,1000,2100,6000,7200,700,16100
11735.0,13.76,19328100,264272467.0,13.75,13.74,13.73,13.72,13.71,13.7,13.69,13.68,13.67,13.66,13.76,13.78,13.79,13.8,13.81,13.83,13.84,13.85,13.86,13.87,7300,4100,21800,67800,96100,62600,10600,20500,22300,29000,30900,13300,7900,2500,1000,2100,6000,7200,700,16100
11736.0,13.76,19328100,264272467.0,13.75,13.74,13.73,13.72,13.71,13.7,13.69,13.68,13.67,13.66,13.76,13.78,13.79,13.8,13.81,13.83,13.84,13.85,13.86,13.87,7300,4100,21800,67800,96100,62600,10600,20500,22300,29000,30900,13300,7900,2500,1000,2100,6000,7200,700,16100
11737.0,13.76,19328100,264272467.0,13.75,13.74,13.73,13.72,13.71,13.7,13.69,13.68,13.67,13.66,13.76,13.78,13.79,13.8,13.81,13.83,13.84,13.85,13.86,13.87,7300,4900,21800,67800,96100,62600,10600,20500,22300,29000,30900,13300,7900,2500,1000,2100,6000,7200,700,16100
11738.0,13.76,19329100,264286227.0,13.75,13.74,13.73,13.72,13.71,13.7,13.69,13.68,13.67,13.66,13.76,13.78,13.79,13.8,13.81,13.83,13.84,13.85,13.86,13.87,5800,4900,21800,67800,96100,62600,10600,20500,22300,29000,29900,13300,7900,2500,1000,2100,6000,7200,700,16100
11739.0,13.76,19329300,264288979.0,13.75,13.74,13.73,13.72,13.71,13.7,13.69,13.68,13.67,13.66,13.76,13.78,13.79,13.8,13.81,13.83,13.84,13.85,13.86,13.87,5800,4900,21800,65500,96100,62600,10600,20400,22300,29000,29700,13300,7900,2500,1000,2100,6000,7200,700,16100
11740.0,13.76,19329300,264288979.0,13.75,13.74,13.73,13.72,13.71,13.7,13.69,13.68,13.67,13.66,13.76,13.78,13.79,13.8,13.81,13.83,13.84,13.85,13.86,13.87,5800,6900,21800,65500,96100,62600,10600,20400,22300,29000,29700,13300,7900,2500,1000,2100,6000,7200,700,16100
11741.0,13.76,19331000,264312371.0,13.75,13.74,13.73,13.72,13.71,13.7,13.69,13.68,13.67,13.66,13.76,13.78,13.79,13.8,13.81,13.83,13.84,13.85,13.86,13.87,5800,6900,21800,65500,96100,62600,10600,20400,22300,29000,28000,13300,7900,2500,1000,2100,6000,7200,700,16100
11742.0,13.75,19338100,264410022.0,13.75,13.74,13.73,13.72,13.71,13.7,13.69,13.68,13.67,13.66,13.76,13.78,13.79,13.8,13.81,13.83,13.84,13.85,13.86,13.87,1300,7100,21800,65500,96100,62600,10600,20400,22300,29000,25400,13300,7900,2500,1000,2100,6000,7200,700,16100
11743.0,13.75,19338100,264410022.0,13.75,13.74,13.73,13.72,13.71,13.7,13.69,13.68,13.67,13.66,13.76,13.78,13.79,13.8,13.81,13.83,13.84,13.85,13.86,13.87,1700,7100,21800,65500,96100,62600,10600,20400,22300,29000,25400,13300,7900,2500,1000,2100,6000,7200,700,16100
11744.0,13.76,19338500,264415526.0,13.75,13.74,13.73,13.72,13.71,13.7,13.69,13.68,13.67,13.66,13.76,13.78,13.79,13.8,13.81,13.83,13.84,13.85,13.86,13.87,1700,7600,21800,65500,95100,62600,10600,20400,22300,29000,25000,13300,7900,2500,1000,2100,6000,7200,700,16100
11745.0,13.76,19339200,264425158.0,13.75,13.74,13.73,13.72,13.71,13.7,13.69,13.68,13.67,13.66,13.76,13.78,13.79,13.8,13.81,13.83,13.84,13.85,13.86,13.87,1700,7600,21800,65500,95100,62600,10600,20400,22300,29000,24300,13300,7900,2500,1000,2100,6000,7200,700,16100
11746.0,13.76,19339200,264425158.0,13.75,13.74,13.73,13.72,13.71,13.7,13.69,13.68,13.67,13.66,13.76,13.78,13.79,13.8,13.81,13.83,13.84,13.85,13.86,13.87,1700,7600,21800,65500,95100,62600,10600,20400,22300,29000,24300,13300,7900,2500,1000,2100,6000,7200,700,16100
11747.0,13.76,19339200,264425158.0,13.75,13.74,13.73,13.72,13.71,13.7,13.69,13.68,13.67,13.66,13.76,13.78,13.79,13.8,13.81,13.83,13.84,13.85,13.86,13.87,1700,7600,21800,65500,95100,61800,10600,20400,22300,29000,24300,13300,7900,2500,1000,2100,6000,7200,700,16100
11748.0,13.76,19339900,264434790.0,13.75,13.74,13.73,13.72,13.71,13.7,13.69,13.68,13.67,13.66,13.76,13.78,13.79,13.8,13.81,13.83,13.84,13.85,13.86,13.87,1700,7600,16800,65600,95100,61800,10600,20400,22300,29000,23600,13300,7900,2500,1000,2100,6000,7200,700,16100
11749.0,13.76,19340600,264444422.0,13.75,13.74,13.73,13.72,13.71,13.7,13.69,13.68,13.67,13.66,13.76,13.78,13.79,13.8,13.81,13.83,13.84,13.85,13.86,13.87,1700,7600,16800,65600,95100,61800,10600,20400,22300,29000,22900,13300,7900,2500,1000,2100,6000,7200,700,16100
11750.0,13.76,19340600,264444422.0,13.75,13.74,13.73,13.72,13.71,13.7,13.69,13.68,13.67,13.66,13.76,13.78,13.79,13.8,13.81,13.83,13.84,13.85,13.86,13.87,1900,7600,16800,65600,95100,61800,10600,20400,22300,29000,22900,13300,7900,2500,1000,2100,6000,7200,700,16100
11751.0,13.76,19340600,264444422.0,13.75,13.74,13.73,13.72,13.71,13.7,13.69,13.68,13.67,13.66,13.76,13.78,13.79,13.8,13.81,13.83,13.84,13.85,13.86,13.87,2900,8300,16800,65600,95100,61800,10600,20400,22300,29000,22900,13300,7900,2500,1000,2100,6000,7200,700,16100
11752.0,13.76,19340600,264444422.0,13.75,13.74,13.73,13.72,13.71,13.7,13.69,13.68,13.67,13.66,13.76,13.78,13.79,13.8,13.81,13.83,13.84,13.85,13.86,13.87,3800,8300,16800,65600,95100,62800,10600,20400,22300,29000,22900,13300,7900,2500,1000,2100,6000,7200,700,16100
11753.0,13.76,19342800,264474694.0,13.75,13.74,13.73,13.72,13.71,13.7,13.69,13.68,13.67,13.66,13.76,13.78,13.79,13.8,13.81,13.83,13.84,13.85,13.86,13.87,3800,8300,16800,65600,95100,62800,10600,20400,22300,29000,20700,13300,7900,2500,1000,2100,6000,7200,700,16100
11754.0,13.76,19359000,264697596.0,13.75,13.74,13.73,13.72,13.71,13.7,13.69,13.68,13.67,13.66,13.76,13.78,13.79,13.8,13.81,13.83,13.84,13.85,13.86,13.87,2800,8300,16800,65600,95100,62300,10600,20400,22300,29000,5500,13300,7900,2500,1000,2100,6000,7200,700,16100
11755.0,13.76,19359000,264697596.0,13.75,13.74,13.73,13.72,13.71,13.7,13.69,13.68,13.67,13.66,13.76,13.78,13.79,13.8,13.81,13.83,13.84,13.85,13.86,13.87,2800,8300,16800,65600,95100,62300,10600,20400,22300,29000,5500,13300,7900,2500,1000,2100,6000,7200,700,16100
11756.0,13.76,19359800,264708604.0,13.75,13.74,13.73,13.72,13.71,13.7,13.69,13.68,13.67,13.66,13.76,13.78,13.79,13.8,13.81,13.83,13.84,13.85,13.86,13.87,2800,8300,16800,65600,95100,62300,10600,20400,22300,29000,4700,13300,7900,2500,1000,2100,6000,7200,700,16100
11757.0,13.76,19362700,264748508.0,13.75,13.74,13.73,13.72,13.71,13.7,13.69,13.68,13.67,13.66,13.76,13.78,13.79,13.8,13.81,13.83,13.84,13.85,13.86,13.87,2800,8300,16800,65600,95100,62300,10600,21800,22300,29000,1800,13300,7900,2500,1000,2100,6000,7200,700,16100
11758.0,13.75,19362900,264751258.0,13.75,13.74,13.73,13.72,13.71,13.7,13.69,13.68,13.67,13.66,13.76,13.78,13.79,13.8,13.81,13.83,13.84,13.85,13.86,13.87,2600,8300,16800,65600,95100,62300,10600,21800,22300,29000,1800,13300,7900,2500,1000,2100,6000,7200,700,16100
11759.0,13.75,19362900,264751258.0,13.75,13.74,13.73,13.72,13.71,13.7,13.69,13.68,13.67,13.66,13.76,13.78,13.79,13.8,13.81,13.83,13.84,13.85,13.86,13.87,3200,8300,16300,65600,95100,62300,10600,21800,22300,29000,1800,13300,7900,2500,1000,2100,6000,7200,700,16100
11760.0,13.76,19364700,264776026.0,13.76,13.75,13.74,13.73,13.72,13.71,13.7,13.69,13.68,13.67,13.78,13.79,13.8,13.81,13.83,13.84,13.85,13.86,13.87,13.88,5900,3200,8300,16300,65600,95100,62300,10600,21800,22300,13300,7900,3000,1000,2100,6000,7200,700,16100,8600
11761.0,13.76,19365200,264782906.0,13.76,13.75,13.74,13.73,13.72,13.71,13.7,13.69,13.68,13.67,13.78,13.79,13.8,13.81,13.83,13.84,13.85,13.86,13.87,13.88,6000,3200,8300,16300,65600,95100,62300,10600,21800,22300,13900,7900,3000,1000,2100,6000,7200,700,16100,8600
11762.0,13.76,19365200,264782906.0,13.76,13.75,13.74,13.73,13.72,13.71,13.7,13.69,13.68,13.67,13.78,13.79,13.8,13.81,13.83,13.84,13.85,13.86,13.87,13.88,6400,3200,7000,16300,65600,95100,62300,10600,21800,22300,14500,7900,3000,1000,2100,6000,7200,700,16100,8600
11763.0,13.78,19365900,264792552.0,13.76,13.75,13.74,13.73,13.72,13.71,13.7,13.69,13.68,13.67,13.78,13.79,13.8,13.81,13.83,13.84,13.85,13.86,13.87,13.88,6600,3200,7000,16300,65600,95100,62300,10600,21800,22300,13800,7900,3000,1000,2100,6000,7200,700,16100,8600
11764.0,13.78,19367300,264811844.0,13.76,13.75,13.74,13.73,13.72,13.71,13.7,13.69,13.68,13.67,13.78,13.79,13.8,13.81,13.83,13.84,13.85,13.86,13.87,13.88,7000,3200,7000,16200,65600,95100,62300,10600,21800,22300,12800,7900,3000,1000,1300,6000,7200,700,16100,8600
11765.0,13.76,19368000,264821476.0,13.76,13.75,13.74,13.73,13.72,13.71,13.7,13.69,13.68,13.67,13.78,13.79,13.8,13.81,13.83,13.84,13.85,13.86,13.87,13.88,6500,3200,7000,16200,65600,95100,62300,10600,21800,22300,13000,7900,3000,1000,1300,6000,7200,700,16100,8600
11766.0,13.76,19368000,264821476.0,13.76,13.75,13.74,13.73,13.72,13.71,13.7,13.69,13.68,13.67,13.78,13.79,13.8,13.81,13.83,13.84,13.85,13.86,13.87,13.88,6600,2300,7000,16200,65600,94100,62300,10600,21800,22300,13000,7900,3000,1000,1300,6000,7200,700,16100,8600
11767.0,13.76,19368000,264821476.0,13.76,13.75,13.74,13.73,13.72,13.71,13.7,13.69,13.68,13.67,13.78,13.79,13.8,13.81,13.83,13.84,13.85,13.86,13.87,13.88,7000,2300,7000,16200,65600,94100,62300,10600,21800,22300,13400,7900,3000,1000,1300,6000,7200,700,16100,8600
11768.0,13.78,19368900,264833864.0,13.76,13.75,13.74,13.73,13.72,13.71,13.7,13.69,13.68,13.67,13.78,13.79,13.8,13.81,13.83,13.84,13.85,13.86,13.87,13.88,6500,2300,7000,16200,65600,94100,62300,10600,21800,22300,13400,7900,3000,1000,1300,6000,7200,700,16100,8600
11769.0,13.78,19368900,264833864.0,13.76,13.75,13.74,13.73,13.72,13.71,13.7,13.69,13.68,13.67,13.78,13.79,13.8,13.81,13.83,13.84,13.85,13.86,13.87,13.88,6900,2300,7000,16200,65600,94100,62700,600,21800,22300,13800,7900,3000,1000,1300,6000,7200,700,16100,8600
11770.0,13.78,19368900,264833864.0,13.76,13.75,13.74,13.73,13.72,13.71,13.7,13.69,13.68,13.67,13.78,13.79,13.8,13.81,13.83,13.84,13.85,13.86,13.87,13.88,7100,2300,7000,16200,65600,94100,62700,600,21800,22300,14000,7900,3000,1000,1300,6000,7200,700,16100,8600
11771.0,13.76,19370500,264855894.0,13.76,13.75,13.74,13.73,13.72,13.71,13.7,13.69,13.68,13.67,13.78,13.79,13.8,13.81,13.83,13.84,13.85,13.86,13.87,13.88,6600,2300,7000,16200,65600,94100,62700,600,21800,22300,13700,7900,3000,1000,1300,6000,7200,700,16100,8600
11772.0,13.76,19370500,264855894.0,13.76,13.75,13.74,13.73,13.72,13.71,13.7,13.69,13.68,13.67,13.78,13.79,13.8,13.81,13.83,13.84,13.85,13.86,13.87,13.88,7000,2300,7000,16200,65600,94100,65600,600,21800,22300,13700,7900,3000,1000,1300,6000,7200,700,16100,8600
11773.0,13.76,19370500,264855894.0,13.76,13.75,13.74,13.73,13.72,13.71,13.7,13.69,13.68,13.67,13.78,13.79,13.8,13.81,13.83,13.84,13.85,13.86,13.87,13.88,7300,2300,7000,16200,65600,94100,65600,600,21800,22300,14000,7900,3000,1000,1300,6000,7200,700,16100,8600
11774.0,13.78,19372400,264882062.0,13.76,13.75,13.74,13.73,13.72,13.71,13.7,13.69,13.68,13.67,13.78,13.79,13.8,13.81,13.83,13.84,13.85,13.86,13.87,13.88,7000,2300,7000,16200,65600,94100,65600,600,21800,22300,13200,7900,3000,1000,1300,6000,7200,700,16100,8600
11775.0,13.78,19373800,264901354.0,13.76,13.75,13.74,13.73,13.72,13.71,13.7,13.69,13.68,13.67,13.78,13.79,13.8,13.81,13.83,13.84,13.85,13.86,13.87,13.88,7300,2300,7000,16200,65600,94100,65600,600,21800,22300,12100,7900,3000,1000,1300,6000,7200,700,16100,8600
11776.0,13.78,19373800,264901354.0,13.76,13.75,13.74,13.73,13.72,13.71,13.7,13.69,13.68,13.67,13.78,13.79,13.8,13.81,13.83,13.84,13.85,13.86,13.87,13.88,7700,2300,7000,16200,65600,94100,67600,600,21800,22300,12500,7900,3000,1000,1300,6000,7200,700,16100,8600
11777.0,13.78,19373900,264902732.0,13.77,13.76,13.75,13.74,13.73,13.72,13.71,13.7,13.69,13.68,13.78,13.79,13.8,13.81,13.83,13.84,13.85,13.86,13.87,13.88,500,7700,2300,7000,16200,65600,94100,67600,600,21800,12400,7900,3000,1000,1300,6000,7200,700,16100,8600
11778.0,13.78,19375300,264922015.0,13.76,13.75,13.74,13.73,13.72,13.71,13.7,13.69,13.68,13.67,13.78,13.79,13.8,13.81,13.83,13.84,13.85,13.86,13.87,13.88,8400,5300,7000,16200,65600,94100,67600,600,21800,22300,11700,7900,3000,1000,1300,6000,7200,700,16100,8600
11779.0,13.78,19375300,264922015.0,13.76,13.75,13.74,13.73,13.72,13.71,13.7,13.69,13.68,13.67,13.78,13.79,13.8,13.81,13.83,13.84,13.85,13.86,13.87,13.88,8400,5300,7000,16200,65600,94100,67600,600,21800,22300,11700,7900,4500,1000,1300,6000,7200,700,16100,8600
11780.0,13.78,19375300,264922015.0,13.76,13.75,13.74,13.73,13.72,13.71,13.7,13.69,13.68,13.67,13.78,13.79,13.8,13.81,13.83,13.84,13.85,13.86,13.87,13.88,9100,5300,7000,17000,65600,94100,67600,600,21800,22300,12400,7900,4500,1000,1300,6000,7200,700,16100,8600
11781.0,13.78,19378800,264970231.0,13.76,13.75,13.74,13.73,13.72,13.71,13.7,13.69,13.68,13.67,13.78,13.79,13.8,13.81,13.83,13.84,13.85,13.86,13.87,13.88,8400,5300,7000,17000,65600,94100,67600,600,21800,22300,9600,7900,4500,1000,1300,6000,7200,700,16100,8600
11782.0,13.78,19378800,264970231.0,13.76,13.75,13.74,13.73,13.72,13.71,13.7,13.69,13.68,13.67,13.78,13.79,13.8,13.81,13.83,13.84,13.85,13.86,13.87,13.88,8700,5300,7000,17000,65700,94100,67600,600,21800,22300,9900,7900,9800,1000,1300,6000,7200,700,16100,8600
11783.0,13.78,19378800,264970231.0,13.76,13.75,13.74,13.73,13.72,13.71,13.7,13.69,13.68,13.67,13.78,13.79,13.8,13.81,13.83,13.84,13.85,13.86,13.87,13.88,9100,5300,7000,17000,65700,94100,67600,600,21800,22300,10300,7900,9800,1000,1300,6000,7200,700,16100,8600
11784.0,13.76,19379500,264979863.0,13.76,13.75,13.74,13.73,13.72,13.71,13.7,13.69,13.68,13.67,13.78,13.79,13.8,13.81,13.83,13.84,13.85,13.86,13.87,13.88,8400,5300,7000,17000,65700,94100,67600,600,21800,22300,10300,7900,9800,1000,1300,6000,7200,700,16100,8600
11785.0,13.78,19381900,265012935.0,13.76,13.75,13.74,13.73,13.72,13.71,13.7,13.69,13.68,13.67,13.78,13.79,13.8,13.81,13.83,13.84,13.85,13.86,13.87,13.88,9100,5300,7000,17000,65700,94100,67600,600,21800,22300,8600,7900,9800,1000,1300,6000,7200,700,16100,8600
11786.0,13.78,19383300,265032227.0,13.76,13.75,13.74,13.73,13.72,13.71,13.7,13.69,13.68,13.67,13.78,13.79,13.8,13.81,13.83,13.84,13.85,13.86,13.87,13.88,9100,5500,7000,17000,65700,94100,67600,600,21800,22300,7200,7900,9800,1000,1300,6000,7200,700,16100,8600
11787.0,13.78,19388700,265106625.0,13.76,13.75,13.74,13.73,13.72,13.71,13.7,13.69,13.68,13.67,13.78,13.79,13.8,13.81,13.83,13.84,13.85,13.86,13.87,13.88,9100,5500,7000,17000,65700,94100,67600,600,21800,22300,3200,7900,10000,1000,1300,6000,7200,700,16100,8600
11788.0,13.78,19388700,265106625.0,13.76,13.75,13.74,13.73,13.72,13.71,13.7,13.69,13.68,13.67,13.78,13.79,13.8,13.81,13.83,13.84,13.85,13.86,13.87,13.88,9100,5500,7000,17000,65700,94100,66900,600,21800,22300,3200,7900,10000,1000,1300,6000,7200,700,16100,8600
11789.0,13.78,19388700,265106625.0,13.76,13.75,13.74,13.73,13.72,13.71,13.7,13.69,13.68,13.67,13.78,13.79,13.8,13.81,13.83,13.84,13.85,13.86,13.87,13.88,9400,5500,7000,17000,65700,94100,66900,600,21800,22300,3500,7900,10600,1000,1300,6000,7200,700,16100,8600
11790.0,13.77,19389600,265119011.0,13.77,13.76,13.75,13.74,13.73,13.72,13.71,13.7,13.69,13.68,13.78,13.79,13.8,13.81,13.83,13.84,13.85,13.86,13.87,13.88,1300,9200,5500,7000,17000,65700,94100,66900,600,21800,4000,7900,10600,1000,1300,6000,7200,700,16100,8600
11791.0,13.77,19389600,265119011.0,13.77,13.76,13.75,13.74,13.73,13.72,13.71,13.7,13.69,13.68,13.78,13.79,13.8,13.81,13.83,13.84,13.85,13.86,13.87,13.88,1300,9500,5500,7000,17000,65700,94100,66800,600,21800,4000,7900,10600,1000,1300,6000,7200,700,16100,8600
11792.0,13.78,19390000,265124523.0,13.77,13.76,13.75,13.74,13.73,13.72,13.71,13.7,13.69,13.68,13.78,13.79,13.8,13.81,13.83,13.84,13.85,13.86,13.87,13.88,1300,9500,5500,7000,17000,65700,94100,66800,600,21800,3600,7900,10600,1000,1300,6000,7200,700,16100,8600
11793.0,13.77,19391600,265146555.0,13.76,13.75,13.74,13.73,13.72,13.71,13.7,13.69,13.68,13.67,13.77,13.78,13.79,13.8,13.81,13.83,13.84,13.85,13.86,13.87,9500,5500,7000,17000,65700,94100,66800,600,21800,22300,8500,3600,7900,10600,1000,1300,6000,7200,700,16100
11794.0,13.77,19394900,265191996.0,13.76,13.75,13.74,13.73,13.72,13.71,13.7,13.69,13.68,13.67,13.77,13.78,13.79,13.8,13.81,13.83,13.84,13.85,13.86,13.87,9500,5500,7000,17000,65700,94100,66800,600,21800,22300,5200,3600,7900,10600,1000,1300,6000,7200,700,16100
11795.0,13.77,19396400,265212651.0,13.76,13.75,13.74,13.73,13.72,13.71,13.7,13.69,13.68,13.67,13.77,13.78,13.79,13.8,13.81,13.83,13.84,13.85,13.86,13.87,9500,5500,7000,17000,65700,93200,66800,600,21800,22300,3700,3600,7900,10600,1000,1300,6000,7200,700,16100
11796.0,13.76,19397100,265222283.0,13.76,13.75,13.74,13.73,13.72,13.71,13.7,13.69,13.68,13.67,13.77,13.78,13.79,13.8,13.81,13.83,13.84,13.85,13.86,13.87,8800,5500,7000,17000,65700,93200,66800,600,21800,22300,3700,3600,7900,10600,3200,1300,6000,7200,700,16100
11797.0,13.76,19397100,265222283.0,13.76,13.75,13.74,13.73,13.72,13.71,13.7,13.69,13.68,13.67,13.77,13.78,13.79,13.8,13.81,13.83,13.84,13.85,13.86,13.87,8800,5500,7000,17000,65700,93200,66800,600,23800,22300,3700,3600,7900,10600,3200,1300,6000,7200,700,16100
11798.0,13.77,19397800,265231922.0,13.76,13.75,13.74,13.73,13.72,13.71,13.7,13.69,13.68,13.67,13.77,13.78,13.79,13.8,13.81,13.83,13.84,13.85,13.86,13.87,8800,5500,7000,17000,65700,93200,66800,600,23800,22300,3000,3600,7900,10600,3200,1300,6000,7200,700,16100
11799.0,13.76,19399000,265248439.0,13.76,13.75,13.74,13.73,13.72,13.71,13.7,13.69,13.68,13.67,13.77,13.78,13.79,13.8,13.81,13.83,13.84,13.85,13.86,13.87,8100,5500,7000,17000,65700,93200,66800,600,23800,22300,2500,3600,7900,10600,3200,1300,6000,7200,700,16100
11800.0,13.77,19399700,265258078.0,13.76,13.75,13.74,13.73,13.72,13.71,13.7,13.69,13.68,13.67,13.77,13.78,13.79,13.8,13.81,13.83,13.84,13.85,13.86,13.87,8100,5500,7000,17000,65700,93200,66800,600,23800,22300,1800,3700,7900,10600,3200,1300,6000,7200,700,16100
11801.0,13.77,19399700,265258078.0,13.76,13.75,13.74,13.73,13.72,13.71,13.7,13.69,13.68,13.67,13.77,13.78,13.79,13.8,13.81,13.83,13.84,13.85,13.86,13.87,8100,5500,6000,17000,65700,93200,66800,600,23800,22300,1800,3700,7900,10600,3200,1300,6000,7200,700,16100
11802.0,13.77,19400600,265270464.0,13.76,13.75,13.74,13.73,13.72,13.71,13.7,13.69,13.68,13.67,13.77,13.78,13.79,13.8,13.81,13.83,13.84,13.85,13.86,13.87,7400,5500,6000,17000,65700,93200,66800,600,23800,22300,1600,3700,7900,10600,3200,1300,6000,7200,700,16100
11803.0,13.77,19400600,265270464.0,13.76,13.75,13.74,13.73,13.72,13.71,13.7,13.69,13.68,13.67,13.77,13.78,13.79,13.8,13.81,13.83,13.84,13.85,13.86,13.87,7400,5500,6000,17000,65700,93200,66800,600,23800,22300,1600,3700,7900,10600,3200,1300,6000,7200,700,16100
11804.0,13.77,19400600,265270464.0,13.76,13.75,13.74,13.73,13.72,13.71,13.7,13.69,13.68,13.67,13.77,13.78,13.79,13.8,13.81,13.83,13.84,13.85,13.86,13.87,7400,5500,6000,17000,65700,93200,66800,600,23800,22300,2600,3700,7900,10800,3200,1300,6000,7200,700,16100
11805.0,13.77,19400600,265270464.0,13.76,13.75,13.74,13.73,13.72,13.71,13.7,13.69,13.68,13.67,13.77,13.78,13.79,13.8,13.81,13.83,13.84,13.85,13.86,13.87,7400,10600,6000,17000,65700,93200,66800,600,23800,22300,2600,3700,7900,10800,3200,1300,6000,7200,700,16100
11806.0,13.77,19403900,265315898.0,13.77,13.76,13.75,13.74,13.73,13.72,13.71,13.7,13.69,13.68,13.78,13.79,13.8,13.81,13.83,13.84,13.85,13.86,13.87,13.88,400,6700,10600,6000,17000,65700,93200,67500,600,23800,3700,7900,10800,3200,1300,6000,7200,700,16100,8600
11807.0,13.78,19404200,265320032.0,13.77,13.76,13.75,13.74,13.73,13.72,13.71,13.7,13.69,13.68,13.78,13.79,13.8,13.81,13.83,13.84,13.85,13.86,13.87,13.88,400,6700,10600,6000,17000,65700,93200,67500,600,23800,3400,7900,10800,3200,1300,6000,7200,700,16100,8600
11808.0,13.76,19405500,265337924.0,13.76,13.75,13.74,13.73,13.72,13.71,13.7,13.69,13.68,13.67,13.78,13.79,13.8,13.81,13.83,13.84,13.85,13.86,13.87,13.88,5800,10600,6000,17000,65700,93200,67500,600,23800,22300,3400,7900,10800,3200,1300,6000,7200,700,16100,8600
11809.0,13.78,19406600,265353072.0,13.76,13.75,13.74,13.73,13.72,13.71,13.7,13.69,13.68,13.67,13.78,13.79,13.8,13.81,13.83,13.84,13.85,13.86,13.87,13.88,5800,10600,6000,17000,65700,93200,67500,600,23800,22300,3300,7900,10800,3200,1300,6000,7200,700,16100,8600
11810.0,13.77,19406800,265355826.0,13.76,13.75,13.74,13.73,13.72,13.71,13.7,13.69,13.68,13.67,13.77,13.78,13.79,13.8,13.81,13.83,13.84,13.85,13.86,13.87,5800,10600,7300,17000,65700,93200,67400,600,23800,22300,600,3300,7900,10800,3200,1300,6000,7200,700,16100
11811.0,13.77,19406800,265355826.0,13.76,13.75,13.74,13.73,13.72,13.71,13.7,13.69,13.68,13.67,13.77,13.78,13.79,13.8,13.81,13.83,13.84,13.85,13.86,13.87,5800,10600,7300,17000,65700,93200,66700,600,23800,22300,600,3300,7900,10800,3200,1300,6000,7200,700,16100
11812.0,13.76,19407300,265362706.0,13.76,13.75,13.74,13.73,13.72,13.71,13.7,13.69,13.68,13.67,13.77,13.78,13.79,13.8,13.81,13.83,13.84,13.85,13.86,13.87,5300,10600,7300,17000,66400,93200,66700,600,23800,22300,600,3300,7900,10800,3200,1300,6000,7200,700,16100
11813.0,13.77,19408400,265377853.0,13.77,13.76,13.75,13.74,13.73,13.72,13.71,13.7,13.69,13.68,13.78,13.79,13.8,13.81,13.83,13.84,13.85,13.86,13.87,13.88,2400,5300,10600,7300,17000,66400,93200,66700,600,23800,3300,7900,12000,3200,1300,6000,7200,700,16100,8600
11814.0,13.78,19408700,265381987.0,13.77,13.76,13.75,13.74,13.73,13.72,13.71,13.7,13.69,13.68,13.78,13.79,13.8,13.81,13.83,13.84,13.85,13.86,13.87,13.88,2400,5300,10600,7300,17000,66400,93200,66700,600,23800,3000,7900,12000,3200,1300,6000,7200,700,16100,8600
11815.0,13.77,19408900,265384741.0,13.77,13.76,13.75,13.74,13.73,13.72,13.71,13.7,13.69,13.68,13.78,13.79,13.8,13.81,13.83,13.84,13.85,13.86,13.87,13.88,2400,5300,10600,7300,17000,66400,93200,66700,600,23800,3000,7900,12000,3200,1300,6000,7200,700,16100,8600
11816.0,13.77,19408900,265384741.0,13.77,13.76,13.75,13.74,13.73,13.72,13.71,13.7,13.69,13.68,13.78,13.79,13.8,13.81,13.83,13.84,13.85,13.86,13.87,13.88,2400,5300,10600,7300,17000,66400,93200,66700,600,23800,3000,7900,12000,3200,1300,6000,7200,700,16100,8600
11817.0,13.77,19408900,265384741.0,13.77,13.76,13.75,13.74,13.73,13.72,13.71,13.7,13.69,13.68,13.78,13.79,13.8,13.81,13.83,13.84,13.85,13.86,13.87,13.88,2400,5500,10600,7300,17000,66400,93200,66700,600,23800,3000,7900,12000,3200,1300,6000,7200,700,16100,8600
11818.0,13.77,19409100,265387495.0,13.77,13.76,13.75,13.74,13.73,13.72,13.71,13.7,13.69,13.68,13.78,13.79,13.8,13.81,13.83,13.84,13.85,13.86,13.87,13.88,2200,5500,10600,7300,17000,66400,93200,66700,600,23800,3000,7900,11800,3200,1300,6000,7200,700,16100,8600
11819.0,13.78,19412100,265428835.0,13.78,13.77,13.76,13.75,13.74,13.73,13.72,13.71,13.7,13.69,13.79,13.8,13.81,13.83,13.84,13.85,13.86,13.87,13.88,13.89,10000,2200,5500,10600,7300,17000,66400,93200,66700,600,7900,11800,3200,1300,6000,7200,700,16100,8600,13700
11820.0,13.79,19412200,265430214.0,13.78,13.77,13.76,13.75,13.74,13.73,13.72,13.71,13.7,13.69,13.79,13.8,13.81,13.83,13.84,13.85,13.86,13.87,13.88,13.89,10000,2200,5500,10600,7300,17000,66400,93200,66400,600,7800,10300,3200,1300,6000,7200,700,16100,8600,13700
11821.0,13.78,19415000,265468819.0,13.78,13.77,13.76,13.75,13.74,13.73,13.72,13.71,13.7,13.69,13.79,13.8,13.81,13.83,13.84,13.85,13.86,13.87,13.88,13.89,9300,2200,5500,10900,7300,17000,66400,93200,66400,600,5700,10300,3200,1300,6000,7200,700,16100,8600,13700
11822.0,13.78,19415000,265468819.0,13.78,13.77,13.76,13.75,13.74,13.73,13.72,13.71,13.7,13.69,13.79,13.8,13.81,13.83,13.84,13.85,13.86,13.87,13.88,13.89,9300,2200,5500,11000,7300,17000,66400,93200,66400,600,5700,10300,3200,1300,6000,7200,700,16100,8600,13700
11823.0,13.78,19415000,265468819.0,13.78,13.77,13.76,13.75,13.74,13.73,13.72,13.71,13.7,13.69,13.79,13.8,13.81,13.83,13.84,13.85,13.86,13.87,13.88,13.89,9300,2200,5500,11000,7300,17000,66400,93200,66400,600,5700,10300,3200,1300,6000,7200,700,16100,8600,13700
11824.0,13.78,19415000,265468819.0,13.78,13.77,13.76,13.75,13.74,13.73,13.72,13.71,13.7,13.69,13.79,13.8,13.81,13.83,13.84,13.85,13.86,13.87,13.88,13.89,9300,2200,5500,11000,7300,17000,66400,93200,66400,600,5700,10300,3200,1300,6000,7200,700,16100,8600,13700
11825.0,13.78,19415700,265478465.0,13.78,13.77,13.76,13.75,13.74,13.73,13.72,13.71,13.7,13.69,13.79,13.8,13.81,13.83,13.84,13.85,13.86,13.87,13.88,13.89,8600,2200,5500,11000,7700,17000,66400,93200,66400,600,5700,10300,3200,1300,6000,7200,700,16100,8600,13700
11826.0,13.78,19415700,265478465.0,13.78,13.77,13.76,13.75,13.74,13.73,13.72,13.71,13.7,13.69,13.79,13.8,13.81,13.83,13.84,13.85,13.86,13.87,13.88,13.89,8600,2200,5500,14000,7700,17000,66400,93200,66400,600,5700,10300,3200,1300,6000,7200,700,16100,8600,13700
11827.0,13.78,19424300,265596973.0,13.77,13.76,13.75,13.74,13.73,13.72,13.71,13.7,13.69,13.68,13.78,13.79,13.8,13.81,13.83,13.84,13.85,13.86,13.87,13.88,2200,5500,14000,7700,17000,66400,93200,66900,600,23900,26300,5700,10300,3200,1300,6000,7200,700,16100,8600
11828.0,13.78,19425200,265609373.0,13.77,13.76,13.75,13.74,13.73,13.72,13.71,13.7,13.69,13.68,13.78,13.79,13.8,13.81,13.83,13.84,13.85,13.86,13.87,13.88,2000,5500,14000,7700,17000,66400,93200,66900,600,23900,25600,5700,10300,3200,1300,6000,7200,700,16100,8600
11829.0,13.78,19425200,265609373.0,13.77,13.76,13.75,13.74,13.73,13.72,13.71,13.7,13.69,13.68,13.78,13.79,13.8,13.81,13.83,13.84,13.85,13.86,13.87,13.88,2000,5500,14000,7700,17000,66400,93200,66900,600,23900,27800,5700,10300,3200,1300,6000,7200,700,16100,8600
11830.0,13.77,19427200,265636913.0,13.76,13.75,13.74,13.73,13.72,13.71,13.7,13.69,13.68,13.67,13.77,13.78,13.79,13.8,13.81,13.83,13.84,13.85,13.86,13.87,5500,14000,9100,17000,66400,93200,66900,600,23900,22300,1700,27800,5700,10300,3200,1300,6000,7200,700,16100
11831.0,13.76,19427700,265643793.0,13.76,13.75,13.74,13.73,13.72,13.71,13.7,13.69,13.68,13.67,13.77,13.78,13.79,13.8,13.81,13.83,13.84,13.85,13.86,13.87,4800,14000,9100,17000,66400,93200,66900,600,23900,22300,1700,27900,5700,10300,3200,1300,6000,7200,700,16100
11832.0,13.76,19432100,265704337.0,13.76,13.75,13.74,13.73,13.72,13.71,13.7,13.69,13.68,13.67,13.77,13.78,13.79,13.8,13.81,13.83,13.84,13.85,13.86,13.87,400,14000,9100,17000,66400,93200,66900,600,23900,22300,1700,27900,5700,10300,3200,1300,6000,7200,700,16100
11833.0,13.76,19432100,265704337.0,13.76,13.75,13.74,13.73,13.72,13.71,13.7,13.69,13.68,13.67,13.77,13.78,13.79,13.8,13.81,13.83,13.84,13.85,13.86,13.87,400,14000,9100,17000,66400,93200,66900,600,23900,22300,1700,27900,5700,10300,3200,1300,6000,7200,700,16100
11834.0,13.76,19432100,265704337.0,13.76,13.75,13.74,13.73,13.72,13.71,13.7,13.69,13.68,13.67,13.77,13.78,13.79,13.8,13.81,13.83,13.84,13.85,13.86,13.87,400,14000,9100,17000,66400,93200,66900,600,23900,22300,1700,27900,5700,10300,3200,1300,6000,7200,700,16100
11835.0,13.76,19432500,265709841.0,13.75,13.74,13.73,13.72,13.71,13.7,13.69,13.68,13.67,13.66,13.76,13.77,13.78,13.79,13.8,13.81,13.83,13.84,13.85,13.86,14000,9100,17000,66400,93200,66900,600,23900,22300,29000,600,1700,27900,5700,10300,3200,1300,6000,7200,700
11836.0,13.76,19432500,265709841.0,13.75,13.74,13.73,13.72,13.71,13.7,13.69,13.68,13.67,13.66,13.76,13.77,13.78,13.79,13.8,13.81,13.83,13.84,13.85,13.86,14000,9100,17000,66400,93200,66900,600,23900,21800,29000,600,1700,27900,5700,10300,3200,1300,6000,7200,700
11837.0,13.76,19433400,265722218.0,13.75,13.74,13.73,13.72,13.71,13.7,13.69,13.68,13.67,13.66,13.76,13.77,13.78,13.79,13.8,13.81,13.83,13.84,13.85,13.86,13300,9100,17000,46400,93200,66900,600,23900,21800,29000,400,1700,27900,5700,10300,3200,1300,6000,7200,700
11838.0,13.76,19433400,265722218.0,13.75,13.74,13.73,13.72,13.71,13.7,13.69,13.68,13.67,13.66,13.76,13.77,13.78,13.79,13.8,13.81,13.83,13.84,13.85,13.86,13300,9100,17000,46400,93200,66900,600,23900,21800,29000,400,1700,27100,5700,10300,3200,1300,6000,7200,700
11839.0,13.76,19433400,265722218.0,13.75,13.74,13.73,13.72,13.71,13.7,13.69,13.68,13.67,13.66,13.76,13.77,13.78,13.79,13.8,13.81,13.83,13.84,13.85,13.86,13300,9100,17000,46400,93200,66900,600,23900,21800,29000,400,1700,27100,5700,10300,3200,1300,6000,7200,700
11840.0,13.77,19434600,265738724.0,13.75,13.74,13.73,13.72,13.71,13.7,13.69,13.68,13.67,13.66,13.77,13.78,13.79,13.8,13.81,13.83,13.84,13.85,13.86,13.87,12600,9100,17000,46400,93200,66900,600,23900,21800,29000,1600,27100,5700,10300,3200,1300,6000,7200,700,16100
11841.0,13.77,19434800,265741478.0,13.75,13.74,13.73,13.72,13.71,13.7,13.69,13.68,13.67,13.66,13.77,13.78,13.79,13.8,13.81,13.83,13.84,13.85,13.86,13.87,13000,9100,17000,46400,93200,66900,600,23900,21800,29000,1800,27100,5700,10300,3200,1300,6000,7200,700,16100
11842.0,13.77,19434800,265741478.0,13.75,13.74,13.73,13.72,13.71,13.7,13.69,13.68,13.67,13.66,13.77,13.78,13.79,13.8,13.81,13.83,13.84,13.85,13.86,13.87,13000,9100,17000,46400,93200,66900,600,23900,21800,29000,2100,27100,5700,10300,3200,1300,6000,7200,700,16100
11843.0,13.75,19437100,265773107.0,13.75,13.74,13.73,13.72,13.71,13.7,13.69,13.68,13.67,13.66,13.77,13.78,13.79,13.8,13.81,13.83,13.84,13.85,13.86,13.87,11600,9100,17000,46400,93200,66900,600,23900,21800,29000,2300,24900,5700,11000,3200,1300,6000,7200,700,16100
11844.0,13.75,19437100,265773107.0,13.75,13.74,13.73,13.72,13.71,13.7,13.69,13.68,13.67,13.66,13.77,13.78,13.79,13.8,13.81,13.83,13.84,13.85,13.86,13.87,11600,9100,17000,46400,93200,66900,600,23900,21800,29000,2300,24900,5700,11000,3200,1300,6000,7200,700,16100
11845.0,13.75,19437100,265773107.0,13.75,13.74,13.73,13.72,13.71,13.7,13.69,13.68,13.67,13.66,13.77,13.78,13.79,13.8,13.81,13.83,13.84,13.85,13.86,13.87,11900,9100,17000,46400,93200,66900,600,23900,21800,29000,2600,24900,5700,11000,3200,1300,6000,7200,700,16100
11846.0,13.75,19437800,265782732.0,13.75,13.74,13.73,13.72,13.71,13.7,13.69,13.68,13.67,13.66,13.77,13.78,13.79,13.8,13.81,13.83,13.84,13.85,13.86,13.87,11600,9100,17000,46400,93200,66900,600,23900,21800,29000,3000,24900,5700,11000,3200,1300,6000,7200,700,16100
11847.0,13.75,19437800,265782732.0,13.75,13.74,13.73,13.72,13.71,13.7,13.69,13.68,13.67,13.66,13.77,13.78,13.79,13.8,13.81,13.83,13.84,13.85,13.86,13.87,11900,9100,17000,46400,93200,66900,600,23900,21800,29000,3300,24900,5700,11000,3200,1300,6000,7200,700,16100
11848.0,13.75,19437800,265782732.0,13.75,13.74,13.73,13.72,13.71,13.7,13.69,13.68,13.67,13.66,13.77,13.78,13.79,13.8,13.81,13.83,13.84,13.85,13.86,13.87,12300,8100,17000,46400,93200,66900,600,23900,21800,29000,3700,24900,5700,11000,3200,1300,6000,7200,700,16100
11849.0,13.75,19438800,265796482.0,13.75,13.74,13.73,13.72,13.71,13.7,13.69,13.68,13.67,13.66,13.77,13.78,13.79,13.8,13.81,13.83,13.84,13.85,13.86,13.87,11300,8100,17000,46400,93200,66900,600,23900,21800,29000,4000,24900,5700,11000,3200,1300,6000,7200,700,16100
11850.0,13.75,19441800,265837740.0,13.75,13.74,13.73,13.72,13.71,13.7,13.69,13.68,13.67,13.66,13.77,13.78,13.79,13.8,13.81,13.83,13.84,13.85,13.86,13.87,9400,8100,17000,46400,93200,66900,600,23900,21800,29000,7600,24900,5700,11000,3200,1300,6000,7200,700,16100
11851.0,13.75,19441800,265837740.0,13.76,13.75,13.74,13.73,13.72,13.71,13.7,13.69,13.68,13.67,13.77,13.78,13.79,13.8,13.81,13.83,13.84,13.85,13.86,13.87,2200,9400,8100,17000,46400,93200,66900,600,23900,21800,7600,24900,5700,11000,3200,1300,6000,7200,700,16100
11852.0,13.76,19442000,265840492.0,13.76,13.75,13.74,13.73,13.72,13.71,13.7,13.69,13.68,13.67,13.77,13.78,13.79,13.8,13.81,13.83,13.84,13.85,13.86,13.87,2000,9400,8100,17000,46400,93200,66900,600,23900,21800,7600,24900,5700,11000,3200,1300,6000,7200,700,16100
11853.0,13.76,19442000,265840492.0,13.76,13.75,13.74,13.73,13.72,13.71,13.7,13.69,13.68,13.67,13.77,13.78,13.79,13.8,13.81,13.83,13.84,13.85,13.86,13.87,2000,9400,8100,17000,46400,93200,66900,600,23900,21800,7600,24900,5700,11000,3200,1300,6000,7200,700,16100
11854.0,13.76,19442500,265847372.0,13.76,13.75,13.74,13.73,13.72,13.71,13.7,13.69,13.68,13.67,13.77,13.78,13.79,13.8,13.81,13.83,13.84,13.85,13.86,13.87,1500,9400,8100,17000,46400,93200,66900,600,23900,21800,7600,24900,5700,11000,3200,1300,6000,7200,700,16100
11855.0,13.76,19442900,265852876.0,13.76,13.75,13.74,13.73,13.72,13.71,13.7,13.69,13.68,13.67,13.77,13.78,13.79,13.8,13.81,13.83,13.84,13.85,13.86,13.87,1100,9400,8100,18000,46400,93200,66900,600,23900,21800,7600,24900,5700,11000,3200,1300,6000,7200,700,16100
11856.0,13.76,19444000,265868012.0,13.75,13.74,13.73,13.72,13.71,13.7,13.69,13.68,13.67,13.66,13.76,13.77,13.78,13.79,13.8,13.81,13.83,13.84,13.85,13.86,9400,8100,18000,46400,93200,66900,600,23900,21800,29000,100,7600,24900,5700,11000,3200,1300,6000,7200,700
11857.0,13.76,19444000,265868012.0,13.75,13.74,13.73,13.72,13.71,13.7,13.69,13.68,13.67,13.66,13.76,13.77,13.78,13.79,13.8,13.81,13.83,13.84,13.85,13.86,9600,8100,18000,46400,93200,67100,600,23900,21800,29000,900,7600,24900,5700,11000,3200,1300,6000,7200,700
11858.0,13.75,19444700,265877637.0,13.75,13.74,13.73,13.72,13.71,13.7,13.69,13.68,13.67,13.66,13.76,13.77,13.78,13.79,13.8,13.81,13.83,13.84,13.85,13.86,8900,8100,18000,46400,93200,67100,600,23900,21800,29000,900,7600,24900,5700,11000,3200,1300,6000,7200,700
11859.0,13.75,19447700,265918887.0,13.75,13.74,13.73,13.72,13.71,13.7,13.69,13.68,13.67,13.66,13.76,13.77,13.78,13.79,13.8,13.81,13.83,13.84,13.85,13.86,5900,8100,18000,46400,94200,67100,600,23900,21800,29000,900,7600,24900,5700,11000,3200,1300,6000,7200,700
11860.0,13.75,19448100,265924387.0,13.75,13.74,13.73,13.72,13.71,13.7,13.69,13.68,13.67,13.66,13.76,13.77,13.78,13.79,13.8,13.81,13.83,13.84,13.85,13.86,5500,8100,18000,46400,94200,67100,600,23900,21800,29000,6700,7600,24900,5700,11000,3200,1300,6000,7200,700
11861.0,13.76,19449000,265936766.0,13.75,13.74,13.73,13.72,13.71,13.7,13.69,13.68,13.67,13.66,13.76,13.77,13.78,13.79,13.8,13.81,13.83,13.84,13.85,13.86,5000,8100,18000,46400,94200,67100,600,23900,21800,29000,6300,7600,24900,5700,11000,3200,1300,6000,7200,700
11862.0,13.76,19449100,265938142.0,13.75,13.74,13.73,13.72,13.71,13.7,13.69,13.68,13.67,13.66,13.76,13.77,13.78,13.79,13.8,13.81,13.83,13.84,13.85,13.86,5000,8100,18000,46400,94200,67100,600,23900,21800,29000,18900,7600,24900,5700,11000,3200,1300,6000,7200,700
11863.0,13.76,19450300,265954654.0,13.75,13.74,13.73,13.72,13.71,13.7,13.69,13.68,13.67,13.66,13.76,13.77,13.78,13.79,13.8,13.81,13.83,13.84,13.85,13.86,5000,8100,18000,46400,94200,67100,600,23900,21800,29000,17700,7600,24900,5700,11000,3200,1300,6000,7200,700
11864.0,13.75,19452900,265990411.0,13.75,13.74,13.73,13.72,13.71,13.7,13.69,13.68,13.67,13.66,13.76,13.77,13.78,13.79,13.8,13.81,13.83,13.84,13.85,13.86,3100,8100,18000,46400,94200,67100,600,23900,21800,29000,17000,7600,24900,6700,11000,3200,1300,6000,7200,700
11865.0,13.75,19452900,265990411.0,13.75,13.74,13.73,13.72,13.71,13.7,13.69,13.68,13.67,13.66,13.76,13.77,13.78,13.79,13.8,13.81,13.83,13.84,13.85,13.86,3100,8100,18000,46400,94200,64200,600,23900,21800,29000,17000,7600,24900,6700,11000,3200,1300,6000,7200,700
11866.0,13.75,19453500,265998661.0,13.75,13.74,13.73,13.72,13.71,13.7,13.69,13.68,13.67,13.66,13.76,13.77,13.78,13.79,13.8,13.81,13.83,13.84,13.85,13.86,4500,8100,18000,46400,94200,64200,600,23900,21800,29000,17000,7600,24900,6700,11000,3200,1300,6000,7200,700
11867.0,13.75,19453900,266004161.0,13.75,13.74,13.73,13.72,13.71,13.7,13.69,13.68,13.67,13.66,13.76,13.77,13.78,13.79,13.8,13.81,13.83,13.84,13.85,13.86,4100,8100,18000,46400,94200,64200,600,23900,21800,29000,20000,7600,24900,6700,11000,3200,1300,6000,7200,700
11868.0,13.75,19453900,266004161.0,13.75,13.74,13.73,13.72,13.71,13.7,13.69,13.68,13.67,13.66,13.76,13.77,13.78,13.79,13.8,13.81,13.83,13.84,13.85,13.86,4100,8100,18000,46400,94200,64200,600,23900,21800,29000,20000,7600,24900,6700,11000,3200,1300,6000,7200,700
11869.0,13.75,19453900,266004161.0,13.75,13.74,13.73,13.72,13.71,13.7,13.69,13.68,13.67,13.66,13.76,13.77,13.78,13.79,13.8,13.81,13.83,13.84,13.85,13.86,4100,8100,18000,46400,94200,64200,600,23900,21800,29000,20000,7600,24900,6700,11000,3200,1300,6000,7200,700
11870.0,13.75,19454300,266009661.0,13.75,13.74,13.73,13.72,13.71,13.7,13.69,13.68,13.67,13.66,13.76,13.77,13.78,13.79,13.8,13.81,13.83,13.84,13.85,13.86,3700,8100,18000,46400,94200,64200,600,23900,21800,29000,20000,7600,24900,6700,11000,3200,1300,6000,7200,700
11871.0,13.75,19454300,266009661.0,13.75,13.74,13.73,13.72,13.71,13.7,13.69,13.68,13.67,13.66,13.76,13.77,13.78,13.79,13.8,13.81,13.83,13.84,13.85,13.86,3700,8100,18000,46400,94200,64200,600,23900,21800,29000,20000,7600,24900,6700,11000,3200,1300,6000,7200,700
11872.0,13.76,19455000,266019293.0,13.75,13.74,13.73,13.72,13.71,13.7,13.69,13.68,13.67,13.66,13.76,13.77,13.78,13.79,13.8,13.81,13.83,13.84,13.85,13.86,3700,7700,18000,46400,94200,64200,600,23900,21800,29000,19300,7600,24900,6700,11000,3200,1300,6000,7200,700
11873.0,13.75,19458100,266061927.0,13.75,13.74,13.73,13.72,13.71,13.7,13.69,13.68,13.67,13.66,13.76,13.77,13.78,13.79,13.8,13.81,13.83,13.84,13.85,13.86,1500,7700,18000,46400,94200,64200,600,23900,21800,29000,18400,7600,24900,6700,11000,3200,1300,6000,7200,700
11874.0,13.75,19458100,266061927.0,13.75,13.74,13.73,13.72,13.71,13.7,13.69,13.68,13.67,13.66,13.76,13.77,13.78,13.79,13.8,13.81,13.83,13.84,13.85,13.86,1500,7700,18000,46400,93200,64300,600,23900,21800,29000,18400,7600,24900,6700,11000,3200,1300,6000,7200,700
11875.0,13.75,19458100,266061927.0,13.75,13.74,13.73,13.72,13.71,13.7,13.69,13.68,13.67,13.66,13.76,13.77,13.78,13.79,13.8,13.81,13.83,13.84,13.85,13.86,1500,7700,18000,46400,93200,64300,600,23900,21800,29000,18400,7600,24900,6700,11000,3200,1300,6000,7200,700
11876.0,13.75,19458200,266063302.0,13.75,13.74,13.73,13.72,13.71,13.7,13.69,13.68,13.67,13.66,13.76,13.77,13.78,13.79,13.8,13.81,13.83,13.84,13.85,13.86,1400,7700,18000,46400,93200,64300,600,23900,21800,29000,18400,7600,24900,6700,11000,3200,1300,6000,7200,700
11877.0,13.75,19458400,266066052.0,13.75,13.74,13.73,13.72,13.71,13.7,13.69,13.68,13.67,13.66,13.76,13.77,13.78,13.79,13.8,13.81,13.83,13.84,13.85,13.86,1200,7700,18000,46400,93200,64300,600,23900,21800,29000,18400,7600,24900,6700,11000,3500,1300,6000,7200,700
11878.0,13.75,19459400,266079802.0,13.75,13.74,13.73,13.72,13.71,13.7,13.69,13.68,13.67,13.66,13.76,13.77,13.78,13.79,13.8,13.81,13.83,13.84,13.85,13.86,200,7700,18000,46400,93200,64300,600,23900,21800,29000,18400,7600,24900,6700,11000,3500,1300,6000,7200,700
11879.0,13.76,19460100,266089434.0,13.75,13.74,13.73,13.72,13.71,13.7,13.69,13.68,13.67,13.66,13.76,13.77,13.78,13.79,13.8,13.81,13.83,13.84,13.85,13.86,200,7700,18000,46400,93200,64300,600,23900,21800,29000,17700,7600,24900,6700,11000,3500,1300,6000,7200,700
11880.0,13.76,19460100,266089434.0,13.75,13.74,13.73,13.72,13.71,13.7,13.69,13.68,13.67,13.66,13.76,13.77,13.78,13.79,13.8,13.81,13.83,13.84,13.85,13.86,200,7700,18000,46400,93200,64300,600,23900,21800,29000,17700,7600,24900,6700,11000,3500,1300,6000,7200,700
11881.0,13.76,19460100,266089434.0,13.75,13.74,13.73,13.72,13.71,13.7,13.69,13.68,13.67,13.66,13.76,13.77,13.78,13.79,13.8,13.81,13.83,13.84,13.85,13.86,200,7900,18000,46400,93200,64300,600,23900,21800,29000,17700,7600,24900,6700,11000,3500,1300,6000,7200,700
11882.0,13.76,19460100,266089434.0,13.75,13.74,13.73,13.72,13.71,13.7,13.69,13.68,13.67,13.66,13.76,13.77,13.78,13.79,13.8,13.81,13.83,13.84,13.85,13.86,200,7900,18000,46400,93200,64300,600,23700,21800,29000,32800,7600,24900,6700,11000,3500,1300,6000,7200,700
11883.0,13.76,19460200,266090810.0,13.75,13.74,13.73,13.72,13.71,13.7,13.69,13.68,13.67,13.66,13.76,13.77,13.78,13.79,13.8,13.81,13.83,13.84,13.85,13.86,200,7900,18000,46400,93200,64300,600,23700,21800,29000,32700,7600,24900,6700,11000,3500,1300,6000,7200,700
11884.0,13.76,19460200,266090810.0,13.75,13.74,13.73,13.72,13.71,13.7,13.69,13.68,13.67,13.66,13.76,13.77,13.78,13.79,13.8,13.81,13.83,13.84,13.85,13.86,200,7900,18000,46400,93200,64300,600,23700,21800,29000,32700,7600,24900,6700,11000,3500,1300,6000,7200,700
11885.0,13.76,19460200,266090810.0,13.75,13.74,13.73,13.72,13.71,13.7,13.69,13.68,13.67,13.66,13.76,13.77,13.78,13.79,13.8,13.81,13.83,13.84,13.85,13.86,200,7900,18000,46400,93200,64300,600,23700,21800,29000,32700,7600,24900,6700,11000,3500,1300,6000,7200,700
11886.0,13.76,19460200,266090810.0,13.75,13.74,13.73,13.72,13.71,13.7,13.69,13.68,13.67,13.66,13.76,13.77,13.78,13.79,13.8,13.81,13.83,13.84,13.85,13.86,200,7900,18000,46400,93200,64300,600,23700,21800,29000,32700,7600,24900,11700,11000,3500,1300,6000,7200,700
11887.0,13.75,19461100,266103192.0,13.74,13.73,13.72,13.71,13.7,13.69,13.68,13.67,13.66,13.65,13.75,13.76,13.77,13.78,13.79,13.8,13.81,13.83,13.84,13.85,7900,18000,46400,93200,64300,600,23700,21800,29000,41300,9800,32000,7600,24900,11700,11000,3500,1300,6000,7200
11888.0,13.74,19463200,266132046.0,13.74,13.73,13.72,13.71,13.7,13.69,13.68,13.67,13.66,13.65,13.75,13.76,13.77,13.78,13.79,13.8,13.81,13.83,13.84,13.85,5800,18000,46400,93400,64300,600,23700,21800,29000,41300,9800,32000,7600,24900,11700,11000,3500,1300,6000,7200
11889.0,13.74,19463200,266132046.0,13.74,13.73,13.72,13.71,13.7,13.69,13.68,13.67,13.66,13.65,13.75,13.76,13.77,13.78,13.79,13.8,13.81,13.83,13.84,13.85,5800,18000,46400,93400,64300,600,23700,21800,29000,41300,9800,32000,7600,24900,11700,11000,3500,1300,6000,7200
11890.0,13.74,19463700,266138916.0,13.74,13.73,13.72,13.71,13.7,13.69,13.68,13.67,13.66,13.65,13.75,13.76,13.77,13.78,13.79,13.8,13.81,13.83,13.84,13.85,5300,18000,46400,93400,64300,600,23700,21800,29000,41300,12500,32000,7600,24900,11700,11300,3500,1300,6000,7200
11891.0,13.74,19463700,266138916.0,13.74,13.73,13.72,13.71,13.7,13.69,13.68,13.67,13.66,13.65,13.75,13.76,13.77,13.78,13.79,13.8,13.81,13.83,13.84,13.85,5300,18000,46400,93400,64300,600,24700,21800,29000,41300,12500,32000,7600,24900,11700,11300,3500,1300,6000,7200
11892.0,13.74,19463700,266138916.0,13.74,13.73,13.72,13.71,13.7,13.69,13.68,13.67,13.66,13.65,13.75,13.76,13.77,13.78,13.79,13.8,13.81,13.83,13.84,13.85,5300,18000,46400,93400,64300,600,24700,21800,29000,41300,12500,32100,7600,24900,11700,11300,3500,1300,6000,7200
11893.0,13.74,19464200,266145786.0,13.74,13.73,13.72,13.71,13.7,13.69,13.68,13.67,13.66,13.65,13.75,13.76,13.77,13.78,13.79,13.8,13.81,13.83,13.84,13.85,4800,18000,46400,93400,64300,600,24700,21800,29000,41300,12500,32100,7600,24900,11700,11300,3500,1300,6000,7200
11894.0,13.75,19465200,266159536.0,13.74,13.73,13.72,13.71,13.7,13.69,13.68,13.67,13.66,13.65,13.75,13.76,13.77,13.78,13.79,13.8,13.81,13.83,13.84,13.85,4800,18000,46400,93400,64300,600,24700,21800,29000,41300,11500,32100,7600,24900,11700,11300,3500,1300,6000,7200
11895.0,13.75,19465200,266159536.0,13.74,13.73,13.72,13.71,13.7,13.69,13.68,13.67,13.66,13.65,13.75,13.76,13.77,13.78,13.79,13.8,13.81,13.83,13.84,13.85,4800,18000,46400,93400,64300,600,24700,21800,29000,41300,11500,32100,7600,24900,11700,11300,3500,1300,6000,7200
11896.0,13.74,19465600,266165032.0,13.74,13.73,13.72,13.71,13.7,13.69,13.68,13.67,13.66,13.65,13.75,13.76,13.77,13.78,13.79,13.8,13.81,13.83,13.84,13.85,4400,18000,46400,93400,64300,600,24700,21800,29000,41300,13700,32100,11300,100,11700,11300,3500,1300,6000,7200
11897.0,13.74,19465600,266165032.0,13.74,13.73,13.72,13.71,13.7,13.69,13.68,13.67,13.66,13.65,13.75,13.76,13.77,13.78,13.79,13.8,13.81,13.83,13.84,13.85,4900,18000,46400,93400,64300,600,24700,21800,29000,41300,13700,32100,11300,100,11700,11800,3500,1300,6000,7200
11898.0,13.74,19465600,266165032.0,13.74,13.73,13.72,13.71,13.7,13.69,13.68,13.67,13.66,13.65,13.75,13.76,13.77,13.78,13.79,13.8,13.81,13.83,13.84,13.85,4900,18000,46400,93400,64300,600,24700,21800,29000,41300,13700,32100,11300,100,11700,11800,3500,1300,6000,7200
11899.0,13.74,19470500,266232358.0,13.73,13.72,13.71,13.7,13.69,13.68,13.67,13.66,13.65,13.64,13.74,13.75,13.76,13.77,13.78,13.79,13.8,13.81,13.83,13.84,18000,46400,93400,64300,600,24700,21800,29000,41300,2300,17200,13700,32100,11300,100,11700,11800,3500,1300,6000
11900.0,13.74,19471100,266240602.0,13.73,13.72,13.71,13.7,13.69,13.68,13.67,13.66,13.65,13.64,13.74,13.75,13.76,13.77,13.78,13.79,13.8,13.81,13.83,13.84,18000,46400,93400,64300,600,24700,21800,29000,41300,2300,16600,14000,32100,11300,100,11700,11800,3500,1300,6000
11901.0,13.74,19471800,266250220.0,13.73,13.72,13.71,13.7,13.69,13.68,13.67,13.66,13.65,13.64,13.74,13.75,13.76,13.77,13.78,13.79,13.8,13.81,13.83,13.84,18000,46400,93400,64300,600,24700,21800,29000,41300,2300,15900,14000,32100,11300,100,11700,11800,3500,1300,6000
11902.0,13.74,19472900,266265327.0,13.73,13.72,13.71,13.7,13.69,13.68,13.67,13.66,13.65,13.64,13.74,13.75,13.76,13.77,13.78,13.79,13.8,13.81,13.83,13.84,17300,50000,93400,64300,600,24700,21800,29000,41300,2300,15500,14000,32100,11300,100,11700,11800,3500,1300,6000
11903.0,13.74,19472900,266265327.0,13.73,13.72,13.71,13.7,13.69,13.68,13.67,13.66,13.65,13.64,13.74,13.75,13.76,13.77,13.78,13.79,13.8,13.81,13.83,13.84,17300,50000,93400,64300,600,24700,21800,29000,41300,2300,15500,14000,32100,11300,100,11700,11800,3500,1300,6000
11904.0,13.74,19473000,266266701.0,13.73,13.72,13.71,13.7,13.69,13.68,13.67,13.66,13.65,13.64,13.74,13.75,13.76,13.77,13.78,13.79,13.8,13.81,13.83,13.84,17300,50000,93400,65300,600,24700,21800,29000,41300,2300,15400,14000,32100,11300,100,11700,11800,3500,1300,6000
11905.0,13.74,19473000,266266701.0,13.73,13.72,13.71,13.7,13.69,13.68,13.67,13.66,13.65,13.64,13.74,13.75,13.76,13.77,13.78,13.79,13.8,13.81,13.83,13.84,17300,50000,93200,65300,600,24700,21800,29000,41300,2300,15400,14000,32100,11300,100,11700,11800,3500,1300,6000
11906.0,13.74,19473000,266266701.0,13.73,13.72,13.71,13.7,13.69,13.68,13.67,13.66,13.65,13.64,13.74,13.75,13.76,13.77,13.78,13.79,13.8,13.81,13.83,13.84,17300,50000,93200,65300,600,24700,21800,29000,41300,2300,15400,14000,32100,11300,100,11700,11800,3500,1300,6000
11907.0,13.74,19473000,266266701.0,13.73,13.72,13.71,13.7,13.69,13.68,13.67,13.66,13.65,13.64,13.74,13.75,13.76,13.77,13.78,13.79,13.8,13.81,13.83,13.84,17300,50000,93200,65300,600,24700,21800,29000,41300,2300,15400,14000,32100,11300,100,11700,11800,3500,1300,6000
11908.0,13.74,19473700,266276319.0,13.73,13.72,13.71,13.7,13.69,13.68,13.67,13.66,13.65,13.64,13.74,13.75,13.76,13.77,13.78,13.79,13.8,13.81,13.83,13.84,16300,50000,93200,65300,600,24700,21800,29000,41300,2300,14700,14000,32100,11300,100,11700,11800,3500,1300,6000
11909.0,13.73,19475000,266294168.0,13.73,13.72,13.71,13.7,13.69,13.68,13.67,13.66,13.65,13.64,13.74,13.75,13.76,13.77,13.78,13.79,13.8,13.81,13.83,13.84,15000,50000,93200,65300,600,24700,21800,29000,41300,2300,14700,11800,32100,11300,100,11700,11800,3500,1300,6000
11910.0,13.73,19476400,266313390.0,13.73,13.72,13.71,13.7,13.69,13.68,13.67,13.66,13.65,13.64,13.74,13.75,13.76,13.77,13.78,13.79,13.8,13.81,13.83,13.84,13600,50000,93200,65300,600,24700,21800,29000,41300,2300,14700,11800,32100,11300,100,11700,11800,3500,1300,6000
11911.0,13.73,19476400,266313390.0,13.73,13.72,13.71,13.7,13.69,13.68,13.67,13.66,13.65,13.64,13.74,13.75,13.76,13.77,13.78,13.79,13.8,13.81,13.83,13.84,13600,50000,93200,65300,600,24700,21800,29000,41300,2300,14700,13000,32100,11300,100,11700,11800,3500,1300,6000
11912.0,13.73,19476400,266313390.0,13.73,13.72,13.71,13.7,13.69,13.68,13.67,13.66,13.65,13.64,13.74,13.75,13.76,13.77,13.78,13.79,13.8,13.81,13.83,13.84,13600,50000,93200,65300,600,24700,21800,29000,41300,2300,14700,13000,32100,11300,100,11700,11800,3500,1300,6000
11913.0,13.73,19478400,266340850.0,13.73,13.72,13.71,13.7,13.69,13.68,13.67,13.66,13.65,13.64,13.74,13.75,13.76,13.77,13.78,13.79,13.8,13.81,13.83,13.84,11600,50000,93200,64300,600,24700,21800,29000,41300,2300,14700,13000,32100,11300,100,11700,11800,3500,1300,6000
11914.0,13.74,19479500,266355961.0,13.73,13.72,13.71,13.7,13.69,13.68,13.67,13.66,13.65,13.64,13.74,13.75,13.76,13.77,13.78,13.79,13.8,13.81,13.83,13.84,11300,50000,93200,64300,600,24700,21800,29000,41300,2300,13900,13000,32100,11300,100,11700,11800,3500,1300,6000
11915.0,13.74,19480200,266365579.0,13.73,13.72,13.71,13.7,13.69,13.68,13.67,13.66,13.65,13.64,13.74,13.75,13.76,13.77,13.78,13.79,13.8,13.81,13.83,13.84,11300,50000,93200,64300,600,24700,21800,29000,41300,2300,13200,13000,32100,11300,100,11700,11800,3500,1300,6000
11916.0,13.74,19480900,266375197.0,13.73,13.72,13.71,13.7,13.69,13.68,13.67,13.66,13.65,13.64,13.74,13.75,13.76,13.77,13.78,13.79,13.8,13.81,13.83,13.84,13700,50000,93200,64300,600,24700,21800,29000,41300,2300,12500,13000,29100,11300,100,11700,11800,3500,1300,6000
11917.0,13.74,19480900,266375197.0,13.73,13.72,13.71,13.7,13.69,13.68,13.67,13.66,13.65,13.64,13.74,13.75,13.76,13.77,13.78,13.79,13.8,13.81,13.83,13.84,13500,50000,93200,64300,600,24700,21800,29000,41300,2300,12500,10300,29100,11300,100,11700,11800,3500,1300,6000
11918.0,13.74,19481600,266384815.0,13.73,13.72,13.71,13.7,13.69,13.68,13.67,13.66,13.65,13.64,13.74,13.75,13.76,13.77,13.78,13.79,13.8,13.81,13.83,13.84,13500,51500,93200,64300,600,24700,21800,29000,41300,2300,11800,10300,29100,11300,100,11700,11800,3500,1300,6000
11919.0,13.73,19481900,266388934.0,13.73,13.72,13.71,13.7,13.69,13.68,13.67,13.66,13.65,13.64,13.74,13.75,13.76,13.77,13.78,13.79,13.8,13.81,13.83,13.84,13200,51500,93200,64200,600,24700,21800,29000,41300,2300,11800,10300,29100,11300,100,11700,11800,3500,1300,6000
11920.0,13.73,19481900,266388934.0,13.73,13.72,13.71,13.7,13.69,13.68,13.67,13.66,13.65,13.64,13.74,13.75,13.76,13.77,13.78,13.79,13.8,13.81,13.83,13.84,13200,50800,93200,64200,600,24700,21800,29000,41300,2300,11800,10300,29100,11300,100,11700,12000,3500,1300,6000
11921.0,13.74,19484100,266419148.0,13.73,13.72,13.71,13.7,13.69,13.68,13.67,13.66,13.65,13.64,13.74,13.75,13.76,13.77,13.78,13.79,13.8,13.81,13.83,13.84,11800,50800,93200,64200,600,24700,21800,29000,41300,2300,11500,10300,29100,11300,100,11700,12000,3500,1300,6000
11922.0,13.74,19484100,266419148.0,13.73,13.72,13.71,13.7,13.69,13.68,13.67,13.66,13.65,13.64,13.74,13.75,13.76,13.77,13.78,13.79,13.8,13.81,13.83,13.84,11800,50800,93200,64200,600,24700,21800,29000,41300,2300,11800,10300,29100,11300,100,11700,11500,3500,1300,6000
11923.0,13.74,19485100,266432888.0,13.73,13.72,13.71,13.7,13.69,13.68,13.67,13.66,13.65,13.64,13.74,13.75,13.76,13.77,13.78,13.79,13.8,13.81,13.83,13.84,11800,50800,93200,64200,600,26700,21800,29000,41300,2300,10800,10300,29100,11300,100,11700,11500,3500,1300,6000
11924.0,13.74,19485900,266443880.0,13.73,13.72,13.71,13.7,13.69,13.68,13.67,13.66,13.65,13.64,13.74,13.75,13.76,13.77,13.78,13.79,13.8,13.81,13.83,13.84,11800,50800,93200,64200,600,26700,21800,21200,41300,2300,10000,10300,29100,11300,100,11700,11500,3500,1300,6000
11925.0,13.74,19485900,266443880.0,13.73,13.72,13.71,13.7,13.69,13.68,13.67,13.66,13.65,13.64,13.74,13.75,13.76,13.77,13.78,13.79,13.8,13.81,13.83,13.84,11800,50800,93200,64200,600,26700,21800,21200,41300,2300,10000,10300,29100,11300,100,11700,11500,3500,1300,6000
11926.0,13.74,19485900,266443880.0,13.73,13.72,13.71,13.7,13.69,13.68,13.67,13.66,13.65,13.64,13.74,13.75,13.76,13.77,13.78,13.79,13.8,13.81,13.83,13.84,11800,50800,93200,64200,600,26700,21800,21200,41300,2300,10000,10300,29100,11300,100,11700,11500,3500,1300,6000
11927.0,13.74,19486600,266453498.0,13.73,13.72,13.71,13.7,13.69,13.68,13.67,13.66,13.65,13.64,13.74,13.75,13.76,13.77,13.78,13.79,13.8,13.81,13.83,13.84,11800,50800,93200,64200,600,26700,21800,21200,41300,2300,9300,10300,29100,11300,100,11700,11500,3500,1300,6000
11928.0,13.73,19489600,266494688.0,13.73,13.72,13.71,13.7,13.69,13.68,13.67,13.66,13.65,13.64,13.74,13.75,13.76,13.77,13.78,13.79,13.8,13.81,13.83,13.84,8800,50800,93200,64200,600,26700,21800,21200,41300,2300,9300,10300,29100,11300,100,11700,11500,3500,1300,6000
11929.0,13.73,19489600,266494688.0,13.73,13.72,13.71,13.7,13.69,13.68,13.67,13.66,13.65,13.64,13.74,13.75,13.76,13.77,13.78,13.79,13.8,13.81,13.83,13.84,9300,50800,93800,64200,600,26700,21800,21200,41300,2300,9300,10300,29100,11300,100,11700,11500,3500,1300,6000
11930.0,13.74,19491000,266513924.0,13.73,13.72,13.71,13.7,13.69,13.68,13.67,13.66,13.65,13.64,13.74,13.75,13.76,13.77,13.78,13.79,13.8,13.81,13.83,13.84,9300,50800,93800,63700,600,26700,21800,21200,41300,2300,7900,10300,29100,11300,100,11700,11500,3500,1300,6000
11931.0,13.74,19491000,266513924.0,13.73,13.72,13.71,13.7,13.69,13.68,13.67,13.66,13.65,13.64,13.74,13.75,13.76,13.77,13.78,13.79,13.8,13.81,13.83,13.84,9500,50800,93800,63700,600,26700,21800,21200,41300,2300,7900,10300,29100,11300,100,11700,11500,3500,1300,6000
11932.0,13.74,19493100,266542764.0,13.73,13.72,13.71,13.7,13.69,13.68,13.67,13.66,13.65,13.64,13.74,13.75,13.76,13.77,13.78,13.79,13.8,13.81,13.83,13.84,13600,50800,93800,63700,600,26700,21800,21200,41300,2300,7300,10300,29100,11300,100,11700,11500,3500,1300,6000
11933.0,13.74,19493100,266542764.0,13.73,13.72,13.71,13.7,13.69,13.68,13.67,13.66,13.65,13.64,13.74,13.75,13.76,13.77,13.79,13.8,13.81,13.83,13.84,13.85,13600,50800,93800,63700,600,26700,21800,21200,41300,2300,7300,10300,29100,11300,11700,11500,3500,1300,6000,7200
11934.0,13.74,19493100,266542764.0,13.73,13.72,13.71,13.7,13.69,13.68,13.67,13.66,13.65,13.64,13.74,13.75,13.76,13.77,13.79,13.8,13.81,13.83,13.84,13.85,18000,51800,93800,63700,2600,26700,21800,21200,41300,2300,7300,10300,29100,11300,11700,11500,3500,1300,6000,7200
11935.0,13.74,19493800,266552382.0,13.73,13.72,13.71,13.7,13.69,13.68,13.67,13.66,13.65,13.64,13.74,13.75,13.76,13.77,13.79,13.8,13.81,13.83,13.84,13.85,23300,51800,93800,63700,2600,26700,21800,21200,41300,2300,6600,9100,29100,11300,11700,11500,3500,1300,6000,7200
11936.0,13.74,19493800,266552382.0,13.73,13.72,13.71,13.7,13.69,13.68,13.67,13.66,13.65,13.64,13.74,13.75,13.76,13.77,13.79,13.8,13.81,13.83,13.84,13.85,23800,51800,93800,63700,2600,26700,21800,21200,41300,2300,6600,9100,29100,11300,11700,11500,3500,1300,6000,7200
11937.0,13.74,19493800,266552382.0,13.73,13.72,13.71,13.7,13.69,13.68,13.67,13.66,13.65,13.64,13.74,13.75,13.76,13.77,13.79,13.8,13.81,13.83,13.84,13.85,23800,51800,93800,63700,3300,26700,21800,21200,41300,2300,7600,9100,29100,11300,11700,11500,3500,1300,6000,7200
11938.0,13.74,19495200,266571618.0,13.73,13.72,13.71,13.7,13.69,13.68,13.67,13.66,13.65,13.64,13.74,13.75,13.76,13.77,13.79,13.8,13.81,13.83,13.84,13.85,23800,51800,93800,63700,3300,26700,21800,21200,41300,2300,6200,9100,29100,11300,11700,11500,3500,1300,6000,7200
11939.0,13.74,19495200,266571618.0,13.73,13.72,13.71,13.7,13.69,13.68,13.67,13.66,13.65,13.64,13.74,13.75,13.76,13.77,13.79,13.8,13.81,13.83,13.84,13.85,23800,52300,93800,63700,3300,26700,21800,21200,41300,2300,6200,9100,29100,11300,11700,11500,3500,1300,6000,7200
11940.0,13.74,19495200,266571618.0,13.73,13.72,13.71,13.7,13.69,13.68,13.67,13.66,13.65,13.64,13.74,13.75,13.76,13.77,13.79,13.8,13.81,13.83,13.84,13.85,23800,52300,93800,63700,3300,26700,21800,21200,41300,2300,6200,9100,29100,11300,11700,11500,3500,1300,6000,7200
11941.0,13.74,19497700,266605968.0,13.73,13.72,13.71,13.7,13.69,13.68,13.67,13.66,13.65,13.64,13.74,13.75,13.76,13.77,13.79,13.8,13.81,13.83,13.84,13.85,27800,52300,93800,63700,3300,26700,21800,21200,41300,2300,3700,9100,29100,11300,11700,11500,3500,1300,6000,7200
11942.0,13.74,19498000,266610090.0,13.73,13.72,13.71,13.7,13.69,13.68,13.67,13.66,13.65,13.64,13.74,13.75,13.76,13.77,13.79,13.8,13.81,13.83,13.84,13.85,27800,52300,93800,63700,3300,26700,21800,21200,41300,2300,3400,9100,29100,11300,11700,11500,3500,1300,6000,7200
11943.0,13.73,19499400,266629312.0,13.73,13.72,13.71,13.7,13.69,13.68,13.67,13.66,13.65,13.64,13.74,13.75,13.76,13.77,13.79,13.8,13.81,13.83,13.84,13.85,26400,52300,93800,63700,3300,26700,21800,21200,41200,2300,3400,9100,29100,11300,11700,11500,3500,1300,6000,7200
11944.0,13.73,19499400,266629312.0,13.73,13.72,13.71,13.7,13.69,13.68,13.67,13.66,13.65,13.64,13.74,13.75,13.76,13.77,13.79,13.8,13.81,13.83,13.84,13.85,26400,52300,93800,63700,3300,26700,21800,21200,41200,2300,3400,9100,29100,11300,11700,11500,3500,1300,6000,7200
11945.0,13.74,19500100,266638930.0,13.73,13.72,13.71,13.7,13.69,13.68,13.67,13.66,13.65,13.64,13.74,13.75,13.76,13.77,13.79,13.8,13.81,13.83,13.84,13.85,26400,52300,93800,63700,3300,26700,21800,21200,41200,2300,2700,9100,29100,11300,11700,11500,3500,1300,6000,7200
11946.0,13.74,19500100,266638930.0,13.73,13.72,13.71,13.7,13.69,13.68,13.67,13.66,13.65,13.64,13.74,13.75,13.76,13.77,13.79,13.8,13.81,13.83,13.84,13.85,26500,52300,93800,63700,3300,26700,21800,21200,41200,2300,2700,9100,29100,11300,11700,11700,3500,1300,6000,7200
11947.0,13.74,19500100,266638930.0,13.73,13.72,13.71,13.7,13.69,13.68,13.67,13.66,13.65,13.64,13.74,13.75,13.76,13.77,13.79,13.8,13.81,13.83,13.84,13.85,26500,52300,93800,63700,3300,26700,21800,21200,41200,2300,2700,9100,29100,11300,11700,11700,3500,1300,6000,7200
11948.0,13.74,19505300,266710378.0,13.73,13.72,13.71,13.7,13.69,13.68,13.67,13.66,13.65,13.64,13.74,13.75,13.76,13.77,13.79,13.8,13.81,13.83,13.84,13.85,26500,52300,93800,63700,3300,26700,21800,21200,41200,2300,500,9100,29100,11300,11700,11700,3500,1300,6000,7200
11949.0,13.74,19505300,266710378.0,13.73,13.72,13.71,13.7,13.69,13.68,13.67,13.66,13.65,13.64,13.74,13.75,13.76,13.77,13.79,13.8,13.81,13.83,13.84,13.85,27000,52300,93800,63700,3300,26700,21800,21200,41200,2300,500,9100,27900,11300,11700,11700,3500,1300,6000,7200
11950.0,13.74,19505300,266710378.0,13.73,13.72,13.71,13.7,13.69,13.68,13.67,13.66,13.65,13.64,13.74,13.75,13.76,13.77,13.79,13.8,13.81,13.83,13.84,13.85,27000,52300,93800,63700,3300,26700,21800,21200,41200,2300,500,9100,27900,11300,11700,11700,3500,1300,6000,7200
11951.0,13.74,19505300,266710378.0,13.73,13.72,13.71,13.7,13.69,13.68,13.67,13.66,13.65,13.64,13.74,13.75,13.76,13.77,13.79,13.8,13.81,13.83,13.84,13.85,27000,52300,93800,63700,3300,26700,21800,21200,41200,2300,500,9100,27900,11300,11700,11700,3500,1300,6000,7200
11952.0,13.74,19505300,266710378.0,13.73,13.72,13.71,13.7,13.69,13.68,13.67,13.66,13.65,13.64,13.74,13.75,13.76,13.77,13.79,13.8,13.81,13.83,13.84,13.85,27000,52300,93800,63900,3300,26700,21800,21200,41200,2300,3200,9100,27900,11300,11700,11700,3500,1300,6000,7200
11953.0,13.73,19505400,266711751.0,13.73,13.72,13.71,13.7,13.69,13.68,13.67,13.66,13.65,13.64,13.74,13.75,13.76,13.77,13.79,13.8,13.81,13.83,13.84,13.85,27700,52300,93800,63900,3300,26700,21800,21200,41200,2300,3200,29100,27900,11300,11700,11700,3500,1300,6000,7200
11954.0,13.74,19505700,266715873.0,13.73,13.72,13.71,13.7,13.69,13.68,13.67,13.66,13.65,13.64,13.74,13.75,13.76,13.77,13.79,13.8,13.81,13.83,13.84,13.85,27700,52300,93800,62300,3300,26700,21800,21200,41200,2300,2900,29100,27900,11300,11700,11700,3500,1300,6000,7200
11955.0,13.73,19511100,266790035.0,13.73,13.72,13.71,13.7,13.69,13.68,13.67,13.66,13.65,13.64,13.74,13.75,13.76,13.77,13.79,13.8,13.81,13.83,13.84,13.85,24300,52300,93800,62300,3300,26700,21800,21200,41200,2300,900,29100,27900,11300,11700,11700,3500,1300,6000,7200
11956.0,13.74,19511400,266794157.0,13.73,13.72,13.71,13.7,13.69,13.68,13.67,13.66,13.65,13.64,13.74,13.75,13.76,13.77,13.79,13.8,13.81,13.83,13.84,13.85,24300,56300,93800,62300,3300,26700,21800,21200,41200,2300,600,29100,27900,11300,11700,11700,3500,1300,6000,7200
11957.0,13.74,19511400,266794157.0,13.73,13.72,13.71,13.7,13.69,13.68,13.67,13.66,13.65,13.64,13.74,13.75,13.76,13.77,13.79,13.8,13.81,13.83,13.84,13.85,24300,57300,93800,62300,3300,26700,21800,21200,41200,2300,600,29100,27900,11300,11700,11700,3500,1300,6000,7200
11958.0,13.74,19511400,266794157.0,13.73,13.72,13.71,13.7,13.69,13.68,13.67,13.66,13.65,13.64,13.74,13.75,13.76,13.77,13.79,13.8,13.81,13.83,13.84,13.85,24300,57300,93800,62300,3300,26700,21800,21200,41200,2300,600,29100,27900,11300,11700,11700,3500,1300,6000,7200
11959.0,13.74,19511500,266795531.0,13.73,13.72,13.71,13.7,13.69,13.68,13.67,13.66,13.65,13.64,13.74,13.75,13.76,13.77,13.79,13.8,13.81,13.83,13.84,13.85,24300,57300,93800,62300,3300,26700,21800,21200,41200,2300,500,29100,27900,7700,11700,11700,3500,1300,6000,7200
11960.0,13.73,19517000,266871087.0,13.73,13.72,13.71,13.7,13.69,13.68,13.67,13.66,13.65,13.64,13.75,13.76,13.77,13.79,13.8,13.81,13.83,13.84,13.85,13.86,21100,57300,93800,62300,3300,26700,21800,21200,41200,2300,27300,27900,7700,11700,11700,3500,1300,6000,7200,700
11961.0,13.73,19517000,266871087.0,13.73,13.72,13.71,13.7,13.69,13.68,13.67,13.66,13.65,13.64,13.75,13.76,13.77,13.79,13.8,13.81,13.83,13.84,13.85,13.86,21400,57300,93800,62300,3300,26700,21800,21200,41200,2300,27800,27900,7700,11700,11700,3500,1300,6000,7200,700
11962.0,13.75,19517700,266880712.0,13.73,13.72,13.71,13.7,13.69,13.68,13.67,13.66,13.65,13.64,13.75,13.76,13.77,13.79,13.8,13.81,13.83,13.84,13.85,13.86,22200,57300,93800,62300,3300,26700,21800,21200,41200,2300,27700,27900,7700,11700,11700,3500,1300,6000,7200,700
11963.0,13.75,19517700,266880712.0,13.73,13.72,13.71,13.7,13.69,13.68,13.67,13.66,13.65,13.64,13.75,13.76,13.77,13.79,13.8,13.81,13.83,13.84,13.85,13.86,22600,57300,92800,62300,3300,26700,21800,21200,41200,2300,28100,27900,7700,11700,11700,3500,1300,6000,7200,700
11964.0,13.75,19517700,266880712.0,13.73,13.72,13.71,13.7,13.69,13.68,13.67,13.66,13.65,13.64,13.74,13.75,13.76,13.77,13.79,13.8,13.81,13.83,13.84,13.85,23400,57300,92800,62300,3300,26700,21800,21200,41200,2300,4000,28900,28500,7700,11700,11700,3500,1300,6000,7200
11965.0,13.74,19518100,266886208.0,13.73,13.72,13.71,13.7,13.69,13.68,13.67,13.66,13.65,13.64,13.74,13.75,13.76,13.77,13.79,13.8,13.81,13.83,13.84,13.85,23400,57300,92800,61200,3300,26700,21800,21200,41200,2300,3600,28900,28500,7700,11700,11700,3500,1300,6000,7200
11966.0,13.74,19518500,266891704.0,13.73,13.72,13.71,13.7,13.69,13.68,13.67,13.66,13.65,13.64,13.74,13.75,13.76,13.77,13.79,13.8,13.81,13.83,13.84,13.85,23600,57300,92800,61200,3300,26700,21800,21200,41200,2300,3200,28900,28500,7700,11700,11700,3500,1300,6000,7200
11967.0,13.74,19518500,266891704.0,13.73,13.72,13.71,13.7,13.69,13.68,13.67,13.66,13.65,13.64,13.74,13.75,13.76,13.77,13.79,13.8,13.81,13.83,13.84,13.85,24600,57300,92800,61200,3300,26700,21800,21200,41200,2300,3200,28900,28500,7700,11700,11700,3500,1300,6000,7200
11968.0,13.74,19518500,266891704.0,13.73,13.72,13.71,13.7,13.69,13.68,13.67,13.66,13.65,13.64,13.74,13.75,13.76,13.77,13.79,13.8,13.81,13.83,13.84,13.85,24600,57300,92800,61200,3300,26700,21800,21200,41200,2300,3200,28900,28500,7700,11700,11700,3500,1300,6000,7200
11969.0,13.74,19518800,266895826.0,13.73,13.72,13.71,13.7,13.69,13.68,13.67,13.66,13.65,13.64,13.74,13.75,13.76,13.77,13.79,13.8,13.81,13.83,13.84,13.85,24600,57300,92800,61200,3300,26700,21800,21200,41200,2300,2900,28900,28500,7700,11700,11700,3500,1300,6000,7200
11970.0,13.74,19518800,266895826.0,13.73,13.72,13.71,13.7,13.69,13.68,13.67,13.66,13.65,13.64,13.74,13.75,13.76,13.77,13.79,13.8,13.81,13.83,13.84,13.85,19600,57300,92800,61200,3300,26700,21800,21200,41200,2300,2900,28900,28500,7700,11700,11700,3500,1300,6000,7200
11971.0,13.74,19518800,266895826.0,13.73,13.72,13.71,13.7,13.69,13.68,13.67,13.66,13.65,13.64,13.74,13.75,13.76,13.77,13.79,13.8,13.81,13.83,13.84,13.85,19800,57300,92800,61200,3300,26700,21800,21200,41200,2300,2900,28900,28500,7700,11700,11700,3500,1300,6000,7200
11972.0,13.74,19519000,266898574.0,13.73,13.72,13.71,13.7,13.69,13.68,13.67,13.66,13.65,13.64,13.74,13.75,13.76,13.77,13.79,13.8,13.81,13.83,13.84,13.85,20000,57300,92800,61200,3300,26700,21800,21200,41200,2300,2700,28900,28500,7700,11700,11700,3500,1300,6000,7200
11973.0,13.73,19520200,266915050.0,13.73,13.72,13.71,13.7,13.69,13.68,13.67,13.66,13.65,13.64,13.74,13.75,13.76,13.77,13.79,13.8,13.81,13.83,13.84,13.85,18800,57300,92800,61200,3300,26700,21800,21200,41200,2300,2700,28900,28500,7700,11700,11700,3500,1300,6000,7200
11974.0,13.74,19520400,266917798.0,13.73,13.72,13.71,13.7,13.69,13.68,13.67,13.66,13.65,13.64,13.74,13.75,13.76,13.77,13.79,13.8,13.81,13.83,13.84,13.85,18800,57300,92800,61200,3300,26700,21800,21200,41200,2300,2500,28900,28500,7700,11700,12500,3500,1300,6000,7200
11975.0,13.74,19520600,266920546.0,13.73,13.72,13.71,13.7,13.69,13.68,13.67,13.66,13.65,13.64,13.74,13.75,13.76,13.77,13.79,13.8,13.81,13.83,13.84,13.85,18900,57300,92800,61200,3300,26700,21800,21200,41200,2300,2300,28900,28500,7700,11700,12500,3500,1300,6000,7200
11976.0,13.73,19521100,266927411.0,13.73,13.72,13.71,13.7,13.69,13.68,13.67,13.66,13.65,13.64,13.74,13.75,13.76,13.77,13.79,13.8,13.81,13.83,13.84,13.85,18400,57300,92800,61200,3300,26700,21800,21200,41200,2300,2300,28900,28500,7700,11700,12500,3500,1300,6000,7200
11977.0,13.74,19521500,266932907.0,13.73,13.72,13.71,13.7,13.69,13.68,13.67,13.66,13.65,13.64,13.74,13.75,13.76,13.77,13.79,13.8,13.81,13.83,13.84,13.85,18400,57300,92800,61600,3300,26700,21800,21200,41200,2300,1900,28900,28500,7700,11700,12300,3500,1300,6000,7200
11978.0,13.74,19521600,266934281.0,13.73,13.72,13.71,13.7,13.69,13.68,13.67,13.66,13.65,13.64,13.74,13.75,13.76,13.77,13.79,13.8,13.81,13.83,13.84,13.85,18900,57300,92800,61600,3300,26700,21800,21200,41200,2300,1800,28900,28500,7700,11700,12300,3500,1300,6000,7200
11979.0,13.74,19522300,266943899.0,13.73,13.72,13.71,13.7,13.69,13.68,13.67,13.66,13.65,13.64,13.74,13.75,13.76,13.77,13.79,13.8,13.81,13.83,13.84,13.85,18900,57300,92800,61600,3300,26700,21800,21200,41200,2300,1100,28900,28500,7700,11700,12300,3500,1300,6000,7200
11980.0,13.74,19524000,266967245.0,13.73,13.72,13.71,13.7,13.69,13.68,13.67,13.66,13.65,13.64,13.74,13.75,13.76,13.77,13.79,13.8,13.81,13.83,13.84,13.85,17700,57300,92800,61600,3300,26700,21800,21200,41200,2300,600,31900,13400,7700,11700,12300,3500,1300,6000,7200
11981.0,13.74,19524300,266971367.0,13.73,13.72,13.71,13.7,13.69,13.68,13.67,13.66,13.65,13.64,13.74,13.75,13.76,13.77,13.79,13.8,13.81,13.83,13.84,13.85,17700,57300,92800,61600,3300,26700,21800,21200,41200,2300,300,31900,13400,7700,11700,12300,3500,1300,6000,7200
11982.0,13.74,19524300,266971367.0,13.73,13.72,13.71,13.7,13.69,13.68,13.67,13.66,13.65,13.64,13.74,13.75,13.76,13.77,13.79,13.8,13.81,13.83,13.84,13.85,17700,57300,92800,61600,3300,26700,21800,21200,41200,2300,300,31900,13400,7700,11700,12300,3500,1300,6000,6700
11983.0,13.74,19524300,266971367.0,13.73,13.72,13.71,13.7,13.69,13.68,13.67,13.66,13.65,13.64,13.74,13.75,13.76,13.77,13.79,13.8,13.81,13.83,13.84,13.85,17700,57300,92800,61600,3300,26700,21800,21200,41200,2300,300,31900,13400,7700,11700,12300,3500,1300,6000,6700
11984.0,13.73,19524500,266974114.0,13.73,13.72,13.71,13.7,13.69,13.68,13.67,13.66,13.65,13.64,13.74,13.75,13.76,13.77,13.79,13.8,13.81,13.83,13.84,13.85,20200,57300,92800,61600,3300,26700,21800,21200,41200,2300,200,31900,13400,7700,11700,12300,3500,1300,6000,6700
11985.0,13.73,19525200,266983725.0,13.73,13.72,13.71,13.7,13.69,13.68,13.67,13.66,13.65,13.64,13.74,13.75,13.76,13.77,13.79,13.8,13.81,13.83,13.84,13.85,20500,57300,92800,61600,3300,26700,21800,21200,41200,2300,200,31900,13400,7700,11700,12300,3500,1300,6000,6700
11986.0,13.73,19525200,266983725.0,13.73,13.72,13.71,13.7,13.69,13.68,13.67,13.66,13.65,13.64,13.74,13.75,13.76,13.77,13.79,13.8,13.81,13.83,13.84,13.85,20500,57300,92800,61600,3300,26700,21800,21200,41200,2300,200,31900,13400,7700,11700,12300,3500,1300,6000,6700
11987.0,13.73,19525200,266983725.0,13.73,13.72,13.71,13.7,13.69,13.68,13.67,13.66,13.65,13.64,13.74,13.75,13.76,13.77,13.79,13.8,13.81,13.83,13.84,13.85,20500,57300,92800,62700,3300,26700,21800,21200,41200,2300,200,31900,13400,7700,11700,12300,3500,1300,6000,6700
11988.0,13.73,19525400,266986471.0,13.73,13.72,13.71,13.7,13.69,13.68,13.67,13.66,13.65,13.64,13.74,13.75,13.76,13.77,13.79,13.8,13.81,13.83,13.84,13.85,20300,57300,92800,62700,3300,26700,21800,21200,41200,2300,200,31900,13400,7700,11700,12300,3500,1300,6000,6700
11989.0,13.73,19545400,267261071.0,13.73,13.72,13.71,13.7,13.69,13.68,13.67,13.66,13.65,13.64,13.74,13.75,13.76,13.77,13.79,13.8,13.81,13.83,13.84,13.85,700,57300,92900,62700,3300,26700,21800,21200,41200,2300,200,31900,13400,7700,11700,12300,3500,1300,6000,6700
11990.0,13.73,19545400,267261071.0,13.73,13.72,13.71,13.7,13.69,13.68,13.67,13.66,13.65,13.64,13.74,13.75,13.76,13.77,13.79,13.8,13.81,13.83,13.84,13.85,700,57300,92900,62700,3300,26700,21800,21200,41200,2300,200,31900,13400,7700,11700,12300,3500,1300,6000,6700
11991.0,13.74,19545600,267263819.0,13.74,13.73,13.72,13.71,13.7,13.69,13.68,13.67,13.66,13.65,13.75,13.76,13.77,13.79,13.8,13.81,13.83,13.84,13.85,13.86,800,700,57300,92900,62700,3300,25700,21800,21200,41200,31900,13400,7700,11700,12300,3500,1300,6000,6700,700
11992.0,13.75,19546300,267273444.0,13.74,13.73,13.72,13.71,13.7,13.69,13.68,13.67,13.66,13.65,13.75,13.76,13.77,13.79,13.8,13.81,13.83,13.84,13.85,13.86,2800,700,57300,92900,62700,3300,25700,21800,21200,41200,31200,13400,7700,11700,12300,3500,1300,6000,6700,700
11993.0,13.75,19546300,267273444.0,13.74,13.73,13.72,13.71,13.7,13.69,13.68,13.67,13.66,13.65,13.75,13.76,13.77,13.79,13.8,13.81,13.83,13.84,13.85,13.86,2800,700,57300,92900,62700,3300,25200,21800,21200,41200,31200,700,7700,11700,12300,3500,1300,6000,6700,700
11994.0,13.75,19546300,267273444.0,13.74,13.73,13.72,13.71,13.7,13.69,13.68,13.67,13.66,13.65,13.75,13.76,13.77,13.79,13.8,13.81,13.83,13.84,13.85,13.86,2800,700,57300,92900,62700,3300,25200,21800,21200,41200,31200,700,7700,11700,12300,3500,1300,6000,6700,700
11995.0,13.75,19547700,267292694.0,13.74,13.73,13.72,13.71,13.7,13.69,13.68,13.67,13.66,13.65,13.75,13.76,13.77,13.79,13.8,13.81,13.83,13.84,13.85,13.86,2800,700,57300,92900,62700,3300,25200,21800,21200,41200,29800,700,7700,11700,12300,3500,1300,6000,6700,700
11996.0,13.74,19548500,267303686.0,13.74,13.73,13.72,13.71,13.7,13.69,13.68,13.67,13.66,13.65,13.75,13.76,13.77,13.79,13.8,13.81,13.83,13.84,13.85,13.86,2000,700,57300,92900,62700,3300,25200,21800,21200,41200,29800,700,7700,11700,12300,3500,1300,6000,6700,700
11997.0,13.74,19548500,267303686.0,13.74,13.73,13.72,13.71,13.7,13.69,13.68,13.67,13.66,13.65,13.75,13.76,13.77,13.79,13.8,13.81,13.83,13.84,13.85,13.86,2000,700,57300,92900,66500,3300,25200,21800,21200,41200,29800,700,7700,11700,12300,3500,1300,6000,6700,700
11998.0,13.75,19549900,267322936.0,13.74,13.73,13.72,13.71,13.7,13.69,13.68,13.67,13.66,13.65,13.75,13.76,13.77,13.79,13.8,13.81,13.83,13.84,13.85,13.86,4100,700,57300,92900,66500,3300,25200,21800,21200,41200,28400,700,7700,11700,12300,3500,1300,6000,6700,700
11999.0,13.75,19550600,267332561.0,13.74,13.73,13.72,13.71,13.7,13.69,13.68,13.67,13.66,13.65,13.75,13.76,13.77,13.79,13.8,13.81,13.83,13.84,13.85,13.86,4100,700,57300,92900,66500,3300,25200,21800,21200,41200,27700,700,7700,11700,12300,3500,1300,6000,6700,700
12000.0,13.75,19550600,267332561.0,13.74,13.73,13.72,13.71,13.7,13.69,13.68,13.67,13.66,13.65,13.75,13.76,13.77,13.79,13.8,13.81,13.83,13.84,13.85,13.86,4100,700,57300,92900,66500,3300,25200,21800,21200,40700,27700,700,7700,11700,12300,3500,1300,6000,6700,700
12001.0,13.75,19550600,267332561.0,13.74,13.73,13.72,13.71,13.7,13.69,13.68,13.67,13.66,13.65,13.75,13.76,13.77,13.79,13.8,13.81,13.83,13.84,13.85,13.86,4100,1600,57300,92900,66500,3300,25200,21800,21200,40700,27700,700,7700,11700,12300,3500,1300,6000,6700,700
12002.0,13.74,19552500,267358674.0,13.74,13.73,13.72,13.71,13.7,13.69,13.68,13.67,13.66,13.65,13.75,13.76,13.77,13.79,13.8,13.81,13.83,13.84,13.85,13.86,2900,1600,57300,92900,66500,3300,25200,21800,21200,40700,27000,700,7700,11700,12300,3500,1300,6000,6700,700
12003.0,13.75,19553200,267368299.0,13.74,13.73,13.72,13.71,13.7,13.69,13.68,13.67,13.66,13.65,13.75,13.76,13.77,13.79,13.8,13.81,13.83,13.84,13.85,13.86,2900,1600,57300,92900,66500,3300,25200,21800,21200,40700,26300,700,7700,11700,12300,3500,1300,6000,6700,700
12004.0,13.75,19553200,267368299.0,13.74,13.73,13.72,13.71,13.7,13.69,13.68,13.67,13.66,13.65,13.75,13.76,13.77,13.79,13.8,13.81,13.83,13.84,13.85,13.86,2900,2300,57300,92900,66500,3300,25200,21800,21200,40700,26300,700,7700,11700,12300,3500,1300,6000,6700,700
12005.0,13.74,19554000,267379298.0,13.74,13.73,13.72,13.71,13.7,13.69,13.68,13.67,13.66,13.65,13.75,13.76,13.77,13.79,13.8,13.81,13.83,13.84,13.85,13.86,2800,3700,57300,92900,66500,3300,25200,21800,21200,40700,25600,700,7700,6700,12300,3500,1300,6000,6700,700
12006.0,13.74,19554000,267379298.0,13.74,13.73,13.72,13.71,13.7,13.69,13.68,13.67,13.66,13.65,13.75,13.76,13.77,13.79,13.8,13.81,13.83,13.84,13.85,13.86,2800,4700,57300,92900,66500,3300,25200,21800,21200,40700,25600,700,7700,6700,12300,3500,1300,6000,6700,700
12007.0,13.74,19554000,267379298.0,13.74,13.73,13.72,13.71,13.7,13.69,13.68,13.67,13.66,13.65,13.75,13.76,13.77,13.78,13.79,13.8,13.81,13.83,13.84,13.85,2800,9700,57300,92900,66500,3300,25200,21800,21200,40700,25700,700,7700,500,6700,12300,3500,1300,6000,6700
12008.0,13.75,19554900,267391673.0,13.74,13.73,13.72,13.71,13.7,13.69,13.68,13.67,13.66,13.65,13.75,13.76,13.77,13.78,13.79,13.8,13.81,13.83,13.84,13.85,2800,12100,57300,92900,66500,3300,25200,21800,21200,40700,24800,700,7700,500,6700,12300,3500,1300,6000,6700
12009.0,13.75,19554900,267391673.0,13.74,13.73,13.72,13.71,13.7,13.69,13.68,13.67,13.66,13.65,13.75,13.76,13.77,13.78,13.79,13.8,13.81,13.83,13.84,13.85,2800,12100,57300,92900,66500,3300,25200,21800,21200,40700,24800,700,7700,500,6700,12300,3500,1300,6000,6700
12010.0,13.75,19557700,267430173.0,13.74,13.73,13.72,13.71,13.7,13.69,13.68,13.67,13.66,13.65,13.75,13.76,13.77,13.78,13.79,13.8,13.81,13.83,13.84,13.85,2800,12100,57300,92900,66500,3300,25200,21800,21200,40700,22000,700,7700,500,6700,12300,3500,1300,6000,6700
12011.0,13.75,19557700,267430173.0,13.74,13.73,13.72,13.71,13.7,13.69,13.68,13.67,13.66,13.65,13.75,13.76,13.77,13.78,13.79,13.8,13.81,13.83,13.84,13.85,2800,12100,57300,92900,66500,3300,25200,21800,21200,40700,22000,700,7700,500,6700,12300,3500,1300,6000,6700
12012.0,13.75,19557700,267430173.0,13.74,13.73,13.72,13.71,13.7,13.69,13.68,13.67,13.66,13.65,13.75,13.76,13.77,13.78,13.79,13.8,13.81,13.83,13.84,13.85,2800,12100,57300,92900,66500,3300,25200,21800,21200,40700,22000,700,7700,500,6700,12300,3500,1300,6000,6700
12013.0,13.75,19558400,267439798.0,13.74,13.73,13.72,13.71,13.7,13.69,13.68,13.67,13.66,13.65,13.75,13.76,13.77,13.78,13.79,13.8,13.81,13.83,13.84,13.85,2800,18400,57300,92900,66500,3300,25200,21800,21200,40700,21300,700,7700,500,6700,12300,3500,1300,6000,6700
12014.0,13.75,19558400,267439798.0,13.74,13.73,13.72,13.71,13.7,13.69,13.68,13.67,13.66,13.65,13.75,13.76,13.77,13.78,13.79,13.8,13.81,13.83,13.84,13.85,5700,20000,57300,92900,66500,3300,25200,21800,21200,40700,21300,700,7700,500,6700,12300,3500,1300,6000,6700
12015.0,13.75,19558400,267439798.0,13.74,13.73,13.72,13.71,13.7,13.69,13.68,13.67,13.66,13.65,13.75,13.76,13.77,13.78,13.79,13.8,13.81,13.83,13.84,13.85,5700,20000,57300,92900,66700,3300,25200,21800,21200,40700,21300,700,7700,500,6700,12300,3500,1300,6000,6700
12016.0,13.75,19559100,267449423.0,13.74,13.73,13.72,13.71,13.7,13.69,13.68,13.67,13.66,13.65,13.75,13.76,13.77,13.78,13.79,13.8,13.81,13.83,13.84,13.85,5700,20000,57300,92900,66300,3300,25200,21800,21200,40700,20600,700,7700,500,6800,12300,3500,1300,6000,6700
12017.0,13.74,19559900,267460422.0,13.74,13.73,13.72,13.71,13.7,13.69,13.68,13.67,13.66,13.65,13.75,13.76,13.77,13.78,13.79,13.8,13.81,13.83,13.84,13.85,6600,20000,57300,92900,66300,3300,25200,21800,21200,40700,19900,700,7700,500,6800,12300,3500,1300,6000,6700
12018.0,13.74,19564900,267529122.0,13.74,13.73,13.72,13.71,13.7,13.69,13.68,13.67,13.66,13.65,13.75,13.76,13.77,13.78,13.79,13.8,13.81,13.83,13.84,13.85,1600,20000,57300,92900,66300,3300,25200,21800,21200,40700,19900,700,7700,500,6800,12300,3500,1300,6000,6700
12019.0,13.75,19565600,267538747.0,13.74,13.73,13.72,13.71,13.7,13.69,13.68,13.67,13.66,13.65,13.75,13.76,13.77,13.78,13.79,13.8,13.81,13.83,13.84,13.85,1600,20000,57300,92900,66300,3300,25200,21800,21200,40700,19200,700,7700,500,6800,12300,3500,1300,6000,6700
12020.0,13.75,19565600,267538747.0,13.74,13.73,13.72,13.71,13.7,13.69,13.68,13.67,13.66,13.65,13.75,13.76,13.77,13.78,13.79,13.8,13.81,13.83,13.84,13.85,1600,20000,57300,92900,66300,3300,25200,21800,21200,40700,19600,700,7700,500,6800,12300,3500,1300,6000,6700
12021.0,13.75,19567000,267557997.0,13.74,13.73,13.72,13.71,13.7,13.69,13.68,13.67,13.66,13.65,13.75,13.76,13.77,13.78,13.79,13.8,13.81,13.83,13.84,13.85,1800,20000,57300,92900,66300,3300,25200,21800,21200,40700,18200,700,7700,500,6800,12300,3500,1300,6000,6700
12022.0,13.75,19567700,267567622.0,13.74,13.73,13.72,13.71,13.7,13.69,13.68,13.67,13.66,13.65,13.75,13.76,13.77,13.78,13.79,13.8,13.81,13.83,13.84,13.85,2800,20000,57300,92900,66300,3300,25200,21800,21200,40700,17500,700,7700,500,6800,12300,3500,1300,6000,6700
12023.0,13.75,19567700,267567622.0,13.74,13.73,13.72,13.71,13.7,13.69,13.68,13.67,13.66,13.65,13.75,13.76,13.77,13.78,13.79,13.8,13.81,13.83,13.84,13.85,2800,20000,57300,92900,66100,3300,25200,21800,21200,40700,17500,700,7700,500,6800,12300,3500,1300,6000,6700
12024.0,13.74,19570500,267606094.0,13.73,13.72,13.71,13.7,13.69,13.68,13.67,13.66,13.65,13.64,13.74,13.75,13.76,13.77,13.78,13.79,13.8,13.81,13.83,13.84,20000,57300,93000,66100,3300,25200,21800,21200,40700,2300,12300,17500,700,7700,500,6800,12300,3500,1300,6000
12025.0,13.74,19571900,267625330.0,13.73,13.72,13.71,13.7,13.69,13.68,13.67,13.66,13.65,13.64,13.74,13.75,13.76,13.77,13.78,13.79,13.8,13.81,13.83,13.84,20500,57300,93000,66100,3300,25200,21800,21200,40700,2300,10900,17500,700,7700,500,6800,12300,3500,1300,6000
12026.0,13.74,19571900,267625330.0,13.73,13.72,13.71,13.7,13.69,13.68,13.67,13.66,13.65,13.64,13.74,13.75,13.76,13.77,13.78,13.79,13.8,13.81,13.83,13.84,20500,57300,93000,66100,3300,25200,21800,21200,40700,2300,10900,17500,700,7700,500,6800,12300,3500,1300,6000
12027.0,13.74,19571900,267625330.0,13.73,13.72,13.71,13.7,13.69,13.68,13.67,13.66,13.65,13.64,13.74,13.75,13.76,13.77,13.78,13.79,13.8,13.81,13.83,13.84,20500,57300,93000,66100,3300,25200,21800,21200,40700,2300,11900,17500,700,7700,500,6800,12300,3500,1300,6000
12028.0,13.74,19572700,267636322.0,13.73,13.72,13.71,13.7,13.69,13.68,13.67,13.66,13.65,13.64,13.74,13.75,13.76,13.77,13.78,13.79,13.8,13.81,13.83,13.84,20500,57300,93000,66100,3300,25200,21800,21200,40700,2300,11100,17500,700,7700,500,6800,12300,3500,1300,6000
12029.0,13.73,19592900,267913670.0,13.73,13.72,13.71,13.7,13.69,13.68,13.67,13.66,13.65,13.64,13.74,13.75,13.76,13.77,13.78,13.79,13.8,13.81,13.83,13.84,800,57300,93000,66100,3300,25200,21800,21200,40700,2300,10900,17500,700,7700,500,6800,12300,3500,1300,6000
12030.0,13.74,19595000,267942524.0,13.73,13.72,13.71,13.7,13.69,13.68,13.67,13.66,13.65,13.64,13.74,13.75,13.76,13.77,13.78,13.79,13.8,13.81,13.83,13.84,800,57300,93000,66100,3300,25200,21800,21200,40700,2300,8800,17500,700,7700,500,6800,12300,3500,1300,6000
12031.0,13.74,19595700,267952142.0,13.73,13.72,13.71,13.7,13.69,13.68,13.67,13.66,13.65,13.64,13.74,13.75,13.76,13.77,13.78,13.79,13.8,13.81,13.83,13.84,1000,57300,93000,66100,3300,25200,21800,21200,40700,2300,8100,17500,700,7700,500,6800,12300,3500,1300,6000
12032.0,13.74,19598100,267985118.0,13.73,13.72,13.71,13.7,13.69,13.68,13.67,13.66,13.65,13.64,13.74,13.75,13.76,13.77,13.78,13.79,13.8,13.81,13.83,13.84,1000,57300,93000,66100,3300,25200,21800,21200,40700,2300,5700,17600,700,7700,500,6800,12300,3500,1300,6000
12033.0,13.74,19598600,267991988.0,13.73,13.72,13.71,13.7,13.69,13.68,13.67,13.66,13.65,13.64,13.74,13.75,13.76,13.77,13.78,13.79,13.8,13.81,13.83,13.84,1000,57300,93000,66100,3300,25200,21800,21200,40700,2300,5200,17600,700,7700,500,6800,12300,3500,1300,6000
12034.0,13.74,19598600,267991988.0,13.73,13.72,13.71,13.7,13.69,13.68,13.67,13.66,13.65,13.64,13.74,13.75,13.76,13.77,13.78,13.79,13.8,13.81,13.83,13.84,2100,57300,93000,66100,3300,25200,21800,21200,40700,2300,5200,17600,700,7700,500,6800,12300,3500,1300,6000
12035.0,13.74,19598600,267991988.0,13.73,13.72,13.71,13.7,13.69,13.68,13.67,13.66,13.65,13.64,13.74,13.75,13.76,13.77,13.78,13.79,13.8,13.81,13.83,13.84,2500,57300,93000,66100,3300,25200,21800,21200,40700,2300,5200,17600,600,7700,500,6800,12300,3500,1300,6000
12036.0,13.73,19599200,268000231.0,13.73,13.72,13.71,13.7,13.69,13.68,13.67,13.66,13.65,13.64,13.74,13.75,13.76,13.77,13.78,13.79,13.8,13.81,13.83,13.84,2400,57300,93000,66100,2900,25200,21800,21200,40700,2300,4700,17600,600,7700,500,6800,12300,3500,1300,6000
12037.0,13.74,19603300,268056515.0,13.72,13.71,13.7,13.69,13.68,13.67,13.66,13.65,13.64,13.63,13.73,13.74,13.75,13.76,13.77,13.78,13.79,13.8,13.81,13.83,56000,93000,66100,2900,25200,21800,21200,40700,2300,4300,400,4300,17600,600,7700,500,6800,12300,3500,1300
12038.0,13.74,19606100,268094983.0,13.72,13.71,13.7,13.69,13.68,13.67,13.66,13.65,13.64,13.63,13.74,13.75,13.76,13.77,13.78,13.79,13.8,13.81,13.83,13.84,56000,93000,66100,2900,25200,21800,21200,40700,2300,4300,1900,17600,600,7700,500,6800,12300,3500,1300,6000
12039.0,13.74,19606300,268097731.0,13.72,13.71,13.7,13.69,13.68,13.67,13.66,13.65,13.64,13.63,13.74,13.75,13.76,13.77,13.78,13.79,13.8,13.81,13.83,13.84,57000,93000,66100,2900,25200,21800,21200,40700,2300,4300,2700,17600,600,7700,500,6800,12300,3500,1300,6000
12040.0,13.74,19606300,268097731.0,13.72,13.71,13.7,13.69,13.68,13.67,13.66,13.65,13.64,13.63,13.74,13.75,13.76,13.77,13.78,13.79,13.8,13.81,13.83,13.84,58000,93000,66100,2900,25200,21800,21200,40700,2300,4300,3700,17600,600,7700,500,6800,12300,3500,1300,6000
12041.0,13.74,19606300,268097731.0,13.72,13.71,13.7,13.69,13.68,13.67,13.66,13.65,13.64,13.63,13.74,13.75,13.76,13.77,13.78,13.79,13.8,13.81,13.83,13.84,59300,93000,66100,2900,25200,21800,21200,40700,2300,4300,4900,17600,600,7700,500,6800,12300,3500,1300,6000
12042.0,13.74,19607600,268115593.0,13.72,13.71,13.7,13.69,13.68,13.67,13.66,13.65,13.64,13.63,13.74,13.75,13.76,13.77,13.78,13.79,13.8,13.81,13.83,13.84,60700,93000,66100,900,25200,21800,21200,40700,2300,4300,5000,17600,600,7700,500,6800,12300,3500,1300,6000
12043.0,13.72,19608800,268132077.0,13.72,13.71,13.7,13.69,13.68,13.67,13.66,13.65,13.64,13.63,13.74,13.75,13.76,13.77,13.78,13.79,13.8,13.81,13.83,13.84,61100,93000,66100,900,25200,21800,21200,40700,2300,4300,4600,17600,600,7700,500,6800,12300,3500,1300,6000
12044.0,13.74,19609200,268137573.0,13.72,13.71,13.7,13.69,13.68,13.67,13.66,13.65,13.64,13.63,13.74,13.75,13.76,13.77,13.78,13.79,13.8,13.81,13.83,13.84,62500,93000,66100,900,25200,21800,21200,40700,2300,4300,5600,17600,600,7700,500,6800,12300,3500,1300,6000
12045.0,13.74,19609200,268137573.0,13.72,13.71,13.7,13.69,13.68,13.67,13.66,13.65,13.64,13.63,13.74,13.75,13.76,13.77,13.78,13.79,13.8,13.81,13.83,13.84,62500,93000,66100,900,25200,21800,21200,40700,2300,4300,5600,17600,600,7700,500,6800,12300,3500,1300,6000
12046.0,13.74,19610500,268155435.0,13.72,13.71,13.7,13.69,13.68,13.67,13.66,13.65,13.64,13.63,13.74,13.75,13.76,13.77,13.78,13.79,13.8,13.81,13.83,13.84,63100,93000,66100,900,25200,21800,21200,40700,2300,4300,5900,17600,600,7700,500,6800,12300,3500,1300,6000
12047.0,13.72,19611100,268163677.0,13.72,13.71,13.7,13.69,13.68,13.67,13.66,13.65,13.64,13.63,13.74,13.75,13.76,13.77,13.78,13.79,13.8,13.81,13.83,13.84,64400,93000,66100,900,25200,21800,21200,40700,2300,4300,5800,17600,600,7700,500,6800,12300,3500,1300,6000
12048.0,13.74,19611500,268169173.0,13.72,13.71,13.7,13.69,13.68,13.67,13.66,13.65,13.64,13.63,13.74,13.75,13.76,13.77,13.78,13.79,13.8,13.81,13.83,13.84,65000,93000,66100,900,25200,21800,21200,40700,2300,4300,6000,17600,600,7700,500,6800,12300,3500,1300,6000
12049.0,13.74,19611500,268169173.0,13.72,13.71,13.7,13.69,13.68,13.67,13.66,13.65,13.64,13.63,13.74,13.75,13.76,13.77,13.78,13.79,13.8,13.81,13.83,13.84,66600,93000,66100,900,25200,21800,21200,40700,2300,4300,7400,17600,600,7700,500,6800,12300,3500,1300,6000
12050.0,13.74,19612500,268182913.0,13.72,13.71,13.7,13.69,13.68,13.67,13.66,13.65,13.64,13.63,13.74,13.75,13.76,13.77,13.78,13.79,13.8,13.81,13.83,13.84,66600,93000,66100,900,25200,21800,21200,40700,2300,4300,6400,17600,600,7700,500,6800,12300,3500,1300,6000
12051.0,13.74,19612500,268182913.0,13.72,13.71,13.7,13.69,13.68,13.67,13.66,13.65,13.64,13.63,13.74,13.75,13.76,13.77,13.78,13.79,13.8,13.81,13.83,13.84,68300,93000,66100,900,25200,21800,21200,40700,2300,4400,8100,17600,600,7700,500,6800,12300,3500,1300,6000
12052.0,13.74,19612500,268182913.0,13.72,13.71,13.7,13.69,13.68,13.67,13.66,13.65,13.64,13.63,13.74,13.75,13.76,13.77,13.78,13.79,13.8,13.81,13.83,13.84,68700,93000,66100,900,25200,21800,21200,40700,2300,4400,8500,17600,600,7700,500,6800,12300,3500,1300,6000
12053.0,13.74,19613200,268192531.0,13.72,13.71,13.7,13.69,13.68,13.67,13.66,13.65,13.64,13.63,13.74,13.75,13.76,13.77,13.78,13.79,13.8,13.81,13.83,13.84,70300,93000,66100,900,25200,21800,21200,40700,2300,4400,9400,17600,600,7700,500,6800,12300,3500,1300,6000
12054.0,13.74,19613900,268202149.0,13.72,13.71,13.7,13.69,13.68,13.67,13.66,13.65,13.64,13.63,13.74,13.75,13.76,13.77,13.78,13.79,13.8,13.81,13.83,13.84,70300,93000,66100,900,25200,21800,21200,40700,2300,4400,8700,17600,600,7700,500,6800,12300,3500,1300,6000
12055.0,13.72,19615600,268225501.0,13.72,13.71,13.7,13.69,13.68,13.67,13.66,13.65,13.64,13.63,13.74,13.75,13.76,13.77,13.78,13.79,13.8,13.81,13.83,13.84,71500,93000,66100,900,25200,21800,21200,40700,2300,4400,8800,17600,600,7700,500,6800,12300,3500,1300,6000
12056.0,13.74,19616300,268235119.0,13.72,13.71,13.7,13.69,13.68,13.67,13.66,13.65,13.64,13.63,13.74,13.75,13.76,13.77,13.78,13.79,13.8,13.81,13.83,13.84,72100,93000,66100,900,25200,21800,21200,40700,2300,4400,8700,17600,600,7700,500,6800,12300,3500,1300,6000
12057.0,13.74,19616300,268235119.0,13.72,13.71,13.7,13.69,13.68,13.67,13.66,13.65,13.64,13.63,13.74,13.75,13.76,13.77,13.78,13.79,13.8,13.81,13.83,13.84,73300,93000,66100,900,25200,21800,21200,40700,2300,4400,9900,17600,600,7700,500,6800,12300,3500,1300,6000
12058.0,13.74,19616300,268235119.0,13.72,13.71,13.7,13.69,13.68,13.67,13.66,13.65,13.64,13.63,13.74,13.75,13.76,13.77,13.78,13.79,13.8,13.81,13.83,13.84,73800,93000,66100,900,25300,21800,21200,40700,2300,4400,10400,17600,600,7700,500,6800,12300,3500,1300,6000
12059.0,13.74,19617000,268244737.0,13.72,13.71,13.7,13.69,13.68,13.67,13.66,13.65,13.64,13.63,13.74,13.75,13.76,13.77,13.78,13.79,13.8,13.81,13.83,13.84,73800,93000,66100,900,25300,21800,21200,40400,2300,4400,10500,17600,600,7700,500,6800,12300,3500,1300,6000
12060.0,13.74,19617000,268244737.0,13.72,13.71,13.7,13.69,13.68,13.67,13.66,13.65,13.64,13.63,13.74,13.75,13.76,13.77,13.78,13.79,13.8,13.81,13.83,13.84,75400,93000,66100,900,25300,21800,21200,41100,2300,4400,11600,17600,600,7700,500,6800,13300,3500,1300,6000
12061.0,13.74,19617000,268244737.0,13.72,13.71,13.7,13.69,13.68,13.67,13.66,13.65,13.64,13.63,13.74,13.75,13.76,13.77,13.78,13.79,13.8,13.81,13.83,13.84,75900,93000,66100,900,25300,21800,21200,41100,2300,4400,12100,17600,600,7700,500,6800,13300,3500,1300,6000
12062.0,13.74,19618400,268263973.0,13.72,13.71,13.7,13.69,13.68,13.67,13.66,13.65,13.64,13.63,13.74,13.75,13.76,13.77,13.78,13.79,13.8,13.81,13.83,13.84,75900,93000,66100,900,25300,21800,21200,41100,2300,4400,10700,17600,600,7700,500,6800,13300,3500,1300,6000
12063.0,13.72,19619000,268272205.0,13.72,13.71,13.7,13.69,13.68,13.67,13.66,13.65,13.64,13.63,13.74,13.75,13.76,13.77,13.78,13.79,13.8,13.81,13.83,13.84,76200,93000,65500,900,25300,21800,21200,41100,2300,4400,11600,17600,600,7700,500,6800,13300,3500,1300,6000
12064.0,13.72,19619000,268272205.0,13.73,13.72,13.71,13.7,13.69,13.68,13.67,13.66,13.65,13.64,13.74,13.75,13.76,13.77,13.78,13.79,13.8,13.81,13.83,13.84,13800,76200,93000,65500,900,25300,21800,21200,41100,2300,11600,17600,600,7700,500,6800,13300,3500,1300,6000
12065.0,13.74,19619700,268281823.0,13.73,13.72,13.71,13.7,13.69,13.68,13.67,13.66,13.65,13.64,13.74,13.75,13.76,13.77,13.78,13.79,13.8,13.81,13.83,13.84,13800,76200,93000,65700,900,25300,21800,21200,41100,2300,10900,17600,600,7700,500,6800,13300,3500,1300,6000
12066.0,13.74,19621100,268301059.0,13.73,13.72,13.71,13.7,13.69,13.68,13.67,13.66,13.65,13.64,13.74,13.75,13.76,13.77,13.78,13.79,13.8,13.81,13.83,13.84,13800,76200,93000,65700,900,25300,21800,21200,41100,2300,9500,17600,600,7700,500,6800,13300,3500,1300,6000
12067.0,13.74,19621100,268301059.0,13.73,13.72,13.71,13.7,13.69,13.68,13.67,13.66,13.65,13.64,13.74,13.75,13.76,13.77,13.78,13.79,13.8,13.81,13.83,13.84,15200,76200,93000,65700,900,25300,21800,21200,41100,2300,9500,17600,600,7700,500,6800,13300,3500,1300,6000
12068.0,13.74,19621800,268310677.0,13.73,13.72,13.71,13.7,13.69,13.68,13.67,13.66,13.65,13.64,13.74,13.75,13.76,13.77,13.78,13.79,13.8,13.81,13.83,13.84,15200,76200,93000,65700,900,25300,21800,21200,41100,2300,10500,17600,600,7700,500,6800,13300,3500,1300,6000
12069.0,13.74,19622500,268320295.0,13.73,13.72,13.71,13.7,13.69,13.68,13.67,13.66,13.65,13.64,13.74,13.75,13.76,13.77,13.78,13.79,13.8,13.81,13.83,13.84,15500,76200,93000,65700,900,25300,21800,21200,41100,2300,9800,17600,600,7700,500,6800,13300,3500,1300,6000
12070.0,13.73,19622700,268323041.0,13.73,13.72,13.71,13.7,13.69,13.68,13.67,13.66,13.65,13.64,13.74,13.75,13.76,13.77,13.78,13.79,13.8,13.81,13.83,13.84,15300,76200,93000,65700,900,25300,21800,21200,41100,2300,9800,17600,600,7700,500,6800,13300,3500,1300,6000
12071.0,13.74,19623500,268334033.0,13.73,13.72,13.71,13.7,13.69,13.68,13.67,13.66,13.65,13.64,13.74,13.75,13.76,13.77,13.78,13.79,13.8,13.81,13.83,13.84,15300,76200,95000,65700,900,25300,21800,21200,41100,2300,9000,17600,600,7700,500,6800,13300,3500,1300,6000
12072.0,13.73,19624000,268340898.0,13.73,13.72,13.71,13.7,13.69,13.68,13.67,13.66,13.65,13.64,13.74,13.75,13.76,13.77,13.78,13.79,13.8,13.81,13.83,13.84,14800,76200,95000,65700,900,25300,21800,21200,41100,2300,9000,17600,600,7700,500,6800,13300,3500,1300,6000
12073.0,13.73,19624000,268340898.0,13.73,13.72,13.71,13.7,13.69,13.68,13.67,13.66,13.65,13.64,13.74,13.75,13.76,13.77,13.78,13.79,13.8,13.81,13.83,13.84,14800,76400,95000,65700,900,25300,21800,21200,41100,2300,9000,17600,600,7700,500,6800,13300,3500,1300,6000
12074.0,13.74,19624700,268350516.0,13.73,13.72,13.71,13.7,13.69,13.68,13.67,13.66,13.65,13.64,13.74,13.75,13.76,13.77,13.78,13.79,13.8,13.81,13.83,13.84,15300,76400,95000,65700,900,25300,21800,21200,41100,2300,8300,17600,600,7700,500,6800,13300,3500,1300,6000
12075.0,13.74,19624700,268350516.0,13.73,13.72,13.71,13.7,13.69,13.68,13.67,13.66,13.65,13.64,13.74,13.75,13.76,13.77,13.78,13.79,13.8,13.81,13.83,13.84,15300,76600,95000,65700,700,25300,21800,21200,41100,2300,8300,17600,600,7700,500,6800,13300,3500,1300,6000
12076.0,13.74,19626500,268375248.0,13.73,13.72,13.71,13.7,13.69,13.68,13.67,13.66,13.65,13.64,13.74,13.75,13.76,13.77,13.78,13.79,13.8,13.81,13.83,13.84,15300,76600,95000,65700,700,25300,21800,21200,41100,2300,6500,17600,600,7700,500,6800,13300,3500,1300,6000
12077.0,13.74,19628400,268401354.0,13.73,13.72,13.71,13.7,13.69,13.68,13.67,13.66,13.65,13.64,13.74,13.75,13.76,13.77,13.78,13.79,13.8,13.81,13.83,13.84,15300,76600,95000,65700,700,25300,21800,21200,41100,2300,4600,17600,600,7700,500,6800,13300,3500,1300,6000
12078.0,13.73,19629100,268410965.0,13.73,13.72,13.71,13.7,13.69,13.68,13.67,13.66,13.65,13.64,13.74,13.75,13.76,13.77,13.78,13.79,13.8,13.81,13.83,13.84,14600,76100,95000,65700,700,25300,21800,21200,41100,2300,4600,17600,600,7700,500,6800,13300,3500,1300,6000
12079.0,13.73,19630700,268432937.0,13.73,13.72,13.71,13.7,13.69,13.68,13.67,13.66,13.65,13.64,13.74,13.75,13.76,13.77,13.78,13.79,13.8,13.81,13.83,13.84,13800,76100,95000,65700,700,25300,21800,21200,41100,2300,4200,17500,600,7700,500,6800,13300,3500,1300,6000
12080.0,13.73,19630700,268432937.0,13.73,13.72,13.71,13.7,13.69,13.68,13.67,13.66,13.65,13.64,13.74,13.75,13.76,13.77,13.78,13.79,13.8,13.81,13.83,13.84,13800,76100,95000,65700,700,25300,21800,21200,41100,2300,4200,17500,600,7700,500,6800,13300,3500,1300,1800
12081.0,13.73,19630700,268432937.0,13.73,13.72,13.71,13.7,13.69,13.68,13.67,13.66,13.65,13.64,13.74,13.75,13.76,13.77,13.78,13.79,13.8,13.81,13.83,13.84,13800,76100,95000,65700,700,25300,21800,21200,41100,2300,4200,17500,600,7700,500,6800,13300,3500,1300,1800
12082.0,13.74,19634500,268485122.0,13.73,13.72,13.71,13.7,13.69,13.68,13.67,13.66,13.65,13.64,13.74,13.75,13.76,13.77,13.78,13.79,13.8,13.81,13.83,13.84,11100,76800,95000,65700,700,25300,21800,21200,41100,2300,3100,17500,600,7700,500,6800,13300,3500,1300,1800
12083.0,13.74,19634900,268490618.0,13.73,13.72,13.71,13.7,13.69,13.68,13.67,13.66,13.65,13.64,13.74,13.75,13.76,13.77,13.78,13.79,13.8,13.81,13.83,13.84,11100,76800,95000,65700,700,25300,21800,21200,41100,2300,2700,17500,600,7700,500,6800,13300,3500,1300,1800
12084.0,13.74,19635100,268493366.0,13.73,13.72,13.71,13.7,13.69,13.68,13.67,13.66,13.65,13.64,13.74,13.75,13.76,13.77,13.78,13.79,13.8,13.81,13.83,13.84,11100,76800,95000,65700,700,25300,21800,21200,41100,2300,2500,17500,600,7700,500,6800,13300,3500,1300,1800
12085.0,13.74,19635300,268496114.0,13.73,13.72,13.71,13.7,13.69,13.68,13.67,13.66,13.65,13.64,13.74,13.75,13.76,13.77,13.78,13.79,13.8,13.81,13.83,13.84,11100,76800,95000,67200,700,25300,21800,21200,41100,2300,2300,17500,600,7700,500,6800,13300,3500,1300,1800
12086.0,13.74,19635300,268496114.0,13.73,13.72,13.71,13.7,13.69,13.68,13.67,13.66,13.65,13.64,13.74,13.75,13.76,13.77,13.78,13.79,13.8,13.81,13.83,13.84,11100,76800,95000,67200,700,25300,21800,21200,41100,2300,2300,17500,600,7700,500,6800,13300,3500,1300,1800
12087.0,13.74,19635300,268496114.0,13.73,13.72,13.71,13.7,13.69,13.68,13.67,13.66,13.65,13.64,13.74,13.75,13.76,13.77,13.78,13.79,13.8,13.81,13.83,13.84,11100,76800,95000,71200,700,25300,21800,21200,41100,2300,2300,17500,600,7700,500,6800,13300,3500,1300,1800
12088.0,13.74,19635900,268504358.0,13.73,13.72,13.71,13.7,13.69,13.68,13.67,13.66,13.65,13.64,13.74,13.75,13.76,13.77,13.78,13.79,13.8,13.81,13.83,13.84,10700,76800,95000,71200,700,25300,21800,21200,41100,2300,1700,17500,600,7700,500,6800,13300,3500,1300,1800
12089.0,13.74,19635900,268504358.0,13.73,13.72,13.71,13.7,13.69,13.68,13.67,13.66,13.65,13.64,13.74,13.75,13.76,13.77,13.78,13.79,13.8,13.81,13.83,13.84,10700,76800,95000,71200,700,25300,21800,21200,41100,2300,1700,17500,600,7700,500,6800,13300,3500,1300,1800
12090.0,13.74,19635900,268504358.0,13.73,13.72,13.71,13.7,13.69,13.68,13.67,13.66,13.65,13.64,13.74,13.75,13.76,13.77,13.78,13.79,13.8,13.81,13.83,13.84,10700,76800,95000,71200,700,25300,21800,21200,41100,2300,1700,17500,600,7700,500,6800,13300,3500,1300,1800
12091.0,13.74,19637100,268520846.0,13.73,13.72,13.71,13.7,13.69,13.68,13.67,13.66,13.65,13.64,13.74,13.75,13.76,13.77,13.78,13.79,13.8,13.81,13.83,13.84,10700,76800,95000,71200,700,25300,21800,21200,41100,2300,500,17500,600,7700,500,6800,13300,3500,1300,1800
12092.0,13.73,19637400,268524966.0,13.73,13.72,13.71,13.7,13.69,13.68,13.67,13.66,13.65,13.64,13.74,13.75,13.76,13.77,13.78,13.79,13.8,13.81,13.83,13.84,10500,76800,95000,71200,700,25300,21800,21200,41100,2300,400,17500,600,7700,500,6800,13300,3500,1300,1800
12093.0,13.73,19637400,268524966.0,13.73,13.72,13.71,13.7,13.69,13.68,13.67,13.66,13.65,13.64,13.74,13.75,13.76,13.77,13.78,13.79,13.8,13.81,13.83,13.84,10500,76800,95000,71200,700,25300,21800,21200,41100,2300,400,17500,600,7700,500,6800,13300,3500,1300,1800
12094.0,13.73,19637400,268524966.0,13.73,13.72,13.71,13.7,13.69,13.68,13.67,13.66,13.65,13.64,13.74,13.75,13.76,13.77,13.78,13.79,13.8,13.81,13.83,13.84,10500,76800,95000,71200,700,25300,21800,21200,41100,2300,800,17500,600,7700,500,6800,13300,3500,1300,1800
12095.0,13.73,19637400,268524966.0,13.73,13.72,13.71,13.7,13.69,13.68,13.67,13.66,13.65,13.64,13.74,13.75,13.76,13.77,13.78,13.79,13.8,13.81,13.83,13.84,10500,76800,95000,71200,700,25300,21800,21200,41100,2300,800,17500,600,7700,500,6800,13300,3500,1300,1800
12096.0,13.73,19637400,268524966.0,13.73,13.72,13.71,13.7,13.69,13.68,13.67,13.66,13.65,13.64,13.74,13.75,13.76,13.77,13.78,13.79,13.8,13.81,13.83,13.84,10500,76800,95000,71200,700,25300,21800,21200,40100,2300,800,17500,600,7700,500,6800,13300,3500,1300,1800
12097.0,13.73,19637400,268524966.0,13.73,13.72,13.71,13.7,13.69,13.68,13.67,13.66,13.65,13.64,13.74,13.75,13.76,13.77,13.78,13.79,13.8,13.81,13.83,13.84,10500,77200,95000,71200,700,25300,21800,21200,40100,2300,800,17500,600,7700,500,6800,13300,3500,1300,1800
12098.0,13.73,19638600,268541442.0,13.73,13.72,13.71,13.7,13.69,13.68,13.67,13.66,13.65,13.64,13.74,13.75,13.76,13.77,13.78,13.79,13.8,13.81,13.83,13.84,9300,77200,95000,71200,700,25300,21800,21200,40100,2300,1200,17500,600,7700,500,6800,13300,3500,1300,1800
12099.0,13.74,19639800,268557930.0,13.74,13.73,13.72,13.71,13.7,13.69,13.68,13.67,13.66,13.65,13.75,13.76,13.77,13.78,13.79,13.8,13.81,13.83,13.84,13.85,100,9300,77200,95000,71200,700,25300,21800,21200,40100,17500,600,7700,500,6800,13300,3500,1300,1800,6700
12100.0,13.74,19639800,268557930.0,13.74,13.73,13.72,13.71,13.7,13.69,13.68,13.67,13.66,13.65,13.75,13.76,13.77,13.78,13.79,13.8,13.81,13.83,13.84,13.85,100,9300,77200,95000,71200,700,25300,21800,21200,40100,17500,600,7700,500,6800,13300,3500,1300,1800,6700
12101.0,13.75,19640700,268570305.0,13.74,13.73,13.72,13.71,13.7,13.69,13.68,13.67,13.66,13.65,13.75,13.76,13.77,13.78,13.79,13.8,13.81,13.83,13.84,13.85,100,10200,77200,95000,71200,700,25300,21800,21200,40100,16600,600,7700,500,6800,13300,3500,1300,1800,6700
12102.0,13.75,19640700,268570305.0,13.74,13.73,13.72,13.71,13.7,13.69,13.68,13.67,13.66,13.65,13.75,13.76,13.77,13.78,13.79,13.8,13.81,13.83,13.84,13.85,100,10200,77200,95000,71200,700,25300,21800,21200,40100,16600,600,7700,500,6800,13300,3500,1300,1800,6700
12103.0,13.75,19640700,268570305.0,13.74,13.73,13.72,13.71,13.7,13.69,13.68,13.67,13.66,13.65,13.75,13.76,13.77,13.78,13.79,13.8,13.81,13.83,13.84,13.85,100,10200,77200,95000,71200,700,25300,21800,21200,40100,16600,600,7700,500,6800,13300,3500,1300,1800,6700
12104.0,13.75,19640700,268570305.0,13.74,13.73,13.72,13.71,13.7,13.69,13.68,13.67,13.66,13.65,13.75,13.76,13.77,13.78,13.79,13.8,13.81,13.83,13.84,13.85,100,10200,77200,95000,71200,700,25300,21800,21200,40100,16600,600,7700,500,6800,13300,3500,1300,1800,6700
12105.0,13.75,19640700,268570305.0,13.74,13.73,13.72,13.71,13.7,13.69,13.68,13.67,13.66,13.65,13.75,13.76,13.77,13.78,13.79,13.8,13.81,13.83,13.84,13.85,100,10200,77200,95000,71200,700,25300,21800,21200,40100,16600,600,7700,500,6800,13300,3500,1300,1800,6700
12106.0,13.73,19652200,268728215.0,13.72,13.71,13.7,13.69,13.68,13.67,13.66,13.65,13.64,13.63,13.73,13.75,13.76,13.77,13.78,13.79,13.8,13.81,13.83,13.84,77200,95000,71200,700,25300,21800,21200,40100,2300,4400,9200,15900,600,7700,500,6800,13300,3500,1300,1800
12107.0,13.73,19655600,268774885.0,13.72,13.71,13.7,13.69,13.68,13.67,13.66,13.65,13.64,13.63,13.73,13.75,13.76,13.77,13.78,13.79,13.8,13.81,13.83,13.84,76000,95000,71200,700,25300,21800,21200,40100,2300,4400,7000,15900,600,7700,500,6800,13300,3500,1300,1800
12108.0,13.73,19657000,268794107.0,13.72,13.71,13.7,13.69,13.68,13.67,13.66,13.65,13.64,13.63,13.73,13.75,13.76,13.77,13.78,13.79,13.8,13.81,13.83,13.84,76000,95000,71200,700,25300,21800,21200,40100,2300,4400,5600,15900,600,7700,500,6800,13300,3500,1300,1800
12109.0,13.73,19657000,268794107.0,13.72,13.71,13.7,13.69,13.68,13.67,13.66,13.65,13.64,13.63,13.73,13.75,13.76,13.77,13.78,13.79,13.8,13.81,13.83,13.84,76000,95000,71200,700,25300,21800,21200,40100,2300,4400,5800,15900,600,7700,500,6800,13300,3500,1300,1800
12110.0,13.73,19657000,268794107.0,13.72,13.71,13.7,13.69,13.68,13.67,13.66,13.65,13.64,13.63,13.73,13.75,13.76,13.77,13.78,13.79,13.8,13.81,13.83,13.84,76000,95000,71200,700,25300,21800,21200,40100,2300,4400,5800,15900,600,7700,500,6800,13300,3500,1300,1800
12111.0,13.73,19658100,268809210.0,13.72,13.71,13.7,13.69,13.68,13.67,13.66,13.65,13.64,13.63,13.73,13.75,13.76,13.77,13.78,13.79,13.8,13.81,13.83,13.84,76000,95000,71200,700,25300,21800,21200,40100,2300,4400,4700,15900,600,7700,500,6800,13300,3500,1300,1800
12112.0,13.73,19658100,268809210.0,13.72,13.71,13.7,13.69,13.68,13.67,13.66,13.65,13.64,13.63,13.73,13.75,13.76,13.77,13.78,13.79,13.8,13.81,13.83,13.84,76000,95000,71200,700,25300,21800,21200,40100,2300,4400,4700,15900,600,7700,500,6800,13300,3500,1300,1800
12113.0,13.73,19658300,268811956.0,13.72,13.71,13.7,13.69,13.68,13.67,13.66,13.65,13.64,13.63,13.73,13.75,13.76,13.77,13.78,13.79,13.8,13.81,13.83,13.84,76000,95000,71200,700,25300,21800,21200,40100,2300,4400,4500,15900,600,7700,500,6800,13300,3500,1300,1800
12114.0,13.73,19659000,268821567.0,13.72,13.71,13.7,13.69,13.68,13.67,13.66,13.65,13.64,13.63,13.73,13.75,13.76,13.77,13.78,13.79,13.8,13.81,13.83,13.84,76000,95000,71200,700,25300,21800,21200,40100,2300,4400,3800,15900,600,7700,500,6800,13300,3500,1300,1800
12115.0,13.72,19659100,268822939.0,13.72,13.71,13.7,13.69,13.68,13.67,13.66,13.65,13.64,13.63,13.73,13.75,13.76,13.77,13.78,13.79,13.8,13.81,13.83,13.84,76300,94400,71200,700,25300,21800,21200,40100,2300,4400,3800,15900,600,7700,500,6800,13300,3500,1300,1800
12116.0,13.72,19661400,268854495.0,13.72,13.71,13.7,13.69,13.68,13.67,13.66,13.65,13.64,13.63,13.73,13.75,13.76,13.77,13.78,13.79,13.8,13.81,13.83,13.84,74000,94400,71200,700,25300,21800,21200,40100,2300,4400,3800,15900,600,7700,500,6800,13300,3500,1300,1800
12117.0,13.72,19661400,268854495.0,13.72,13.71,13.7,13.69,13.68,13.67,13.66,13.65,13.64,13.63,13.73,13.75,13.76,13.77,13.78,13.79,13.8,13.81,13.83,13.84,74000,94400,71200,700,25300,21800,21200,40100,2300,4400,3800,15900,600,7700,500,6800,13300,3500,1300,1800
12118.0,13.72,19661400,268854495.0,13.72,13.71,13.7,13.69,13.68,13.67,13.66,13.65,13.64,13.63,13.73,13.75,13.76,13.77,13.78,13.79,13.8,13.81,13.83,13.84,77700,94400,71200,700,25300,21800,21200,40100,2300,4400,4000,15900,600,7700,500,6800,13300,3500,1300,1800
12119.0,13.72,19661400,268854495.0,13.72,13.71,13.7,13.69,13.68,13.67,13.66,13.65,13.64,13.63,13.73,13.75,13.76,13.77,13.78,13.79,13.8,13.81,13.83,13.84,77700,94400,71200,700,25300,21800,21200,37100,2300,4400,4600,15900,600,7700,500,6800,13300,3500,1300,1800
12120.0,13.72,19661400,268854495.0,13.72,13.71,13.7,13.69,13.68,13.67,13.66,13.65,13.64,13.63,13.73,13.75,13.76,13.77,13.78,13.79,13.8,13.81,13.83,13.84,77900,94400,71200,700,25300,21800,21200,37100,2300,4400,4600,15900,600,7700,500,6800,13300,3500,1300,1800
12121.0,13.73,19661800,268859987.0,13.72,13.71,13.7,13.69,13.68,13.67,13.66,13.65,13.64,13.63,13.73,13.75,13.76,13.77,13.78,13.79,13.8,13.81,13.83,13.84,77900,94400,71200,700,25300,21800,21200,37100,2300,4400,4200,15900,600,7700,500,6800,13300,3500,1300,1800
12122.0,13.73,19662600,268870971.0,13.72,13.71,13.7,13.69,13.68,13.67,13.66,13.65,13.64,13.63,13.73,13.75,13.76,13.77,13.78,13.79,13.8,13.81,13.83,13.84,77900,94400,71200,700,26800,21800,21200,37100,2300,4400,3400,15900,600,7700,500,6800,13300,3500,1300,1800
12123.0,13.73,19662800,268873717.0,13.72,13.71,13.7,13.69,13.68,13.67,13.66,13.65,13.64,13.63,13.73,13.75,13.76,13.77,13.78,13.79,13.8,13.81,13.83,13.84,77900,94400,71200,700,26800,21800,21200,37100,2300,4400,3200,15900,600,7700,500,6800,13300,3500,1300,1800
12124.0,13.73,19662800,268873717.0,13.72,13.71,13.7,13.69,13.68,13.67,13.66,13.65,13.64,13.63,13.73,13.75,13.76,13.77,13.78,13.79,13.8,13.81,13.83,13.84,78900,94400,71200,700,26800,21800,21200,37100,2300,4400,3200,15900,600,7700,500,6800,13300,3500,1300,1800
12125.0,13.73,19662800,268873717.0,13.72,13.71,13.7,13.69,13.68,13.67,13.66,13.65,13.64,13.63,13.73,13.75,13.76,13.77,13.78,13.79,13.8,13.81,13.83,13.84,78900,94400,71200,700,26800,21800,21200,37100,2300,4400,3200,15900,600,7700,500,6800,13300,3500,1300,1800
12126.0,13.73,19663600,268884701.0,13.72,13.71,13.7,13.69,13.68,13.67,13.66,13.65,13.64,13.63,13.73,13.75,13.76,13.77,13.78,13.79,13.8,13.81,13.83,13.84,78900,94400,71200,700,26800,21800,21200,37100,2300,4400,2400,15900,600,7700,500,6800,13300,3500,1300,1800
12127.0,13.73,19663600,268884701.0,13.72,13.71,13.7,13.69,13.68,13.67,13.66,13.65,13.64,13.63,13.73,13.75,13.76,13.77,13.78,13.79,13.8,13.81,13.83,13.84,78900,94400,71200,700,26800,21800,21200,37100,2300,4400,2400,15900,600,7700,500,6800,13300,3500,1300,1800
12128.0,13.73,19666800,268928637.0,13.72,13.71,13.7,13.69,13.68,13.67,13.66,13.65,13.64,13.63,13.73,13.75,13.76,13.77,13.78,13.79,13.8,13.81,13.83,13.84,78900,94400,71200,700,26800,21800,21200,37100,2300,4400,3500,15900,600,7700,500,6800,13300,3500,1300,1800
12129.0,13.73,19667000,268931383.0,13.72,13.71,13.7,13.69,13.68,13.67,13.66,13.65,13.64,13.63,13.73,13.75,13.76,13.77,13.78,13.79,13.8,13.81,13.83,13.84,78900,94400,71200,700,26800,21800,21200,37100,2300,4400,3300,15900,600,7700,500,6800,13300,3500,1300,1800
12130.0,13.72,19667700,268940987.0,13.72,13.71,13.7,13.69,13.68,13.67,13.66,13.65,13.64,13.63,13.73,13.75,13.76,13.77,13.78,13.79,13.8,13.81,13.83,13.84,78200,94400,71200,700,26800,21800,21200,37100,2300,4400,3300,15900,600,7700,500,6800,13300,3500,1300,1800
12131.0,13.72,19667700,268940987.0,13.72,13.71,13.7,13.69,13.68,13.67,13.66,13.65,13.64,13.63,13.73,13.75,13.76,13.77,13.78,13.79,13.8,13.81,13.83,13.84,78200,94400,71200,700,26800,21800,21200,37100,2300,4400,3300,15900,600,7700,500,6800,13300,3500,1300,1800
12132.0,13.72,19667700,268940987.0,13.72,13.71,13.7,13.69,13.68,13.67,13.66,13.65,13.64,13.63,13.73,13.75,13.76,13.77,13.78,13.79,13.8,13.81,13.83,13.84,78200,94400,71400,700,26800,21800,21200,37100,2300,4400,3300,15900,600,7700,500,6800,13300,3500,1300,1800
12133.0,13.73,19669100,268960202.0,13.72,13.71,13.7,13.69,13.68,13.67,13.66,13.65,13.64,13.63,13.73,13.75,13.76,13.77,13.78,13.79,13.8,13.81,13.83,13.84,77500,94400,71400,700,26800,21800,21200,37100,2300,4400,2600,15900,600,7700,500,6800,13300,3500,1300,1800
12134.0,13.73,19669100,268960202.0,13.72,13.71,13.7,13.69,13.68,13.67,13.66,13.65,13.64,13.63,13.73,13.75,13.76,13.77,13.78,13.79,13.8,13.81,13.83,13.84,78500,94400,71400,700,26800,21800,21200,37100,2300,4400,3700,15900,600,7700,500,6800,13300,3500,1300,1800
12135.0,13.73,19669400,268964321.0,13.72,13.71,13.7,13.69,13.68,13.67,13.66,13.65,13.64,13.63,13.73,13.75,13.76,13.77,13.78,13.79,13.8,13.81,13.83,13.84,81600,94400,71400,700,26800,21800,21200,37100,2300,4400,3400,15900,600,7700,500,6800,13300,3500,1300,1800
12136.0,13.73,19669700,268968440.0,13.72,13.71,13.7,13.69,13.68,13.67,13.66,13.65,13.64,13.63,13.73,13.75,13.76,13.77,13.78,13.79,13.8,13.81,13.83,13.84,84300,94400,71400,700,26800,21800,21200,37100,2300,4400,4100,15900,600,7700,500,6800,13300,3500,1300,1800
12137.0,13.73,19669700,268968440.0,13.72,13.71,13.7,13.69,13.68,13.67,13.66,13.65,13.64,13.63,13.73,13.75,13.76,13.77,13.78,13.79,13.8,13.81,13.83,13.84,84300,94400,71400,700,26800,21800,21200,37100,2300,4400,4100,15900,600,7700,500,6800,13300,3500,1300,1800
12138.0,13.73,19669700,268968440.0,13.72,13.71,13.7,13.69,13.68,13.67,13.66,13.65,13.64,13.63,13.73,13.75,13.76,13.77,13.78,13.79,13.8,13.81,13.83,13.84,84300,94400,71400,700,26800,21800,21200,37100,2300,4400,4100,15900,600,7700,3500,6800,13300,3500,1300,1800
12139.0,13.73,19670100,268973932.0,13.72,13.71,13.7,13.69,13.68,13.67,13.66,13.65,13.64,13.63,13.73,13.75,13.76,13.77,13.78,13.79,13.8,13.81,13.83,13.84,84800,94400,71400,700,26800,21800,21200,37100,2300,4400,3700,15900,600,7700,3500,6800,13300,3500,1300,1800
12140.0,13.73,19670100,268973932.0,13.72,13.71,13.7,13.69,13.68,13.67,13.66,13.65,13.64,13.63,13.73,13.75,13.76,13.77,13.78,13.79,13.8,13.81,13.83,13.84,84800,94400,71400,700,26800,21800,21200,37100,2300,4400,3700,15900,600,7700,3500,6800,13300,3500,1300,1800
12141.0,13.73,19670100,268973932.0,13.72,13.71,13.7,13.69,13.68,13.67,13.66,13.65,13.64,13.63,13.73,13.75,13.76,13.77,13.78,13.79,13.8,13.81,13.83,13.84,84800,94400,71400,700,26800,21800,21200,37100,2300,4400,3700,15900,600,7700,3500,6800,13300,3500,1300,1800
12142.0,13.72,19672200,269002750.0,13.72,13.71,13.7,13.69,13.68,13.67,13.66,13.65,13.64,13.63,13.73,13.75,13.76,13.77,13.78,13.79,13.8,13.81,13.83,13.84,83300,94400,71400,700,26800,21800,21200,37100,2300,4400,3600,15900,600,7700,3500,6800,13300,3500,1300,1800
12143.0,13.72,19672200,269002750.0,13.72,13.71,13.7,13.69,13.68,13.67,13.66,13.65,13.64,13.63,13.73,13.75,13.76,13.77,13.78,13.79,13.8,13.81,13.83,13.84,83300,94400,71200,700,26800,21800,21200,37100,2300,4400,3600,15900,600,7700,3500,6800,13300,3500,1300,1800
12144.0,13.73,19672900,269012361.0,13.72,13.71,13.7,13.69,13.68,13.67,13.66,13.65,13.64,13.63,13.73,13.75,13.76,13.77,13.78,13.79,13.8,13.81,13.83,13.84,83300,94400,71200,700,26800,21800,21200,37100,2300,4400,2900,15900,600,7700,3500,6800,13300,3500,1300,1800
12145.0,13.73,19673100,269015107.0,13.72,13.71,13.7,13.69,13.68,13.67,13.66,13.65,13.64,13.63,13.73,13.75,13.76,13.77,13.78,13.79,13.8,13.81,13.83,13.84,83300,94400,71200,700,26800,21800,21200,37100,2300,4400,2700,15900,600,7700,3500,6800,13300,3500,1300,1800
12146.0,13.73,19673600,269021972.0,13.72,13.71,13.7,13.69,13.68,13.67,13.66,13.65,13.64,13.63,13.73,13.75,13.76,13.77,13.78,13.79,13.8,13.81,13.83,13.84,83300,94400,71200,700,26800,21800,21200,37100,2300,4400,2200,16500,600,7700,3500,6800,13300,3500,1300,1800
12147.0,13.73,19674000,269027464.0,13.72,13.71,13.7,13.69,13.68,13.67,13.66,13.65,13.64,13.63,13.73,13.75,13.76,13.77,13.78,13.79,13.8,13.81,13.83,13.84,83300,94400,71200,700,26800,21800,21200,37100,2300,4400,1800,16500,600,7700,3500,6800,13300,3500,1300,1800
12148.0,13.73,19674100,269028837.0,13.72,13.71,13.7,13.69,13.68,13.67,13.66,13.65,13.64,13.63,13.73,13.75,13.76,13.77,13.78,13.79,13.8,13.81,13.83,13.84,83300,94400,71200,700,26800,21800,21200,37100,2300,4400,1700,16500,600,7700,3500,6800,13300,3500,1300,1800
12149.0,13.72,19674300,269031582.0,13.72,13.71,13.7,13.69,13.68,13.67,13.66,13.65,13.64,13.63,13.73,13.75,13.76,13.77,13.78,13.79,13.8,13.81,13.83,13.84,83200,94400,71200,700,26800,21800,21200,37100,2300,4400,1600,17500,600,7700,3500,6800,13300,3500,1300,1800
12150.0,13.72,19674300,269031582.0,13.72,13.71,13.7,13.69,13.68,13.67,13.66,13.65,13.64,13.63,13.73,13.75,13.76,13.77,13.78,13.79,13.8,13.81,13.83,13.84,83200,94400,71200,700,26800,21800,21200,37100,2300,4400,1600,17500,600,7700,3500,6800,13300,3500,1300,1800
12151.0,13.72,19676400,269060395.0,13.72,13.71,13.7,13.69,13.68,13.67,13.66,13.65,13.64,13.63,13.73,13.75,13.76,13.77,13.78,13.79,13.8,13.81,13.83,13.84,81200,94400,71200,700,26800,21800,25600,37100,2300,4400,1500,17500,600,7700,3500,6800,13300,3500,1300,1800
12152.0,13.72,19676400,269060395.0,13.72,13.71,13.7,13.69,13.68,13.67,13.66,13.65,13.64,13.63,13.73,13.75,13.76,13.77,13.78,13.79,13.8,13.81,13.83,13.84,81200,94400,71200,700,26800,21800,25600,37100,2300,4400,1500,17500,600,7700,3500,6800,13300,3500,1300,1800
12153.0,13.72,19676400,269060395.0,13.72,13.71,13.7,13.69,13.68,13.67,13.66,13.65,13.64,13.63,13.73,13.75,13.76,13.77,13.78,13.79,13.8,13.81,13.83,13.84,81200,94400,71200,700,26800,21800,25600,37100,2300,4400,1500,17500,600,7700,3500,6800,13300,3500,1300,1800
12154.0,13.73,19676500,269061768.0,13.72,13.71,13.7,13.69,13.68,13.67,13.66,13.65,13.64,13.63,13.73,13.75,13.76,13.77,13.78,13.79,13.8,13.81,13.83,13.84,81200,94400,71200,700,26800,21800,25600,37100,2300,4400,1400,17500,600,7700,3500,6800,13300,3500,1300,1800
12155.0,13.73,19679000,269096080.0,13.72,13.71,13.7,13.69,13.68,13.67,13.66,13.65,13.64,13.63,13.73,13.75,13.76,13.77,13.78,13.79,13.8,13.81,13.83,13.84,79900,94400,67400,700,26800,21800,25600,37100,2300,4400,200,17500,600,7700,3500,6800,13300,3500,1300,1800
12156.0,13.73,19679000,269096080.0,13.72,13.71,13.7,13.69,13.68,13.67,13.66,13.65,13.64,13.63,13.73,13.75,13.76,13.77,13.78,13.79,13.8,13.81,13.83,13.84,80300,94400,67400,700,26800,21800,25600,37100,2300,4400,200,17500,600,7700,3500,6800,13300,3500,1300,1800
12157.0,13.73,19679000,269096080.0,13.72,13.71,13.7,13.69,13.68,13.67,13.66,13.65,13.64,13.63,13.73,13.75,13.76,13.77,13.78,13.79,13.8,13.81,13.83,13.84,80300,94400,67400,1100,26800,22000,25600,37100,2300,4400,200,17500,600,7700,3500,6800,13300,3500,1300,1800
12158.0,13.73,19680200,269112546.0,13.73,13.72,13.71,13.7,13.69,13.68,13.67,13.66,13.65,13.64,13.75,13.76,13.77,13.78,13.79,13.8,13.81,13.83,13.84,13.85,200,78300,94400,68400,1100,26800,22000,21800,37100,2300,17500,600,7700,3500,6800,13300,3500,1300,1800,6700
12159.0,13.73,19680200,269112546.0,13.73,13.72,13.71,13.7,13.69,13.68,13.67,13.66,13.65,13.64,13.75,13.76,13.77,13.78,13.79,13.8,13.81,13.83,13.84,13.85,500,78300,94400,68400,1100,26800,22000,21800,37100,2300,17800,600,7700,3500,6800,13300,3500,1300,1800,6700
12160.0,13.75,19680900,269122171.0,13.73,13.72,13.71,13.7,13.69,13.68,13.67,13.66,13.65,13.64,13.75,13.76,13.77,13.78,13.79,13.8,13.81,13.83,13.84,13.85,700,78300,94400,68400,1100,26800,22000,21800,37100,2300,17300,600,7700,3500,6800,13300,3500,1300,1800,6700
12161.0,13.75,19680900,269122171.0,13.73,13.72,13.71,13.7,13.69,13.68,13.67,13.66,13.65,13.64,13.75,13.76,13.77,13.78,13.79,13.8,13.81,13.83,13.84,13.85,700,78300,94400,68400,1100,26800,22000,21800,37100,2300,17600,600,7700,3500,6800,13300,3500,1300,1800,6700
12162.0,13.73,19681200,269126290.0,13.73,13.72,13.71,13.7,13.69,13.68,13.67,13.66,13.65,13.64,13.75,13.76,13.77,13.78,13.79,13.8,13.81,13.83,13.84,13.85,900,78300,94400,68400,1100,26800,22000,21800,37100,2300,17800,600,7700,3500,6800,13300,3500,1300,1800,6700
12163.0,13.73,19682400,269142780.0,13.73,13.72,13.71,13.7,13.69,13.68,13.67,13.66,13.65,13.64,13.75,13.76,13.77,13.78,13.79,13.8,13.81,13.83,13.84,13.85,400,78300,94400,68400,1100,26800,22000,21800,37100,2300,17100,600,7700,3500,6800,13300,3500,1300,1800,6700
12164.0,13.75,19683100,269152405.0,13.73,13.72,13.71,13.7,13.69,13.68,13.67,13.66,13.65,13.64,13.75,13.76,13.77,13.78,13.79,13.8,13.81,13.83,13.84,13.85,1000,78300,92900,68400,1100,26800,22000,21800,37100,2300,16900,600,7700,3500,6800,13300,3500,1300,1800,6700
12165.0,13.75,19685200,269181280.0,13.73,13.72,13.71,13.7,13.69,13.68,13.67,13.66,13.65,13.64,13.75,13.76,13.77,13.78,13.79,13.8,13.81,13.83,13.84,13.85,1000,78300,92900,68400,1100,26800,22000,21800,37100,2300,14800,600,7700,3500,6800,13300,3500,1300,1800,6700
12166.0,13.73,19685300,269182653.0,13.73,13.72,13.71,13.7,13.69,13.68,13.67,13.66,13.65,13.64,13.75,13.76,13.77,13.78,13.79,13.8,13.81,13.83,13.84,13.85,1400,78300,92900,68400,1100,26800,22000,21800,37100,2300,15300,600,7700,3500,6800,13300,3500,1300,1800,6700
12167.0,13.73,19685300,269182653.0,13.73,13.72,13.71,13.7,13.69,13.68,13.67,13.66,13.65,13.64,13.75,13.76,13.77,13.78,13.79,13.8,13.81,13.83,13.84,13.85,2500,80300,92900,68400,1100,26800,22000,21800,37100,2300,15300,600,7700,3500,6800,13300,3500,1300,1800,6700
12168.0,13.75,19686000,269192278.0,13.73,13.72,13.71,13.7,13.69,13.68,13.67,13.66,13.65,13.64,13.75,13.76,13.77,13.78,13.79,13.8,13.81,13.83,13.84,13.85,3000,80300,92900,68400,3600,26800,22000,21800,37600,2300,15100,600,7700,3500,6800,13300,3500,1300,1800,6700
12169.0,13.75,19686300,269196403.0,13.73,13.72,13.71,13.7,13.69,13.68,13.67,13.66,13.65,13.64,13.75,13.76,13.77,13.78,13.79,13.8,13.81,13.83,13.84,13.85,3300,80300,92900,68400,3600,26800,22000,21800,37600,2300,14800,600,7700,3500,6800,13300,3500,1300,1800,6700
12170.0,13.73,19686500,269199149.0,13.73,13.72,13.71,13.7,13.69,13.68,13.67,13.66,13.65,13.64,13.75,13.76,13.77,13.78,13.79,13.8,13.81,13.83,13.84,13.85,3400,80300,92900,68400,3600,26800,22000,21800,37600,2300,15100,600,7700,3500,6800,13300,3500,1300,1800,6700
12171.0,13.75,19687900,269218399.0,13.73,13.72,13.71,13.7,13.69,13.68,13.67,13.66,13.65,13.64,13.75,13.76,13.77,13.78,13.79,13.8,13.81,13.83,13.84,13.85,3600,80300,93200,68400,3600,26800,22000,21800,37600,2300,13900,600,7700,3500,6800,13300,3500,1300,1800,6700
12172.0,13.75,19687900,269218399.0,13.73,13.72,13.71,13.7,13.69,13.68,13.67,13.66,13.65,13.64,13.75,13.76,13.77,13.78,13.79,13.8,13.81,13.83,13.84,13.85,3800,80300,93200,68400,3600,26800,22000,21800,37600,2300,14100,600,7700,3500,6800,13300,3500,1300,1800,6700
12173.0,13.75,19687900,269218399.0,13.73,13.72,13.71,13.7,13.69,13.68,13.67,13.66,13.65,13.64,13.75,13.76,13.77,13.78,13.79,13.8,13.81,13.83,13.84,13.85,3900,80300,93200,68400,3600,26800,22000,21800,37600,2300,14200,600,7700,3500,6800,13300,3500,1300,1800,6700
12174.0,13.75,19688600,269228024.0,13.73,13.72,13.71,13.7,13.69,13.68,13.67,13.66,13.65,13.64,13.75,13.76,13.77,13.78,13.79,13.8,13.81,13.83,13.84,13.85,4400,80300,93200,68400,3600,26800,22000,21800,37600,2300,13500,600,7700,3500,6800,13300,3500,1300,1800,6700
12175.0,13.75,19688700,269229399.0,13.73,13.72,13.71,13.7,13.69,13.68,13.67,13.66,13.65,13.64,13.75,13.76,13.77,13.78,13.79,13.8,13.81,13.83,13.84,13.85,4700,80300,93200,68700,3600,26800,22000,21800,37600,2300,13700,600,7700,3500,6800,13300,3500,1300,1800,6700
12176.0,13.75,19690100,269248649.0,13.73,13.72,13.71,13.7,13.69,13.68,13.67,13.66,13.65,13.64,13.75,13.76,13.77,13.78,13.79,13.8,13.81,13.83,13.84,13.85,4800,80300,93200,68700,3600,26800,22000,21800,37600,2300,12300,600,7700,3500,6800,13300,3500,1300,1800,6700
12177.0,13.75,19690800,269258274.0,13.73,13.72,13.71,13.7,13.69,13.68,13.67,13.66,13.65,13.64,13.75,13.76,13.77,13.78,13.79,13.8,13.81,13.83,13.84,13.85,5000,80300,93200,68700,3600,26800,22000,21800,37600,2300,11800,600,7700,3500,6800,13300,3500,1300,1800,6700
12178.0,13.75,19691500,269267899.0,13.73,13.72,13.71,13.7,13.69,13.68,13.67,13.66,13.65,13.64,13.75,13.76,13.77,13.78,13.79,13.8,13.81,13.83,13.84,13.85,5100,81800,93200,68700,4400,26800,22000,21800,37600,2300,11200,600,7700,3500,6800,13300,3500,1300,1800,6700
12179.0,13.73,19691600,269269272.0,13.73,13.72,13.71,13.7,13.69,13.68,13.67,13.66,13.65,13.64,13.75,13.76,13.77,13.78,13.79,13.8,13.81,13.83,13.84,13.85,5000,81800,93200,68700,4400,26800,22000,21800,38600,2300,11200,600,7700,3500,6800,13300,3500,1300,1800,6700
12180.0,13.75,19692300,269278897.0,13.73,13.72,13.71,13.7,13.69,13.68,13.67,13.66,13.65,13.64,13.75,13.76,13.77,13.78,13.79,13.8,13.81,13.83,13.84,13.85,5300,81800,93200,68700,4400,26800,22000,21800,38600,2300,10800,600,7700,3500,6800,13100,3500,1300,1800,6700
12181.0,13.75,19692300,269278897.0,13.73,13.72,13.71,13.7,13.69,13.68,13.67,13.66,13.65,13.64,13.75,13.76,13.77,13.78,13.79,13.8,13.81,13.83,13.84,13.85,10300,81800,93200,68700,4400,26800,22000,21800,38600,2300,10800,600,7700,3500,6800,13100,3500,1300,1800,6700
12182.0,13.75,19692300,269278897.0,13.73,13.72,13.71,13.7,13.69,13.68,13.67,13.66,13.65,13.64,13.75,13.76,13.77,13.78,13.79,13.8,13.81,13.83,13.84,13.85,10600,81800,93200,68700,4400,26800,22000,21800,38600,2300,11100,600,7700,3500,6800,13100,3500,1300,1800,6700
12183.0,13.75,19693000,269288522.0,13.73,13.72,13.71,13.7,13.69,13.68,13.67,13.66,13.65,13.64,13.75,13.76,13.77,13.78,13.79,13.8,13.81,13.83,13.84,13.85,10600,81800,93200,68700,4400,26800,22000,21800,38600,2300,10400,600,7700,3500,6800,13100,3500,1300,1800,6700
12184.0,13.75,19693000,269288522.0,13.73,13.72,13.71,13.7,13.69,13.68,13.67,13.66,13.65,13.64,13.75,13.76,13.77,13.78,13.79,13.8,13.81,13.83,13.84,13.85,13800,84100,93200,68700,4400,26800,22000,21800,38600,2300,10600,600,7700,3500,6800,13100,3500,1300,1800,6700
12185.0,13.75,19693700,269298147.0,13.73,13.72,13.71,13.7,13.69,13.68,13.67,13.66,13.65,13.64,13.75,13.76,13.77,13.78,13.79,13.8,13.81,13.83,13.84,13.85,13900,84100,93200,68700,4400,26800,22000,21800,38600,2300,10000,600,7700,3500,6800,13100,3500,1300,1800,6700
12186.0,13.73,19694500,269309145.0,13.73,13.72,13.71,13.7,13.69,13.68,13.67,13.66,13.65,13.64,13.75,13.76,13.77,13.78,13.79,13.8,13.81,13.83,13.84,13.85,13800,84100,93200,68700,4400,26800,22000,21800,38600,2300,9500,600,7700,3500,6800,13100,3500,1300,1800,6700
12187.0,13.75,19695900,269328395.0,13.73,13.72,13.71,13.7,13.69,13.68,13.67,13.66,13.65,13.64,13.75,13.76,13.77,13.78,13.79,13.8,13.81,13.83,13.84,13.85,24100,84100,93200,68700,4400,26800,22000,21800,38600,2300,8200,600,7700,3500,6800,13100,3500,1300,1800,6700
12188.0,13.73,19699900,269383315.0,13.73,13.72,13.71,13.7,13.69,13.68,13.67,13.66,13.65,13.64,13.75,13.76,13.77,13.78,13.79,13.8,13.81,13.83,13.84,13.85,21100,84100,93200,68700,4400,26800,22000,21800,38600,2300,8200,600,7700,3500,6800,13100,3500,1300,1800,6700
12189.0,13.75,19700600,269392940.0,13.73,13.72,13.71,13.7,13.69,13.68,13.67,13.66,13.65,13.64,13.75,13.76,13.77,13.78,13.79,13.8,13.81,13.83,13.84,13.85,21400,84100,93200,68100,4400,26800,22000,21800,38600,2300,7800,600,7700,3500,6800,13100,3500,1300,1800,6700
12190.0,13.75,19700600,269392940.0,13.73,13.72,13.71,13.7,13.69,13.68,13.67,13.66,13.65,13.64,13.75,13.76,13.77,13.78,13.79,13.8,13.81,13.83,13.84,13.85,21600,84100,93200,68100,4400,26800,22000,21800,38600,2300,7800,600,7700,3500,6800,13100,3500,1300,1800,6700
12191.0,13.75,19700600,269392940.0,13.73,13.72,13.71,13.7,13.69,13.68,13.67,13.66,13.65,13.64,13.75,13.76,13.77,13.78,13.79,13.8,13.81,13.83,13.84,13.85,22900,84100,93200,68100,4400,26800,22000,21800,38600,2300,8100,600,7700,3500,6800,13100,3500,1300,1800,6700
12192.0,13.73,19702500,269419055.0,13.73,13.72,13.71,13.7,13.69,13.68,13.67,13.66,13.65,13.64,13.75,13.76,13.77,13.78,13.79,13.8,13.81,13.83,13.84,13.85,22400,84100,93200,68100,4400,26800,22000,21800,38600,2300,6700,600,7700,3500,6800,13100,3500,1300,1800,6700
12193.0,13.73,19702500,269419055.0,13.73,13.72,13.71,13.7,13.69,13.68,13.67,13.66,13.65,13.64,13.75,13.76,13.77,13.78,13.79,13.8,13.81,13.83,13.84,13.85,24800,84100,93200,68100,4400,26800,22000,21800,38600,2300,6900,600,7700,3500,6800,13100,3500,1300,1800,6700
12194.0,13.73,19702800,269423174.0,13.73,13.72,13.71,13.7,13.69,13.68,13.67,13.66,13.65,13.64,13.75,13.76,13.77,13.78,13.79,13.8,13.81,13.83,13.84,13.85,28600,84600,93200,68100,4400,26800,22000,21800,38600,2300,7000,600,7700,3500,6800,13100,3500,1300,1800,6700
12195.0,13.75,19703500,269432799.0,13.73,13.72,13.71,13.7,13.69,13.68,13.67,13.66,13.65,13.64,13.75,13.76,13.77,13.78,13.79,13.8,13.81,13.83,13.84,13.85,30400,84600,93200,68100,4400,26800,22000,21800,38600,2300,6300,600,7700,3500,6800,13100,3500,1300,1800,6700
12196.0,13.75,19703600,269434174.0,13.73,13.72,13.71,13.7,13.69,13.68,13.67,13.66,13.65,13.64,13.74,13.75,13.76,13.77,13.78,13.79,13.8,13.81,13.83,13.84,30900,84600,93200,68100,4400,26800,22000,21800,38600,2300,3600,6500,600,7700,3500,6800,13100,3500,1300,1800
12197.0,13.75,19703600,269434174.0,13.73,13.72,13.71,13.7,13.69,13.68,13.67,13.66,13.65,13.64,13.74,13.75,13.76,13.77,13.78,13.79,13.8,13.81,13.83,13.84,30900,84600,93200,68100,4400,26800,22000,21800,38600,2300,3600,6500,600,7700,3500,6800,13100,3500,1300,1800
12198.0,13.74,19705000,269453403.0,13.73,13.72,13.71,13.7,13.69,13.68,13.67,13.66,13.65,13.64,13.74,13.75,13.76,13.77,13.78,13.79,13.8,13.81,13.83,13.84,30200,84600,93200,68100,4400,26800,22000,21800,38600,2300,2900,6500,600,7700,3500,6800,13100,3500,1300,1800
12199.0,13.74,19705200,269456151.0,13.73,13.72,13.71,13.7,13.69,13.68,13.67,13.66,13.65,13.64,13.74,13.75,13.76,13.77,13.78,13.79,13.8,13.81,13.83,13.84,36200,84600,93200,68100,4400,26800,22000,21800,38600,2300,2700,6500,600,7700,3500,6800,13100,3500,1300,1800
12200.0,13.74,19705400,269458899.0,13.73,13.72,13.71,13.7,13.69,13.68,13.67,13.66,13.65,13.64,13.74,13.75,13.76,13.77,13.78,13.79,13.8,13.81,13.83,13.84,36200,84600,93200,68100,4400,26800,22000,21800,38600,2300,2500,6500,600,7700,3500,6800,13100,3500,1300,1800
12201.0,13.73,19706100,269468510.0,13.73,13.72,13.71,13.7,13.69,13.68,13.67,13.66,13.65,13.64,13.74,13.75,13.76,13.77,13.78,13.79,13.8,13.81,13.83,13.84,35500,84600,93200,68100,4400,26800,22000,21800,38600,2300,2500,6500,600,7700,3500,6800,13100,3500,1300,1800
12202.0,13.73,19706100,269468510.0,13.73,13.72,13.71,13.7,13.69,13.68,13.67,13.66,13.65,13.64,13.74,13.75,13.76,13.77,13.78,13.79,13.8,13.81,13.83,13.84,35500,84600,93200,68100,4400,26800,22000,21800,38600,2300,2500,6500,600,7700,3500,6800,13100,3500,1300,1800
12203.0,13.73,19706100,269468510.0,13.73,13.72,13.71,13.7,13.69,13.68,13.67,13.66,13.65,13.64,13.74,13.75,13.76,13.77,13.78,13.79,13.8,13.81,13.83,13.84,35500,84600,93200,68100,4400,26800,22000,21800,38600,2300,2500,7500,600,7700,3500,6800,13100,3500,1300,1800
12204.0,13.73,19706800,269478121.0,13.73,13.72,13.71,13.7,13.69,13.68,13.67,13.66,13.65,13.64,13.74,13.75,13.76,13.77,13.78,13.79,13.8,13.81,13.83,13.84,34800,84600,93500,68300,4400,26800,22000,21800,38600,2300,2500,7500,600,7700,3500,6800,13100,3500,1300,1800
12205.0,13.74,19707000,269480869.0,13.73,13.72,13.71,13.7,13.69,13.68,13.67,13.66,13.65,13.64,13.74,13.75,13.76,13.77,13.78,13.79,13.8,13.81,13.83,13.84,34800,84600,93500,68300,4400,26800,22000,21800,38600,2300,2300,7500,600,7700,3500,6800,13100,3500,1300,1800
12206.0,13.74,19707200,269483617.0,13.73,13.72,13.71,13.7,13.69,13.68,13.67,13.66,13.65,13.64,13.74,13.75,13.76,13.77,13.78,13.79,13.8,13.81,13.83,13.84,34800,84600,93500,68300,4400,26800,22000,21800,38600,2300,2100,7500,600,7700,3500,6800,13300,3500,1300,1800
12207.0,13.73,19707900,269493228.0,13.73,13.72,13.71,13.7,13.69,13.68,13.67,13.66,13.65,13.64,13.74,13.75,13.76,13.77,13.78,13.79,13.8,13.81,13.83,13.84,34700,84600,93500,68300,3600,26800,22000,21800,38600,2300,2100,7500,600,7700,3500,6800,13300,3500,1300,1800
12208.0,13.73,19707900,269493228.0,13.73,13.72,13.71,13.7,13.69,13.68,13.67,13.66,13.65,13.64,13.74,13.75,13.76,13.77,13.78,13.79,13.8,13.81,13.83,13.84,34700,84600,93500,68300,3600,26800,22000,21800,38600,2300,2100,7500,600,7700,3500,6800,13300,3500,1300,1800
12209.0,13.74,19710400,269527571.0,13.73,13.72,13.71,13.7,13.69,13.68,13.67,13.66,13.65,13.64,13.74,13.75,13.76,13.77,13.78,13.79,13.8,13.81,13.83,13.84,34000,84600,93500,68300,3600,26800,22000,21800,38600,2300,300,7300,600,7700,3500,6800,13300,3500,1300,1800
12210.0,13.74,19710400,269527571.0,13.73,13.72,13.71,13.7,13.69,13.68,13.67,13.66,13.65,13.64,13.74,13.75,13.76,13.77,13.78,13.79,13.8,13.81,13.83,13.84,34000,94600,93500,68300,3600,26800,22000,21800,38600,2300,300,7300,600,7700,3500,6800,13300,3500,1300,1800
12211.0,13.73,19710800,269533063.0,13.73,13.72,13.71,13.7,13.69,13.68,13.67,13.66,13.65,13.64,13.74,13.75,13.76,13.77,13.78,13.79,13.8,13.81,13.83,13.84,33600,94600,93500,68300,3600,26800,22000,21800,38600,2300,300,7300,600,7700,3500,6800,13300,3500,1300,4100
12212.0,13.73,19711500,269542674.0,13.73,13.72,13.71,13.7,13.69,13.68,13.67,13.66,13.65,13.64,13.74,13.75,13.76,13.77,13.78,13.79,13.8,13.81,13.83,13.84,32900,94700,93500,68300,3600,26800,22000,21800,38600,2300,300,7300,600,7700,3500,6800,13300,3500,1300,4100
12213.0,13.73,19711500,269542674.0,13.73,13.72,13.71,13.7,13.69,13.68,13.67,13.66,13.65,13.64,13.74,13.75,13.76,13.77,13.78,13.79,13.8,13.81,13.83,13.84,32900,95300,93500,68300,3600,26800,22000,21800,38600,2300,300,7300,600,7700,3500,6800,13300,3500,1300,4100
12214.0,13.73,19711500,269542674.0,13.73,13.72,13.71,13.7,13.69,13.68,13.67,13.66,13.65,13.64,13.74,13.75,13.76,13.77,13.78,13.79,13.8,13.81,13.83,13.84,32900,95300,93500,68300,3600,26800,22000,21800,38600,2300,300,7300,600,7700,3500,6800,13300,3500,1300,4100
12215.0,13.73,19712200,269552285.0,13.73,13.72,13.71,13.7,13.69,13.68,13.67,13.66,13.65,13.64,13.74,13.75,13.76,13.77,13.78,13.79,13.8,13.81,13.83,13.84,32200,95300,93500,68300,3600,26800,22000,21800,38600,2300,300,7300,600,7700,3500,6800,13300,3500,1300,4100
12216.0,13.73,19712200,269552285.0,13.73,13.72,13.71,13.7,13.69,13.68,13.67,13.66,13.65,13.64,13.74,13.75,13.76,13.77,13.78,13.79,13.8,13.81,13.83,13.84,32200,95300,93500,68300,3600,26800,22000,21800,38600,2300,300,7300,600,7700,3500,6800,13300,3500,1300,4100
12217.0,13.73,19712200,269552285.0,13.73,13.72,13.71,13.7,13.69,13.68,13.67,13.66,13.65,13.64,13.74,13.75,13.76,13.77,13.78,13.79,13.8,13.81,13.83,13.84,34700,95300,93500,68300,3600,26800,22000,21800,38600,2300,300,7300,600,7700,3500,6800,13300,3500,1300,4100
12218.0,13.74,19713200,269566018.0,13.73,13.72,13.71,13.7,13.69,13.68,13.67,13.66,13.65,13.64,13.75,13.76,13.77,13.78,13.79,13.8,13.81,13.83,13.84,13.85,34000,95300,93500,68300,3600,26800,22000,21800,38600,2300,7300,600,7700,3500,6800,13300,3500,1300,4100,6700
12219.0,13.73,19713800,269574256.0,13.73,13.72,13.71,13.7,13.69,13.68,13.67,13.66,13.65,13.64,13.75,13.76,13.77,13.78,13.79,13.8,13.81,13.83,13.84,13.85,33500,95300,93500,68300,3600,26800,22000,21800,38600,2300,7400,600,7700,3500,6800,13300,3500,1300,4100,6700
12220.0,13.75,19716100,269605881.0,13.73,13.72,13.71,13.7,13.69,13.68,13.67,13.66,13.65,13.64,13.75,13.76,13.77,13.78,13.79,13.8,13.81,13.83,13.84,13.85,33700,95300,93500,68300,3600,26800,22000,21800,38600,2300,5300,600,7700,3500,6800,13300,3500,1300,4100,6700
12221.0,13.73,19716800,269615492.0,13.73,13.72,13.71,13.7,13.69,13.68,13.67,13.66,13.65,13.64,13.75,13.76,13.77,13.78,13.79,13.8,13.81,13.83,13.84,13.85,33000,95300,93500,68300,3600,26800,22000,21800,38600,2300,5300,600,7700,3500,6800,13300,3500,1300,4100,6700
12222.0,13.73,19716800,269615492.0,13.74,13.73,13.72,13.71,13.7,13.69,13.68,13.67,13.66,13.65,13.75,13.76,13.77,13.78,13.79,13.8,13.81,13.83,13.84,13.85,100,33100,95300,101400,68300,3600,26800,22000,21800,38600,5400,1600,7700,3500,6800,13300,3500,1300,4100,6700
12223.0,13.73,19716800,269615492.0,13.74,13.73,13.72,13.71,13.7,13.69,13.68,13.67,13.66,13.65,13.75,13.76,13.77,13.78,13.79,13.8,13.81,13.83,13.84,13.85,3100,33100,95300,101400,68300,3600,26800,22000,21800,38600,5400,1600,7700,3500,6800,13300,3500,1300,4100,6700
12224.0,13.74,19717100,269619614.0,13.74,13.73,13.72,13.71,13.7,13.69,13.68,13.67,13.66,13.65,13.75,13.76,13.77,13.78,13.79,13.8,13.81,13.83,13.84,13.85,2800,33100,95300,101400,68300,3600,26800,22000,21800,38600,5400,1600,7700,3500,6800,13300,3500,1300,4100,6700
12225.0,13.73,19747100,270031542.0,13.73,13.72,13.71,13.7,13.69,13.68,13.67,13.66,13.65,13.64,13.75,13.76,13.77,13.78,13.79,13.8,13.81,13.83,13.84,13.85,5900,95300,101400,68300,3600,26800,22000,21800,38600,2300,5400,1600,7700,3500,6800,13300,3500,1300,4100,6700
12226.0,13.73,19747100,270031542.0,13.73,13.72,13.71,13.7,13.69,13.68,13.67,13.66,13.65,13.64,13.75,13.76,13.77,13.78,13.79,13.8,13.81,13.83,13.84,13.85,6200,95300,101400,68300,3600,26800,22000,21800,38600,2300,5700,1600,7700,3500,6800,13300,3500,1300,4100,6700
12227.0,13.75,19748200,270046655.0,13.73,13.72,13.71,13.7,13.69,13.68,13.67,13.66,13.65,13.64,13.74,13.75,13.76,13.77,13.78,13.79,13.8,13.81,13.83,13.84,5600,95300,101400,68300,3600,26800,22000,21800,38600,2300,1500,5200,1600,7700,3500,6800,13300,3500,1300,4100
12228.0,13.75,19748200,270046655.0,13.73,13.72,13.71,13.7,13.69,13.68,13.67,13.66,13.65,13.64,13.74,13.75,13.76,13.77,13.78,13.79,13.8,13.81,13.83,13.84,5600,95300,101400,68300,3600,26800,22000,21800,38600,2300,6100,5200,1600,7700,3500,6800,13300,3500,1300,4100
12229.0,13.73,19749600,270065877.0,13.73,13.72,13.71,13.7,13.69,13.68,13.67,13.66,13.65,13.64,13.74,13.75,13.76,13.77,13.78,13.79,13.8,13.81,13.83,13.84,4200,95600,101500,68300,3600,26800,22000,21800,38600,2300,6100,5200,1600,7700,3500,6800,13300,3500,1300,4100
12230.0,13.73,19749600,270065877.0,13.73,13.72,13.71,13.7,13.69,13.68,13.67,13.66,13.65,13.64,13.74,13.75,13.76,13.77,13.78,13.79,13.8,13.81,13.83,13.84,5000,95600,101500,68300,3600,26800,22000,21800,38600,2300,6100,5200,1600,27700,3500,6800,13300,3500,1300,4100
12231.0,13.73,19751200,270087851.0,13.73,13.72,13.71,13.7,13.69,13.68,13.67,13.66,13.65,13.64,13.74,13.75,13.76,13.77,13.78,13.79,13.8,13.81,13.83,13.84,4000,95600,101500,68300,3600,26800,22000,21800,38600,2300,5500,5200,1600,27700,3500,6800,13300,3500,1300,4100
12232.0,13.73,19751600,270093343.0,13.73,13.72,13.71,13.7,13.69,13.68,13.67,13.66,13.65,13.64,13.74,13.75,13.76,13.77,13.78,13.79,13.8,13.81,13.83,13.84,11700,95600,101500,68300,3600,26800,22000,21800,38600,2300,5500,5200,1600,27700,3500,6800,13300,3500,1300,4100
12233.0,13.73,19751600,270093343.0,13.73,13.72,13.71,13.7,13.69,13.68,13.67,13.66,13.65,13.64,13.74,13.75,13.76,13.77,13.78,13.79,13.8,13.81,13.83,13.84,11700,95600,101500,68300,3600,26800,22000,21800,38600,2300,5500,5200,1600,27700,3500,6800,13300,3500,1300,4100
12234.0,13.73,19752200,270101586.0,13.73,13.72,13.71,13.7,13.69,13.68,13.67,13.66,13.65,13.64,13.74,13.75,13.76,13.77,13.78,13.79,13.8,13.81,13.83,13.84,11600,95600,101500,68300,3600,26800,22000,21800,38600,2300,4600,5200,1600,27700,3500,6800,13300,3500,1300,4100
12235.0,13.73,19752900,270111197.0,13.73,13.72,13.71,13.7,13.69,13.68,13.67,13.66,13.65,13.64,13.74,13.75,13.76,13.77,13.78,13.79,13.8,13.81,13.83,13.84,11900,95600,101500,68300,3600,26800,22000,21800,38600,2300,4600,5200,1600,27700,3500,6800,13300,3500,1300,4100
12236.0,13.73,19754200,270129046.0,13.73,13.72,13.71,13.7,13.69,13.68,13.67,13.66,13.65,13.64,13.74,13.75,13.76,13.77,13.78,13.79,13.8,13.81,13.83,13.84,10600,95600,101500,68300,3600,26800,22000,21800,38600,2300,4600,5200,1600,27700,3500,6800,13300,3500,1300,4100
12237.0,13.74,19754600,270134542.0,13.73,13.72,13.71,13.7,13.69,13.68,13.67,13.66,13.65,13.64,13.74,13.75,13.76,13.77,13.78,13.79,13.8,13.81,13.83,13.84,10600,95600,101500,68300,3600,26800,22000,21800,38600,2300,4200,5200,1600,27700,3500,6800,13300,3500,1300,4100
12238.0,13.74,19754600,270134542.0,13.73,13.72,13.71,13.7,13.69,13.68,13.67,13.66,13.65,13.64,13.74,13.75,13.76,13.77,13.78,13.79,13.8,13.81,13.83,13.84,10900,95700,101500,68300,3600,26800,22000,21800,38600,2300,4200,5200,1600,27700,3500,6800,13300,3500,1300,4100
12239.0,13.74,19754600,270134542.0,13.73,13.72,13.71,13.7,13.69,13.68,13.67,13.66,13.65,13.64,13.74,13.75,13.76,13.77,13.78,13.79,13.8,13.81,13.83,13.84,10900,95700,101500,70300,3600,26800,22000,21800,38600,2300,4200,5200,1600,27700,3500,6800,13300,3500,1300,4100
12240.0,13.73,19756100,270155137.0,13.73,13.72,13.71,13.7,13.69,13.68,13.67,13.66,13.65,13.64,13.74,13.75,13.76,13.77,13.78,13.79,13.8,13.81,13.83,13.84,12500,95700,101500,70300,3600,26800,22000,21800,38600,2300,4200,5200,1600,27700,3500,6800,13300,3500,1300,4100
12241.0,13.74,19756500,270160633.0,13.73,13.72,13.71,13.7,13.69,13.68,13.67,13.66,13.65,13.64,13.74,13.75,13.76,13.77,13.78,13.79,13.8,13.81,13.83,13.84,12500,95700,101500,70300,3600,26700,22000,21800,38600,2300,3800,5200,1600,27700,3500,6800,13300,3500,1300,4100
12242.0,13.73,19757900,270179855.0,13.73,13.72,13.71,13.7,13.69,13.68,13.67,13.66,13.65,13.64,13.74,13.75,13.76,13.77,13.78,13.79,13.8,13.81,13.83,13.84,11800,95700,101500,70300,3600,26700,22000,21800,38600,2300,3800,5200,1600,27700,3500,6800,13300,3500,1300,4100
12243.0,13.73,19757900,270179855.0,13.73,13.72,13.71,13.7,13.69,13.68,13.67,13.66,13.65,13.64,13.74,13.75,13.76,13.77,13.78,13.79,13.8,13.81,13.83,13.84,12100,95700,101500,70300,3600,26700,22000,21800,38600,2300,3800,5200,1600,27700,3500,6800,13300,3500,1300,4100
12244.0,13.73,19770000,270345988.0,13.72,13.71,13.7,13.69,13.68,13.67,13.66,13.65,13.64,13.63,13.73,13.74,13.75,13.76,13.77,13.78,13.79,13.8,13.81,13.83,95700,101500,70300,3600,26700,22000,21800,38600,2300,4900,4300,3800,5200,1600,27700,3500,6800,13300,3500,1300
12245.0,13.73,19770000,270345988.0,13.72,13.71,13.7,13.69,13.68,13.67,13.66,13.65,13.64,13.63,13.73,13.74,13.75,13.76,13.77,13.78,13.79,13.8,13.81,13.83,95700,101500,70300,3600,26700,22000,21800,38600,2300,4900,4300,4200,5200,1600,27700,3500,6800,13300,3500,1300
12246.0,13.73,19770000,270345988.0,13.72,13.71,13.7,13.69,13.68,13.67,13.66,13.65,13.64,13.63,13.73,13.74,13.75,13.76,13.77,13.78,13.79,13.8,13.81,13.83,95700,101500,70300,3600,26700,22000,21800,38600,2300,4900,4300,4200,5200,1600,27700,3500,6800,13300,3500,1300
12247.0,13.72,19774600,270409100.0,13.72,13.71,13.7,13.69,13.68,13.67,13.66,13.65,13.64,13.63,13.73,13.74,13.75,13.76,13.77,13.78,13.79,13.8,13.81,13.83,91100,101500,70300,3600,26700,22000,21800,38600,2300,4900,5500,4200,5200,1600,27700,3500,6800,13300,3500,1300
12248.0,13.73,19780100,270484615.0,13.72,13.71,13.7,13.69,13.68,13.67,13.66,13.65,13.64,13.63,13.74,13.75,13.76,13.77,13.78,13.79,13.8,13.81,13.83,13.84,91100,101500,70300,3600,26700,22000,21800,38600,2300,4900,4200,5200,1600,27700,3500,6800,13300,3500,1300,4100
12249.0,13.73,19780100,270484615.0,13.73,13.72,13.71,13.7,13.69,13.68,13.67,13.66,13.65,13.64,13.74,13.75,13.76,13.77,13.78,13.79,13.8,13.81,13.83,13.84,1000,91100,101500,70300,3600,26700,22000,21800,38600,2300,4200,5200,1600,27700,3500,6800,13300,3500,1300,4100
12250.0,13.73,19780200,270485988.0,13.73,13.72,13.71,13.7,13.69,13.68,13.67,13.66,13.65,13.64,13.74,13.75,13.76,13.77,13.78,13.79,13.8,13.81,13.83,13.84,1400,91100,101500,70300,3600,26700,22000,21800,38600,2300,4200,5200,1600,27700,3500,6800,13300,3500,1300,4100
12251.0,13.73,19781200,270499718.0,13.73,13.72,13.71,13.7,13.69,13.68,13.67,13.66,13.65,13.64,13.74,13.75,13.76,13.77,13.78,13.79,13.8,13.81,13.83,13.84,400,91100,101500,70300,3600,26700,22000,21800,38600,2300,4200,5200,1600,27700,3500,6800,13300,3500,1300,4100
12252.0,13.73,19781600,270505210.0,13.72,13.71,13.7,13.69,13.68,13.67,13.66,13.65,13.64,13.63,13.73,13.74,13.75,13.76,13.77,13.78,13.79,13.8,13.81,13.83,91100,101500,70300,3600,26700,22000,21800,38600,2300,4900,3000,4200,5200,1600,27700,3500,6800,13300,3500,1300
12253.0,13.72,19783900,270536766.0,13.72,13.71,13.7,13.69,13.68,13.67,13.66,13.65,13.64,13.63,13.73,13.74,13.75,13.76,13.77,13.78,13.79,13.8,13.81,13.83,88800,101500,70300,3600,26700,22000,21800,38600,2300,4900,3000,4200,5200,1600,27700,3500,6800,13300,3500,1300
12254.0,13.73,19784400,270543631.0,13.72,13.71,13.7,13.69,13.68,13.67,13.66,13.65,13.64,13.63,13.73,13.74,13.75,13.76,13.77,13.78,13.79,13.8,13.81,13.83,88800,101500,70300,3600,26700,22000,21800,38600,2300,4900,2500,4200,5200,1600,27700,3500,6800,13300,3500,1300
12255.0,13.73,19784600,270546377.0,13.72,13.71,13.7,13.69,13.68,13.67,13.66,13.65,13.64,13.63,13.73,13.74,13.75,13.76,13.77,13.78,13.79,13.8,13.81,13.83,88800,101500,70300,3600,26700,22000,21800,38600,2300,4900,2300,4200,5200,1600,27700,3500,6800,13300,3500,1300
12256.0,13.72,19785300,270555981.0,13.72,13.71,13.7,13.69,13.68,13.67,13.66,13.65,13.64,13.63,13.73,13.74,13.75,13.76,13.77,13.78,13.79,13.8,13.81,13.83,88100,101500,70300,3600,26700,22000,21800,38600,2300,4900,2300,4200,5200,1600,27700,3500,6800,13300,3500,1300
12257.0,13.72,19785300,270555981.0,13.72,13.71,13.7,13.69,13.68,13.67,13.66,13.65,13.64,13.63,13.73,13.74,13.75,13.76,13.77,13.78,13.79,13.8,13.81,13.83,88100,101500,70300,3600,26700,22000,21800,38600,2300,4900,2300,4200,5200,1600,27700,3500,6800,13300,3500,1300
12258.0,13.72,19785300,270555981.0,13.72,13.71,13.7,13.69,13.68,13.67,13.66,13.65,13.64,13.63,13.73,13.74,13.75,13.76,13.77,13.78,13.79,13.8,13.81,13.83,88100,101500,70300,3600,26700,22000,21800,38600,2300,4900,5800,4200,5200,1600,27700,3500,6800,13300,3500,1300
12259.0,13.73,19785600,270560100.0,13.72,13.71,13.7,13.69,13.68,13.67,13.66,13.65,13.64,13.63,13.73,13.74,13.75,13.76,13.77,13.78,13.79,13.8,13.81,13.83,88100,101500,70300,3600,26700,22000,21800,38600,2300,4900,5500,4200,5200,1600,27700,3500,6800,13300,3500,1300
12260.0,13.72,19786900,270577936.0,13.72,13.71,13.7,13.69,13.68,13.67,13.66,13.65,13.64,13.63,13.73,13.74,13.75,13.76,13.77,13.78,13.79,13.8,13.81,13.83,86800,101500,70300,3600,26700,22000,21800,38600,2300,4900,5500,4200,5200,1600,27700,3500,6800,13300,3500,1300
12261.0,13.72,19786900,270577936.0,13.72,13.71,13.7,13.69,13.68,13.67,13.66,13.65,13.64,13.63,13.73,13.74,13.75,13.76,13.77,13.78,13.79,13.8,13.81,13.83,86800,101500,70300,3600,26700,22000,21800,38600,2300,4900,5500,4200,5200,1600,27700,3500,6800,13300,3500,1300
12262.0,13.73,19787500,270586174.0,13.72,13.71,13.7,13.69,13.68,13.67,13.66,13.65,13.64,13.63,13.73,13.74,13.75,13.76,13.77,13.78,13.79,13.8,13.81,13.83,86800,101500,70300,3600,26700,22000,21800,38600,2300,4900,4900,4200,5200,1600,27700,3500,6800,13300,3500,1300
12263.0,13.73,19787500,270586174.0,13.72,13.71,13.7,13.69,13.68,13.67,13.66,13.65,13.64,13.63,13.73,13.74,13.75,13.76,13.77,13.78,13.79,13.8,13.81,13.83,86800,101500,70300,3600,26600,22000,21800,38600,2300,4900,6400,4200,5200,1600,27700,3500,6800,13300,3500,1300
12264.0,13.73,19788700,270602650.0,13.72,13.71,13.7,13.69,13.68,13.67,13.66,13.65,13.64,13.63,13.73,13.74,13.75,13.76,13.77,13.78,13.79,13.8,13.81,13.83,87500,101500,70300,3600,26600,22000,21800,38600,2300,4900,5200,4200,5200,1600,27700,3500,6800,13300,3500,1300
12265.0,13.73,19788700,270602650.0,13.72,13.71,13.7,13.69,13.68,13.67,13.66,13.65,13.64,13.63,13.73,13.74,13.75,13.76,13.77,13.78,13.79,13.8,13.81,13.83,87500,101500,70300,3600,26600,22000,21800,38600,2300,4900,5200,4200,5200,1600,27700,3500,6800,13300,3500,1300
12266.0,13.73,19788700,270602650.0,13.72,13.71,13.7,13.69,13.68,13.67,13.66,13.65,13.64,13.63,13.73,13.74,13.75,13.76,13.77,13.78,13.79,13.8,13.81,13.83,87500,101500,70300,3600,26600,22000,21800,38600,2300,4900,5200,4200,5200,1600,27700,3500,6800,13300,3500,1300
12267.0,13.73,19788700,270602650.0,13.72,13.71,13.7,13.69,13.68,13.67,13.66,13.65,13.64,13.63,13.73,13.74,13.75,13.76,13.77,13.78,13.79,13.8,13.81,13.83,87400,101500,70300,3600,26600,22000,21800,38600,2300,4900,5200,4200,5200,1600,27700,3500,6800,13300,3500,1300
12268.0,13.73,19788700,270602650.0,13.72,13.71,13.7,13.69,13.68,13.67,13.66,13.65,13.64,13.63,13.73,13.74,13.75,13.76,13.77,13.78,13.79,13.8,13.81,13.83,87400,101500,70300,3600,26600,22000,21800,38600,2300,4900,5200,4200,5200,1600,27700,3500,6800,13300,3500,1300
12269.0,13.73,19789200,270609515.0,13.72,13.71,13.7,13.69,13.68,13.67,13.66,13.65,13.64,13.63,13.73,13.74,13.75,13.76,13.77,13.78,13.79,13.8,13.81,13.83,87400,101500,70300,3600,26600,22000,21800,38600,2300,4900,4700,4200,5200,1600,27700,3500,6800,13300,3500,1300
12270.0,13.73,19789200,270609515.0,13.72,13.71,13.7,13.69,13.68,13.67,13.66,13.65,13.64,13.63,13.73,13.74,13.75,13.76,13.77,13.78,13.79,13.8,13.81,13.83,87400,101500,70300,3600,26600,22000,21800,38600,2300,4900,4700,4200,5200,1600,27700,3500,6800,13300,3500,1300
12271.0,13.73,19789200,270609515.0,13.72,13.71,13.7,13.69,13.68,13.67,13.66,13.65,13.64,13.63,13.73,13.74,13.75,13.76,13.77,13.78,13.79,13.8,13.81,13.83,87400,101500,70300,3600,26600,22000,21800,38600,2300,4900,4700,4200,5200,1600,27700,3500,6800,13300,3500,1300
12272.0,13.73,19789200,270609515.0,13.72,13.71,13.7,13.69,13.68,13.67,13.66,13.65,13.64,13.63,13.73,13.74,13.75,13.76,13.77,13.78,13.79,13.8,13.81,13.83,87400,101500,70300,3600,26600,22000,21800,38600,2300,4900,4700,4200,5200,1600,27700,3500,6800,13300,3500,1300
12273.0,13.73,19789200,270609515.0,13.72,13.71,13.7,13.69,13.68,13.67,13.66,13.65,13.64,13.63,13.73,13.74,13.75,13.76,13.77,13.78,13.79,13.8,13.81,13.83,87400,101500,70300,3600,26600,22000,21800,38600,2300,4900,4700,4200,5200,1600,27700,3500,6800,13300,3500,1300
12274.0,13.73,19789200,270609515.0,13.72,13.71,13.7,13.69,13.68,13.67,13.66,13.65,13.64,13.63,13.73,13.74,13.75,13.76,13.77,13.78,13.79,13.8,13.81,13.83,87400,101500,70300,3600,26600,22000,21800,38600,2300,4900,4700,4200,5200,1600,27700,3500,6800,13300,3500,1300
12275.0,13.73,19790100,270621872.0,13.72,13.71,13.7,13.69,13.68,13.67,13.66,13.65,13.64,13.63,13.73,13.74,13.75,13.76,13.77,13.78,13.79,13.8,13.81,13.83,87400,101500,70300,3600,26600,22000,21800,38600,2300,4900,5100,4200,5200,1600,27700,3500,6800,13300,3500,1300
12276.0,13.73,19791100,270635602.0,13.72,13.71,13.7,13.69,13.68,13.67,13.66,13.65,13.64,13.63,13.73,13.74,13.75,13.76,13.77,13.78,13.79,13.8,13.81,13.83,87400,101500,70300,3600,26600,22000,21800,38600,2300,4900,4100,4200,5200,1600,27700,3500,6800,13300,3500,1300
12277.0,13.73,19791100,270635602.0,13.72,13.71,13.7,13.69,13.68,13.67,13.66,13.65,13.64,13.63,13.73,13.74,13.75,13.76,13.77,13.78,13.79,13.8,13.81,13.83,87400,101500,70300,3600,26600,22000,21800,38600,2300,4900,4100,4200,5200,1600,27700,3500,6800,13300,3500,1300
12278.0,13.73,19791100,270635602.0,13.72,13.71,13.7,13.69,13.68,13.67,13.66,13.65,13.64,13.63,13.73,13.74,13.75,13.76,13.77,13.78,13.79,13.8,13.81,13.83,88400,101500,70300,3600,26600,22000,21800,38600,2300,4900,4100,4200,5200,1600,27700,3500,6800,13300,3500,1300
12279.0,13.73,19791500,270641094.0,13.72,13.71,13.7,13.69,13.68,13.67,13.66,13.65,13.64,13.63,13.73,13.74,13.75,13.76,13.77,13.78,13.79,13.8,13.81,13.83,88400,101500,70300,3800,26600,22000,21800,38600,2300,4900,12400,7200,5200,1600,27700,3500,6800,13300,3500,1300
12280.0,13.73,19791500,270641094.0,13.72,13.71,13.7,13.69,13.68,13.67,13.66,13.65,13.64,13.63,13.73,13.74,13.75,13.76,13.77,13.78,13.79,13.8,13.81,13.83,88400,101500,70300,3800,26600,22000,21800,38600,2300,4900,12400,7200,5200,1600,27700,3500,6800,13300,3500,1300
12281.0,13.73,19791500,270641094.0,13.72,13.71,13.7,13.69,13.68,13.67,13.66,13.65,13.64,13.63,13.73,13.74,13.75,13.76,13.77,13.78,13.79,13.8,13.81,13.83,88400,101500,70300,3800,26600,22000,21800,38600,2300,4900,12400,7200,5200,1600,27700,3500,6800,13300,3500,1300
12282.0,13.73,19791500,270641094.0,13.72,13.71,13.7,13.69,13.68,13.67,13.66,13.65,13.64,13.63,13.73,13.74,13.75,13.76,13.77,13.78,13.79,13.8,13.81,13.83,88400,101500,70900,3800,26600,22000,21800,38600,2300,4900,12400,7200,5200,1600,27700,3500,6800,13300,3500,1300
12283.0,13.73,19792200,270650705.0,13.72,13.71,13.7,13.69,13.68,13.67,13.66,13.65,13.64,13.63,13.73,13.74,13.75,13.76,13.77,13.78,13.79,13.8,13.81,13.83,88400,101500,70900,3800,26600,22000,21800,38600,2300,4900,11700,7200,5200,1600,27700,3500,6800,13300,3500,1300
12284.0,13.73,19792200,270650705.0,13.72,13.71,13.7,13.69,13.68,13.67,13.66,13.65,13.64,13.63,13.73,13.74,13.75,13.76,13.77,13.78,13.79,13.8,13.81,13.83,88900,101500,71400,3800,26600,22000,21800,38600,2300,4900,11700,7200,5200,1600,27700,3500,6800,13300,3500,1300
12285.0,13.73,19792200,270650705.0,13.72,13.71,13.7,13.69,13.68,13.67,13.66,13.65,13.64,13.63,13.73,13.74,13.75,13.76,13.77,13.78,13.79,13.8,13.81,13.83,88900,101500,71400,3800,26600,22000,21800,38600,2300,4900,11700,7200,5200,1600,27700,3500,6800,13300,3500,1300
12286.0,13.73,19793600,270669927.0,13.72,13.71,13.7,13.69,13.68,13.67,13.66,13.65,13.64,13.63,13.73,13.74,13.75,13.76,13.77,13.78,13.79,13.8,13.81,13.83,88900,101500,71400,3800,26600,22000,21800,38600,2300,4900,10300,7200,5200,1600,27700,3500,6800,13300,3500,1300
12287.0,13.73,19798600,270738577.0,13.72,13.71,13.7,13.69,13.68,13.67,13.66,13.65,13.64,13.63,13.73,13.74,13.75,13.76,13.77,13.78,13.79,13.8,13.81,13.83,88900,101500,71400,3800,26600,22000,21800,38600,2300,4900,5300,7200,5200,1600,27700,3500,6800,13300,3500,1300
12288.0,13.73,19798600,270738577.0,13.72,13.71,13.7,13.69,13.68,13.67,13.66,13.65,13.64,13.63,13.73,13.74,13.75,13.76,13.77,13.78,13.79,13.8,13.81,13.83,88900,101500,71400,3800,26600,22000,21800,38600,2300,4900,5300,7200,5200,1600,27700,3500,6800,13300,3500,1300
12289.0,13.73,19798600,270738577.0,13.72,13.71,13.7,13.69,13.68,13.67,13.66,13.65,13.64,13.63,13.73,13.74,13.75,13.76,13.77,13.78,13.79,13.8,13.81,13.83,91000,101500,71400,3800,26600,22000,21800,38600,2300,4900,5300,7200,5200,1600,27700,3500,6800,13300,3500,1300
12290.0,13.73,19800000,270757799.0,13.72,13.71,13.7,13.69,13.68,13.67,13.66,13.65,13.64,13.63,13.73,13.74,13.75,13.76,13.77,13.78,13.79,13.8,13.81,13.83,91000,101500,71400,3800,26600,22000,21800,38600,2300,4900,3900,7200,5200,1600,27700,3500,6800,13300,3500,1300
12291.0,13.73,19801300,270775638.0,13.72,13.71,13.7,13.69,13.68,13.67,13.66,13.65,13.64,13.63,13.73,13.74,13.75,13.76,13.77,13.78,13.79,13.8,13.81,13.83,90000,101500,71400,3800,26600,22000,21800,38600,2300,4900,3600,7200,5200,1600,27700,3500,6800,13300,3500,1300
12292.0,13.73,19801800,270782503.0,13.72,13.71,13.7,13.69,13.68,13.67,13.66,13.65,13.64,13.63,13.73,13.74,13.75,13.76,13.77,13.78,13.79,13.8,13.81,13.83,90000,101500,71400,3800,27600,22000,21800,38600,2300,4900,3100,7200,5200,1600,27700,3500,6800,13300,3500,1300
12293.0,13.73,19801800,270782503.0,13.72,13.71,13.7,13.69,13.68,13.67,13.66,13.65,13.64,13.63,13.73,13.74,13.75,13.76,13.77,13.78,13.79,13.8,13.81,13.83,90000,101500,71400,3800,27600,22000,21800,38600,2300,4900,3100,7200,5200,1600,27700,3500,6800,13300,3500,1300
12294.0,13.73,19801800,270782503.0,13.72,13.71,13.7,13.69,13.68,13.67,13.66,13.65,13.64,13.63,13.73,13.74,13.75,13.76,13.77,13.78,13.79,13.8,13.81,13.83,90000,101500,71400,3800,27600,22000,21800,38600,2300,4900,3100,7200,5200,1600,27700,3500,6800,13300,3500,1300
12295.0,13.73,19801800,270782503.0,13.72,13.71,13.7,13.69,13.68,13.67,13.66,13.65,13.64,13.63,13.73,13.74,13.75,13.76,13.77,13.78,13.79,13.8,13.81,13.83,90000,101500,71400,3800,27600,22000,21800,38600,2300,4900,3100,7200,5200,1600,27700,3500,6800,13300,3500,1300
12296.0,13.73,19801800,270782503.0,13.72,13.71,13.7,13.69,13.68,13.67,13.66,13.65,13.64,13.63,13.73,13.74,13.75,13.76,13.77,13.78,13.79,13.8,13.81,13.83,90000,101500,71600,3800,27600,22000,21800,38600,2300,4900,3100,7200,5200,1600,27700,3500,6800,13300,3500,1300
12297.0,13.73,19802100,270786622.0,13.72,13.71,13.7,13.69,13.68,13.67,13.66,13.65,13.64,13.63,13.74,13.75,13.76,13.77,13.78,13.79,13.8,13.81,13.83,13.84,91000,101500,71600,3800,27600,22000,21800,38600,2300,4900,7200,5200,1600,27700,3500,6800,13300,3500,1300,4100
12298.0,13.73,19802100,270786622.0,13.72,13.71,13.7,13.69,13.68,13.67,13.66,13.65,13.64,13.63,13.74,13.75,13.76,13.77,13.78,13.79,13.8,13.81,13.83,13.84,91000,100900,71600,3800,27600,22000,21800,38600,2300,4900,7200,5200,1600,27700,3500,6800,13300,3500,1300,4100
12299.0,13.72,19803200,270801714.0,13.72,13.71,13.7,13.69,13.68,13.67,13.66,13.65,13.64,13.63,13.74,13.75,13.76,13.77,13.78,13.79,13.8,13.81,13.83,13.84,90400,100900,71600,3800,27600,22000,21800,38600,2300,4900,7700,5200,1600,27700,3500,6800,13300,3500,1300,4100
12300.0,13.74,19803300,270803088.0,13.72,13.71,13.7,13.69,13.68,13.67,13.66,13.65,13.64,13.63,13.74,13.75,13.76,13.77,13.78,13.79,13.8,13.81,13.83,13.84,94100,100900,71600,3800,27600,22000,21800,38600,2300,4900,7600,5200,1600,27700,3500,6800,13300,3500,1300,4100
12301.0,13.74,19803300,270803088.0,13.72,13.71,13.7,13.69,13.68,13.67,13.66,13.65,13.64,13.63,13.74,13.75,13.76,13.77,13.78,13.79,13.8,13.81,13.83,13.84,94300,100900,71600,3800,27600,22000,21800,38600,2300,4900,8100,5200,1600,27700,3500,6800,13300,3500,1300,4100
12302.0,13.74,19803300,270803088.0,13.72,13.71,13.7,13.69,13.68,13.67,13.66,13.65,13.64,13.63,13.74,13.75,13.76,13.77,13.78,13.79,13.8,13.81,13.83,13.84,94600,100900,71600,3800,27600,22000,21800,38600,2300,4900,8100,5200,1600,27700,3500,6800,13300,3500,1300,4100
12303.0,13.74,19803300,270803088.0,13.72,13.71,13.7,13.69,13.68,13.67,13.66,13.65,13.64,13.63,13.74,13.75,13.76,13.77,13.78,13.79,13.8,13.81,13.83,13.84,94800,100900,71600,3800,27600,22000,21800,38600,2300,4900,8300,5200,1600,27700,3500,6800,13300,3500,1300,4100
12304.0,13.74,19804000,270812706.0,13.72,13.71,13.7,13.69,13.68,13.67,13.66,13.65,13.64,13.63,13.74,13.75,13.76,13.77,13.78,13.79,13.8,13.81,13.83,13.84,95100,100900,71600,3800,27600,22000,21800,38600,2300,4900,7900,5200,1600,27700,3500,6800,13300,3500,1300,4100
12305.0,13.74,19804000,270812706.0,13.72,13.71,13.7,13.69,13.68,13.67,13.66,13.65,13.64,13.63,13.74,13.75,13.76,13.77,13.78,13.79,13.8,13.81,13.83,13.84,95100,100900,71600,3800,27600,22000,21800,38600,2300,4900,7900,5200,1600,27700,3500,6800,13300,3500,1300,4100
12306.0,13.74,19804000,270812706.0,13.73,13.72,13.71,13.7,13.69,13.68,13.67,13.66,13.65,13.64,13.74,13.75,13.76,13.77,13.78,13.79,13.8,13.81,13.83,13.84,3000,95600,100900,72000,3800,27600,22000,21800,38600,2300,8400,5200,1600,27700,3500,6800,13300,3500,1300,4100
12307.0,13.74,19804000,270812706.0,13.73,13.72,13.71,13.7,13.69,13.68,13.67,13.66,13.65,13.64,13.74,13.75,13.76,13.77,13.78,13.79,13.8,13.81,13.83,13.84,3000,95600,100900,72000,3800,27600,22000,21800,38600,2300,8400,5200,1600,27700,3500,6800,13300,3500,1300,4100
12308.0,13.73,19804600,270820944.0,13.73,13.72,13.71,13.7,13.69,13.68,13.67,13.66,13.65,13.64,13.74,13.75,13.76,13.77,13.78,13.79,13.8,13.81,13.83,13.84,2400,95800,102500,72000,3800,27600,22000,21800,38600,2300,8400,5200,1600,27700,3500,6800,13300,3500,1300,4100
12309.0,13.73,19804600,270820944.0,13.73,13.72,13.71,13.7,13.69,13.68,13.67,13.66,13.65,13.64,13.74,13.75,13.76,13.77,13.78,13.79,13.8,13.81,13.83,13.84,2400,95800,102500,73000,3800,27600,22000,21800,38600,2300,8400,5200,1600,27700,3500,6800,13300,3500,1300,4100
12310.0,13.73,19804600,270820944.0,13.73,13.72,13.71,13.7,13.69,13.68,13.67,13.66,13.65,13.64,13.74,13.75,13.76,13.77,13.78,13.79,13.8,13.81,13.83,13.84,2400,95800,102500,73000,3800,27600,22000,21800,38600,2300,8400,5200,1600,27700,3500,6800,13300,3500,1300,4100
12311.0,13.73,19804600,270820944.0,13.73,13.72,13.71,13.7,13.69,13.68,13.67,13.66,13.65,13.64,13.74,13.75,13.76,13.77,13.78,13.79,13.8,13.81,13.83,13.84,2400,95800,102500,73000,3800,27600,22000,21800,38600,2300,8400,5200,1600,27700,3500,6800,13300,3500,1300,4100
12312.0,13.74,19805300,270830562.0,13.73,13.72,13.71,13.7,13.69,13.68,13.67,13.66,13.65,13.64,13.74,13.75,13.76,13.77,13.78,13.79,13.8,13.81,13.83,13.84,2400,95800,102500,73000,3800,27600,22000,21800,38600,2300,7700,5200,1600,27700,3500,6800,13300,3500,1300,4100
12313.0,13.73,19806200,270842919.0,13.73,13.72,13.71,13.7,13.69,13.68,13.67,13.66,13.65,13.64,13.74,13.75,13.76,13.77,13.78,13.79,13.8,13.81,13.83,13.84,1500,96400,102500,73000,3800,27600,22000,21800,38600,2300,7700,5200,1600,27700,3500,6800,13300,3500,1300,4100
12314.0,13.73,19806900,270852530.0,13.73,13.72,13.71,13.7,13.69,13.68,13.67,13.66,13.65,13.64,13.74,13.75,13.76,13.77,13.78,13.79,13.8,13.81,13.83,13.84,800,96400,102500,73000,3800,27600,22000,21800,38600,2300,7700,5200,1600,27700,3500,6800,13300,3500,1300,4100
12315.0,13.73,19807100,270855276.0,13.73,13.72,13.71,13.7,13.69,13.68,13.67,13.66,13.65,13.64,13.74,13.75,13.76,13.77,13.78,13.79,13.8,13.81,13.83,13.84,600,96400,102500,73000,3800,27600,22000,21800,38600,2300,7700,5200,1600,27700,3500,6800,13300,3500,1300,4100
12316.0,13.73,19807100,270855276.0,13.73,13.72,13.71,13.7,13.69,13.68,13.67,13.66,13.65,13.64,13.74,13.75,13.76,13.77,13.78,13.79,13.8,13.81,13.83,13.84,600,96400,102500,73000,3800,27600,22000,21800,38600,2300,7700,5200,1600,27700,3500,6800,13300,3500,1300,4100
12317.0,13.74,19809500,270888252.0,13.73,13.72,13.71,13.7,13.69,13.68,13.67,13.66,13.65,13.64,13.74,13.75,13.76,13.77,13.78,13.79,13.8,13.81,13.83,13.84,600,96400,102500,73000,3800,27600,22000,21800,38600,2300,5300,5200,1600,27700,3500,6800,13300,3500,1300,4100
12318.0,13.74,19813500,270943212.0,13.73,13.72,13.71,13.7,13.69,13.68,13.67,13.66,13.65,13.64,13.74,13.75,13.76,13.77,13.78,13.79,13.8,13.81,13.83,13.84,600,96400,102500,73300,3800,27600,22000,21800,38600,2300,1300,5200,1600,27700,3500,6800,13300,3500,1300,4100
12319.0,13.74,19813800,270947334.0,13.73,13.72,13.71,13.7,13.69,13.68,13.67,13.66,13.65,13.64,13.74,13.75,13.76,13.77,13.78,13.79,13.8,13.81,13.83,13.84,600,96400,102500,73300,3800,27600,22000,21800,38600,2300,1000,5200,1600,27700,3500,6800,13300,3500,1300,4100
12320.0,13.72,19815000,270963804.0,13.72,13.71,13.7,13.69,13.68,13.67,13.66,13.65,13.64,13.63,13.73,13.74,13.75,13.76,13.77,13.78,13.79,13.8,13.81,13.83,95800,102500,73300,3800,27600,22000,21800,38600,2300,4900,400,1000,5200,1600,27700,3500,6800,13300,3500,1300
12321.0,13.72,19815000,270963804.0,13.72,13.71,13.7,13.69,13.68,13.67,13.66,13.65,13.64,13.63,13.73,13.74,13.75,13.76,13.77,13.78,13.79,13.8,13.81,13.83,95800,102500,73300,3800,27600,22000,21800,38600,2300,4900,400,1000,5200,1600,27700,3500,6800,13300,3500,1300
12322.0,13.72,19815000,270963804.0,13.72,13.71,13.7,13.69,13.68,13.67,13.66,13.65,13.64,13.63,13.73,13.74,13.75,13.76,13.77,13.78,13.79,13.8,13.81,13.83,95800,102500,73300,3800,27600,22000,21800,38600,2300,4900,400,1000,5200,1600,27700,3500,6800,13300,3500,1300
12323.0,13.72,19835000,271238204.0,13.72,13.71,13.7,13.69,13.68,13.67,13.66,13.65,13.64,13.63,13.73,13.74,13.75,13.76,13.77,13.78,13.79,13.8,13.81,13.83,75800,102500,73300,3800,27600,22000,21800,38600,2300,4900,400,1000,5200,1600,27700,3500,6800,13300,3500,1300
12324.0,13.72,19835000,271238204.0,13.72,13.71,13.7,13.69,13.68,13.67,13.66,13.65,13.64,13.63,13.73,13.74,13.75,13.76,13.77,13.78,13.79,13.8,13.81,13.83,75800,102500,73300,3800,27600,22000,21800,38600,2300,4900,400,1000,5200,1600,27700,3500,6800,13300,3500,1300
12325.0,13.72,19835700,271247808.0,13.72,13.71,13.7,13.69,13.68,13.67,13.66,13.65,13.64,13.63,13.73,13.74,13.75,13.76,13.77,13.78,13.79,13.8,13.81,13.83,75100,102500,73300,3800,27600,22000,21800,38600,2300,4900,400,1000,5200,1600,27700,3500,6800,13300,3500,1300
12326.0,13.72,19835700,271247808.0,13.72,13.71,13.7,13.69,13.68,13.67,13.66,13.65,13.64,13.63,13.73,13.74,13.75,13.76,13.77,13.78,13.79,13.8,13.81,13.83,75800,102500,73300,3800,27600,22000,21800,38600,2300,4900,400,1000,5200,1600,27700,3500,6800,22000,3500,1300
12327.0,13.72,19835700,271247808.0,13.72,13.71,13.7,13.69,13.68,13.67,13.66,13.65,13.64,13.63,13.73,13.74,13.75,13.76,13.77,13.78,13.79,13.8,13.81,13.83,75800,102500,73300,3800,27600,22000,21800,38600,2300,4900,400,1000,5200,1600,27700,3500,6800,22000,3500,1300
12328.0,13.72,19836400,271257412.0,13.72,13.71,13.7,13.69,13.68,13.67,13.66,13.65,13.64,13.63,13.73,13.74,13.75,13.76,13.77,13.78,13.79,13.8,13.81,13.83,75100,102500,73300,3800,27600,22000,21800,38600,2300,4900,400,1000,5200,1600,27700,3500,6800,22000,3500,1300
12329.0,13.72,19836400,271257412.0,13.72,13.71,13.7,13.69,13.68,13.67,13.66,13.65,13.64,13.63,13.73,13.74,13.75,13.76,13.77,13.78,13.79,13.8,13.81,13.83,75100,102500,73300,3800,27600,22000,21800,38600,2300,4900,400,1000,5200,1600,27700,3500,6800,22000,3500,1300
12330.0,13.73,19836500,271258785.0,13.72,13.71,13.7,13.69,13.68,13.67,13.66,13.65,13.64,13.63,13.73,13.74,13.75,13.76,13.77,13.78,13.79,13.8,13.81,13.83,75100,102500,73300,3800,27600,22000,21800,38600,2300,4900,300,1000,5200,1600,27700,3500,6800,22000,3500,1300
12331.0,13.73,19836500,271258785.0,13.72,13.71,13.7,13.69,13.68,13.67,13.66,13.65,13.64,13.63,13.73,13.74,13.75,13.76,13.77,13.78,13.79,13.8,13.81,13.83,75100,102500,73300,3800,27600,22000,21100,38600,2300,4900,300,1000,5200,1600,27700,3500,6800,22000,3500,1300
12332.0,13.73,19836500,271258785.0,13.72,13.71,13.7,13.69,13.68,13.67,13.66,13.65,13.64,13.63,13.73,13.74,13.75,13.76,13.77,13.78,13.79,13.8,13.81,13.83,75100,102500,73300,3800,27600,22000,21100,38600,2300,4900,300,1000,5200,1600,27700,3500,6800,22000,3500,1300
12333.0,13.73,19836500,271258785.0,13.72,13.71,13.7,13.69,13.68,13.67,13.66,13.65,13.64,13.63,13.73,13.74,13.75,13.76,13.77,13.78,13.79,13.8,13.81,13.83,75100,102500,73300,3800,27600,22000,21100,38600,2300,4900,300,1000,5200,1600,27700,3500,6800,22000,3500,1300
12334.0,13.73,19836500,271258785.0,13.72,13.71,13.7,13.69,13.68,13.67,13.66,13.65,13.64,13.63,13.73,13.74,13.75,13.76,13.77,13.78,13.79,13.8,13.81,13.83,75500,102500,73300,3800,27600,22000,21100,38600,2300,4900,300,1000,5200,1600,27700,3500,6800,22000,3500,1300
12335.0,13.73,19836500,271258785.0,13.72,13.71,13.7,13.69,13.68,13.67,13.66,13.65,13.64,13.63,13.73,13.74,13.75,13.76,13.77,13.78,13.79,13.8,13.81,13.83,75500,102500,73300,3800,27600,22000,21100,38600,2300,4900,300,1000,5200,1600,27700,3500,6800,22000,3500,1300
12336.0,13.73,19836500,271258785.0,13.72,13.71,13.7,13.69,13.68,13.67,13.66,13.65,13.64,13.63,13.73,13.74,13.75,13.76,13.77,13.78,13.79,13.8,13.81,13.83,75500,102500,73300,3800,27600,22000,21100,38600,2300,4900,300,1000,5200,1600,27700,3500,6800,22000,3500,1300
12337.0,13.73,19836500,271258785.0,13.72,13.71,13.7,13.69,13.68,13.67,13.66,13.65,13.64,13.63,13.73,13.74,13.75,13.76,13.77,13.78,13.79,13.8,13.81,13.83,75600,102500,73300,3800,27600,22000,21100,40600,2300,4900,300,1000,5200,1600,27700,3500,6800,22000,3500,1300
12338.0,13.73,19836500,271258785.0,13.72,13.71,13.7,13.69,13.68,13.67,13.66,13.65,13.64,13.63,13.73,13.74,13.75,13.76,13.77,13.78,13.79,13.8,13.81,13.83,75600,103000,73300,3800,27600,22000,21100,40600,2300,4900,300,1000,5200,1600,27700,3500,6800,22000,3500,1300
12339.0,13.73,19836500,271258785.0,13.72,13.71,13.7,13.69,13.68,13.67,13.66,13.65,13.64,13.63,13.73,13.74,13.75,13.76,13.77,13.78,13.79,13.8,13.81,13.83,75600,103000,73300,3800,27600,22000,21100,40600,2300,4900,300,1000,5200,1600,27700,3500,6800,22000,3500,1300
12340.0,13.73,19836500,271258785.0,13.72,13.71,13.7,13.69,13.68,13.67,13.66,13.65,13.64,13.63,13.73,13.74,13.75,13.76,13.77,13.78,13.79,13.8,13.81,13.83,75600,103000,73100,3800,27600,22000,21100,40600,2300,4900,300,1000,5200,1600,27700,3500,6800,22000,3500,1300
12341.0,13.73,19836800,271262904.0,13.73,13.72,13.71,13.7,13.69,13.68,13.67,13.66,13.65,13.64,13.74,13.75,13.76,13.77,13.78,13.79,13.8,13.81,13.83,13.84,700,75600,103000,73100,3800,27600,22000,21100,40600,2300,1000,5200,1600,27700,3500,6800,22000,3500,1300,4100
12342.0,13.73,19837300,271269769.0,13.73,13.72,13.71,13.7,13.69,13.68,13.67,13.66,13.65,13.64,13.74,13.75,13.76,13.77,13.78,13.79,13.8,13.81,13.83,13.84,200,75600,113100,73100,3800,27600,22000,21100,40600,2300,1000,5200,1600,27700,3500,6800,22000,3500,1300,4100
12343.0,13.74,19837400,271271143.0,13.73,13.72,13.71,13.7,13.69,13.68,13.67,13.66,13.65,13.64,13.74,13.75,13.76,13.77,13.78,13.79,13.8,13.81,13.83,13.84,200,75600,113100,73100,3800,27600,22000,21100,40600,2300,900,5200,1600,27700,3500,6800,22000,3500,1300,4100
12344.0,13.74,19837400,271271143.0,13.73,13.72,13.71,13.7,13.69,13.68,13.67,13.66,13.65,13.64,13.74,13.75,13.76,13.77,13.78,13.79,13.8,13.81,13.83,13.84,400,75600,113100,71100,3800,27600,22000,21100,40600,2300,900,5200,1600,27700,3500,6800,22000,3500,1300,4100
12345.0,13.74,19837400,271271143.0,13.73,13.72,13.71,13.7,13.69,13.68,13.67,13.66,13.65,13.64,13.74,13.75,13.76,13.77,13.78,13.79,13.8,13.81,13.83,13.84,400,75600,113100,71100,3800,27600,22000,21100,40600,2300,900,5200,1600,27700,3500,6800,22200,3500,1300,4100
12346.0,13.74,19837400,271271143.0,13.73,13.72,13.71,13.7,13.69,13.68,13.67,13.66,13.65,13.64,13.74,13.75,13.76,13.77,13.78,13.79,13.8,13.81,13.83,13.84,400,76600,113100,71100,3800,27600,22000,21100,40600,2300,900,5200,1600,27700,3500,6800,22200,3500,1300,4100
12347.0,13.74,19837400,271271143.0,13.73,13.72,13.71,13.7,13.69,13.68,13.67,13.66,13.65,13.64,13.74,13.75,13.76,13.77,13.78,13.79,13.8,13.81,13.83,13.84,400,76600,113100,71100,3800,27600,22000,21100,40600,2300,900,5200,1600,27700,3500,6800,22200,3500,1300,4100
12348.0,13.74,19837400,271271143.0,13.73,13.72,13.71,13.7,13.69,13.68,13.67,13.66,13.65,13.64,13.74,13.75,13.76,13.77,13.78,13.79,13.8,13.81,13.83,13.84,400,76600,113100,70500,3800,27600,22000,21100,40600,2300,900,5200,1600,27700,3500,6800,22200,3500,1300,4100
12349.0,13.72,19839000,271293099.0,13.72,13.71,13.7,13.69,13.68,13.67,13.66,13.65,13.64,13.63,13.74,13.75,13.76,13.77,13.78,13.79,13.8,13.81,13.83,13.84,75400,113100,70500,3800,27600,22000,21100,40600,2300,4900,900,5200,1600,27700,3500,6800,22200,3500,1300,4100
12350.0,13.72,19839000,271293099.0,13.72,13.71,13.7,13.69,13.68,13.67,13.66,13.65,13.64,13.63,13.74,13.75,13.76,13.77,13.78,13.79,13.8,13.81,13.83,13.84,75900,113100,70500,3800,27700,22000,21100,40600,2300,4900,1400,5200,1600,27700,3500,6800,22200,3500,1300,4100
12351.0,13.72,19839900,271305447.0,13.72,13.71,13.7,13.69,13.68,13.67,13.66,13.65,13.64,13.63,13.74,13.75,13.76,13.77,13.78,13.79,13.8,13.81,13.83,13.84,75300,113100,70500,3800,27700,22000,21100,40600,2300,4900,1700,5200,1600,27700,3500,6800,22200,3500,1300,4100
12352.0,13.74,19840300,271310943.0,13.73,13.72,13.71,13.7,13.69,13.68,13.67,13.66,13.65,13.64,13.74,13.75,13.76,13.77,13.78,13.79,13.8,13.81,13.83,13.84,100,80400,113100,70500,3800,27700,22000,21100,40600,2300,1900,5200,600,27700,3500,6800,22200,3500,1300,4100
12353.0,13.74,19840300,271310943.0,13.73,13.72,13.71,13.7,13.69,13.68,13.67,13.66,13.65,13.64,13.74,13.75,13.76,13.77,13.78,13.79,13.8,13.81,13.83,13.84,100,80400,113100,70500,3800,27700,22000,21100,40600,2300,1900,5200,600,27700,3500,6800,22200,3500,1300,4100
12354.0,13.74,19840700,271316439.0,13.73,13.72,13.71,13.7,13.69,13.68,13.67,13.66,13.65,13.64,13.74,13.75,13.76,13.77,13.78,13.79,13.8,13.81,13.83,13.84,100,80400,113100,69500,3800,27700,22000,21100,40600,2300,1500,5200,600,27700,3500,6800,22200,3500,1300,4100
12355.0,13.74,19840700,271316439.0,13.73,13.72,13.71,13.7,13.69,13.68,13.67,13.66,13.65,13.64,13.74,13.75,13.76,13.77,13.78,13.79,13.8,13.81,13.83,13.84,100,80400,113100,69500,3800,27700,22000,21100,40600,2300,1500,5200,600,27700,3500,6800,22200,3500,1300,4100
12356.0,13.74,19840700,271316439.0,13.73,13.72,13.71,13.7,13.69,13.68,13.67,13.66,13.65,13.64,13.74,13.75,13.76,13.77,13.78,13.79,13.8,13.81,13.83,13.84,100,81900,113100,69500,3800,27700,22000,21100,40600,2300,1500,5200,600,27700,3500,6800,22200,3500,1300,4100
12357.0,13.72,19842300,271338394.0,13.72,13.71,13.7,13.69,13.68,13.67,13.66,13.65,13.64,13.63,13.74,13.75,13.76,13.77,13.78,13.79,13.8,13.81,13.83,13.84,80500,113100,69500,3800,27700,22000,21100,40600,2300,4900,1400,5200,600,27700,3500,6800,22200,1300,1300,4100
12358.0,13.72,19842300,271338394.0,13.73,13.72,13.71,13.7,13.69,13.68,13.67,13.66,13.65,13.64,13.74,13.75,13.76,13.77,13.78,13.79,13.8,13.81,13.83,13.84,300,80700,113100,69500,3800,27700,22000,21100,40600,2300,2100,5200,600,27700,3500,6800,22200,1300,1300,4100
12359.0,13.74,19842500,271341142.0,13.73,13.72,13.71,13.7,13.69,13.68,13.67,13.66,13.65,13.64,13.74,13.75,13.76,13.77,13.78,13.79,13.8,13.81,13.83,13.84,300,82100,113100,69500,3800,27700,22000,21100,40600,2300,1900,5200,600,27700,3500,6800,22200,1300,1300,4100
12360.0,13.74,19842500,271341142.0,13.73,13.72,13.71,13.7,13.69,13.68,13.67,13.66,13.65,13.64,13.74,13.75,13.76,13.77,13.78,13.79,13.8,13.81,13.83,13.84,300,82100,113100,69100,3800,27700,22000,21100,40600,2300,1900,5200,600,27700,3500,6800,22200,1300,1300,4100
12361.0,13.74,19842500,271341142.0,13.73,13.72,13.71,13.7,13.69,13.68,13.67,13.66,13.65,13.64,13.74,13.75,13.76,13.77,13.78,13.79,13.8,13.81,13.83,13.84,300,82100,113100,69100,3800,27700,22000,21100,40600,2300,1900,5200,600,27700,3500,6800,22200,1300,1300,4100
12362.0,13.74,19842700,271343890.0,13.73,13.72,13.71,13.7,13.69,13.68,13.67,13.66,13.65,13.64,13.74,13.75,13.76,13.77,13.78,13.79,13.8,13.81,13.83,13.84,300,82100,113100,69100,3800,27700,22000,21100,40600,2300,1700,5200,600,27700,3500,6800,22200,1300,1300,4100
12363.0,13.74,19843000,271348012.0,13.73,13.72,13.71,13.7,13.69,13.68,13.67,13.66,13.65,13.64,13.74,13.75,13.76,13.77,13.78,13.79,13.8,13.81,13.83,13.84,300,82100,114100,69200,3800,27700,22000,21100,40600,2300,1400,5200,600,27700,3500,6800,22200,1300,1300,4100
12364.0,13.74,19843000,271348012.0,13.73,13.72,13.71,13.7,13.69,13.68,13.67,13.66,13.65,13.64,13.74,13.75,13.76,13.77,13.78,13.79,13.8,13.81,13.83,13.84,300,82700,114100,69200,3800,27700,22000,21100,40600,2300,1400,5200,600,27700,3500,6800,22200,1300,1300,4100
12365.0,13.74,19843100,271349386.0,13.73,13.72,13.71,13.7,13.69,13.68,13.67,13.66,13.65,13.64,13.74,13.75,13.76,13.77,13.78,13.79,13.8,13.81,13.83,13.84,300,79200,114100,69200,3800,27700,22000,21100,40600,2300,1300,5200,600,27700,3500,6800,22200,1300,1300,4100
12366.0,13.73,19843400,271353505.0,13.72,13.71,13.7,13.69,13.68,13.67,13.66,13.65,13.64,13.63,13.74,13.75,13.76,13.77,13.78,13.79,13.8,13.81,13.83,13.84,78200,114100,69200,3800,27700,22000,21100,40600,2300,4900,1300,5200,600,27700,3500,6800,22200,1300,1300,4100
12367.0,13.72,19844200,271364483.0,13.72,13.71,13.7,13.69,13.68,13.67,13.66,13.65,13.64,13.63,13.74,13.75,13.76,13.77,13.78,13.79,13.8,13.81,13.83,13.84,77900,114100,70400,3800,27700,22000,21100,40600,2300,4900,2000,5200,600,27700,3500,6800,22200,1300,1300,4100
12368.0,13.74,19846100,271390589.0,13.72,13.71,13.7,13.69,13.68,13.67,13.66,13.65,13.64,13.63,13.74,13.75,13.76,13.77,13.78,13.79,13.8,13.81,13.83,13.84,78400,114100,70400,3800,27700,22000,21100,40600,2300,4900,300,5200,600,27700,3500,6800,22200,1300,1300,4100
12369.0,13.74,19846100,271390589.0,13.72,13.71,13.7,13.69,13.68,13.67,13.66,13.65,13.64,13.63,13.74,13.75,13.76,13.77,13.78,13.79,13.8,13.81,13.83,13.84,78900,114100,70400,3800,27700,22000,21100,40600,2300,4900,800,5200,600,27700,3500,6800,22200,1300,1300,4100
12370.0,13.72,19847300,271407053.0,13.72,13.71,13.7,13.69,13.68,13.67,13.66,13.65,13.64,13.63,13.74,13.75,13.76,13.77,13.78,13.79,13.8,13.81,13.83,13.84,78000,114100,70400,3800,27700,22000,21100,40600,2300,4900,1600,5200,600,27700,3500,6800,22200,1300,1300,4100
12371.0,13.72,19847300,271407053.0,13.72,13.71,13.7,13.69,13.68,13.67,13.66,13.65,13.64,13.63,13.74,13.75,13.76,13.77,13.78,13.79,13.8,13.81,13.83,13.84,78900,114100,70400,3800,27700,22000,21100,40600,2300,4900,2100,5200,600,27700,3500,6800,22200,1300,1300,4100
12372.0,13.72,19847300,271407053.0,13.72,13.71,13.7,13.69,13.68,13.67,13.66,13.65,13.64,13.63,13.74,13.75,13.76,13.77,13.78,13.79,13.8,13.81,13.83,13.84,78900,114100,70400,3800,27700,22000,21100,40600,2300,4900,2400,5200,600,27700,3500,6800,22200,1300,1300,4100
12373.0,13.72,19847300,271407053.0,13.72,13.71,13.7,13.69,13.68,13.67,13.66,13.65,13.64,13.63,13.74,13.75,13.76,13.77,13.78,13.79,13.8,13.81,13.83,13.84,79600,114100,70400,3800,27700,22000,21100,40600,2300,4900,3100,5200,600,27700,3500,6800,22200,1300,1300,4100
12374.0,13.74,19849000,271430383.0,13.72,13.71,13.7,13.69,13.68,13.67,13.66,13.65,13.64,13.63,13.74,13.75,13.76,13.77,13.78,13.79,13.8,13.81,13.83,13.84,80400,114100,70400,3800,27700,22000,21100,40600,2300,4900,3100,5200,600,27700,3500,6800,22200,1300,1300,4100
12375.0,13.74,19849000,271430383.0,13.72,13.71,13.7,13.69,13.68,13.67,13.66,13.65,13.64,13.63,13.74,13.75,13.76,13.77,13.78,13.79,13.8,13.81,13.83,13.84,80600,114100,70400,3800,27700,22000,21100,40600,2300,4900,3300,5200,600,27700,3500,6800,22200,1300,1300,4100
12376.0,13.74,19849000,271430383.0,13.72,13.71,13.7,13.69,13.68,13.67,13.66,13.65,13.64,13.63,13.74,13.75,13.76,13.77,13.78,13.79,13.8,13.81,13.83,13.84,81700,114100,70400,3800,27700,22000,21100,40600,2300,4900,3600,5200,600,27700,3500,6800,22200,1300,1300,4100
12377.0,13.74,19849000,271430383.0,13.72,13.71,13.7,13.69,13.68,13.67,13.66,13.65,13.64,13.63,13.74,13.75,13.76,13.77,13.78,13.79,13.8,13.81,13.83,13.84,82300,114100,70400,3800,27700,22000,21100,40600,2300,4900,3800,5200,600,27700,3500,6800,22200,1300,1300,4100
12378.0,13.74,19849300,271434505.0,13.72,13.71,13.7,13.69,13.68,13.67,13.66,13.65,13.64,13.63,13.74,13.75,13.76,13.77,13.78,13.79,13.8,13.81,13.83,13.84,82600,114100,70400,3800,27700,22000,21100,40600,2300,4900,3800,5200,600,27700,3500,6800,22200,1300,1300,4100
12379.0,13.74,19849300,271434505.0,13.72,13.71,13.7,13.69,13.68,13.67,13.66,13.65,13.64,13.63,13.74,13.75,13.76,13.77,13.78,13.79,13.8,13.81,13.83,13.84,82800,114100,70400,3800,27700,22000,21100,40600,2300,4900,4000,5200,600,27700,3500,6800,22200,1300,1300,4100
12380.0,13.74,19849300,271434505.0,13.73,13.72,13.71,13.7,13.69,13.68,13.67,13.66,13.65,13.64,13.74,13.75,13.76,13.77,13.78,13.79,13.8,13.81,13.83,13.84,1500,83100,114100,70400,3800,27700,22000,21100,40600,2300,4300,5200,600,27700,3500,6800,22200,1300,1300,4100
12381.0,13.73,19849700,271439997.0,13.73,13.72,13.71,13.7,13.69,13.68,13.67,13.66,13.65,13.64,13.74,13.75,13.76,13.77,13.78,13.79,13.8,13.81,13.83,13.84,1100,83100,114100,70400,3800,27800,22000,21100,40600,2300,4300,5200,600,27700,3500,6800,22200,1300,1300,4100
12382.0,13.72,19854400,271504492.0,13.72,13.71,13.7,13.69,13.68,13.67,13.66,13.65,13.64,13.63,13.74,13.75,13.76,13.77,13.78,13.79,13.8,13.81,13.83,13.84,79500,114100,70400,3800,27800,22000,21100,40600,2300,4900,4300,5200,600,27700,3500,6800,22200,1300,1300,4100
12383.0,13.74,19854500,271505866.0,13.72,13.71,13.7,13.69,13.68,13.67,13.66,13.65,13.64,13.63,13.74,13.75,13.76,13.77,13.78,13.79,13.8,13.81,13.83,13.84,80200,114100,70400,3800,27800,22000,21100,40600,2300,4900,4400,5200,600,27700,3500,6800,22200,1300,1300,4100
12384.0,13.74,19854500,271505866.0,13.72,13.71,13.7,13.69,13.68,13.67,13.66,13.65,13.64,13.63,13.74,13.75,13.76,13.77,13.78,13.79,13.8,13.81,13.83,13.84,80400,114100,70400,3800,27800,22000,21100,40600,2300,4900,4600,5200,600,27700,3500,6800,22200,1300,1300,4100
12385.0,13.72,19855900,271525074.0,13.72,13.71,13.7,13.69,13.68,13.67,13.66,13.65,13.64,13.63,13.74,13.75,13.76,13.77,13.78,13.79,13.8,13.81,13.83,13.84,79200,114100,70400,3800,27800,22000,21100,40600,2300,4900,4800,5200,600,27700,3500,6800,22200,1300,1300,4100
12386.0,13.72,19855900,271525074.0,13.72,13.71,13.7,13.69,13.68,13.67,13.66,13.65,13.64,13.63,13.74,13.75,13.76,13.77,13.78,13.79,13.8,13.81,13.83,13.84,79200,114100,70400,3800,27800,22000,21100,40600,2300,4900,8800,5200,600,27700,3500,6800,22200,1300,1300,4100
12387.0,13.74,19856600,271534692.0,13.72,13.71,13.7,13.69,13.68,13.67,13.66,13.65,13.64,13.63,13.74,13.75,13.76,13.77,13.78,13.79,13.8,13.81,13.83,13.84,78700,114100,70400,3800,27800,22000,21100,40600,2300,4900,8200,5200,600,27700,3500,6800,22200,1300,1300,4100
12388.0,13.74,19856600,271534692.0,13.72,13.71,13.7,13.69,13.68,13.67,13.66,13.65,13.64,13.63,13.74,13.75,13.76,13.77,13.78,13.79,13.8,13.81,13.83,13.84,78900,114100,70400,3800,27800,22000,21100,40600,2300,4900,8400,5200,600,27700,3500,6800,22200,1300,1300,4100
12389.0,13.74,19857300,271544310.0,13.73,13.72,13.71,13.7,13.69,13.68,13.67,13.66,13.65,13.64,13.74,13.75,13.76,13.77,13.78,13.79,13.8,13.81,13.83,13.84,400,79000,114100,70400,3800,27800,22000,21100,40600,2300,7800,5500,600,27700,3500,6800,22200,1300,1300,4100
12390.0,13.74,19858000,271553928.0,13.73,13.72,13.71,13.7,13.69,13.68,13.67,13.66,13.65,13.64,13.74,13.75,13.76,13.77,13.78,13.79,13.8,13.81,13.83,13.84,400,79000,114100,70400,3800,27800,22000,21100,40600,2300,7100,5500,600,27700,3500,6800,22200,1300,1300,4100
12391.0,13.74,19858000,271553928.0,13.73,13.72,13.71,13.7,13.69,13.68,13.67,13.66,13.65,13.64,13.74,13.75,13.76,13.77,13.78,13.79,13.8,13.81,13.83,13.84,400,79500,114100,70400,3800,27800,22000,21100,40600,2300,7100,5500,600,27700,3500,6800,22200,1300,1300,4100
12392.0,13.74,19858700,271563546.0,13.73,13.72,13.71,13.7,13.69,13.68,13.67,13.66,13.65,13.64,13.74,13.75,13.76,13.77,13.78,13.79,13.8,13.81,13.83,13.84,400,79500,114100,70400,3800,27800,22000,21100,40600,2300,6400,5500,600,27700,3500,6800,22200,1300,1300,4100
12393.0,13.74,19858700,271563546.0,13.73,13.72,13.71,13.7,13.69,13.68,13.67,13.66,13.65,13.64,13.74,13.75,13.76,13.77,13.78,13.79,13.8,13.81,13.83,13.84,400,79500,114100,70400,3800,27800,22000,21100,40600,2300,6400,5500,600,27700,3500,6800,22200,1300,1300,4100
12394.0,13.74,19858700,271563546.0,13.73,13.72,13.71,13.7,13.69,13.68,13.67,13.66,13.65,13.64,13.74,13.75,13.76,13.77,13.78,13.79,13.8,13.81,13.83,13.84,400,79500,114100,70400,3800,27800,22000,21100,40600,2300,6400,5500,600,27700,3500,6800,22200,1300,1300,4100
12395.0,13.74,19859300,271571790.0,13.73,13.72,13.71,13.7,13.69,13.68,13.67,13.66,13.65,13.64,13.74,13.75,13.76,13.77,13.78,13.79,13.8,13.81,13.83,13.84,400,79500,114100,70400,3800,27800,22000,21100,40600,2300,5800,5500,600,27700,3500,6800,22200,1300,1300,4100
12396.0,13.73,19860200,271584152.0,13.72,13.71,13.7,13.69,13.68,13.67,13.66,13.65,13.64,13.63,13.73,13.74,13.75,13.76,13.77,13.78,13.79,13.8,13.81,13.83,79500,114100,70400,3800,27800,22000,21100,40600,2300,4900,1600,5300,5500,600,27700,33500,6800,22200,1300,1300
12397.0,13.73,19860200,271584152.0,13.72,13.71,13.7,13.69,13.68,13.67,13.66,13.65,13.64,13.63,13.73,13.74,13.75,13.76,13.77,13.78,13.79,13.8,13.81,13.83,79500,114100,69600,3800,27800,22000,21100,40600,2300,4900,1600,5300,5500,600,27700,33500,6800,22200,1300,1300
12398.0,13.73,19860300,271585525.0,13.72,13.71,13.7,13.69,13.68,13.67,13.66,13.65,13.64,13.63,13.73,13.74,13.75,13.76,13.77,13.78,13.79,13.8,13.81,13.83,79500,114100,69600,3800,27800,22000,21100,40600,2300,4900,1500,5300,5500,600,27700,33500,6800,22200,1300,1300
12399.0,13.73,19860300,271585525.0,13.72,13.71,13.7,13.69,13.68,13.67,13.66,13.65,13.64,13.63,13.73,13.74,13.75,13.76,13.77,13.78,13.79,13.8,13.81,13.83,79500,114100,69600,3800,27800,22000,21100,40600,2300,4900,1500,5300,5500,600,27700,33500,6800,22200,1300,1300
12400.0,13.73,19860400,271586898.0,13.72,13.71,13.7,13.69,13.68,13.67,13.66,13.65,13.64,13.63,13.73,13.74,13.75,13.76,13.77,13.78,13.79,13.8,13.81,13.83,79500,114100,69600,3800,27800,22000,21100,40600,2300,4900,1400,6800,5500,600,27700,33500,6800,22200,1300,1300
12401.0,13.73,19860900,271593763.0,13.72,13.71,13.7,13.69,13.68,13.67,13.66,13.65,13.64,13.63,13.73,13.74,13.75,13.76,13.77,13.78,13.79,13.8,13.81,13.83,79500,114100,69600,3800,27800,22000,21100,40600,2300,4900,900,8800,5500,600,27700,33500,6800,22200,1300,1300
12402.0,13.73,19861400,271600628.0,13.72,13.71,13.7,13.69,13.68,13.67,13.66,13.65,13.64,13.63,13.73,13.74,13.75,13.76,13.77,13.78,13.79,13.8,13.81,13.83,79500,114100,69600,3800,27800,22000,21100,40600,2300,4900,400,8800,5500,600,27700,33500,6800,22200,1300,1300
12403.0,13.73,19861400,271600628.0,13.72,13.71,13.7,13.69,13.68,13.67,13.66,13.65,13.64,13.63,13.73,13.74,13.75,13.76,13.77,13.78,13.79,13.8,13.81,13.83,79500,114100,69600,3800,27800,22000,21100,40600,2300,4900,400,9800,5500,600,27700,33500,6800,22200,1300,1300
12404.0,13.73,19861600,271603374.0,13.72,13.71,13.7,13.69,13.68,13.67,13.66,13.65,13.64,13.63,13.73,13.74,13.75,13.76,13.77,13.78,13.79,13.8,13.81,13.83,79500,114100,69600,3800,27800,22000,21100,40600,2300,4900,600,9800,5500,600,27700,33500,6800,22200,1300,1300
12405.0,13.73,19861600,271603374.0,13.72,13.71,13.7,13.69,13.68,13.67,13.66,13.65,13.64,13.63,13.73,13.74,13.75,13.76,13.77,13.78,13.79,13.8,13.81,13.83,79500,114100,69600,3800,27800,22000,21100,40600,2300,4900,600,9800,5500,600,27700,33500,6800,22200,1300,1300
12406.0,13.73,19861600,271603374.0,13.72,13.71,13.7,13.69,13.68,13.67,13.66,13.65,13.64,13.63,13.73,13.74,13.75,13.76,13.77,13.78,13.79,13.8,13.81,13.83,79500,114100,69100,3800,27800,22000,21100,40600,2300,4900,600,9800,5500,600,27700,33500,6800,22200,1300,1300
12407.0,13.73,19862400,271614358.0,13.73,13.72,13.71,13.7,13.69,13.68,13.67,13.66,13.65,13.64,13.74,13.75,13.76,13.77,13.78,13.79,13.8,13.81,13.83,13.84,1600,79500,114100,69100,3800,27800,22000,21100,40600,2300,9800,5500,600,27700,33500,6800,22200,1300,1300,4100
12408.0,13.73,19864000,271636326.0,13.72,13.71,13.7,13.69,13.68,13.67,13.66,13.65,13.64,13.63,13.73,13.74,13.75,13.76,13.77,13.78,13.79,13.8,13.81,13.83,79500,114100,69100,3800,27800,22000,21100,40600,2300,4900,18400,9800,5500,600,27700,33500,6800,22200,1300,1300
12409.0,13.73,19864000,271636326.0,13.72,13.71,13.7,13.69,13.68,13.67,13.66,13.65,13.64,13.63,13.73,13.74,13.75,13.76,13.77,13.78,13.79,13.8,13.81,13.83,79200,114100,69100,3800,27800,22000,21100,40600,2300,4900,18400,9800,5500,600,27700,33500,6800,22200,1300,1300
12410.0,13.73,19864700,271645937.0,13.72,13.71,13.7,13.69,13.68,13.67,13.66,13.65,13.64,13.63,13.73,13.74,13.75,13.76,13.77,13.78,13.79,13.8,13.81,13.83,79200,114100,69100,3800,27800,22000,21100,40600,2300,4900,17700,9800,5500,600,27700,33500,6800,22200,1300,1300
12411.0,13.72,19865400,271655541.0,13.72,13.71,13.7,13.69,13.68,13.67,13.66,13.65,13.64,13.63,13.73,13.74,13.75,13.76,13.77,13.78,13.79,13.8,13.81,13.83,78500,114700,69100,3800,27800,22000,21100,40600,2300,4900,17800,9800,5500,600,27700,33500,6800,22200,1300,1300
12412.0,13.72,19866100,271665145.0,13.72,13.71,13.7,13.69,13.68,13.67,13.66,13.65,13.64,13.63,13.73,13.74,13.75,13.76,13.77,13.78,13.79,13.8,13.81,13.83,77800,114700,69100,3800,27800,22000,21100,40600,2300,4900,17800,9800,5500,600,27700,33500,6800,22200,1300,1300
12413.0,13.72,19866100,271665145.0,13.72,13.71,13.7,13.69,13.68,13.67,13.66,13.65,13.64,13.63,13.73,13.74,13.75,13.76,13.77,13.78,13.79,13.8,13.81,13.83,77800,114700,69100,3800,27800,22000,21100,40600,2300,4900,17800,9800,5500,600,27700,33500,6800,22200,1300,1300
12414.0,13.73,19866800,271674756.0,13.72,13.71,13.7,13.69,13.68,13.67,13.66,13.65,13.64,13.63,13.73,13.74,13.75,13.76,13.77,13.78,13.79,13.8,13.81,13.83,77800,114700,69100,3800,27800,22000,21100,40600,2300,4900,17100,9800,5500,600,27700,33500,6800,22200,1300,1300
12415.0,13.73,19867000,271677502.0,13.72,13.71,13.7,13.69,13.68,13.67,13.66,13.65,13.64,13.63,13.73,13.74,13.75,13.76,13.77,13.78,13.79,13.8,13.81,13.83,78400,114700,69100,3800,27800,22000,21100,40600,2300,4900,17000,9800,5500,600,27700,33500,6800,22200,1300,1300
12416.0,13.73,19867000,271677502.0,13.72,13.71,13.7,13.69,13.68,13.67,13.66,13.65,13.64,13.63,13.73,13.74,13.75,13.76,13.77,13.78,13.79,13.8,13.81,13.83,78400,114700,69100,3800,27800,22000,21100,40600,2300,4900,17000,9800,5500,600,27700,33500,6800,22200,1300,1300
12417.0,13.72,19869800,271715925.0,13.72,13.71,13.7,13.69,13.68,13.67,13.66,13.65,13.64,13.63,13.73,13.74,13.75,13.76,13.77,13.78,13.79,13.8,13.81,13.83,76300,114700,69100,3800,27800,22000,21100,40600,2300,4900,16300,9800,5500,600,27700,33500,6800,22200,1300,1300
12418.0,13.73,19870600,271726909.0,13.72,13.71,13.7,13.69,13.68,13.67,13.66,13.65,13.64,13.63,13.73,13.74,13.75,13.76,13.77,13.78,13.79,13.8,13.81,13.83,77300,114700,69100,3800,27800,22000,21100,40600,2300,4900,15500,9800,5500,600,27700,33500,6800,22200,1300,1300
12419.0,13.73,19870600,271726909.0,13.72,13.71,13.7,13.69,13.68,13.67,13.66,13.65,13.64,13.63,13.73,13.74,13.75,13.76,13.77,13.78,13.79,13.8,13.81,13.83,77300,114700,69100,3800,27800,22000,21100,40600,2300,4900,15500,9800,5500,600,27700,33500,6800,22200,1300,1300
12420.0,13.72,19871300,271736513.0,13.72,13.71,13.7,13.69,13.68,13.67,13.66,13.65,13.64,13.63,13.73,13.74,13.75,13.76,13.77,13.78,13.79,13.8,13.81,13.83,76600,114700,69100,3800,27800,22000,21100,40600,2300,4900,15500,9800,5500,600,27700,33500,6800,22200,1300,1300
12421.0,13.72,19871300,271736513.0,13.72,13.71,13.7,13.69,13.68,13.67,13.66,13.65,13.64,13.63,13.73,13.74,13.75,13.76,13.77,13.78,13.79,13.8,13.81,13.83,76600,114700,69100,3800,27800,22000,21100,40600,2300,4900,15500,9800,5500,600,27700,33500,6800,22200,1300,1300
12422.0,13.72,19871300,271736513.0,13.72,13.71,13.7,13.69,13.68,13.67,13.66,13.65,13.64,13.63,13.73,13.74,13.75,13.76,13.77,13.78,13.79,13.8,13.81,13.83,76600,114700,69100,3800,27800,22000,21100,40600,2300,4900,15500,9800,5500,600,27700,33500,6800,22200,1300,1300
12423.0,13.72,19872000,271746117.0,13.72,13.71,13.7,13.69,13.68,13.67,13.66,13.65,13.64,13.63,13.73,13.74,13.75,13.76,13.77,13.78,13.79,13.8,13.81,13.83,75900,114700,69100,3800,27800,22000,21100,40600,2300,4900,15500,9800,5500,600,27700,33500,6800,22200,1300,1300
12424.0,13.73,19872700,271755728.0,13.72,13.71,13.7,13.69,13.68,13.67,13.66,13.65,13.64,13.63,13.73,13.74,13.75,13.76,13.77,13.78,13.79,13.8,13.81,13.83,76000,114700,69100,3800,27800,22000,21100,40600,2300,4900,14800,9800,5500,600,27700,33500,6800,22200,1300,1300
12425.0,13.73,19872800,271757101.0,13.72,13.71,13.7,13.69,13.68,13.67,13.66,13.65,13.64,13.63,13.73,13.74,13.75,13.76,13.77,13.78,13.79,13.8,13.81,13.83,76000,114700,69100,3800,27800,22000,21100,40600,2300,4900,14700,9800,5500,600,27700,33500,6800,22200,1300,1300
12426.0,13.73,19872800,271757101.0,13.72,13.71,13.7,13.69,13.68,13.67,13.66,13.65,13.64,13.63,13.73,13.74,13.75,13.76,13.77,13.78,13.79,13.8,13.81,13.83,76000,114700,69100,3800,27800,22000,21100,40600,2300,4900,14700,9800,5500,600,27700,33500,6800,22200,1300,1300
12427.0,13.73,19872800,271757101.0,13.72,13.71,13.7,13.69,13.68,13.67,13.66,13.65,13.64,13.63,13.73,13.74,13.75,13.76,13.77,13.78,13.79,13.8,13.81,13.83,78000,114700,69100,3800,27800,22000,21100,40600,2300,4900,14700,9800,5500,600,27700,33500,6800,22200,1300,1300
12428.0,13.73,19874200,271776323.0,13.72,13.71,13.7,13.69,13.68,13.67,13.66,13.65,13.64,13.63,13.73,13.74,13.75,13.76,13.77,13.78,13.79,13.8,13.81,13.83,78000,114700,69100,3800,27800,22000,21100,40600,2300,4900,13300,24800,5500,600,27700,33500,6800,22200,1300,1300
12429.0,13.73,19874200,271776323.0,13.72,13.71,13.7,13.69,13.68,13.67,13.66,13.65,13.64,13.63,13.73,13.74,13.75,13.76,13.77,13.78,13.79,13.8,13.81,13.83,78000,114700,69100,3800,27800,22000,21100,40600,2300,4900,13300,24800,5700,600,27700,33500,6800,22200,1300,1300
12430.0,13.73,19874200,271776323.0,13.72,13.71,13.7,13.69,13.68,13.67,13.66,13.65,13.64,13.63,13.73,13.74,13.75,13.76,13.77,13.78,13.79,13.8,13.81,13.83,78000,114700,69100,3800,27800,22000,21100,40600,2300,4900,13300,24800,5700,600,27700,33500,6800,22200,1300,1300
12431.0,13.73,19874900,271785934.0,13.72,13.71,13.7,13.69,13.68,13.67,13.66,13.65,13.64,13.63,13.73,13.74,13.75,13.76,13.77,13.78,13.79,13.8,13.81,13.83,81000,114700,69100,3800,27800,22000,21100,40600,2300,4900,13100,24800,5700,600,27700,33500,6800,22200,1300,1300
12432.0,13.72,19875000,271787306.0,13.72,13.71,13.7,13.69,13.68,13.67,13.66,13.65,13.64,13.63,13.73,13.74,13.75,13.76,13.77,13.78,13.79,13.8,13.81,13.83,80900,114700,69100,3800,27800,22000,21100,40600,2300,4900,13100,24800,5700,600,27700,33500,6800,22200,1300,1300
12433.0,13.72,19875000,271787306.0,13.72,13.71,13.7,13.69,13.68,13.67,13.66,13.65,13.64,13.63,13.73,13.74,13.75,13.76,13.77,13.78,13.79,13.8,13.81,13.83,80900,114700,69100,3800,27800,22000,21100,40600,2300,4900,13100,24800,5700,600,27700,33500,6800,22200,1300,1300
12434.0,13.72,19875000,271787306.0,13.72,13.71,13.7,13.69,13.68,13.67,13.66,13.65,13.64,13.63,13.73,13.74,13.75,13.76,13.77,13.78,13.79,13.8,13.81,13.83,80900,114700,69100,3800,27800,22000,21100,40600,2300,4900,13100,24800,5400,600,27700,33500,6800,22200,1300,1300
12435.0,13.72,19875000,271787306.0,13.72,13.71,13.7,13.69,13.68,13.67,13.66,13.65,13.64,13.63,13.73,13.74,13.75,13.76,13.77,13.78,13.79,13.8,13.81,13.83,80900,114700,69100,3800,27800,22000,18100,40600,2300,4900,13100,24800,5400,600,27700,33500,6800,22200,1300,1300
12436.0,13.72,19875700,271796910.0,13.72,13.71,13.7,13.69,13.68,13.67,13.66,13.65,13.64,13.63,13.73,13.74,13.75,13.76,13.77,13.78,13.79,13.8,13.81,13.83,80200,114700,69100,3800,27800,22000,18100,40600,2300,4900,13100,24800,5400,600,27700,33500,6800,22200,1300,1300
12437.0,13.72,19875700,271796910.0,13.72,13.71,13.7,13.69,13.68,13.67,13.66,13.65,13.64,13.63,13.73,13.74,13.75,13.76,13.77,13.78,13.79,13.8,13.81,13.83,80200,114700,69100,3800,27800,22000,18100,40600,2300,4900,13100,24800,5400,600,27700,33500,6800,22200,1300,1300
12438.0,13.72,19877400,271820241.0,13.72,13.71,13.7,13.69,13.68,13.67,13.66,13.65,13.64,13.63,13.73,13.74,13.75,13.76,13.77,13.78,13.79,13.8,13.81,13.83,79200,114700,69100,3800,27800,22000,18100,40600,2300,4900,12400,24800,5400,600,27700,33500,6800,22200,1300,1300
12439.0,13.73,19878800,271839463.0,13.72,13.71,13.7,13.69,13.68,13.67,13.66,13.65,13.64,13.63,13.73,13.74,13.75,13.76,13.77,13.78,13.79,13.8,13.81,13.83,79200,114700,69100,3800,27800,22000,18100,40600,2300,4900,11000,24800,5400,600,27700,33500,6800,22200,1300,1300
12440.0,13.73,19878800,271839463.0,13.72,13.71,13.7,13.69,13.68,13.67,13.66,13.65,13.64,13.63,13.73,13.74,13.75,13.76,13.77,13.78,13.79,13.8,13.81,13.83,79200,114700,70100,3800,27800,22000,18100,40600,2300,4900,11000,24800,5400,600,27700,33500,6800,22200,1300,1300
12441.0,13.73,19878800,271839463.0,13.72,13.71,13.7,13.69,13.68,13.67,13.66,13.65,13.64,13.63,13.73,13.74,13.75,13.76,13.77,13.78,13.79,13.8,13.81,13.83,84500,114700,70100,3800,27800,22000,18100,40600,2300,4900,11000,24800,5400,600,27700,33500,6800,22200,1300,1300
12442.0,13.73,19889800,271990493.0,13.73,13.72,13.71,13.7,13.69,13.68,13.67,13.66,13.65,13.64,13.74,13.75,13.76,13.77,13.78,13.79,13.8,13.81,13.83,13.84,9000,84500,114700,70100,3800,27800,22000,18100,40600,2300,24800,5400,600,27700,33500,6800,22200,1300,1300,4100
12443.0,13.73,19889800,271990493.0,13.73,13.72,13.71,13.7,13.69,13.68,13.67,13.66,13.65,13.64,13.74,13.75,13.76,13.77,13.78,13.79,13.8,13.81,13.83,13.84,9000,84500,114700,70100,3800,27800,22000,18100,40600,2300,22800,5500,600,27700,33500,6800,22200,1300,1300,4100
12444.0,13.73,19889800,271990493.0,13.73,13.72,13.71,13.7,13.69,13.68,13.67,13.66,13.65,13.64,13.74,13.75,13.76,13.77,13.78,13.79,13.8,13.81,13.83,13.84,9000,84500,114700,70100,3800,27800,22000,18100,40600,2300,22800,5500,600,27700,33500,6800,22200,1300,1300,4100
12445.0,13.74,19890500,272000111.0,13.73,13.72,13.71,13.7,13.69,13.68,13.67,13.66,13.65,13.64,13.74,13.75,13.76,13.77,13.78,13.79,13.8,13.81,13.83,13.84,9000,84600,114700,70100,3800,27800,22000,18100,40600,2300,22100,5500,600,27700,33500,6800,22200,1300,1300,4100
12446.0,13.74,19890600,272001485.0,13.73,13.72,13.71,13.7,13.69,13.68,13.67,13.66,13.65,13.64,13.74,13.75,13.76,13.77,13.78,13.79,13.8,13.81,13.83,13.84,20700,83800,114700,70100,3800,27800,22000,18100,40600,2300,22000,5500,600,27700,33500,6800,22200,1300,1300,4100
12447.0,13.74,19890600,272001485.0,13.73,13.72,13.71,13.7,13.69,13.68,13.67,13.66,13.65,13.64,13.74,13.75,13.76,13.77,13.78,13.79,13.8,13.81,13.83,13.84,20700,83800,114700,70100,3800,27800,22000,18100,40600,2300,22000,5500,600,27700,33500,6800,22200,1300,1300,4100
12448.0,13.73,19890700,272002858.0,13.73,13.72,13.71,13.7,13.69,13.68,13.67,13.66,13.65,13.64,13.74,13.75,13.76,13.77,13.78,13.79,13.8,13.81,13.83,13.84,20600,84800,114700,70100,3800,27800,22000,18100,40600,2300,22000,5500,600,27700,33500,6800,22200,1300,1300,4100
12449.0,13.73,19890800,272004231.0,13.73,13.72,13.71,13.7,13.69,13.68,13.67,13.66,13.65,13.64,13.74,13.75,13.76,13.77,13.78,13.79,13.8,13.81,13.83,13.84,21500,84800,114700,70100,3800,27800,22000,18100,40600,2300,22000,5500,600,27700,33500,6800,22200,1300,1300,4100
12450.0,13.74,19892200,272023467.0,13.73,13.72,13.71,13.7,13.69,13.68,13.67,13.66,13.65,13.64,13.74,13.75,13.76,13.77,13.78,13.79,13.8,13.81,13.83,13.84,21500,84800,114700,70100,3800,27800,22000,18100,40600,2300,20600,5500,600,27700,33500,6800,22200,1300,1300,4100
12451.0,13.74,19892200,272023467.0,13.73,13.72,13.71,13.7,13.69,13.68,13.67,13.66,13.65,13.64,13.74,13.75,13.76,13.77,13.78,13.79,13.8,13.81,13.83,13.84,21500,84800,114700,70100,3800,27800,22000,18100,40600,2300,20600,5500,600,27700,33500,6800,22200,1300,1300,4100
12452.0,13.74,19892200,272023467.0,13.73,13.72,13.71,13.7,13.69,13.68,13.67,13.66,13.65,13.64,13.74,13.75,13.76,13.77,13.78,13.79,13.8,13.81,13.83,13.84,21500,84800,114700,70100,3800,27800,22000,18100,40600,2300,20600,5500,600,27700,33500,6800,22200,1300,1300,4100
12453.0,13.74,19892900,272033085.0,13.73,13.72,13.71,13.7,13.69,13.68,13.67,13.66,13.65,13.64,13.74,13.75,13.76,13.77,13.78,13.79,13.8,13.81,13.83,13.84,22400,84800,114700,70100,3800,27800,22000,18100,40600,2300,19900,5500,600,27700,33500,6800,22200,1300,1300,4100
12454.0,13.74,19892900,272033085.0,13.73,13.72,13.71,13.7,13.69,13.68,13.67,13.66,13.65,13.64,13.74,13.75,13.76,13.77,13.78,13.79,13.8,13.81,13.83,13.84,22400,84800,114700,70100,3800,27800,22000,18100,40600,2300,19900,5500,600,27700,33500,6800,22200,1300,1300,4100
12455.0,13.73,19893400,272039950.0,13.73,13.72,13.71,13.7,13.69,13.68,13.67,13.66,13.65,13.64,13.74,13.75,13.76,13.77,13.78,13.79,13.8,13.81,13.83,13.84,21900,84800,114700,70100,3800,27800,22000,18100,40600,2300,19900,5500,600,27700,33500,6800,22200,1300,1300,4100
12456.0,13.73,19913700,272318669.0,13.73,13.72,13.71,13.7,13.69,13.68,13.67,13.66,13.65,13.64,13.74,13.75,13.76,13.77,13.78,13.79,13.8,13.81,13.83,13.84,1600,84800,114700,70100,3800,27800,22000,18100,40600,2300,19900,5500,600,27700,33500,6800,22200,1300,1300,4100
12457.0,13.73,19913700,272318669.0,13.73,13.72,13.71,13.7,13.69,13.68,13.67,13.66,13.65,13.64,13.74,13.75,13.76,13.77,13.78,13.79,13.8,13.81,13.83,13.84,1600,84800,114700,70100,3800,27800,22000,18100,40600,2300,19900,5500,600,27700,33500,6800,22200,1300,1300,4100
12458.0,13.73,19913700,272318669.0,13.73,13.72,13.71,13.7,13.69,13.68,13.67,13.66,13.65,13.64,13.74,13.75,13.76,13.77,13.78,13.79,13.8,13.81,13.83,13.84,1600,84800,114700,70100,3800,27800,22000,18100,40600,2300,19900,5500,600,27700,33500,6800,22200,1300,1300,4100
12459.0,13.73,19913700,272318669.0,13.73,13.72,13.71,13.7,13.69,13.68,13.67,13.66,13.65,13.64,13.74,13.75,13.76,13.77,13.78,13.79,13.8,13.81,13.83,13.84,2000,84800,114700,70100,3800,27800,22000,18100,40600,2300,19900,5500,600,27700,33500,6800,22200,1300,1300,4100
12460.0,13.73,19914500,272329660.0,13.73,13.72,13.71,13.7,13.69,13.68,13.67,13.66,13.65,13.64,13.74,13.75,13.76,13.77,13.78,13.79,13.8,13.81,13.83,13.84,1900,84800,114700,70100,3800,27800,22000,18100,40600,2300,19200,5500,600,27700,33500,6800,22200,1300,1300,4100
12461.0,13.74,19915200,272339278.0,13.73,13.72,13.71,13.7,13.69,13.68,13.67,13.66,13.65,13.64,13.74,13.75,13.76,13.77,13.78,13.79,13.8,13.81,13.83,13.84,1900,84800,114700,70100,3800,27800,22000,18100,40600,2300,18500,5500,600,27700,33500,6800,22200,1300,1300,4100
12462.0,13.74,19916100,272351644.0,13.73,13.72,13.71,13.7,13.69,13.68,13.67,13.66,13.65,13.64,13.74,13.75,13.76,13.77,13.78,13.79,13.8,13.81,13.83,13.84,4900,85600,114700,70100,3800,27800,22000,18100,40600,2300,17600,5500,600,27700,33500,6800,22200,1300,1300,4100
12463.0,13.74,19916100,272351644.0,13.73,13.72,13.71,13.7,13.69,13.68,13.67,13.66,13.65,13.64,13.74,13.75,13.76,13.77,13.78,13.79,13.8,13.81,13.83,13.84,4900,85600,114700,70100,3800,27800,22000,18100,40600,2300,17600,5500,600,27700,33500,6800,22200,1300,1300,4100
12464.0,13.74,19916800,272361262.0,13.73,13.72,13.71,13.7,13.69,13.68,13.67,13.66,13.65,13.64,13.74,13.75,13.76,13.77,13.78,13.79,13.8,13.81,13.83,13.84,4900,85600,114700,70100,3800,27800,22000,18100,40600,2300,16900,5500,600,27700,33500,6800,22200,1300,1300,4100
12465.0,13.74,19916800,272361262.0,13.73,13.72,13.71,13.7,13.69,13.68,13.67,13.66,13.65,13.64,13.74,13.75,13.76,13.77,13.78,13.79,13.8,13.81,13.83,13.84,5000,85600,114700,70100,3800,27800,22000,18100,40600,2300,16900,5500,600,27700,33500,6800,22200,1300,1300,4100
12466.0,13.74,19917500,272370880.0,13.73,13.72,13.71,13.7,13.69,13.68,13.67,13.66,13.65,13.64,13.74,13.75,13.76,13.77,13.78,13.79,13.8,13.81,13.83,13.84,5500,85700,113100,70100,3800,27800,22000,18100,40600,2300,16200,5500,600,27700,33500,6800,22200,1300,1300,4100
12467.0,13.74,19918400,272383246.0,13.73,13.72,13.71,13.7,13.69,13.68,13.67,13.66,13.65,13.64,13.74,13.75,13.76,13.77,13.78,13.79,13.8,13.81,13.83,13.84,5500,85700,113100,70100,3800,27800,22000,18100,40600,2300,15300,5500,600,27700,33500,6800,22200,1300,1300,4100
12468.0,13.74,19918400,272383246.0,13.73,13.72,13.71,13.7,13.69,13.68,13.67,13.66,13.65,13.64,13.74,13.75,13.76,13.77,13.78,13.79,13.8,13.81,13.83,13.84,5500,85800,113100,70100,3800,27800,22000,18100,40600,2300,15300,5500,600,27700,33500,6800,22200,1300,1300,4100
12469.0,13.74,19918400,272383246.0,13.73,13.72,13.71,13.7,13.69,13.68,13.67,13.66,13.65,13.64,13.74,13.75,13.76,13.77,13.78,13.79,13.8,13.81,13.83,13.84,6100,85800,113100,70100,3800,30800,22000,18100,40600,2300,15300,5500,600,27700,33500,6800,22200,1300,1300,4100
12470.0,13.74,19919100,272392864.0,13.73,13.72,13.71,13.7,13.69,13.68,13.67,13.66,13.65,13.64,13.74,13.75,13.76,13.77,13.78,13.79,13.8,13.81,13.83,13.84,6100,86600,113100,70800,3400,30800,22000,18100,40600,2300,14600,5500,600,27700,33500,6800,22200,1300,1300,4100
12471.0,13.73,19919500,272398356.0,13.73,13.72,13.71,13.7,13.69,13.68,13.67,13.66,13.65,13.64,13.74,13.75,13.76,13.77,13.78,13.79,13.8,13.81,13.83,13.84,7200,86600,113100,70800,3400,30800,22000,18100,40600,2300,14600,5500,600,27700,33500,6800,22200,1300,1300,4100
12472.0,13.74,19921700,272428584.0,13.73,13.72,13.71,13.7,13.69,13.68,13.67,13.66,13.65,13.64,13.74,13.75,13.76,13.77,13.78,13.79,13.8,13.81,13.83,13.84,7200,86600,113100,70800,3400,30800,22000,18100,40600,2300,12400,5500,600,27700,33500,6800,22200,1300,1300,4100
12473.0,13.74,19934900,272609944.0,13.74,13.73,13.72,13.71,13.7,13.69,13.68,13.67,13.66,13.65,13.75,13.76,13.77,13.78,13.79,13.8,13.81,13.83,13.84,13.85,18300,8400,86600,113100,70800,3400,30800,22000,18100,40600,5500,600,27700,33500,6800,22200,1300,1300,4100,6800
12474.0,13.74,19934900,272609944.0,13.74,13.73,13.72,13.71,13.7,13.69,13.68,13.67,13.66,13.65,13.75,13.76,13.77,13.78,13.79,13.8,13.81,13.83,13.84,13.85,18300,8400,86600,113100,70300,3400,30800,22000,18100,40600,5500,600,27700,33500,6800,22200,1300,1300,4100,6800
12475.0,13.74,19934900,272609944.0,13.74,13.73,13.72,13.71,13.7,13.69,13.68,13.67,13.66,13.65,13.75,13.76,13.77,13.78,13.79,13.8,13.81,13.83,13.84,13.85,19800,8700,86600,113100,70300,3400,30800,22000,18100,40600,5500,600,27700,33500,6800,22200,1300,1300,4100,6800
12476.0,13.74,19934900,272609944.0,13.74,13.73,13.72,13.71,13.7,13.69,13.68,13.67,13.66,13.65,13.75,13.76,13.77,13.78,13.79,13.8,13.81,13.83,13.84,13.85,19800,9200,87100,113100,70300,3400,30800,22000,18100,40600,5500,600,27700,33500,6800,22200,1300,1300,4100,6800
12477.0,13.75,19935500,272618194.0,13.74,13.73,13.72,13.71,13.7,13.69,13.68,13.67,13.66,13.65,13.75,13.76,13.77,13.78,13.79,13.8,13.81,13.83,13.84,13.85,19800,9200,87100,113100,70300,3400,30800,22000,18100,40600,4900,600,27700,33500,6800,22200,1300,1300,4100,6800
12478.0,13.75,19935500,272618194.0,13.74,13.73,13.72,13.71,13.7,13.69,13.68,13.67,13.66,13.65,13.75,13.76,13.77,13.78,13.79,13.8,13.81,13.83,13.84,13.85,19800,9200,90600,113100,70300,3400,30800,22000,18100,40600,4900,600,27700,33500,6800,22200,1300,1300,4100,6800
12479.0,13.75,19935500,272618194.0,13.74,13.73,13.72,13.71,13.7,13.69,13.68,13.67,13.66,13.65,13.75,13.76,13.77,13.78,13.79,13.8,13.81,13.83,13.84,13.85,19800,9200,90600,113100,70300,3400,30800,22000,18100,40600,5000,600,27700,33500,6800,22200,1300,1300,4100,6800
12480.0,13.75,19935500,272618194.0,13.74,13.73,13.72,13.71,13.7,13.69,13.68,13.67,13.66,13.65,13.75,13.76,13.77,13.78,13.79,13.8,13.81,13.83,13.84,13.85,19800,9200,95700,113100,70300,3400,30800,22000,18100,40600,5000,600,27700,33500,6800,22200,1300,1300,4100,6800
12481.0,13.75,19936000,272625069.0,13.74,13.73,13.72,13.71,13.7,13.69,13.68,13.67,13.66,13.65,13.75,13.76,13.77,13.78,13.79,13.8,13.81,13.83,13.84,13.85,19800,18700,95700,113100,69900,3400,30800,22000,18100,40600,4500,600,27700,33500,6800,22200,1300,1300,4100,6800
12482.0,13.75,19936900,272637444.0,13.74,13.73,13.72,13.71,13.7,13.69,13.68,13.67,13.66,13.65,13.75,13.76,13.77,13.78,13.79,13.8,13.81,13.83,13.84,13.85,20600,18700,95700,113100,69900,3400,30800,22000,18100,40600,3600,600,27700,33500,6800,22200,1300,1300,4100,6800
12483.0,13.75,19936900,272637444.0,13.74,13.73,13.72,13.71,13.7,13.69,13.68,13.67,13.66,13.65,13.75,13.76,13.77,13.78,13.79,13.8,13.81,13.83,13.84,13.85,20600,24100,95700,113100,69900,3400,30800,22000,18100,40600,3600,600,27700,33500,6800,22200,1300,1300,4100,6800
12484.0,13.75,19936900,272637444.0,13.74,13.73,13.72,13.71,13.7,13.69,13.68,13.67,13.66,13.65,13.75,13.76,13.77,13.78,13.79,13.8,13.81,13.83,13.84,13.85,21300,24100,96200,113100,69900,3400,30800,22000,18100,40600,3600,600,27700,33500,6800,22200,1300,1300,4100,6800
12485.0,13.75,19936900,272637444.0,13.74,13.73,13.72,13.71,13.7,13.69,13.68,13.67,13.66,13.65,13.75,13.76,13.77,13.78,13.79,13.8,13.81,13.83,13.84,13.85,26900,24600,96200,113100,70000,3400,30800,22000,18100,40600,3600,600,27700,33500,6800,22200,1300,1300,4100,6800
12486.0,13.75,19936900,272637444.0,13.74,13.73,13.72,13.71,13.7,13.69,13.68,13.67,13.66,13.65,13.75,13.76,13.77,13.78,13.79,13.8,13.81,13.83,13.84,13.85,26900,24600,96200,113100,70000,3400,30800,22000,18100,40600,3600,600,27700,33500,6800,22200,1300,1300,4100,6800
12487.0,13.74,19937600,272647062.0,13.74,13.73,13.72,13.71,13.7,13.69,13.68,13.67,13.66,13.65,13.75,13.76,13.77,13.78,13.79,13.8,13.81,13.83,13.84,13.85,26200,24600,96200,113100,70000,3400,30800,22000,18100,40600,3600,600,27700,33500,6800,22200,1300,1300,4100,6800
12488.0,13.75,19938100,272653937.0,13.74,13.73,13.72,13.71,13.7,13.69,13.68,13.67,13.66,13.65,13.75,13.76,13.77,13.78,13.79,13.8,13.81,13.83,13.84,13.85,26300,24600,96200,113100,70000,3400,30800,22000,18100,40600,3100,7500,27700,33500,6800,22200,1300,1300,4100,6800
12489.0,13.75,19938100,272653937.0,13.74,13.73,13.72,13.71,13.7,13.69,13.68,13.67,13.66,13.65,13.75,13.76,13.77,13.78,13.79,13.8,13.81,13.83,13.84,13.85,26300,24600,96200,113100,70000,3400,30800,22000,18100,40600,3100,7500,27700,33500,6800,22200,1300,1300,4100,6800
12490.0,13.74,19938800,272663555.0,13.74,13.73,13.72,13.71,13.7,13.69,13.68,13.67,13.66,13.65,13.75,13.76,13.77,13.78,13.79,13.8,13.81,13.83,13.84,13.85,25600,24600,96600,113100,70000,3400,30800,22000,18100,40600,3100,7500,27700,33500,6800,22200,1300,1300,4100,6800
12491.0,13.74,19938800,272663555.0,13.74,13.73,13.72,13.71,13.7,13.69,13.68,13.67,13.66,13.65,13.75,13.76,13.77,13.78,13.79,13.8,13.81,13.83,13.84,13.85,25600,24500,96600,113100,70000,3400,30800,22000,18100,40600,3100,7500,27700,33500,6800,22200,1300,1300,4100,6800
12492.0,13.74,19938800,272663555.0,13.74,13.73,13.72,13.71,13.7,13.69,13.68,13.67,13.66,13.65,13.75,13.76,13.77,13.78,13.79,13.8,13.81,13.83,13.84,13.85,25600,24500,96600,113100,70000,3400,30800,22000,18100,40600,3100,7500,27700,33500,6800,22200,1300,1300,4100,6800
12493.0,13.75,19940100,272681423.0,13.74,13.73,13.72,13.71,13.7,13.69,13.68,13.67,13.66,13.65,13.75,13.76,13.77,13.78,13.79,13.8,13.81,13.83,13.84,13.85,25000,25400,96600,112100,70000,3400,30800,22000,18100,40600,2500,7500,27700,33500,6800,22200,1300,1300,4100,6800
12494.0,13.75,19940100,272681423.0,13.74,13.73,13.72,13.71,13.7,13.69,13.68,13.67,13.66,13.65,13.75,13.76,13.77,13.78,13.79,13.8,13.81,13.83,13.84,13.85,25000,25400,96600,112100,70000,3400,30800,22000,18100,40600,2500,7500,27700,33500,6800,22200,1300,1300,4100,6800
12495.0,13.75,19940300,272684173.0,13.74,13.73,13.72,13.71,13.7,13.69,13.68,13.67,13.66,13.65,13.75,13.76,13.77,13.78,13.79,13.8,13.81,13.83,13.84,13.85,25000,26000,96600,112100,70000,3400,30800,22000,18100,40600,2800,7500,27700,33500,6800,22200,1300,1300,4100,6800
12496.0,13.75,19942000,272707541.0,13.74,13.73,13.72,13.71,13.7,13.69,13.68,13.67,13.66,13.65,13.75,13.76,13.77,13.78,13.79,13.8,13.81,13.83,13.84,13.85,19600,26000,96600,112100,70000,3400,30800,22000,18100,40600,1800,7500,27700,33500,6800,22200,1300,1300,4100,6800
12497.0,13.74,19944200,272737769.0,13.74,13.73,13.72,13.71,13.7,13.69,13.68,13.67,13.66,13.65,13.75,13.76,13.77,13.78,13.79,13.8,13.81,13.83,13.84,13.85,17400,26000,96600,112100,70000,3400,30800,22000,18100,40600,1800,7500,27700,33500,6800,22200,1300,1300,4100,6800
12498.0,13.74,19944200,272737769.0,13.74,13.73,13.72,13.71,13.7,13.69,13.68,13.67,13.66,13.65,13.75,13.76,13.77,13.78,13.79,13.8,13.81,13.83,13.84,13.85,17400,26000,96200,112100,70000,3900,30800,22000,18100,40600,1800,7500,27700,33500,6800,22200,1300,1300,4100,6800
12499.0,13.74,19944900,272747387.0,13.74,13.73,13.72,13.71,13.7,13.69,13.68,13.67,13.66,13.65,13.75,13.76,13.77,13.78,13.79,13.8,13.81,13.83,13.84,13.85,16700,26900,96200,112100,70000,3900,30800,22000,18100,40600,1800,7500,27700,33500,6800,22200,1300,1300,4100,6800
12500.0,13.74,19944900,272747387.0,13.74,13.73,13.72,13.71,13.7,13.69,13.68,13.67,13.66,13.65,13.75,13.76,13.77,13.78,13.79,13.8,13.81,13.83,13.84,13.85,16700,26900,96200,112100,70000,3900,30800,22000,18100,40600,1800,7500,27700,33500,6800,22200,1300,1300,4100,6800
12501.0,13.74,19944900,272747387.0,13.74,13.73,13.72,13.71,13.7,13.69,13.68,13.67,13.66,13.65,13.75,13.76,13.77,13.78,13.79,13.8,13.81,13.83,13.84,13.85,16700,26900,96200,112100,70000,3900,30800,22000,18100,40600,1800,7500,27700,33500,6800,22200,1300,1300,4100,6800
12502.0,13.75,19945700,272758380.0,13.74,13.73,13.72,13.71,13.7,13.69,13.68,13.67,13.66,13.65,13.75,13.76,13.77,13.78,13.79,13.8,13.81,13.83,13.84,13.85,16000,26900,96200,112100,70000,3900,30800,22000,18100,40600,1700,7500,27700,33500,6800,22200,1300,1300,4100,6800
12503.0,13.75,19960100,272956253.0,13.75,13.74,13.73,13.72,13.71,13.7,13.69,13.68,13.67,13.66,13.76,13.77,13.78,13.79,13.8,13.81,13.83,13.84,13.85,13.86,3900,3300,26900,96200,112100,70000,3900,30800,22000,18100,7500,27700,33500,6800,22200,1300,1300,4100,6800,700
12504.0,13.76,19961500,272975517.0,13.75,13.74,13.73,13.72,13.71,13.7,13.69,13.68,13.67,13.66,13.76,13.77,13.78,13.79,13.8,13.81,13.83,13.84,13.85,13.86,3900,3300,26900,96600,112100,70000,3900,30800,22000,18100,6100,27700,33500,6800,22200,1300,1300,4100,6800,700
12505.0,13.75,19961800,272979642.0,13.75,13.74,13.73,13.72,13.71,13.7,13.69,13.68,13.67,13.66,13.76,13.77,13.78,13.79,13.8,13.81,13.83,13.84,13.85,13.86,3600,3700,26900,96600,112100,70000,3900,30800,22000,18100,6100,27700,33500,6800,22200,1300,1300,4100,6800,700
12506.0,13.75,19961800,272979642.0,13.75,13.74,13.73,13.72,13.71,13.7,13.69,13.68,13.67,13.66,13.76,13.77,13.78,13.79,13.8,13.81,13.83,13.84,13.85,13.86,3600,3700,27200,98600,112100,70000,3900,30800,22000,18100,6100,27700,33500,6800,22200,1300,1300,4100,6800,700
12507.0,13.75,19961800,272979642.0,13.75,13.74,13.73,13.72,13.71,13.7,13.69,13.68,13.67,13.66,13.76,13.77,13.78,13.79,13.8,13.81,13.83,13.84,13.85,13.86,3600,3700,27200,98600,112200,70000,3900,30800,22000,18100,6100,27700,33500,6800,22200,1300,1300,4100,6800,700
12508.0,13.75,19963100,272997517.0,13.75,13.74,13.73,13.72,13.71,13.7,13.69,13.68,13.67,13.66,13.76,13.77,13.78,13.79,13.8,13.81,13.83,13.84,13.85,13.86,2300,4700,27200,98600,112200,82300,5900,30800,22000,18100,6100,27700,33500,6800,22200,1300,1300,4100,6800,700
12509.0,13.76,19963900,273008525.0,13.75,13.74,13.73,13.72,13.71,13.7,13.69,13.68,13.67,13.66,13.76,13.77,13.78,13.79,13.8,13.81,13.83,13.84,13.85,13.86,2300,4700,27200,98600,112200,82300,5900,30800,22000,18100,5300,27700,33500,6800,22200,1300,1300,4100,6800,700
12510.0,13.76,19963900,273008525.0,13.75,13.74,13.73,13.72,13.71,13.7,13.69,13.68,13.67,13.66,13.76,13.77,13.78,13.79,13.8,13.81,13.83,13.84,13.85,13.86,2300,6500,27200,98600,112100,82300,5900,30800,22000,18100,5300,27700,33500,6800,22200,1300,1300,4100,6800,700
12511.0,13.75,19964100,273011275.0,13.75,13.74,13.73,13.72,13.71,13.7,13.69,13.68,13.67,13.66,13.76,13.77,13.78,13.79,13.8,13.81,13.83,13.84,13.85,13.86,2100,7500,27200,98600,112100,82300,5900,30800,22000,18100,5300,27700,33500,6800,22200,1300,1300,4100,6800,700
12512.0,13.75,19964100,273011275.0,13.75,13.74,13.73,13.72,13.71,13.7,13.69,13.68,13.67,13.66,13.76,13.77,13.78,13.79,13.8,13.81,13.83,13.84,13.85,13.86,2100,12500,27200,98600,112100,82300,5900,30800,22000,18100,5300,27700,33500,6800,22200,1300,1300,4100,6800,700
12513.0,13.75,19964100,273011275.0,13.75,13.74,13.73,13.72,13.71,13.7,13.69,13.68,13.67,13.66,13.76,13.77,13.78,13.79,13.8,13.81,13.83,13.84,13.85,13.86,2100,12500,27200,98600,112100,82300,5400,30800,22000,18100,5300,27700,33500,6800,22200,1300,1300,4100,6800,700
12514.0,13.75,19964300,273014025.0,13.75,13.74,13.73,13.72,13.71,13.7,13.69,13.68,13.67,13.66,13.76,13.77,13.78,13.79,13.8,13.81,13.83,13.84,13.85,13.86,1900,12500,27200,98600,112100,82300,5400,30800,22000,18100,5300,27700,33500,6800,22200,1300,1300,4100,6800,700
12515.0,13.75,19964600,273018150.0,13.75,13.74,13.73,13.72,13.71,13.7,13.69,13.68,13.67,13.66,13.76,13.77,13.78,13.79,13.8,13.81,13.83,13.84,13.85,13.86,1600,12500,27200,98600,112100,82300,5400,30800,22000,18100,5300,27700,33500,6800,22200,1300,1300,4100,6800,700
12516.0,13.76,19965100,273025030.0,13.75,13.74,13.73,13.72,13.71,13.7,13.69,13.68,13.67,13.66,13.76,13.77,13.78,13.79,13.8,13.81,13.83,13.84,13.85,13.86,1600,12500,27200,98600,112100,82300,5400,30800,22000,18100,4800,27700,33500,6800,22200,1300,1300,4100,6800,700
12517.0,13.75,19965600,273031905.0,13.75,13.74,13.73,13.72,13.71,13.7,13.69,13.68,13.67,13.66,13.76,13.77,13.78,13.79,13.8,13.81,13.83,13.84,13.85,13.86,1100,12600,27200,98600,112100,82300,5400,30800,22000,18100,4800,27700,33500,6800,22200,1300,1300,4100,6800,700
12518.0,13.75,19965600,273031905.0,13.75,13.74,13.73,13.72,13.71,13.7,13.69,13.68,13.67,13.66,13.76,13.77,13.78,13.79,13.8,13.81,13.83,13.84,13.85,13.86,1100,12900,27200,98600,112100,82300,5400,30800,22000,18100,4800,27700,33500,6800,22200,1300,1300,4100,6800,700
12519.0,13.75,19965600,273031905.0,13.75,13.74,13.73,13.72,13.71,13.7,13.69,13.68,13.67,13.66,13.76,13.77,13.78,13.79,13.8,13.81,13.83,13.84,13.85,13.86,1100,12900,27200,98600,112100,82300,5400,30800,22000,18100,4800,27700,33500,6800,22200,1300,1300,4100,6800,700
12520.0,13.75,19965700,273033280.0,13.75,13.74,13.73,13.72,13.71,13.7,13.69,13.68,13.67,13.66,13.76,13.77,13.78,13.79,13.8,13.81,13.83,13.84,13.85,13.86,1000,13100,27200,98600,112100,82300,5400,30800,22000,18100,4800,27700,33500,6800,22200,1300,1300,4100,6800,700
12521.0,13.75,19965700,273033280.0,13.75,13.74,13.73,13.72,13.71,13.7,13.69,13.68,13.67,13.66,13.76,13.77,13.78,13.79,13.8,13.81,13.83,13.84,13.85,13.86,1000,13100,27200,98600,112100,82300,5600,30800,22000,18100,4800,27700,33500,6800,22200,1300,1300,4100,6800,700
12522.0,13.75,19965800,273034655.0,13.75,13.74,13.73,13.72,13.71,13.7,13.69,13.68,13.67,13.66,13.76,13.77,13.78,13.79,13.8,13.81,13.83,13.84,13.85,13.86,900,13100,27200,98600,112100,82300,5600,30800,22000,18100,4800,27700,33500,6800,22200,1300,1300,4100,6800,700
12523.0,13.76,19966200,273040159.0,13.75,13.74,13.73,13.72,13.71,13.7,13.69,13.68,13.67,13.66,13.76,13.77,13.78,13.79,13.8,13.81,13.83,13.84,13.85,13.86,900,16200,27500,98600,112100,82300,5600,30800,22000,18100,4400,27700,33500,6800,22200,1300,1300,4100,6800,700
12524.0,13.76,19966200,273040159.0,13.75,13.74,13.73,13.72,13.71,13.7,13.69,13.68,13.67,13.66,13.76,13.77,13.78,13.79,13.8,13.81,13.83,13.84,13.85,13.86,900,16200,26600,98600,112100,82300,5600,30800,22000,18100,4400,27700,33500,6800,22200,1300,1300,4100,6800,700
12525.0,13.76,19966200,273040159.0,13.75,13.74,13.73,13.72,13.71,13.7,13.69,13.68,13.67,13.66,13.76,13.77,13.78,13.79,13.8,13.81,13.83,13.84,13.85,13.86,900,18700,26600,98600,112100,82300,5600,30800,22000,18100,4400,27700,33500,6800,22200,1300,1300,4100,6800,700
12526.0,13.75,19966300,273041534.0,13.75,13.74,13.73,13.72,13.71,13.7,13.69,13.68,13.67,13.66,13.76,13.77,13.78,13.79,13.8,13.81,13.83,13.84,13.85,13.86,800,18700,26600,98600,107100,82300,5600,30800,22000,18100,4400,27700,33500,6800,22200,1300,1300,4100,6800,700
12527.0,13.75,19966300,273041534.0,13.75,13.74,13.73,13.72,13.71,13.7,13.69,13.68,13.67,13.66,13.76,13.77,13.78,13.79,13.8,13.81,13.83,13.84,13.85,13.86,800,19200,28000,98600,107100,82300,5600,30800,22000,18100,4400,27700,33500,6800,22200,1300,1300,4100,6800,700
12528.0,13.75,19966300,273041534.0,13.75,13.74,13.73,13.72,13.71,13.7,13.69,13.68,13.67,13.66,13.76,13.77,13.78,13.79,13.8,13.81,13.83,13.84,13.85,13.86,800,20300,28000,98600,107100,82300,5600,30800,22000,18100,4400,27700,33500,6800,22200,1300,1300,4100,6800,700
12529.0,13.75,19966300,273041534.0,13.75,13.74,13.73,13.72,13.71,13.7,13.69,13.68,13.67,13.66,13.76,13.77,13.78,13.79,13.8,13.81,13.83,13.84,13.85,13.86,800,20300,28000,98600,107100,82300,5600,30800,22000,18100,4400,27700,33500,6800,22200,1300,1300,4100,6800,700
12530.0,13.76,19966700,273047038.0,13.75,13.74,13.73,13.72,13.71,13.7,13.69,13.68,13.67,13.66,13.76,13.77,13.78,13.79,13.8,13.81,13.83,13.84,13.85,13.86,800,21300,28000,98600,107100,82300,5600,30800,22000,18100,4000,27700,33500,6800,22200,1300,1300,4100,6800,700
12531.0,13.76,19966700,273047038.0,13.75,13.74,13.73,13.72,13.71,13.7,13.69,13.68,13.67,13.66,13.76,13.77,13.78,13.79,13.8,13.81,13.83,13.84,13.85,13.86,800,21300,28000,98600,107100,82300,5600,30800,22000,18100,4000,27700,33500,6800,22200,1300,1300,4100,6800,700
12532.0,13.76,19966700,273047038.0,13.75,13.74,13.73,13.72,13.71,13.7,13.69,13.68,13.67,13.66,13.76,13.77,13.78,13.79,13.8,13.81,13.83,13.84,13.85,13.86,800,21700,28000,98900,107100,82300,5600,30800,22000,18100,4000,27700,33500,6800,22200,1300,1300,4100,6800,700
12533.0,13.76,19966700,273047038.0,13.75,13.74,13.73,13.72,13.71,13.7,13.69,13.68,13.67,13.66,13.76,13.77,13.78,13.79,13.8,13.81,13.83,13.84,13.85,13.86,800,21700,28000,98900,107100,82400,5600,30800,22000,18100,4000,27700,33500,6800,22200,1300,1300,4100,6800,700
12534.0,13.76,19966700,273047038.0,13.75,13.74,13.73,13.72,13.71,13.7,13.69,13.68,13.67,13.66,13.76,13.77,13.78,13.79,13.8,13.81,13.83,13.84,13.85,13.86,800,24700,28900,98900,107100,82400,5600,30800,22000,18100,4000,27700,33500,6800,22200,1300,1300,4100,6800,700
12535.0,13.76,19966700,273047038.0,13.75,13.74,13.73,13.72,13.71,13.7,13.69,13.68,13.67,13.66,13.76,13.77,13.78,13.79,13.8,13.81,13.83,13.84,13.85,13.86,800,24700,28900,98900,107100,82400,5600,30800,22000,18100,4000,27700,33500,8600,22200,1300,1300,4100,6800,700
12536.0,13.76,19966700,273047038.0,13.75,13.74,13.73,13.72,13.71,13.7,13.69,13.68,13.67,13.66,13.76,13.77,13.78,13.79,13.8,13.81,13.83,13.84,13.85,13.86,800,24700,28900,98900,107100,82400,5600,30800,22000,18100,4000,27700,33500,8600,22200,1300,1300,4100,6800,700
12537.0,13.75,19967200,273053917.0,13.75,13.74,13.73,13.72,13.71,13.7,13.69,13.68,13.67,13.66,13.76,13.77,13.78,13.79,13.8,13.81,13.83,13.84,13.85,13.86,700,24700,28900,98900,107100,82400,5600,30800,22000,18100,3600,27700,33500,8600,22200,1300,1300,4100,6800,700
12538.0,13.75,19967200,273053917.0,13.75,13.74,13.73,13.72,13.71,13.7,13.69,13.68,13.67,13.66,13.76,13.77,13.78,13.79,13.8,13.81,13.83,13.84,13.85,13.86,700,24700,28500,98900,107100,82400,5600,30800,22000,18100,3600,27700,33500,8600,22200,1300,1300,4100,6800,700
12539.0,13.75,19968000,273064920.0,13.75,13.74,13.73,13.72,13.71,13.7,13.69,13.68,13.67,13.66,13.76,13.77,13.78,13.79,13.8,13.81,13.83,13.84,13.85,13.86,200,24700,28500,99500,107100,82400,5600,30800,22000,18100,3300,27700,33500,8600,22200,1300,1300,4100,6800,700
12540.0,13.75,19968000,273064920.0,13.75,13.74,13.73,13.72,13.71,13.7,13.69,13.68,13.67,13.66,13.76,13.77,13.78,13.79,13.8,13.81,13.83,13.84,13.85,13.86,200,24700,28500,99700,107100,82400,5600,30800,22000,18100,3300,27700,33500,8600,22200,1300,1300,4100,6800,700
12541.0,13.75,19968000,273064920.0,13.75,13.74,13.73,13.72,13.71,13.7,13.69,13.68,13.67,13.66,13.76,13.77,13.78,13.79,13.8,13.81,13.83,13.84,13.85,13.86,200,24700,33500,99700,107100,82400,5600,30800,22000,18100,3300,27700,33500,8600,22200,1300,1300,4100,6800,700
12542.0,13.75,19968000,273064920.0,13.75,13.74,13.73,13.72,13.71,13.7,13.69,13.68,13.67,13.66,13.76,13.77,13.78,13.79,13.8,13.81,13.83,13.84,13.85,13.86,200,24700,33500,99700,107100,82400,5600,30800,22000,18100,3300,27700,33500,8600,22200,1300,1300,4100,6800,700
12543.0,13.75,19968000,273064920.0,13.75,13.74,13.73,13.72,13.71,13.7,13.69,13.68,13.67,13.66,13.76,13.77,13.78,13.79,13.8,13.81,13.83,13.84,13.85,13.86,200,24700,33500,99700,107100,82400,5600,30800,22000,18100,3300,27700,33500,8600,22200,1300,1300,4100,6800,700
12544.0,13.76,19968300,273069048.0,13.75,13.74,13.73,13.72,13.71,13.7,13.69,13.68,13.67,13.66,13.76,13.77,13.78,13.79,13.8,13.81,13.83,13.84,13.85,13.86,200,24700,33500,99700,107100,82400,5600,30800,22000,18100,3000,27700,33500,8600,22200,1300,1300,4100,6800,700
12545.0,13.76,19968300,273069048.0,13.75,13.74,13.73,13.72,13.71,13.7,13.69,13.68,13.67,13.66,13.76,13.77,13.78,13.79,13.8,13.81,13.83,13.84,13.85,13.86,200,24700,33500,99700,107300,82400,5600,30800,22000,18100,3000,27700,33500,8600,22200,1300,1300,4100,6800,700
12546.0,13.76,19968300,273069048.0,13.75,13.74,13.73,13.72,13.71,13.7,13.69,13.68,13.67,13.66,13.76,13.77,13.78,13.79,13.8,13.81,13.83,13.84,13.85,13.86,200,24700,33500,99700,107300,82400,5600,30800,22000,18100,3000,27700,33500,8600,22200,1300,1300,4100,6800,700
12547.0,13.76,19968300,273069048.0,13.75,13.74,13.73,13.72,13.71,13.7,13.69,13.68,13.67,13.66,13.76,13.77,13.78,13.79,13.8,13.81,13.83,13.84,13.85,13.86,200,24700,33500,99700,107300,82400,5600,30800,22000,18100,3000,27700,33500,8600,22200,1300,1300,4100,6800,700
12548.0,13.76,19968300,273069048.0,13.75,13.74,13.73,13.72,13.71,13.7,13.69,13.68,13.67,13.66,13.76,13.77,13.78,13.79,13.8,13.81,13.83,13.84,13.85,13.86,200,24700,33500,99700,107300,82400,5600,30800,22000,18100,3000,27700,33500,8600,22200,1300,1300,4100,6800,700
12549.0,13.76,19968300,273069048.0,13.75,13.74,13.73,13.72,13.71,13.7,13.69,13.68,13.67,13.66,13.76,13.77,13.78,13.79,13.8,13.81,13.83,13.84,13.85,13.86,200,24700,33500,99700,107300,82400,5600,30800,22000,18100,3000,27700,33500,8600,22200,1300,1300,4100,6800,700
12550.0,13.76,19968300,273069048.0,13.75,13.74,13.73,13.72,13.71,13.7,13.69,13.68,13.67,13.66,13.76,13.77,13.78,13.79,13.8,13.81,13.83,13.84,13.85,13.86,200,24700,33500,99700,107300,82400,5600,30800,22000,18100,3000,27700,33500,8600,22200,1300,1300,4100,6800,700
12551.0,13.76,19968600,273073176.0,13.75,13.74,13.73,13.72,13.71,13.7,13.69,13.68,13.67,13.66,13.76,13.77,13.78,13.79,13.8,13.81,13.83,13.84,13.85,13.86,200,24700,33500,99700,107300,82400,5600,30800,22000,18100,2700,27700,33500,8600,22200,1300,1300,4100,6800,700
12552.0,13.76,19968600,273073176.0,13.75,13.74,13.73,13.72,13.71,13.7,13.69,13.68,13.67,13.66,13.76,13.77,13.78,13.79,13.8,13.81,13.83,13.84,13.85,13.86,200,24700,33500,99700,107300,82400,5600,30800,22000,18100,2700,27700,33500,8600,22200,1300,1300,4100,6800,700
12553.0,13.76,19968600,273073176.0,13.75,13.74,13.73,13.72,13.71,13.7,13.69,13.68,13.67,13.66,13.76,13.77,13.78,13.79,13.8,13.81,13.83,13.84,13.85,13.86,200,24700,33500,99700,107300,82400,5600,30800,22000,18100,2700,27700,33500,8600,22200,1300,1300,4100,6800,700
12554.0,13.76,19968600,273073176.0,13.75,13.74,13.73,13.72,13.71,13.7,13.69,13.68,13.67,13.66,13.76,13.77,13.78,13.79,13.8,13.81,13.83,13.84,13.85,13.86,200,24700,33500,99700,107300,82400,5600,30800,22000,18100,2700,27700,33500,8600,22200,1300,1300,4100,6800,700
12555.0,13.76,19968600,273073176.0,13.75,13.74,13.73,13.72,13.71,13.7,13.69,13.68,13.67,13.66,13.76,13.77,13.78,13.79,13.8,13.81,13.83,13.84,13.85,13.86,200,25100,33500,99700,107300,82400,5600,30800,22000,18100,2700,27700,33500,8600,22200,1300,1300,4100,6800,700
12556.0,13.76,19968600,273073176.0,13.75,13.74,13.73,13.72,13.71,13.7,13.69,13.68,13.67,13.66,13.76,13.77,13.78,13.79,13.8,13.81,13.83,13.84,13.85,13.86,200,25100,33500,99700,107300,82400,5600,30800,22000,18100,2700,27700,33500,8600,22200,1300,1300,4100,6800,700
12557.0,13.76,19968600,273073176.0,13.75,13.74,13.73,13.72,13.71,13.7,13.69,13.68,13.67,13.66,13.76,13.77,13.78,13.79,13.8,13.81,13.83,13.84,13.85,13.86,200,25100,33500,99300,107300,82400,5600,30800,22000,18100,2700,27700,33500,8600,22200,1300,1300,4100,6800,700
12558.0,13.76,19968800,273075928.0,13.75,13.74,13.73,13.72,13.71,13.7,13.69,13.68,13.67,13.66,13.76,13.77,13.78,13.79,13.8,13.81,13.83,13.84,13.85,13.86,300,25100,33500,99300,107300,82400,5600,30800,22000,18100,2500,27700,33500,8600,22200,1300,1300,4100,6800,700
12559.0,13.74,19970800,273103411.0,13.74,13.73,13.72,13.71,13.7,13.69,13.68,13.67,13.66,13.65,13.76,13.77,13.78,13.79,13.8,13.81,13.83,13.84,13.85,13.86,23400,33500,99300,107300,82400,5600,30800,22000,18100,41100,2500,27700,33500,8600,22200,1300,1300,4100,6800,700
12560.0,13.74,19970800,273103411.0,13.74,13.73,13.72,13.71,13.7,13.69,13.68,13.67,13.66,13.65,13.76,13.77,13.78,13.79,13.8,13.81,13.83,13.84,13.85,13.86,23600,33500,99300,107300,82400,5600,30800,22000,18100,41100,2700,27700,33500,8800,22200,1300,1300,4100,6800,700
12561.0,13.74,19971500,273113029.0,13.74,13.73,13.72,13.71,13.7,13.69,13.68,13.67,13.66,13.65,13.76,13.77,13.78,13.79,13.8,13.81,13.83,13.84,13.85,13.86,23200,33500,100700,107300,82400,5600,30800,22000,18100,41100,3000,27700,33500,8800,22200,1300,1300,4100,6800,700
12562.0,13.74,19971500,273113029.0,13.74,13.73,13.72,13.71,13.7,13.69,13.68,13.67,13.66,13.65,13.76,13.77,13.78,13.79,13.8,13.81,13.83,13.84,13.85,13.86,23500,33500,100700,107300,82400,5600,30800,22000,18300,41100,3300,27700,33500,8800,22200,1300,1300,4100,6800,700
12563.0,13.74,19971500,273113029.0,13.74,13.73,13.72,13.71,13.7,13.69,13.68,13.67,13.66,13.65,13.76,13.77,13.78,13.79,13.8,13.81,13.83,13.84,13.85,13.86,33100,33500,100700,107300,82400,5600,30800,22000,18300,41100,3600,27700,33500,8800,22200,1300,1300,4100,6800,700
12564.0,13.74,19972300,273124021.0,13.74,13.73,13.72,13.71,13.7,13.69,13.68,13.67,13.66,13.65,13.76,13.77,13.78,13.79,13.8,13.81,13.83,13.84,13.85,13.86,37600,33500,100700,107300,82400,5600,30800,22000,18300,41100,3900,27700,33500,8800,22200,1300,1300,4100,6800,700
12565.0,13.76,19972600,273128149.0,13.74,13.73,13.72,13.71,13.7,13.69,13.68,13.67,13.66,13.65,13.76,13.77,13.78,13.79,13.8,13.81,13.83,13.84,13.85,13.86,38800,33500,100700,107300,82400,5600,30800,22000,18300,41100,3900,27700,33500,8800,22200,1300,1300,4100,6800,700
12566.0,13.76,19972600,273128149.0,13.74,13.73,13.72,13.71,13.7,13.69,13.68,13.67,13.66,13.65,13.76,13.77,13.78,13.79,13.8,13.81,13.83,13.84,13.85,13.86,39100,33500,100700,107300,82400,5600,30800,22000,18300,41100,4200,27700,33500,8800,22200,1300,1300,4100,6800,700
12567.0,13.74,19973300,273137767.0,13.74,13.73,13.72,13.71,13.7,13.69,13.68,13.67,13.66,13.65,13.76,13.77,13.78,13.79,13.8,13.81,13.83,13.84,13.85,13.86,38500,33500,100700,107300,82400,5600,30800,22000,18300,41100,4300,27700,33500,8800,22200,1300,1300,4100,6800,700
12568.0,13.74,19973300,273137767.0,13.74,13.73,13.72,13.71,13.7,13.69,13.68,13.67,13.66,13.65,13.75,13.76,13.77,13.78,13.79,13.8,13.81,13.83,13.84,13.85,38500,33500,100700,107300,82400,5600,30800,22000,18300,41100,100,4300,27700,33500,8800,22200,1300,1300,4100,6800
12569.0,13.74,19973300,273137767.0,13.74,13.73,13.72,13.71,13.7,13.69,13.68,13.67,13.66,13.65,13.75,13.76,13.77,13.78,13.79,13.8,13.81,13.83,13.84,13.85,38500,33500,100700,107300,82400,5600,30800,22000,18300,41100,100,4300,27700,33500,8800,22200,1300,1300,4100,6800
12570.0,13.74,19975400,273166621.0,13.74,13.73,13.72,13.71,13.7,13.69,13.68,13.67,13.66,13.65,13.75,13.76,13.77,13.78,13.79,13.8,13.81,13.83,13.84,13.85,36400,33500,100700,107300,82400,5600,30800,22000,18300,41100,100,4300,27700,33500,8800,22200,1300,1300,4100,6800
12571.0,13.74,19975400,273166621.0,13.74,13.73,13.72,13.71,13.7,13.69,13.68,13.67,13.66,13.65,13.75,13.76,13.77,13.78,13.79,13.8,13.81,13.83,13.84,13.85,37200,33500,100700,107300,82400,5600,30800,22000,18300,41100,100,4300,27700,33500,8800,22200,1300,1300,4100,6800
12572.0,13.74,19975400,273166621.0,13.74,13.73,13.72,13.71,13.7,13.69,13.68,13.67,13.66,13.65,13.75,13.76,13.77,13.78,13.79,13.8,13.81,13.83,13.84,13.85,37200,33500,100700,107300,82400,5600,30800,22000,18300,41100,100,4300,27700,33500,8800,22200,1300,1300,4100,6800
12573.0,13.74,19976100,273176239.0,13.74,13.73,13.72,13.71,13.7,13.69,13.68,13.67,13.66,13.65,13.75,13.76,13.77,13.78,13.79,13.8,13.81,13.83,13.84,13.85,36500,33500,100700,107300,82400,5600,30800,22000,18300,41100,100,4300,27700,33500,8800,22200,1300,1300,4100,6800
12574.0,13.75,19976200,273177614.0,13.74,13.73,13.72,13.71,13.7,13.69,13.68,13.67,13.66,13.65,13.76,13.77,13.78,13.79,13.8,13.81,13.83,13.84,13.85,13.86,36500,33500,100700,107300,82400,5600,30800,22000,18300,41100,4300,27700,33500,8800,22200,1300,1300,4100,6800,700
12575.0,13.75,19976200,273177614.0,13.74,13.73,13.72,13.71,13.7,13.69,13.68,13.67,13.66,13.65,13.76,13.77,13.78,13.79,13.8,13.81,13.83,13.84,13.85,13.86,36500,33500,100700,107300,82400,5400,30800,22000,18300,41100,4300,27700,33500,8800,22200,1300,1300,4100,6800,700
12576.0,13.74,19976900,273187232.0,13.74,13.73,13.72,13.71,13.7,13.69,13.68,13.67,13.66,13.65,13.76,13.77,13.78,13.79,13.8,13.81,13.83,13.84,13.85,13.86,35900,33500,100700,107300,82400,5400,30800,22000,18300,41100,4400,27700,33500,8800,22200,1300,1300,4100,6800,700
12577.0,13.74,19976900,273187232.0,13.74,13.73,13.72,13.71,13.7,13.69,13.68,13.67,13.66,13.65,13.76,13.77,13.78,13.79,13.8,13.81,13.83,13.84,13.85,13.86,35900,33500,100700,107300,82400,5400,30800,22000,18300,41100,4400,27700,33500,8800,22200,1300,1300,4100,6800,700
12578.0,13.74,19976900,273187232.0,13.74,13.73,13.72,13.71,13.7,13.69,13.68,13.67,13.66,13.65,13.76,13.77,13.78,13.79,13.8,13.81,13.83,13.84,13.85,13.86,35200,33500,100700,107300,82400,5400,30800,22000,18300,41100,4500,27700,33500,8800,22200,1300,1300,4100,6800,700
12579.0,13.74,19978000,273202354.0,13.74,13.73,13.72,13.71,13.7,13.69,13.68,13.67,13.66,13.65,13.76,13.77,13.78,13.79,13.8,13.81,13.83,13.84,13.85,13.86,34500,33500,100700,107300,82400,5400,31800,22000,18300,41100,4100,27700,33500,8800,22200,1300,1300,4100,6800,700
12580.0,13.74,19978000,273202354.0,13.74,13.73,13.72,13.71,13.7,13.69,13.68,13.67,13.66,13.65,13.76,13.77,13.78,13.79,13.8,13.81,13.83,13.84,13.85,13.86,34600,33500,100700,107300,82400,5400,31800,22000,18300,41100,5200,27700,33500,8800,22200,1300,1300,4100,6800,700
12581.0,13.74,19979400,273221590.0,13.74,13.73,13.72,13.71,13.7,13.69,13.68,13.67,13.66,13.65,13.76,13.77,13.78,13.79,13.8,13.81,13.83,13.84,13.85,13.86,33300,33500,100700,107300,82400,5400,31800,22000,18300,41100,5300,27700,33500,8800,22200,1300,1300,4100,6800,700
12582.0,13.74,19980100,273231208.0,13.75,13.74,13.73,13.72,13.71,13.7,13.69,13.68,13.67,13.66,13.76,13.77,13.78,13.79,13.8,13.81,13.83,13.84,13.85,13.86,30000,32900,33500,100700,107300,82400,5400,31800,22000,18300,5400,27700,33500,8800,22200,1300,1300,4100,6800,700
12583.0,13.74,19980100,273231208.0,13.75,13.74,13.73,13.72,13.71,13.7,13.69,13.68,13.67,13.66,13.76,13.77,13.78,13.79,13.8,13.81,13.83,13.84,13.85,13.86,30000,32900,33500,100700,107300,82400,5400,31800,22000,18300,5400,27700,33500,8800,22200,1300,1300,4100,6800,700
12584.0,13.74,19980100,273231208.0,13.75,13.74,13.73,13.72,13.71,13.7,13.69,13.68,13.67,13.66,13.76,13.77,13.78,13.79,13.8,13.81,13.83,13.84,13.85,13.86,30000,32900,33500,100700,107300,82600,5400,31800,22000,18300,5400,27700,33500,8800,22200,1300,1300,4100,6800,700
12585.0,13.75,19980800,273240833.0,13.75,13.74,13.73,13.72,13.71,13.7,13.69,13.68,13.67,13.66,13.76,13.77,13.78,13.79,13.8,13.81,13.83,13.84,13.85,13.86,30200,37900,33500,100700,107300,82600,5400,31800,22000,18300,5400,27700,33500,8800,22200,1300,1300,4100,6800,700
12586.0,13.76,19981300,273247713.0,13.75,13.74,13.73,13.72,13.71,13.7,13.69,13.68,13.67,13.66,13.76,13.77,13.78,13.79,13.8,13.81,13.83,13.84,13.85,13.86,31000,37900,33500,100700,107300,82600,5400,31800,22000,18300,4900,27700,33500,8800,22200,1300,1300,4100,6800,700
12587.0,13.76,19981300,273247713.0,13.75,13.74,13.73,13.72,13.71,13.7,13.69,13.68,13.67,13.66,13.76,13.77,13.78,13.79,13.8,13.81,13.83,13.84,13.85,13.86,32900,37900,33500,100700,107300,82600,5400,31800,22000,18300,4900,27700,33500,8800,22200,1300,1300,4100,6800,700
12588.0,13.75,19982000,273257338.0,13.75,13.74,13.73,13.72,13.71,13.7,13.69,13.68,13.67,13.66,13.76,13.77,13.78,13.79,13.8,13.81,13.83,13.84,13.85,13.86,32200,37900,33500,100700,107300,82600,5400,31800,22000,18300,4900,27900,33500,8800,22200,1300,1300,4100,6800,700
12589.0,13.76,19982300,273261466.0,13.75,13.74,13.73,13.72,13.71,13.7,13.69,13.68,13.67,13.66,13.76,13.77,13.78,13.79,13.8,13.81,13.83,13.84,13.85,13.86,32200,37900,33500,99300,107300,82600,5400,31800,22000,18300,4600,27900,33500,8800,22200,1300,1300,4100,6800,700
12590.0,13.76,19982300,273261466.0,13.75,13.74,13.73,13.72,13.71,13.7,13.69,13.68,13.67,13.66,13.76,13.77,13.78,13.79,13.8,13.81,13.83,13.84,13.85,13.86,32400,38600,30500,99300,107300,82600,5400,31800,22000,18300,4600,27900,33500,8800,22200,1300,1300,4100,6800,700
12591.0,13.75,19983000,273271091.0,13.75,13.74,13.73,13.72,13.71,13.7,13.69,13.68,13.67,13.66,13.76,13.77,13.78,13.79,13.8,13.81,13.83,13.84,13.85,13.86,34400,38600,30500,99300,107300,82600,5400,31800,22000,18300,4600,27900,33500,8800,22200,1300,1300,4100,6800,700
12592.0,13.75,19984400,273290341.0,13.75,13.74,13.73,13.72,13.71,13.7,13.69,13.68,13.67,13.66,13.76,13.77,13.78,13.79,13.8,13.81,13.83,13.84,13.85,13.86,33000,38600,30500,99300,107300,82600,5400,31800,22000,18300,4600,27900,33500,8800,22200,1300,1300,4100,6800,700
12593.0,13.76,19984800,273295845.0,13.75,13.74,13.73,13.72,13.71,13.7,13.69,13.68,13.67,13.66,13.76,13.77,13.78,13.79,13.8,13.81,13.83,13.84,13.85,13.86,34000,38600,30500,99300,107300,82600,5400,31800,22000,18300,4200,27900,33500,8800,22200,1300,1300,4100,6800,700
12594.0,13.75,19985500,273305470.0,13.75,13.74,13.73,13.72,13.71,13.7,13.69,13.68,13.67,13.66,13.76,13.77,13.78,13.79,13.8,13.81,13.83,13.84,13.85,13.86,33300,38600,30500,99300,107300,82600,5400,31800,22000,18300,4200,27900,33500,8800,22200,1300,1300,4100,6800,700
12595.0,13.75,19986100,273313720.0,13.75,13.74,13.73,13.72,13.71,13.7,13.69,13.68,13.67,13.66,13.76,13.77,13.78,13.79,13.8,13.81,13.83,13.84,13.85,13.86,39700,38600,30500,99300,107300,82600,5400,31800,22000,18300,4200,27900,33500,8800,22200,1300,1300,4100,6800,700
12596.0,13.75,19986100,273313720.0,13.75,13.74,13.73,13.72,13.71,13.7,13.69,13.68,13.67,13.66,13.76,13.77,13.78,13.79,13.8,13.81,13.83,13.84,13.85,13.86,41100,38600,30500,99300,107300,82600,5400,31800,22000,18300,4200,27900,33500,8800,22200,1300,1300,4100,6800,700
12597.0,13.75,19986800,273323345.0,13.75,13.74,13.73,13.72,13.71,13.7,13.69,13.68,13.67,13.66,13.76,13.77,13.78,13.79,13.8,13.81,13.83,13.84,13.85,13.86,40400,38600,30500,99300,107300,82600,5400,31800,22000,18300,4200,27900,33500,8800,22200,1300,1300,4100,6800,700
12598.0,13.75,19986800,273323345.0,13.75,13.74,13.73,13.72,13.71,13.7,13.69,13.68,13.67,13.66,13.76,13.77,13.78,13.79,13.8,13.81,13.83,13.84,13.85,13.86,41900,38600,30500,99300,107300,82600,5400,31800,22000,18300,4200,27900,33500,8800,22200,1300,1300,4100,6800,700
12599.0,13.75,19986800,273323345.0,13.75,13.74,13.73,13.72,13.71,13.7,13.69,13.68,13.67,13.66,13.76,13.77,13.78,13.79,13.8,13.81,13.83,13.84,13.85,13.86,41900,38600,30500,97300,107300,82600,5400,31800,22000,18300,4200,27900,33500,9800,22200,1300,1300,4100,6800,700
12600.0,13.75,19988000,273339850.0,13.75,13.74,13.73,13.72,13.71,13.7,13.69,13.68,13.67,13.66,13.76,13.77,13.78,13.79,13.8,13.81,13.83,13.84,13.85,13.86,41200,38600,30500,97600,107300,82600,5400,31800,22000,18300,3700,27900,33500,9800,13500,1300,1300,4100,6800,700
12601.0,13.75,19988000,273339850.0,13.75,13.74,13.73,13.72,13.71,13.7,13.69,13.68,13.67,13.66,13.76,13.77,13.78,13.79,13.8,13.81,13.83,13.84,13.85,13.86,41200,38600,30500,97600,107300,82600,5400,31800,22000,18300,8400,27900,33500,9800,13500,1300,1300,4100,6800,700
12602.0,13.75,19988000,273339850.0,13.75,13.74,13.73,13.72,13.71,13.7,13.69,13.68,13.67,13.66,13.76,13.77,13.78,13.79,13.8,13.81,13.83,13.84,13.85,13.86,41200,38600,30500,97600,107300,82600,5400,31800,22000,18300,8400,27900,3500,9800,13500,1300,1300,4100,6800,700
12603.0,13.75,19988700,273349475.0,13.75,13.74,13.73,13.72,13.71,13.7,13.69,13.68,13.67,13.66,13.76,13.77,13.78,13.79,13.8,13.81,13.83,13.84,13.85,13.86,40500,38600,30500,97600,107300,82600,5400,31800,22000,18300,8400,27900,3500,9800,13500,1300,1300,4100,6800,700
12604.0,13.76,19991100,273382485.0,13.75,13.74,13.73,13.72,13.71,13.7,13.69,13.68,13.67,13.66,13.76,13.77,13.78,13.79,13.8,13.81,13.83,13.84,13.85,13.86,39100,38600,30500,97600,107300,82600,5400,31800,22000,18300,7400,27900,3500,9800,13500,1300,1300,4100,6800,700
12605.0,13.76,19991100,273382485.0,13.75,13.74,13.73,13.72,13.71,13.7,13.69,13.68,13.67,13.66,13.76,13.77,13.78,13.79,13.8,13.81,13.83,13.84,13.85,13.86,39400,38600,30500,97600,107300,82600,5400,31800,22000,18300,7400,27900,3500,9800,13500,1300,1300,4100,6800,700
12606.0,13.75,19997500,273470485.0,13.75,13.74,13.73,13.72,13.71,13.7,13.69,13.68,13.67,13.66,13.76,13.77,13.78,13.79,13.8,13.81,13.83,13.84,13.85,13.86,33000,38600,30500,97600,107300,82600,5400,31800,22000,18300,7400,27900,3500,9800,13500,1300,1300,4100,6800,700
12607.0,13.76,19998200,273480117.0,13.75,13.74,13.73,13.72,13.71,13.7,13.69,13.68,13.67,13.66,13.76,13.77,13.78,13.79,13.8,13.81,13.83,13.84,13.85,13.86,33000,38600,30500,97600,107300,82600,2900,31800,22000,18300,6700,27900,3500,9800,13500,1300,1300,4100,6800,700
12608.0,13.76,20002700,273542037.0,13.75,13.74,13.73,13.72,13.71,13.7,13.69,13.68,13.67,13.66,13.76,13.77,13.78,13.79,13.8,13.81,13.83,13.84,13.85,13.86,33000,38600,30500,97600,107300,82600,2900,31800,22000,18300,2200,27900,3500,9800,13500,1300,1300,4100,6800,700
12609.0,13.75,20003400,273551662.0,13.75,13.74,13.73,13.72,13.71,13.7,13.69,13.68,13.67,13.66,13.76,13.77,13.78,13.79,13.8,13.81,13.83,13.84,13.85,13.86,32300,39000,30500,97600,107300,82600,2900,31800,22000,18300,2200,27900,3500,9800,13500,1300,1300,4100,6800,700
12610.0,13.75,20003400,273551662.0,13.75,13.74,13.73,13.72,13.71,13.7,13.69,13.68,13.67,13.66,13.76,13.77,13.78,13.79,13.8,13.81,13.83,13.84,13.85,13.86,32300,39000,30500,97600,107300,82600,2900,31800,22000,18300,2200,27900,3500,9800,13500,1300,1300,4100,6800,700
12611.0,13.75,20003400,273551662.0,13.75,13.74,13.73,13.72,13.71,13.7,13.69,13.68,13.67,13.66,13.76,13.77,13.78,13.79,13.8,13.81,13.83,13.84,13.85,13.86,32300,39000,30500,97600,107000,82600,2900,31800,22000,18300,2200,27900,3500,9800,13500,1300,1300,4100,6800,700
12612.0,13.75,20009800,273639662.0,13.75,13.74,13.73,13.72,13.71,13.7,13.69,13.68,13.67,13.66,13.76,13.77,13.78,13.79,13.8,13.81,13.83,13.84,13.85,13.86,25900,39800,30500,97600,107000,82600,2900,31800,22000,18300,2200,27900,3500,9800,13500,1300,1300,4100,6800,700
12613.0,13.75,20009800,273639662.0,13.75,13.74,13.73,13.72,13.71,13.7,13.69,13.68,13.67,13.66,13.76,13.77,13.78,13.79,13.8,13.81,13.83,13.84,13.85,13.86,25900,39800,30500,98300,107000,82600,2900,31800,22000,18300,2200,27900,3500,9800,13500,1300,1300,4100,6800,700
12614.0,13.75,20009800,273639662.0,13.75,13.74,13.73,13.72,13.71,13.7,13.69,13.68,13.67,13.66,13.76,13.77,13.78,13.79,13.8,13.81,13.83,13.84,13.85,13.86,25900,39800,30500,98300,106700,82600,2900,31800,22000,18300,2200,27900,3500,9800,13500,1300,1300,4100,6800,700
12615.0,13.76,20012500,273676793.0,13.75,13.74,13.73,13.72,13.71,13.7,13.69,13.68,13.67,13.66,13.76,13.77,13.78,13.79,13.8,13.81,13.83,13.84,13.85,13.86,25300,39800,30200,97900,106700,82600,2900,31800,22000,18300,1600,27900,3500,9800,13500,1300,1300,4100,6800,700
12616.0,13.76,20012700,273679545.0,13.75,13.74,13.73,13.72,13.71,13.7,13.69,13.68,13.67,13.66,13.76,13.77,13.78,13.79,13.8,13.81,13.83,13.84,13.85,13.86,25300,39800,30200,97900,106700,82400,2900,31800,22000,18300,1400,27900,3500,9800,13500,1300,1300,4100,6800,700
12617.0,13.75,20013400,273689170.0,13.75,13.74,13.73,13.72,13.71,13.7,13.69,13.68,13.67,13.66,13.76,13.77,13.78,13.79,13.8,13.81,13.83,13.84,13.85,13.86,24600,40000,30200,97900,106700,82400,2900,31800,22000,18300,1400,27900,3500,9800,13500,1300,1300,4100,6800,700
12618.0,13.75,20013400,273689170.0,13.75,13.74,13.73,13.72,13.71,13.7,13.69,13.68,13.67,13.66,13.76,13.77,13.78,13.79,13.8,13.81,13.83,13.84,13.85,13.86,24600,35000,30200,97900,106700,82400,2900,31800,22000,18300,1400,27900,3700,9800,13500,1300,1300,4100,6800,700
12619.0,13.75,20013400,273689170.0,13.75,13.74,13.73,13.72,13.71,13.7,13.69,13.68,13.67,13.66,13.76,13.77,13.78,13.79,13.8,13.81,13.83,13.84,13.85,13.86,24900,35000,30200,97900,106700,82400,2900,31800,22000,18300,1400,27900,3700,9800,13500,1300,1300,4100,6800,700
12620.0,13.75,20014100,273698795.0,13.75,13.74,13.73,13.72,13.71,13.7,13.69,13.68,13.67,13.66,13.76,13.77,13.78,13.79,13.8,13.81,13.83,13.84,13.85,13.86,24200,35000,29700,97900,106700,82400,2900,31800,22000,18300,1400,27900,3700,9800,13500,1300,1300,4100,6800,700
12621.0,13.75,20014800,273708420.0,13.75,13.74,13.73,13.72,13.71,13.7,13.69,13.68,13.67,13.66,13.76,13.77,13.78,13.79,13.8,13.81,13.83,13.84,13.85,13.86,23500,35000,29700,97900,106700,82400,2900,31800,22000,18300,1400,27900,3700,9800,13500,1300,1300,4100,6800,700
12622.0,13.75,20015500,273718045.0,13.75,13.74,13.73,13.72,13.71,13.7,13.69,13.68,13.67,13.66,13.76,13.77,13.78,13.79,13.8,13.81,13.83,13.84,13.85,13.86,22800,35000,29700,97900,106700,82400,2900,31800,22000,18300,1400,27900,3700,9800,13500,1300,1300,4100,6800,700
12623.0,13.75,20015500,273718045.0,13.75,13.74,13.73,13.72,13.71,13.7,13.69,13.68,13.67,13.66,13.76,13.77,13.78,13.79,13.8,13.81,13.83,13.84,13.85,13.86,23100,34600,29700,97900,106700,82400,2900,31800,22000,18300,1400,27900,3700,9800,13500,1300,1300,4100,6800,700
12624.0,13.75,20015500,273718045.0,13.75,13.74,13.73,13.72,13.71,13.7,13.69,13.68,13.67,13.66,13.76,13.77,13.78,13.79,13.8,13.81,13.83,13.84,13.85,13.86,23100,34600,29700,97900,106700,82400,2900,31800,22000,18300,1400,27900,3700,9800,13500,1300,1300,4100,6800,700
12625.0,13.75,20016200,273727670.0,13.75,13.74,13.73,13.72,13.71,13.7,13.69,13.68,13.67,13.66,13.76,13.77,13.78,13.79,13.8,13.81,13.83,13.84,13.85,13.86,22400,34600,29700,97900,106700,82400,2900,31800,22000,18300,1400,27900,3700,9800,13500,1300,1300,4100,6800,700
12626.0,13.76,20018100,273753800.0,13.75,13.74,13.73,13.72,13.71,13.7,13.69,13.68,13.67,13.66,13.76,13.77,13.78,13.79,13.8,13.81,13.83,13.84,13.85,13.86,21000,34600,29700,97900,106700,82400,2900,31800,22000,18300,900,27900,3700,9800,13500,1300,1300,4100,6800,700
12627.0,13.76,20018100,273753800.0,13.75,13.74,13.73,13.72,13.71,13.7,13.69,13.68,13.67,13.66,13.76,13.77,13.78,13.79,13.8,13.81,13.83,13.84,13.85,13.86,21000,34600,29700,97900,106700,82400,2900,31800,22000,18300,900,27900,3700,9800,13500,1300,1300,4100,6800,700
12628.0,13.75,20019500,273773050.0,13.75,13.74,13.73,13.72,13.71,13.7,13.69,13.68,13.67,13.66,13.76,13.77,13.78,13.79,13.8,13.81,13.83,13.84,13.85,13.86,22300,34600,29700,97900,106700,82400,2900,31800,22000,18300,900,27900,3700,9800,13500,1300,1300,4100,6800,700
12629.0,13.75,20019500,273773050.0,13.75,13.74,13.73,13.72,13.71,13.7,13.69,13.68,13.67,13.66,13.76,13.77,13.78,13.79,13.8,13.81,13.83,13.84,13.85,13.86,22300,34600,29700,97900,106700,82400,2900,31800,22000,18300,900,27900,3700,9800,13500,1300,1300,4100,6800,700
12630.0,13.76,20020300,273784051.0,13.75,13.74,13.73,13.72,13.71,13.7,13.69,13.68,13.67,13.66,13.76,13.77,13.78,13.79,13.8,13.81,13.83,13.84,13.85,13.86,21600,34600,29700,97900,106700,82400,2900,31800,22000,18300,800,27900,3700,9800,13500,1300,1300,4100,6800,700
12631.0,13.76,20020300,273784051.0,13.75,13.74,13.73,13.72,13.71,13.7,13.69,13.68,13.67,13.66,13.76,13.77,13.78,13.79,13.8,13.81,13.83,13.84,13.85,13.86,22600,34600,29700,97900,106700,82400,2900,31800,22000,18300,3600,27900,3700,9800,13500,1300,1300,4100,6800,700
12632.0,13.76,20020300,273784051.0,13.75,13.74,13.73,13.72,13.71,13.7,13.69,13.68,13.67,13.66,13.76,13.77,13.78,13.79,13.8,13.81,13.83,13.84,13.85,13.86,22600,34600,29700,97900,106700,82400,2900,31800,22000,18300,3600,27900,3700,9800,13500,1300,1300,4100,6800,700
12633.0,13.75,20021000,273793676.0,13.75,13.74,13.73,13.72,13.71,13.7,13.69,13.68,13.67,13.66,13.76,13.77,13.78,13.79,13.8,13.81,13.83,13.84,13.85,13.86,23400,34600,29800,97900,96600,82400,2900,31800,22000,18300,3600,27900,3700,9800,13500,1300,1300,4100,6800,700
12634.0,13.75,20021000,273793676.0,13.75,13.74,13.73,13.72,13.71,13.7,13.69,13.68,13.67,13.66,13.76,13.77,13.78,13.79,13.8,13.81,13.83,13.84,13.85,13.86,23400,34600,29800,97900,96600,82400,2900,31800,22000,18300,3600,27900,3700,9800,13500,1300,1300,4100,6800,700
12635.0,13.75,20021700,273803301.0,13.75,13.74,13.73,13.72,13.71,13.7,13.69,13.68,13.67,13.66,13.76,13.77,13.78,13.79,13.8,13.81,13.83,13.84,13.85,13.86,22700,34600,29800,97900,96600,82400,2900,31800,22000,18300,3600,27900,3700,9800,13500,1300,1300,4100,6800,700
12636.0,13.76,20022700,273817054.0,13.75,13.74,13.73,13.72,13.71,13.7,13.69,13.68,13.67,13.66,13.76,13.77,13.78,13.79,13.8,13.81,13.83,13.84,13.85,13.86,22000,34600,29800,97900,96600,82400,2900,31800,22000,18300,3300,27900,3700,9800,13500,1300,1300,4100,6800,700
12637.0,13.76,20027300,273880334.0,13.75,13.74,13.73,13.72,13.71,13.7,13.69,13.68,13.67,13.66,13.76,13.77,13.78,13.79,13.8,13.81,13.83,13.84,13.85,13.86,20400,34600,29800,97900,96600,82400,2900,31800,22000,18300,300,27900,3700,9800,13500,1300,1300,4100,6800,700
12638.0,13.76,20027300,273880334.0,13.75,13.74,13.73,13.72,13.71,13.7,13.69,13.68,13.67,13.66,13.76,13.77,13.78,13.79,13.8,13.81,13.83,13.84,13.85,13.86,20400,34600,29800,97900,96600,82400,2900,31800,22000,18300,300,27900,3700,9800,13500,1300,1300,4100,6800,700
12639.0,13.75,20028000,273889959.0,13.75,13.74,13.73,13.72,13.71,13.7,13.69,13.68,13.67,13.66,13.77,13.78,13.79,13.8,13.81,13.83,13.84,13.85,13.86,13.87,19700,34600,29800,97900,96600,82400,2900,31800,22000,18300,27900,3700,9800,13500,1300,1300,4100,6800,700,1100
12640.0,13.75,20028000,273889959.0,13.76,13.75,13.74,13.73,13.72,13.71,13.7,13.69,13.68,13.67,13.77,13.78,13.79,13.8,13.81,13.83,13.84,13.85,13.86,13.87,2000,20200,34600,29800,98200,96600,82400,2900,31800,22000,28400,3700,9800,13500,1300,1300,4100,6800,700,1100
12641.0,13.76,20028100,273891335.0,13.76,13.75,13.74,13.73,13.72,13.71,13.7,13.69,13.68,13.67,13.77,13.78,13.79,13.8,13.81,13.83,13.84,13.85,13.86,13.87,1900,20200,34600,29800,98200,96600,82400,2900,31800,22000,28400,3700,9800,13500,1300,1300,4100,6800,700,1100
12642.0,13.76,20028300,273894087.0,13.76,13.75,13.74,13.73,13.72,13.71,13.7,13.69,13.68,13.67,13.77,13.78,13.79,13.8,13.81,13.83,13.84,13.85,13.86,13.87,1700,20200,34600,29800,98200,96600,82400,2900,31800,22000,28400,3700,9800,13500,1300,1300,4100,6800,700,1100
12643.0,13.76,20028300,273894087.0,13.76,13.75,13.74,13.73,13.72,13.71,13.7,13.69,13.68,13.67,13.77,13.78,13.79,13.8,13.81,13.83,13.84,13.85,13.86,13.87,2200,20200,34600,29800,98200,96600,82400,2900,34300,22000,28400,3700,9800,13500,1300,1300,4100,6800,700,1100
12644.0,13.76,20028300,273894087.0,13.76,13.75,13.74,13.73,13.72,13.71,13.7,13.69,13.68,13.67,13.77,13.78,13.79,13.8,13.81,13.83,13.84,13.85,13.86,13.87,2200,20200,34600,29800,98200,96600,82400,2900,34300,22000,28400,3700,9800,13500,1300,1300,4100,6800,700,1100
12645.0,13.76,20028500,273896839.0,13.76,13.75,13.74,13.73,13.72,13.71,13.7,13.69,13.68,13.67,13.77,13.78,13.79,13.8,13.81,13.83,13.84,13.85,13.86,13.87,2000,20200,34600,29800,98200,96600,84500,2900,34300,22000,28400,3700,9800,13500,1300,1300,4100,6800,700,1100
12646.0,13.76,20028500,273896839.0,13.76,13.75,13.74,13.73,13.72,13.71,13.7,13.69,13.68,13.67,13.77,13.78,13.79,13.8,13.81,13.83,13.84,13.85,13.86,13.87,2000,20200,34600,27200,98200,96600,84500,2900,34300,22000,28400,3700,9800,13500,1300,1300,4100,6800,700,1100
12647.0,13.76,20028500,273896839.0,13.76,13.75,13.74,13.73,13.72,13.71,13.7,13.69,13.68,13.67,13.77,13.78,13.79,13.8,13.81,13.83,13.84,13.85,13.86,13.87,2000,20200,34600,27200,98200,96600,84500,2900,34300,22000,28400,3700,9800,13500,1300,1300,4100,6800,700,1100
12648.0,13.76,20029100,273905095.0,13.76,13.75,13.74,13.73,13.72,13.71,13.7,13.69,13.68,13.67,13.77,13.78,13.79,13.8,13.81,13.83,13.84,13.85,13.86,13.87,1500,20200,34600,26600,98200,96600,84500,2900,34300,22000,28400,3700,9800,13500,1300,1300,4100,6800,700,1100
12649.0,13.76,20029200,273906471.0,13.76,13.75,13.74,13.73,13.72,13.71,13.7,13.69,13.68,13.67,13.77,13.78,13.79,13.8,13.81,13.83,13.84,13.85,13.86,13.87,1900,20200,34600,26600,98200,96600,84900,2900,34300,22000,28400,3700,9800,13500,1300,1300,4100,6800,700,1100
12650.0,13.76,20029200,273906471.0,13.76,13.75,13.74,13.73,13.72,13.71,13.7,13.69,13.68,13.67,13.77,13.78,13.79,13.8,13.81,13.83,13.84,13.85,13.86,13.87,1900,20800,34600,26600,98200,96600,84900,2900,34300,22000,28400,3700,9800,13500,1300,1300,4100,6800,700,1100
12651.0,13.76,20029300,273907847.0,13.76,13.75,13.74,13.73,13.72,13.71,13.7,13.69,13.68,13.67,13.77,13.78,13.79,13.8,13.81,13.83,13.84,13.85,13.86,13.87,1800,20800,35600,26600,98200,96600,84900,2900,34300,22000,28400,3700,9800,13500,1300,1300,4100,6800,700,1100
12652.0,13.76,20029300,273907847.0,13.76,13.75,13.74,13.73,13.72,13.71,13.7,13.69,13.68,13.67,13.77,13.78,13.79,13.8,13.81,13.83,13.84,13.85,13.86,13.87,1800,20800,35600,26600,98200,96600,84900,2900,34300,22000,28400,3700,9800,13500,1300,1300,4100,6800,700,1100
12653.0,13.75,20035500,273993117.0,13.75,13.74,13.73,13.72,13.71,13.7,13.69,13.68,13.67,13.66,13.76,13.77,13.78,13.79,13.8,13.81,13.83,13.84,13.85,13.86,16600,35600,26600,97700,96600,84300,2900,34300,22000,18300,400,28400,3700,9800,13500,1300,1300,4100,6800,700
12654.0,13.75,20036200,274002742.0,13.75,13.74,13.73,13.72,13.71,13.7,13.69,13.68,13.67,13.66,13.76,13.77,13.78,13.79,13.8,13.81,13.83,13.84,13.85,13.86,17400,35600,26600,97700,96500,84800,2900,34300,22000,18300,400,28800,3700,9800,11300,1300,1300,4100,6800,700
12655.0,13.75,20036200,274002742.0,13.75,13.74,13.73,13.72,13.71,13.7,13.69,13.68,13.67,13.66,13.76,13.77,13.78,13.79,13.8,13.81,13.83,13.84,13.85,13.86,17400,35600,26600,97700,96500,84800,2900,34300,22000,18300,1900,28800,3700,9800,11300,1300,1300,4100,6800,700
12656.0,13.75,20036200,274002742.0,13.75,13.74,13.73,13.72,13.71,13.7,13.69,13.68,13.67,13.66,13.76,13.77,13.78,13.79,13.8,13.81,13.83,13.84,13.85,13.86,17400,35600,26600,97700,96500,84800,2900,34300,22000,18300,1900,28800,3700,9800,11300,1300,1300,4100,6800,700
12657.0,13.76,20037700,274023368.0,13.75,13.74,13.73,13.72,13.71,13.7,13.69,13.68,13.67,13.66,13.76,13.77,13.78,13.79,13.8,13.81,13.83,13.84,13.85,13.86,16000,35600,26600,97700,96500,84800,2900,34300,22000,18300,1800,28000,3700,9800,11300,1300,1300,4100,6800,700
12658.0,13.76,20039500,274048136.0,13.76,13.75,13.74,13.73,13.72,13.71,13.7,13.69,13.68,13.67,13.77,13.78,13.79,13.8,13.81,13.83,13.84,13.85,13.86,13.87,5200,16000,35600,26600,97700,96500,84800,2900,34300,22000,28000,3700,9800,11300,1300,1300,4100,6800,700,1100
12659.0,13.76,20040500,274061896.0,13.76,13.75,13.74,13.73,13.72,13.71,13.7,13.69,13.68,13.67,13.77,13.78,13.79,13.8,13.81,13.83,13.84,13.85,13.86,13.87,4200,16200,35600,39600,97700,96500,84800,2900,34300,22000,28000,3700,9800,11300,1300,1300,4100,6800,700,1100
12660.0,13.76,20040900,274067400.0,13.76,13.75,13.74,13.73,13.72,13.71,13.7,13.69,13.68,13.67,13.77,13.78,13.79,13.8,13.81,13.83,13.84,13.85,13.86,13.87,4200,16200,35600,39600,97700,95400,84800,2900,34300,22000,28000,3700,9800,11300,1300,1300,4100,6800,700,1100
12661.0,13.76,20040900,274067400.0,13.76,13.75,13.74,13.73,13.72,13.71,13.7,13.69,13.68,13.67,13.77,13.78,13.79,13.8,13.81,13.83,13.84,13.85,13.86,13.87,4300,17300,35600,39600,97700,95400,84800,2900,34300,22000,28000,3700,9800,11300,1300,1300,4100,6800,700,1100
12662.0,13.77,20041400,274074285.0,13.76,13.75,13.74,13.73,13.72,13.71,13.7,13.69,13.68,13.67,13.77,13.78,13.79,13.8,13.81,13.83,13.84,13.85,13.86,13.87,4300,17300,35600,39600,97700,95400,84800,2900,34300,22000,27500,3700,9800,11300,1300,1300,4100,6800,700,1100
12663.0,13.77,20046800,274148639.0,13.76,13.75,13.74,13.73,13.72,13.71,13.7,13.69,13.68,13.67,13.77,13.78,13.79,13.8,13.81,13.83,13.84,13.85,13.86,13.87,3900,17300,35600,39600,97700,95400,84800,2900,34300,22000,22500,3700,9800,11300,1300,1300,4100,6800,700,1100
12664.0,13.76,20047100,274152767.0,13.76,13.75,13.74,13.73,13.72,13.71,13.7,13.69,13.68,13.67,13.77,13.78,13.79,13.8,13.81,13.83,13.84,13.85,13.86,13.87,3600,17300,35600,39600,97800,95300,84800,2900,34300,22000,22500,3700,9800,11300,1300,1300,4100,6800,700,1100
12665.0,13.76,20047100,274152767.0,13.76,13.75,13.74,13.73,13.72,13.71,13.7,13.69,13.68,13.67,13.77,13.78,13.79,13.8,13.81,13.83,13.84,13.85,13.86,13.87,3600,17300,34600,39600,97800,95300,84800,2900,34300,22000,22500,3700,9800,11300,1300,1300,4100,6800,700,1100
12666.0,13.76,20047100,274152767.0,13.76,13.75,13.74,13.73,13.72,13.71,13.7,13.69,13.68,13.67,13.77,13.78,13.79,13.8,13.81,13.83,13.84,13.85,13.86,13.87,3600,17300,34600,39600,97800,95300,84800,2900,34300,22000,22500,3700,9800,11300,1300,1300,4100,6800,700,1100
12667.0,13.76,20047400,274156895.0,13.76,13.75,13.74,13.73,13.72,13.71,13.7,13.69,13.68,13.67,13.77,13.78,13.79,13.8,13.81,13.83,13.84,13.85,13.86,13.87,3300,17300,34600,39600,97800,95300,84800,2900,34200,22000,22500,3700,10500,11300,1300,1300,4100,6800,700,1100
12668.0,13.76,20047400,274156895.0,13.76,13.75,13.74,13.73,13.72,13.71,13.7,13.69,13.68,13.67,13.77,13.78,13.79,13.8,13.81,13.83,13.84,13.85,13.86,13.87,4700,17300,34600,30100,97800,95300,84800,2900,34200,22000,22500,3700,10500,11300,1300,1300,4100,6800,700,1100
12669.0,13.76,20049400,274184415.0,13.76,13.75,13.74,13.73,13.72,13.71,13.7,13.69,13.68,13.67,13.77,13.78,13.79,13.8,13.81,13.83,13.84,13.85,13.86,13.87,2700,17300,34600,30100,97800,95300,84800,2900,34200,22000,22500,3700,10500,11300,1300,1300,4100,6800,700,1100
12670.0,13.77,20050600,274200937.0,13.76,13.75,13.74,13.73,13.72,13.71,13.7,13.69,13.68,13.67,13.77,13.78,13.79,13.8,13.81,13.83,13.84,13.85,13.86,13.87,2500,17300,34600,30100,97800,95300,84800,2900,34200,22000,21500,3700,10500,11300,1300,1300,4100,6800,700,1100
12671.0,13.77,20052100,274221585.0,13.76,13.75,13.74,13.73,13.72,13.71,13.7,13.69,13.68,13.67,13.77,13.78,13.79,13.8,13.81,13.83,13.84,13.85,13.86,13.87,1800,17600,34600,30100,97800,95300,84800,2900,34200,22000,20700,3700,10500,11300,1300,1300,4100,6800,700,1100
12672.0,13.77,20057200,274291812.0,13.76,13.75,13.74,13.73,13.72,13.71,13.7,13.69,13.68,13.67,13.77,13.78,13.79,13.8,13.81,13.83,13.84,13.85,13.86,13.87,1800,17600,34600,30100,97800,95300,84600,2900,34200,22000,15600,3700,10500,11300,1300,1300,4100,6800,700,1100
12673.0,13.77,20058500,274309712.0,13.76,13.75,13.74,13.73,13.72,13.71,13.7,13.69,13.68,13.67,13.77,13.78,13.79,13.8,13.81,13.83,13.84,13.85,13.86,13.87,1700,17600,34600,30100,97800,95300,84600,2900,34200,22000,14400,3700,10500,11300,1300,1300,4100,6800,700,1100
12674.0,13.77,20058500,274309712.0,13.76,13.75,13.74,13.73,13.72,13.71,13.7,13.69,13.68,13.67,13.77,13.78,13.79,13.8,13.81,13.83,13.84,13.85,13.86,13.87,1700,17600,34600,30100,97800,95300,84600,2900,34200,22000,14400,3700,10500,11300,1300,1300,4100,6800,700,1100
12675.0,13.77,20060500,274337252.0,13.76,13.75,13.74,13.73,13.72,13.71,13.7,13.69,13.68,13.67,13.77,13.78,13.79,13.8,13.81,13.83,13.84,13.85,13.86,13.87,1700,18600,34600,29800,97400,95300,84600,2900,34200,22000,12400,3700,10500,11300,1300,1300,4100,6800,700,1100
12676.0,13.77,20064500,274392331.0,13.76,13.75,13.74,13.73,13.72,13.71,13.7,13.69,13.68,13.67,13.77,13.78,13.79,13.8,13.81,13.83,13.84,13.85,13.86,13.87,1600,18600,34600,29800,97400,95300,84600,2900,34200,22000,8500,3700,10500,11300,1300,1300,4100,6800,700,1100
12677.0,13.77,20064500,274392331.0,13.76,13.75,13.74,13.73,13.72,13.71,13.7,13.69,13.68,13.67,13.77,13.78,13.79,13.8,13.81,13.83,13.84,13.85,13.86,13.87,1600,18600,34600,29800,97400,95300,84600,2900,34200,22000,8500,3700,10500,11300,1300,1300,4100,6800,700,1100
12678.0,13.76,20064900,274397837.0,13.76,13.75,13.74,13.73,13.72,13.71,13.7,13.69,13.68,13.67,13.77,13.78,13.79,13.8,13.81,13.83,13.84,13.85,13.86,13.87,1700,18600,34600,29800,97400,95300,84600,2900,34200,22000,8300,3700,10500,11300,1300,1300,4100,6800,700,1100
12679.0,13.76,20064900,274397837.0,13.76,13.75,13.74,13.73,13.72,13.71,13.7,13.69,13.68,13.67,13.77,13.78,13.79,13.8,13.81,13.83,13.84,13.85,13.86,13.87,1700,21300,34100,29800,97400,94900,84600,2900,34200,22000,8300,3700,10500,11300,1300,1300,4100,6800,700,1100
12680.0,13.76,20064900,274397837.0,13.76,13.75,13.74,13.73,13.72,13.71,13.7,13.69,13.68,13.67,13.77,13.78,13.79,13.8,13.81,13.83,13.84,13.85,13.86,13.87,1700,21300,34100,29800,97400,94900,84600,2900,34200,22000,8300,3700,10500,11300,1300,1300,4100,6800,700,1100
12681.0,13.77,20066100,274414360.0,13.76,13.75,13.74,13.73,13.72,13.71,13.7,13.69,13.68,13.67,13.77,13.78,13.79,13.8,13.81,13.83,13.84,13.85,13.86,13.87,1600,21300,33400,29800,97400,94900,84600,2900,34200,22000,7200,3700,10500,11300,1300,1300,4100,6800,700,1100
12682.0,13.76,20066400,274418488.0,13.76,13.75,13.74,13.73,13.72,13.71,13.7,13.69,13.68,13.67,13.77,13.78,13.79,13.8,13.81,13.83,13.84,13.85,13.86,13.87,1300,21300,33400,29800,97400,94900,83600,2900,34200,22000,7200,3700,10500,11300,1300,1300,4100,6800,700,1100
12683.0,13.76,20066400,274418488.0,13.76,13.75,13.74,13.73,13.72,13.71,13.7,13.69,13.68,13.67,13.77,13.78,13.79,13.8,13.81,13.83,13.84,13.85,13.86,13.87,1300,20300,33400,29800,97400,94900,83600,2900,34200,22000,7200,3700,10500,11300,1300,1300,4100,6800,700,1100
12684.0,13.77,20066500,274419865.0,13.76,13.75,13.74,13.73,13.72,13.71,13.7,13.69,13.68,13.67,13.77,13.78,13.79,13.8,13.81,13.83,13.84,13.85,13.86,13.87,4600,20300,35900,29800,97400,94900,83600,2900,34200,22000,7100,3700,10500,11300,1300,1300,4100,6800,700,1100
12685.0,13.77,20067100,274428123.0,13.76,13.75,13.74,13.73,13.72,13.71,13.7,13.69,13.68,13.67,13.77,13.78,13.79,13.8,13.81,13.83,13.84,13.85,13.86,13.87,4200,20300,35900,29800,97100,94900,83600,2900,34200,22000,6900,3700,10500,11300,1300,1300,4100,6800,700,1100
12686.0,13.77,20067100,274428123.0,13.76,13.75,13.74,13.73,13.72,13.71,13.7,13.69,13.68,13.67,13.77,13.78,13.79,13.8,13.81,13.83,13.84,13.85,13.86,13.87,12000,20300,35900,29800,97100,94900,83600,2900,34200,22000,6900,3700,10500,11700,1300,1300,4100,6800,700,1100
12687.0,13.77,20067300,274430877.0,13.76,13.75,13.74,13.73,13.72,13.71,13.7,13.69,13.68,13.67,13.77,13.78,13.79,13.8,13.81,13.83,13.84,13.85,13.86,13.87,12000,20300,35900,28900,97100,94900,83600,2900,34200,22000,6700,3700,10500,11700,1300,1300,4100,6800,700,1100
12688.0,13.77,20067300,274430877.0,13.76,13.75,13.74,13.73,13.72,13.71,13.7,13.69,13.68,13.67,13.77,13.78,13.79,13.8,13.81,13.83,13.84,13.85,13.86,13.87,12000,20300,35900,28900,97100,94900,83600,2900,34200,22000,6700,3700,10500,11700,1300,1300,4100,6800,700,1100
12689.0,13.76,20068100,274441885.0,13.76,13.75,13.74,13.73,13.72,13.71,13.7,13.69,13.68,13.67,13.77,13.78,13.79,13.8,13.81,13.83,13.84,13.85,13.86,13.87,11200,20300,35900,28900,97100,94900,83600,2900,34200,22000,6700,3700,10500,11700,1300,1300,4100,6800,700,1100
12690.0,13.77,20068800,274451524.0,13.76,13.75,13.74,13.73,13.72,13.71,13.7,13.69,13.68,13.67,13.77,13.78,13.79,13.8,13.81,13.83,13.84,13.85,13.86,13.87,11200,21600,35900,28900,97100,94900,83600,2900,34200,22000,6000,3700,10500,11700,1300,1300,4100,6800,700,1100
12691.0,13.77,20068900,274452901.0,13.76,13.75,13.74,13.73,13.72,13.71,13.7,13.69,13.68,13.67,13.77,13.78,13.79,13.8,13.81,13.83,13.84,13.85,13.86,13.87,11200,21600,33400,28900,97100,94900,83000,2900,34200,21900,5900,3700,10500,11700,1300,1300,4100,6800,700,1100
12692.0,13.77,20075500,274543776.0,13.77,13.76,13.75,13.74,13.73,13.72,13.71,13.7,13.69,13.68,13.78,13.79,13.8,13.81,13.83,13.84,13.85,13.86,13.87,13.88,7800,10500,21600,33400,28900,97100,94900,83000,2900,34200,3700,10500,11700,1300,1300,4100,6800,700,1100,8600
12693.0,13.77,20077600,274572693.0,13.77,13.76,13.75,13.74,13.73,13.72,13.71,13.7,13.69,13.68,13.78,13.79,13.8,13.81,13.83,13.84,13.85,13.86,13.87,13.88,7300,10500,21600,33400,28900,96100,94900,83000,2900,34200,3700,10500,11700,1300,1300,4100,6800,700,1100,10600
12694.0,13.77,20077600,274572693.0,13.77,13.76,13.75,13.74,13.73,13.72,13.71,13.7,13.69,13.68,13.78,13.79,13.8,13.81,13.83,13.84,13.85,13.86,13.87,13.88,7300,10500,21600,33400,28900,96100,94900,83000,2900,34200,3700,10500,11700,1300,1300,4100,6800,700,1100,10600
12695.0,13.77,20078300,274582332.0,13.77,13.76,13.75,13.74,13.73,13.72,13.71,13.7,13.69,13.68,13.78,13.79,13.8,13.81,13.83,13.84,13.85,13.86,13.87,13.88,6600,10500,21600,33400,28900,96100,94900,83000,2900,34200,3700,10500,11700,1300,1300,4100,6800,700,1100,10600
12696.0,13.77,20078300,274582332.0,13.77,13.76,13.75,13.74,13.73,13.72,13.71,13.7,13.69,13.68,13.78,13.79,13.8,13.81,13.83,13.84,13.85,13.86,13.87,13.88,6600,11500,21000,33400,28900,96100,94900,83000,2900,34200,3700,10500,11700,1300,1300,4100,6800,700,1100,10600
12697.0,13.77,20078300,274582332.0,13.77,13.76,13.75,13.74,13.73,13.72,13.71,13.7,13.69,13.68,13.78,13.79,13.8,13.81,13.83,13.84,13.85,13.86,13.87,13.88,6600,11800,21000,33400,28900,96100,94900,83000,2900,34200,3700,10500,11700,1300,1300,4100,6800,700,1100,10600
12698.0,13.77,20078900,274590594.0,13.77,13.76,13.75,13.74,13.73,13.72,13.71,13.7,13.69,13.68,13.78,13.79,13.8,13.81,13.83,13.84,13.85,13.86,13.87,13.88,6000,11800,21000,33400,28900,90800,94900,83000,2900,34200,4200,10500,11700,1300,1300,4100,6800,700,1100,10600
12699.0,13.78,20079000,274591972.0,13.77,13.76,13.75,13.74,13.73,13.72,13.71,13.7,13.69,13.68,13.78,13.79,13.8,13.81,13.83,13.84,13.85,13.86,13.87,13.88,6000,11800,21000,33400,28900,90800,94900,83000,2900,34200,4100,10500,11700,1300,1300,4100,6800,700,1100,10600
12700.0,13.78,20079700,274601612.0,13.77,13.76,13.75,13.74,13.73,13.72,13.71,13.7,13.69,13.68,13.78,13.79,13.8,13.81,13.83,13.84,13.85,13.86,13.87,13.88,20000,11800,21000,33400,28900,90800,94900,83000,2900,34200,4100,10500,11700,1300,1300,4100,6800,700,1100,10600
12701.0,13.77,20080900,274618136.0,13.77,13.76,13.75,13.74,13.73,13.72,13.71,13.7,13.69,13.68,13.78,13.79,13.8,13.81,13.83,13.84,13.85,13.86,13.87,13.88,19800,11800,21000,33400,28900,90800,94900,83000,2900,34200,4100,10500,11700,1300,1300,4100,6800,700,1100,10600
12702.0,13.77,20080900,274618136.0,13.77,13.76,13.75,13.74,13.73,13.72,13.71,13.7,13.69,13.68,13.78,13.79,13.8,13.81,13.83,13.84,13.85,13.86,13.87,13.88,19800,11800,21000,33400,28900,90800,94900,83000,2900,34200,4100,10500,11700,1300,1300,4100,6800,700,1100,10600
12703.0,13.78,20082000,274633294.0,13.77,13.76,13.75,13.74,13.73,13.72,13.71,13.7,13.69,13.68,13.78,13.79,13.8,13.81,13.82,13.83,13.84,13.85,13.86,13.87,19300,11800,21300,33400,28900,90800,89100,83000,2900,34200,3000,10500,11700,1300,6000,1300,4100,6800,700,1100
12704.0,13.77,20084100,274662211.0,13.77,13.76,13.75,13.74,13.73,13.72,13.71,13.7,13.69,13.68,13.78,13.79,13.8,13.81,13.82,13.83,13.84,13.85,13.86,13.87,17200,11800,20800,33400,28900,90800,89100,83000,2900,34200,3000,10500,11400,1300,6000,1300,4100,6800,700,1100
12705.0,13.78,20087600,274710441.0,13.78,13.77,13.76,13.75,13.74,13.73,13.72,13.71,13.7,13.69,13.79,13.8,13.81,13.82,13.83,13.84,13.85,13.86,13.87,13.88,500,17200,11800,20800,33400,28900,90800,89100,83000,2900,10500,11400,1300,6000,1300,4100,6800,700,1100,10600
12706.0,13.78,20087600,274710441.0,13.78,13.77,13.76,13.75,13.74,13.73,13.72,13.71,13.7,13.69,13.79,13.8,13.81,13.82,13.83,13.84,13.85,13.86,13.87,13.88,3500,17200,10800,20800,33400,28900,90800,89100,83000,2900,10500,11400,1300,6000,1300,4100,6800,700,1100,10600
12707.0,13.78,20088700,274725599.0,13.78,13.77,13.76,13.75,13.74,13.73,13.72,13.71,13.7,13.69,13.79,13.8,13.81,13.82,13.83,13.84,13.85,13.86,13.87,13.88,2900,17200,10800,21300,33400,28900,90800,89100,83000,2900,10500,11400,1300,6000,1300,4100,6800,700,1100,10600
12708.0,13.78,20088700,274725599.0,13.78,13.77,13.76,13.75,13.74,13.73,13.72,13.71,13.7,13.69,13.79,13.8,13.81,13.82,13.83,13.84,13.85,13.86,13.87,13.88,2900,17500,10800,21300,33400,28900,90800,89100,83000,2900,10500,11400,1300,6000,1300,4100,6800,700,1100,10600
12709.0,13.78,20088700,274725599.0,13.78,13.77,13.76,13.75,13.74,13.73,13.72,13.71,13.7,13.69,13.79,13.8,13.81,13.82,13.83,13.84,13.85,13.86,13.87,13.88,4600,17500,10800,21300,33400,42200,90800,89100,83000,2900,10500,11400,1300,6000,1300,4100,6800,700,1100,10600
12710.0,13.78,20089100,274731111.0,13.78,13.77,13.76,13.75,13.74,13.73,13.72,13.71,13.7,13.69,13.79,13.8,13.81,13.82,13.83,13.84,13.85,13.86,13.87,13.88,4200,17500,10800,21300,33400,42200,90800,89100,83000,2900,10500,11400,1300,6000,1300,4100,6800,700,1100,10600
12711.0,13.78,20089100,274731111.0,13.78,13.77,13.76,13.75,13.74,13.73,13.72,13.71,13.7,13.69,13.79,13.8,13.81,13.82,13.83,13.84,13.85,13.86,13.87,13.88,4200,17500,10800,21000,33400,42200,90800,89100,83000,2900,10500,11400,1300,6000,1300,4100,6800,700,1100,10600
12712.0,13.79,20089600,274738006.0,13.78,13.77,13.76,13.75,13.74,13.73,13.72,13.71,13.7,13.69,13.79,13.8,13.81,13.82,13.83,13.84,13.85,13.86,13.87,13.88,6100,17500,10800,21000,30900,42200,90800,89100,83000,2900,10000,11400,1300,6000,1300,4100,6800,700,1100,10600
12713.0,13.78,20090200,274746274.0,13.78,13.77,13.76,13.75,13.74,13.73,13.72,13.71,13.7,13.69,13.79,13.8,13.81,13.82,13.83,13.84,13.85,13.86,13.87,13.88,5500,17500,10800,21000,30900,42200,90800,89100,83000,2900,10000,11400,1300,6000,1300,4100,6800,700,1100,10600
12714.0,13.78,20090200,274746274.0,13.78,13.77,13.76,13.75,13.74,13.73,13.72,13.71,13.7,13.69,13.79,13.8,13.81,13.82,13.83,13.84,13.85,13.86,13.87,13.88,5500,17500,10800,21000,30900,41800,90800,89100,83000,2900,10000,11400,1300,6000,1300,4100,6800,700,1100,10600
12715.0,13.78,20091800,274768322.0,13.78,13.77,13.76,13.75,13.74,13.73,13.72,13.71,13.7,13.69,13.79,13.8,13.81,13.82,13.83,13.84,13.85,13.86,13.87,13.88,5600,17500,10800,21000,30900,41800,90800,89100,83000,2900,10000,11400,1300,6000,1300,4100,6800,700,1100,10600
12716.0,13.79,20092700,274780733.0,13.78,13.77,13.76,13.75,13.74,13.73,13.72,13.71,13.7,13.69,13.79,13.8,13.81,13.82,13.83,13.84,13.85,13.86,13.87,13.88,5800,17500,10800,21000,30900,41800,90800,89100,83000,2900,9100,11400,1300,6000,1300,4100,6800,700,1100,10600
12717.0,13.79,20096700,274835883.0,13.78,13.77,13.76,13.75,13.74,13.73,13.72,13.71,13.7,13.69,13.79,13.8,13.81,13.82,13.83,13.84,13.85,13.86,13.87,13.88,5300,17300,10800,21000,30900,41800,90800,89100,83000,2900,6100,11400,1300,6000,1300,4100,6800,700,1100,10600
12718.0,13.78,20097200,274842773.0,13.78,13.77,13.76,13.75,13.74,13.73,13.72,13.71,13.7,13.69,13.79,13.8,13.81,13.82,13.83,13.84,13.85,13.86,13.87,13.88,6800,17300,10800,21000,30900,41800,90800,89100,83000,2900,9900,11000,1300,6000,1300,4100,6800,700,1100,10600
12719.0,13.78,20097200,274842773.0,13.78,13.77,13.76,13.75,13.74,13.73,13.72,13.71,13.7,13.69,13.79,13.8,13.81,13.82,13.83,13.84,13.85,13.86,13.87,13.88,7300,17300,10800,21000,30900,41800,90800,89100,83000,2900,9900,11000,1300,6000,1300,4100,6800,700,1100,10600
12720.0,13.79,20098000,274853798.0,13.78,13.77,13.76,13.75,13.74,13.73,13.72,13.71,13.7,13.69,13.79,13.8,13.81,13.82,13.83,13.84,13.85,13.86,13.87,13.88,8800,17300,10800,21000,30900,41800,90800,89100,83000,2900,9800,11000,1300,6000,1300,4100,6800,700,1100,10600
12721.0,13.79,20100200,274884129.0,13.78,13.77,13.76,13.75,13.74,13.73,13.72,13.71,13.7,13.69,13.79,13.8,13.81,13.82,13.83,13.84,13.85,13.86,13.87,13.88,8100,17300,10800,21000,30900,41800,87300,89100,83000,2900,8300,11000,1300,6000,1300,4100,6800,700,1100,10600
12722.0,13.79,20100200,274884129.0,13.78,13.77,13.76,13.75,13.74,13.73,13.72,13.71,13.7,13.69,13.79,13.8,13.81,13.82,13.83,13.84,13.85,13.86,13.87,13.88,8100,17300,10800,21000,30900,41800,87300,89100,83000,2900,8300,11000,1300,6000,1300,4100,6800,700,1100,10600
12723.0,13.78,20100900,274893775.0,13.78,13.77,13.76,13.75,13.74,13.73,13.72,13.71,13.7,13.69,13.79,13.8,13.81,13.82,13.83,13.84,13.85,13.86,13.87,13.88,7400,17300,10800,21000,30900,41800,87300,89100,83000,2900,8300,11000,1300,6000,1300,4100,6800,700,1100,10600
12724.0,13.79,20101500,274902049.0,13.78,13.77,13.76,13.75,13.74,13.73,13.72,13.71,13.7,13.69,13.79,13.8,13.81,13.82,13.83,13.84,13.85,13.86,13.87,13.88,7400,17300,10800,21000,30900,41800,87300,89100,83000,2900,7700,11000,1300,6000,1300,4100,6800,700,1100,10600
12725.0,13.79,20104300,274940661.0,13.78,13.77,13.76,13.75,13.74,13.73,13.72,13.71,13.7,13.69,13.79,13.8,13.81,13.82,13.83,13.84,13.85,13.86,13.87,13.88,7400,17300,10800,21000,30900,41800,87300,89100,83000,2900,4900,11000,1300,6000,1300,4100,6800,700,1100,10600
12726.0,13.79,20107200,274980631.0,13.78,13.77,13.76,13.75,13.74,13.73,13.72,13.71,13.7,13.69,13.79,13.8,13.81,13.82,13.83,13.84,13.85,13.86,13.87,13.88,5300,17300,10800,21000,30900,41800,87300,89100,83000,2900,4100,11000,1300,6100,1300,4100,6800,700,1100,10600
12727.0,13.79,20107900,274990279.0,13.78,13.77,13.76,13.75,13.74,13.73,13.72,13.71,13.7,13.69,13.79,13.8,13.81,13.82,13.83,13.84,13.85,13.86,13.87,13.88,4800,17300,10800,21000,30900,41800,87300,89100,83000,2900,3900,11000,1300,6100,1300,4100,6800,700,1100,10600
12728.0,13.79,20108300,274995795.0,13.78,13.77,13.76,13.75,13.74,13.73,13.72,13.71,13.7,13.69,13.79,13.8,13.81,13.82,13.83,13.84,13.85,13.86,13.87,13.88,4800,17300,10800,21000,30900,41800,87300,89100,83000,2900,3500,11000,1300,6100,1300,4100,6800,700,1100,10600
12729.0,13.78,20108700,275001307.0,13.78,13.77,13.76,13.75,13.74,13.73,13.72,13.71,13.7,13.69,13.79,13.8,13.81,13.82,13.83,13.84,13.85,13.86,13.87,13.88,4400,17300,10800,21000,30900,41800,87300,89100,83000,2900,3500,11000,1300,6100,1300,4100,6800,700,1100,10600
12730.0,13.78,20108700,275001307.0,13.78,13.77,13.76,13.75,13.74,13.73,13.72,13.71,13.7,13.69,13.79,13.8,13.81,13.82,13.83,13.84,13.85,13.86,13.87,13.88,4400,17300,10800,21000,30900,41800,86300,89100,83000,2900,3500,11000,1300,6100,1300,4100,6800,700,1100,10600
12731.0,13.78,20108700,275001307.0,13.78,13.77,13.76,13.75,13.74,13.73,13.72,13.71,13.7,13.69,13.79,13.8,13.81,13.82,13.83,13.84,13.85,13.86,13.87,13.88,4500,3400,10800,21000,30900,41800,86300,89100,83000,2900,3500,11000,1300,6100,1300,4100,6800,700,1100,10600
12732.0,13.79,20109800,275016472.0,13.78,13.77,13.76,13.75,13.74,13.73,13.72,13.71,13.7,13.69,13.79,13.8,13.81,13.82,13.83,13.84,13.85,13.86,13.87,13.88,2800,3400,10800,20800,30900,41800,86300,89100,83000,2900,2800,11000,1300,6100,1300,4100,6800,1300,1100,10600
12733.0,13.79,20109800,275016472.0,13.78,13.77,13.76,13.75,13.74,13.73,13.72,13.71,13.7,13.69,13.79,13.8,13.81,13.82,13.83,13.84,13.85,13.86,13.87,13.88,3300,3400,10800,20800,30900,41800,86300,89100,83000,2900,2800,11000,1300,6100,1300,4100,6800,1300,1100,10600
12734.0,13.79,20111100,275034396.0,13.78,13.77,13.76,13.75,13.74,13.73,13.72,13.71,13.7,13.69,13.79,13.8,13.81,13.82,13.83,13.84,13.85,13.86,13.87,13.88,3000,3400,10800,20800,30900,41800,86300,89100,83000,2900,1800,11000,1300,6100,1300,4100,6800,1300,1100,10600
12735.0,13.78,20111400,275038530.0,13.78,13.77,13.76,13.75,13.74,13.73,13.72,13.71,13.7,13.69,13.79,13.8,13.81,13.82,13.83,13.84,13.85,13.86,13.87,13.88,2700,3400,10800,20800,30900,41800,86300,89100,83000,2900,1800,11000,1300,6100,1300,4100,6800,1300,1100,10600
12736.0,13.78,20111400,275038530.0,13.78,13.77,13.76,13.75,13.74,13.73,13.72,13.71,13.7,13.69,13.79,13.8,13.81,13.82,13.83,13.84,13.85,13.86,13.87,13.88,2700,3400,10800,20800,30900,41800,86300,89100,83000,2900,1800,11000,1300,6100,1300,4100,6800,1300,1100,10600
12737.0,13.78,20111900,275045420.0,13.78,13.77,13.76,13.75,13.74,13.73,13.72,13.71,13.7,13.69,13.79,13.8,13.81,13.82,13.83,13.84,13.85,13.86,13.87,13.88,2200,3400,10800,20800,30900,41800,86300,89100,83000,2900,1800,11000,1300,6100,1300,4100,6800,1300,1100,10600
12738.0,13.78,20112100,275048176.0,13.78,13.77,13.76,13.75,13.74,13.73,13.72,13.71,13.7,13.69,13.79,13.8,13.81,13.82,13.83,13.84,13.85,13.86,13.87,13.88,2000,3400,10800,20800,30900,41800,86300,89100,83000,2900,2300,11000,1300,6100,1300,4100,8900,1300,1100,10600
12739.0,13.8,20125400,275231693.0,13.8,13.78,13.77,13.76,13.75,13.74,13.73,13.72,13.71,13.7,13.81,13.82,13.83,13.84,13.85,13.86,13.87,13.88,13.89,13.9,500,2000,3400,10800,20800,30900,41800,86300,89100,83000,1300,6100,1300,4100,8900,1300,1100,10600,10300,4000
12740.0,13.8,20125400,275231693.0,13.8,13.78,13.77,13.76,13.75,13.74,13.73,13.72,13.71,13.7,13.81,13.82,13.83,13.84,13.85,13.86,13.87,13.88,13.89,13.9,500,2000,3400,10800,20800,30900,41800,86300,89100,83000,1300,6100,1300,4100,8900,1300,1100,10600,10300,4000
12741.0,13.81,20125600,275234455.0,13.8,13.78,13.77,13.76,13.75,13.74,13.73,13.72,13.71,13.7,13.81,13.82,13.83,13.84,13.85,13.86,13.87,13.88,13.89,13.9,500,2000,3400,10800,20800,30900,41800,86300,89100,83000,1100,6100,1300,4100,8900,1300,1100,10600,10300,4000
12742.0,13.81,20125600,275234455.0,13.8,13.79,13.78,13.77,13.76,13.75,13.74,13.73,13.72,13.71,13.81,13.82,13.83,13.84,13.85,13.86,13.87,13.88,13.89,13.9,500,1100,2000,3400,10800,20800,30900,41800,86300,89100,1100,26100,1300,4100,8900,1300,1100,10600,10300,4000
12743.0,13.81,20125600,275234455.0,13.8,13.79,13.78,13.77,13.76,13.75,13.74,13.73,13.72,13.71,13.81,13.82,13.83,13.84,13.85,13.86,13.87,13.88,13.89,13.9,500,1600,2000,3400,10800,20800,30900,41800,86300,89100,1100,26100,1300,4100,8900,1300,1100,10600,10300,4000
12744.0,13.81,20125600,275234455.0,13.8,13.79,13.78,13.77,13.76,13.75,13.74,13.73,13.72,13.71,13.81,13.82,13.83,13.84,13.85,13.86,13.87,13.88,13.89,13.9,500,1600,2000,3400,10800,20800,30900,41800,86300,89100,1100,26100,1300,4100,8900,1300,1100,10600,10300,4000
12745.0,13.81,20125600,275234455.0,13.8,13.79,13.78,13.77,13.76,13.75,13.74,13.73,13.72,13.71,13.81,13.82,13.83,13.84,13.85,13.86,13.87,13.88,13.89,13.9,1300,6900,2000,3400,10800,20800,30900,41800,86300,89100,1100,26100,1300,4100,8900,1300,1100,10600,10300,4000
12746.0,13.81,20125600,275234455.0,13.8,13.79,13.78,13.77,13.76,13.75,13.74,13.73,13.72,13.71,13.81,13.82,13.83,13.84,13.85,13.86,13.87,13.88,13.89,13.9,1700,6900,2000,3400,10800,20800,30900,41800,86300,89100,1100,26100,1300,4100,8900,1300,1100,10600,10300,4000
12747.0,13.8,20126200,275242735.0,13.8,13.79,13.78,13.77,13.76,13.75,13.74,13.73,13.72,13.71,13.81,13.82,13.83,13.84,13.85,13.86,13.87,13.88,13.89,13.9,3100,6900,2000,3400,10800,20800,30900,41800,86300,89100,1100,26100,1300,4100,8900,1300,1100,10600,10300,4000
12748.0,13.8,20127100,275255155.0,13.8,13.79,13.78,13.77,13.76,13.75,13.74,13.73,13.72,13.71,13.81,13.82,13.83,13.84,13.85,13.86,13.87,13.88,13.89,13.9,2200,6900,2000,3400,10800,20800,30900,41800,86300,89100,1100,26100,1300,4100,8900,1300,1100,10600,10300,4000
12749.0,13.8,20127100,275255155.0,13.8,13.79,13.78,13.77,13.76,13.75,13.74,13.73,13.72,13.71,13.81,13.82,13.83,13.84,13.85,13.86,13.87,13.88,13.89,13.9,2200,6900,2000,3400,10800,20800,30900,41800,86300,89100,1100,26100,1300,4100,8900,1300,1100,10600,10300,4000
12750.0,13.8,20127300,275257915.0,13.8,13.79,13.78,13.77,13.76,13.75,13.74,13.73,13.72,13.71,13.81,13.82,13.83,13.84,13.85,13.86,13.87,13.88,13.89,13.9,2000,6900,2000,3400,10800,20800,30900,41800,86300,89100,1100,26100,1300,4100,9200,1300,1100,10600,10300,4000
12751.0,13.8,20127300,275257915.0,13.8,13.79,13.78,13.77,13.76,13.75,13.74,13.73,13.72,13.71,13.81,13.82,13.83,13.84,13.85,13.86,13.87,13.88,13.89,13.9,2000,6900,2000,3400,10800,20800,30900,41800,86300,89100,1100,26100,1300,4100,9200,1300,1100,10600,10300,4000
12752.0,13.8,20127300,275257915.0,13.8,13.79,13.78,13.77,13.76,13.75,13.74,13.73,13.72,13.71,13.81,13.82,13.83,13.84,13.85,13.86,13.87,13.88,13.89,13.9,2000,6900,2000,3400,10800,20800,30900,41800,86300,89100,1100,26100,1300,4100,9200,1300,1100,10600,10300,4000
12753.0,13.8,20127500,275260675.0,13.8,13.79,13.78,13.77,13.76,13.75,13.74,13.73,13.72,13.71,13.81,13.82,13.83,13.84,13.85,13.86,13.87,13.88,13.89,13.9,1800,6900,2000,3400,10800,20800,30900,41800,86300,89100,1100,26100,1300,4100,9200,1300,1100,10600,10300,4000
12754.0,13.8,20127500,275260675.0,13.8,13.79,13.78,13.77,13.76,13.75,13.74,13.73,13.72,13.71,13.81,13.82,13.83,13.84,13.85,13.86,13.87,13.88,13.89,13.9,1800,6900,2000,3400,10500,20800,30900,41800,85700,89100,1100,26100,1300,4100,9200,1300,1100,10600,10300,4000
12755.0,13.8,20127700,275263435.0,13.8,13.79,13.78,13.77,13.76,13.75,13.74,13.73,13.72,13.71,13.81,13.82,13.83,13.84,13.85,13.86,13.87,13.88,13.89,13.9,1600,6900,2000,3400,10500,20800,30900,41800,85700,89100,1100,26100,1300,4100,9200,1300,1100,10600,10300,4000
12756.0,13.8,20127700,275263435.0,13.8,13.79,13.78,13.77,13.76,13.75,13.74,13.73,13.72,13.71,13.81,13.82,13.83,13.84,13.85,13.86,13.87,13.88,13.89,13.9,2100,6900,2000,3400,10500,20800,31400,41800,85700,89100,1100,26100,1300,4100,9200,1300,1100,10600,10300,4000
12757.0,13.8,20127700,275263435.0,13.8,13.79,13.78,13.77,13.76,13.75,13.74,13.73,13.72,13.71,13.81,13.82,13.83,13.84,13.85,13.86,13.87,13.88,13.89,13.9,8700,7000,2000,3400,10500,20800,31400,41800,85700,89100,1100,26100,1300,4100,9200,1300,1100,10600,10300,4000
12758.0,13.8,20128400,275273095.0,13.8,13.79,13.78,13.77,13.76,13.75,13.74,13.73,13.72,13.71,13.81,13.82,13.83,13.84,13.85,13.86,13.87,13.88,13.89,13.9,8000,7000,2000,3400,10500,20800,31400,41800,85700,89100,1100,26100,1300,4100,9200,1300,1100,10600,10300,4000
12759.0,13.8,20129800,275292415.0,13.8,13.79,13.78,13.77,13.76,13.75,13.74,13.73,13.72,13.71,13.81,13.82,13.83,13.84,13.85,13.86,13.87,13.88,13.89,13.9,6800,7000,2000,3400,10500,20800,31400,41800,85700,89100,1100,26100,1300,4100,9200,1300,1100,10600,10300,4000
12760.0,13.8,20129800,275292415.0,13.8,13.79,13.78,13.77,13.76,13.75,13.74,13.73,13.72,13.71,13.81,13.82,13.83,13.84,13.85,13.86,13.87,13.88,13.89,13.9,6800,7300,2000,3400,10500,20800,31400,41800,85700,89100,1700,26100,1300,4100,9200,1300,1100,10600,10300,4000
12761.0,13.8,20130400,275300695.0,13.8,13.79,13.78,13.77,13.76,13.75,13.74,13.73,13.72,13.71,13.81,13.82,13.83,13.84,13.85,13.86,13.87,13.88,13.89,13.9,6200,7300,2000,3400,10500,20800,31400,41800,85700,89100,1700,26100,1300,4100,9200,1300,1100,10600,10300,4000
12762.0,13.8,20131000,275308975.0,13.8,13.79,13.78,13.77,13.76,13.75,13.74,13.73,13.72,13.71,13.81,13.82,13.83,13.84,13.85,13.86,13.87,13.88,13.89,13.9,6200,7300,2000,3400,10500,22300,31400,41800,85600,89100,1700,26100,1300,4100,9200,1300,1100,10600,10300,4000
12763.0,13.8,20131000,275308975.0,13.8,13.79,13.78,13.77,13.76,13.75,13.74,13.73,13.72,13.71,13.81,13.82,13.83,13.84,13.85,13.86,13.87,13.88,13.89,13.9,5500,7300,2000,3400,10500,22300,31400,41800,85600,89100,1700,26100,1300,4100,9200,1300,1100,10600,10300,4000
12764.0,13.8,20131500,275315875.0,13.8,13.79,13.78,13.77,13.76,13.75,13.74,13.73,13.72,13.71,13.81,13.82,13.83,13.84,13.85,13.86,13.87,13.88,13.89,13.9,5000,7300,2000,3400,10500,22300,31400,41800,85600,89100,1700,26100,1300,4100,9200,1300,1100,10600,10300,4000
12765.0,13.8,20131500,275315875.0,13.8,13.79,13.78,13.77,13.76,13.75,13.74,13.73,13.72,13.71,13.81,13.82,13.83,13.84,13.85,13.86,13.87,13.88,13.89,13.9,5800,7300,2000,3400,10500,22300,31400,41800,85600,89100,1700,26100,1300,4100,9200,1300,1100,10600,10300,4000
12766.0,13.8,20131500,275315875.0,13.8,13.79,13.78,13.77,13.76,13.75,13.74,13.73,13.72,13.71,13.81,13.82,13.83,13.84,13.85,13.86,13.87,13.88,13.89,13.9,5800,7300,2000,3400,10500,22300,31400,41800,85600,89100,1700,26100,1300,4100,9200,1300,1100,10600,10300,4000
12767.0,13.8,20132000,275322775.0,13.8,13.79,13.78,13.77,13.76,13.75,13.74,13.73,13.72,13.71,13.81,13.82,13.83,13.84,13.85,13.86,13.87,13.88,13.89,13.9,5300,7300,2000,3400,10500,22300,31400,41800,85600,89100,1700,26100,1300,4100,9200,1300,1100,10600,10300,4000
12768.0,13.8,20132000,275322775.0,13.8,13.79,13.78,13.77,13.76,13.75,13.74,13.73,13.72,13.71,13.81,13.82,13.83,13.84,13.85,13.86,13.87,13.88,13.89,13.9,5300,7700,2000,3400,10500,22300,31400,41800,85600,89100,1700,26100,1300,4100,9200,1300,1100,10600,10300,4000
12769.0,13.8,20132600,275331055.0,13.8,13.79,13.78,13.77,13.76,13.75,13.74,13.73,13.72,13.71,13.81,13.82,13.83,13.84,13.85,13.86,13.87,13.88,13.89,13.9,5300,7700,2000,3400,10500,22300,31400,41800,85600,89100,1700,26100,1300,4100,9200,1300,1100,10600,10300,4000
12770.0,13.8,20134100,275351755.0,13.8,13.79,13.78,13.77,13.76,13.75,13.74,13.73,13.72,13.71,13.81,13.82,13.83,13.84,13.85,13.86,13.87,13.88,13.89,13.9,3800,7700,2000,3400,10500,22300,31400,41800,85600,89100,1700,26100,1300,4100,9200,1300,1100,10600,10300,4000
12771.0,13.8,20134100,275351755.0,13.8,13.79,13.78,13.77,13.76,13.75,13.74,13.73,13.72,13.71,13.81,13.82,13.83,13.84,13.85,13.86,13.87,13.88,13.89,13.9,3800,7700,2000,3400,10500,22300,31400,41800,85600,89100,1700,26100,1300,4100,9200,1300,1100,10600,10300,4000
12772.0,13.8,20134400,275355895.0,13.8,13.79,13.78,13.77,13.76,13.75,13.74,13.73,13.72,13.71,13.81,13.82,13.83,13.84,13.85,13.86,13.87,13.88,13.89,13.9,3500,7700,2000,3400,10500,22300,31400,41800,85600,89100,1800,26100,1300,4100,9200,1300,1100,10600,10300,4000
12773.0,13.8,20134400,275355895.0,13.8,13.79,13.78,13.77,13.76,13.75,13.74,13.73,13.72,13.71,13.81,13.82,13.83,13.84,13.85,13.86,13.87,13.88,13.89,13.9,3500,7700,2000,3400,10500,22300,31400,41800,85600,89100,1800,26100,1300,4100,9200,1300,1100,10600,10300,4000
12774.0,13.81,20135100,275365562.0,13.8,13.79,13.78,13.77,13.76,13.75,13.74,13.73,13.72,13.71,13.81,13.82,13.83,13.84,13.85,13.86,13.87,13.88,13.89,13.9,3500,7700,2000,3400,10500,22300,31400,41800,85600,89100,1100,26100,1300,4100,9200,1300,1100,10600,10300,4000
12775.0,13.8,20135400,275369702.0,13.8,13.79,13.78,13.77,13.76,13.75,13.74,13.73,13.72,13.71,13.81,13.82,13.83,13.84,13.85,13.86,13.87,13.88,13.89,13.9,3200,7700,2000,3400,10500,22300,31500,41800,85600,89100,1100,26100,1300,4100,9200,1300,1100,10600,10300,4000
12776.0,13.8,20135700,275373842.0,13.8,13.79,13.78,13.77,13.76,13.75,13.74,13.73,13.72,13.71,13.81,13.82,13.83,13.84,13.85,13.86,13.87,13.88,13.89,13.9,2900,7700,2000,3400,10500,22300,31500,41800,85600,89100,1100,26100,1300,4100,9400,1300,1100,10600,10300,4000
12777.0,13.81,20136800,275389033.0,13.81,13.8,13.79,13.78,13.77,13.76,13.75,13.74,13.73,13.72,13.82,13.83,13.84,13.85,13.86,13.87,13.88,13.89,13.9,13.91,800,2900,7700,2000,3400,10500,22300,31500,41800,85600,26100,1300,4100,9400,1300,1100,10600,10300,4000,5400
12778.0,13.81,20136800,275389033.0,13.81,13.8,13.79,13.78,13.77,13.76,13.75,13.74,13.73,13.72,13.82,13.83,13.84,13.85,13.86,13.87,13.88,13.89,13.9,13.91,1100,2900,7700,2000,3400,10500,22300,31500,41800,85000,26100,1300,4100,9400,1300,1100,10600,10300,4000,5400
12779.0,13.81,20136800,275389033.0,13.81,13.8,13.79,13.78,13.77,13.76,13.75,13.74,13.73,13.72,13.82,13.83,13.84,13.85,13.86,13.87,13.88,13.89,13.9,13.91,1100,2900,7700,2000,3400,10500,22300,31500,41800,85000,26100,1300,4100,9400,1300,1100,10600,10300,4000,5400
12780.0,13.81,20136800,275389033.0,13.81,13.8,13.79,13.78,13.77,13.76,13.75,13.74,13.73,13.72,13.82,13.83,13.84,13.85,13.86,13.87,13.88,13.89,13.9,13.91,1100,2900,7700,2000,3400,10500,22300,31500,41800,85000,26100,1300,4100,9400,1300,1100,10600,10300,4000,5400
12781.0,13.81,20137500,275398700.0,13.81,13.8,13.79,13.78,13.77,13.76,13.75,13.74,13.73,13.72,13.82,13.83,13.84,13.85,13.86,13.87,13.88,13.89,13.9,13.91,400,2900,10200,2000,3400,10500,22300,31500,41800,85000,26100,1300,4100,9400,1300,1100,10600,10300,4000,5400
12782.0,13.81,20137500,275398700.0,13.81,13.8,13.79,13.78,13.77,13.76,13.75,13.74,13.73,13.72,13.82,13.83,13.84,13.85,13.86,13.87,13.88,13.89,13.9,13.91,400,2900,10200,2000,3400,10500,20800,31500,41800,85000,26100,1300,4100,9400,1300,1100,10600,10300,4000,5400
12783.0,13.81,20137500,275398700.0,13.81,13.8,13.79,13.78,13.77,13.76,13.75,13.74,13.73,13.72,13.82,13.83,13.84,13.85,13.86,13.87,13.88,13.89,13.9,13.91,2800,2900,10200,2000,3400,10500,20800,31500,41800,85000,26100,1300,4100,9400,1300,1100,10600,10300,4000,5400
12784.0,13.81,20137700,275401462.0,13.81,13.8,13.79,13.78,13.77,13.76,13.75,13.74,13.73,13.72,13.82,13.83,13.84,13.85,13.86,13.87,13.88,13.89,13.9,13.91,2800,2900,10200,2000,3400,10500,20800,31500,41800,85000,26100,1300,4100,9100,1300,1100,10600,10300,4000,5400
12785.0,13.82,20138000,275405608.0,13.81,13.8,13.79,13.78,13.77,13.76,13.75,13.74,13.73,13.72,13.82,13.83,13.84,13.85,13.86,13.87,13.88,13.89,13.9,13.91,2800,3900,10200,2000,3400,10500,20800,31500,41800,85000,25800,1300,4100,9100,1300,1100,10600,10300,4000,5400
12786.0,13.82,20138000,275405608.0,13.81,13.8,13.79,13.78,13.77,13.76,13.75,13.74,13.73,13.72,13.82,13.83,13.84,13.85,13.86,13.87,13.88,13.89,13.9,13.91,2800,3900,10200,2000,3400,10500,20800,31500,41800,85000,25800,1300,4100,9100,1300,1100,10600,10300,4000,5400
12787.0,13.81,20138200,275408370.0,13.81,13.8,13.79,13.78,13.77,13.76,13.75,13.74,13.73,13.72,13.82,13.83,13.84,13.85,13.86,13.87,13.88,13.89,13.9,13.91,2600,3900,10200,2000,3400,10500,20800,31500,41800,85000,25800,1300,4100,9100,1300,1100,10600,10300,4000,5400
12788.0,13.81,20138200,275408370.0,13.81,13.8,13.79,13.78,13.77,13.76,13.75,13.74,13.73,13.72,13.82,13.83,13.84,13.85,13.86,13.87,13.88,13.89,13.9,13.91,2600,3900,10200,2000,3400,10500,20800,31500,41800,85000,25800,1300,4100,9100,1300,1100,10600,10300,4000,5400
12789.0,13.82,20138800,275416660.0,13.81,13.8,13.79,13.78,13.77,13.76,13.75,13.74,13.73,13.72,13.82,13.83,13.84,13.85,13.86,13.87,13.88,13.89,13.9,13.91,2600,3900,10200,2000,3400,10500,20800,31500,41800,85000,25500,1300,4100,7000,1300,1100,10600,10300,4000,5400
12790.0,13.81,20139000,275419422.0,13.81,13.8,13.79,13.78,13.77,13.76,13.75,13.74,13.73,13.72,13.82,13.83,13.84,13.85,13.86,13.87,13.88,13.89,13.9,13.91,2400,3900,10200,2000,3400,10500,20800,31500,41800,85000,25500,1300,4100,7000,1300,1100,10600,10300,4000,5400
12791.0,13.81,20139000,275419422.0,13.81,13.8,13.79,13.78,13.77,13.76,13.75,13.74,13.73,13.72,13.82,13.83,13.84,13.85,13.86,13.87,13.88,13.89,13.9,13.91,2400,3900,10200,2000,3400,10500,20800,31500,41800,85000,25500,1300,4100,7000,1300,1100,10600,10300,4000,5400
12792.0,13.82,20139900,275431856.0,13.81,13.8,13.79,13.78,13.77,13.76,13.75,13.74,13.73,13.72,13.82,13.83,13.84,13.85,13.86,13.87,13.88,13.89,13.9,13.91,2000,3900,10200,2000,3400,10500,20800,31500,41800,85000,25200,1300,4100,7000,2300,1100,10600,10300,4000,5400
12793.0,13.81,20140100,275434618.0,13.81,13.8,13.79,13.78,13.77,13.76,13.75,13.74,13.73,13.72,13.82,13.83,13.84,13.85,13.86,13.87,13.88,13.89,13.9,13.91,1800,3900,10200,2000,3400,10500,20800,31500,41800,85000,25200,1300,4100,7000,2300,1100,10600,10300,4000,5400
12794.0,13.81,20140100,275434618.0,13.81,13.8,13.79,13.78,13.77,13.76,13.75,13.74,13.73,13.72,13.82,13.83,13.84,13.85,13.86,13.87,13.88,13.89,13.9,13.91,1800,3900,10200,2000,3100,10500,20800,31500,41800,85000,25200,1300,4100,7000,2300,1100,10600,10300,4000,5400
12795.0,13.81,20140100,275434618.0,13.81,13.8,13.79,13.78,13.77,13.76,13.75,13.74,13.73,13.72,13.82,13.83,13.84,13.85,13.86,13.87,13.88,13.89,13.9,13.91,1800,3900,10200,2000,3100,10500,20800,31500,41800,85000,25200,1300,4100,7000,2300,1100,10600,10300,4000,5400
12796.0,13.81,20140300,275437380.0,13.81,13.8,13.79,13.78,13.77,13.76,13.75,13.74,13.73,13.72,13.82,13.83,13.84,13.85,13.86,13.87,13.88,13.89,13.9,13.91,3500,3900,10200,2000,3100,10500,20800,31500,41800,85000,25300,1300,4100,7000,2300,1100,10600,10300,4000,5400
12797.0,13.82,20140400,275438762.0,13.81,13.8,13.79,13.78,13.77,13.76,13.75,13.74,13.73,13.72,13.82,13.83,13.84,13.85,13.86,13.87,13.88,13.89,13.9,13.91,3500,3900,10200,2000,3100,10500,20800,31500,41800,85000,25200,1300,4100,7000,2300,1100,10600,10300,4000,5400
12798.0,13.81,20140700,275442905.0,13.81,13.8,13.79,13.78,13.77,13.76,13.75,13.74,13.73,13.72,13.82,13.83,13.84,13.85,13.86,13.87,13.88,13.89,13.9,13.91,3200,3900,10200,2000,3100,10500,20300,31500,41800,85000,25200,1300,4100,7000,2300,1100,10600,10300,4000,5400
12799.0,13.82,20141200,275449815.0,13.81,13.8,13.79,13.78,13.77,13.76,13.75,13.74,13.73,13.72,13.82,13.83,13.84,13.85,13.86,13.87,13.88,13.89,13.9,13.91,3200,3900,10200,2000,3100,10500,20300,31500,41800,85000,24700,1300,4100,7000,2300,1100,10600,10300,4000,5400
12800.0,13.82,20141200,275449815.0,13.81,13.8,13.79,13.78,13.77,13.76,13.75,13.74,13.73,13.72,13.82,13.83,13.84,13.85,13.86,13.87,13.88,13.89,13.9,13.91,3200,8900,10200,2000,3100,10500,20300,31500,41800,85000,24700,1300,4100,7000,2300,1100,10600,10300,4000,5400
12801.0,13.81,20141500,275453958.0,13.81,13.8,13.79,13.78,13.77,13.76,13.75,13.74,13.73,13.72,13.82,13.83,13.84,13.85,13.86,13.87,13.88,13.89,13.9,13.91,2900,8900,10200,2000,3100,10500,20300,31500,41800,85000,24700,1300,4100,7000,2300,1100,10600,10300,4000,5400
12802.0,13.82,20141600,275455340.0,13.81,13.8,13.79,13.78,13.77,13.76,13.75,13.74,13.73,13.72,13.82,13.83,13.84,13.85,13.86,13.87,13.88,13.89,13.9,13.91,2900,8900,10200,2000,3100,10500,20300,31500,41800,85000,24600,1300,4100,7000,2300,1100,10600,10300,4000,5400
12803.0,13.81,20144500,275495389.0,13.8,13.79,13.78,13.77,13.76,13.75,13.74,13.73,13.72,13.71,13.81,13.82,13.83,13.84,13.85,13.86,13.87,13.88,13.89,13.9,11500,10200,2000,3100,10500,20300,31500,41800,85000,89100,800,24600,1300,4100,7000,2300,1100,10600,10300,4000
12804.0,13.81,20145600,275510573.0,13.8,13.79,13.78,13.77,13.76,13.75,13.74,13.73,13.72,13.71,13.81,13.82,13.83,13.84,13.85,13.86,13.87,13.88,13.89,13.9,10800,10200,2000,3100,10500,20300,31500,41800,85000,89100,400,24600,1300,4100,7000,2300,1100,10600,10300,4000
12805.0,13.81,20145600,275510573.0,13.8,13.79,13.78,13.77,13.76,13.75,13.74,13.73,13.72,13.71,13.81,13.82,13.83,13.84,13.85,13.86,13.87,13.88,13.89,13.9,10800,10200,2000,3100,10500,20300,31500,41800,85000,89100,400,24600,1300,4100,7000,2300,1100,10600,10300,4000
12806.0,13.81,20145600,275510573.0,13.8,13.79,13.78,13.77,13.76,13.75,13.74,13.73,13.72,13.71,13.81,13.82,13.83,13.84,13.85,13.86,13.87,13.88,13.89,13.9,10800,10200,2000,3100,10500,20300,31500,42400,85000,89100,400,24600,1300,4100,7000,2300,1100,10600,10300,4000
12807.0,13.8,20146300,275520233.0,13.8,13.79,13.78,13.77,13.76,13.75,13.74,13.73,13.72,13.71,13.81,13.82,13.83,13.84,13.85,13.86,13.87,13.88,13.89,13.9,10100,10100,2000,3100,10500,20300,31500,42400,85000,89100,400,24600,1300,4100,7000,2300,1100,10600,10300,4000
12808.0,13.8,20146300,275520233.0,13.8,13.79,13.78,13.77,13.76,13.75,13.74,13.73,13.72,13.71,13.81,13.82,13.83,13.84,13.85,13.86,13.87,13.88,13.89,13.9,10100,10100,2000,3100,10500,20300,31500,42400,85000,89100,400,24600,1300,4100,7000,2300,1100,10600,10300,4000
12809.0,13.82,20148500,275550623.0,13.81,13.8,13.79,13.78,13.77,13.76,13.75,13.74,13.73,13.72,13.82,13.83,13.84,13.85,13.86,13.87,13.88,13.89,13.9,13.91,1200,10100,10100,2000,3100,10500,20300,31500,42400,85000,23800,1300,4100,7000,2300,1100,10600,10300,4000,5400
12810.0,13.81,20148700,275553385.0,13.81,13.8,13.79,13.78,13.77,13.76,13.75,13.74,13.73,13.72,13.82,13.83,13.84,13.85,13.86,13.87,13.88,13.89,13.9,13.91,1000,10100,10100,2000,3100,10500,18800,31500,42400,85000,23800,1300,4100,7000,2300,1100,10600,10300,4000,5400
12811.0,13.82,20149300,275561677.0,13.81,13.8,13.79,13.78,13.77,13.76,13.75,13.74,13.73,13.72,13.82,13.83,13.84,13.85,13.86,13.87,13.88,13.89,13.9,13.91,1000,10100,10100,2000,3100,10500,18800,31500,42400,85000,23200,1300,4100,7000,2300,1100,10600,10300,4000,5400
12812.0,13.81,20149400,275563058.0,13.81,13.8,13.79,13.78,13.77,13.76,13.75,13.74,13.73,13.72,13.82,13.83,13.84,13.85,13.86,13.87,13.88,13.89,13.9,13.91,900,10100,10100,2000,3100,10500,18800,31500,42400,85000,23200,1300,4100,7000,2300,1100,10600,10300,4000,5400
12813.0,13.81,20149400,275563058.0,13.81,13.8,13.79,13.78,13.77,13.76,13.75,13.74,13.73,13.72,13.82,13.83,13.84,13.85,13.86,13.87,13.88,13.89,13.9,13.91,900,10100,10100,2000,3100,10500,18800,31500,42400,85000,23900,1300,4100,7000,2300,1100,10600,10300,4000,5400
12814.0,13.81,20149500,275564439.0,13.81,13.8,13.79,13.78,13.77,13.76,13.75,13.74,13.73,13.72,13.82,13.83,13.84,13.85,13.86,13.87,13.88,13.89,13.9,13.91,1500,10100,10100,2000,3100,10500,18800,31500,42400,85000,23900,1300,4100,7000,2300,1100,10600,10300,4000,5400
12815.0,13.81,20149600,275565820.0,13.81,13.8,13.79,13.78,13.77,13.76,13.75,13.74,13.73,13.72,13.82,13.83,13.84,13.85,13.86,13.87,13.88,13.89,13.9,13.91,1400,10100,10100,2000,3100,10500,18800,31500,42400,85000,23900,1300,4100,7000,2300,1100,10600,10300,4000,5400
12816.0,13.81,20149600,275565820.0,13.81,13.8,13.79,13.78,13.77,13.76,13.75,13.74,13.73,13.72,13.82,13.83,13.84,13.85,13.86,13.87,13.88,13.89,13.9,13.91,1400,10100,10100,2000,3100,10500,18800,31500,42400,85000,23900,1300,4100,7000,2300,1100,10600,10300,4000,5400
12817.0,13.81,20149700,275567201.0,13.81,13.8,13.79,13.78,13.77,13.76,13.75,13.74,13.73,13.72,13.82,13.83,13.84,13.85,13.86,13.87,13.88,13.89,13.9,13.91,1300,10100,10100,2000,3100,10500,18800,31500,42400,85000,23900,1300,4100,7000,2300,1100,10600,10300,4000,5400
12818.0,13.82,20150100,275572728.0,13.81,13.8,13.79,13.78,13.77,13.76,13.75,13.74,13.73,13.72,13.82,13.83,13.84,13.85,13.86,13.87,13.88,13.89,13.9,13.91,1200,10100,10100,2000,3100,10500,20000,31500,42400,85000,23600,1300,4100,7000,2300,1100,10600,10300,4000,5400
12819.0,13.82,20150100,275572728.0,13.81,13.8,13.79,13.78,13.77,13.76,13.75,13.74,13.73,13.72,13.82,13.83,13.84,13.85,13.86,13.87,13.88,13.89,13.9,13.91,1200,10100,10100,2000,3100,10500,20000,30600,42400,85000,23600,1300,4100,7000,2300,1100,10600,10300,4000,5400
12820.0,13.81,20150200,275574109.0,13.81,13.8,13.79,13.78,13.77,13.76,13.75,13.74,13.73,13.72,13.82,13.83,13.84,13.85,13.86,13.87,13.88,13.89,13.9,13.91,1600,10100,10100,2000,3100,10500,20000,30600,42400,85000,23600,1300,4100,7000,2300,1100,10600,10300,4000,5400
12821.0,13.81,20151200,275587919.0,13.81,13.8,13.79,13.78,13.77,13.76,13.75,13.74,13.73,13.72,13.82,13.83,13.84,13.85,13.86,13.87,13.88,13.89,13.9,13.91,600,10100,10100,2000,3100,10500,20000,30600,42400,85000,23600,1300,2300,7000,2300,1100,10600,10300,4000,5400
12822.0,13.81,20151200,275587919.0,13.81,13.8,13.79,13.78,13.77,13.76,13.75,13.74,13.73,13.72,13.82,13.83,13.84,13.85,13.86,13.87,13.88,13.89,13.9,13.91,600,10100,10100,2000,3100,10500,20000,30600,42400,85000,23600,1300,2300,7000,2300,1100,10600,10300,4000,5400
12823.0,13.82,20152700,275608649.0,13.81,13.8,13.79,13.78,13.77,13.76,13.75,13.74,13.73,13.72,13.82,13.83,13.84,13.85,13.86,13.87,13.88,13.89,13.9,13.91,600,10100,9600,2000,3100,10500,20000,30600,42400,85000,22100,1300,2300,7000,2300,1100,10600,10300,4000,5400
12824.0,13.82,20152700,275608649.0,13.81,13.8,13.79,13.78,13.77,13.76,13.75,13.74,13.73,13.72,13.82,13.83,13.84,13.85,13.86,13.87,13.88,13.89,13.9,13.91,600,10100,9600,2000,3100,10500,19400,30100,42400,85000,22100,600,2300,7000,2300,1100,10600,10300,4000,5400
12825.0,13.81,20153300,275616935.0,13.8,13.79,13.78,13.77,13.76,13.75,13.74,13.73,13.72,13.71,13.81,13.82,13.83,13.84,13.85,13.86,13.87,13.88,13.89,13.9,10100,9600,2000,3100,10500,19400,30100,42400,85000,89100,1300,22100,600,2300,7000,2300,1100,10600,10300,4000
12826.0,13.81,20155100,275641786.0,13.8,13.79,13.78,13.77,13.76,13.75,13.74,13.73,13.72,13.71,13.81,13.82,13.83,13.84,13.85,13.86,13.87,13.88,13.89,13.9,9400,9600,2000,3100,10500,19400,30100,42400,85000,89100,200,22100,600,2300,7000,2300,1100,10600,10300,4000
12827.0,13.81,20155100,275641786.0,13.8,13.79,13.78,13.77,13.76,13.75,13.74,13.73,13.72,13.71,13.81,13.82,13.83,13.84,13.85,13.86,13.87,13.88,13.89,13.9,9400,9600,2000,3100,10500,19400,29700,42400,85000,89100,200,22100,600,2300,7000,2300,1100,10600,10300,4000
12828.0,13.81,20155100,275641786.0,13.8,13.79,13.78,13.77,13.76,13.75,13.74,13.73,13.72,13.71,13.81,13.82,13.83,13.84,13.85,13.86,13.87,13.88,13.89,13.9,9700,9600,2000,3100,84300,19400,29700,42400,85000,89100,1200,22100,600,2300,7000,2300,1100,10600,10300,4000
12829.0,13.81,20155900,275652827.0,13.8,13.79,13.78,13.77,13.76,13.75,13.74,13.73,13.72,13.71,13.81,13.82,13.83,13.84,13.85,13.86,13.87,13.88,13.89,13.9,9000,9600,2000,3100,84300,19400,29700,42400,85000,89100,1100,22100,600,2300,7000,2300,1100,10600,10300,4000
12830.0,13.81,20155900,275652827.0,13.8,13.79,13.78,13.77,13.76,13.75,13.74,13.73,13.72,13.71,13.81,13.82,13.83,13.84,13.85,13.86,13.87,13.88,13.89,13.9,9000,9600,2000,3100,84300,19400,30200,42400,85000,89100,1100,22100,600,2300,7000,2300,1100,10600,10300,4000
12831.0,13.8,20156600,275662487.0,13.8,13.79,13.78,13.77,13.76,13.75,13.74,13.73,13.72,13.71,13.81,13.82,13.83,13.84,13.85,13.86,13.87,13.88,13.89,13.9,8300,9600,2000,3100,10500,19400,30200,42400,85500,89100,1100,23100,600,2300,7000,3500,1100,10600,10300,4000
12832.0,13.8,20157300,275672147.0,13.8,13.79,13.78,13.77,13.76,13.75,13.74,13.73,13.72,13.71,13.81,13.82,13.83,13.84,13.85,13.86,13.87,13.88,13.89,13.9,7600,9600,2000,3100,10500,19400,30200,42400,85500,89100,1100,23100,600,2300,7000,3500,1100,10600,10300,4000
12833.0,13.8,20157300,275672147.0,13.8,13.79,13.78,13.77,13.76,13.75,13.74,13.73,13.72,13.71,13.81,13.82,13.83,13.84,13.85,13.86,13.87,13.88,13.89,13.9,7600,9600,2000,3100,10500,19400,30200,42400,85500,89100,1100,23100,600,2300,7000,3500,1100,10600,10300,4000
12834.0,13.81,20157700,275677671.0,13.8,13.79,13.78,13.77,13.76,13.75,13.74,13.73,13.72,13.71,13.81,13.82,13.83,13.84,13.85,13.86,13.87,13.88,13.89,13.9,7600,9600,2000,3100,10500,19400,30200,42400,85500,89100,700,23100,600,2300,7000,3500,1100,10600,10300,4000
12835.0,13.82,20162200,275739840.0,13.8,13.79,13.78,13.77,13.76,13.75,13.74,13.73,13.72,13.71,13.82,13.83,13.84,13.85,13.86,13.87,13.88,13.89,13.9,13.91,6900,9600,2000,3100,10500,19400,30200,42400,85500,89100,20000,600,2300,7000,3500,1100,10600,10300,4000,5400
12836.0,13.8,20163500,275757780.0,13.8,13.79,13.78,13.77,13.76,13.75,13.74,13.73,13.72,13.71,13.82,13.83,13.84,13.85,13.86,13.87,13.88,13.89,13.9,13.91,5800,9600,2000,3100,10500,19400,30200,42400,85500,89100,20200,600,2300,7000,3500,1100,10600,10300,4000,5400
12837.0,13.8,20164000,275764680.0,13.8,13.79,13.78,13.77,13.76,13.75,13.74,13.73,13.72,13.71,13.81,13.82,13.83,13.84,13.85,13.86,13.87,13.88,13.89,13.9,5600,9600,2000,3100,10500,19400,30200,42400,85500,89100,400,20600,600,2300,7000,3500,1100,10600,10300,4000
12838.0,13.82,20165400,275784014.0,13.8,13.79,13.78,13.77,13.76,13.75,13.74,13.73,13.72,13.71,13.82,13.83,13.84,13.85,13.86,13.87,13.88,13.89,13.9,13.91,5200,9600,2000,3100,10500,19400,30200,42400,85500,89100,20100,600,2300,7000,3500,1100,10600,10300,4000,5400
12839.0,13.8,20166100,275793674.0,13.8,13.79,13.78,13.77,13.76,13.75,13.74,13.73,13.72,13.71,13.82,13.83,13.84,13.85,13.86,13.87,13.88,13.89,13.9,13.91,4500,9600,2000,3100,10500,19400,30200,42400,85500,89100,20100,600,2300,7000,3500,1100,10600,10300,4000,5400
12840.0,13.82,20168200,275822688.0,13.8,13.79,13.78,13.77,13.76,13.75,13.74,13.73,13.72,13.71,13.82,13.83,13.84,13.85,13.86,13.87,13.88,13.89,13.9,13.91,4400,9600,2000,3100,10500,19400,30200,42400,85500,89100,18800,600,2300,7000,3500,1100,10600,10300,4000,5400
12841.0,13.82,20168200,275822688.0,13.8,13.79,13.78,13.77,13.76,13.75,13.74,13.73,13.72,13.71,13.82,13.83,13.84,13.85,13.86,13.87,13.88,13.89,13.9,13.91,4700,9600,2000,3100,10500,19400,30200,42400,85500,89100,19000,600,2300,7000,3500,1100,10600,10300,4000,5400
12842.0,13.82,20168200,275822688.0,13.81,13.8,13.79,13.78,13.77,13.76,13.75,13.74,13.73,13.72,13.82,13.83,13.84,13.85,13.86,13.87,13.88,13.89,13.9,13.91,300,5000,9600,2000,3100,10500,19400,30200,42400,85500,21000,600,2300,22800,3500,1100,10600,10300,4000,5400
12843.0,13.82,20168200,275822688.0,13.81,13.8,13.79,13.78,13.77,13.76,13.75,13.74,13.73,13.72,13.82,13.83,13.84,13.85,13.86,13.87,13.88,13.89,13.9,13.91,300,5500,9600,2000,3100,10500,19100,30200,42400,85500,21000,600,2300,22800,3500,1100,10600,10300,4000,5400
12844.0,13.81,20169900,275846165.0,13.81,13.8,13.79,13.78,13.77,13.76,13.75,13.74,13.73,13.72,13.82,13.83,13.84,13.85,13.86,13.87,13.88,13.89,13.9,13.91,600,5500,9600,2000,3100,10500,19100,30200,42400,85500,21000,600,2300,22800,3500,1100,10600,10300,4000,5400
12845.0,13.81,20169900,275846165.0,13.81,13.8,13.79,13.78,13.77,13.76,13.75,13.74,13.73,13.72,13.82,13.83,13.84,13.85,13.86,13.87,13.88,13.89,13.9,13.91,600,5500,9600,2000,3100,10500,19100,30200,42400,85500,21000,600,2300,22800,3500,1100,10600,10300,4000,5400
12846.0,13.82,20170100,275848929.0,13.81,13.8,13.79,13.78,13.77,13.76,13.75,13.74,13.73,13.72,13.82,13.83,13.84,13.85,13.86,13.87,13.88,13.89,13.9,13.91,600,5500,9600,2000,3100,10500,19100,30200,42400,85500,22300,600,2300,22800,3500,1100,10600,10300,4000,5400
12847.0,13.81,20170500,275854456.0,13.81,13.8,13.79,13.78,13.77,13.76,13.75,13.74,13.73,13.72,13.82,13.83,13.84,13.85,13.86,13.87,13.88,13.89,13.9,13.91,500,5500,9600,2000,3100,10500,19100,30200,42400,85500,22000,600,2300,22800,3500,1100,10600,10300,4000,5400
12848.0,13.81,20170500,275854456.0,13.81,13.8,13.79,13.78,13.77,13.76,13.75,13.74,13.73,13.72,13.82,13.83,13.84,13.85,13.86,13.87,13.88,13.89,13.9,13.91,500,6000,9600,2000,3100,10600,19100,30200,42400,85500,22000,600,2300,22800,3500,1100,10600,10300,4000,5400
12849.0,13.82,20174500,275909736.0,13.81,13.8,13.79,13.78,13.77,13.76,13.75,13.74,13.73,13.72,13.82,13.83,13.84,13.85,13.86,13.87,13.88,13.89,13.9,13.91,500,6000,9600,2000,3100,10600,19100,30200,42400,85500,18000,600,2300,22800,3500,1100,10600,10300,4000,5400
12850.0,13.82,20174500,275909736.0,13.81,13.8,13.79,13.78,13.77,13.76,13.75,13.74,13.73,13.72,13.82,13.83,13.84,13.85,13.86,13.87,13.88,13.89,13.9,13.91,600,6000,9600,2000,3100,10600,19100,30200,42400,85500,18000,600,2300,22800,3500,1100,10600,10300,4000,5400
12851.0,13.82,20174600,275911118.0,13.81,13.8,13.79,13.78,13.77,13.76,13.75,13.74,13.73,13.72,13.82,13.83,13.84,13.85,13.86,13.87,13.88,13.89,13.9,13.91,600,6000,9600,2000,3100,10600,19100,30200,42400,85500,17900,600,2300,22800,3500,1100,10600,10300,4000,5400
12852.0,13.82,20174700,275912500.0,13.81,13.8,13.79,13.78,13.77,13.76,13.75,13.74,13.73,13.72,13.82,13.83,13.84,13.85,13.86,13.87,13.88,13.89,13.9,13.91,600,6000,9600,2000,28100,10600,19100,30200,42400,85500,17800,600,2300,22800,3500,1100,10600,10300,4000,5400
12853.0,13.82,20174700,275912500.0,13.81,13.8,13.79,13.78,13.77,13.76,13.75,13.74,13.73,13.72,13.82,13.83,13.84,13.85,13.86,13.87,13.88,13.89,13.9,13.91,600,6000,9600,2000,3100,10600,19100,30200,42400,85500,17800,600,2300,22800,3500,1100,10600,10300,4000,5400
12854.0,13.82,20174700,275912500.0,13.81,13.8,13.79,13.78,13.77,13.76,13.75,13.74,13.73,13.72,13.82,13.83,13.84,13.85,13.86,13.87,13.88,13.89,13.9,13.91,600,6000,9600,2000,3100,10600,19100,30200,42400,85500,18000,600,2300,22800,3500,1100,10600,10300,4000,5400
12855.0,13.82,20174700,275912500.0,13.81,13.8,13.79,13.78,13.77,13.76,13.75,13.74,13.73,13.72,13.82,13.83,13.84,13.85,13.86,13.87,13.88,13.89,13.9,13.91,600,6000,9600,2000,3100,10600,19100,30200,42400,85500,18000,600,2300,22800,3500,1100,10900,10300,4000,5400
12856.0,13.82,20174700,275912500.0,13.81,13.8,13.79,13.78,13.77,13.76,13.75,13.74,13.73,13.72,13.82,13.83,13.84,13.85,13.86,13.87,13.88,13.89,13.9,13.91,600,6000,9600,2000,3100,10600,19100,30200,42400,85500,20000,600,2300,22800,3500,1100,10900,10300,4000,5400
12857.0,13.82,20174700,275912500.0,13.81,13.8,13.79,13.78,13.77,13.76,13.75,13.74,13.73,13.72,13.82,13.83,13.84,13.85,13.86,13.87,13.88,13.89,13.9,13.91,600,6000,9600,2000,3100,10600,19100,30200,42400,85500,20000,600,2300,22800,3500,1100,10900,10300,4000,5400
12858.0,13.81,20174800,275913881.0,13.81,13.8,13.79,13.78,13.77,13.76,13.75,13.74,13.73,13.72,13.82,13.83,13.84,13.85,13.86,13.87,13.88,13.89,13.9,13.91,500,6000,9600,2000,3100,10600,19100,30200,42400,85500,20000,600,2300,22800,3500,1100,10900,10300,4000,5400
12859.0,13.81,20174800,275913881.0,13.81,13.8,13.79,13.78,13.77,13.76,13.75,13.74,13.73,13.72,13.82,13.83,13.84,13.85,13.86,13.87,13.88,13.89,13.9,13.91,500,6100,9600,2000,3100,10600,19100,30200,42400,85500,20000,600,2300,22800,3500,1100,10900,10300,4000,5400
12860.0,13.81,20174800,275913881.0,13.81,13.8,13.79,13.78,13.77,13.76,13.75,13.74,13.73,13.72,13.82,13.83,13.84,13.85,13.86,13.87,13.88,13.89,13.9,13.91,4000,6100,9600,2000,3100,10600,19100,30200,42400,85500,20000,600,2300,22800,3500,1100,10900,10300,4000,5400
12861.0,13.81,20174800,275913881.0,13.81,13.8,13.79,13.78,13.77,13.76,13.75,13.74,13.73,13.72,13.82,13.83,13.84,13.85,13.86,13.87,13.88,13.89,13.9,13.91,4000,6100,9600,2000,3100,10600,19100,30200,42400,85500,20000,600,2300,22800,3500,1100,10900,10300,4000,5400
12862.0,13.81,20175200,275919405.0,13.81,13.8,13.79,13.78,13.77,13.76,13.75,13.74,13.73,13.72,13.82,13.83,13.84,13.85,13.86,13.87,13.88,13.89,13.9,13.91,3600,5600,9600,2000,3100,10600,19100,30200,42400,85500,20000,600,2300,22800,3500,1100,10900,10300,4000,5400
12863.0,13.81,20175200,275919405.0,13.81,13.8,13.79,13.78,13.77,13.76,13.75,13.74,13.73,13.72,13.82,13.83,13.84,13.85,13.86,13.87,13.88,13.89,13.9,13.91,3600,5600,9600,2000,3100,10600,19100,30200,42400,85500,20000,600,2300,22800,3500,1100,10900,10300,4000,5400
12864.0,13.81,20176000,275930453.0,13.81,13.8,13.79,13.78,13.77,13.76,13.75,13.74,13.73,13.72,13.82,13.83,13.84,13.85,13.86,13.87,13.88,13.89,13.9,13.91,2800,5600,9600,2000,3100,10600,19100,30200,42400,85500,20000,600,2300,22800,3500,1100,10900,10300,4000,5400
12865.0,13.81,20176200,275933215.0,13.81,13.8,13.79,13.78,13.77,13.76,13.75,13.74,13.73,13.72,13.82,13.83,13.84,13.85,13.86,13.87,13.88,13.89,13.9,13.91,2600,5600,9600,2000,3100,10600,19100,30200,42400,85500,20000,600,2300,22800,3500,1100,10900,10300,4000,5400
12866.0,13.81,20177500,275951168.0,13.81,13.8,13.79,13.78,13.77,13.76,13.75,13.74,13.73,13.72,13.82,13.83,13.84,13.85,13.86,13.87,13.88,13.89,13.9,13.91,1300,5600,9600,2000,3100,10600,19100,30200,42400,85500,19300,600,2300,22800,3500,1100,10900,10300,4000,5400
12867.0,13.81,20177600,275952549.0,13.81,13.8,13.79,13.78,13.77,13.76,13.75,13.74,13.73,13.72,13.82,13.83,13.84,13.85,13.86,13.87,13.88,13.89,13.9,13.91,1200,5600,9600,2000,2600,10600,19100,30200,42400,85500,19300,600,2300,22800,3500,1100,10900,10300,4000,5400
12868.0,13.81,20178100,275959454.0,13.81,13.8,13.79,13.78,13.77,13.76,13.75,13.74,13.73,13.72,13.82,13.83,13.84,13.85,13.86,13.87,13.88,13.89,13.9,13.91,700,5600,9600,2000,2600,10600,19100,30200,42400,82500,19300,600,2300,22800,3500,1100,10900,10300,4000,5400
12869.0,13.82,20182200,276016115.0,13.81,13.8,13.79,13.78,13.77,13.76,13.75,13.74,13.73,13.72,13.82,13.83,13.84,13.85,13.86,13.87,13.88,13.89,13.9,13.91,600,5600,9600,2000,2600,10600,19100,30200,42400,82500,15300,600,2300,22800,3500,1100,10900,10300,4000,5400
12870.0,13.8,20184100,276042341.0,13.8,13.79,13.78,13.77,13.76,13.75,13.74,13.73,13.72,13.71,13.81,13.82,13.83,13.84,13.85,13.86,13.87,13.88,13.89,13.9,4300,9600,2000,2600,10600,19100,30200,42400,82500,89100,1400,15300,600,2300,22800,3500,1100,10900,10300,4000
12871.0,13.8,20184500,276047861.0,13.8,13.79,13.78,13.77,13.76,13.75,13.74,13.73,13.72,13.71,13.81,13.82,13.83,13.84,13.85,13.86,13.87,13.88,13.89,13.9,3900,9600,2000,2600,10600,19100,20900,42400,82500,89100,1400,16000,600,2300,22800,3500,1100,10900,10300,4000
12872.0,13.81,20186200,276071335.0,13.81,13.8,13.79,13.78,13.77,13.76,13.75,13.74,13.73,13.72,13.82,13.83,13.84,13.85,13.86,13.87,13.88,13.89,13.9,13.91,300,3600,9600,2000,2600,10600,19100,20900,42400,82500,16000,600,2300,22800,3500,1100,10900,10300,4000,5400
12873.0,13.81,20186200,276071335.0,13.81,13.8,13.79,13.78,13.77,13.76,13.75,13.74,13.73,13.72,13.82,13.83,13.84,13.85,13.86,13.87,13.88,13.89,13.9,13.91,300,3600,9600,2000,2600,10600,19100,20900,42400,82500,16000,600,2300,22800,3500,1100,10900,10300,4000,5400
12874.0,13.81,20186200,276071335.0,13.81,13.8,13.79,13.78,13.77,13.76,13.75,13.74,13.73,13.72,13.82,13.83,13.84,13.85,13.86,13.87,13.88,13.89,13.9,13.91,300,3600,9600,2000,2600,10600,19100,20900,42400,82500,16000,600,2300,22800,3500,1100,10900,10300,4000,5400
12875.0,13.82,20188400,276101739.0,13.81,13.8,13.79,13.78,13.77,13.76,13.75,13.74,13.73,13.72,13.82,13.83,13.84,13.85,13.86,13.87,13.88,13.89,13.9,13.91,300,3600,9600,2000,2600,10600,19100,20900,42400,82500,13800,600,2300,22800,3500,1100,10900,10600,4000,5400
12876.0,13.82,20188400,276101739.0,13.81,13.8,13.79,13.78,13.77,13.76,13.75,13.74,13.73,13.72,13.82,13.83,13.84,13.85,13.86,13.87,13.88,13.89,13.9,13.91,300,3600,9600,2000,2600,10600,19100,20900,42400,82500,13800,600,2300,22800,3500,1100,10900,10600,4000,5400
12877.0,13.82,20188400,276101739.0,13.81,13.8,13.79,13.78,13.77,13.76,13.75,13.74,13.73,13.72,13.82,13.83,13.84,13.85,13.86,13.87,13.88,13.89,13.9,13.91,300,4600,9600,2000,2600,10600,19100,20900,42400,82500,17500,600,2300,22800,3500,1100,10600,10600,4000,5400
12878.0,13.81,20188700,276105882.0,13.8,13.79,13.78,13.77,13.76,13.75,13.74,13.73,13.72,13.71,13.81,13.82,13.83,13.84,13.85,13.86,13.87,13.88,13.89,13.9,4600,9600,2000,2600,10600,19100,20900,42400,82500,89100,300,17500,3600,2300,22800,3500,1100,10600,10600,4000
12879.0,13.8,20188800,276107262.0,13.8,13.79,13.78,13.77,13.76,13.75,13.74,13.73,13.72,13.71,13.81,13.82,13.83,13.84,13.85,13.86,13.87,13.88,13.89,13.9,4500,9600,2000,2600,10600,19100,20900,42400,82500,89100,300,17500,3600,2300,22800,3500,1100,10600,10600,4000
12880.0,13.8,20190100,276125202.0,13.8,13.79,13.78,13.77,13.76,13.75,13.74,13.73,13.72,13.71,13.81,13.82,13.83,13.84,13.85,13.86,13.87,13.88,13.89,13.9,3200,9600,2000,2600,10600,19100,20900,42400,82500,89100,300,17500,3600,2300,22800,3500,1100,10600,10600,4000
12881.0,13.82,20200100,276263399.0,13.8,13.79,13.78,13.77,13.76,13.75,13.74,13.73,13.72,13.71,13.82,13.83,13.84,13.85,13.86,13.87,13.88,13.89,13.9,13.91,3200,9600,2000,2600,10600,19100,20900,42400,82500,89100,7800,3600,2300,22800,3500,1100,10600,10600,4000,5400
12882.0,13.8,20201200,276278579.0,13.8,13.79,13.78,13.77,13.76,13.75,13.74,13.73,13.72,13.71,13.82,13.83,13.84,13.85,13.86,13.87,13.88,13.89,13.9,13.91,2400,9600,2000,2600,10600,19100,20900,42400,82500,89100,8100,3600,2300,22800,3500,1100,10600,10600,4000,5400
12883.0,13.8,20201700,276285479.0,13.8,13.79,13.78,13.77,13.76,13.75,13.74,13.73,13.72,13.71,13.82,13.83,13.84,13.85,13.86,13.87,13.88,13.89,13.9,13.91,2700,9600,2000,2600,10600,19100,20900,42400,82500,89100,8900,3600,2300,22800,3500,1100,10600,10600,4000,5400
12884.0,13.82,20202200,276292389.0,13.8,13.79,13.78,13.77,13.76,13.75,13.74,13.73,13.72,13.71,13.82,13.83,13.84,13.85,13.86,13.87,13.88,13.89,13.9,13.91,2700,9600,2000,2600,10600,19100,20900,42400,82500,89100,8400,3600,2300,22800,3500,1100,10600,10600,4000,5400
12885.0,13.8,20202400,276295149.0,13.8,13.79,13.78,13.77,13.76,13.75,13.74,13.73,13.72,13.71,13.82,13.83,13.84,13.85,13.86,13.87,13.88,13.89,13.9,13.91,3400,9600,2000,2600,10600,19100,20900,42400,82500,89100,9300,3600,2300,22800,3500,1100,10600,10600,4000,5400
12886.0,13.8,20202700,276299289.0,13.8,13.79,13.78,13.77,13.76,13.75,13.74,13.73,13.72,13.71,13.82,13.83,13.84,13.85,13.86,13.87,13.88,13.89,13.9,13.91,3300,9600,2000,2600,10600,19100,20900,42400,82500,89100,9500,3600,2300,22800,3500,1100,10600,10600,4000,5400
12887.0,13.8,20206900,276357249.0,13.79,13.78,13.77,13.76,13.75,13.74,13.73,13.72,13.71,13.7,13.8,13.82,13.83,13.84,13.85,13.86,13.87,13.88,13.89,13.9,10200,2000,2600,10600,19100,20900,42400,82500,89100,81200,6900,10400,3600,2300,22800,3500,1100,10600,10600,4000
12888.0,13.8,20211100,276415209.0,13.79,13.78,13.77,13.76,13.75,13.74,13.73,13.72,13.71,13.7,13.8,13.82,13.83,13.84,13.85,13.86,13.87,13.88,13.89,13.9,10200,2000,2600,10600,19100,20900,42400,82500,89100,81200,2700,10400,3600,2300,22800,3500,1100,10600,10600,4000
12889.0,13.79,20214300,276459352.0,13.79,13.78,13.77,13.76,13.75,13.74,13.73,13.72,13.71,13.7,13.8,13.82,13.83,13.84,13.85,13.86,13.87,13.88,13.89,13.9,8500,2000,2600,10600,19100,20900,42400,82500,89100,81200,1200,10400,3600,2300,22800,3500,1100,10600,10600,4000
12890.0,13.79,20214300,276459352.0,13.79,13.78,13.77,13.76,13.75,13.74,13.73,13.72,13.71,13.7,13.8,13.82,13.83,13.84,13.85,13.86,13.87,13.88,13.89,13.9,8700,2000,2600,10600,19100,20900,42400,82500,89100,81200,1200,10400,3600,2300,22800,3900,1100,10600,10600,4000
12891.0,13.79,20215700,276478658.0,13.79,13.78,13.77,13.76,13.75,13.74,13.73,13.72,13.71,13.7,13.8,13.82,13.83,13.84,13.85,13.86,13.87,13.88,13.89,13.9,7300,2000,2600,10600,19100,20900,42400,82500,89100,81200,1200,10400,3600,2300,22800,3900,1100,10600,10600,4000
12892.0,13.79,20217100,276497964.0,13.79,13.78,13.77,13.76,13.75,13.74,13.73,13.72,13.71,13.7,13.8,13.82,13.83,13.84,13.85,13.86,13.87,13.88,13.89,13.9,5900,2000,2600,10600,19100,20900,42400,82500,89100,81200,1200,10400,3600,2300,22800,3900,1100,10600,10600,4000
12893.0,13.79,20217900,276508996.0,13.79,13.78,13.77,13.76,13.75,13.74,13.73,13.72,13.71,13.7,13.8,13.82,13.83,13.84,13.85,13.86,13.87,13.88,13.89,13.9,5100,2000,2600,10600,19100,20900,42400,82500,89100,81200,1200,10400,3600,2300,22800,3900,1100,10600,10600,4000
12894.0,13.8,20218600,276518656.0,13.79,13.78,13.77,13.76,13.75,13.74,13.73,13.72,13.71,13.7,13.8,13.82,13.83,13.84,13.85,13.86,13.87,13.88,13.89,13.9,5100,2000,2600,10600,19100,20900,42400,82500,89100,81200,500,12300,3600,2300,22800,3900,1100,10600,10600,4000
12895.0,13.79,20219100,276525551.0,13.79,13.78,13.77,13.76,13.75,13.74,13.73,13.72,13.71,13.7,13.8,13.82,13.83,13.84,13.85,13.86,13.87,13.88,13.89,13.9,4600,2000,2600,10600,19100,20900,42400,82500,89100,81200,500,12800,3600,2300,22800,3900,1100,10600,10600,4000
12896.0,13.8,20219700,276533830.0,13.8,13.79,13.78,13.77,13.76,13.75,13.74,13.73,13.72,13.71,13.82,13.83,13.84,13.85,13.86,13.87,13.88,13.89,13.9,13.91,9800,4800,2000,2600,10600,19100,20900,42400,82500,89100,12800,3600,2300,22800,3900,1100,8800,10600,4000,5400
12897.0,13.8,20219700,276533830.0,13.8,13.79,13.78,13.77,13.76,13.75,13.74,13.73,13.72,13.71,13.82,13.83,13.84,13.85,13.86,13.87,13.88,13.89,13.9,13.91,10500,4800,2000,2600,10600,19100,20900,42400,82500,89100,13900,3600,2300,22800,3900,1100,8800,10600,4000,5400
12898.0,13.8,20220400,276543490.0,13.8,13.79,13.78,13.77,13.76,13.75,13.74,13.73,13.72,13.71,13.82,13.83,13.84,13.85,13.86,13.87,13.88,13.89,13.9,13.91,10200,4800,2000,2600,10600,19100,20900,42400,82500,89100,14400,3600,2300,22800,3900,1100,8800,10600,4000,5400
12899.0,13.8,20221100,276553150.0,13.8,13.79,13.78,13.77,13.76,13.75,13.74,13.73,13.72,13.71,13.82,13.83,13.84,13.85,13.86,13.87,13.88,13.89,13.9,13.91,10500,4800,2000,2600,10600,19100,20900,42400,82500,89100,15400,3600,2300,22800,3900,1100,8800,10600,4000,5400
12900.0,13.8,20225500,276613870.0,13.8,13.79,13.78,13.77,13.76,13.75,13.74,13.73,13.72,13.71,13.82,13.83,13.84,13.85,13.86,13.87,13.88,13.89,13.9,13.91,6500,4800,2000,2600,10600,19100,20900,42400,82500,89100,15800,3600,2300,22800,3900,1100,8800,10600,4000,5400
12901.0,13.8,20226100,276622150.0,13.8,13.79,13.78,13.77,13.76,13.75,13.74,13.73,13.72,13.71,13.82,13.83,13.84,13.85,13.86,13.87,13.88,13.89,13.9,13.91,6200,4800,2000,2600,10600,19100,20900,42400,82500,89100,16900,3600,2300,22800,3900,1100,8800,10600,4000,5400
12902.0,13.8,20227300,276638710.0,13.8,13.79,13.78,13.77,13.76,13.75,13.74,13.73,13.72,13.71,13.82,13.83,13.84,13.85,13.86,13.87,13.88,13.89,13.9,13.91,6700,5200,2000,2600,10600,19100,20900,42400,82500,89100,17500,3600,3300,23000,3900,1100,8800,10600,4000,5400
12903.0,13.8,20229300,276666310.0,13.8,13.79,13.78,13.77,13.76,13.75,13.74,13.73,13.72,13.71,13.82,13.83,13.84,13.85,13.86,13.87,13.88,13.89,13.9,13.91,4800,5200,2000,2600,10600,19100,20900,42400,82500,89100,17500,3600,3300,23000,3900,1100,8800,10600,4000,5400
12904.0,13.8,20231700,276699430.0,13.8,13.79,13.78,13.77,13.76,13.75,13.74,13.73,13.72,13.71,13.82,13.83,13.84,13.85,13.86,13.87,13.88,13.89,13.9,13.91,3500,5200,2000,2600,10600,19100,20900,42400,82500,89100,18600,3600,3300,23000,3900,1100,8800,10600,4000,5400
12905.0,13.8,20231700,276699430.0,13.8,13.79,13.78,13.77,13.76,13.75,13.74,13.73,13.72,13.71,13.82,13.83,13.84,13.85,13.86,13.87,13.88,13.89,13.9,13.91,4000,5200,2000,2600,10600,19100,20900,42400,82500,89100,19100,3600,4300,23000,3900,1100,8800,10600,4000,5400
12906.0,13.8,20232100,276704950.0,13.8,13.79,13.78,13.77,13.76,13.75,13.74,13.73,13.72,13.71,13.82,13.83,13.84,13.85,13.86,13.87,13.88,13.89,13.9,13.91,4700,5200,2000,2600,10600,19100,20900,42400,82500,89100,20200,3600,4300,23000,3900,1100,8800,10600,4000,5400
12907.0,13.8,20232500,276710470.0,13.8,13.79,13.78,13.77,13.76,13.75,13.74,13.73,13.72,13.71,13.82,13.83,13.84,13.85,13.86,13.87,13.88,13.89,13.9,13.91,4900,5200,2000,2600,10600,19100,20900,42400,82500,89100,20700,3600,4300,23000,3900,1100,8800,10600,4000,5400
12908.0,13.8,20233300,276721520.0,13.8,13.79,13.78,13.77,13.76,13.75,13.74,13.73,13.72,13.71,13.82,13.83,13.84,13.85,13.86,13.87,13.88,13.89,13.9,13.91,4600,5200,2000,2600,10600,19100,20900,42400,82500,89100,20200,3600,4300,23000,3900,1100,8800,10600,4000,5400
12909.0,13.82,20234100,276732576.0,13.8,13.79,13.78,13.77,13.76,13.75,13.74,13.73,13.72,13.71,13.82,13.83,13.84,13.85,13.86,13.87,13.88,13.89,13.9,13.91,5300,5200,2000,2600,10600,19100,20900,42400,82500,89100,20100,3600,4300,23000,3900,1100,8800,10600,4000,5400
12910.0,13.82,20234100,276732576.0,13.8,13.79,13.78,13.77,13.76,13.75,13.74,13.73,13.72,13.71,13.82,13.83,13.84,13.85,13.86,13.87,13.88,13.89,13.9,13.91,5300,5200,2000,2600,10600,19100,20900,42400,82500,89100,20100,3600,4300,23000,3900,1100,8800,10600,4000,5400
12911.0,13.82,20234100,276732576.0,13.8,13.79,13.78,13.77,13.76,13.75,13.74,13.73,13.72,13.71,13.82,13.83,13.84,13.85,13.86,13.87,13.88,13.89,13.9,13.91,6000,5200,2000,2600,2800,19100,20900,42400,82500,87800,20800,3600,4300,23000,3900,1100,8800,10600,4000,5400
12912.0,13.8,20235500,276751896.0,13.8,13.79,13.78,13.77,13.76,13.75,13.74,13.73,13.72,13.71,13.82,13.83,13.84,13.85,13.86,13.87,13.88,13.89,13.9,13.91,4600,5700,2000,2600,2800,19100,20900,42400,82500,87800,20800,3600,4300,23000,3900,1100,8800,10600,4000,5400
12913.0,13.8,20236800,276769836.0,13.8,13.79,13.78,13.77,13.76,13.75,13.74,13.73,13.72,13.71,13.82,13.83,13.84,13.85,13.86,13.87,13.88,13.89,13.9,13.91,3800,5700,2000,2600,2800,19100,20900,42400,82500,87800,20800,3600,5400,7200,3900,1100,8800,10600,4000,5400
12914.0,13.8,20236800,276769836.0,13.8,13.79,13.78,13.77,13.76,13.75,13.74,13.73,13.72,13.71,13.82,13.83,13.84,13.85,13.86,13.87,13.88,13.89,13.9,13.91,4600,6200,2000,2600,2800,19100,20900,42400,82500,87800,21600,3600,5400,7200,3900,1100,8800,10600,4000,5400
12915.0,13.8,20237600,276780876.0,13.8,13.79,13.78,13.77,13.76,13.75,13.74,13.73,13.72,13.71,13.82,13.83,13.84,13.85,13.86,13.87,13.88,13.89,13.9,13.91,3800,6200,2000,2600,2800,19100,20900,42400,82500,87800,21600,3600,5400,7200,3900,1100,8800,10600,4000,5400
12916.0,13.82,20238500,276793314.0,13.8,13.79,13.78,13.77,13.76,13.75,13.74,13.73,13.72,13.71,13.82,13.83,13.84,13.85,13.86,13.87,13.88,13.89,13.9,13.91,4600,6200,2000,2600,2800,19100,20900,42400,82500,87800,21500,3600,5400,7200,3900,1100,8800,10600,4000,5400
12917.0,13.82,20238500,276793314.0,13.8,13.79,13.78,13.77,13.76,13.75,13.74,13.73,13.72,13.71,13.82,13.83,13.84,13.85,13.86,13.87,13.88,13.89,13.9,13.91,4600,6200,2000,2600,2800,19100,20900,42400,82500,87800,21500,3600,5400,7200,3900,1100,8800,10600,4000,5400
12918.0,13.82,20239200,276802988.0,13.8,13.79,13.78,13.77,13.76,13.75,13.74,13.73,13.72,13.71,13.82,13.83,13.84,13.85,13.86,13.87,13.88,13.89,13.9,13.91,4800,6200,2000,2600,2800,19100,20900,42400,82500,87800,20800,3600,5400,7200,3900,1100,8800,10600,4000,5400
12919.0,13.8,20241100,276829208.0,13.8,13.79,13.78,13.77,13.76,13.75,13.74,13.73,13.72,13.71,13.82,13.83,13.84,13.85,13.86,13.87,13.88,13.89,13.9,13.91,3700,6200,2400,2600,2800,19100,20900,42400,82500,87800,21500,3600,5400,7200,3900,1100,8800,10600,4000,5400
12920.0,13.8,20241400,276833348.0,13.8,13.79,13.78,13.77,13.76,13.75,13.74,13.73,13.72,13.71,13.81,13.82,13.83,13.84,13.85,13.86,13.87,13.88,13.89,13.9,3400,6200,2400,2600,2800,19100,20900,42400,82400,87800,600,21500,3600,5400,7200,3900,1100,8800,10600,4000
12921.0,13.8,20241400,276833348.0,13.8,13.79,13.78,13.77,13.76,13.75,13.74,13.73,13.72,13.71,13.81,13.82,13.83,13.84,13.85,13.86,13.87,13.88,13.89,13.9,3400,6200,2400,2600,2800,19100,20900,42400,82400,87800,600,21800,3600,5400,7200,3900,1100,8800,10600,4200
12922.0,13.8,20241400,276833348.0,13.8,13.79,13.78,13.77,13.76,13.75,13.74,13.73,13.72,13.71,13.81,13.82,13.83,13.84,13.85,13.86,13.87,13.88,13.89,13.9,3400,6200,2400,2600,2800,19100,20900,42400,82400,87800,600,21800,3600,5400,7200,3900,1100,8800,10600,4200
12923.0,13.79,20245400,276888542.0,13.79,13.78,13.77,13.76,13.75,13.74,13.73,13.72,13.71,13.7,13.81,13.82,13.83,13.84,13.85,13.86,13.87,13.88,13.89,13.9,5600,2400,2600,2800,19100,20900,42400,82400,87800,82600,600,21800,3600,5400,7200,3900,1100,8800,10600,4200
12924.0,13.79,20246500,276903711.0,13.79,13.78,13.77,13.76,13.75,13.74,13.73,13.72,13.71,13.7,13.8,13.81,13.82,13.83,13.84,13.85,13.86,13.87,13.88,13.89,4800,2400,2600,2800,19100,20900,42400,82400,87800,82600,200,900,21800,3600,5400,7200,3900,1100,8800,10600
12925.0,13.8,20246700,276906471.0,13.8,13.79,13.78,13.77,13.76,13.75,13.74,13.73,13.72,13.71,13.81,13.82,13.83,13.84,13.85,13.86,13.87,13.88,13.89,13.9,300,4800,2400,2600,2800,19100,20900,42400,82400,87800,900,21800,3600,5400,7200,3900,1100,8800,10600,4200
12926.0,13.8,20246700,276906471.0,13.8,13.79,13.78,13.77,13.76,13.75,13.74,13.73,13.72,13.71,13.81,13.82,13.83,13.84,13.85,13.86,13.87,13.88,13.89,13.9,300,4800,2400,2600,2800,19100,20900,42400,82400,87800,900,19900,3600,5400,7200,3900,1100,8800,10600,4300
12927.0,13.8,20246700,276906471.0,13.8,13.79,13.78,13.77,13.76,13.75,13.74,13.73,13.72,13.71,13.81,13.82,13.83,13.84,13.85,13.86,13.87,13.88,13.89,13.9,1000,4800,2400,2600,2800,19100,20900,42400,82400,87800,1100,19900,3600,5400,7200,3900,1100,8800,10600,4300
12928.0,13.8,20246700,276906471.0,13.8,13.79,13.78,13.77,13.76,13.75,13.74,13.73,13.72,13.71,13.81,13.82,13.83,13.84,13.85,13.86,13.87,13.88,13.89,13.9,1000,4800,2400,2600,2800,19100,20900,42400,82400,87800,1100,19900,3600,5400,7200,3900,1100,8800,10600,4300
12929.0,13.8,20247000,276910611.0,13.8,13.79,13.78,13.77,13.76,13.75,13.74,13.73,13.72,13.71,13.81,13.82,13.83,13.84,13.85,13.86,13.87,13.88,13.89,13.9,700,4800,2400,2600,2800,19100,20900,42400,82400,87800,1100,19900,3600,5400,7200,3900,1100,8800,10600,4300
12930.0,13.8,20247000,276910611.0,13.8,13.79,13.78,13.77,13.76,13.75,13.74,13.73,13.72,13.71,13.81,13.82,13.83,13.84,13.85,13.86,13.87,13.88,13.89,13.9,700,4800,2400,2600,2800,19100,20900,32100,82400,87800,1100,19900,3600,4300,7200,3900,1100,8800,10600,4300
12931.0,13.81,20247100,276911992.0,13.8,13.79,13.78,13.77,13.76,13.75,13.74,13.73,13.72,13.71,13.81,13.82,13.83,13.84,13.85,13.86,13.87,13.88,13.89,13.9,700,5400,2400,2600,2800,19100,20900,32100,82400,87800,1000,19900,3600,4300,7200,3900,1100,8800,10600,4300
12932.0,13.81,20247100,276911992.0,13.8,13.79,13.78,13.77,13.76,13.75,13.74,13.73,13.72,13.71,13.81,13.82,13.83,13.84,13.85,13.86,13.87,13.88,13.89,13.9,700,5400,2400,2600,2800,19100,20900,32100,82400,87800,1000,19900,3600,4300,7200,3900,1100,8800,10600,4300
12933.0,13.81,20247100,276911992.0,13.8,13.79,13.78,13.77,13.76,13.75,13.74,13.73,13.72,13.71,13.81,13.82,13.83,13.84,13.85,13.86,13.87,13.88,13.89,13.9,700,5400,2400,2600,2800,19100,20900,32100,82400,87800,7500,19900,3700,4300,7200,3900,1100,8800,10600,4300
12934.0,13.8,20247800,276921652.0,13.79,13.78,13.77,13.76,13.75,13.74,13.73,13.72,13.71,13.7,13.8,13.81,13.82,13.83,13.84,13.85,13.86,13.87,13.88,13.89,5400,2400,2600,2800,19100,20900,32100,82400,87800,82600,1300,7500,19900,3700,4300,7200,3900,1100,8800,10600
12935.0,13.79,20248300,276928547.0,13.79,13.78,13.77,13.76,13.75,13.74,13.73,13.72,13.71,13.7,13.8,13.81,13.82,13.83,13.84,13.85,13.86,13.87,13.88,13.89,4900,2400,2600,2800,19100,20900,32100,82400,87800,82600,1300,7500,19900,3700,4300,7200,3900,1100,8800,10600
12936.0,13.79,20248300,276928547.0,13.79,13.78,13.77,13.76,13.75,13.74,13.73,13.72,13.71,13.7,13.8,13.81,13.82,13.83,13.84,13.85,13.86,13.87,13.88,13.89,4900,2400,2600,2800,19100,20900,32100,82400,87800,82600,1300,7500,19900,3700,4300,7200,3900,1100,8800,10600
12937.0,13.79,20248300,276928547.0,13.79,13.78,13.77,13.76,13.75,13.74,13.73,13.72,13.71,13.7,13.8,13.81,13.82,13.83,13.84,13.85,13.86,13.87,13.88,13.89,4900,2400,2600,2800,19100,20900,32100,82400,87800,82600,1300,8200,19900,3700,4300,8000,3900,1100,8800,10600
12938.0,13.79,20248700,276934063.0,13.79,13.78,13.77,13.76,13.75,13.74,13.73,13.72,13.71,13.7,13.8,13.81,13.82,13.83,13.84,13.85,13.86,13.87,13.88,13.89,4500,2400,2600,2800,19100,20900,32100,82400,87800,82600,1300,8200,19900,3700,4300,8000,3900,1100,8800,10600
12939.0,13.8,20249500,276945098.0,13.79,13.78,13.77,13.76,13.75,13.74,13.73,13.72,13.71,13.7,13.8,13.81,13.82,13.83,13.84,13.85,13.86,13.87,13.88,13.89,4000,2400,2600,2800,19100,20900,32100,82400,87800,82600,1500,8200,19900,3700,4300,8000,3900,1100,8800,10600
12940.0,13.8,20249500,276945098.0,13.79,13.78,13.77,13.76,13.75,13.74,13.73,13.72,13.71,13.7,13.8,13.81,13.82,13.83,13.84,13.85,13.86,13.87,13.88,13.89,4000,2400,2600,2800,19100,20900,32100,82400,87800,82600,1500,8200,19900,3700,4300,8000,3900,1100,8800,10600
12941.0,13.8,20252300,276983725.0,13.8,13.79,13.78,13.77,13.76,13.75,13.74,13.73,13.72,13.71,13.81,13.82,13.83,13.84,13.85,13.86,13.87,13.88,13.89,13.9,900,2800,2400,2600,2800,19100,20900,32100,82400,87800,8200,19900,3700,4300,8000,3900,1100,8800,10600,4300
12942.0,13.8,20252300,276983725.0,13.8,13.79,13.78,13.77,13.76,13.75,13.74,13.73,13.72,13.71,13.81,13.82,13.83,13.84,13.85,13.86,13.87,13.88,13.89,13.9,900,2800,2400,2600,2800,19100,20900,32100,82400,87800,8200,19900,3700,4300,8000,3900,1100,8800,10600,4300
12943.0,13.8,20253200,276996145.0,13.79,13.78,13.77,13.76,13.75,13.74,13.73,13.72,13.71,13.7,13.8,13.81,13.82,13.83,13.84,13.85,13.86,13.87,13.88,13.89,12900,2400,2600,2800,19100,20900,32100,82400,87800,82600,500,8200,19900,3700,4300,8000,3900,1100,8800,10600
12944.0,13.8,20253200,276996145.0,13.79,13.78,13.77,13.76,13.75,13.74,13.73,13.72,13.71,13.7,13.8,13.81,13.82,13.83,13.84,13.85,13.86,13.87,13.88,13.89,12900,2400,2600,2800,19100,20900,32100,82400,87800,82600,1300,8200,19900,3700,4300,8000,3900,1100,8800,10600
12945.0,13.79,20255700,277030620.0,13.79,13.78,13.77,13.76,13.75,13.74,13.73,13.72,13.71,13.7,13.8,13.81,13.82,13.83,13.84,13.85,13.86,13.87,13.88,13.89,10400,2400,2600,2800,19100,20900,32100,82400,87800,82600,1300,8200,19900,3700,4300,8000,3900,1100,8800,10600
12946.0,13.79,20255900,277033379.0,13.79,13.78,13.77,13.76,13.75,13.74,13.73,13.72,13.71,13.7,13.8,13.81,13.82,13.83,13.84,13.85,13.86,13.87,13.88,13.89,10300,2400,2600,2800,19100,20900,32100,82400,87800,82600,1200,8200,19900,3700,4300,8000,3900,1100,8800,10600
12947.0,13.8,20257100,277049939.0,13.8,13.79,13.78,13.77,13.76,13.75,13.74,13.73,13.72,13.71,13.81,13.82,13.83,13.84,13.85,13.86,13.87,13.88,13.89,13.9,2400,10300,2400,2600,2800,19100,20900,32100,82400,87800,8200,19900,3700,4300,8000,4100,1100,8800,10600,4300
12948.0,13.8,20258900,277074779.0,13.8,13.79,13.78,13.77,13.76,13.75,13.74,13.73,13.72,13.71,13.81,13.82,13.83,13.84,13.85,13.86,13.87,13.88,13.89,13.9,600,10300,2400,2600,2800,19100,20900,32100,82400,87800,8200,19900,3700,4300,8000,4100,1100,8800,10600,4300
12949.0,13.81,20259600,277084446.0,13.8,13.79,13.78,13.77,13.76,13.75,13.74,13.73,13.72,13.71,13.81,13.82,13.83,13.84,13.85,13.86,13.87,13.88,13.89,13.9,600,10400,2400,2600,2800,19100,20900,32100,82400,87800,7500,19900,3700,4300,8000,4100,1100,8800,10600,4300
12950.0,13.8,20260100,277091346.0,13.8,13.79,13.78,13.77,13.76,13.75,13.74,13.73,13.72,13.71,13.81,13.82,13.83,13.84,13.85,13.86,13.87,13.88,13.89,13.9,100,10400,2500,2600,2800,19100,20900,32100,82400,87800,7500,20900,3700,4300,8000,4100,1100,8800,10600,4300
12951.0,13.8,20260200,277092726.0,13.79,13.78,13.77,13.76,13.75,13.74,13.73,13.72,13.71,13.7,13.8,13.81,13.82,13.83,13.84,13.85,13.86,13.87,13.88,13.89,10400,2500,2600,2800,19100,20900,32100,82400,87800,82600,600,7500,20900,3700,4300,8000,4100,1100,8800,10600
12952.0,13.8,20260300,277094106.0,13.79,13.78,13.77,13.76,13.75,13.74,13.73,13.72,13.71,13.7,13.8,13.81,13.82,13.83,13.84,13.85,13.86,13.87,13.88,13.89,10400,2500,2600,2800,19100,20900,32100,82400,87800,82600,1500,7500,20900,3700,4300,8000,4100,1100,8800,10600
12953.0,13.79,20261400,277109275.0,13.79,13.78,13.77,13.76,13.75,13.74,13.73,13.72,13.71,13.7,13.8,13.81,13.82,13.83,13.84,13.85,13.86,13.87,13.88,13.89,9300,3400,2600,2800,19100,20900,32100,82400,87800,82600,1500,7500,20900,3700,4300,8000,4100,1100,8800,10600
12954.0,13.8,20261500,277110655.0,13.79,13.78,13.77,13.76,13.75,13.74,13.73,13.72,13.71,13.7,13.8,13.81,13.82,13.83,13.84,13.85,13.86,13.87,13.88,13.89,9300,3400,2600,2800,19100,20900,32100,82400,87800,82600,1400,7500,20900,3700,4300,8000,4100,1100,8800,10600
12955.0,13.79,20262200,277120308.0,13.79,13.78,13.77,13.76,13.75,13.74,13.73,13.72,13.71,13.7,13.8,13.81,13.82,13.83,13.84,13.85,13.86,13.87,13.88,13.89,8600,3400,2600,2800,19100,20900,32100,82200,87800,82600,1400,7500,20900,3700,4300,8000,4100,1100,8800,10600
12956.0,13.79,20266000,277172710.0,13.79,13.78,13.77,13.76,13.75,13.74,13.73,13.72,13.71,13.7,13.8,13.81,13.82,13.83,13.84,13.85,13.86,13.87,13.88,13.89,4800,3400,2600,2800,19100,17900,32100,82200,87800,82600,1400,7500,20900,3700,4300,8000,4100,1100,8800,10600
12957.0,13.8,20266100,277174090.0,13.79,13.78,13.77,13.76,13.75,13.74,13.73,13.72,13.71,13.7,13.8,13.81,13.82,13.83,13.84,13.85,13.86,13.87,13.88,13.89,4800,3400,2600,2800,19100,17900,32100,82200,87800,82600,1300,7500,21200,3700,4300,8000,4100,1100,8800,10600
12958.0,13.8,20266100,277174090.0,13.79,13.78,13.77,13.76,13.75,13.74,13.73,13.72,13.71,13.7,13.8,13.81,13.82,13.83,13.84,13.85,13.86,13.87,13.88,13.89,4800,3400,2600,2800,19100,17900,32100,82200,87800,82600,4900,7700,21200,3700,4300,8000,4100,1100,8800,10600
12959.0,13.8,20266100,277174090.0,13.79,13.78,13.77,13.76,13.75,13.74,13.73,13.72,13.71,13.7,13.8,13.81,13.82,13.83,13.84,13.85,13.86,13.87,13.88,13.89,4800,3400,2600,2800,19100,17900,32100,82200,87800,82600,4900,7700,21200,3700,4300,8000,4100,1100,8800,10600
12960.0,13.79,20266600,277180989.0,13.79,13.78,13.77,13.76,13.75,13.74,13.73,13.72,13.71,13.7,13.8,13.81,13.82,13.83,13.84,13.85,13.86,13.87,13.88,13.89,4700,3400,2600,2800,19100,17900,32100,82200,87800,82600,4500,7700,21200,3700,4300,8000,4100,1100,8800,10600
12961.0,13.79,20267600,277194779.0,13.79,13.78,13.77,13.76,13.75,13.74,13.73,13.72,13.71,13.7,13.8,13.81,13.82,13.83,13.84,13.85,13.86,13.87,13.88,13.89,3700,3400,2600,2800,19100,17900,32100,82200,87800,80600,4500,7700,21200,3700,4300,8000,4100,1100,8800,10600
12962.0,13.79,20270900,277240286.0,13.79,13.78,13.77,13.76,13.75,13.74,13.73,13.72,13.71,13.7,13.8,13.81,13.82,13.83,13.84,13.85,13.86,13.87,13.88,13.89,400,3400,2600,2800,19100,17900,32100,82200,87800,80600,4500,7700,21200,3700,4300,8000,4100,1100,8800,10600
12963.0,13.8,20271300,277245806.0,13.79,13.78,13.77,13.76,13.75,13.74,13.73,13.72,13.71,13.7,13.8,13.81,13.82,13.83,13.84,13.85,13.86,13.87,13.88,13.89,400,3400,2600,2800,19100,17900,32100,82200,87800,80600,4100,7700,21200,3700,4300,8000,4100,1100,8800,10600
12964.0,13.79,20271700,277251322.0,13.78,13.77,13.76,13.75,13.74,13.73,13.72,13.71,13.7,13.69,13.79,13.8,13.81,13.82,13.83,13.84,13.85,13.86,13.87,13.88,3400,2600,2800,19100,17900,32100,82200,87800,80600,2900,200,4100,7700,21200,3700,4300,8000,4100,1100,8800
12965.0,13.79,20271900,277254080.0,13.79,13.78,13.77,13.76,13.75,13.74,13.73,13.72,13.71,13.7,13.8,13.81,13.82,13.83,13.84,13.85,13.86,13.87,13.88,13.89,800,3400,2600,2800,19100,17900,32100,82200,87800,80600,4100,7700,21200,3700,4300,8000,4100,1100,8800,10600
12966.0,13.79,20272400,277260979.0,13.79,13.78,13.77,13.76,13.75,13.74,13.73,13.72,13.71,13.7,13.8,13.81,13.82,13.83,13.84,13.85,13.86,13.87,13.88,13.89,700,3400,2600,2800,19100,17900,32100,82200,87800,80600,3700,7700,21200,3700,4300,8000,4100,1100,8800,10600
12967.0,13.79,20272500,277262358.0,13.79,13.78,13.77,13.76,13.75,13.74,13.73,13.72,13.71,13.7,13.8,13.81,13.82,13.83,13.84,13.85,13.86,13.87,13.88,13.89,600,3400,2600,2800,19100,17900,32100,82200,87800,80600,3700,7700,21200,3700,4300,8000,4100,1100,8800,10600
12968.0,13.79,20272500,277262358.0,13.79,13.78,13.77,13.76,13.75,13.74,13.73,13.72,13.71,13.7,13.8,13.81,13.82,13.83,13.84,13.85,13.86,13.87,13.88,13.89,600,3400,2600,2800,19100,17900,32100,82200,87800,80600,3700,7700,21200,3700,4300,8000,4100,1100,8800,10600
12969.0,13.8,20272800,277266498.0,13.79,13.78,13.77,13.76,13.75,13.74,13.73,13.72,13.71,13.7,13.8,13.81,13.82,13.83,13.84,13.85,13.86,13.87,13.88,13.89,5200,3400,2600,2800,19100,17900,32100,82200,87800,80600,3400,7700,21200,3700,4300,8300,4100,1100,8800,10600
12970.0,13.8,20273100,277270638.0,13.79,13.78,13.77,13.76,13.75,13.74,13.73,13.72,13.71,13.7,13.8,13.81,13.82,13.83,13.84,13.85,13.86,13.87,13.88,13.89,5200,3400,2600,2800,19100,17900,32100,82200,87800,80600,3100,7700,21200,3700,4300,8300,4100,1100,8800,10600
12971.0,13.8,20273100,277270638.0,13.79,13.78,13.77,13.76,13.75,13.74,13.73,13.72,13.71,13.7,13.8,13.81,13.82,13.83,13.84,13.85,13.86,13.87,13.88,13.89,5200,3400,2600,2800,19100,17900,32100,82200,87800,80600,3200,7700,21200,3700,4300,8300,4100,1100,8800,10600
12972.0,13.8,20273100,277270638.0,13.79,13.78,13.77,13.76,13.75,13.74,13.73,13.72,13.71,13.7,13.8,13.81,13.82,13.83,13.84,13.85,13.86,13.87,13.88,13.89,5200,3400,2600,2800,19100,17900,32100,82200,87800,80600,3200,7700,21200,3700,4300,8300,4100,1100,8800,10600
12973.0,13.8,20273200,277272018.0,13.79,13.78,13.77,13.76,13.75,13.74,13.73,13.72,13.71,13.7,13.8,13.81,13.82,13.83,13.84,13.85,13.86,13.87,13.88,13.89,5200,3400,2600,2800,19100,17900,32100,82200,87700,80600,3100,7700,21200,3700,4300,8300,4100,1100,8800,10600
12974.0,13.79,20273800,277280292.0,13.79,13.78,13.77,13.76,13.75,13.74,13.73,13.72,13.71,13.7,13.8,13.81,13.82,13.83,13.84,13.85,13.86,13.87,13.88,13.89,4600,3400,2600,2800,19100,17900,32100,82200,87700,80600,3100,7700,21100,3700,4300,8300,4100,1100,8800,10600
12975.0,13.8,20274100,277284432.0,13.79,13.78,13.77,13.76,13.75,13.74,13.73,13.72,13.71,13.7,13.8,13.81,13.82,13.83,13.84,13.85,13.86,13.87,13.88,13.89,4600,3400,2600,2800,19100,17900,32100,82200,87700,80600,2800,7700,21100,3700,4300,9700,4100,1100,8800,10600
12976.0,13.79,20274500,277289948.0,13.79,13.78,13.77,13.76,13.75,13.74,13.73,13.72,13.71,13.7,13.8,13.81,13.82,13.83,13.84,13.85,13.86,13.87,13.88,13.89,4200,3400,2600,2800,19100,17900,32100,82200,87700,80600,2800,7700,21100,3700,4300,9700,4100,1100,8800,10600
12977.0,13.79,20274700,277292706.0,13.79,13.78,13.77,13.76,13.75,13.74,13.73,13.72,13.71,13.7,13.8,13.81,13.82,13.83,13.84,13.85,13.86,13.87,13.88,13.89,5000,3400,2600,2800,19100,17900,32100,82200,72900,80600,11500,7700,21100,3700,4300,9700,4100,1100,8800,10600
12978.0,13.8,20276400,277316156.0,13.79,13.78,13.77,13.76,13.75,13.74,13.73,13.72,13.71,13.7,13.8,13.81,13.82,13.83,13.84,13.85,13.86,13.87,13.88,13.89,4000,3400,2600,2800,19100,17900,32100,82200,72900,80600,10800,7700,20600,3700,4300,9700,4100,1100,4700,10600
12979.0,13.8,20276400,277316156.0,13.79,13.78,13.77,13.76,13.75,13.74,13.73,13.72,13.71,13.7,13.8,13.81,13.82,13.83,13.84,13.85,13.86,13.87,13.88,13.89,4000,3400,2600,2800,19100,17900,32100,82200,72900,80600,10800,7700,20600,3700,4300,9700,4100,1100,4700,10600
12980.0,13.8,20276400,277316156.0,13.79,13.78,13.77,13.76,13.75,13.74,13.73,13.72,13.71,13.7,13.8,13.81,13.82,13.83,13.84,13.85,13.86,13.87,13.88,13.89,4000,3400,2600,2800,19100,17900,32100,82200,72900,80600,10800,7700,20600,3700,4300,9700,4100,1100,4700,10600
12981.0,13.8,20277100,277325816.0,13.79,13.78,13.77,13.76,13.75,13.74,13.73,13.72,13.71,13.7,13.8,13.81,13.82,13.83,13.84,13.85,13.86,13.87,13.88,13.89,4000,3700,2600,2800,19100,17900,32100,82200,72900,80600,11100,7700,20600,3700,4300,9700,4100,1100,4700,10600
12982.0,13.8,20277100,277325816.0,13.79,13.78,13.77,13.76,13.75,13.74,13.73,13.72,13.71,13.7,13.8,13.81,13.82,13.83,13.84,13.85,13.86,13.87,13.88,13.89,4100,3700,2600,2800,19100,17900,32100,82200,72900,80600,11100,7700,20600,3700,4300,9700,4100,1100,4700,10600
12983.0,13.79,20279800,277363049.0,13.79,13.78,13.77,13.76,13.75,13.74,13.73,13.72,13.71,13.7,13.8,13.81,13.82,13.83,13.84,13.85,13.86,13.87,13.88,13.89,1400,3700,2600,2800,19100,17900,32100,82200,72900,80600,11100,7700,20600,3700,4300,9700,4100,1100,4700,10600
12984.0,13.8,20280500,277372709.0,13.79,13.78,13.77,13.76,13.75,13.74,13.73,13.72,13.71,13.7,13.8,13.81,13.82,13.83,13.84,13.85,13.86,13.87,13.88,13.89,1400,3700,2600,2800,19100,17900,32100,82200,72900,80600,10400,7700,20600,3700,4300,9700,4100,1100,4700,10600
12985.0,13.8,20280500,277372709.0,13.79,13.78,13.77,13.76,13.75,13.74,13.73,13.72,13.71,13.7,13.8,13.81,13.82,13.83,13.84,13.85,13.86,13.87,13.88,13.89,1400,3700,2600,2800,19100,17900,32100,82200,72900,80600,10400,7700,20600,3700,4300,9700,4100,1100,4700,10600
12986.0,13.8,20280500,277372709.0,13.79,13.78,13.77,13.76,13.75,13.74,13.73,13.72,13.71,13.7,13.8,13.81,13.82,13.83,13.84,13.85,13.86,13.87,13.88,13.89,1400,3700,2600,2800,19100,17900,32100,82200,72900,80600,10400,7700,20600,3700,4300,9700,4100,1100,4700,10600
12987.0,13.8,20281200,277382369.0,13.79,13.78,13.77,13.76,13.75,13.74,13.73,13.72,13.71,13.7,13.8,13.81,13.82,13.83,13.84,13.85,13.86,13.87,13.88,13.89,1400,3700,2600,2800,19100,17900,32100,82200,72900,80600,9700,7700,20600,3700,4300,9700,4100,1100,4700,10600
12988.0,13.8,20281200,277382369.0,13.79,13.78,13.77,13.76,13.75,13.74,13.73,13.72,13.71,13.7,13.8,13.81,13.82,13.83,13.84,13.85,13.86,13.87,13.88,13.89,1400,3700,2600,2800,19100,17900,32100,82200,72900,80600,9700,7700,20600,3700,4300,9700,4100,1100,4700,10600
12989.0,13.79,20281400,277385127.0,13.79,13.78,13.77,13.76,13.75,13.74,13.73,13.72,13.71,13.7,13.8,13.81,13.82,13.83,13.84,13.85,13.86,13.87,13.88,13.89,1200,3700,2600,2800,19100,17900,32100,82200,72900,80600,9800,7700,20600,3700,4300,9700,4100,1100,4700,10600
12990.0,13.79,20283300,277411335.0,13.78,13.77,13.76,13.75,13.74,13.73,13.72,13.71,13.7,13.69,13.79,13.8,13.81,13.82,13.83,13.84,13.85,13.86,13.87,13.88,3700,2600,2800,19100,17900,32100,82200,72900,80600,2900,1000,9100,7700,20600,3700,4300,9700,4100,1100,4700
12991.0,13.78,20283600,277415469.0,13.78,13.77,13.76,13.75,13.74,13.73,13.72,13.71,13.7,13.69,13.79,13.8,13.81,13.82,13.83,13.84,13.85,13.86,13.87,13.88,3400,2600,2800,19100,17900,32100,82200,72900,80600,2900,1000,9100,7700,20600,3700,4300,9700,4100,1100,4700
12992.0,13.79,20284600,277429259.0,13.79,13.78,13.77,13.76,13.75,13.74,13.73,13.72,13.71,13.7,13.8,13.81,13.82,13.83,13.84,13.85,13.86,13.87,13.88,13.89,700,3400,2600,2800,19100,17900,32100,82200,72900,80600,9100,7700,20600,3700,4300,9700,4100,1100,4700,10600
12993.0,13.8,20285300,277438919.0,13.79,13.78,13.77,13.76,13.75,13.74,13.73,13.72,13.71,13.7,13.8,13.81,13.82,13.83,13.84,13.85,13.86,13.87,13.88,13.89,700,3400,2600,2800,19100,17900,32100,82200,72900,80600,8400,7700,20600,3700,4300,9700,4100,1100,4700,10600
12994.0,13.79,20286100,277449952.0,13.78,13.77,13.76,13.75,13.74,13.73,13.72,13.71,13.7,13.69,13.79,13.8,13.81,13.82,13.83,13.84,13.85,13.86,13.87,13.88,3400,2600,3500,19100,17900,32100,82200,72900,80600,2900,9500,8300,7700,20600,3700,4300,9700,4100,1100,4700
12995.0,13.79,20286100,277449952.0,13.78,13.77,13.76,13.75,13.74,13.73,13.72,13.71,13.7,13.69,13.79,13.8,13.81,13.82,13.83,13.84,13.85,13.86,13.87,13.88,3400,2800,3500,19100,17900,32100,82200,72900,80600,2900,9500,8300,7700,20600,3700,4300,9700,4100,1100,4700
12996.0,13.79,20287800,277473395.0,13.78,13.77,13.76,13.75,13.74,13.73,13.72,13.71,13.7,13.69,13.79,13.8,13.81,13.82,13.83,13.84,13.85,13.86,13.87,13.88,3400,2800,3500,19100,17900,32100,82200,72900,80600,2900,7800,8300,7700,20600,3700,4300,9700,4100,1100,4700
12997.0,13.79,20287800,277473395.0,13.78,13.77,13.76,13.75,13.74,13.73,13.72,13.71,13.7,13.69,13.79,13.8,13.81,13.82,13.83,13.84,13.85,13.86,13.87,13.88,3400,2800,3500,19100,17900,32100,82200,72900,80600,2900,7800,8300,7700,20600,3700,4300,14900,4100,1100,4700
12998.0,13.79,20288900,277488561.0,13.78,13.77,13.76,13.75,13.74,13.73,13.72,13.71,13.7,13.69,13.79,13.8,13.81,13.82,13.83,13.84,13.85,13.86,13.87,13.88,3100,2800,3500,19100,17900,32100,82200,72900,80600,2900,7600,8300,7700,20600,3700,4300,14900,4100,1100,4700
12999.0,13.79,20288900,277488561.0,13.78,13.77,13.76,13.75,13.74,13.73,13.72,13.71,13.7,13.69,13.79,13.8,13.81,13.82,13.83,13.84,13.85,13.86,13.87,13.88,3100,2800,3500,19100,17900,32100,82200,72900,80600,2900,7600,8300,7700,20600,3700,4300,14900,4100,1100,4700
13000.0,13.78,20289500,277496829.0,13.78,13.77,13.76,13.75,13.74,13.73,13.72,13.71,13.7,13.69,13.79,13.8,13.81,13.82,13.83,13.84,13.85,13.86,13.87,13.88,2500,2800,3500,19100,17900,32100,82200,72900,80600,2900,10800,8300,7700,20600,3700,4300,14900,4100,1100,4700
13001.0,13.79,20291200,277520272.0,13.78,13.77,13.76,13.75,13.74,13.73,13.72,13.71,13.7,13.69,13.79,13.8,13.81,13.82,13.83,13.84,13.85,13.86,13.87,13.88,2500,2800,3500,19100,17900,32100,82200,72900,80600,2900,9100,8300,7700,20600,3700,4300,14900,4100,1100,4700
13002.0,13.79,20291200,277520272.0,13.78,13.77,13.76,13.75,13.74,13.73,13.72,13.71,13.7,13.69,13.79,13.8,13.81,13.82,13.83,13.84,13.85,13.86,13.87,13.88,2500,2800,3500,19100,17900,32100,82200,72900,80600,2900,9100,8300,7700,20600,3700,4300,14900,4100,1100,4700
13003.0,13.79,20291200,277520272.0,13.78,13.77,13.76,13.75,13.74,13.73,13.72,13.71,13.7,13.69,13.79,13.8,13.81,13.82,13.83,13.84,13.85,13.86,13.87,13.88,2500,2800,3500,19100,17900,32100,97000,72900,80600,2900,9100,8300,7700,20600,3700,4300,14900,4100,1100,4700
13004.0,13.79,20291900,277529925.0,13.78,13.77,13.76,13.75,13.74,13.73,13.72,13.71,13.7,13.69,13.79,13.8,13.81,13.82,13.83,13.84,13.85,13.86,13.87,13.88,2500,2800,3500,19100,17900,32100,97000,72900,80600,2900,8400,8300,7700,20600,3700,4300,14900,4100,1100,4700
13005.0,13.78,20292200,277534059.0,13.78,13.77,13.76,13.75,13.74,13.73,13.72,13.71,13.7,13.69,13.79,13.8,13.81,13.82,13.83,13.84,13.85,13.86,13.87,13.88,2200,2800,3500,19100,17900,32100,97000,72900,80600,2900,8400,8300,7700,20600,3700,4300,14900,4100,1100,4700
13006.0,13.78,20292200,277534059.0,13.78,13.77,13.76,13.75,13.74,13.73,13.72,13.71,13.7,13.69,13.79,13.8,13.81,13.82,13.83,13.84,13.85,13.86,13.87,13.88,2200,2800,3500,19100,17900,32100,97000,72900,80600,2900,8600,8300,7700,20600,3700,4300,14900,4100,1100,4700
13007.0,13.79,20300800,277652653.0,13.79,13.78,13.77,13.76,13.75,13.74,13.73,13.72,13.71,13.7,13.8,13.81,13.82,13.83,13.84,13.85,13.86,13.87,13.88,13.89,2100,2200,2800,800,19100,17900,32100,97000,72900,80600,8300,7700,20600,3700,4300,14900,4100,1100,4700,10600
13008.0,13.79,20300800,277652653.0,13.79,13.78,13.77,13.76,13.75,13.74,13.73,13.72,13.71,13.7,13.8,13.81,13.82,13.83,13.84,13.85,13.86,13.87,13.88,13.89,2100,2200,2800,800,19100,17900,32100,97000,72900,80600,8300,7700,20600,3700,4300,14900,4100,1100,4700,10600
13009.0,13.79,20300800,277652653.0,13.79,13.78,13.77,13.76,13.75,13.74,13.73,13.72,13.71,13.7,13.8,13.81,13.82,13.83,13.84,13.85,13.86,13.87,13.88,13.89,2300,2200,2800,800,19100,17900,32100,97000,72900,80600,8300,7700,20600,3700,4300,14900,4100,1100,4700,10600
13010.0,13.8,20301500,277662313.0,13.79,13.78,13.77,13.76,13.75,13.74,13.73,13.72,13.71,13.7,13.8,13.81,13.82,13.83,13.84,13.85,13.86,13.87,13.88,13.89,2300,2200,2800,800,19100,17900,32100,97000,72900,80600,1100,7700,20600,3700,4300,14900,4100,1100,4700,10600
13011.0,13.8,20301700,277665073.0,13.79,13.78,13.77,13.76,13.75,13.74,13.73,13.72,13.71,13.7,13.8,13.81,13.82,13.83,13.84,13.85,13.86,13.87,13.88,13.89,2300,2200,2800,800,19100,17900,32100,97000,72900,80600,900,7700,20600,3700,4300,14900,4100,1100,4700,10600
13012.0,13.79,20301900,277667831.0,13.79,13.78,13.77,13.76,13.75,13.74,13.73,13.72,13.71,13.7,13.8,13.81,13.82,13.83,13.84,13.85,13.86,13.87,13.88,13.89,2100,2200,2800,800,19100,17900,32100,97000,72900,80600,900,7700,20600,3700,4300,14900,4100,1100,4700,10600
13013.0,13.79,20301900,277667831.0,13.79,13.78,13.77,13.76,13.75,13.74,13.73,13.72,13.71,13.7,13.8,13.81,13.82,13.83,13.84,13.85,13.86,13.87,13.88,13.89,2100,2200,2800,800,19100,17900,32100,97000,72900,80600,900,7700,20600,3700,4300,14900,4100,1100,4700,10600
13014.0,13.79,20301900,277667831.0,13.79,13.78,13.77,13.76,13.75,13.74,13.73,13.72,13.71,13.7,13.8,13.81,13.82,13.83,13.84,13.85,13.86,13.87,13.88,13.89,2100,2200,2800,800,19100,17900,32100,97000,72900,80600,900,7700,20600,3700,4300,14900,4100,1100,4700,10600
13015.0,13.8,20302000,277669211.0,13.79,13.78,13.77,13.76,13.75,13.74,13.73,13.72,13.71,13.7,13.8,13.81,13.82,13.83,13.84,13.85,13.86,13.87,13.88,13.89,2100,2200,2800,800,19100,17900,32100,97000,72900,80600,800,7700,20600,3700,4300,14900,4100,1100,4700,10600
13016.0,13.79,20304100,277698170.0,13.78,13.77,13.76,13.75,13.74,13.73,13.72,13.71,13.7,13.69,13.79,13.8,13.81,13.82,13.83,13.84,13.85,13.86,13.87,13.88,2200,2800,800,19100,17900,32100,97000,72900,80600,2900,3900,800,7700,20600,3700,4300,14900,4100,1100,4700
13017.0,13.78,20306300,277728486.0,13.77,13.76,13.75,13.74,13.73,13.72,13.71,13.7,13.69,13.68,13.78,13.79,13.8,13.81,13.82,13.83,13.84,13.85,13.86,13.87,2800,800,19100,17900,32100,97000,72900,80600,2900,30400,7800,3900,800,7700,20600,3700,4300,14900,4100,1100
13018.0,13.78,20310000,277779472.0,13.77,13.76,13.75,13.74,13.73,13.72,13.71,13.7,13.69,13.68,13.78,13.79,13.8,13.81,13.82,13.83,13.84,13.85,13.86,13.87,2800,800,19100,17900,32100,97000,72900,80600,2900,30400,4100,3900,800,7700,20600,3700,4300,14900,4100,1100
13019.0,13.77,20310200,277782226.0,13.77,13.76,13.75,13.74,13.73,13.72,13.71,13.7,13.69,13.68,13.78,13.79,13.8,13.81,13.82,13.83,13.84,13.85,13.86,13.87,2600,800,19100,17900,32100,97000,72900,80600,2900,30400,4100,3900,800,7700,20600,3700,4300,15400,4100,1100
13020.0,13.77,20310200,277782226.0,13.77,13.76,13.75,13.74,13.73,13.72,13.71,13.7,13.69,13.68,13.78,13.79,13.8,13.81,13.82,13.83,13.84,13.85,13.86,13.87,2600,800,19100,17900,32100,97000,72900,80600,2900,30400,4100,4100,800,7700,20600,3700,4300,15400,4100,1100
13021.0,13.78,20310600,277787738.0,13.77,13.76,13.75,13.74,13.73,13.72,13.71,13.7,13.69,13.68,13.78,13.79,13.8,13.81,13.82,13.83,13.84,13.85,13.86,13.87,2600,800,19100,17900,32100,96700,72900,80600,2900,30400,3700,5500,800,7700,20600,3700,4300,15400,4100,1100
13022.0,13.78,20311700,277802896.0,13.77,13.76,13.75,13.74,13.73,13.72,13.71,13.7,13.69,13.68,13.78,13.79,13.8,13.81,13.82,13.83,13.84,13.85,13.86,13.87,2600,800,19100,17900,32100,96700,72900,80600,2900,30400,2600,5500,2200,7700,20600,3700,4300,15400,4100,1100
13023.0,13.78,20312400,277812542.0,13.77,13.76,13.75,13.74,13.73,13.72,13.71,13.7,13.69,13.68,13.78,13.79,13.8,13.81,13.82,13.83,13.84,13.85,13.86,13.87,2600,800,19100,17900,32100,96700,72900,80600,2900,30400,1900,5500,2200,7700,20600,3700,4300,15400,4100,1100
13024.0,13.78,20312500,277813920.0,13.77,13.76,13.75,13.74,13.73,13.72,13.71,13.7,13.69,13.68,13.78,13.79,13.8,13.81,13.82,13.83,13.84,13.85,13.86,13.87,2600,800,19100,17900,32100,96700,72900,80600,2900,30400,1800,5500,2200,7700,24600,3700,4300,15400,4100,1100
13025.0,13.78,20312500,277813920.0,13.77,13.76,13.75,13.74,13.73,13.72,13.71,13.7,13.69,13.68,13.78,13.79,13.8,13.81,13.82,13.83,13.84,13.85,13.86,13.87,2600,800,19100,17900,32100,96700,72900,80600,2900,30400,1800,5500,2200,7700,24600,3700,4300,15400,4100,1100
13026.0,13.79,20316600,277870437.0,13.77,13.76,13.75,13.74,13.73,13.72,13.71,13.7,13.69,13.68,13.79,13.8,13.81,13.82,13.83,13.84,13.85,13.86,13.87,13.88,2400,800,19100,17900,32100,96700,72900,80600,2900,30400,3400,2200,7700,24600,3700,4300,15400,4100,1100,4700
13027.0,13.79,20316900,277874574.0,13.77,13.76,13.75,13.74,13.73,13.72,13.71,13.7,13.69,13.68,13.79,13.8,13.81,13.82,13.83,13.84,13.85,13.86,13.87,13.88,2600,800,19100,17900,32100,96700,72900,80600,2900,30400,3300,2200,7700,24600,3700,4300,15400,4100,1100,4700
13028.0,13.79,20316900,277874574.0,13.77,13.76,13.75,13.74,13.73,13.72,13.71,13.7,13.69,13.68,13.79,13.8,13.81,13.82,13.83,13.84,13.85,13.86,13.87,13.88,3400,800,19100,17900,32100,96700,72900,80600,2900,30400,7100,2200,7700,24600,3700,4300,15400,4100,1100,4700
13029.0,13.79,20316900,277874574.0,13.77,13.76,13.75,13.74,13.73,13.72,13.71,13.7,13.69,13.68,13.79,13.8,13.81,13.82,13.83,13.84,13.85,13.86,13.87,13.88,3400,800,19100,17900,32100,96700,72900,80600,2900,30400,7100,2200,7700,24600,3700,4300,15400,4100,1100,4700
13030.0,13.79,20317600,277884227.0,13.77,13.76,13.75,13.74,13.73,13.72,13.71,13.7,13.69,13.68,13.79,13.8,13.81,13.82,13.83,13.84,13.85,13.86,13.87,13.88,4100,800,19100,17900,32100,96700,72900,80600,2900,30400,7400,2200,7700,24600,3700,4300,15400,4100,1100,4700
13031.0,13.79,20317600,277884227.0,13.77,13.76,13.75,13.74,13.73,13.72,13.71,13.7,13.69,13.68,13.79,13.8,13.81,13.82,13.83,13.84,13.85,13.86,13.87,13.88,4400,800,19100,17900,32100,96700,72900,80600,2900,30400,7400,2200,7700,24600,3700,4500,15400,4100,1100,4700
13032.0,13.79,20318000,277889743.0,13.78,13.77,13.76,13.75,13.74,13.73,13.72,13.71,13.7,13.69,13.79,13.8,13.81,13.82,13.83,13.84,13.85,13.86,13.87,13.88,3400,4600,800,19100,17900,32100,96700,72900,80600,2900,7800,2200,7700,24600,3700,4500,15400,4100,1100,4700
13033.0,13.78,20319000,277903530.0,13.78,13.77,13.76,13.75,13.74,13.73,13.72,13.71,13.7,13.69,13.79,13.8,13.81,13.82,13.83,13.84,13.85,13.86,13.87,13.88,3100,5100,800,19100,17900,32100,96700,72900,80600,2900,7100,2200,7500,24600,3700,4500,15400,4100,1100,4700
13034.0,13.79,20320400,277922836.0,13.78,13.77,13.76,13.75,13.74,13.73,13.72,13.71,13.7,13.69,13.79,13.8,13.81,13.82,13.83,13.84,13.85,13.86,13.87,13.88,3100,5100,800,19100,17900,32100,96700,72900,80600,2900,5700,2200,7500,24600,3700,4500,15400,4100,1100,4700
13035.0,13.79,20320400,277922836.0,13.78,13.77,13.76,13.75,13.74,13.73,13.72,13.71,13.7,13.69,13.79,13.8,13.81,13.82,13.83,13.84,13.85,13.86,13.87,13.88,3100,5100,800,19100,17900,32100,96700,72900,80600,2900,5700,2200,7500,24600,3700,4500,15400,4100,1100,4700
13036.0,13.79,20322100,277946279.0,13.78,13.77,13.76,13.75,13.74,13.73,13.72,13.71,13.7,13.69,13.79,13.8,13.81,13.82,13.83,13.84,13.85,13.86,13.87,13.88,3100,5100,800,19100,17900,32100,96700,72900,80600,2900,4000,2200,7500,24600,3700,4500,15400,4100,1100,4700
13037.0,13.79,20322100,277946279.0,13.78,13.77,13.76,13.75,13.74,13.73,13.72,13.71,13.7,13.69,13.79,13.8,13.81,13.82,13.83,13.84,13.85,13.86,13.87,13.88,3100,5100,800,19100,17900,32100,96700,72900,80600,2900,4000,2200,7500,24600,3700,4500,15400,4100,1100,4700
13038.0,13.79,20323600,277966964.0,13.78,13.77,13.76,13.75,13.74,13.73,13.72,13.71,13.7,13.69,13.79,13.8,13.81,13.82,13.83,13.84,13.85,13.86,13.87,13.88,3100,5100,800,19100,17900,32100,96700,72900,80600,2900,2500,2200,7500,24600,3700,4500,15400,4100,1100,4700
13039.0,13.79,20323800,277969722.0,13.78,13.77,13.76,13.75,13.74,13.73,13.72,13.71,13.7,13.69,13.79,13.8,13.81,13.82,13.83,13.84,13.85,13.86,13.87,13.88,3100,5100,1600,19100,17900,32100,96700,72900,80600,2900,2300,2200,7500,24600,3700,4500,15400,4100,1100,4700
13040.0,13.79,20323800,277969722.0,13.78,13.77,13.76,13.75,13.74,13.73,13.72,13.71,13.7,13.69,13.79,13.8,13.81,13.82,13.83,13.84,13.85,13.86,13.87,13.88,3100,5100,1600,19100,17900,32100,96700,72900,80600,3100,6300,2200,7500,24600,3700,4500,15400,4100,1100,4700
13041.0,13.78,20324100,277973856.0,13.78,13.77,13.76,13.75,13.74,13.73,13.72,13.71,13.7,13.69,13.79,13.8,13.81,13.82,13.83,13.84,13.85,13.86,13.87,13.88,2800,5100,1600,19100,17900,32100,96700,72900,80600,3100,6300,2200,7500,24600,3700,4500,15400,4100,1100,4700
13042.0,13.78,20324100,277973856.0,13.78,13.77,13.76,13.75,13.74,13.73,13.72,13.71,13.7,13.69,13.79,13.8,13.81,13.82,13.83,13.84,13.85,13.86,13.87,13.88,2800,5100,1600,19100,17900,32100,96700,72900,80600,3100,6300,2200,7500,24600,3700,4500,15400,4100,1100,4700
13043.0,13.79,20324700,277982130.0,13.78,13.77,13.76,13.75,13.74,13.73,13.72,13.71,13.7,13.69,13.79,13.8,13.81,13.82,13.83,13.84,13.85,13.86,13.87,13.88,2800,5100,1600,19100,17900,32100,96700,72900,80600,3100,5700,2200,7500,24600,3700,4500,15400,4100,1100,4700
13044.0,13.79,20327700,278023500.0,13.78,13.77,13.76,13.75,13.74,13.73,13.72,13.71,13.7,13.69,13.79,13.8,13.81,13.82,13.83,13.84,13.85,13.86,13.87,13.88,2800,5100,1600,19100,17900,32100,96700,72900,80600,3100,2700,2200,7500,24600,3700,4500,15400,4100,1100,4700
13045.0,13.78,20330700,278064854.0,13.78,13.77,13.76,13.75,13.74,13.73,13.72,13.71,13.7,13.69,13.79,13.8,13.81,13.82,13.83,13.84,13.85,13.86,13.87,13.88,1200,5100,1600,19100,17900,32100,96700,72900,80600,3100,1300,2200,7500,24600,3700,4500,15400,4100,1100,4700
13046.0,13.78,20330700,278064854.0,13.78,13.77,13.76,13.75,13.74,13.73,13.72,13.71,13.7,13.69,13.79,13.8,13.81,13.82,13.83,13.84,13.85,13.86,13.87,13.88,1200,5100,1600,19100,17900,32100,96700,72900,80600,3100,1300,2200,7500,24600,3700,4500,15400,4100,1100,4700
13047.0,13.78,20330700,278064854.0,13.78,13.77,13.76,13.75,13.74,13.73,13.72,13.71,13.7,13.69,13.79,13.8,13.81,13.82,13.83,13.84,13.85,13.86,13.87,13.88,1200,5100,1600,19100,17900,32100,96700,72900,80600,3100,1300,2200,7500,24600,3700,4500,15400,4100,1100,4700
13048.0,13.79,20331200,278071748.0,13.78,13.77,13.76,13.75,13.74,13.73,13.72,13.71,13.7,13.69,13.79,13.8,13.81,13.82,13.83,13.84,13.85,13.86,13.87,13.88,1100,5100,1600,19100,17900,32100,96700,72900,80600,3100,900,2200,7500,24600,3700,4500,15400,4100,1100,4700
13049.0,13.79,20331200,278071748.0,13.78,13.77,13.76,13.75,13.74,13.73,13.72,13.71,13.7,13.69,13.79,13.8,13.81,13.82,13.83,13.84,13.85,13.86,13.87,13.88,1100,5100,1600,19100,17900,32100,96700,72900,80600,3100,900,2400,7500,24600,3700,4500,15400,4100,1100,4700
13050.0,13.79,20331200,278071748.0,13.78,13.77,13.76,13.75,13.74,13.73,13.72,13.71,13.7,13.69,13.79,13.8,13.81,13.82,13.83,13.84,13.85,13.86,13.87,13.88,1100,5100,1600,19100,17900,32100,96700,72900,80600,3100,900,2400,7500,25200,3700,4500,15400,4100,1100,4700
13051.0,13.78,20332600,278091043.0,13.77,13.76,13.75,13.74,13.73,13.72,13.71,13.7,13.69,13.68,13.78,13.79,13.8,13.81,13.82,13.83,13.84,13.85,13.86,13.87,5100,1600,19100,17900,32100,96700,72900,80600,3100,30400,8900,600,2900,7500,25200,3700,4500,15400,4100,1100
13052.0,13.78,20336300,278142029.0,13.77,13.76,13.75,13.74,13.73,13.72,13.71,13.7,13.69,13.68,13.78,13.79,13.8,13.81,13.82,13.83,13.84,13.85,13.86,13.87,5100,1600,19100,17900,32100,96700,72900,80600,3100,30400,5200,3900,2900,7500,25200,3700,4500,15400,4100,1100
13053.0,13.78,20336300,278142029.0,13.77,13.76,13.75,13.74,13.73,13.72,13.71,13.7,13.69,13.68,13.78,13.79,13.8,13.81,13.82,13.83,13.84,13.85,13.86,13.87,5100,1600,19100,17900,32100,96700,72900,80600,3100,30400,5200,3900,2900,7500,25200,3700,4500,15400,4100,1100
13054.0,13.78,20336300,278142029.0,13.77,13.76,13.75,13.74,13.73,13.72,13.71,13.7,13.69,13.68,13.78,13.79,13.8,13.81,13.82,13.83,13.84,13.85,13.86,13.87,5100,1600,19100,17900,32100,96700,72900,80600,3100,28400,5200,3900,2900,7500,25200,3700,4500,15400,4100,1100
13055.0,13.77,20337300,278155804.0,13.77,13.76,13.75,13.74,13.73,13.72,13.71,13.7,13.69,13.68,13.78,13.79,13.8,13.81,13.82,13.83,13.84,13.85,13.86,13.87,4600,1600,19100,17900,32100,96700,72900,80600,3100,28400,4700,3900,2900,7500,25200,3700,4500,15400,4100,1100
13056.0,13.78,20338200,278168206.0,13.77,13.76,13.75,13.74,13.73,13.72,13.71,13.7,13.69,13.68,13.78,13.79,13.8,13.81,13.82,13.83,13.84,13.85,13.86,13.87,4600,1600,19100,17900,32100,96700,72900,80600,3100,28400,3800,3900,2900,7500,25200,3700,4500,15400,4100,1100
13057.0,13.78,20338300,278169584.0,13.77,13.76,13.75,13.74,13.73,13.72,13.71,13.7,13.69,13.68,13.78,13.79,13.8,13.81,13.82,13.83,13.84,13.85,13.86,13.87,4600,1600,19100,17900,32100,96700,72900,80600,3100,28400,3700,3900,2900,7500,25200,3700,4500,15400,4100,1100
13058.0,13.78,20338800,278176474.0,13.77,13.76,13.75,13.74,13.73,13.72,13.71,13.7,13.69,13.68,13.78,13.79,13.8,13.81,13.82,13.83,13.84,13.85,13.86,13.87,4600,1600,19100,17900,32100,96700,72900,80600,3100,28400,3200,3900,2900,7500,25200,3700,4500,15400,4100,1100
13059.0,13.78,20338800,278176474.0,13.77,13.76,13.75,13.74,13.73,13.72,13.71,13.7,13.69,13.68,13.78,13.79,13.8,13.81,13.82,13.83,13.84,13.85,13.86,13.87,4600,1600,19100,17900,32100,96700,72900,80600,3100,28400,3200,3900,2900,7500,25200,3700,4500,15400,4100,1100
13060.0,13.78,20338800,278176474.0,13.77,13.76,13.75,13.74,13.73,13.72,13.71,13.7,13.69,13.68,13.78,13.79,13.8,13.81,13.82,13.83,13.84,13.85,13.86,13.87,4600,1600,19100,17900,32100,96700,72900,80700,3100,28400,3200,3900,2900,7500,25200,3700,4500,15400,4100,1100
13061.0,13.78,20339100,278180608.0,13.77,13.76,13.75,13.74,13.73,13.72,13.71,13.7,13.69,13.68,13.78,13.79,13.8,13.81,13.82,13.83,13.84,13.85,13.86,13.87,4600,1600,19100,17900,32100,96700,72900,80700,3100,28400,2900,3900,2900,7500,21500,3700,4500,15400,4100,1100
13062.0,13.77,20339500,278186116.0,13.77,13.76,13.75,13.74,13.73,13.72,13.71,13.7,13.69,13.68,13.78,13.79,13.8,13.81,13.82,13.83,13.84,13.85,13.86,13.87,4200,1600,19100,17900,32100,96700,72900,80700,3100,28400,2900,3900,2900,7500,21500,3700,4500,15400,4100,1100
13063.0,13.77,20339500,278186116.0,13.77,13.76,13.75,13.74,13.73,13.72,13.71,13.7,13.69,13.68,13.78,13.79,13.8,13.81,13.82,13.83,13.84,13.85,13.86,13.87,4200,1600,19100,17900,32100,96700,72900,80700,3100,28400,2900,4000,2900,7500,22000,3700,4500,15400,4100,1100
13064.0,13.78,20340200,278195762.0,13.77,13.76,13.75,13.74,13.73,13.72,13.71,13.7,13.69,13.68,13.78,13.79,13.8,13.81,13.82,13.83,13.84,13.85,13.86,13.87,4200,1600,19100,17900,32100,96700,72900,80700,3100,28400,2200,4000,2900,7500,23000,3700,4500,15400,4100,1100
13065.0,13.78,20340200,278195762.0,13.77,13.76,13.75,13.74,13.73,13.72,13.71,13.7,13.69,13.68,13.78,13.79,13.8,13.81,13.82,13.83,13.84,13.85,13.86,13.87,4200,1600,19100,17900,32100,96700,72900,80700,3100,28400,2400,4000,2900,7500,23000,3700,4500,15100,4100,1100
13066.0,13.78,20342600,278228834.0,13.78,13.77,13.76,13.75,13.74,13.73,13.72,13.71,13.7,13.69,13.79,13.8,13.81,13.82,13.83,13.84,13.85,13.86,13.87,13.88,2600,4200,1600,19100,17900,32100,96700,72900,80700,3100,4000,2900,7500,23000,3700,4500,15100,4100,1100,4700
13067.0,13.79,20343800,278245382.0,13.78,13.77,13.76,13.75,13.74,13.73,13.72,13.71,13.7,13.69,13.79,13.8,13.81,13.82,13.83,13.84,13.85,13.86,13.87,13.88,2600,6200,1600,19100,17900,32100,96700,72900,80700,3100,2800,2900,7500,23000,3700,4500,15100,4100,1100,4700
13068.0,13.79,20343800,278245382.0,13.78,13.77,13.76,13.75,13.74,13.73,13.72,13.71,13.7,13.69,13.79,13.8,13.81,13.82,13.83,13.84,13.85,13.86,13.87,13.88,2600,6200,1600,19100,17900,32100,96700,72900,80700,3100,2800,2900,7500,23000,3700,4500,15100,4100,1100,4700
13069.0,13.78,20344500,278255028.0,13.78,13.77,13.76,13.75,13.74,13.73,13.72,13.71,13.7,13.69,13.79,13.8,13.81,13.82,13.83,13.84,13.85,13.86,13.87,13.88,1900,6200,1600,19100,17900,32100,96700,72900,80700,3100,2800,2900,7500,23000,3700,4500,15100,4100,1100,5000
13070.0,13.77,20346700,278285345.0,13.77,13.76,13.75,13.74,13.73,13.72,13.71,13.7,13.69,13.68,13.79,13.8,13.81,13.82,13.83,13.84,13.85,13.86,13.87,13.88,6100,1600,19100,17900,32100,96700,72900,80700,3100,28400,2600,2900,7500,23000,3700,4500,15100,4100,1100,5000
13071.0,13.77,20346700,278285345.0,13.77,13.76,13.75,13.74,13.73,13.72,13.71,13.7,13.69,13.68,13.79,13.8,13.81,13.82,13.83,13.84,13.85,13.86,13.87,13.88,6700,2700,19100,17900,32100,96700,72900,80700,3100,28400,3100,3900,7500,23000,3700,4500,15100,4100,1100,5000
13072.0,13.77,20346700,278285345.0,13.77,13.76,13.75,13.74,13.73,13.72,13.71,13.7,13.69,13.68,13.79,13.8,13.81,13.82,13.83,13.84,13.85,13.86,13.87,13.88,7200,2700,19100,17900,32100,96700,82900,80700,3100,28400,3600,3900,7500,23000,3700,4500,15100,4100,1100,5000
13073.0,13.79,20347000,278289482.0,13.77,13.76,13.75,13.74,13.73,13.72,13.71,13.7,13.69,13.68,13.79,13.8,13.81,13.82,13.83,13.84,13.85,13.86,13.87,13.88,7700,2700,19100,17900,32100,96700,82900,80700,3100,28400,3800,3900,7500,23000,3700,4500,15100,4100,1100,5000
13074.0,13.79,20347000,278289482.0,13.77,13.76,13.75,13.74,13.73,13.72,13.71,13.7,13.69,13.68,13.79,13.8,13.81,13.82,13.83,13.84,13.85,13.86,13.87,13.88,7700,2700,19100,17900,32100,96700,82900,80700,3100,28400,4400,3900,7500,23000,3700,4500,15100,4100,1100,5000
13075.0,13.79,20347000,278289482.0,13.77,13.76,13.75,13.74,13.73,13.72,13.71,13.7,13.69,13.68,13.79,13.8,13.81,13.82,13.83,13.84,13.85,13.86,13.87,13.88,8500,2700,19100,17900,32100,96700,82900,80700,3100,28400,4700,3900,7500,23000,3700,4500,15100,4100,1100,5000
13076.0,13.77,20348100,278304637.0,13.77,13.76,13.75,13.74,13.73,13.72,13.71,13.7,13.69,13.68,13.79,13.8,13.81,13.82,13.83,13.84,13.85,13.86,13.87,13.88,8000,2700,19100,17900,32100,96700,82900,80700,3100,28400,4500,3900,7500,23000,3700,4500,15100,4100,1100,5000
13077.0,13.77,20348700,278312899.0,13.77,13.76,13.75,13.74,13.73,13.72,13.71,13.7,13.69,13.68,13.78,13.79,13.8,13.81,13.82,13.83,13.84,13.85,13.86,13.87,8200,2700,19100,17900,32100,96700,82900,80700,3100,28400,1000,5500,3900,7500,23000,3700,4500,15100,4100,1100
13078.0,13.79,20351800,278355638.0,13.77,13.76,13.75,13.74,13.73,13.72,13.71,13.7,13.69,13.68,13.78,13.79,13.8,13.81,13.82,13.83,13.84,13.85,13.86,13.87,8600,2700,19100,17900,32100,96700,82900,80700,3100,28400,1500,3400,4900,7500,23000,3700,4500,15100,4100,1100
13079.0,13.78,20352100,278359772.0,13.77,13.76,13.75,13.74,13.73,13.72,13.71,13.7,13.69,13.68,13.78,13.79,13.8,13.81,13.82,13.83,13.84,13.85,13.86,13.87,8600,2700,19100,17900,32100,96700,82900,80700,3100,28400,2300,3400,4900,7500,23000,3700,4500,14900,4100,1100
13080.0,13.78,20352300,278362528.0,13.77,13.76,13.75,13.74,13.73,13.72,13.71,13.7,13.69,13.68,13.78,13.79,13.8,13.81,13.82,13.83,13.84,13.85,13.86,13.87,8500,2700,19100,17900,32100,96700,82900,80700,3100,28400,2600,3400,5800,7500,23000,3700,4500,14900,4100,1100
13081.0,13.78,20352300,278362528.0,13.77,13.76,13.75,13.74,13.73,13.72,13.71,13.7,13.69,13.68,13.78,13.79,13.8,13.81,13.82,13.83,13.84,13.85,13.86,13.87,8500,2700,19100,17900,32100,96700,82900,80700,3100,28400,2600,3400,5800,7500,23000,3700,4500,14900,4100,1100
13082.0,13.78,20352300,278362528.0,13.77,13.76,13.75,13.74,13.73,13.72,13.71,13.7,13.69,13.68,13.78,13.79,13.8,13.81,13.82,13.83,13.84,13.85,13.86,13.87,8500,2700,19100,17900,32100,96700,82900,80700,3100,28400,2600,3400,5800,7500,23000,3700,4500,14900,4100,1100
13083.0,13.77,20353300,278376300.0,13.77,13.76,13.75,13.74,13.73,13.72,13.71,13.7,13.69,13.68,13.78,13.79,13.8,13.81,13.82,13.83,13.84,13.85,13.86,13.87,7700,2700,19100,17900,32100,96700,82900,80700,3100,28400,2400,3400,5800,7500,23000,3700,4500,14900,4100,1100
13084.0,13.77,20354000,278385939.0,13.77,13.76,13.75,13.74,13.73,13.72,13.71,13.7,13.69,13.68,13.78,13.79,13.8,13.81,13.82,13.83,13.84,13.85,13.86,13.87,7000,2700,19100,17900,32100,96700,82900,80700,3100,28400,5900,3400,5800,7500,23000,3700,4500,14900,4100,1100
13085.0,13.77,20354000,278385939.0,13.77,13.76,13.75,13.74,13.73,13.72,13.71,13.7,13.69,13.68,13.78,13.79,13.8,13.81,13.82,13.83,13.84,13.85,13.86,13.87,7000,2700,19100,17900,32100,96700,82900,80700,3100,28400,5900,3400,5800,7500,23000,3700,4500,14900,4100,1100
13086.0,13.78,20355100,278401097.0,13.77,13.76,13.75,13.74,13.73,13.72,13.71,13.7,13.69,13.68,13.78,13.79,13.8,13.81,13.82,13.83,13.84,13.85,13.86,13.87,7000,2700,19100,17900,32100,96700,82900,80700,3100,28400,4800,3400,5800,7500,23000,3700,4500,14900,4100,1100
13087.0,13.78,20355100,278401097.0,13.77,13.76,13.75,13.74,13.73,13.72,13.71,13.7,13.69,13.68,13.78,13.79,13.8,13.81,13.82,13.83,13.84,13.85,13.86,13.87,7000,2700,19100,17900,32100,96700,82900,80700,3100,28400,4800,3400,5800,7500,23000,3700,4500,14900,4100,1100
13088.0,13.78,20355100,278401097.0,13.77,13.76,13.75,13.74,13.73,13.72,13.71,13.7,13.69,13.68,13.78,13.79,13.8,13.81,13.82,13.83,13.84,13.85,13.86,13.87,7000,2700,19100,17900,32100,96700,82900,80700,3100,28400,4800,3400,5800,7500,23000,3700,4500,14900,4100,1100
13089.0,13.78,20355500,278406609.0,13.77,13.76,13.75,13.74,13.73,13.72,13.71,13.7,13.69,13.68,13.78,13.79,13.8,13.81,13.82,13.83,13.84,13.85,13.86,13.87,7500,2700,19100,17900,32100,96700,82900,80700,3100,28400,4400,3400,5800,7500,23000,3700,4500,14900,4100,1100
13090.0,13.78,20356300,278417633.0,13.77,13.76,13.75,13.74,13.73,13.72,13.71,13.7,13.69,13.68,13.78,13.79,13.8,13.81,13.82,13.83,13.84,13.85,13.86,13.87,7500,2700,19100,17900,32100,96700,82900,80700,3100,28400,3600,3400,5800,7500,23000,3700,4500,14900,4100,1100
13091.0,13.77,20357300,278431403.0,13.77,13.76,13.75,13.74,13.73,13.72,13.71,13.7,13.69,13.68,13.78,13.79,13.8,13.81,13.82,13.83,13.84,13.85,13.86,13.87,6500,2700,19100,17900,32100,96700,82900,80700,3100,28400,3600,3400,5800,7500,23000,3700,4500,14900,4100,1100
13092.0,13.78,20358100,278442427.0,13.77,13.76,13.75,13.74,13.73,13.72,13.71,13.7,13.69,13.68,13.78,13.79,13.8,13.81,13.82,13.83,13.84,13.85,13.86,13.87,6500,2700,19200,17900,32100,96700,82900,80700,3100,28400,2800,3400,5800,7500,23000,3700,4500,14900,4100,1100
13093.0,13.78,20358100,278442427.0,13.77,13.76,13.75,13.74,13.73,13.72,13.71,13.7,13.69,13.68,13.78,13.79,13.8,13.81,13.82,13.83,13.84,13.85,13.86,13.87,6500,2700,19200,17900,32100,96700,82900,80700,3100,28400,2800,3400,5800,7500,23000,3700,4500,14900,4100,1100
13094.0,13.78,20358500,278447939.0,13.77,13.76,13.75,13.74,13.73,13.72,13.71,13.7,13.69,13.68,13.78,13.79,13.8,13.81,13.82,13.83,13.84,13.85,13.86,13.87,6500,2700,19200,17900,32100,96700,82900,80700,3100,28400,2400,3400,5800,7500,23000,3700,4500,14900,4100,1100
13095.0,13.78,20358700,278450695.0,13.77,13.76,13.75,13.74,13.73,13.72,13.71,13.7,13.69,13.68,13.78,13.79,13.8,13.81,13.82,13.83,13.84,13.85,13.86,13.87,6500,2700,19200,17900,32100,96700,82900,80700,3100,28400,2200,3400,5800,7500,23000,3700,4500,14900,4100,1100
13096.0,13.78,20358700,278450695.0,13.77,13.76,13.75,13.74,13.73,13.72,13.71,13.7,13.69,13.68,13.78,13.79,13.8,13.81,13.82,13.83,13.84,13.85,13.86,13.87,7400,2700,19200,17900,32100,96700,82900,80700,3100,28400,7700,3400,5900,7500,23000,3700,4500,14900,4100,1100
13097.0,13.78,20358800,278452073.0,13.77,13.76,13.75,13.74,13.73,13.72,13.71,13.7,13.69,13.68,13.78,13.79,13.8,13.81,13.82,13.83,13.84,13.85,13.86,13.87,7400,2700,19200,17900,32100,96700,82900,80700,3100,28400,7600,3400,5900,7500,23000,3700,4500,14900,4100,1100
13098.0,13.77,20360500,278475489.0,13.77,13.76,13.75,13.74,13.73,13.72,13.71,13.7,13.69,13.68,13.78,13.79,13.8,13.81,13.82,13.83,13.84,13.85,13.86,13.87,6400,2700,19200,17900,32100,96700,82900,80700,3100,28400,6900,3400,5900,7500,23000,3700,4500,14900,4100,1100
13099.0,13.78,20360600,278476867.0,13.77,13.76,13.75,13.74,13.73,13.72,13.71,13.7,13.69,13.68,13.78,13.79,13.8,13.81,13.82,13.83,13.84,13.85,13.86,13.87,6400,2700,19200,17900,32100,96700,82900,80800,3100,28400,6800,3400,5900,7500,23200,3700,4500,14900,3900,1100
13100.0,13.78,20360600,278476867.0,13.77,13.76,13.75,13.74,13.73,13.72,13.71,13.7,13.69,13.68,13.78,13.79,13.8,13.81,13.82,13.83,13.84,13.85,13.86,13.87,6400,2700,19200,17900,32100,96700,82900,80800,3100,28400,6800,3400,5900,7500,23200,3700,4500,14900,3900,1100
13101.0,13.78,20362500,278503049.0,13.77,13.76,13.75,13.74,13.73,13.72,13.71,13.7,13.69,13.68,13.78,13.79,13.8,13.81,13.82,13.83,13.84,13.85,13.86,13.87,8200,2700,19200,17900,32100,96700,82900,80800,3100,28400,4900,3400,5900,7500,23200,3700,4500,14900,3900,1100
13102.0,13.78,20362500,278503049.0,13.77,13.76,13.75,13.74,13.73,13.72,13.71,13.7,13.69,13.68,13.78,13.79,13.8,13.81,13.82,13.83,13.84,13.85,13.86,13.87,8200,2700,19200,17900,32100,96700,82900,80800,3100,28400,4900,3400,5900,7500,23200,3700,4500,14900,3900,1100
13103.0,13.78,20362500,278503049.0,13.77,13.76,13.75,13.74,13.73,13.72,13.71,13.7,13.69,13.68,13.78,13.79,13.8,13.81,13.82,13.83,13.84,13.85,13.86,13.87,8200,2700,19100,17900,32100,96700,82900,80800,3100,28400,4900,3400,5900,7500,23200,3700,4500,14900,3900,1100
13104.0,13.78,20362900,278508561.0,13.77,13.76,13.75,13.74,13.73,13.72,13.71,13.7,13.69,13.68,13.78,13.79,13.8,13.81,13.82,13.83,13.84,13.85,13.86,13.87,8200,2700,19100,17900,32100,96700,82900,80800,3100,28400,4500,3400,5900,7500,23200,3700,4500,14900,3900,1100
13105.0,13.77,20363600,278518200.0,13.77,13.76,13.75,13.74,13.73,13.72,13.71,13.7,13.69,13.68,13.78,13.79,13.8,13.81,13.82,13.83,13.84,13.85,13.86,13.87,10900,2700,19100,17900,32100,96700,82900,80800,3100,28400,4500,3400,5900,7500,23200,3700,4500,14900,3900,1100
13106.0,13.77,20366200,278554002.0,13.77,13.76,13.75,13.74,13.73,13.72,13.71,13.7,13.69,13.68,13.78,13.79,13.8,13.81,13.82,13.83,13.84,13.85,13.86,13.87,8300,2700,19100,17900,32100,96700,82900,80800,3100,28400,4500,3400,5900,7500,23200,3700,4500,14900,3900,1100
13107.0,13.78,20366600,278559514.0,13.77,13.76,13.75,13.74,13.73,13.72,13.71,13.7,13.69,13.68,13.78,13.79,13.8,13.81,13.82,13.83,13.84,13.85,13.86,13.87,6800,2700,19100,17900,32100,96700,82900,80800,3100,28400,4100,3400,5900,7500,23200,3700,4500,14900,3900,1100
13108.0,13.78,20366600,278559514.0,13.77,13.76,13.75,13.74,13.73,13.72,13.71,13.7,13.69,13.68,13.78,13.79,13.8,13.81,13.82,13.83,13.84,13.85,13.86,13.87,6800,2700,19100,17900,32100,96700,82900,81800,3100,28400,4100,3400,7900,7500,23200,4000,4500,14900,3900,1100
13109.0,13.78,20367000,278565026.0,13.77,13.76,13.75,13.74,13.73,13.72,13.71,13.7,13.69,13.68,13.78,13.79,13.8,13.81,13.82,13.83,13.84,13.85,13.86,13.87,6800,2700,19100,17900,32100,96600,82900,81800,3100,28400,3700,3400,7900,7500,23200,4000,4500,14900,3900,1100
13110.0,13.78,20367200,278567782.0,13.77,13.76,13.75,13.74,13.73,13.72,13.71,13.7,13.69,13.68,13.78,13.79,13.8,13.81,13.82,13.83,13.84,13.85,13.86,13.87,6800,2700,19100,17900,32100,96600,82900,81800,3100,28400,3500,3400,7900,7500,23200,4000,4500,14900,3900,1100
13111.0,13.78,20367200,278567782.0,13.77,13.76,13.75,13.74,13.73,13.72,13.71,13.7,13.69,13.68,13.78,13.79,13.8,13.81,13.82,13.83,13.84,13.85,13.86,13.87,6800,2700,19100,17900,32100,96600,82900,81800,3100,28400,3500,3400,7900,7500,23200,4000,4500,14900,3900,1100
13112.0,13.78,20371300,278624274.0,13.78,13.77,13.76,13.75,13.74,13.73,13.72,13.71,13.7,13.69,13.79,13.8,13.81,13.82,13.83,13.84,13.85,13.86,13.87,13.88,16800,6200,2700,19100,17500,32100,96600,83200,81800,3100,3400,7900,7500,23200,4000,4500,14900,3900,1100,5000
13113.0,13.79,20371900,278632548.0,13.78,13.77,13.76,13.75,13.74,13.73,13.72,13.71,13.7,13.69,13.79,13.8,13.81,13.82,13.83,13.84,13.85,13.86,13.87,13.88,16800,6200,2700,19100,17500,32100,96600,83200,81800,3100,2800,8200,7500,23200,4000,4500,14900,3900,1100,5000
13114.0,13.78,20372600,278642194.0,13.78,13.77,13.76,13.75,13.74,13.73,13.72,13.71,13.7,13.69,13.79,13.8,13.81,13.82,13.83,13.84,13.85,13.86,13.87,13.88,16100,6200,2700,19100,17700,32100,96600,83200,81800,3100,2800,8200,7500,23200,4000,4500,14900,3900,1100,5000
13115.0,13.78,20377800,278713852.0,13.78,13.77,13.76,13.75,13.74,13.73,13.72,13.71,13.7,13.69,13.79,13.8,13.81,13.82,13.83,13.84,13.85,13.86,13.87,13.88,11100,6200,2700,19100,17700,32100,96600,83200,81800,3100,2600,8200,7500,23200,4000,4500,14900,3900,1100,5000
13116.0,13.78,20377800,278713852.0,13.78,13.77,13.76,13.75,13.74,13.73,13.72,13.71,13.7,13.69,13.79,13.8,13.81,13.82,13.83,13.84,13.85,13.86,13.87,13.88,11100,7200,2700,19100,17700,32100,96600,83200,81800,3100,2600,8200,7500,23200,4000,4500,14900,3900,1100,5000
13117.0,13.78,20377800,278713852.0,13.78,13.77,13.76,13.75,13.74,13.73,13.72,13.71,13.7,13.69,13.79,13.8,13.81,13.82,13.83,13.84,13.85,13.86,13.87,13.88,11100,7200,2700,19100,17700,32100,96600,83200,81800,3100,2600,8200,7500,23200,4000,4500,14900,3900,1100,5000
13118.0,13.78,20393600,278931666.0,13.78,13.77,13.76,13.75,13.74,13.73,13.72,13.71,13.7,13.69,13.8,13.81,13.82,13.83,13.84,13.85,13.86,13.87,13.88,13.89,1100,7200,2700,19100,17700,32100,96600,83200,81800,3100,5000,7500,23200,4000,4500,14900,3900,1100,5000,10600
13119.0,13.78,20393700,278933044.0,13.78,13.77,13.76,13.75,13.74,13.73,13.72,13.71,13.7,13.69,13.8,13.81,13.82,13.83,13.84,13.85,13.86,13.87,13.88,13.89,1300,7200,2700,19100,17700,32100,96600,83200,81800,3100,5300,7500,23200,4000,4500,14900,3900,1100,5000,10600
13120.0,13.8,20394000,278937184.0,13.78,13.77,13.76,13.75,13.74,13.73,13.72,13.71,13.7,13.69,13.8,13.81,13.82,13.83,13.84,13.85,13.86,13.87,13.88,13.89,1700,7200,2700,19100,17700,32100,96600,83200,81800,3100,5400,7500,23200,4000,4500,14900,3900,1100,5000,10600
13121.0,13.8,20394500,278944084.0,13.78,13.77,13.76,13.75,13.74,13.73,13.72,13.71,13.7,13.69,13.8,13.81,13.82,13.83,13.84,13.85,13.86,13.87,13.88,13.89,3600,7200,2700,19100,17700,32100,96600,83200,81800,3100,7200,7500,23200,4000,4500,14900,3900,1100,5000,10600
13122.0,13.78,20395500,278957864.0,13.78,13.77,13.76,13.75,13.74,13.73,13.72,13.71,13.7,13.69,13.8,13.81,13.82,13.83,13.84,13.85,13.86,13.87,13.88,13.89,2900,7200,2700,19100,14700,32100,96600,83200,81800,3100,7200,7500,23200,4000,4500,14900,3900,1100,5000,10600
13123.0,13.78,20399500,279012984.0,13.77,13.76,13.75,13.74,13.73,13.72,13.71,13.7,13.69,13.68,13.78,13.8,13.81,13.82,13.83,13.84,13.85,13.86,13.87,13.88,7200,2700,19100,14700,32100,96600,83200,81800,3100,28400,2400,8300,7500,23200,4000,4500,14900,3900,1100,5000
13124.0,13.77,20402100,279048792.0,13.77,13.76,13.75,13.74,13.73,13.72,13.71,13.7,13.69,13.68,13.78,13.8,13.81,13.82,13.83,13.84,13.85,13.86,13.87,13.88,5200,2700,19100,14700,32100,96600,83200,81800,3100,28400,1800,9200,7500,23200,4000,4500,14900,3900,1100,5000
13125.0,13.77,20402100,279048792.0,13.77,13.76,13.75,13.74,13.73,13.72,13.71,13.7,13.69,13.68,13.78,13.8,13.81,13.82,13.83,13.84,13.85,13.86,13.87,13.88,5200,3000,19100,14700,32100,96600,83200,81800,3100,28400,1800,9200,7500,23200,4000,4500,14900,3900,1100,5000
13126.0,13.77,20402600,279055677.0,13.77,13.76,13.75,13.74,13.73,13.72,13.71,13.7,13.69,13.68,13.78,13.8,13.81,13.82,13.83,13.84,13.85,13.86,13.87,13.88,4700,3000,19100,14700,32100,96600,83200,81800,3100,28400,1800,9200,7500,23200,4000,4500,14900,3900,1100,5000
13127.0,13.78,20402700,279057055.0,13.77,13.76,13.75,13.74,13.73,13.72,13.71,13.7,13.69,13.68,13.78,13.8,13.81,13.82,13.83,13.84,13.85,13.86,13.87,13.88,4700,3000,19100,14700,32100,96600,83200,81800,3100,28400,1700,9200,7500,23200,4000,4500,14900,3900,1100,5000
13128.0,13.78,20402700,279057055.0,13.77,13.76,13.75,13.74,13.73,13.72,13.71,13.7,13.69,13.68,13.78,13.8,13.81,13.82,13.83,13.84,13.85,13.86,13.87,13.88,5500,3000,19100,14700,32100,96600,83200,81800,3100,28400,1700,9200,7500,23200,4000,4500,14900,3900,1100,5000
13129.0,13.78,20402700,279057055.0,13.77,13.76,13.75,13.74,13.73,13.72,13.71,13.7,13.69,13.68,13.78,13.8,13.81,13.82,13.83,13.84,13.85,13.86,13.87,13.88,5500,3000,17600,14700,32100,96600,83200,81800,3100,28400,1700,9200,7500,23200,4000,4500,14900,3900,1100,5000
13130.0,13.78,20402800,279058433.0,13.77,13.76,13.75,13.74,13.73,13.72,13.71,13.7,13.69,13.68,13.78,13.8,13.81,13.82,13.83,13.84,13.85,13.86,13.87,13.88,6000,3000,17600,14700,32100,96600,83200,81800,3100,28400,1600,9200,7500,23200,4000,4500,14900,3900,1100,5000
13131.0,13.78,20402800,279058433.0,13.77,13.76,13.75,13.74,13.73,13.72,13.71,13.7,13.69,13.68,13.78,13.8,13.81,13.82,13.83,13.84,13.85,13.86,13.87,13.88,6000,3000,17600,14700,32100,96600,83200,81800,3100,28400,1600,9200,7500,23200,4000,4500,14900,3900,1100,5000
13132.0,13.77,20403300,279065318.0,13.77,13.76,13.75,13.74,13.73,13.72,13.71,13.7,13.69,13.68,13.78,13.8,13.81,13.82,13.83,13.84,13.85,13.86,13.87,13.88,5500,3000,17600,14700,32100,96600,83200,81800,3100,28400,1600,9200,7500,23200,4000,4500,14900,3900,1100,5000
13133.0,13.77,20403900,279073581.0,13.77,13.76,13.75,13.74,13.73,13.72,13.71,13.7,13.69,13.68,13.78,13.8,13.81,13.82,13.83,13.84,13.85,13.86,13.87,13.88,5000,3000,17600,14700,32100,96600,83200,81800,3100,28400,11500,9200,7500,23200,4000,4500,14900,3900,1100,5000
13134.0,13.77,20403900,279073581.0,13.77,13.76,13.75,13.74,13.73,13.72,13.71,13.7,13.69,13.68,13.78,13.8,13.81,13.82,13.83,13.84,13.85,13.86,13.87,13.88,5100,3000,17600,14700,32100,96600,83200,81800,3100,28400,11500,9200,7500,23200,4000,4500,14900,3900,1100,5000
13135.0,13.78,20405300,279092873.0,13.77,13.76,13.75,13.74,13.73,13.72,13.71,13.7,13.69,13.68,13.78,13.8,13.81,13.82,13.83,13.84,13.85,13.86,13.87,13.88,5100,3000,17600,14700,32100,96600,83200,81800,3100,28400,10100,9200,7500,23200,4000,4500,14900,3900,1100,5000
13136.0,13.78,20406700,279112165.0,13.77,13.76,13.75,13.74,13.73,13.72,13.71,13.7,13.69,13.68,13.78,13.8,13.81,13.82,13.83,13.84,13.85,13.86,13.87,13.88,5100,3000,17600,14700,32100,96600,83200,81800,3100,28400,8700,9200,7500,23200,4000,4500,14900,3900,1100,5000
13137.0,13.78,20406700,279112165.0,13.77,13.76,13.75,13.74,13.73,13.72,13.71,13.7,13.69,13.68,13.78,13.8,13.81,13.82,13.83,13.84,13.85,13.86,13.87,13.88,5100,3000,17600,14700,32100,96600,83200,81800,3100,28400,8700,9200,7500,23200,4000,4500,14900,3900,1100,5000
13138.0,13.78,20406700,279112165.0,13.77,13.76,13.75,13.74,13.73,13.72,13.71,13.7,13.69,13.68,13.78,13.79,13.8,13.81,13.82,13.83,13.84,13.85,13.86,13.87,5100,3000,17600,14700,32100,96600,83200,81800,3100,28400,8700,100,9200,7500,23200,4000,4500,14900,3900,1100
13139.0,13.78,20406700,279112165.0,13.77,13.76,13.75,13.74,13.73,13.72,13.71,13.7,13.69,13.68,13.78,13.79,13.8,13.81,13.82,13.83,13.84,13.85,13.86,13.87,6600,3000,17600,14700,32100,96600,83200,81800,3100,28400,8700,100,9200,7500,23200,4000,4500,14900,3900,1100
13140.0,13.78,20408400,279135585.0,13.77,13.76,13.75,13.74,13.73,13.72,13.71,13.7,13.69,13.68,13.78,13.79,13.8,13.81,13.82,13.83,13.84,13.85,13.86,13.87,6000,3000,17600,14700,32100,96600,83200,81800,3100,28400,7600,100,10400,7500,23200,4000,6700,14900,3900,1100
13141.0,13.78,20409200,279146609.0,13.77,13.76,13.75,13.74,13.73,13.72,13.71,13.7,13.69,13.68,13.78,13.79,13.8,13.81,13.82,13.83,13.84,13.85,13.86,13.87,6000,3300,17600,14700,32100,96600,83200,81800,3100,28400,6800,100,10400,7500,23200,4000,6700,14900,3900,1100
13142.0,13.77,20409500,279150741.0,13.77,13.76,13.75,13.74,13.73,13.72,13.71,13.7,13.69,13.68,13.78,13.79,13.8,13.81,13.82,13.83,13.84,13.85,13.86,13.87,5800,3300,17600,14700,32100,96600,83200,81800,3100,28400,6700,100,10400,7500,23200,4000,6700,14900,3900,1100
13143.0,13.77,20410600,279165894.0,13.77,13.76,13.75,13.74,13.73,13.72,13.71,13.7,13.69,13.68,13.78,13.79,13.8,13.81,13.82,13.83,13.84,13.85,13.86,13.87,5300,3300,17600,14700,32100,96600,83200,81800,3100,28400,6100,100,10400,7500,23200,4000,6700,14900,3900,1100
13144.0,13.77,20410800,279168648.0,13.77,13.76,13.75,13.74,13.73,13.72,13.71,13.7,13.69,13.68,13.78,13.79,13.8,13.81,13.82,13.83,13.84,13.85,13.86,13.87,5100,3300,17600,14700,32100,96600,83200,81800,3100,28400,6100,100,10400,7500,23200,4000,6700,14900,3900,1100
13145.0,13.77,20411300,279175533.0,13.77,13.76,13.75,13.74,13.73,13.72,13.71,13.7,13.69,13.68,13.78,13.79,13.8,13.81,13.82,13.83,13.84,13.85,13.86,13.87,5400,3300,17600,14700,32100,96600,83200,81800,3100,28400,6100,100,10400,7500,23200,4000,6700,14900,3900,1100
13146.0,13.78,20411900,279183801.0,13.77,13.76,13.75,13.74,13.73,13.72,13.71,13.7,13.69,13.68,13.78,13.79,13.8,13.81,13.82,13.83,13.84,13.85,13.86,13.87,5400,3300,17600,14700,32100,96600,83200,81800,3100,28400,6500,100,10400,7500,23200,4000,6700,14900,3900,1100
13147.0,13.77,20413700,279208600.0,13.77,13.76,13.75,13.74,13.73,13.72,13.71,13.7,13.69,13.68,13.78,13.79,13.8,13.81,13.82,13.83,13.84,13.85,13.86,13.87,4900,3300,17600,14700,32100,96600,83200,81800,3100,28400,5200,100,10400,7500,23200,4000,6700,14900,3900,1100
13148.0,13.78,20414100,279214112.0,13.77,13.76,13.75,13.74,13.73,13.72,13.71,13.7,13.69,13.68,13.78,13.79,13.8,13.81,13.82,13.83,13.84,13.85,13.86,13.87,4900,3300,17600,14700,32100,96600,83200,81800,3100,28400,4800,100,10700,7500,23200,4000,6700,14900,3900,1100
13149.0,13.78,20414500,279219624.0,13.77,13.76,13.75,13.74,13.73,13.72,13.71,13.7,13.69,13.68,13.78,13.79,13.8,13.81,13.82,13.83,13.84,13.85,13.86,13.87,4900,3300,17600,14700,32100,96600,83500,81800,3100,28400,4400,100,10700,7500,23200,4000,6700,14900,3900,1100
13150.0,13.78,20414500,279219624.0,13.77,13.76,13.75,13.74,13.73,13.72,13.71,13.7,13.69,13.68,13.78,13.79,13.8,13.81,13.82,13.83,13.84,13.85,13.86,13.87,4900,3500,17600,14700,32100,96600,83500,81800,3100,28400,4400,100,10700,7500,23200,4000,6700,14900,3900,1100
13151.0,13.78,20414900,279225136.0,13.77,13.76,13.75,13.74,13.73,13.72,13.71,13.7,13.69,13.68,13.78,13.79,13.8,13.81,13.82,13.83,13.84,13.85,13.86,13.87,4900,3500,17600,14700,32100,96600,83500,81800,3100,28400,4000,5300,10700,7500,23200,4000,6700,14900,3900,1100
13152.0,13.77,20415800,279237529.0,13.77,13.76,13.75,13.74,13.73,13.72,13.71,13.7,13.69,13.68,13.78,13.79,13.8,13.81,13.82,13.83,13.84,13.85,13.86,13.87,4000,3700,17600,14700,32100,96600,83500,81800,3100,28400,4000,5300,10700,7500,23200,4000,6700,14900,3900,1100
13153.0,13.77,20415800,279237529.0,13.77,13.76,13.75,13.74,13.73,13.72,13.71,13.7,13.69,13.68,13.78,13.79,13.8,13.81,13.82,13.83,13.84,13.85,13.86,13.87,4000,3700,17600,14700,32100,96600,83500,81800,3100,28400,4200,5300,10700,7500,23200,4000,6700,14900,3900,1100
13154.0,13.77,20416200,279243037.0,13.77,13.76,13.75,13.74,13.73,13.72,13.71,13.7,13.69,13.68,13.78,13.79,13.8,13.81,13.82,13.83,13.84,13.85,13.86,13.87,3600,3700,17600,14700,32100,96600,83500,81800,3100,28400,4200,5300,10700,7500,23200,4000,6700,14900,3900,1100
13155.0,13.77,20417200,279256816.0,13.77,13.76,13.75,13.74,13.73,13.72,13.71,13.7,13.69,13.68,13.78,13.79,13.8,13.81,13.82,13.83,13.84,13.85,13.86,13.87,3500,3700,17600,14700,32100,96600,83500,81800,3100,28400,3300,5300,11200,7500,23200,4000,6700,14900,3900,1100
13156.0,13.76,20424700,279360051.0,13.75,13.74,13.73,13.72,13.71,13.7,13.69,13.68,13.67,13.66,13.76,13.77,13.78,13.79,13.8,13.81,13.82,13.83,13.84,13.85,17600,14700,32100,96600,83500,81800,3100,28400,19100,18600,2500,500,3300,5600,11200,7500,23200,4000,6700,14900
13157.0,13.76,20424700,279360051.0,13.75,13.74,13.73,13.72,13.71,13.7,13.69,13.68,13.67,13.66,13.76,13.77,13.78,13.79,13.8,13.81,13.82,13.83,13.84,13.85,17600,14700,32100,96600,83500,81800,3100,28400,19100,18600,2500,500,3300,5600,11200,7500,23200,4000,6700,14900
13158.0,13.76,20425400,279369683.0,13.75,13.74,13.73,13.72,13.71,13.7,13.69,13.68,13.67,13.66,13.76,13.77,13.78,13.79,13.8,13.81,13.82,13.83,13.84,13.85,17600,14700,32100,96600,83500,81800,3100,28400,19100,18600,1800,500,3300,7800,11200,7500,23200,4000,6700,14900
13159.0,13.76,20425900,279376563.0,13.75,13.74,13.73,13.72,13.71,13.7,13.69,13.68,13.67,13.66,13.76,13.77,13.78,13.79,13.8,13.81,13.82,13.83,13.84,13.85,17600,14700,32100,96600,83500,81800,3100,28400,19100,18600,1300,500,3300,7800,11200,7500,23200,4000,6700,14900
13160.0,13.76,20426000,279377939.0,13.75,13.74,13.73,13.72,13.71,13.7,13.69,13.68,13.67,13.66,13.76,13.77,13.78,13.79,13.8,13.81,13.82,13.83,13.84,13.85,17600,14700,32100,96600,83500,81800,3100,28400,19100,18600,1200,500,3300,7800,11200,7500,23200,4000,6700,14900
13161.0,13.75,20426700,279387564.0,13.75,13.74,13.73,13.72,13.71,13.7,13.69,13.68,13.67,13.66,13.76,13.77,13.78,13.79,13.8,13.81,13.82,13.83,13.84,13.85,16900,14700,32100,96600,83500,81800,3100,28400,19100,18600,1200,500,3300,7800,11200,7500,23200,4000,6700,14900
13162.0,13.75,20426700,279387564.0,13.75,13.74,13.73,13.72,13.71,13.7,13.69,13.68,13.67,13.66,13.76,13.77,13.78,13.79,13.8,13.81,13.82,13.83,13.84,13.85,16600,14700,32100,96600,83500,81800,3100,28400,19100,18600,1200,500,3300,7800,11200,7500,23200,4000,6700,14900
13163.0,13.76,20426900,279390316.0,13.75,13.74,13.73,13.72,13.71,13.7,13.69,13.68,13.67,13.66,13.76,13.77,13.78,13.79,13.8,13.81,13.82,13.83,13.84,13.85,16600,14700,32100,96600,83500,81800,3100,28400,19100,18600,1000,500,3300,7800,11200,7500,23200,4000,6700,14900
13164.0,13.76,20426900,279390316.0,13.75,13.74,13.73,13.72,13.71,13.7,13.69,13.68,13.67,13.66,13.76,13.77,13.78,13.79,13.8,13.81,13.82,13.83,13.84,13.85,16600,14700,32100,96600,83500,81800,3100,28400,19100,18600,1300,500,3300,16900,11200,7500,23200,4000,6700,14900
13165.0,13.76,20427900,279404076.0,13.75,13.74,13.73,13.72,13.71,13.7,13.69,13.68,13.67,13.66,13.76,13.77,13.78,13.79,13.8,13.81,13.82,13.83,13.84,13.85,16600,14700,32100,96600,83500,81800,3100,28400,19100,18600,300,500,3300,16900,11200,7500,23200,4000,6700,14900
13166.0,13.76,20427900,279404076.0,13.75,13.74,13.73,13.72,13.71,13.7,13.69,13.68,13.67,13.66,13.76,13.77,13.78,13.79,13.8,13.81,13.82,13.83,13.84,13.85,16600,14700,32100,96600,83500,81800,3100,28400,19100,18600,300,500,3300,16900,11200,7500,23200,4000,6700,14900
13167.0,13.76,20427900,279404076.0,13.75,13.74,13.73,13.72,13.71,13.7,13.69,13.68,13.67,13.66,13.76,13.77,13.78,13.79,13.8,13.81,13.82,13.83,13.84,13.85,16600,14700,32100,96600,83500,81800,3100,28400,19100,18600,600,500,3300,16900,11200,7500,23200,4000,6700,14700
13168.0,13.75,20428600,279413701.0,13.75,13.74,13.73,13.72,13.71,13.7,13.69,13.68,13.67,13.66,13.76,13.77,13.78,13.79,13.8,13.81,13.82,13.83,13.84,13.85,15900,14700,32100,96600,83500,81800,3100,28400,19100,18600,600,500,3300,16900,11200,7500,23200,4000,6700,14700
13169.0,13.76,20429200,279421957.0,13.75,13.74,13.73,13.72,13.71,13.7,13.69,13.68,13.67,13.66,13.77,13.78,13.79,13.8,13.81,13.82,13.83,13.84,13.85,13.86,15900,14700,32300,96600,83500,81800,3100,28400,19100,18600,500,3300,16900,11200,7500,23200,4000,6700,14700,3900
13170.0,13.76,20429200,279421957.0,13.75,13.74,13.73,13.72,13.71,13.7,13.69,13.68,13.67,13.66,13.77,13.78,13.79,13.8,13.81,13.82,13.83,13.84,13.85,13.86,17000,14700,32300,96600,83500,81800,3100,28400,19100,18600,1600,3300,16900,11200,7500,23200,4000,6700,14700,3900
13171.0,13.76,20429200,279421957.0,13.75,13.74,13.73,13.72,13.71,13.7,13.69,13.68,13.67,13.66,13.77,13.78,13.79,13.8,13.81,13.82,13.83,13.84,13.85,13.86,17000,14700,32300,96600,83500,81800,3100,28400,19100,18600,1600,3300,16900,11000,7500,22600,4000,6700,14700,3900
13172.0,13.77,20429300,279423334.0,13.75,13.74,13.73,13.72,13.71,13.7,13.69,13.68,13.67,13.66,13.77,13.78,13.79,13.8,13.81,13.82,13.83,13.84,13.85,13.86,18000,14700,32300,96600,83500,81800,3100,28400,19100,18600,2000,3800,16900,11000,7500,22900,4000,6700,14700,3900
13173.0,13.77,20429300,279423334.0,13.75,13.74,13.73,13.72,13.71,13.7,13.69,13.68,13.67,13.66,13.77,13.78,13.79,13.8,13.81,13.82,13.83,13.84,13.85,13.86,19100,14700,32300,96600,83500,81800,3100,28400,19100,18600,3100,3800,16900,11000,7500,22900,4000,6700,14700,3900
13174.0,13.76,20429800,279430214.0,13.76,13.75,13.74,13.73,13.72,13.71,13.7,13.69,13.68,13.67,13.77,13.78,13.79,13.8,13.81,13.82,13.83,13.84,13.85,13.86,2500,19600,14700,32300,96600,83500,81800,3100,28400,19100,3600,3800,16900,11300,7500,22900,4000,6700,14700,3900
13175.0,13.77,20430300,279437097.0,13.76,13.75,13.74,13.73,13.72,13.71,13.7,13.69,13.68,13.67,13.77,13.78,13.79,13.8,13.81,13.82,13.83,13.84,13.85,13.86,2300,19600,14700,32300,96600,83500,81800,3100,28400,19100,3300,3800,16900,11300,7500,22900,4000,6700,14700,3900
13176.0,13.76,20430600,279441225.0,13.76,13.75,13.74,13.73,13.72,13.71,13.7,13.69,13.68,13.67,13.77,13.78,13.79,13.8,13.81,13.82,13.83,13.84,13.85,13.86,2000,19600,14700,32300,96600,83500,81800,3100,28400,19100,3300,3800,16900,11300,7500,22900,4000,6700,14700,3900
13177.0,13.76,20432900,279472876.0,13.75,13.74,13.73,13.72,13.71,13.7,13.69,13.68,13.67,13.66,13.76,13.77,13.78,13.79,13.8,13.81,13.82,13.83,13.84,13.85,19600,14700,32300,96600,83500,81800,3100,28400,19100,18600,600,3000,3800,16900,11300,7500,22900,4000,6700,14700
13178.0,13.75,20433400,279479751.0,13.75,13.74,13.73,13.72,13.71,13.7,13.69,13.68,13.67,13.66,13.76,13.77,13.78,13.79,13.8,13.81,13.82,13.83,13.84,13.85,19100,14700,32300,96600,83500,81800,3100,28400,19300,18600,600,3000,3800,16900,11300,7500,22900,4000,6700,14700
13179.0,13.75,20433400,279479751.0,13.75,13.74,13.73,13.72,13.71,13.7,13.69,13.68,13.67,13.66,13.76,13.77,13.78,13.79,13.8,13.81,13.82,13.83,13.84,13.85,19200,14700,32300,96600,83500,81800,3100,28400,19300,18600,600,3000,3800,16900,11300,7500,22900,4000,6700,14700
13180.0,13.76,20433500,279481127.0,13.75,13.74,13.73,13.72,13.71,13.7,13.69,13.68,13.67,13.66,13.76,13.77,13.78,13.79,13.8,13.81,13.82,13.83,13.84,13.85,19200,14700,32300,96600,83500,81800,3100,28400,19300,18600,500,3000,3800,16900,11300,7500,22900,4000,6700,14700
13181.0,13.75,20434200,279490752.0,13.75,13.74,13.73,13.72,13.71,13.7,13.69,13.68,13.67,13.66,13.76,13.77,13.78,13.79,13.8,13.81,13.82,13.83,13.84,13.85,18500,14700,32300,96600,83500,82000,3100,28400,19300,18600,500,3000,3800,16900,11300,7500,22900,4000,6700,14700
13182.0,13.75,20434200,279490752.0,13.75,13.74,13.73,13.72,13.71,13.7,13.69,13.68,13.67,13.66,13.76,13.77,13.78,13.79,13.8,13.81,13.82,13.83,13.84,13.85,18500,14700,32300,96600,83500,82000,3100,28400,19300,18600,500,5000,3800,16900,11300,7500,22900,4000,6700,14700
13183.0,13.75,20434200,279490752.0,13.75,13.74,13.73,13.72,13.71,13.7,13.69,13.68,13.67,13.66,13.76,13.77,13.78,13.79,13.8,13.81,13.82,13.83,13.84,13.85,18500,14700,32300,96600,83500,82000,3100,28400,19300,18600,500,5000,3800,16900,11300,7500,22900,4000,6700,14700
13184.0,13.75,20434200,279490752.0,13.75,13.74,13.73,13.72,13.71,13.7,13.69,13.68,13.67,13.66,13.76,13.77,13.78,13.79,13.8,13.81,13.82,13.83,13.84,13.85,18500,14700,32300,96600,83500,82000,3100,28400,19300,18600,500,5900,5900,16900,11300,7500,22900,4000,6700,14700
13185.0,13.75,20434200,279490752.0,13.75,13.74,13.73,13.72,13.71,13.7,13.69,13.68,13.67,13.66,13.76,13.77,13.78,13.79,13.8,13.81,13.82,13.83,13.84,13.85,18500,14700,32300,96600,83500,82000,3100,28400,19300,18600,500,5900,5900,16900,11300,7500,22900,4000,6700,14700
13186.0,13.75,20435700,279511377.0,13.75,13.74,13.73,13.72,13.71,13.7,13.69,13.68,13.67,13.66,13.76,13.77,13.78,13.79,13.8,13.81,13.82,13.83,13.84,13.85,17000,14700,32300,96600,83500,82000,3100,28400,19300,18600,7100,5900,5900,16900,11300,7500,22900,4000,6700,14700
13187.0,13.75,20435700,279511377.0,13.75,13.74,13.73,13.72,13.71,13.7,13.69,13.68,13.67,13.66,13.76,13.77,13.78,13.79,13.8,13.81,13.82,13.83,13.84,13.85,17300,13700,32300,96600,83500,82000,3100,28400,19300,18600,7100,5900,5900,16900,11300,7500,22900,4000,6700,14700
13188.0,13.75,20436400,279521002.0,13.75,13.74,13.73,13.72,13.71,13.7,13.69,13.68,13.67,13.66,13.76,13.77,13.78,13.79,13.8,13.81,13.82,13.83,13.84,13.85,16600,13700,32300,96600,83500,82000,3100,28400,19300,18600,7100,8100,5900,16900,11300,7500,22900,4000,6700,14700
13189.0,13.76,20437400,279534762.0,13.75,13.74,13.73,13.72,13.71,13.7,13.69,13.68,13.67,13.66,13.76,13.77,13.78,13.79,13.8,13.81,13.82,13.83,13.84,13.85,16600,13700,32300,96600,83500,82000,3100,28400,19300,18600,6100,8100,5900,16900,11300,7500,22900,4000,6700,14700
13190.0,13.76,20440400,279576042.0,13.75,13.74,13.73,13.72,13.71,13.7,13.69,13.68,13.67,13.66,13.76,13.77,13.78,13.79,13.8,13.81,13.82,13.83,13.84,13.85,17000,13700,32600,96600,83500,82000,3100,28400,19300,18600,8200,8100,5900,16900,11300,7500,22900,4000,6700,14700
13191.0,13.75,20448400,279686056.0,13.75,13.74,13.73,13.72,13.71,13.7,13.69,13.68,13.67,13.66,13.76,13.77,13.78,13.79,13.8,13.81,13.82,13.83,13.84,13.85,10400,13700,32600,96600,83500,82000,3100,28400,19300,18600,6800,8100,5900,16900,11300,7500,22900,4000,6700,14700
13192.0,13.76,20449000,279694312.0,13.75,13.74,13.73,13.72,13.71,13.7,13.69,13.68,13.67,13.66,13.76,13.77,13.78,13.79,13.8,13.81,13.82,13.83,13.84,13.85,10400,13700,32600,96600,83500,82000,3100,28400,19300,18600,8800,8100,5900,16900,11300,7500,22900,4000,6700,14700
13193.0,13.75,20451900,279734187.0,13.75,13.74,13.73,13.72,13.71,13.7,13.69,13.68,13.67,13.66,13.76,13.77,13.78,13.79,13.8,13.81,13.82,13.83,13.84,13.85,9300,13700,32600,96600,83500,82000,3100,28400,19300,18600,10000,8100,5900,16900,11300,7500,22900,4000,6700,14700
13194.0,13.76,20452600,279743819.0,13.75,13.74,13.73,13.72,13.71,13.7,13.69,13.68,13.67,13.66,13.76,13.77,13.78,13.79,13.8,13.81,13.82,13.83,13.84,13.85,9300,13700,32600,96600,83500,82000,3100,28400,19300,18600,10300,8100,5900,16900,11300,7500,22900,4000,6700,14700
13195.0,13.75,20453300,279753444.0,13.75,13.74,13.73,13.72,13.71,13.7,13.69,13.68,13.67,13.66,13.76,13.77,13.78,13.79,13.8,13.81,13.82,13.83,13.84,13.85,8600,13700,32600,96600,83500,82000,3100,28400,19300,18600,10300,8100,5900,16900,11300,7500,22900,4000,6700,14700
13196.0,13.75,20453300,279753444.0,13.75,13.74,13.73,13.72,13.71,13.7,13.69,13.68,13.67,13.66,13.76,13.77,13.78,13.79,13.8,13.81,13.82,13.83,13.84,13.85,8600,13800,32600,96600,83500,82500,3100,28400,19300,18600,10300,8100,5900,16900,11300,7500,22900,4000,6700,14700
13197.0,13.76,20454000,279763076.0,13.75,13.74,13.73,13.72,13.71,13.7,13.69,13.68,13.67,13.66,13.76,13.77,13.78,13.79,13.8,13.81,13.82,13.83,13.84,13.85,8600,13800,32600,96600,83500,82500,3100,28400,19300,18600,9600,13100,5900,16900,11300,7500,22900,4000,6700,14700
13198.0,13.76,20454000,279763076.0,13.75,13.74,13.73,13.72,13.71,13.7,13.69,13.68,13.67,13.66,13.76,13.77,13.78,13.79,13.8,13.81,13.82,13.83,13.84,13.85,9100,13800,32600,96600,83500,82500,3100,28400,19300,18600,9600,13100,5900,16900,11300,7500,22900,4000,6700,14700
13199.0,13.73,20504200,280452642.0,13.73,13.72,13.71,13.7,13.69,13.68,13.67,13.66,13.65,13.64,13.76,13.77,13.78,13.79,13.8,13.81,13.82,13.83,13.84,13.85,5600,96600,83500,82500,3100,28400,19300,18600,41100,2100,9600,13100,5900,16900,11500,7500,22900,4000,6700,14700
13200.0,13.76,20504900,280462274.0,13.73,13.72,13.71,13.7,13.69,13.68,13.67,13.66,13.65,13.64,13.76,13.77,13.78,13.79,13.8,13.81,13.82,13.83,13.84,13.85,5600,96600,83500,82500,3100,28400,19300,18600,41100,2100,8900,13100,5900,16900,11500,7500,22900,4000,6700,14700
13201.0,13.76,20504900,280462274.0,13.73,13.72,13.71,13.7,13.69,13.68,13.67,13.66,13.65,13.64,13.76,13.77,13.78,13.79,13.8,13.81,13.82,13.83,13.84,13.85,7300,97000,83500,82500,3100,28400,19300,18600,41100,2100,10600,13100,5900,16900,11500,7500,22900,4000,6700,14700
13202.0,13.76,20507000,280491149.0,13.73,13.72,13.71,13.7,13.69,13.68,13.67,13.66,13.65,13.64,13.75,13.76,13.77,13.78,13.79,13.8,13.81,13.82,13.83,13.84,7600,97000,83500,82500,3100,28400,19300,18600,41100,2100,500,9900,13100,5900,16900,11500,7500,22900,4000,6700
13203.0,13.76,20507000,280491149.0,13.73,13.72,13.71,13.7,13.69,13.68,13.67,13.66,13.65,13.64,13.75,13.76,13.77,13.78,13.79,13.8,13.81,13.82,13.83,13.84,9300,97000,83500,82500,3100,28400,19300,18600,41100,2100,2400,9900,13100,5900,16900,11500,7500,22900,4000,6700
13204.0,13.75,20507400,280496649.0,13.73,13.72,13.71,13.7,13.69,13.68,13.67,13.66,13.65,13.64,13.75,13.76,13.77,13.78,13.79,13.8,13.81,13.82,13.83,13.84,10000,97400,83500,82500,3100,28400,19300,18600,41100,2100,5700,9900,13100,5900,16900,11500,7500,22900,4000,6700
13205.0,13.75,20509400,280524119.0,13.73,13.72,13.71,13.7,13.69,13.68,13.67,13.66,13.65,13.64,13.75,13.76,13.77,13.78,13.79,13.8,13.81,13.82,13.83,13.84,8500,97400,83500,82500,3100,28400,19300,18600,41100,2100,5200,9900,13100,5900,16600,11500,7500,22900,4000,6700
13206.0,13.75,20509400,280524119.0,13.73,13.72,13.71,13.7,13.69,13.68,13.67,13.66,13.65,13.64,13.75,13.76,13.77,13.78,13.79,13.8,13.81,13.82,13.83,13.84,9700,97400,83500,82500,3100,28400,19300,18600,41100,2100,6400,9900,13100,5900,16600,11500,7500,22900,4000,6700
13207.0,13.75,20509400,280524119.0,13.73,13.72,13.71,13.7,13.69,13.68,13.67,13.66,13.65,13.64,13.75,13.76,13.77,13.78,13.79,13.8,13.81,13.82,13.83,13.84,9700,97400,83500,82500,3100,28400,19300,18600,41100,2100,6400,9900,13100,5900,16600,11500,7500,22900,4000,6700
13208.0,13.75,20510000,280532369.0,13.73,13.72,13.71,13.7,13.69,13.68,13.67,13.66,13.65,13.64,13.75,13.76,13.77,13.78,13.79,13.8,13.81,13.82,13.83,13.84,9700,97400,83500,82500,3100,28400,19300,18600,41100,2100,6000,9900,13100,5900,16600,11500,7500,22900,4000,6700
13209.0,13.73,20510700,280541980.0,13.73,13.72,13.71,13.7,13.69,13.68,13.67,13.66,13.65,13.64,13.75,13.76,13.77,13.78,13.79,13.8,13.81,13.82,13.83,13.84,10400,97400,83500,82500,3100,28400,19300,18600,41100,2100,7200,9900,13100,5900,16600,11500,7500,22900,4000,6700
13210.0,13.73,20510700,280541980.0,13.73,13.72,13.71,13.7,13.69,13.68,13.67,13.66,13.65,13.64,13.75,13.76,13.77,13.78,13.79,13.8,13.81,13.82,13.83,13.84,10400,97400,83500,82500,3100,28400,19300,18600,41100,2100,7200,9900,13100,7500,16600,11500,7500,22900,4000,6700
13211.0,13.75,20511400,280551605.0,13.73,13.72,13.71,13.7,13.69,13.68,13.67,13.66,13.65,13.64,13.75,13.76,13.77,13.78,13.79,13.8,13.81,13.82,13.83,13.84,21600,97400,83500,82600,3100,28400,19300,18600,41100,2100,7500,9900,13100,7500,16600,11500,7500,22900,4000,6700
13212.0,13.75,20511400,280551605.0,13.73,13.72,13.71,13.7,13.69,13.68,13.67,13.66,13.65,13.64,13.75,13.76,13.77,13.78,13.79,13.8,13.81,13.82,13.83,13.84,21600,97400,83500,82600,3100,28400,19300,18600,41100,2100,7500,8700,13100,7500,16600,11500,7500,22900,4000,6700
13213.0,13.73,20513600,280581853.0,13.73,13.72,13.71,13.7,13.69,13.68,13.67,13.66,13.65,13.64,13.75,13.76,13.77,13.78,13.79,13.8,13.81,13.82,13.83,13.84,22700,98500,83500,82600,3100,28400,19300,18600,41100,2100,6600,8700,13100,7500,16600,11500,7500,22900,4000,6700
13214.0,13.73,20515500,280607940.0,13.73,13.72,13.71,13.7,13.69,13.68,13.67,13.66,13.65,13.64,13.75,13.76,13.77,13.78,13.79,13.8,13.81,13.82,13.83,13.84,23800,98500,83500,82600,3100,28400,19300,18600,41100,2100,6600,8700,13100,7500,16600,11500,7500,22900,4000,6700
13215.0,13.73,20525700,280747986.0,13.73,13.72,13.71,13.7,13.69,13.68,13.67,13.66,13.65,13.64,13.75,13.76,13.77,13.78,13.79,13.8,13.81,13.82,13.83,13.84,14300,98800,83500,82600,3100,28400,19300,18600,41100,2100,7300,8700,13100,7500,16600,10800,7500,22900,4000,6700
13216.0,13.73,20532100,280835872.0,13.73,13.72,13.71,13.7,13.69,13.68,13.67,13.66,13.65,13.64,13.75,13.76,13.77,13.78,13.79,13.8,13.81,13.82,13.83,13.84,9100,98800,83500,82600,3100,28400,19300,18600,41100,2100,7100,8700,13100,7500,16600,10800,7500,22900,4000,6700
13217.0,13.75,20533200,280850997.0,13.73,13.72,13.71,13.7,13.69,13.68,13.67,13.66,13.65,13.64,13.75,13.76,13.77,13.78,13.79,13.8,13.81,13.82,13.83,13.84,9100,98800,83500,82600,3100,28400,19300,18600,41100,2100,6000,8700,13100,7500,16600,11200,7500,22900,4000,6700
13218.0,13.73,20534100,280863366.0,13.73,13.72,13.71,13.7,13.69,13.68,13.67,13.66,13.65,13.64,13.75,13.76,13.77,13.78,13.79,13.8,13.81,13.82,13.83,13.84,10200,98800,85300,82600,3100,28400,19300,18600,41100,2100,10800,8700,13100,7500,16600,11200,7500,22900,4000,6700
13219.0,13.73,20534100,280863366.0,13.73,13.72,13.71,13.7,13.69,13.68,13.67,13.66,13.65,13.64,13.75,13.76,13.77,13.78,13.79,13.8,13.81,13.82,13.83,13.84,10200,98800,85300,82600,3100,26900,19300,18600,41100,2100,10800,8700,13100,7500,16500,11200,7500,22900,4000,6700
13220.0,13.73,20534500,280868858.0,13.73,13.72,13.71,13.7,13.69,13.68,13.67,13.66,13.65,13.64,13.75,13.76,13.77,13.78,13.79,13.8,13.81,13.82,13.83,13.84,9800,98800,85300,82600,3100,26900,19300,18600,41100,2100,10800,8700,13100,7500,16500,11200,7500,22900,4000,6700
13221.0,13.75,20535200,280878483.0,13.73,13.72,13.71,13.7,13.69,13.68,13.67,13.66,13.65,13.64,13.75,13.76,13.77,13.78,13.79,13.8,13.81,13.82,13.83,13.84,11200,98800,85300,82600,3100,26900,19300,18600,41100,2100,11500,8700,13100,7500,16500,11200,7500,22800,4000,6700
13222.0,13.75,20535200,280878483.0,13.73,13.72,13.71,13.7,13.69,13.68,13.67,13.66,13.65,13.64,13.75,13.76,13.77,13.78,13.79,13.8,13.81,13.82,13.83,13.84,11200,98800,85300,82600,3100,26900,19300,18600,41100,2100,11500,9200,13100,7500,16500,11200,7500,22800,4000,6700
13223.0,13.73,20540900,280956744.0,13.73,13.72,13.71,13.7,13.69,13.68,13.67,13.66,13.65,13.64,13.75,13.76,13.77,13.78,13.79,13.8,13.81,13.82,13.83,13.84,6300,98800,85300,82600,3100,26900,19300,18600,41100,2100,12300,9200,13100,7500,16500,11200,7500,22800,4000,6700
13224.0,13.73,20543700,280995230.0,13.73,13.72,13.71,13.7,13.69,13.68,13.67,13.66,13.65,13.64,13.75,13.76,13.77,13.78,13.79,13.8,13.81,13.82,13.83,13.84,6200,98800,85300,82600,3100,26900,19300,18600,41100,2100,10800,9200,12900,7500,16500,11200,7500,22800,4000,6700
13225.0,13.73,20544300,281003468.0,13.73,13.72,13.71,13.7,13.69,13.68,13.67,13.66,13.65,13.64,13.75,13.76,13.77,13.78,13.79,13.8,13.81,13.82,13.83,13.84,5600,98900,85300,82600,3100,26900,19300,18600,41100,2100,10800,9200,12900,7500,16500,11200,7500,22800,4000,6700
13226.0,13.75,20551600,281103843.0,13.73,13.72,13.71,13.7,13.69,13.68,13.67,13.66,13.65,13.64,13.75,13.76,13.77,13.78,13.79,13.8,13.81,13.82,13.83,13.84,7000,101700,85300,82600,3100,26900,19300,18600,41100,2100,4900,9200,12900,7500,16500,11200,7500,22800,4000,6700
13227.0,13.75,20552000,281109343.0,13.73,13.72,13.71,13.7,13.69,13.68,13.67,13.66,13.65,13.64,13.75,13.76,13.77,13.78,13.79,13.8,13.81,13.82,13.83,13.84,7000,101700,85300,82600,3100,26900,19300,18600,41100,2100,4500,9200,12900,7500,16500,11200,7500,22800,4000,6700
13228.0,13.73,20553400,281128565.0,13.73,13.72,13.71,13.7,13.69,13.68,13.67,13.66,13.65,13.64,13.75,13.76,13.77,13.78,13.79,13.8,13.81,13.82,13.83,13.84,5600,101700,85300,82600,3100,26900,19300,18600,41100,2100,4500,9200,12900,7500,16500,11200,7500,22800,4000,6700
13229.0,13.75,20553800,281134065.0,13.73,13.72,13.71,13.7,13.69,13.68,13.67,13.66,13.65,13.64,13.75,13.76,13.77,13.78,13.79,13.8,13.81,13.82,13.83,13.84,6200,106200,85300,82200,3100,26900,19300,18600,41100,2100,4700,9200,12900,7500,16500,11200,7500,22800,4000,6700
13230.0,13.75,20554700,281146428.0,13.73,13.72,13.71,13.7,13.69,13.68,13.67,13.66,13.65,13.64,13.75,13.76,13.77,13.78,13.79,13.8,13.81,13.82,13.83,13.84,5600,106700,85300,82200,3100,26900,19300,18600,41100,2100,4400,9200,12900,7500,16500,11200,7500,22800,4000,6700
13231.0,13.75,20554700,281146428.0,13.73,13.72,13.71,13.7,13.69,13.68,13.67,13.66,13.65,13.64,13.75,13.76,13.77,13.78,13.79,13.8,13.81,13.82,13.83,13.84,5700,107400,85300,80800,3100,26900,19300,18600,41100,2100,4400,9200,12900,7500,16500,11200,7500,22800,4000,6700
13232.0,13.73,20557200,281180761.0,13.73,13.72,13.71,13.7,13.69,13.68,13.67,13.66,13.65,13.64,13.75,13.76,13.77,13.78,13.79,13.8,13.81,13.82,13.83,13.84,4200,107400,85300,80800,3100,26900,19300,18600,41100,2100,4600,9200,12900,7500,16500,11200,7500,22800,4000,6700
13233.0,13.73,20557200,281180761.0,13.73,13.72,13.71,13.7,13.69,13.68,13.67,13.66,13.65,13.64,13.75,13.76,13.77,13.78,13.79,13.8,13.81,13.82,13.83,13.84,4200,107400,85300,80800,3100,26900,19300,18600,41100,2100,4600,9200,12900,7500,16500,11200,7500,22800,4000,6700
13234.0,13.73,20558100,281193118.0,13.73,13.72,13.71,13.7,13.69,13.68,13.67,13.66,13.65,13.64,13.75,13.76,13.77,13.78,13.79,13.8,13.81,13.82,13.83,13.84,3900,108400,85300,80800,3100,28900,19300,18600,41100,2100,5200,9200,12900,7500,16500,11200,7500,22800,4000,6700
13235.0,13.75,20559600,281213743.0,13.73,13.72,13.71,13.7,13.69,13.68,13.67,13.66,13.65,13.64,13.75,13.76,13.77,13.78,13.79,13.8,13.81,13.82,13.83,13.84,4700,108400,85300,80800,3100,28900,21200,18600,41100,2100,3700,6500,12900,7500,16500,11200,7500,22800,4000,6700
13236.0,13.75,20559600,281213743.0,13.73,13.72,13.71,13.7,13.69,13.68,13.67,13.66,13.65,13.64,13.75,13.76,13.77,13.78,13.79,13.8,13.81,13.82,13.83,13.84,4700,108400,85300,80800,3100,28900,21200,18600,41100,2100,3900,6500,12900,7500,16500,11200,7500,22800,4000,6700
13237.0,13.73,20560000,281219235.0,13.73,13.72,13.71,13.7,13.69,13.68,13.67,13.66,13.65,13.64,13.75,13.76,13.77,13.78,13.79,13.8,13.81,13.82,13.83,13.84,4900,108400,85300,79300,3100,28900,21200,18600,41100,2100,4500,6500,23400,7500,16500,11200,7500,22800,4000,6700
13238.0,13.72,20565700,281297500.0,13.72,13.71,13.7,13.69,13.68,13.67,13.66,13.65,13.64,13.63,13.75,13.76,13.77,13.78,13.79,13.8,13.81,13.82,13.83,13.84,108000,84800,79300,3100,28900,21200,18600,41100,2100,4900,4100,6500,23400,7500,16500,11200,7500,22800,4000,6700
13239.0,13.72,20565700,281297500.0,13.72,13.71,13.7,13.69,13.68,13.67,13.66,13.65,13.64,13.63,13.75,13.76,13.77,13.78,13.79,13.8,13.81,13.82,13.83,13.84,108600,84800,79600,3100,28900,21200,18600,41100,2100,4900,5700,6500,23400,7500,16500,11200,7500,22800,4000,6700
13240.0,13.72,20565700,281297500.0,13.72,13.71,13.7,13.69,13.68,13.67,13.66,13.65,13.64,13.63,13.75,13.76,13.77,13.78,13.79,13.8,13.81,13.82,13.83,13.84,111200,84800,79600,3100,28900,21200,18600,41100,2100,4900,8300,6500,23400,7500,16500,11200,7500,22800,4000,6700
13241.0,13.75,20566400,281307125.0,13.72,13.71,13.7,13.69,13.68,13.67,13.66,13.65,13.64,13.63,13.75,13.76,13.77,13.78,13.79,13.8,13.81,13.82,13.83,13.84,111800,84200,79600,3100,28900,21200,18600,41100,2100,4900,7600,3900,23400,7500,16500,11200,7500,22800,4000,6700
13242.0,13.75,20566400,281307125.0,13.72,13.71,13.7,13.69,13.68,13.67,13.66,13.65,13.64,13.63,13.73,13.75,13.76,13.77,13.78,13.79,13.8,13.81,13.82,13.83,113400,84200,79600,3100,28900,21200,18600,41100,2100,4900,5000,9200,3900,23400,7500,16500,11200,7500,22800,4000
13243.0,13.73,20568400,281334585.0,13.72,13.71,13.7,13.69,13.68,13.67,13.66,13.65,13.64,13.63,13.73,13.75,13.76,13.77,13.78,13.79,13.8,13.81,13.82,13.83,115600,84200,79600,3100,29400,21200,18600,41100,2100,4900,3000,9200,3900,23400,7500,16500,11200,7500,22800,4000
13244.0,13.72,20569100,281344189.0,13.72,13.71,13.7,13.69,13.68,13.67,13.66,13.65,13.64,13.63,13.73,13.75,13.76,13.77,13.78,13.79,13.8,13.81,13.82,13.83,115100,84200,79600,3100,29400,21200,18600,41100,2100,4900,3000,14300,3900,23400,7500,16500,11200,7500,22800,4000
13245.0,13.73,20569400,281348308.0,13.72,13.71,13.7,13.69,13.68,13.67,13.66,13.65,13.64,13.63,13.73,13.75,13.76,13.77,13.78,13.79,13.8,13.81,13.82,13.83,115100,84200,79600,3100,29400,21200,18600,41100,2100,4900,2700,14300,3900,23400,7500,16500,11200,7500,22800,4000
13246.0,13.73,20570600,281364784.0,13.72,13.71,13.7,13.69,13.68,13.67,13.66,13.65,13.64,13.63,13.73,13.75,13.76,13.77,13.78,13.79,13.8,13.81,13.82,13.83,115100,84200,79600,3100,29400,21200,18600,41100,2100,4900,1500,14300,3900,23400,7500,16500,18200,7500,22800,4000
13247.0,13.73,20570900,281368903.0,13.72,13.71,13.7,13.69,13.68,13.67,13.66,13.65,13.64,13.63,13.73,13.75,13.76,13.77,13.78,13.79,13.8,13.81,13.82,13.83,115100,84200,79600,3100,29400,21200,18600,41100,2100,4900,1200,14300,3900,23400,7500,16500,18200,7500,22800,4000
13248.0,13.73,20571000,281370276.0,13.72,13.71,13.7,13.69,13.68,13.67,13.66,13.65,13.64,13.63,13.73,13.75,13.76,13.77,13.78,13.79,13.8,13.81,13.82,13.83,115100,84200,85300,3100,29400,21200,18600,41100,2100,4900,1100,17800,3900,23400,7500,16500,18200,7500,22300,4000
13249.0,13.73,20571000,281370276.0,13.72,13.71,13.7,13.69,13.68,13.67,13.66,13.65,13.64,13.63,13.73,13.75,13.76,13.77,13.78,13.79,13.8,13.81,13.82,13.83,115100,85700,85300,3100,29400,21200,18600,41100,2100,4900,1100,17800,3900,23400,7500,16500,18200,7500,22300,4000
13250.0,13.73,20572900,281396360.0,13.73,13.72,13.71,13.7,13.69,13.68,13.67,13.66,13.65,13.64,13.75,13.76,13.77,13.78,13.79,13.8,13.81,13.82,13.83,13.84,2600,118500,85700,85300,3100,29400,21200,18600,41600,2100,17800,3900,23400,7500,16500,18200,7500,22300,4000,6700
13251.0,13.73,20573800,281408731.0,13.73,13.72,13.71,13.7,13.69,13.68,13.67,13.66,13.65,13.64,13.75,13.76,13.77,13.78,13.79,13.8,13.81,13.82,13.83,13.84,2400,118900,85700,85300,3100,29400,21200,18600,41600,2100,17100,3900,23400,7500,16500,18200,7500,22300,4000,6700
13252.0,13.73,20573800,281408731.0,13.73,13.72,13.71,13.7,13.69,13.68,13.67,13.66,13.65,13.64,13.75,13.76,13.77,13.78,13.79,13.8,13.81,13.82,13.83,13.84,2400,118900,85700,85300,3100,29400,21200,18600,41600,2100,17800,3900,23600,7500,16500,18200,7500,22300,4000,6700
13253.0,13.75,20574500,281418356.0,13.73,13.72,13.71,13.7,13.69,13.68,13.67,13.66,13.65,13.64,13.75,13.76,13.77,13.78,13.79,13.8,13.81,13.82,13.83,13.84,2400,118900,85700,87300,3100,29400,21200,18600,41600,2100,17100,3900,23600,7500,16500,18200,7500,22300,4000,6700
13254.0,13.73,20575600,281433459.0,13.73,13.72,13.71,13.7,13.69,13.68,13.67,13.66,13.65,13.64,13.75,13.76,13.77,13.78,13.79,13.8,13.81,13.82,13.83,13.84,1300,118900,85700,87300,3100,29400,21200,18600,41600,2100,17100,4000,23600,7500,16500,18200,7500,22300,4000,6700
13255.0,13.73,20575600,281433459.0,13.73,13.72,13.71,13.7,13.69,13.68,13.67,13.66,13.65,13.64,13.75,13.76,13.77,13.78,13.79,13.8,13.81,13.82,13.83,13.84,1300,118900,85700,87300,3100,29400,21200,18600,41600,2100,17100,4000,23600,7500,16500,18200,7500,22300,4000,6700
13256.0,13.75,20576300,281443084.0,13.73,13.72,13.71,13.7,13.69,13.68,13.67,13.66,13.65,13.64,13.75,13.76,13.77,13.78,13.79,13.8,13.81,13.82,13.83,13.84,1300,120400,85700,87300,3100,29400,21200,18600,41600,2100,16400,4000,23600,7500,16500,18200,7500,22300,4000,6700
13257.0,13.75,20576300,281443084.0,13.73,13.72,13.71,13.7,13.69,13.68,13.67,13.66,13.65,13.64,13.75,13.76,13.77,13.78,13.79,13.8,13.81,13.82,13.83,13.84,1300,120400,85700,87300,3100,29400,21200,18600,41600,2100,16400,4000,23600,7500,16500,18200,7500,22300,4000,6700
13258.0,13.72,20582100,281522725.0,13.72,13.71,13.7,13.69,13.68,13.67,13.66,13.65,13.64,13.63,13.75,13.76,13.77,13.78,13.79,13.8,13.81,13.82,13.83,13.84,118300,85700,87300,3100,29400,21200,18600,41600,2100,4900,15000,4200,23600,7500,16500,18200,7500,22300,4000,6700
13259.0,13.75,20583500,281541954.0,13.72,13.71,13.7,13.69,13.68,13.67,13.66,13.65,13.64,13.63,13.73,13.75,13.76,13.77,13.78,13.79,13.8,13.81,13.82,13.83,120200,85700,87300,3100,29400,21200,18600,41600,2100,4900,500,16900,4300,23600,7500,16500,18200,7500,22300,4000
13260.0,13.75,20583500,281541954.0,13.72,13.71,13.7,13.69,13.68,13.67,13.66,13.65,13.64,13.63,13.73,13.75,13.76,13.77,13.78,13.79,13.8,13.81,13.82,13.83,120200,85700,87300,3100,29400,21200,17300,41600,2100,4900,500,16900,4300,23600,7500,16500,18200,7500,22300,4000
13261.0,13.73,20584000,281548819.0,13.73,13.72,13.71,13.7,13.69,13.68,13.67,13.66,13.65,13.64,13.75,13.76,13.77,13.78,13.79,13.8,13.81,13.82,13.83,13.84,2500,120900,85700,87900,3100,29400,21200,17300,41600,2100,16900,4300,23600,7500,16500,18200,7500,22300,4000,6700
13262.0,13.75,20584700,281558444.0,13.73,13.72,13.71,13.7,13.69,13.68,13.67,13.66,13.65,13.64,13.75,13.76,13.77,13.78,13.79,13.8,13.81,13.82,13.83,13.84,2500,120900,85700,87900,3100,29400,21200,17300,41600,2100,16200,4300,23600,7500,16500,18200,7500,22300,4000,6700
13263.0,13.73,20586000,281576293.0,13.73,13.72,13.71,13.7,13.69,13.68,13.67,13.66,13.65,13.64,13.75,13.76,13.77,13.78,13.79,13.8,13.81,13.82,13.83,13.84,1200,120900,85700,87900,3100,29400,21200,17300,41600,2100,16200,4300,23600,7500,16500,18200,7500,22300,4000,6700
13264.0,13.73,20586900,281588650.0,13.73,13.72,13.71,13.7,13.69,13.68,13.67,13.66,13.65,13.64,13.75,13.76,13.77,13.78,13.79,13.8,13.81,13.82,13.83,13.84,300,120900,85700,87900,3100,29400,21200,17300,41600,2100,16200,4300,23600,7500,16500,18200,7500,22300,4000,6700
13265.0,13.72,20588200,281606510.0,13.72,13.71,13.7,13.69,13.68,13.67,13.66,13.65,13.64,13.63,13.75,13.76,13.77,13.78,13.79,13.8,13.81,13.82,13.83,13.84,120600,85700,87900,3100,29400,21200,17300,41600,2100,4900,15500,4300,23600,7500,16500,18200,7500,22300,4000,6700
13266.0,13.72,20588900,281616114.0,13.72,13.71,13.7,13.69,13.68,13.67,13.66,13.65,13.64,13.63,13.73,13.75,13.76,13.77,13.78,13.79,13.8,13.81,13.82,13.83,120900,85700,87900,3100,29400,21200,17300,41600,2100,4900,2600,16500,4300,23600,8000,16500,18200,7500,22300,4000
13267.0,13.72,20589200,281620230.0,13.72,13.71,13.7,13.69,13.68,13.67,13.66,13.65,13.64,13.63,13.73,13.75,13.76,13.77,13.78,13.79,13.8,13.81,13.82,13.83,120600,85700,87900,3100,29400,21200,17300,41600,2100,4900,2600,16500,4300,23600,8000,16500,18200,7500,22300,4000
13268.0,13.73,20590300,281635333.0,13.72,13.71,13.7,13.69,13.68,13.67,13.66,13.65,13.64,13.63,13.73,13.75,13.76,13.77,13.78,13.79,13.8,13.81,13.82,13.83,122800,85700,88900,3100,29400,21200,17300,41600,2100,4900,1500,16500,4300,23600,8000,16500,18200,7500,22300,4000
13269.0,13.73,20590600,281639452.0,13.72,13.71,13.7,13.69,13.68,13.67,13.66,13.65,13.64,13.63,13.73,13.75,13.76,13.77,13.78,13.79,13.8,13.81,13.82,13.83,122800,85700,88900,3100,29400,21200,17300,41600,2100,4900,1200,16500,4300,23600,8000,16500,18200,7500,22300,4000
13270.0,13.73,20590600,281639452.0,13.72,13.71,13.7,13.69,13.68,13.67,13.66,13.65,13.64,13.63,13.73,13.75,13.76,13.77,13.78,13.79,13.8,13.81,13.82,13.83,122800,85700,88900,3100,28900,21200,17300,41600,2100,4900,1200,16500,4300,23600,5900,16500,20200,7500,22300,4000
13271.0,13.73,20592700,281668271.0,13.72,13.71,13.7,13.69,13.68,13.67,13.66,13.65,13.64,13.63,13.73,13.75,13.76,13.77,13.78,13.79,13.8,13.81,13.82,13.83,121400,85800,88900,3100,28900,21200,17300,41600,2100,4900,600,16500,4900,23600,5900,16500,20200,7500,22300,4000
13272.0,13.73,20592700,281668271.0,13.72,13.71,13.7,13.69,13.68,13.67,13.66,13.65,13.64,13.63,13.73,13.75,13.76,13.77,13.78,13.79,13.8,13.81,13.82,13.83,121400,85800,88900,3100,28900,21200,17300,41600,2100,4900,600,16500,4900,23600,5900,16500,20200,7500,22300,4000
13273.0,13.72,20643400,282363875.0,13.72,13.71,13.7,13.69,13.68,13.67,13.66,13.65,13.64,13.63,13.73,13.75,13.76,13.77,13.78,13.79,13.8,13.81,13.82,13.83,72800,85800,88900,3100,28900,21200,17300,41600,2100,4900,600,13900,4900,23600,5900,16500,20200,7500,22300,4000
13274.0,13.72,20643400,282363875.0,13.72,13.71,13.7,13.69,13.68,13.67,13.66,13.65,13.64,13.63,13.73,13.75,13.76,13.77,13.78,13.79,13.8,13.81,13.82,13.83,72800,85800,88900,3100,28900,21200,17300,41600,2100,4900,600,13900,4900,23600,5900,16500,20200,7500,22300,4000
13275.0,13.72,20643400,282363875.0,13.72,13.71,13.7,13.69,13.68,13.67,13.66,13.65,13.64,13.63,13.73,13.75,13.76,13.77,13.78,13.79,13.8,13.81,13.82,13.83,73900,84000,88900,3100,28900,21200,17300,41600,2100,4900,600,13900,4900,23600,5900,16500,22200,7500,22300,4000
13276.0,13.72,20643400,282363875.0,13.72,13.71,13.7,13.69,13.68,13.67,13.66,13.65,13.64,13.63,13.73,13.75,13.76,13.77,13.78,13.79,13.8,13.81,13.82,13.83,74600,84000,88900,3100,28900,21200,17300,41600,2100,4900,600,13900,4900,23600,5900,16500,22200,7500,22300,4000
13277.0,13.72,20643400,282363875.0,13.72,13.71,13.7,13.69,13.68,13.67,13.66,13.65,13.64,13.63,13.73,13.75,13.76,13.77,13.78,13.79,13.8,13.81,13.82,13.83,74600,84200,88900,3100,28900,21200,17300,41600,2100,4900,600,13900,4900,23600,5900,16500,22200,7500,22300,4000
13278.0,13.72,20643400,282363875.0,13.72,13.71,13.7,13.69,13.68,13.67,13.66,13.65,13.64,13.63,13.73,13.75,13.76,13.77,13.78,13.79,13.8,13.81,13.82,13.83,74600,84200,88900,3100,28900,21200,17300,41600,2100,4900,600,13900,4900,23600,5900,16500,22200,7500,22300,4000
13279.0,13.73,20643700,282367994.0,13.72,13.71,13.7,13.69,13.68,13.67,13.66,13.65,13.64,13.63,13.73,13.75,13.76,13.77,13.78,13.79,13.8,13.81,13.82,13.83,74600,84200,88900,3100,28900,21200,17300,41600,2100,4900,300,13900,4900,23600,5900,16500,22200,7500,22300,4000
13280.0,13.73,20644500,282378971.0,13.72,13.71,13.7,13.69,13.68,13.67,13.66,13.65,13.64,13.63,13.73,13.75,13.76,13.77,13.78,13.79,13.8,13.81,13.82,13.83,73200,84200,88900,3100,28900,21200,17300,41600,2100,4900,8900,13900,4900,23600,5900,16500,22200,7500,22300,4000
13281.0,13.72,20645600,282394063.0,13.72,13.71,13.7,13.69,13.68,13.67,13.66,13.65,13.64,13.63,13.73,13.75,13.76,13.77,13.78,13.79,13.8,13.81,13.82,13.83,72100,84200,88900,3100,28900,21200,17300,41600,2100,4900,8900,13900,4900,23600,5900,16500,22600,7500,22300,4000
13282.0,13.72,20648200,282429735.0,13.72,13.71,13.7,13.69,13.68,13.67,13.66,13.65,13.64,13.63,13.73,13.75,13.76,13.77,13.78,13.79,13.8,13.81,13.82,13.83,77500,84200,88900,3100,28900,21200,17300,41600,2100,4900,8900,13900,4900,23600,5900,16500,22600,7500,22300,4000
13283.0,13.72,20649200,282443462.0,13.72,13.71,13.7,13.69,13.68,13.67,13.66,13.65,13.64,13.63,13.73,13.75,13.76,13.77,13.78,13.79,13.8,13.81,13.82,13.83,77200,84200,88900,3100,28900,21200,17300,41600,2100,4900,8200,13900,4900,23600,5900,16500,22600,7500,22300,4000
13284.0,13.72,20649200,282443462.0,13.72,13.71,13.7,13.69,13.68,13.67,13.66,13.65,13.64,13.63,13.73,13.75,13.76,13.77,13.78,13.79,13.8,13.81,13.82,13.83,77200,86000,89200,3100,28900,21200,17300,41600,2100,4900,8200,13900,4900,23600,5900,16500,22600,7500,22300,4000
13285.0,13.72,20649200,282443462.0,13.72,13.71,13.7,13.69,13.68,13.67,13.66,13.65,13.64,13.63,13.73,13.75,13.76,13.77,13.78,13.79,13.8,13.81,13.82,13.83,77200,86000,89200,3100,28900,21200,17300,41600,2100,4900,8200,8800,4900,23600,5900,16500,22600,7500,22300,4000
13286.0,13.73,20649900,282453073.0,13.72,13.71,13.7,13.69,13.68,13.67,13.66,13.65,13.64,13.63,13.73,13.75,13.76,13.77,13.78,13.79,13.8,13.81,13.82,13.83,77200,86000,89200,3100,28800,21200,17300,41600,2100,4900,7500,8800,4900,23600,5900,16500,22600,7500,22300,4000
13287.0,13.72,20650600,282462677.0,13.72,13.71,13.7,13.69,13.68,13.67,13.66,13.65,13.64,13.63,13.73,13.75,13.76,13.77,13.78,13.79,13.8,13.81,13.82,13.83,76500,86000,89200,3100,28800,21200,17300,41600,2100,4900,7600,8800,4900,23600,5900,16500,22600,7500,22300,4000
13288.0,13.72,20650600,282462677.0,13.72,13.71,13.7,13.69,13.68,13.67,13.66,13.65,13.64,13.63,13.73,13.75,13.76,13.77,13.78,13.79,13.8,13.81,13.82,13.83,76500,86400,89200,3100,28800,21200,17300,41600,2100,4900,7600,8800,4900,23600,5900,16500,22600,7500,22300,4000
13289.0,13.73,20651900,282480526.0,13.72,13.71,13.7,13.69,13.68,13.67,13.66,13.65,13.64,13.63,13.73,13.75,13.76,13.77,13.78,13.79,13.8,13.81,13.82,13.83,76500,86400,89200,3100,28800,21200,17300,41600,2100,4900,6300,8800,4900,23600,5900,16500,22600,7500,22400,4000
13290.0,13.73,20651900,282480526.0,13.72,13.71,13.7,13.69,13.68,13.67,13.66,13.65,13.64,13.63,13.73,13.75,13.76,13.77,13.78,13.79,13.8,13.81,13.82,13.83,76500,86400,89200,3100,29000,21200,17300,41600,2100,4900,6300,9500,4900,23600,5900,16500,22600,7500,22400,4000
13291.0,13.73,20653100,282497002.0,13.72,13.71,13.7,13.69,13.68,13.67,13.66,13.65,13.64,13.63,13.73,13.75,13.76,13.77,13.78,13.79,13.8,13.81,13.82,13.83,79200,86400,89200,3100,29000,21200,17300,41600,2100,4900,5100,9500,4900,23600,5900,16500,22600,7500,22400,4000
13292.0,13.73,20653600,282503867.0,13.72,13.71,13.7,13.69,13.68,13.67,13.66,13.65,13.64,13.63,13.73,13.75,13.76,13.77,13.78,13.79,13.8,13.81,13.82,13.83,82200,96400,89200,3100,29000,19800,17300,41600,2100,4900,4600,9500,4900,23600,5900,16500,22600,7500,22400,4000
13293.0,13.73,20658200,282567025.0,13.73,13.72,13.71,13.7,13.69,13.68,13.67,13.66,13.65,13.64,13.75,13.76,13.77,13.78,13.79,13.8,13.81,13.82,13.83,13.84,2700,82200,96400,89200,3100,29000,19800,17300,41600,2100,9500,4900,23600,5900,16500,22600,7500,22400,4000,6700
13294.0,13.75,20659100,282579396.0,13.73,13.72,13.71,13.7,13.69,13.68,13.67,13.66,13.65,13.64,13.75,13.76,13.77,13.78,13.79,13.8,13.81,13.82,13.83,13.84,2700,82200,96400,89200,3100,29000,19800,17300,41600,2100,8800,4900,23600,5900,16500,22600,7500,22400,4000,6700
13295.0,13.75,20659100,282579396.0,13.73,13.72,13.71,13.7,13.69,13.68,13.67,13.66,13.65,13.64,13.75,13.76,13.77,13.78,13.79,13.8,13.81,13.82,13.83,13.84,2700,82200,97400,89200,3100,30300,19800,17300,41600,2100,8800,4900,25900,5900,16500,22600,7500,22400,4000,6700
13296.0,13.73,20660100,282593126.0,13.73,13.72,13.71,13.7,13.69,13.68,13.67,13.66,13.65,13.64,13.75,13.76,13.77,13.78,13.79,13.8,13.81,13.82,13.83,13.84,1700,82200,97400,89200,3100,30300,19800,17300,41600,2100,8800,4900,25900,5900,16500,22600,7500,22400,4000,6700
13297.0,13.75,20660800,282602751.0,13.73,13.72,13.71,13.7,13.69,13.68,13.67,13.66,13.65,13.64,13.75,13.76,13.77,13.78,13.79,13.8,13.81,13.82,13.83,13.84,3100,82200,97600,89200,3100,30300,19800,17300,41600,2100,8100,4900,25900,5900,16500,22600,7500,22400,4000,6700
13298.0,13.73,20662300,282623346.0,13.73,13.72,13.71,13.7,13.69,13.68,13.67,13.66,13.65,13.64,13.75,13.76,13.77,13.78,13.79,13.8,13.81,13.82,13.83,13.84,1600,82200,97600,89200,3100,30300,19800,17300,41600,2100,13200,4900,25900,5900,16500,22600,7500,22400,4000,6700
13299.0,13.73,20662300,282623346.0,13.73,13.72,13.71,13.7,13.69,13.68,13.67,13.66,13.65,13.64,13.75,13.76,13.77,13.78,13.79,13.8,13.81,13.82,13.83,13.84,2100,82200,98600,89200,3100,30300,19800,17300,41600,2100,13200,4900,25900,5900,16500,22600,7500,22400,4000,6700
13300.0,13.75,20663000,282632971.0,13.73,13.72,13.71,13.7,13.69,13.68,13.67,13.66,13.65,13.64,13.75,13.76,13.77,13.78,13.79,13.8,13.81,13.82,13.83,13.84,3200,82200,99300,89700,3100,30300,19800,17300,41600,2100,12500,4900,25900,5900,16500,22600,7500,22400,4000,6700
13301.0,13.73,20663100,282634344.0,13.73,13.72,13.71,13.7,13.69,13.68,13.67,13.66,13.65,13.64,13.75,13.76,13.77,13.78,13.79,13.8,13.81,13.82,13.83,13.84,3100,82300,99300,89700,3100,30300,19800,17300,41600,2100,12500,4900,25900,5900,16500,22600,7500,22400,9200,6700
13302.0,13.75,20664500,282653594.0,13.73,13.72,13.71,13.7,13.69,13.68,13.67,13.66,13.65,13.64,13.75,13.76,13.77,13.78,13.79,13.8,13.81,13.82,13.83,13.84,3100,82900,99300,89700,3100,30300,19800,17300,41600,2100,11100,4900,25900,5900,16500,22600,7500,22400,9200,6700
13303.0,13.75,20665200,282663219.0,13.73,13.72,13.71,13.7,13.69,13.68,13.67,13.66,13.65,13.64,13.75,13.76,13.77,13.78,13.79,13.8,13.81,13.82,13.83,13.84,3200,82900,102300,89700,3100,30300,19800,17300,41600,2100,12200,4900,25900,5900,16500,22600,7500,22400,9200,6700
13304.0,13.75,20665200,282663219.0,13.73,13.72,13.71,13.7,13.69,13.68,13.67,13.66,13.65,13.64,13.75,13.76,13.77,13.78,13.79,13.8,13.81,13.82,13.83,13.84,3200,82900,102300,89700,3100,30300,19800,17300,41600,2100,12200,4900,25900,5900,16500,22600,7500,22400,9200,6700
13305.0,13.75,20665200,282663219.0,13.73,13.72,13.71,13.7,13.69,13.68,13.67,13.66,13.65,13.64,13.75,13.76,13.77,13.78,13.79,13.8,13.81,13.82,13.83,13.84,3200,106000,102300,89700,3100,30300,19800,17300,41600,2100,12200,4900,25900,5900,16500,22600,7500,22400,9200,6700
13306.0,13.75,20665900,282672844.0,13.73,13.72,13.71,13.7,13.69,13.68,13.67,13.66,13.65,13.64,13.75,13.76,13.77,13.78,13.79,13.8,13.81,13.82,13.83,13.84,3200,106000,102300,89700,3100,30300,19800,17300,41600,2100,11500,4900,25900,5900,16500,22600,7500,22400,9200,6700
13307.0,13.75,20665900,282672844.0,13.73,13.72,13.71,13.7,13.69,13.68,13.67,13.66,13.65,13.64,13.75,13.76,13.77,13.78,13.79,13.8,13.81,13.82,13.83,13.84,3200,106000,102300,89700,3100,30300,19800,17300,41600,2100,11500,4900,25900,5900,16500,22600,7500,22400,9200,6700
13308.0,13.73,20669100,282716780.0,13.72,13.71,13.7,13.69,13.68,13.67,13.66,13.65,13.64,13.63,13.73,13.75,13.76,13.77,13.78,13.79,13.8,13.81,13.82,13.83,106000,102300,89700,3100,30300,19800,17300,41600,2100,4900,6800,11500,4900,25900,5900,16500,22600,7500,22400,9200
13309.0,13.73,20669700,282725018.0,13.72,13.71,13.7,13.69,13.68,13.67,13.66,13.65,13.64,13.63,13.73,13.75,13.76,13.77,13.78,13.79,13.8,13.81,13.82,13.83,106000,102300,89700,3100,30300,19800,17300,41600,2100,4900,6200,11500,4900,25900,5900,16500,22600,7500,22400,9200
13310.0,13.73,20669800,282726391.0,13.72,13.71,13.7,13.69,13.68,13.67,13.66,13.65,13.64,13.63,13.73,13.75,13.76,13.77,13.78,13.79,13.8,13.81,13.82,13.83,106000,102300,89700,3100,30300,19800,17300,41600,2100,4900,6600,11500,4900,25900,5900,16500,22600,7500,22400,9200
13311.0,13.72,20672100,282757947.0,13.72,13.71,13.7,13.69,13.68,13.67,13.66,13.65,13.64,13.63,13.73,13.75,13.76,13.77,13.78,13.79,13.8,13.81,13.82,13.83,103700,102300,89700,3100,30300,19800,17300,41600,2100,4900,6600,11500,4900,25900,5900,16500,22600,7500,22400,9200
13312.0,13.73,20672700,282766185.0,13.72,13.71,13.7,13.69,13.68,13.67,13.66,13.65,13.64,13.63,13.73,13.75,13.76,13.77,13.78,13.79,13.8,13.81,13.82,13.83,103700,102300,89700,3100,30300,19800,17300,41600,2100,4900,6500,11500,4900,25900,5900,16500,22600,7500,22400,9200
13313.0,13.73,20674100,282785407.0,13.72,13.71,13.7,13.69,13.68,13.67,13.66,13.65,13.64,13.63,13.73,13.75,13.76,13.77,13.78,13.79,13.8,13.81,13.82,13.83,103700,102300,89700,3100,30300,19800,17300,41600,2100,4900,5100,11500,4900,25900,5900,16500,22600,7500,22400,9200
13314.0,13.73,20674100,282785407.0,13.72,13.71,13.7,13.69,13.68,13.67,13.66,13.65,13.64,13.63,13.73,13.75,13.76,13.77,13.78,13.79,13.8,13.81,13.82,13.83,103700,102300,89700,3100,30300,19800,17300,41600,2100,4900,5100,11500,4900,25900,5900,16500,22600,7500,22400,9200
13315.0,13.72,20677300,282829316.0,13.72,13.71,13.7,13.69,13.68,13.67,13.66,13.65,13.64,13.63,13.73,13.75,13.76,13.77,13.78,13.79,13.8,13.81,13.82,13.83,101000,105800,89700,3100,30300,19800,17300,41600,2100,4900,4600,11500,4900,25900,5900,16500,22600,7500,22400,9200
13316.0,13.72,20677800,282836176.0,13.72,13.71,13.7,13.69,13.68,13.67,13.66,13.65,13.64,13.63,13.73,13.74,13.75,13.76,13.77,13.78,13.79,13.8,13.81,13.82,102500,105800,89700,3100,30300,19800,17300,41600,2100,4900,4600,3900,11500,4900,25900,5900,16500,22600,7500,22400
13317.0,13.73,20680600,282874620.0,13.72,13.71,13.7,13.69,13.68,13.67,13.66,13.65,13.64,13.63,13.73,13.74,13.75,13.76,13.77,13.78,13.79,13.8,13.81,13.82,102500,105800,89800,3100,30300,19800,17300,41600,2100,4900,3900,3900,11500,4900,25900,5900,16500,22600,7500,22400
13318.0,13.72,20688800,282987131.0,13.72,13.71,13.7,13.69,13.68,13.67,13.66,13.65,13.64,13.63,13.73,13.74,13.75,13.76,13.77,13.78,13.79,13.8,13.81,13.82,95000,105800,89800,3100,30300,19800,17300,41600,2100,4900,3400,3900,11500,4900,25900,5900,16500,22600,7500,22400
13319.0,13.72,20688800,282987131.0,13.72,13.71,13.7,13.69,13.68,13.67,13.66,13.65,13.64,13.63,13.73,13.74,13.75,13.76,13.77,13.78,13.79,13.8,13.81,13.82,95000,105800,89800,3100,30300,19800,17300,41600,2100,4900,3400,3900,11500,5000,25900,5900,16500,22600,7500,22400
13320.0,13.73,20691800,283028321.0,13.72,13.71,13.7,13.69,13.68,13.67,13.66,13.65,13.64,13.63,13.73,13.74,13.75,13.76,13.77,13.78,13.79,13.8,13.81,13.82,95000,105800,89800,3100,30300,19800,17300,41600,2100,4900,400,3900,11500,5000,25900,5900,16500,22600,7500,22400
13321.0,13.72,20696800,283096921.0,13.72,13.71,13.7,13.69,13.68,13.67,13.66,13.65,13.64,13.63,13.73,13.74,13.75,13.76,13.77,13.78,13.79,13.8,13.81,13.82,90000,105800,89800,3100,30300,19800,17300,41600,2100,4900,400,3900,11500,5000,25900,5900,16500,22600,7500,22400
13322.0,13.74,20698200,283116153.0,13.72,13.71,13.7,13.69,13.68,13.67,13.66,13.65,13.64,13.63,13.74,13.75,13.76,13.77,13.78,13.79,13.8,13.81,13.82,13.83,90000,105800,89800,4100,30300,19800,17300,41600,2100,4900,2900,11500,5000,25900,5900,16500,22600,7500,22400,9200
13323.0,13.74,20698400,283118901.0,13.72,13.71,13.7,13.69,13.68,13.67,13.66,13.65,13.64,13.63,13.74,13.75,13.76,13.77,13.78,13.79,13.8,13.81,13.82,13.83,90000,105800,89800,4100,30300,19800,17300,41600,2100,4900,2700,11500,5000,25900,5900,16500,22600,7500,22400,9200
13324.0,13.74,20698900,283125771.0,13.72,13.71,13.7,13.69,13.68,13.67,13.66,13.65,13.64,13.63,13.74,13.75,13.76,13.77,13.78,13.79,13.8,13.81,13.82,13.83,92000,104000,89800,4100,30300,19800,17300,41600,2100,4900,2200,11500,5000,25900,5900,16500,22600,7500,22400,9200
13325.0,13.74,20698900,283125771.0,13.72,13.71,13.7,13.69,13.68,13.67,13.66,13.65,13.64,13.63,13.74,13.75,13.76,13.77,13.78,13.79,13.8,13.81,13.82,13.83,92000,104000,89800,4100,30300,19800,17300,41600,2100,4900,2200,11500,5000,25900,5900,16500,22600,7500,22400,9200
13326.0,13.72,20702100,283169679.0,13.72,13.71,13.7,13.69,13.68,13.67,13.66,13.65,13.64,13.63,13.74,13.75,13.76,13.77,13.78,13.79,13.8,13.81,13.82,13.83,89000,104000,89800,4100,30300,19800,17300,41600,2100,4900,2000,11500,5000,25900,3800,16500,22600,7500,22400,9200
13327.0,13.72,20704000,283195747.0,13.72,13.71,13.7,13.69,13.68,13.67,13.66,13.65,13.64,13.63,13.74,13.75,13.76,13.77,13.78,13.79,13.8,13.81,13.82,13.83,87100,104000,89800,4100,30300,19800,17300,41600,2100,4900,2000,11500,5000,25900,3800,16500,22600,7500,22400,9200
13328.0,13.72,20704000,283195747.0,13.72,13.71,13.7,13.69,13.68,13.67,13.66,13.65,13.64,13.63,13.74,13.75,13.76,13.77,13.78,13.79,13.8,13.81,13.82,13.83,87100,104000,89800,4100,30300,19800,17300,41600,2100,4900,2000,11500,5000,25900,3800,16500,22600,7500,22400,9200
13329.0,13.74,20704200,283198495.0,13.73,13.72,13.71,13.7,13.69,13.68,13.67,13.66,13.65,13.64,13.74,13.75,13.76,13.77,13.78,13.79,13.8,13.81,13.82,13.83,1800,88600,104000,89800,4100,30800,19800,17300,41600,2100,1800,11500,5000,25900,3800,16500,22600,7500,22400,9200
13330.0,13.73,20706000,283223209.0,13.72,13.71,13.7,13.69,13.68,13.67,13.66,13.65,13.64,13.63,13.73,13.74,13.75,13.76,13.77,13.78,13.79,13.8,13.81,13.82,88600,104000,89800,4100,30800,19800,17300,41600,2100,4900,3300,1800,11500,5000,25900,3800,16500,22600,7500,22400
13331.0,13.73,20706300,283227328.0,13.72,13.71,13.7,13.69,13.68,13.67,13.66,13.65,13.64,13.63,13.73,13.74,13.75,13.76,13.77,13.78,13.79,13.8,13.81,13.82,88600,104000,89800,4100,30800,19800,17300,41600,2100,4900,3300,1800,11500,5000,25900,3800,16500,22600,7500,22400
13332.0,13.73,20706600,283231447.0,13.72,13.71,13.7,13.69,13.68,13.67,13.66,13.65,13.64,13.63,13.73,13.74,13.75,13.76,13.77,13.78,13.79,13.8,13.81,13.82,88700,105400,89800,7100,30800,19800,17300,41600,2100,4900,3000,1800,11500,5000,25900,3800,16500,22600,7500,22400
13333.0,13.72,20708100,283252027.0,13.72,13.71,13.7,13.69,13.68,13.67,13.66,13.65,13.64,13.63,13.73,13.74,13.75,13.76,13.77,13.78,13.79,13.8,13.81,13.82,87200,105400,89800,7100,30800,19800,17300,41600,2100,4900,3000,1800,11500,5000,25900,3800,16500,22600,7500,22400
13334.0,13.72,20708100,283252027.0,13.72,13.71,13.7,13.69,13.68,13.67,13.66,13.65,13.64,13.63,13.73,13.74,13.75,13.76,13.77,13.78,13.79,13.8,13.81,13.82,87200,105400,89800,7100,30800,19800,17300,41600,2100,4900,3000,1800,11500,5000,25900,3800,16500,22600,7500,22400
13335.0,13.73,20709000,283264384.0,13.72,13.71,13.7,13.69,13.68,13.67,13.66,13.65,13.64,13.63,13.73,13.74,13.75,13.76,13.77,13.78,13.79,13.8,13.81,13.82,87200,105400,89800,7100,30800,19800,17300,41600,2100,4900,2100,1800,11500,5000,25900,3800,16500,22600,7500,22400
13336.0,13.72,20709200,283267128.0,13.72,13.71,13.7,13.69,13.68,13.67,13.66,13.65,13.64,13.63,13.73,13.74,13.75,13.76,13.77,13.78,13.79,13.8,13.81,13.82,87000,105400,89800,7100,30800,19800,17300,41600,2100,4900,2100,1800,11500,5000,25900,3800,16500,21700,7500,22400
13337.0,13.73,20709400,283269874.0,13.72,13.71,13.7,13.69,13.68,13.67,13.66,13.65,13.64,13.63,13.73,13.74,13.75,13.76,13.77,13.78,13.79,13.8,13.81,13.82,87000,105400,89300,7100,30800,19800,17300,41600,2100,4900,1900,1800,11500,5000,25900,3800,16500,21700,7500,22400
13338.0,13.73,20709400,283269874.0,13.72,13.71,13.7,13.69,13.68,13.67,13.66,13.65,13.64,13.63,13.73,13.74,13.75,13.76,13.77,13.78,13.79,13.8,13.81,13.82,87000,105400,89300,7100,30800,19800,17300,41600,2100,4900,1900,1800,11500,5000,25900,3800,16500,22000,7500,22200
13339.0,13.73,20709400,283269874.0,13.72,13.71,13.7,13.69,13.68,13.67,13.66,13.65,13.64,13.63,13.73,13.74,13.75,13.76,13.77,13.78,13.79,13.8,13.81,13.82,87000,105400,89300,7100,30800,19800,17300,41600,2100,4900,1900,1800,11500,5000,25900,3800,16500,22000,7500,22200
13340.0,13.73,20709500,283271247.0,13.72,13.71,13.7,13.69,13.68,13.67,13.66,13.65,13.64,13.63,13.73,13.74,13.75,13.76,13.77,13.78,13.79,13.8,13.81,13.82,88000,106600,89300,7100,30800,19800,17300,41600,2100,4900,4100,1800,11500,5000,25900,3800,16500,22000,7500,22200
13341.0,13.73,20710100,283279485.0,13.72,13.71,13.7,13.69,13.68,13.67,13.66,13.65,13.64,13.63,13.73,13.74,13.75,13.76,13.77,13.78,13.79,13.8,13.81,13.82,88000,106600,89300,7100,30800,19800,17300,41600,2100,4900,3500,1800,11500,5000,25900,3800,16500,22000,7500,22200
13342.0,13.73,20710400,283283604.0,13.72,13.71,13.7,13.69,13.68,13.67,13.66,13.65,13.64,13.63,13.73,13.74,13.75,13.76,13.77,13.78,13.79,13.8,13.81,13.82,88000,106600,89300,7100,30800,19800,17300,41600,2100,4900,3200,1800,11500,5000,25900,3800,16500,22000,7500,22200
13343.0,13.73,20710800,283289096.0,13.72,13.71,13.7,13.69,13.68,13.67,13.66,13.65,13.64,13.63,13.73,13.74,13.75,13.76,13.77,13.78,13.79,13.8,13.81,13.82,88000,106600,89300,7100,30800,19800,17300,41600,2100,4900,2800,1800,11500,5000,25900,3800,16500,22000,7500,22200
13344.0,13.73,20710800,283289096.0,13.72,13.71,13.7,13.69,13.68,13.67,13.66,13.65,13.64,13.63,13.73,13.74,13.75,13.76,13.77,13.78,13.79,13.8,13.81,13.82,88000,106600,89300,7100,30800,19800,17300,41600,2100,4900,2800,1800,11500,5000,25900,3800,16500,22000,7500,22200
13345.0,13.73,20710800,283289096.0,13.72,13.71,13.7,13.69,13.68,13.67,13.66,13.65,13.64,13.63,13.73,13.74,13.75,13.76,13.77,13.78,13.79,13.8,13.81,13.82,88000,106600,89300,7100,30800,19800,17300,41600,2100,4900,2800,1800,11500,5000,25900,3800,16500,22000,7500,22200
13346.0,13.73,20711500,283298707.0,13.72,13.71,13.7,13.69,13.68,13.67,13.66,13.65,13.64,13.63,13.73,13.74,13.75,13.76,13.77,13.78,13.79,13.8,13.81,13.82,88000,106600,89300,7100,30800,19800,17300,41600,2100,4900,2100,1800,11500,5000,25900,3800,16500,22000,7500,22200
13347.0,13.73,20711500,283298707.0,13.72,13.71,13.7,13.69,13.68,13.67,13.66,13.65,13.64,13.63,13.73,13.74,13.75,13.76,13.77,13.78,13.79,13.8,13.81,13.82,91500,106600,89300,7100,30800,19800,17300,41600,2100,4900,2100,1800,11500,5000,25900,3800,16500,22000,7500,22200
13348.0,13.72,20712200,283308311.0,13.72,13.71,13.7,13.69,13.68,13.67,13.66,13.65,13.64,13.63,13.73,13.74,13.75,13.76,13.77,13.78,13.79,13.8,13.81,13.82,90800,105600,88800,7100,32800,19800,17300,41600,2100,4900,2100,1800,11500,5000,25900,3800,16500,22000,7500,22200
13349.0,13.72,20712700,283315175.0,13.72,13.71,13.7,13.69,13.68,13.67,13.66,13.65,13.64,13.63,13.73,13.74,13.75,13.76,13.77,13.78,13.79,13.8,13.81,13.82,91700,105600,88800,7100,32800,19800,17300,41600,2100,4900,1700,1800,11500,5000,25900,3800,16500,22000,7500,22200
13350.0,13.72,20712700,283315175.0,13.72,13.71,13.7,13.69,13.68,13.67,13.66,13.65,13.64,13.63,13.73,13.74,13.75,13.76,13.77,13.78,13.79,13.8,13.81,13.82,91700,105600,89800,7100,32800,19800,17300,41600,2100,4900,1800,1800,11500,5000,25900,3800,16500,22000,7500,22200
13351.0,13.72,20716200,283363195.0,13.72,13.71,13.7,13.69,13.68,13.67,13.66,13.65,13.64,13.63,13.73,13.74,13.75,13.76,13.77,13.78,13.79,13.8,13.81,13.82,88200,95600,89800,7100,32800,19800,17300,41600,2100,4900,1800,1800,11500,5000,25900,3800,16500,22000,7500,22200
13352.0,13.73,20716400,283365941.0,13.72,13.71,13.7,13.69,13.68,13.67,13.66,13.65,13.64,13.63,13.73,13.74,13.75,13.76,13.77,13.78,13.79,13.8,13.81,13.82,88200,95600,89800,7100,32800,19800,17300,41600,2100,4900,2500,1800,11500,5000,25900,3800,16500,22000,7500,22200
13353.0,13.72,20717300,283378289.0,13.72,13.71,13.7,13.69,13.68,13.67,13.66,13.65,13.64,13.63,13.73,13.74,13.75,13.76,13.77,13.78,13.79,13.8,13.81,13.82,87300,95600,89800,7100,32800,19800,17300,41600,2100,4900,2500,1800,11500,5000,25900,3800,16500,22000,7500,22200
13354.0,13.73,20717400,283379662.0,13.72,13.71,13.7,13.69,13.68,13.67,13.66,13.65,13.64,13.63,13.73,13.74,13.75,13.76,13.77,13.78,13.79,13.8,13.81,13.82,89300,95600,89800,7100,32800,19800,17300,41600,2100,4900,2400,1800,11500,5000,25900,3800,16500,22000,7500,22200
13355.0,13.73,20717600,283382408.0,13.72,13.71,13.7,13.69,13.68,13.67,13.66,13.65,13.64,13.63,13.73,13.74,13.75,13.76,13.77,13.78,13.79,13.8,13.81,13.82,89300,95600,89500,7100,32800,19800,17300,41600,2100,4900,3200,1800,11500,5000,25900,3800,16500,22000,7500,22200
13356.0,13.73,20717900,283386527.0,13.72,13.71,13.7,13.69,13.68,13.67,13.66,13.65,13.64,13.63,13.73,13.74,13.75,13.76,13.77,13.78,13.79,13.8,13.81,13.82,91300,95600,89700,7100,32800,19800,17300,41600,2100,4900,2900,1800,11500,5000,25900,3800,16500,22000,7500,22200
13357.0,13.72,20739400,283681512.0,13.72,13.71,13.7,13.69,13.68,13.67,13.66,13.65,13.64,13.63,13.73,13.74,13.75,13.76,13.77,13.78,13.79,13.8,13.81,13.82,70300,95600,89700,7100,32800,19800,17300,40900,2100,4900,2400,1800,11500,5000,25900,3800,16500,22000,7500,22200
13358.0,13.73,20739600,283684258.0,13.72,13.71,13.7,13.69,13.68,13.67,13.66,13.65,13.64,13.63,13.73,13.74,13.75,13.76,13.77,13.78,13.79,13.8,13.81,13.82,70300,95600,92700,7100,32800,19800,17300,40900,2100,4900,2200,1800,11500,5000,25900,3800,16500,22000,7500,22200
13359.0,13.73,20739600,283684258.0,13.72,13.71,13.7,13.69,13.68,13.67,13.66,13.65,13.64,13.63,13.73,13.74,13.75,13.76,13.77,13.78,13.79,13.8,13.81,13.82,70300,95600,92700,7100,32800,19800,17300,40900,2100,4900,2200,1800,11500,5000,25900,3800,16500,22000,7500,22200
13360.0,13.73,20739600,283684258.0,13.72,13.71,13.7,13.69,13.68,13.67,13.66,13.65,13.64,13.63,13.73,13.74,13.75,13.76,13.77,13.78,13.79,13.8,13.81,13.82,70300,95600,90700,7100,32800,19800,17300,40900,2100,4900,2200,1800,11500,5000,25900,3800,16500,22000,7500,22200
13361.0,13.73,20739800,283687004.0,13.72,13.71,13.7,13.69,13.68,13.67,13.66,13.65,13.64,13.63,13.73,13.74,13.75,13.76,13.77,13.78,13.79,13.8,13.81,13.82,70300,95600,90700,7100,32800,19800,17300,40900,2100,4900,2000,1800,11500,5000,25900,3800,16500,22000,7500,22200
13362.0,13.73,20739800,283687004.0,13.72,13.71,13.7,13.69,13.68,13.67,13.66,13.65,13.64,13.63,13.73,13.74,13.75,13.76,13.77,13.78,13.79,13.8,13.81,13.82,70300,95600,90700,7100,32800,19800,17300,40900,2100,4900,2000,1800,11500,5000,25900,3800,16500,22000,7500,22200
13363.0,13.73,20740000,283689750.0,13.72,13.71,13.7,13.69,13.68,13.67,13.66,13.65,13.64,13.63,13.73,13.74,13.75,13.76,13.77,13.78,13.79,13.8,13.81,13.82,70300,95900,90700,7100,32800,19800,17300,40900,2100,4900,1800,1800,11500,5000,25900,3800,16500,22000,7500,22200
13364.0,13.72,20741100,283704843.0,13.72,13.71,13.7,13.69,13.68,13.67,13.66,13.65,13.64,13.63,13.73,13.74,13.75,13.76,13.77,13.78,13.79,13.8,13.81,13.82,69300,95900,90700,7100,32800,19800,17300,40900,2100,4900,1700,1800,11500,5000,25900,3800,16500,22000,7500,22200
13365.0,13.72,20741100,283704843.0,13.72,13.71,13.7,13.69,13.68,13.67,13.66,13.65,13.64,13.63,13.73,13.74,13.75,13.76,13.77,13.78,13.79,13.8,13.81,13.82,69300,95900,90700,7100,32800,19800,17300,40900,2100,4900,1700,1800,11500,5000,25900,3800,16500,22000,7500,22200
13366.0,13.72,20741100,283704843.0,13.72,13.71,13.7,13.69,13.68,13.67,13.66,13.65,13.64,13.63,13.73,13.74,13.75,13.76,13.77,13.78,13.79,13.8,13.81,13.82,69300,95900,90700,7200,32800,19800,17300,40900,2100,4900,1700,1800,11500,5000,25900,3800,16500,22000,7500,22200
13367.0,13.72,20741400,283708960.0,13.72,13.71,13.7,13.69,13.68,13.67,13.66,13.65,13.64,13.63,13.73,13.74,13.75,13.76,13.77,13.78,13.79,13.8,13.81,13.82,69100,95900,90700,7200,32800,19800,17300,40900,2100,4900,1600,1800,11700,7000,25900,3800,16500,22000,7500,22200
13368.0,13.73,20741700,283713079.0,13.72,13.71,13.7,13.69,13.68,13.67,13.66,13.65,13.64,13.63,13.73,13.74,13.75,13.76,13.77,13.78,13.79,13.8,13.81,13.82,69100,97100,90700,7200,32800,19800,17300,40900,2100,4900,1300,1800,11700,7000,25900,3800,16500,22000,7500,22200
13369.0,13.72,20741900,283715823.0,13.72,13.71,13.7,13.69,13.68,13.67,13.66,13.65,13.64,13.63,13.73,13.74,13.75,13.76,13.77,13.78,13.79,13.8,13.81,13.82,68900,97100,90700,7200,32800,19800,17300,40900,2100,4900,1300,1800,11700,7000,25900,3800,16500,22000,7500,22200
13370.0,13.72,20744000,283744646.0,13.72,13.71,13.7,13.69,13.68,13.67,13.66,13.65,13.64,13.63,13.73,13.74,13.75,13.76,13.77,13.78,13.79,13.8,13.81,13.82,67900,99100,90700,7200,32800,19800,17300,40900,2100,4900,200,1800,11700,7000,25900,3800,16500,22000,7500,22200
13371.0,13.72,20744200,283747390.0,13.72,13.71,13.7,13.69,13.68,13.67,13.66,13.65,13.64,13.63,13.73,13.74,13.75,13.76,13.77,13.78,13.79,13.8,13.81,13.82,67700,110600,92800,7200,32800,19800,17300,40900,2100,4900,200,1800,11700,7000,25900,3800,16500,22000,7500,22200
13372.0,13.72,20744200,283747390.0,13.72,13.71,13.7,13.69,13.68,13.67,13.66,13.65,13.64,13.63,13.73,13.74,13.75,13.76,13.77,13.78,13.79,13.8,13.81,13.82,67700,112100,92900,7200,32800,19800,17300,40900,2100,4900,200,1800,11700,7000,25900,3800,16500,22000,7500,22200
13373.0,13.73,20744400,283750136.0,13.73,13.72,13.71,13.7,13.69,13.68,13.67,13.66,13.65,13.64,13.74,13.75,13.76,13.77,13.78,13.79,13.8,13.81,13.82,13.83,800,67700,110700,92900,7200,32800,19800,17300,40900,2100,1800,11700,7000,25900,3800,16500,22000,7500,22200,9900
13374.0,13.72,20745900,283770724.0,13.72,13.71,13.7,13.69,13.68,13.67,13.66,13.65,13.64,13.63,13.74,13.75,13.76,13.77,13.78,13.79,13.8,13.81,13.82,13.83,67000,110700,92900,7200,32800,19800,17300,40900,2100,4900,1800,11700,7000,25900,3800,16500,22000,7500,22200,9900
13375.0,13.72,20746300,283776212.0,13.72,13.71,13.7,13.69,13.68,13.67,13.66,13.65,13.64,13.63,13.74,13.75,13.76,13.77,13.78,13.79,13.8,13.81,13.82,13.83,66600,110800,92900,7200,32800,19800,17300,40900,2100,4900,1800,11700,7000,25900,3800,16500,22000,7500,22200,9900
13376.0,13.74,20746400,283777586.0,13.72,13.71,13.7,13.69,13.68,13.67,13.66,13.65,13.64,13.63,13.74,13.75,13.76,13.77,13.78,13.79,13.8,13.81,13.82,13.83,66900,113800,92900,7200,32800,19800,17300,40900,2100,4900,1700,11700,7000,25900,3800,16500,22000,7500,22200,9900
13377.0,13.72,20747300,283789936.0,13.72,13.71,13.7,13.69,13.68,13.67,13.66,13.65,13.64,13.63,13.74,13.75,13.76,13.77,13.78,13.79,13.8,13.81,13.82,13.83,66500,113800,92900,7200,32800,20500,17300,40900,2100,4900,2000,11700,7000,25000,3800,16500,22000,7500,22200,9900
13378.0,13.72,20750400,283832468.0,13.72,13.71,13.7,13.69,13.68,13.67,13.66,13.65,13.64,13.63,13.74,13.75,13.76,13.77,13.78,13.79,13.8,13.81,13.82,13.83,76400,113800,92900,7200,32800,20500,17300,40900,2100,4900,2000,11700,7000,25000,3800,16500,22000,7500,22200,9900
13379.0,13.72,20757500,283929892.0,13.72,13.71,13.7,13.69,13.68,13.67,13.66,13.65,13.64,13.63,13.74,13.75,13.76,13.77,13.78,13.79,13.8,13.81,13.82,13.83,69900,113800,92900,7200,32800,20500,17300,40900,2100,4900,1800,11700,7000,25000,3800,16500,22000,7500,22200,9900
13380.0,13.72,20757500,283929892.0,13.72,13.71,13.7,13.69,13.68,13.67,13.66,13.65,13.64,13.63,13.73,13.74,13.75,13.76,13.77,13.78,13.79,13.8,13.81,13.82,70300,113800,92900,7200,32800,20500,17300,40900,2100,4900,200,1800,11700,7000,25000,3800,16500,22000,7500,25300
13381.0,13.73,20765600,284041026.0,13.73,13.72,13.71,13.7,13.69,13.68,13.67,13.66,13.65,13.64,13.74,13.75,13.76,13.77,13.78,13.79,13.8,13.81,13.82,13.83,3300,62400,116800,92900,7200,32800,20500,17300,40900,2100,1800,11700,7000,25000,3800,16500,22000,7500,25300,9900
13382.0,13.73,20766600,284054757.0,13.73,13.72,13.71,13.7,13.69,13.68,13.67,13.66,13.65,13.64,13.74,13.75,13.76,13.77,13.78,13.79,13.8,13.81,13.82,13.83,2400,62400,116800,92900,7200,32800,20500,17300,40900,2100,1700,11700,7000,25000,3800,16500,22000,7500,25300,9900
13383.0,13.73,20767600,284068487.0,13.73,13.72,13.71,13.7,13.69,13.68,13.67,13.66,13.65,13.64,13.74,13.75,13.76,13.77,13.78,13.79,13.8,13.81,13.82,13.83,1400,62400,116800,93400,7200,32800,20500,17300,40900,2100,1700,11700,7000,25000,3800,16500,22000,7500,25300,9900
13384.0,13.73,20768700,284083591.0,13.73,13.72,13.71,13.7,13.69,13.68,13.67,13.66,13.65,13.64,13.74,13.75,13.76,13.77,13.78,13.79,13.8,13.81,13.82,13.83,400,62400,116800,94800,7200,32800,20500,17300,40900,2100,1600,11700,7000,25000,3800,16500,22000,7500,25300,9900
13385.0,13.74,20768800,284084965.0,13.73,13.72,13.71,13.7,13.69,13.68,13.67,13.66,13.65,13.64,13.74,13.75,13.76,13.77,13.78,13.79,13.8,13.81,13.82,13.83,400,62400,116800,94800,7200,32800,20500,17300,40900,2100,1500,11700,7000,25000,3800,16500,22000,7500,25300,9900
13386.0,13.74,20768800,284084965.0,13.73,13.72,13.71,13.7,13.69,13.68,13.67,13.66,13.65,13.64,13.74,13.75,13.76,13.77,13.78,13.79,13.8,13.81,13.82,13.83,400,62800,116800,94800,7200,32800,20500,17300,40900,2100,1500,11700,7000,25000,3800,16500,22000,7500,25300,9900
13387.0,13.73,20769200,284090457.0,13.72,13.71,13.7,13.69,13.68,13.67,13.66,13.65,13.64,13.63,13.73,13.74,13.75,13.76,13.77,13.78,13.79,13.8,13.81,13.82,62800,116800,95000,7200,32800,20500,17300,40900,2100,4900,1300,1500,11700,7000,25000,3800,16500,22500,7500,25300
13388.0,13.73,20769300,284091830.0,13.72,13.71,13.7,13.69,13.68,13.67,13.66,13.65,13.64,13.63,13.73,13.74,13.75,13.76,13.77,13.78,13.79,13.8,13.81,13.82,65600,117200,95000,7200,32800,20500,17300,40900,2100,4900,1200,1500,11700,7000,25000,3800,16500,22500,7500,25300
13389.0,13.73,20769300,284091830.0,13.72,13.71,13.7,13.69,13.68,13.67,13.66,13.65,13.64,13.63,13.73,13.74,13.75,13.76,13.77,13.78,13.79,13.8,13.81,13.82,65600,120100,93000,7200,32800,20500,17300,40900,2100,4900,1200,1500,11700,7000,25000,3800,16500,22500,7500,25300
13390.0,13.73,20770300,284105560.0,13.72,13.71,13.7,13.69,13.68,13.67,13.66,13.65,13.64,13.63,13.73,13.74,13.75,13.76,13.77,13.78,13.79,13.8,13.81,13.82,65600,120100,93000,7200,32800,20500,17300,40900,2100,4900,200,1500,6600,7000,25000,3800,16500,22500,7500,25300
13391.0,13.73,20770300,284105560.0,13.72,13.71,13.7,13.69,13.68,13.67,13.66,13.65,13.64,13.63,13.73,13.74,13.75,13.76,13.77,13.78,13.79,13.8,13.81,13.82,65600,120100,93900,7200,32800,20500,17300,40900,2100,4900,200,1500,6600,7000,25000,3800,16500,22500,7500,25300
13392.0,13.73,20770300,284105560.0,13.72,13.71,13.7,13.69,13.68,13.67,13.66,13.65,13.64,13.63,13.73,13.74,13.75,13.76,13.77,13.78,13.79,13.8,13.81,13.82,66100,120100,93900,7200,32800,20500,17300,40900,2100,4900,200,1500,6600,7000,25000,3800,16500,22500,7500,25300
13393.0,13.73,20770300,284105560.0,13.72,13.71,13.7,13.69,13.68,13.67,13.66,13.65,13.64,13.63,13.73,13.74,13.75,13.76,13.77,13.78,13.79,13.8,13.81,13.82,66100,120100,93700,7200,32800,20500,17300,40900,2100,4900,200,1500,6600,7000,25000,3800,16500,22500,7500,25300
13394.0,13.73,20770300,284105560.0,13.72,13.71,13.7,13.69,13.68,13.67,13.66,13.65,13.64,13.63,13.73,13.74,13.75,13.76,13.77,13.78,13.79,13.8,13.81,13.82,66100,120100,93700,7200,32800,20500,17300,40900,2100,4900,200,1500,6600,7000,25000,3800,16500,22500,7500,25300
13395.0,13.73,20770300,284105560.0,13.72,13.71,13.7,13.69,13.68,13.67,13.66,13.65,13.64,13.63,13.73,13.74,13.75,13.76,13.77,13.78,13.79,13.8,13.81,13.82,68100,120100,93700,7200,32800,20500,17300,40900,2100,4900,200,1500,6600,7000,25000,3800,16500,22500,7500,25300
13396.0,13.73,20770300,284105560.0,13.72,13.71,13.7,13.69,13.68,13.67,13.66,13.65,13.64,13.63,13.73,13.74,13.75,13.76,13.77,13.78,13.79,13.8,13.81,13.82,68100,120100,93700,7200,32800,20500,17300,40900,2100,4900,200,1500,6600,7000,25000,3800,16500,22500,7500,25300
13397.0,13.73,20770300,284105560.0,13.72,13.71,13.7,13.69,13.68,13.67,13.66,13.65,13.64,13.63,13.73,13.74,13.75,13.76,13.77,13.78,13.79,13.8,13.81,13.82,68100,119300,94300,7200,32800,20500,17300,40900,2100,4900,200,3500,6600,7000,25000,3800,16500,22500,7500,25300
13398.0,13.72,20790300,284379960.0,13.72,13.71,13.7,13.69,13.68,13.67,13.66,13.65,13.64,13.63,13.73,13.74,13.75,13.76,13.77,13.78,13.79,13.8,13.81,13.82,48100,119600,95300,7200,32800,20500,17300,40900,2100,4900,200,3500,6600,7000,25000,3800,16500,22500,7500,25300
13399.0,13.72,20795600,284452679.0,13.72,13.71,13.7,13.69,13.68,13.67,13.66,13.65,13.64,13.63,13.73,13.74,13.75,13.76,13.77,13.78,13.79,13.8,13.81,13.82,43100,119800,95300,7200,32800,20500,17300,40900,2100,4900,5000,3500,6600,7000,25000,3800,16500,22500,7500,25300
13400.0,13.72,20795600,284452679.0,13.72,13.71,13.7,13.69,13.68,13.67,13.66,13.65,13.64,13.63,13.73,13.74,13.75,13.76,13.77,13.78,13.79,13.8,13.81,13.82,44400,117800,95300,7200,32800,20500,17300,40900,2100,4900,5000,3700,6600,7000,25000,3800,16500,22500,7500,25300
13401.0,13.73,20796100,284459544.0,13.72,13.71,13.7,13.69,13.68,13.67,13.66,13.65,13.64,13.63,13.73,13.74,13.75,13.76,13.77,13.78,13.79,13.8,13.81,13.82,44400,130300,95300,7200,32800,20500,17300,40900,2100,4900,5400,3700,6600,7000,25000,3800,16500,22500,7500,25300
13402.0,13.73,20797900,284484258.0,13.72,13.71,13.7,13.69,13.68,13.67,13.66,13.65,13.64,13.63,13.73,13.74,13.75,13.76,13.77,13.78,13.79,13.8,13.81,13.82,44400,130300,95800,7200,32800,20500,17300,40900,2100,4900,3600,3700,6600,7000,25000,3800,16500,22500,7500,25300
13403.0,13.72,20798100,284487002.0,13.72,13.71,13.7,13.69,13.68,13.67,13.66,13.65,13.64,13.63,13.73,13.74,13.75,13.76,13.77,13.78,13.79,13.8,13.81,13.82,44200,130300,95800,7200,32800,20500,17300,40900,2100,4900,3600,3700,6600,7000,25000,3800,16500,22500,7500,25300
13404.0,13.73,20798400,284491121.0,13.72,13.71,13.7,13.69,13.68,13.67,13.66,13.65,13.64,13.63,13.73,13.74,13.75,13.76,13.77,13.78,13.79,13.8,13.81,13.82,44200,130300,95800,7200,32800,20500,17300,40900,2100,4900,3300,3700,6600,7000,25000,3800,16500,22500,7500,25300
13405.0,13.73,20798400,284491121.0,13.72,13.71,13.7,13.69,13.68,13.67,13.66,13.65,13.64,13.63,13.73,13.74,13.75,13.76,13.77,13.78,13.79,13.8,13.81,13.82,52400,130300,95800,7200,32800,20500,17300,40900,2100,4900,3300,3700,6600,7000,25000,3800,16500,22500,7500,25300
13406.0,13.73,20798700,284495240.0,13.72,13.71,13.7,13.69,13.68,13.67,13.66,13.65,13.64,13.63,13.73,13.74,13.75,13.76,13.77,13.78,13.79,13.8,13.81,13.82,52600,130300,95800,7200,32800,20500,17300,40900,2100,4900,3000,3700,6600,7000,25000,3800,16500,22500,7500,25300
13407.0,13.73,20799000,284499359.0,13.72,13.71,13.7,13.69,13.68,13.67,13.66,13.65,13.64,13.63,13.73,13.74,13.75,13.76,13.77,13.78,13.79,13.8,13.81,13.82,52600,130300,95800,7200,32800,20500,17300,40900,2100,4900,2700,3700,6600,7000,25000,3800,16500,22500,7500,25300
13408.0,13.73,20799000,284499359.0,13.72,13.71,13.7,13.69,13.68,13.67,13.66,13.65,13.64,13.63,13.73,13.74,13.75,13.76,13.77,13.78,13.79,13.8,13.81,13.82,53400,130300,95800,7200,32800,20500,17300,40900,2100,4900,2700,3700,6600,7000,25000,3800,16500,22500,7500,25300
13409.0,13.73,20799000,284499359.0,13.72,13.71,13.7,13.69,13.68,13.67,13.66,13.65,13.64,13.63,13.73,13.74,13.75,13.76,13.77,13.78,13.79,13.8,13.81,13.82,53400,130300,95800,7200,32800,20500,17300,40900,2100,4900,2700,3700,6600,7000,25000,3800,16500,22500,7500,25300
13410.0,13.72,20799800,284510337.0,13.72,13.71,13.7,13.69,13.68,13.67,13.66,13.65,13.64,13.63,13.73,13.74,13.75,13.76,13.77,13.78,13.79,13.8,13.81,13.82,52800,130300,95800,7200,32800,20500,17300,40900,2100,4900,2500,3700,6600,7000,25000,3800,16500,22500,7500,25300
13411.0,13.72,20799800,284510337.0,13.72,13.71,13.7,13.69,13.68,13.67,13.66,13.65,13.64,13.63,13.73,13.74,13.75,13.76,13.77,13.78,13.79,13.8,13.81,13.82,52800,130300,95800,7200,32800,20500,17300,40900,2100,4900,2500,3700,6600,7000,25000,3800,16500,22500,7500,25300
13412.0,13.73,20800500,284519948.0,13.72,13.71,13.7,13.69,13.68,13.67,13.66,13.65,13.64,13.63,13.73,13.74,13.75,13.76,13.77,13.78,13.79,13.8,13.81,13.82,53000,150300,95800,7200,32800,20500,17300,40900,2100,4900,1800,3700,6600,7000,25000,3800,16500,22500,7500,25300
13413.0,13.72,20801400,284532297.0,13.72,13.71,13.7,13.69,13.68,13.67,13.66,13.65,13.64,13.63,13.73,13.74,13.75,13.76,13.77,13.78,13.79,13.8,13.81,13.82,52600,150300,97200,7200,32800,20500,17300,40900,2100,4900,1700,3700,6600,7000,25000,3800,16500,22500,7500,25300
13414.0,13.72,20801400,284532297.0,13.72,13.71,13.7,13.69,13.68,13.67,13.66,13.65,13.64,13.63,13.73,13.74,13.75,13.76,13.77,13.78,13.79,13.8,13.81,13.82,52800,151500,97200,7200,32800,20500,17300,40900,2100,4900,1700,3700,6600,7000,25000,3800,16500,22500,7500,25300
13415.0,13.72,20802100,284541904.0,13.72,13.71,13.7,13.69,13.68,13.67,13.66,13.65,13.64,13.63,13.73,13.74,13.75,13.76,13.77,13.78,13.79,13.8,13.81,13.82,52400,152600,97200,7200,32800,20500,17300,40900,2100,4900,1400,3700,6600,6800,25000,3800,16500,22500,7500,25300
13416.0,13.73,20802200,284543277.0,13.72,13.71,13.7,13.69,13.68,13.67,13.66,13.65,13.64,13.63,13.73,13.74,13.75,13.76,13.77,13.78,13.79,13.8,13.81,13.82,52400,152600,97200,7200,32800,20500,17300,40900,2100,4900,1300,3700,6600,6800,25000,3800,16500,22500,7500,25300
13417.0,13.72,20825900,284868441.0,13.72,13.71,13.7,13.69,13.68,13.67,13.66,13.65,13.64,13.63,13.73,13.74,13.75,13.76,13.77,13.78,13.79,13.8,13.81,13.82,30700,152600,97200,7200,32800,20500,17300,40900,2100,4900,1300,3700,6600,6800,25000,3800,16500,22500,7500,25300
13418.0,13.72,20825900,284868441.0,13.72,13.71,13.7,13.69,13.68,13.67,13.66,13.65,13.64,13.63,13.73,13.74,13.75,13.76,13.77,13.78,13.79,13.8,13.81,13.82,30700,152600,97200,7200,32800,20500,17300,40900,2100,4900,1300,3700,6600,6800,25000,3800,16500,22500,7500,25300
13419.0,13.73,20826100,284871187.0,13.72,13.71,13.7,13.69,13.68,13.67,13.66,13.65,13.64,13.63,13.73,13.74,13.75,13.76,13.77,13.78,13.79,13.8,13.81,13.82,30700,157300,97200,7200,32800,20500,17300,40900,2100,4900,1100,3700,6600,6800,25000,3800,16500,22500,7500,25300
13420.0,13.72,20826400,284875303.0,13.72,13.71,13.7,13.69,13.68,13.67,13.66,13.65,13.64,13.63,13.73,13.74,13.75,13.76,13.77,13.78,13.79,13.8,13.81,13.82,30400,157900,97200,7200,32800,20500,17300,40900,2100,4900,1100,3700,8600,6800,25000,3800,16500,22500,7500,25300
13421.0,13.72,20826400,284875303.0,13.72,13.71,13.7,13.69,13.68,13.67,13.66,13.65,13.64,13.63,13.73,13.74,13.75,13.76,13.77,13.78,13.79,13.8,13.81,13.82,30400,158000,97200,7200,32800,20500,17300,40900,2100,4900,1100,3700,8600,6800,25000,3800,16500,22500,7500,25300
13422.0,13.72,20826400,284875303.0,13.72,13.71,13.7,13.69,13.68,13.67,13.66,13.65,13.64,13.63,13.73,13.74,13.75,13.76,13.77,13.78,13.79,13.8,13.81,13.82,30400,158000,97200,7200,32800,20500,17300,40900,2100,4900,1100,3700,8600,6800,25000,3800,16500,22500,7500,25300
13423.0,13.72,20826800,284880793.0,13.72,13.71,13.7,13.69,13.68,13.67,13.66,13.65,13.64,13.63,13.73,13.74,13.75,13.76,13.77,13.78,13.79,13.8,13.81,13.82,30200,159300,97200,7200,32800,20500,17300,40900,2100,4900,900,3700,8600,6800,25000,3800,16500,22500,7500,25300
13424.0,13.72,20826800,284880793.0,13.72,13.71,13.7,13.69,13.68,13.67,13.66,13.65,13.64,13.63,13.73,13.74,13.75,13.76,13.77,13.78,13.79,13.8,13.81,13.82,30200,159300,97200,7200,32800,20500,17300,40900,2100,4900,900,3700,8600,6800,25000,3800,16500,22500,7500,25300
13425.0,13.72,20826900,284882165.0,13.72,13.71,13.7,13.69,13.68,13.67,13.66,13.65,13.64,13.63,13.73,13.74,13.75,13.76,13.77,13.78,13.79,13.8,13.81,13.82,30900,159300,97900,7200,32800,20500,17300,40900,2100,4900,900,3700,8600,6800,25000,3800,16500,22500,7500,25300
13426.0,13.72,20826900,284882165.0,13.72,13.71,13.7,13.69,13.68,13.67,13.66,13.65,13.64,13.63,13.73,13.74,13.75,13.76,13.77,13.78,13.79,13.8,13.81,13.82,30900,159300,97900,7200,32800,20500,17300,40900,2100,4900,900,3700,8600,5800,25000,3800,16500,22500,7500,25300
13427.0,13.72,20826900,284882165.0,13.72,13.71,13.7,13.69,13.68,13.67,13.66,13.65,13.64,13.63,13.73,13.74,13.75,13.76,13.77,13.78,13.79,13.8,13.81,13.82,30900,159300,97900,7200,32800,20500,17300,40900,2100,4900,900,3700,8600,5800,25000,3800,16500,22500,7500,25300
13428.0,13.72,20827200,284886281.0,13.72,13.71,13.7,13.69,13.68,13.67,13.66,13.65,13.64,13.63,13.73,13.74,13.75,13.76,13.77,13.78,13.79,13.8,13.81,13.82,30600,159300,97900,7200,32800,20500,17300,40900,2100,4900,900,3700,8600,5800,25000,3800,16500,22500,7500,25300
13429.0,13.72,20827200,284886281.0,13.72,13.71,13.7,13.69,13.68,13.67,13.66,13.65,13.64,13.63,13.73,13.74,13.75,13.76,13.77,13.78,13.79,13.8,13.81,13.82,30600,161000,98900,7200,32800,20500,17300,40900,2100,4900,900,3700,8600,5800,25000,3800,16500,22500,7500,25300
13430.0,13.72,20827200,284886281.0,13.72,13.71,13.7,13.69,13.68,13.67,13.66,13.65,13.64,13.63,13.73,13.74,13.75,13.76,13.77,13.78,13.79,13.8,13.81,13.82,32600,161000,98900,7200,32800,20500,17300,40900,2100,4900,900,3700,8600,5800,25000,3800,16500,22500,7500,25300
13431.0,13.72,20832200,284954881.0,13.72,13.71,13.7,13.69,13.68,13.67,13.66,13.65,13.64,13.63,13.73,13.74,13.75,13.76,13.77,13.78,13.79,13.8,13.81,13.82,27600,161000,98900,7200,32800,20500,17300,40900,2100,4900,900,3700,8600,5800,25000,3800,16500,22500,7500,25300
13432.0,13.72,20837200,285023481.0,13.72,13.71,13.7,13.69,13.68,13.67,13.66,13.65,13.64,13.63,13.73,13.74,13.75,13.76,13.77,13.78,13.79,13.8,13.81,13.82,22600,161000,98900,7200,32800,20500,17300,40900,2100,4900,900,3700,8600,5800,25000,3800,16500,22500,7500,25300
13433.0,13.72,20837200,285023481.0,13.72,13.71,13.7,13.69,13.68,13.67,13.66,13.65,13.64,13.63,13.73,13.74,13.75,13.76,13.77,13.78,13.79,13.8,13.81,13.82,22600,161000,98900,7200,32800,20500,17300,40900,2100,4900,900,3700,8600,5800,25000,3800,16500,22500,7500,25300
13434.0,13.72,20837200,285023481.0,13.72,13.71,13.7,13.69,13.68,13.67,13.66,13.65,13.64,13.63,13.73,13.74,13.75,13.76,13.77,13.78,13.79,13.8,13.81,13.82,22600,161000,99300,7200,32800,20500,17300,40900,2100,4900,900,3700,8600,5800,25000,3800,16500,22500,7500,25300
13435.0,13.72,20838300,285038574.0,13.72,13.71,13.7,13.69,13.68,13.67,13.66,13.65,13.64,13.63,13.73,13.74,13.75,13.76,13.77,13.78,13.79,13.8,13.81,13.82,21600,161000,99300,7200,32800,20500,17300,40900,2100,4900,800,3700,8600,5800,25000,3800,16500,22500,7500,25300
13436.0,13.72,20848400,285177147.0,13.72,13.71,13.7,13.69,13.68,13.67,13.66,13.65,13.64,13.63,13.73,13.74,13.75,13.76,13.77,13.78,13.79,13.8,13.81,13.82,11600,161000,102200,7200,32800,20500,17300,40900,2100,4900,700,3700,8600,5800,25000,5400,16500,22500,7500,25300
13437.0,13.72,20849000,285185379.0,13.72,13.71,13.7,13.69,13.68,13.67,13.66,13.65,13.64,13.63,13.73,13.74,13.75,13.76,13.77,13.78,13.79,13.8,13.81,13.82,11000,161000,102200,7200,32800,20500,17300,40900,2100,4900,700,3700,8600,5800,25000,5400,16500,22500,7500,25300
13438.0,13.72,20852000,285226539.0,13.72,13.71,13.7,13.69,13.68,13.67,13.66,13.65,13.64,13.63,13.73,13.74,13.75,13.76,13.77,13.78,13.79,13.8,13.81,13.82,8000,161800,102200,7200,32800,20500,17300,40900,2100,4900,700,3700,8600,5800,25000,5400,16500,22500,7500,25300
13439.0,13.72,20852000,285226539.0,13.72,13.71,13.7,13.69,13.68,13.67,13.66,13.65,13.64,13.63,13.73,13.74,13.75,13.76,13.77,13.78,13.79,13.8,13.81,13.82,8000,161800,102200,7200,32800,20500,17300,40900,2100,4900,700,3700,8600,5800,25000,5400,16500,22500,7500,25300
13440.0,13.72,20852500,285233399.0,13.72,13.71,13.7,13.69,13.68,13.67,13.66,13.65,13.64,13.63,13.73,13.74,13.75,13.76,13.77,13.78,13.79,13.8,13.81,13.82,7600,161800,102200,7200,32800,20500,17300,40900,2100,4900,700,3700,8600,5800,25000,5400,16500,22500,7500,25300
13441.0,13.72,20852500,285233399.0,13.72,13.71,13.7,13.69,13.68,13.67,13.66,13.65,13.64,13.63,13.73,13.74,13.75,13.76,13.77,13.78,13.79,13.8,13.81,13.82,9600,161800,102200,7200,32800,20500,17300,40900,2100,4900,700,3700,8600,5800,25000,5400,16500,23000,7500,25300
13442.0,13.72,20852500,285233399.0,13.72,13.71,13.7,13.69,13.68,13.67,13.66,13.65,13.64,13.63,13.73,13.74,13.75,13.76,13.77,13.78,13.79,13.8,13.81,13.82,9600,162200,102200,7200,32800,20500,17300,40900,2100,4900,700,3700,8600,5800,25000,5400,16500,23000,7500,25300
13443.0,13.72,20857400,285300627.0,13.72,13.71,13.7,13.69,13.68,13.67,13.66,13.65,13.64,13.63,13.73,13.74,13.75,13.76,13.77,13.78,13.79,13.8,13.81,13.82,4700,162200,102200,7200,34800,20500,17300,40900,2100,4900,700,3700,8600,5800,25000,5400,16500,23000,7500,25300
13444.0,13.72,20857400,285300627.0,13.72,13.71,13.7,13.69,13.68,13.67,13.66,13.65,13.64,13.63,13.73,13.74,13.75,13.76,13.77,13.78,13.79,13.8,13.81,13.82,4700,162200,102200,7200,34800,20500,17300,40900,2100,4900,700,3700,8600,5800,14500,5400,16500,23000,7500,25300
13445.0,13.72,20859700,285332184.0,13.72,13.71,13.7,13.69,13.68,13.67,13.66,13.65,13.64,13.63,13.73,13.74,13.75,13.76,13.77,13.78,13.79,13.8,13.81,13.82,2500,162200,102200,7200,34800,20500,17300,40900,2100,4900,600,3700,8600,5800,14500,5400,16500,23000,7500,25300
13446.0,13.72,20859900,285334928.0,13.72,13.71,13.7,13.69,13.68,13.67,13.66,13.65,13.64,13.63,13.73,13.74,13.75,13.76,13.77,13.78,13.79,13.8,13.81,13.82,2300,162200,102200,7200,34800,20500,17300,40900,2100,4900,600,3700,8600,5800,14500,5400,16500,23000,7500,25300
13447.0,13.72,20859900,285334928.0,13.72,13.71,13.7,13.69,13.68,13.67,13.66,13.65,13.64,13.63,13.73,13.74,13.75,13.76,13.77,13.78,13.79,13.8,13.81,13.82,7600,162200,102200,7200,34800,20500,17300,40900,2100,4900,600,3700,8600,5800,14500,5400,16500,23000,7500,25300
13448.0,13.72,20861800,285360996.0,13.72,13.71,13.7,13.69,13.68,13.67,13.66,13.65,13.64,13.63,13.73,13.74,13.75,13.76,13.77,13.78,13.79,13.8,13.81,13.82,5700,162200,102200,7200,34800,20500,17300,40900,2100,4900,2100,3700,8600,5800,14500,5400,16500,23000,7500,25300
13449.0,13.72,20862800,285374716.0,13.72,13.71,13.7,13.69,13.68,13.67,13.66,13.65,13.64,13.63,13.73,13.74,13.75,13.76,13.77,13.78,13.79,13.8,13.81,13.82,4700,162200,102200,8300,34800,20500,17300,40900,2100,4900,2100,3700,8600,5800,14500,5400,16500,23000,7500,25300
13450.0,13.72,20862800,285374716.0,13.72,13.71,13.7,13.69,13.68,13.67,13.66,13.65,13.64,13.63,13.73,13.74,13.75,13.76,13.77,13.78,13.79,13.8,13.81,13.82,4700,162200,102200,8300,34800,20500,17300,40900,2100,4900,2100,3700,8600,5800,14500,5400,16500,23000,9000,25300
13451.0,13.72,20862900,285376088.0,13.72,13.71,13.7,13.69,13.68,13.67,13.66,13.65,13.64,13.63,13.73,13.74,13.75,13.76,13.77,13.78,13.79,13.8,13.81,13.82,4600,162200,102200,8300,34800,20500,17300,40900,2100,4900,2100,3700,8600,5800,14500,5400,16500,23000,9000,25300
13452.0,13.72,20862900,285376088.0,13.72,13.71,13.7,13.69,13.68,13.67,13.66,13.65,13.64,13.63,13.73,13.74,13.75,13.76,13.77,13.78,13.79,13.8,13.81,13.82,4600,162200,102200,8300,34800,20500,17300,40900,2100,4900,2100,3700,8600,5800,14500,5400,16500,23000,9000,25300
13453.0,13.72,20865800,285415876.0,13.72,13.71,13.7,13.69,13.68,13.67,13.66,13.65,13.64,13.63,13.73,13.74,13.75,13.76,13.77,13.78,13.79,13.8,13.81,13.82,1700,162200,102200,8300,34800,20500,17300,40900,2100,4900,2100,3700,8600,5800,14500,5400,16500,23000,9000,25300
13454.0,13.72,20865800,285415876.0,13.72,13.71,13.7,13.69,13.68,13.67,13.66,13.65,13.64,13.63,13.73,13.74,13.75,13.76,13.77,13.78,13.79,13.8,13.81,13.82,4700,162200,103200,8300,34800,20500,17300,40900,2100,4900,2100,3700,8600,5800,14500,5400,16500,23000,9000,25300
13455.0,13.72,20870600,285481734.0,13.72,13.71,13.7,13.69,13.68,13.67,13.66,13.65,13.64,13.63,13.73,13.74,13.75,13.76,13.77,13.78,13.79,13.8,13.81,13.82,100,162200,104300,8300,34800,20500,17300,40900,2100,4900,1900,3700,8600,5800,14500,5400,16500,23000,9000,25300
13456.0,13.72,20870600,285481734.0,13.72,13.71,13.7,13.69,13.68,13.67,13.66,13.65,13.64,13.63,13.73,13.74,13.75,13.76,13.77,13.78,13.79,13.8,13.81,13.82,8500,162500,104300,8300,34800,20500,17300,40900,2100,4900,1900,3700,8600,5800,14500,5400,16500,23000,9000,25300
13457.0,13.73,20871200,285489972.0,13.72,13.71,13.7,13.69,13.68,13.67,13.66,13.65,13.64,13.63,13.73,13.74,13.75,13.76,13.77,13.78,13.79,13.8,13.81,13.82,8500,162500,104300,8300,34800,20500,17300,40900,2100,4900,1300,3700,8600,5800,14500,5400,16500,23000,9000,25300
13458.0,13.72,20872200,285503692.0,13.72,13.71,13.7,13.69,13.68,13.67,13.66,13.65,13.64,13.63,13.73,13.74,13.75,13.76,13.77,13.78,13.79,13.8,13.81,13.82,7500,162500,104300,8300,34800,20500,17300,40900,2100,4900,1300,3700,8600,5800,14500,5400,16500,23000,9000,25300
13459.0,13.72,20872200,285503692.0,13.72,13.71,13.7,13.69,13.68,13.67,13.66,13.65,13.64,13.63,13.73,13.74,13.75,13.76,13.77,13.78,13.79,13.8,13.81,13.82,7500,162500,104300,8300,34800,20500,17300,40900,2100,4900,1300,3700,8600,5800,14500,5400,16500,23000,9000,25300
13460.0,13.72,20872400,285506436.0,13.72,13.71,13.7,13.69,13.68,13.67,13.66,13.65,13.64,13.63,13.73,13.74,13.75,13.76,13.77,13.78,13.79,13.8,13.81,13.82,7400,162500,104300,8300,34800,20500,17300,40900,2100,4900,1300,3700,8600,5800,14500,5400,16500,23000,9000,25300
13461.0,13.72,20872400,285506436.0,13.72,13.71,13.7,13.69,13.68,13.67,13.66,13.65,13.64,13.63,13.73,13.74,13.75,13.76,13.77,13.78,13.79,13.8,13.81,13.82,7400,162500,104300,8300,34800,20500,17300,40900,2100,4900,1300,4700,8600,5800,14500,5400,16500,23000,9000,25300
13462.0,13.72,20872700,285510553.0,13.72,13.71,13.7,13.69,13.68,13.67,13.66,13.65,13.64,13.63,13.73,13.74,13.75,13.76,13.77,13.78,13.79,13.8,13.81,13.82,7600,163100,104300,8300,34800,20500,17300,40900,2100,4900,1200,4700,8600,5800,14500,5400,16500,23000,9000,25300
13463.0,13.72,20872700,285510553.0,13.72,13.71,13.7,13.69,13.68,13.67,13.66,13.65,13.64,13.63,13.73,13.74,13.75,13.76,13.77,13.78,13.79,13.8,13.81,13.82,7600,163100,104300,8300,34800,20500,17300,40900,2100,4900,8800,4700,8600,5800,14500,5400,16500,23000,9000,25300
13464.0,13.72,20878900,285595624.0,13.72,13.71,13.7,13.69,13.68,13.67,13.66,13.65,13.64,13.63,13.73,13.74,13.75,13.76,13.77,13.78,13.79,13.8,13.81,13.82,2100,163700,104300,8300,34800,20500,17300,40900,2100,4900,8100,4700,8600,5800,14500,5400,16500,23000,9000,25300
13465.0,13.72,20878900,285595624.0,13.72,13.71,13.7,13.69,13.68,13.67,13.66,13.65,13.64,13.63,13.73,13.74,13.75,13.76,13.77,13.78,13.79,13.8,13.81,13.82,2100,163700,104800,8300,34800,20500,17300,40900,2100,4900,8100,4700,8600,5800,14500,5400,16500,23000,9000,25300
13466.0,13.72,20879900,285609344.0,13.72,13.71,13.7,13.69,13.68,13.67,13.66,13.65,13.64,13.63,13.73,13.74,13.75,13.76,13.77,13.78,13.79,13.8,13.81,13.82,1100,163800,104800,8300,34800,20500,17300,40900,2100,4900,8100,4700,8600,5800,14500,5400,16500,23000,9000,25300
13467.0,13.72,20880000,285610716.0,13.72,13.71,13.7,13.69,13.68,13.67,13.66,13.65,13.64,13.63,13.73,13.74,13.75,13.76,13.77,13.78,13.79,13.8,13.81,13.82,1000,163800,104800,8300,34800,20500,17300,40900,2100,4900,8100,4700,8600,5800,14500,5400,16500,23200,9000,25300
13468.0,13.71,20911400,286041248.0,13.71,13.7,13.69,13.68,13.67,13.66,13.65,13.64,13.63,13.62,13.73,13.74,13.75,13.76,13.77,13.78,13.79,13.8,13.81,13.82,135000,104800,8300,34800,20500,17300,40900,2100,4900,5000,6700,4700,8600,5800,14500,5400,16500,23200,9000,25300
13469.0,13.71,20913800,286074152.0,13.71,13.7,13.69,13.68,13.67,13.66,13.65,13.64,13.63,13.62,13.73,13.74,13.75,13.76,13.77,13.78,13.79,13.8,13.81,13.82,133400,104800,8300,34800,20500,17300,40900,2100,4900,5000,7500,4700,8600,5800,14500,5400,16500,23200,9000,25300
13470.0,13.71,20922300,286190701.0,13.71,13.7,13.69,13.68,13.67,13.66,13.65,13.64,13.63,13.62,13.73,13.74,13.75,13.76,13.77,13.78,13.79,13.8,13.81,13.82,128100,104800,8300,34800,20500,17300,40900,2100,4900,5000,8700,4700,8600,5800,14500,5400,16500,23200,9000,25300
13471.0,13.73,20923000,286200312.0,13.71,13.7,13.69,13.68,13.67,13.66,13.65,13.64,13.63,13.62,13.73,13.74,13.75,13.76,13.77,13.78,13.79,13.8,13.81,13.82,128200,104800,8300,34800,20500,17300,40900,2100,4900,5000,8000,4700,8600,5800,14500,5400,16500,23200,9000,25300
13472.0,13.71,20971500,286865247.0,13.71,13.7,13.69,13.68,13.67,13.66,13.65,13.64,13.63,13.62,13.73,13.74,13.75,13.76,13.77,13.78,13.79,13.8,13.81,13.82,85500,106900,8300,34800,20500,17300,40900,2100,4900,5000,10400,4700,8600,5800,14500,5400,16500,23200,9000,25300
13473.0,13.71,20971500,286865247.0,13.71,13.7,13.69,13.68,13.67,13.66,13.65,13.64,13.63,13.62,13.73,13.74,13.75,13.76,13.77,13.78,13.79,13.8,13.81,13.82,87300,107200,8300,34800,20500,17300,40900,2100,4900,5000,11200,4700,8600,5800,14500,5400,16500,23200,9000,25300
13474.0,13.73,20972200,286874858.0,13.71,13.7,13.69,13.68,13.67,13.66,13.65,13.64,13.63,13.62,13.73,13.74,13.75,13.76,13.77,13.78,13.79,13.8,13.81,13.82,88500,107200,8300,34800,20500,17300,40900,2100,4900,5000,11700,4700,8600,5800,14500,5400,16500,23200,9000,25300
13475.0,13.73,20972200,286874858.0,13.71,13.7,13.69,13.68,13.67,13.66,13.65,13.64,13.63,13.62,13.73,13.74,13.75,13.76,13.77,13.78,13.79,13.8,13.81,13.82,92500,107200,8300,34800,20500,17300,40900,2100,4900,5000,14600,4700,8600,5800,14500,5400,16500,23200,9000,25300
13476.0,13.73,20972200,286874858.0,13.72,13.71,13.7,13.69,13.68,13.67,13.66,13.65,13.64,13.63,13.73,13.74,13.75,13.76,13.77,13.78,13.79,13.8,13.81,13.82,400,95500,107200,8300,34800,20500,17300,40900,2100,4900,14600,4700,8600,5800,14500,5400,16500,23200,9000,25300
13477.0,13.71,20975100,286914649.0,13.71,13.7,13.69,13.68,13.67,13.66,13.65,13.64,13.63,13.62,13.73,13.74,13.75,13.76,13.77,13.78,13.79,13.8,13.81,13.82,95100,107200,8300,34800,20500,17300,40900,2100,4900,5000,13200,4700,8600,5800,14500,5400,16500,23200,9000,25300
13478.0,13.71,20975100,286914649.0,13.71,13.7,13.69,13.68,13.67,13.66,13.65,13.64,13.63,13.62,13.73,13.74,13.75,13.76,13.77,13.78,13.79,13.8,13.81,13.82,95900,107200,8300,34800,19900,17300,40900,2100,4900,5000,14000,4700,8600,5800,14500,5400,16500,23200,9000,25300
13479.0,13.71,20977800,286951714.0,13.71,13.7,13.69,13.68,13.67,13.66,13.65,13.64,13.63,13.62,13.73,13.74,13.75,13.76,13.77,13.78,13.79,13.8,13.81,13.82,97200,107200,8300,34800,19900,17300,40900,2100,4900,5000,12900,4700,8600,5800,14500,5400,16500,23200,9000,25300
13480.0,13.71,20978700,286964067.0,13.72,13.71,13.7,13.69,13.68,13.67,13.66,13.65,13.64,13.63,13.73,13.74,13.75,13.76,13.77,13.78,13.79,13.8,13.81,13.82,2000,99200,107200,8300,34800,19900,17300,40900,2100,4900,14400,4700,8600,5800,14500,5400,16500,23200,9000,25300
13481.0,13.71,20978700,286964067.0,13.72,13.71,13.7,13.69,13.68,13.67,13.66,13.65,13.64,13.63,13.73,13.74,13.75,13.76,13.77,13.78,13.79,13.8,13.81,13.82,2000,101200,107200,8300,34800,19900,17300,40900,2100,4900,14400,4700,8600,5800,14500,5400,16500,23200,9000,25300
13482.0,13.71,20978700,286964067.0,13.72,13.71,13.7,13.69,13.68,13.67,13.66,13.65,13.64,13.63,13.73,13.74,13.75,13.76,13.77,13.78,13.79,13.8,13.81,13.82,2000,101200,107200,8300,34800,19900,17300,40900,2100,4900,14400,4700,8600,5800,14500,5400,16500,23200,9000,25300
13483.0,13.72,20980000,286981910.0,13.72,13.71,13.7,13.69,13.68,13.67,13.66,13.65,13.64,13.63,13.73,13.74,13.75,13.76,13.77,13.78,13.79,13.8,13.81,13.82,1400,101200,107200,8300,34800,19900,17300,40900,2100,4900,13700,4700,8600,5800,14500,5400,16500,23200,9000,25300
13484.0,13.73,20980700,286991521.0,13.72,13.71,13.7,13.69,13.68,13.67,13.66,13.65,13.64,13.63,13.73,13.74,13.75,13.76,13.77,13.78,13.79,13.8,13.81,13.82,1400,102300,107200,8300,34800,19900,17300,40900,2100,4900,13000,4700,8600,5800,14500,5400,16500,23200,9000,25300
13485.0,13.73,20980700,286991521.0,13.72,13.71,13.7,13.69,13.68,13.67,13.66,13.65,13.64,13.63,13.73,13.74,13.75,13.76,13.77,13.78,13.79,13.8,13.81,13.82,1400,102500,107600,8300,34800,19900,17300,40900,2100,4900,13000,4700,8600,5800,14500,5400,16500,23200,9000,25300
13486.0,13.73,20980700,286991521.0,13.72,13.71,13.7,13.69,13.68,13.67,13.66,13.65,13.64,13.63,13.73,13.74,13.75,13.76,13.77,13.78,13.79,13.8,13.81,13.82,1400,102500,107600,8300,34800,19900,17300,40900,2100,4900,13000,4700,8600,5800,14500,5400,16500,23200,9000,25300
13487.0,13.73,20980700,286991521.0,13.72,13.71,13.7,13.69,13.68,13.67,13.66,13.65,13.64,13.63,13.73,13.74,13.75,13.76,13.77,13.78,13.79,13.8,13.81,13.82,1400,102600,108200,8300,34800,19900,17300,40900,2100,4900,13000,4700,8600,5800,14500,5400,16500,23200,9000,25300
13488.0,13.72,20981700,287005241.0,13.72,13.71,13.7,13.69,13.68,13.67,13.66,13.65,13.64,13.63,13.73,13.74,13.75,13.76,13.77,13.78,13.79,13.8,13.81,13.82,1200,102600,108200,8300,34800,19900,17300,40900,2100,4900,13000,6100,8600,5800,14500,5400,16500,23200,9000,25300
13489.0,13.72,20981700,287005241.0,13.72,13.71,13.7,13.69,13.68,13.67,13.66,13.65,13.64,13.63,13.73,13.74,13.75,13.76,13.77,13.78,13.79,13.8,13.81,13.82,1200,102600,108200,8300,34800,19900,17300,40900,2100,4900,13000,6100,8600,5800,14500,5400,16500,23200,9000,25300
13490.0,13.71,20988100,287093025.0,13.71,13.7,13.69,13.68,13.67,13.66,13.65,13.64,13.63,13.62,13.73,13.74,13.75,13.76,13.77,13.78,13.79,13.8,13.81,13.82,99100,108500,8300,34800,19900,17300,40900,2100,4900,5000,11600,6100,8600,5800,14500,5400,16500,23200,9000,25300
13491.0,13.73,20988800,287102636.0,13.71,13.7,13.69,13.68,13.67,13.66,13.65,13.64,13.63,13.62,13.73,13.74,13.75,13.76,13.77,13.78,13.79,13.8,13.81,13.82,105600,108500,8300,34800,19900,17300,40900,2100,4900,5000,14100,6100,8600,5800,14500,5400,16500,23200,9000,25300
13492.0,13.73,20988800,287102636.0,13.71,13.7,13.69,13.68,13.67,13.66,13.65,13.64,13.63,13.62,13.73,13.74,13.75,13.76,13.77,13.78,13.79,13.8,13.81,13.82,106400,108500,8300,34800,19900,17300,40900,2100,4900,5000,14900,6100,8600,5800,14500,5400,16500,23200,9000,25300
13493.0,13.73,20988800,287102636.0,13.71,13.7,13.69,13.68,13.67,13.66,13.65,13.64,13.63,13.62,13.73,13.74,13.75,13.76,13.77,13.78,13.79,13.8,13.81,13.82,108400,108500,8300,34800,19900,17300,40900,2100,4900,5000,16900,6100,8600,5800,14500,5400,16500,23200,9000,25300
13494.0,13.73,20988800,287102636.0,13.71,13.7,13.69,13.68,13.67,13.66,13.65,13.64,13.63,13.62,13.73,13.74,13.75,13.76,13.77,13.78,13.79,13.8,13.81,13.82,110400,108500,8300,34800,19900,17300,40900,2100,4900,5000,18900,6100,8600,5800,14500,5400,16500,23200,9000,25300
13495.0,13.71,20989000,287105378.0,13.71,13.7,13.69,13.68,13.67,13.66,13.65,13.64,13.63,13.62,13.73,13.74,13.75,13.76,13.77,13.78,13.79,13.8,13.81,13.82,112200,108500,8300,35300,19900,17300,40900,2100,4900,5000,20900,6100,8600,5800,14500,5400,16500,23200,9000,25300
13496.0,13.71,20989500,287112233.0,13.71,13.7,13.69,13.68,13.67,13.66,13.65,13.64,13.63,13.62,13.73,13.74,13.75,13.76,13.77,13.78,13.79,13.8,13.81,13.82,112900,108500,8300,35300,19900,17300,41200,2100,4900,5000,22100,6100,8600,5800,14500,5400,16500,23200,9000,25300
13497.0,13.71,20989500,287112233.0,13.71,13.7,13.69,13.68,13.67,13.66,13.65,13.64,13.63,13.62,13.73,13.74,13.75,13.76,13.77,13.78,13.79,13.8,13.81,13.82,113700,108500,8300,35300,19900,17300,41200,2100,4900,5000,22900,6100,8600,5800,14500,5400,16500,23200,9000,25300
13498.0,13.71,20995600,287195878.0,13.71,13.7,13.69,13.68,13.67,13.66,13.65,13.64,13.63,13.62,13.73,13.74,13.75,13.76,13.77,13.78,13.79,13.8,13.81,13.82,110300,108500,8300,35300,19900,17300,41200,2100,4900,5000,24200,6100,8600,5800,14500,5400,16500,23200,9000,25300
13499.0,13.73,20996300,287205489.0,13.72,13.71,13.7,13.69,13.68,13.67,13.66,13.65,13.64,13.63,13.73,13.74,13.75,13.76,13.77,13.78,13.79,13.8,13.81,13.82,200,112300,109800,8300,35300,19900,17300,41200,2100,4900,25500,6100,8800,5800,14500,5400,16500,23200,9000,25300
13500.0,13.73,20996500,287208235.0,13.72,13.71,13.7,13.69,13.68,13.67,13.66,13.65,13.64,13.63,13.73,13.74,13.75,13.76,13.77,13.78,13.79,13.8,13.81,13.82,200,115800,109800,8300,35800,19900,17300,41200,2100,4900,25300,6100,8800,5800,14500,5400,16500,23200,9000,25300
13501.0,13.73,20997900,287227457.0,13.72,13.71,13.7,13.69,13.68,13.67,13.66,13.65,13.64,13.63,13.73,13.74,13.75,13.76,13.77,13.78,13.79,13.8,13.81,13.82,400,125800,109800,8300,35800,19900,17300,41200,2100,4900,23900,6100,8800,5800,14500,5400,16500,23200,9000,25300
13502.0,13.73,20998600,287237068.0,13.72,13.71,13.7,13.69,13.68,13.67,13.66,13.65,13.64,13.63,13.73,13.74,13.75,13.76,13.77,13.78,13.79,13.8,13.81,13.82,400,125800,109800,8300,35800,19900,17300,41200,2100,4900,23200,6100,8900,5800,14500,5400,16500,23200,9000,25300
13503.0,13.73,20998600,287237068.0,13.72,13.71,13.7,13.69,13.68,13.67,13.66,13.65,13.64,13.63,13.73,13.74,13.75,13.76,13.77,13.78,13.79,13.8,13.81,13.82,400,125800,109800,8700,35800,19900,17300,41200,2100,4900,23200,6100,8900,5800,14500,5400,16500,23200,9000,25300
13504.0,13.71,20999200,287245298.0,13.71,13.7,13.69,13.68,13.67,13.66,13.65,13.64,13.63,13.62,13.73,13.74,13.75,13.76,13.77,13.78,13.79,13.8,13.81,13.82,125600,109800,8700,35800,19900,17300,41200,2100,4900,5000,23200,6100,8900,5800,14500,5400,16500,23200,9000,25300
13505.0,13.73,21000600,287264520.0,13.71,13.7,13.69,13.68,13.67,13.66,13.65,13.64,13.63,13.62,13.73,13.74,13.75,13.76,13.77,13.78,13.79,13.8,13.81,13.82,127400,109800,8700,35800,19900,17300,41200,2100,4900,5000,23600,6100,8900,5800,14500,5400,16500,23200,9000,25300
13506.0,13.71,21000700,287265891.0,13.71,13.7,13.69,13.68,13.67,13.66,13.65,13.64,13.63,13.62,13.73,13.74,13.75,13.76,13.77,13.78,13.79,13.8,13.81,13.82,128500,109800,8700,35800,19900,17300,41200,2100,4900,5000,24800,6100,8900,5800,14500,5400,16500,23200,9000,25300
13507.0,13.71,21000700,287265891.0,13.71,13.7,13.69,13.68,13.67,13.66,13.65,13.64,13.63,13.62,13.73,13.74,13.75,13.76,13.77,13.78,13.79,13.8,13.81,13.82,131100,109800,8700,35800,19900,17300,41200,2100,4900,5000,27400,6100,8900,5800,14500,5400,16500,23200,9000,25300
13508.0,13.73,21001400,287275502.0,13.71,13.7,13.69,13.68,13.67,13.66,13.65,13.64,13.63,13.62,13.73,13.74,13.75,13.76,13.77,13.78,13.79,13.8,13.81,13.82,135200,109800,8700,35800,19900,17300,41200,2100,5500,5000,27900,6100,8900,5800,14500,5400,16500,23200,9000,25300
13509.0,13.73,21001400,287275502.0,13.71,13.7,13.69,13.68,13.67,13.66,13.65,13.64,13.63,13.62,13.72,13.73,13.74,13.75,13.76,13.77,13.78,13.79,13.8,13.81,135900,110000,8700,35800,19900,17300,41200,2100,5500,5000,4500,28600,6100,8900,5800,14500,5400,16500,23200,9000
13510.0,13.73,21001400,287275502.0,13.71,13.7,13.69,13.68,13.67,13.66,13.65,13.64,13.63,13.62,13.72,13.73,13.74,13.75,13.76,13.77,13.78,13.79,13.8,13.81,135900,110000,8700,35800,19900,17300,41200,2100,5500,5000,4500,28600,6100,8900,5800,14500,5400,16500,23200,9000
13511.0,13.72,21003900,287309797.0,13.71,13.7,13.69,13.68,13.67,13.66,13.65,13.64,13.63,13.62,13.72,13.73,13.74,13.75,13.76,13.77,13.78,13.79,13.8,13.81,135400,110000,8700,35800,19900,17300,41200,2100,5500,5000,2500,28600,6100,8900,5800,14500,5400,16500,23200,9000
13512.0,13.71,21004300,287315283.0,13.71,13.7,13.69,13.68,13.67,13.66,13.65,13.64,13.63,13.62,13.72,13.73,13.74,13.75,13.76,13.77,13.78,13.79,13.8,13.81,141300,110000,8700,35800,19900,17300,41200,2100,5500,5000,2300,28600,6100,8900,5800,14500,5400,16500,23200,9000
13513.0,13.71,21004300,287315283.0,13.71,13.7,13.69,13.68,13.67,13.66,13.65,13.64,13.63,13.62,13.72,13.73,13.74,13.75,13.76,13.77,13.78,13.79,13.8,13.81,141800,110000,8700,35800,19900,17300,41200,2100,5500,5000,2300,28600,6100,8900,5800,14500,5400,16500,23200,9000
13514.0,13.71,21004300,287315283.0,13.71,13.7,13.69,13.68,13.67,13.66,13.65,13.64,13.63,13.62,13.72,13.73,13.74,13.75,13.76,13.77,13.78,13.79,13.8,13.81,141800,110000,8700,35800,19900,17300,41200,2100,5500,5000,2300,28600,6100,8900,5800,14500,5400,16500,23200,9000
13515.0,13.71,21004300,287315283.0,13.71,13.7,13.69,13.68,13.67,13.66,13.65,13.64,13.63,13.62,13.72,13.73,13.74,13.75,13.76,13.77,13.78,13.79,13.8,13.81,141800,110000,8700,35800,19900,17300,41200,2100,5500,5000,2300,28600,6100,8900,5800,14500,5400,16500,23200,9000
13516.0,13.71,21004300,287315283.0,13.71,13.7,13.69,13.68,13.67,13.66,13.65,13.64,13.63,13.62,13.72,13.73,13.74,13.75,13.76,13.77,13.78,13.79,13.8,13.81,142600,110000,8700,35800,19900,17300,41200,2100,5500,5000,2300,28600,6100,8900,5800,14500,5400,16500,23200,9000
13517.0,13.71,21004300,287315283.0,13.71,13.7,13.69,13.68,13.67,13.66,13.65,13.64,13.63,13.62,13.72,13.73,13.74,13.75,13.76,13.77,13.78,13.79,13.8,13.81,142600,110000,8700,35800,19900,17300,44200,2100,5500,5000,2300,28600,6100,8900,5800,14500,5400,16500,23200,9000
13518.0,13.71,21004300,287315283.0,13.71,13.7,13.69,13.68,13.67,13.66,13.65,13.64,13.63,13.62,13.72,13.73,13.74,13.75,13.76,13.77,13.78,13.79,13.8,13.81,142600,110000,8700,36400,19900,17300,44200,2100,5500,6000,2300,28600,6100,8900,5800,14500,5400,16500,23200,9000
13519.0,13.71,21005300,287328997.0,13.71,13.7,13.69,13.68,13.67,13.66,13.65,13.64,13.63,13.62,13.72,13.73,13.74,13.75,13.76,13.77,13.78,13.79,13.8,13.81,143000,110000,8700,36400,19900,17300,44200,2100,5500,6000,1900,28600,6100,8900,5800,14500,5400,16500,23200,9000
13520.0,13.71,21005900,287337223.0,13.71,13.7,13.69,13.68,13.67,13.66,13.65,13.64,13.63,13.62,13.72,13.73,13.74,13.75,13.76,13.77,13.78,13.79,13.8,13.81,142400,110000,8700,36400,19900,17300,44200,2100,5500,6000,2200,28600,6100,8900,5800,14500,5400,16500,23200,9000
13521.0,13.72,21006100,287339967.0,13.71,13.7,13.69,13.68,13.67,13.66,13.65,13.64,13.63,13.62,13.72,13.73,13.74,13.75,13.76,13.77,13.78,13.79,13.8,13.81,142400,110000,8700,36400,19900,17300,44200,2100,5500,6000,2000,28600,6100,8900,5800,14500,5400,16500,23200,9000
13522.0,13.72,21006100,287339967.0,13.71,13.7,13.69,13.68,13.67,13.66,13.65,13.64,13.63,13.62,13.72,13.73,13.74,13.75,13.76,13.77,13.78,13.79,13.8,13.81,142400,110000,8700,36400,19900,17300,44200,2100,5500,6000,2000,28600,6100,8900,5800,14500,5400,16500,23200,9000
13523.0,13.72,21008100,287367407.0,13.72,13.71,13.7,13.69,13.68,13.67,13.66,13.65,13.64,13.63,13.73,13.74,13.75,13.76,13.77,13.78,13.79,13.8,13.81,13.82,10300,143000,110000,8700,36400,19900,17300,44200,2100,5500,28600,6100,8900,5800,14500,5400,16500,23200,9000,25300
13524.0,13.72,21008100,287367407.0,13.72,13.71,13.7,13.69,13.68,13.67,13.66,13.65,13.64,13.63,13.73,13.74,13.75,13.76,13.77,13.78,13.79,13.8,13.81,13.82,10300,143000,110700,8700,36400,19900,17300,44200,2100,5500,28600,6100,8900,5800,14500,5400,16500,23200,9000,25300
13525.0,13.72,21009500,287386622.0,13.72,13.71,13.7,13.69,13.68,13.67,13.66,13.65,13.64,13.63,13.73,13.74,13.75,13.76,13.77,13.78,13.79,13.8,13.81,13.82,10600,143000,110700,8700,36400,19900,17300,44200,2100,5500,27900,6100,8900,5800,14500,5400,16500,23200,9000,25300
13526.0,13.72,21011900,287419563.0,13.72,13.71,13.7,13.69,13.68,13.67,13.66,13.65,13.64,13.63,13.73,13.74,13.75,13.76,13.77,13.78,13.79,13.8,13.81,13.82,9500,143000,110700,8700,35100,19900,17300,44200,2100,5500,26600,6100,8900,5800,14500,5400,16500,23200,9000,25300
13527.0,13.73,21012600,287429174.0,13.72,13.71,13.7,13.69,13.68,13.67,13.66,13.65,13.64,13.63,13.73,13.74,13.75,13.76,13.77,13.78,13.79,13.8,13.81,13.82,9500,143000,110800,8700,35100,19900,17300,44200,2100,5500,25900,6100,8900,5800,14500,5400,16500,23200,9000,25300
13528.0,13.72,21014600,287456621.0,13.72,13.71,13.7,13.69,13.68,13.67,13.66,13.65,13.64,13.63,13.73,13.74,13.75,13.76,13.77,13.78,13.79,13.8,13.81,13.82,14700,143000,110800,8700,35100,19900,17300,44200,2100,5500,25200,6100,8900,5800,14500,5400,16500,23200,9000,25300
13529.0,13.72,21015600,287470341.0,13.72,13.71,13.7,13.69,13.68,13.67,13.66,13.65,13.64,13.63,13.73,13.74,13.75,13.76,13.77,13.78,13.79,13.8,13.81,13.82,13700,143000,111800,8700,35100,19900,17300,44200,2100,5500,25200,6100,8900,5800,14500,5400,16500,23200,9000,25300
13530.0,13.72,21015600,287470341.0,13.72,13.71,13.7,13.69,13.68,13.67,13.66,13.65,13.64,13.63,13.73,13.74,13.75,13.76,13.77,13.78,13.79,13.8,13.81,13.82,13700,143000,112600,8700,35100,19900,17300,44200,2100,5500,25200,6100,8900,5800,14500,5400,16500,23200,9000,25300
13531.0,13.72,21015700,287471713.0,13.72,13.71,13.7,13.69,13.68,13.67,13.66,13.65,13.64,13.63,13.73,13.74,13.75,13.76,13.77,13.78,13.79,13.8,13.81,13.82,13600,143000,112000,8700,35100,19900,17300,44200,2100,5500,25200,6100,8900,5800,14500,5400,16500,23200,9000,25300
13532.0,13.72,21015700,287471713.0,13.72,13.71,13.7,13.69,13.68,13.67,13.66,13.65,13.64,13.63,13.73,13.74,13.75,13.76,13.77,13.78,13.79,13.8,13.81,13.82,13600,143000,112200,8700,35100,19900,17300,44200,2100,5500,25200,6100,8900,5800,14500,5400,16500,23200,9000,25300
13533.0,13.72,21015700,287471713.0,13.72,13.71,13.7,13.69,13.68,13.67,13.66,13.65,13.64,13.63,13.73,13.74,13.75,13.76,13.77,13.78,13.79,13.8,13.81,13.82,13600,143000,113200,8700,35100,19900,17300,44200,2100,5500,25200,6100,8900,5800,14500,5400,16500,23200,9000,25300
13534.0,13.73,21017100,287490935.0,13.72,13.71,13.7,13.69,13.68,13.67,13.66,13.65,13.64,13.63,13.73,13.74,13.75,13.76,13.77,13.78,13.79,13.8,13.81,13.82,13600,143000,113200,8700,35100,19900,17300,44200,2100,5500,23800,6100,8900,5800,14500,5400,16500,23200,9000,25300
13535.0,13.72,21031500,287688511.0,13.71,13.7,13.69,13.68,13.67,13.66,13.65,13.64,13.63,13.62,13.72,13.73,13.74,13.75,13.76,13.77,13.78,13.79,13.8,13.81,143000,113200,8700,35100,19900,17300,44200,2100,5500,6000,2200,23000,6100,8900,5800,14500,5400,16500,23200,9000
13536.0,13.72,21031700,287691255.0,13.71,13.7,13.69,13.68,13.67,13.66,13.65,13.64,13.63,13.62,13.72,13.73,13.74,13.75,13.76,13.77,13.78,13.79,13.8,13.81,143700,113200,8700,35100,19900,17300,44200,2100,5500,6000,2000,23000,7600,8900,5800,14500,5400,16500,23200,9000
13537.0,13.72,21031700,287691255.0,13.71,13.7,13.69,13.68,13.67,13.66,13.65,13.64,13.63,13.62,13.72,13.73,13.74,13.75,13.76,13.77,13.78,13.79,13.8,13.81,146200,113200,8700,35100,19900,17300,44200,2100,5500,6000,2000,23700,7600,8900,5800,14500,5400,16500,23200,9000
13538.0,13.72,21031700,287691255.0,13.71,13.7,13.69,13.68,13.67,13.66,13.65,13.64,13.63,13.62,13.72,13.73,13.74,13.75,13.76,13.77,13.78,13.79,13.8,13.81,146200,113200,8700,35100,19900,17300,44200,2100,5500,6000,2000,23700,7600,8900,5800,14500,5400,16500,23200,9000
13539.0,13.72,21031900,287693999.0,13.71,13.7,13.69,13.68,13.67,13.66,13.65,13.64,13.63,13.62,13.72,13.73,13.74,13.75,13.76,13.77,13.78,13.79,13.8,13.81,146200,113500,8700,35100,19900,17300,44200,2100,5500,6000,1800,23700,7600,8900,5800,14500,5400,16500,23200,9000
13540.0,13.72,21031900,287693999.0,13.71,13.7,13.69,13.68,13.67,13.66,13.65,13.64,13.63,13.62,13.72,13.73,13.74,13.75,13.76,13.77,13.78,13.79,13.8,13.81,146200,113000,8700,35100,19900,17300,44200,2100,5500,6000,1800,23700,7600,8900,5800,14500,5400,16500,23200,9000
13541.0,13.72,21032000,287695371.0,13.71,13.7,13.69,13.68,13.67,13.66,13.65,13.64,13.63,13.62,13.72,13.73,13.74,13.75,13.76,13.77,13.78,13.79,13.8,13.81,146200,113000,8700,35100,19900,17300,44200,2100,5500,6000,1700,23700,7600,8900,5800,14500,5400,16500,23200,9000
13542.0,13.72,21032300,287699487.0,13.71,13.7,13.69,13.68,13.67,13.66,13.65,13.64,13.63,13.62,13.72,13.73,13.74,13.75,13.76,13.77,13.78,13.79,13.8,13.81,146200,113000,8700,35100,19900,17300,44200,2100,5500,6000,1400,23700,7600,8900,5800,14500,5400,16500,23200,9000
13543.0,13.72,21032300,287699487.0,13.71,13.7,13.69,13.68,13.67,13.66,13.65,13.64,13.63,13.62,13.72,13.73,13.74,13.75,13.76,13.77,13.78,13.79,13.8,13.81,146200,113000,8700,35100,19900,17300,44200,2100,5500,6000,1400,23700,7600,8900,5800,14500,5400,16500,23200,9000
13544.0,13.72,21033600,287717312.0,13.71,13.7,13.69,13.68,13.67,13.66,13.65,13.64,13.63,13.62,13.72,13.73,13.74,13.75,13.76,13.77,13.78,13.79,13.8,13.81,145600,113000,8700,35100,19900,17300,44200,2100,5500,6000,1200,23700,7600,8900,5800,14500,5400,16500,23200,9000
13545.0,13.72,21034800,287733776.0,13.72,13.71,13.7,13.69,13.68,13.67,13.66,13.65,13.64,13.63,13.73,13.74,13.75,13.76,13.77,13.78,13.79,13.8,13.81,13.82,4400,145600,113000,8700,35100,19900,17300,44200,2100,5500,23700,7600,8900,5800,14500,5400,16500,23200,9000,25300
13546.0,13.72,21035500,287743380.0,13.72,13.71,13.7,13.69,13.68,13.67,13.66,13.65,13.64,13.63,13.73,13.74,13.75,13.76,13.77,13.78,13.79,13.8,13.81,13.82,4600,145600,113000,8700,35100,19900,17300,44200,2100,5500,23700,7600,8900,5800,14500,5400,16500,23200,9000,25300
13547.0,13.72,21035800,287747496.0,13.72,13.71,13.7,13.69,13.68,13.67,13.66,13.65,13.64,13.63,13.73,13.74,13.75,13.76,13.77,13.78,13.79,13.8,13.81,13.82,4300,145600,113000,8700,35100,19900,17300,44200,2100,5500,23700,7600,8900,5800,14500,5400,16500,23200,9000,25300
13548.0,13.73,21037200,287766718.0,13.72,13.71,13.7,13.69,13.68,13.67,13.66,13.65,13.64,13.63,13.73,13.74,13.75,13.76,13.77,13.78,13.79,13.8,13.81,13.82,4300,145600,113000,8700,35100,19900,17300,44200,2100,5500,22300,7600,8900,5800,14500,5400,16500,23200,9000,25300
13549.0,13.71,21042700,287842166.0,13.71,13.7,13.69,13.68,13.67,13.66,13.65,13.64,13.63,13.62,13.72,13.73,13.74,13.75,13.76,13.77,13.78,13.79,13.8,13.81,144400,113000,8700,35100,19900,17300,44200,2100,5500,6000,3800,22300,7600,8900,5800,14500,5400,16500,23200,9000
13550.0,13.72,21043200,287849026.0,13.71,13.7,13.69,13.68,13.67,13.66,13.65,13.64,13.63,13.62,13.72,13.73,13.74,13.75,13.76,13.77,13.78,13.79,13.8,13.81,144400,113800,8700,35100,19900,17300,44200,2100,5500,6000,3300,22300,7600,8900,5800,14500,5400,16500,23200,9000
13551.0,13.72,21045500,287880582.0,13.71,13.7,13.69,13.68,13.67,13.66,13.65,13.64,13.63,13.62,13.72,13.73,13.74,13.75,13.76,13.77,13.78,13.79,13.8,13.81,145100,113800,8700,35100,19900,17300,44200,2100,5500,6000,1000,22300,7600,8900,5800,14500,5400,16500,23200,9000
13552.0,13.71,21050300,287946394.0,13.71,13.7,13.69,13.68,13.67,13.66,13.65,13.64,13.63,13.62,13.72,13.73,13.74,13.75,13.76,13.77,13.78,13.79,13.8,13.81,140700,113800,8700,35100,19900,17300,44200,2100,5500,6000,900,22300,7600,8900,5800,14500,5400,16500,23200,9000
13553.0,13.71,21050300,287946394.0,13.71,13.7,13.69,13.68,13.67,13.66,13.65,13.64,13.63,13.62,13.72,13.73,13.74,13.75,13.76,13.77,13.78,13.79,13.8,13.81,140700,113800,8700,35100,19900,17300,44200,2100,5500,6000,900,22300,7600,8900,5800,14500,5400,16500,23200,9000
13554.0,13.71,21050300,287946394.0,13.71,13.7,13.69,13.68,13.67,13.66,13.65,13.64,13.63,13.62,13.72,13.73,13.74,13.75,13.76,13.77,13.78,13.79,13.8,13.81,140700,113800,8700,37100,19900,17300,44200,2100,5500,6000,900,22300,7600,8900,5800,14500,5400,16500,23200,9000
13555.0,13.71,21050300,287946394.0,13.71,13.7,13.69,13.68,13.67,13.66,13.65,13.64,13.63,13.62,13.72,13.73,13.74,13.75,13.76,13.77,13.78,13.79,13.8,13.81,140700,113800,8700,37100,19900,17300,44200,2100,5500,6000,900,22300,7600,8900,5800,14500,5400,16500,23200,9000
13556.0,13.71,21050300,287946394.0,13.71,13.7,13.69,13.68,13.67,13.66,13.65,13.64,13.63,13.62,13.72,13.73,13.74,13.75,13.76,13.77,13.78,13.79,13.8,13.81,140700,113800,8700,37100,19700,17300,44200,2100,5500,6000,900,22300,7600,8900,5800,14500,5400,16500,23200,9000
13557.0,13.72,21051000,287955992.0,13.71,13.7,13.69,13.68,13.67,13.66,13.65,13.64,13.63,13.62,13.72,13.73,13.74,13.75,13.76,13.77,13.78,13.79,13.8,13.81,140300,113800,8700,37100,19700,17300,44200,2100,5500,6000,1700,22300,7600,8900,5800,14500,5400,16500,23200,9000
13558.0,13.72,21052700,287979316.0,13.72,13.71,13.7,13.69,13.68,13.67,13.66,13.65,13.64,13.63,13.73,13.74,13.75,13.76,13.77,13.78,13.79,13.8,13.81,13.82,400,140300,113800,11900,37100,19700,17300,44200,2100,5500,22300,7600,8900,5800,14500,5400,16500,23200,9000,25300
13559.0,13.72,21053100,287984804.0,13.71,13.7,13.69,13.68,13.67,13.66,13.65,13.64,13.63,13.62,13.72,13.73,13.74,13.75,13.76,13.77,13.78,13.79,13.8,13.81,140300,113800,11900,37100,19700,17300,44200,2100,5500,6000,3000,22300,7600,8900,5800,14500,5400,16500,23200,9000
13560.0,13.72,21053100,287984804.0,13.71,13.7,13.69,13.68,13.67,13.66,13.65,13.64,13.63,13.62,13.72,13.73,13.74,13.75,13.76,13.77,13.78,13.79,13.8,13.81,140400,113800,11900,37100,19700,17300,44200,2100,5500,6000,43200,22300,7600,8900,5800,14500,5400,16500,23200,9000
13561.0,13.72,21054800,288008128.0,13.71,13.7,13.69,13.68,13.67,13.66,13.65,13.64,13.63,13.62,13.72,13.73,13.74,13.75,13.76,13.77,13.78,13.79,13.8,13.81,140900,113800,11900,37100,19700,17300,44200,2100,5500,6000,41500,22300,7600,8900,5800,14500,5400,16500,23200,9000
13562.0,13.72,21054800,288008128.0,13.71,13.7,13.69,13.68,13.67,13.66,13.65,13.64,13.63,13.62,13.72,13.73,13.74,13.75,13.76,13.77,13.78,13.79,13.8,13.81,140900,113800,11900,37100,19700,17300,44200,2100,5500,6000,41900,22300,7600,8900,5800,14500,5400,16500,23200,9000
13563.0,13.72,21055700,288020476.0,13.71,13.7,13.69,13.68,13.67,13.66,13.65,13.64,13.63,13.62,13.72,13.73,13.74,13.75,13.76,13.77,13.78,13.79,13.8,13.81,140900,115600,12900,37100,19700,17300,44200,2100,5500,6000,41000,22300,7600,8900,5800,14500,5400,16500,23200,9000
13564.0,13.72,21055700,288020476.0,13.71,13.7,13.69,13.68,13.67,13.66,13.65,13.64,13.63,13.62,13.72,13.73,13.74,13.75,13.76,13.77,13.78,13.79,13.8,13.81,140900,115600,12900,35000,19700,17300,44200,2100,5500,6000,41000,22300,7400,8900,5800,14500,4900,16500,23200,9000
13565.0,13.72,21055900,288023220.0,13.71,13.7,13.69,13.68,13.67,13.66,13.65,13.64,13.63,13.62,13.72,13.73,13.74,13.75,13.76,13.77,13.78,13.79,13.8,13.81,142400,115600,12900,35000,19000,17300,44200,2100,5500,6000,40800,22300,7400,8900,5800,14500,4900,16500,23200,9000
13566.0,13.72,21055900,288023220.0,13.71,13.7,13.69,13.68,13.67,13.66,13.65,13.64,13.63,13.62,13.72,13.73,13.74,13.75,13.76,13.77,13.78,13.79,13.8,13.81,142400,115600,12900,35000,19000,17300,44200,2100,5500,6000,40800,22300,7400,8900,5800,14500,4900,16500,23200,9000
13567.0,13.72,21058900,288064380.0,13.71,13.7,13.69,13.68,13.67,13.66,13.65,13.64,13.63,13.62,13.72,13.73,13.74,13.75,13.76,13.77,13.78,13.79,13.8,13.81,143000,115600,12900,35000,19000,17300,44200,2100,5500,6000,45100,22300,7400,8900,5800,14500,4900,16500,23200,9000
13568.0,13.72,21059000,288065752.0,13.71,13.7,13.69,13.68,13.67,13.66,13.65,13.64,13.63,13.62,13.72,13.73,13.74,13.75,13.76,13.77,13.78,13.79,13.8,13.81,143000,115600,12900,35000,19000,17300,44200,2100,5500,6000,45000,22300,7400,8900,5800,14500,4900,16500,23200,9000
13569.0,13.72,21059000,288065752.0,13.71,13.7,13.69,13.68,13.67,13.66,13.65,13.64,13.63,13.62,13.72,13.73,13.74,13.75,13.76,13.77,13.78,13.79,13.8,13.81,143000,115100,12900,35000,19000,17300,44200,2100,5500,6000,45000,22300,7400,8900,5800,14500,4900,16500,23200,9000
13570.0,13.72,21060900,288091820.0,13.71,13.7,13.69,13.68,13.67,13.66,13.65,13.64,13.63,13.62,13.72,13.73,13.74,13.75,13.76,13.77,13.78,13.79,13.8,13.81,145200,115100,12900,35000,19000,17300,44200,2100,5500,6000,43100,22300,7400,8900,5800,14500,4900,16500,23200,9000
13571.0,13.71,21062900,288119240.0,13.71,13.7,13.69,13.68,13.67,13.66,13.65,13.64,13.63,13.62,13.72,13.73,13.74,13.75,13.76,13.77,13.78,13.79,13.8,13.81,145400,115100,12900,35000,19000,17300,44200,2100,5500,6000,43100,22300,7400,8900,5800,14500,4900,16500,23200,9000
13572.0,13.71,21065100,288149402.0,13.71,13.7,13.69,13.68,13.67,13.66,13.65,13.64,13.63,13.62,13.72,13.73,13.74,13.75,13.76,13.77,13.78,13.79,13.8,13.81,145200,115100,12900,35000,19000,17300,44200,2100,5500,6000,43100,22300,7400,8900,5800,14500,4900,16500,23200,9000
13573.0,13.72,21065800,288159006.0,13.71,13.7,13.69,13.68,13.67,13.66,13.65,13.64,13.63,13.62,13.72,13.73,13.74,13.75,13.76,13.77,13.78,13.79,13.8,13.81,145200,115100,12900,35000,19000,17300,44200,2100,5500,6000,42400,22300,7900,8900,5800,14500,4900,16500,23200,9000
13574.0,13.71,21076300,288302961.0,13.71,13.7,13.69,13.68,13.67,13.66,13.65,13.64,13.63,13.62,13.72,13.73,13.74,13.75,13.76,13.77,13.78,13.79,13.8,13.81,134700,115100,12900,35000,19000,17300,44200,2100,5500,6000,42400,22300,7900,8900,5800,14500,4900,16500,23200,9000
13575.0,13.72,21076400,288304333.0,13.71,13.7,13.69,13.68,13.67,13.66,13.65,13.64,13.63,13.62,13.72,13.73,13.74,13.75,13.76,13.77,13.78,13.79,13.8,13.81,134700,115100,12900,35000,19200,17300,44200,2100,5500,6000,42300,22300,7900,8900,5800,14500,4900,16500,23200,9000
13576.0,13.72,21077100,288313937.0,13.71,13.7,13.69,13.68,13.67,13.66,13.65,13.64,13.63,13.62,13.72,13.73,13.74,13.75,13.76,13.77,13.78,13.79,13.8,13.81,134900,115100,12900,35000,19200,17300,44200,2100,5500,6000,41600,22300,7900,8900,5800,14500,4900,16500,23200,9000
13577.0,13.72,21077800,288323541.0,13.71,13.7,13.69,13.68,13.67,13.66,13.65,13.64,13.63,13.62,13.72,13.73,13.74,13.75,13.76,13.77,13.78,13.79,13.8,13.81,134900,115100,12900,35000,19200,17300,44200,2100,5500,6000,40900,22300,7900,8900,5800,14500,4900,16500,23200,9000
13578.0,13.72,21079200,288342749.0,13.71,13.7,13.69,13.68,13.67,13.66,13.65,13.64,13.63,13.62,13.72,13.73,13.74,13.75,13.76,13.77,13.78,13.79,13.8,13.81,134900,115100,12900,35000,19200,17300,44200,2100,5500,6000,39600,22300,7900,8900,5800,14500,4900,16500,23200,9000
13579.0,13.72,21079200,288342749.0,13.71,13.7,13.69,13.68,13.67,13.66,13.65,13.64,13.63,13.62,13.72,13.73,13.74,13.75,13.76,13.77,13.78,13.79,13.8,13.81,135900,115100,12900,35000,19200,17300,44200,2100,5500,6000,39600,22300,7900,8900,5800,14500,4900,16500,23200,9000
13580.0,13.72,21079200,288342749.0,13.71,13.7,13.69,13.68,13.67,13.66,13.65,13.64,13.63,13.62,13.72,13.73,13.74,13.75,13.76,13.77,13.78,13.79,13.8,13.81,135900,115600,12900,35000,19200,17300,44200,2100,5500,6000,39600,22300,7900,8900,5800,14500,4900,16500,23200,9000
13581.0,13.72,21080200,288356469.0,13.71,13.7,13.69,13.68,13.67,13.66,13.65,13.64,13.63,13.62,13.72,13.73,13.74,13.75,13.76,13.77,13.78,13.79,13.8,13.81,135900,115600,12900,35000,19200,17300,44200,2100,5500,6000,38600,22300,7900,8900,5800,14500,4900,16500,23200,9000
13582.0,13.72,21080200,288356469.0,13.71,13.7,13.69,13.68,13.67,13.66,13.65,13.64,13.63,13.62,13.72,13.73,13.74,13.75,13.76,13.77,13.78,13.79,13.8,13.81,136500,115600,12900,35000,19200,17300,44200,2100,5500,6000,38600,22500,7900,8900,5800,14500,4900,16500,23200,9000
13583.0,13.71,21080600,288361953.0,13.71,13.7,13.69,13.68,13.67,13.66,13.65,13.64,13.63,13.62,13.72,13.73,13.74,13.75,13.76,13.77,13.78,13.79,13.8,13.81,136100,115600,12900,35000,19200,17300,44200,2100,5500,6000,38600,22500,7900,8900,5800,14500,4900,16500,23200,9000
13584.0,13.72,21082200,288383905.0,13.71,13.7,13.69,13.68,13.67,13.66,13.65,13.64,13.63,13.62,13.72,13.73,13.74,13.75,13.76,13.77,13.78,13.79,13.8,13.81,136100,115600,12900,35000,19200,17300,44200,2100,5500,6000,37000,22500,7900,8900,5800,14500,4900,16500,23200,9000
13585.0,13.71,21083300,288398986.0,13.71,13.7,13.69,13.68,13.67,13.66,13.65,13.64,13.63,13.62,13.72,13.73,13.74,13.75,13.76,13.77,13.78,13.79,13.8,13.81,135000,115600,12900,35000,19200,17300,44200,2100,5500,6000,37000,22500,7900,8900,5800,14500,4900,16500,23200,9000
13586.0,13.71,21086200,288438745.0,13.71,13.7,13.69,13.68,13.67,13.66,13.65,13.64,13.63,13.62,13.72,13.73,13.74,13.75,13.76,13.77,13.78,13.79,13.8,13.81,132100,115600,12900,35000,19200,17300,44200,2100,5500,6000,37000,22500,7900,8900,5800,14500,4900,16500,23200,9000
13587.0,13.72,21086900,288448349.0,13.71,13.7,13.69,13.68,13.67,13.66,13.65,13.64,13.63,13.62,13.72,13.73,13.74,13.75,13.76,13.77,13.78,13.79,13.8,13.81,132100,115600,12900,35000,19200,17300,44200,2100,5500,6000,36300,22500,7900,8900,5800,14500,4900,16500,23200,9000
13588.0,13.72,21087600,288457953.0,13.71,13.7,13.69,13.68,13.67,13.66,13.65,13.64,13.63,13.62,13.72,13.73,13.74,13.75,13.76,13.77,13.78,13.79,13.8,13.81,132100,115600,12900,35000,19200,17300,44200,2100,5500,6000,35600,22500,5900,8900,5800,14500,4900,16500,23200,9000
13589.0,13.72,21089000,288477161.0,13.71,13.7,13.69,13.68,13.67,13.66,13.65,13.64,13.63,13.62,13.72,13.73,13.74,13.75,13.76,13.77,13.78,13.79,13.8,13.81,132100,115700,12900,35000,19200,17300,44200,2100,5500,6000,34200,22500,5900,8900,5700,14500,4900,16500,23200,9000
13590.0,13.72,21089700,288486765.0,13.71,13.7,13.69,13.68,13.67,13.66,13.65,13.64,13.63,13.62,13.72,13.73,13.74,13.75,13.76,13.77,13.78,13.79,13.8,13.81,132100,115700,12900,35000,19200,17300,44200,2100,5500,6000,33600,22500,5900,8900,5700,14500,4900,16500,23200,9000
13591.0,13.72,21090400,288496369.0,13.71,13.7,13.69,13.68,13.67,13.66,13.65,13.64,13.63,13.62,13.72,13.73,13.74,13.75,13.76,13.77,13.78,13.79,13.8,13.81,132100,118600,12900,32900,19200,17300,44200,2100,5500,6000,32900,22500,5900,8900,5700,14500,4900,16500,23200,9000
13592.0,13.72,21090400,288496369.0,13.71,13.7,13.69,13.68,13.67,13.66,13.65,13.64,13.63,13.62,13.72,13.73,13.74,13.75,13.76,13.77,13.78,13.79,13.8,13.81,132100,118600,12900,32900,19200,17300,44200,2100,5500,6000,37900,22500,5900,8900,5700,14500,4900,16500,23200,9000
13593.0,13.71,21091400,288510086.0,13.71,13.7,13.69,13.68,13.67,13.66,13.65,13.64,13.63,13.62,13.72,13.73,13.74,13.75,13.76,13.77,13.78,13.79,13.8,13.81,138100,118600,12900,32900,19200,17300,44200,2100,5500,6000,37200,22500,5900,8900,5700,14500,4900,16500,23200,9000
13594.0,13.71,21092200,288521054.0,13.71,13.7,13.69,13.68,13.67,13.66,13.65,13.64,13.63,13.62,13.72,13.73,13.74,13.75,13.76,13.77,13.78,13.79,13.8,13.81,140500,118600,12900,32900,19200,17300,44200,2100,5500,6000,37200,22500,5900,8900,5700,14500,4900,16500,23200,9000
13595.0,13.71,21092200,288521054.0,13.71,13.7,13.69,13.68,13.67,13.66,13.65,13.64,13.63,13.62,13.72,13.73,13.74,13.75,13.76,13.77,13.78,13.79,13.8,13.81,140500,118600,12900,32900,19200,17300,44200,2100,5500,6000,37200,22500,5900,8900,5700,14500,4900,16500,23200,9000
13596.0,13.72,21096600,288581422.0,13.71,13.7,13.69,13.68,13.67,13.66,13.65,13.64,13.63,13.62,13.72,13.73,13.74,13.75,13.76,13.77,13.78,13.79,13.8,13.81,141500,118600,12900,32900,19200,17300,44200,2100,5500,6000,32800,22500,5900,8900,5700,14500,4900,16500,23200,9000
13597.0,13.72,21096600,288581422.0,13.71,13.7,13.69,13.68,13.67,13.66,13.65,13.64,13.63,13.62,13.72,13.73,13.74,13.75,13.76,13.77,13.78,13.79,13.8,13.81,141500,118600,12900,32900,19200,17300,44200,2100,5500,6000,32800,22500,5900,8900,5700,14500,4900,16500,23200,9000
13598.0,13.72,21097300,288591026.0,13.71,13.7,13.69,13.68,13.67,13.66,13.65,13.64,13.63,13.62,13.72,13.73,13.74,13.75,13.76,13.77,13.78,13.79,13.8,13.81,141500,118600,12900,32900,19200,17300,44200,2100,5500,6000,32100,22500,5900,8900,5700,14500,4900,16500,23200,9000
13599.0,13.71,21107500,288730875.0,13.71,13.7,13.69,13.68,13.67,13.66,13.65,13.64,13.63,13.62,13.72,13.73,13.74,13.75,13.76,13.77,13.78,13.79,13.8,13.81,135000,118600,12900,32900,19200,17300,44200,2100,5500,6000,31400,22500,5900,8900,5700,14500,4900,16500,23200,9000
13600.0,13.71,21107500,288730875.0,13.71,13.7,13.69,13.68,13.67,13.66,13.65,13.64,13.63,13.62,13.72,13.73,13.74,13.75,13.76,13.77,13.78,13.79,13.8,13.81,135000,118600,12900,32900,19200,17300,44200,2100,5500,6000,31400,22500,5900,8900,5700,14500,4900,16500,23200,9000
13601.0,13.72,21108900,288750083.0,13.71,13.7,13.69,13.68,13.67,13.66,13.65,13.64,13.63,13.62,13.72,13.73,13.74,13.75,13.76,13.77,13.78,13.79,13.8,13.81,135600,118600,12900,32900,19200,17300,44200,2100,5500,6000,30000,22500,5900,8900,5700,14500,4900,16500,23200,9000
13602.0,13.71,21110900,288777503.0,13.71,13.7,13.69,13.68,13.67,13.66,13.65,13.64,13.63,13.62,13.72,13.73,13.74,13.75,13.76,13.77,13.78,13.79,13.8,13.81,133600,118600,12900,32900,19200,17300,44200,2100,5500,6000,30000,22500,5900,8900,5700,14500,4900,16500,23200,9000
13603.0,13.72,21112400,288798083.0,13.71,13.7,13.69,13.68,13.67,13.66,13.65,13.64,13.63,13.62,13.72,13.73,13.74,13.75,13.76,13.77,13.78,13.79,13.8,13.81,133600,118600,12900,32900,19200,17300,44200,2100,5500,6000,28500,22500,5900,8900,5700,14500,4900,16500,23200,9000
13604.0,13.71,21113200,288809058.0,13.71,13.7,13.69,13.68,13.67,13.66,13.65,13.64,13.63,13.62,13.72,13.73,13.74,13.75,13.76,13.77,13.78,13.79,13.8,13.81,134500,118600,12900,32900,19200,17300,44200,2100,5500,6000,33500,22500,5900,8900,5700,14500,4900,16500,23200,9000
13605.0,13.71,21115100,288835111.0,13.71,13.7,13.69,13.68,13.67,13.66,13.65,13.64,13.63,13.62,13.72,13.73,13.74,13.75,13.76,13.77,13.78,13.79,13.8,13.81,135000,118600,12900,32900,19200,17300,44200,2100,5500,6000,33100,22500,5900,8900,5700,14500,4900,16500,23200,9000
13606.0,13.71,21123600,288951727.0,13.71,13.7,13.69,13.68,13.67,13.66,13.65,13.64,13.63,13.62,13.72,13.73,13.74,13.75,13.76,13.77,13.78,13.79,13.8,13.81,134600,118600,12900,32900,19200,17300,44200,2100,5500,6000,25000,22500,5900,8900,5700,14500,4900,16500,23200,9000
13607.0,13.72,21124300,288961331.0,13.71,13.7,13.69,13.68,13.67,13.66,13.65,13.64,13.63,13.62,13.72,13.73,13.74,13.75,13.76,13.77,13.78,13.79,13.8,13.81,135600,118600,12900,32900,19200,17300,44200,2100,5500,6000,24300,22500,5900,8900,5700,14500,4900,16500,23200,9000
13608.0,13.71,21128600,289020284.0,13.71,13.7,13.69,13.68,13.67,13.66,13.65,13.64,13.63,13.62,13.72,13.73,13.74,13.75,13.76,13.77,13.78,13.79,13.8,13.81,131500,118600,12900,32900,19200,17300,44200,2100,5500,6000,24300,22500,5900,8900,5700,14500,4900,16500,23200,9000
13609.0,13.72,21130200,289042236.0,13.71,13.7,13.69,13.68,13.67,13.66,13.65,13.64,13.63,13.62,13.72,13.73,13.74,13.75,13.76,13.77,13.78,13.79,13.8,13.81,131500,118600,12900,32900,19200,17300,44200,2100,5500,6000,22700,22500,5900,8900,5700,14500,4900,16500,23200,9000
13610.0,13.72,21131400,289058699.0,13.71,13.7,13.69,13.68,13.67,13.66,13.65,13.64,13.63,13.62,13.72,13.73,13.74,13.75,13.76,13.77,13.78,13.79,13.8,13.81,131400,118600,12900,32900,19200,17300,44200,2100,5500,6000,21600,22500,5900,8900,5700,14500,4900,16500,23200,9000
13611.0,13.72,21132800,289077907.0,13.71,13.7,13.69,13.68,13.67,13.66,13.65,13.64,13.63,13.62,13.72,13.73,13.74,13.75,13.76,13.77,13.78,13.79,13.8,13.81,131400,118600,12900,32900,19200,17300,44200,2100,5500,6000,20200,22500,5900,8900,5700,14500,4900,16500,24900,9000
13612.0,13.72,21134600,289102603.0,13.71,13.7,13.69,13.68,13.67,13.66,13.65,13.64,13.63,13.62,13.72,13.73,13.74,13.75,13.76,13.77,13.78,13.79,13.8,13.81,131400,120700,12900,32900,19200,17300,44200,2100,5500,6000,18600,22500,5900,8900,5700,14500,4900,16500,24900,9000
13613.0,13.71,21136500,289128666.0,13.71,13.7,13.69,13.68,13.67,13.66,13.65,13.64,13.63,13.62,13.72,13.73,13.74,13.75,13.76,13.77,13.78,13.79,13.8,13.81,131000,120700,12900,32900,19200,17300,44200,2100,5500,6000,19200,22500,5900,8900,5700,14500,4900,16500,24900,9000
13614.0,13.71,21138800,289160206.0,13.71,13.7,13.69,13.68,13.67,13.66,13.65,13.64,13.63,13.62,13.72,13.73,13.74,13.75,13.76,13.77,13.78,13.79,13.8,13.81,129400,120700,12900,32900,19200,17300,44200,2100,5500,6000,18500,22500,5900,8900,5700,14500,4900,16500,24900,9000
13615.0,13.72,21139800,289173926.0,13.71,13.7,13.69,13.68,13.67,13.66,13.65,13.64,13.63,13.62,13.72,13.73,13.74,13.75,13.76,13.77,13.78,13.79,13.8,13.81,129400,120700,12900,32900,19200,17300,44200,2100,5500,6000,17700,22500,5900,8900,5700,14500,4900,16500,24900,9000
13616.0,13.71,21140600,289184894.0,13.71,13.7,13.69,13.68,13.67,13.66,13.65,13.64,13.63,13.62,13.72,13.73,13.74,13.75,13.76,13.77,13.78,13.79,13.8,13.81,128600,120700,12900,31100,19200,17300,44200,2100,5500,6000,17700,22500,5900,8900,5700,14500,4900,16500,24900,9000
13617.0,13.72,21141300,289194498.0,13.71,13.7,13.69,13.68,13.67,13.66,13.65,13.64,13.63,13.62,13.72,13.73,13.74,13.75,13.76,13.77,13.78,13.79,13.8,13.81,128600,120700,12900,31100,19200,17300,44200,2100,5500,6000,17000,22500,5900,8900,5700,14500,4900,16500,24900,9000
13618.0,13.71,21148100,289287726.0,13.71,13.7,13.69,13.68,13.67,13.66,13.65,13.64,13.63,13.62,13.72,13.73,13.74,13.75,13.76,13.77,13.78,13.79,13.8,13.81,122800,120700,12900,31100,19200,17300,44200,2100,5500,6000,17000,22500,5900,8900,5700,14500,4900,16500,24900,9000
13619.0,13.71,21148100,289287726.0,13.71,13.7,13.69,13.68,13.67,13.66,13.65,13.64,13.63,13.62,13.72,13.73,13.74,13.75,13.76,13.77,13.78,13.79,13.8,13.81,122800,120700,12900,31100,19200,17300,44200,2100,5500,6000,17000,22500,5900,8900,5700,14500,4900,16500,24900,9000
13620.0,13.72,21149500,289306934.0,13.71,13.7,13.69,13.68,13.67,13.66,13.65,13.64,13.63,13.62,13.72,13.73,13.74,13.75,13.76,13.77,13.78,13.79,13.8,13.81,122800,123700,12900,31100,19200,17300,44200,2100,5500,6000,15600,22500,5900,8900,5700,14500,4900,16500,24600,9000
13621.0,13.72,21149500,289306934.0,13.71,13.7,13.69,13.68,13.67,13.66,13.65,13.64,13.63,13.62,13.72,13.73,13.74,13.75,13.76,13.77,13.78,13.79,13.8,13.81,123600,123700,12900,31100,19200,17300,44200,2100,5500,6000,15600,22500,5900,8900,5700,14500,4900,16500,24600,9000
13622.0,13.72,21149500,289306934.0,13.71,13.7,13.69,13.68,13.67,13.66,13.65,13.64,13.63,13.62,13.72,13.73,13.74,13.75,13.76,13.77,13.78,13.79,13.8,13.81,123600,123700,12900,31100,19200,17300,44200,2100,5500,6000,15600,22500,5900,8900,5700,14500,4900,16500,24600,9000
13623.0,13.72,21151600,289335746.0,13.71,13.7,13.69,13.68,13.67,13.66,13.65,13.64,13.63,13.62,13.72,13.73,13.74,13.75,13.76,13.77,13.78,13.79,13.8,13.81,160200,124700,12900,31100,19200,17300,44200,2100,5500,6000,13500,22500,5900,8900,5700,14500,4900,16500,24600,9000
13624.0,13.72,21151600,289335746.0,13.71,13.7,13.69,13.68,13.67,13.66,13.65,13.64,13.63,13.62,13.72,13.73,13.74,13.75,13.76,13.77,13.78,13.79,13.8,13.81,160200,125700,12900,31100,19200,17300,44200,2100,5500,6000,14200,22500,5900,8900,5700,14500,4900,16500,24600,9000
13625.0,13.72,21151600,289335746.0,13.71,13.7,13.69,13.68,13.67,13.66,13.65,13.64,13.63,13.62,13.72,13.73,13.74,13.75,13.76,13.77,13.78,13.79,13.8,13.81,160200,125700,12900,31100,19200,17300,44200,2100,5500,6000,14200,22500,5900,8900,5700,14500,4900,16500,24600,9000
13626.0,13.72,21152300,289345350.0,13.71,13.7,13.69,13.68,13.67,13.66,13.65,13.64,13.63,13.62,13.72,13.73,13.74,13.75,13.76,13.77,13.78,13.79,13.8,13.81,160200,125700,12900,31100,19200,17300,44200,2100,5500,6000,13500,22500,5900,8900,5700,14500,4900,16500,24600,9000
13627.0,13.72,21153300,289359070.0,13.71,13.7,13.69,13.68,13.67,13.66,13.65,13.64,13.63,13.62,13.72,13.73,13.74,13.75,13.76,13.77,13.78,13.79,13.8,13.81,160200,126700,12900,31100,19200,17300,44200,2100,5500,6000,12500,22500,5900,8900,5700,14500,4900,16500,24200,9000
13628.0,13.72,21166300,289537425.0,13.72,13.71,13.7,13.69,13.68,13.67,13.66,13.65,13.64,13.63,13.73,13.74,13.75,13.76,13.77,13.78,13.79,13.8,13.81,13.82,37000,159700,126700,12900,31100,19200,17300,44200,2100,5500,22500,6200,8900,5700,14500,4900,16500,24200,9000,25300
13629.0,13.72,21173000,289629349.0,13.72,13.71,13.7,13.69,13.68,13.67,13.66,13.65,13.64,13.63,13.73,13.74,13.75,13.76,13.77,13.78,13.79,13.8,13.81,13.82,30300,159700,126700,12900,31100,19200,17300,44200,2100,5500,22500,6200,8900,5700,14500,4900,16500,24200,9000,25300
13630.0,13.72,21173500,289636209.0,13.72,13.71,13.7,13.69,13.68,13.67,13.66,13.65,13.64,13.63,13.73,13.74,13.75,13.76,13.77,13.78,13.79,13.8,13.81,13.82,29800,160200,126700,12900,31100,19200,17300,44200,2100,5500,22500,6200,8900,5700,14500,4900,16500,24200,9000,25300
13631.0,13.73,21174200,289645820.0,13.72,13.71,13.7,13.69,13.68,13.67,13.66,13.65,13.64,13.63,13.73,13.74,13.75,13.76,13.77,13.78,13.79,13.8,13.81,13.82,29800,160200,126700,12900,31100,19200,17300,44200,2100,5500,21800,6200,8900,5700,14500,4900,16500,24200,9000,25300
13632.0,13.73,21174200,289645820.0,13.72,13.71,13.7,13.69,13.68,13.67,13.66,13.65,13.64,13.63,13.73,13.74,13.75,13.76,13.77,13.78,13.79,13.8,13.81,13.82,29800,160200,126700,12900,31100,19200,17300,44200,2100,5500,21800,6200,8900,5700,14500,4900,16500,24200,9000,25300
13633.0,13.73,21174500,289649939.0,13.72,13.71,13.7,13.69,13.68,13.67,13.66,13.65,13.64,13.63,13.73,13.74,13.75,13.76,13.77,13.78,13.79,13.8,13.81,13.82,29800,160200,126700,12900,31100,19200,17300,44200,2100,5500,21500,6200,8900,5700,14500,4900,16500,24200,9000,25300
13634.0,13.73,21177300,289688383.0,13.72,13.71,13.7,13.69,13.68,13.67,13.66,13.65,13.64,13.63,13.73,13.74,13.75,13.76,13.77,13.78,13.79,13.8,13.81,13.82,29800,160200,126700,12900,31100,19200,17300,44200,2100,5500,18700,6200,8900,5700,14500,4900,16500,24200,9000,25300
13635.0,13.73,21177300,289688383.0,13.72,13.71,13.7,13.69,13.68,13.67,13.66,13.65,13.64,13.63,13.73,13.74,13.75,13.76,13.77,13.78,13.79,13.8,13.81,13.82,29800,160200,127100,12900,31100,19200,17300,44200,2100,5500,18700,6200,8900,5700,14500,4900,16500,24200,9000,25300
13636.0,13.72,21177600,289692499.0,13.72,13.71,13.7,13.69,13.68,13.67,13.66,13.65,13.64,13.63,13.73,13.74,13.75,13.76,13.77,13.78,13.79,13.8,13.81,13.82,29500,160200,127100,12900,31100,19200,17300,44200,2100,5500,18700,6200,8900,5700,14500,4900,16500,24200,9000,25300
13637.0,13.73,21178300,289702110.0,13.72,13.71,13.7,13.69,13.68,13.67,13.66,13.65,13.64,13.63,13.73,13.74,13.75,13.76,13.77,13.78,13.79,13.8,13.81,13.82,29500,160200,127100,12900,31100,19200,17300,44200,2100,5500,18000,6200,8900,5700,14500,4900,16500,24200,9000,25300
13638.0,13.73,21178300,289702110.0,13.72,13.71,13.7,13.69,13.68,13.67,13.66,13.65,13.64,13.63,13.73,13.74,13.75,13.76,13.77,13.78,13.79,13.8,13.81,13.82,29500,160200,127100,12900,31100,19200,17300,44200,2100,5500,18000,6200,8900,5700,14500,4900,16500,24200,9000,25300
13639.0,13.72,21180000,289725434.0,13.72,13.71,13.7,13.69,13.68,13.67,13.66,13.65,13.64,13.63,13.73,13.74,13.75,13.76,13.77,13.78,13.79,13.8,13.81,13.82,27800,163000,127100,12900,31100,19200,17300,44200,2100,5500,18000,6200,8900,5700,14500,4900,16500,24200,9000,25300
13640.0,13.73,21181100,289740537.0,13.72,13.71,13.7,13.69,13.68,13.67,13.66,13.65,13.64,13.63,13.73,13.74,13.75,13.76,13.77,13.78,13.79,13.8,13.81,13.82,28800,163600,127100,12900,31100,19200,17300,44200,2100,5500,16900,6200,8900,5700,14500,4900,16500,24200,9000,25300
13641.0,13.73,21181800,289750148.0,13.72,13.71,13.7,13.69,13.68,13.67,13.66,13.65,13.64,13.63,13.73,13.74,13.75,13.76,13.77,13.78,13.79,13.8,13.81,13.82,29700,169800,127100,12900,31100,19200,17300,44200,2100,5500,16200,6200,8900,5700,14500,4900,16500,24200,9000,25300
13642.0,13.73,21182500,289759759.0,13.72,13.71,13.7,13.69,13.68,13.67,13.66,13.65,13.64,13.63,13.73,13.74,13.75,13.76,13.77,13.78,13.79,13.8,13.81,13.82,29700,169800,126600,15000,31100,19200,17300,44200,2100,5500,15500,6200,8900,5700,14500,4900,16500,24200,9000,25300
13643.0,13.73,21182500,289759759.0,13.72,13.71,13.7,13.69,13.68,13.67,13.66,13.65,13.64,13.63,13.73,13.74,13.75,13.76,13.77,13.78,13.79,13.8,13.81,13.82,30100,169800,126600,15000,31100,29200,17300,44200,2100,5500,15500,6200,8900,5700,14500,4900,16500,24200,9000,25300
13644.0,13.73,21182500,289759759.0,13.72,13.71,13.7,13.69,13.68,13.67,13.66,13.65,13.64,13.63,13.73,13.74,13.75,13.76,13.77,13.78,13.79,13.8,13.81,13.82,30100,170400,126600,15000,31100,29200,17300,44200,2100,5500,15500,6200,8900,5700,14500,4900,16500,24200,9000,25300
13645.0,13.72,21186000,289807800.0,13.72,13.71,13.7,13.69,13.68,13.67,13.66,13.65,13.64,13.63,13.73,13.74,13.75,13.76,13.77,13.78,13.79,13.8,13.81,13.82,28700,173400,126600,15000,31100,29200,17300,44200,2100,5500,13400,6200,8900,5700,14500,4900,16500,24200,9000,25300
13646.0,13.73,21186800,289818784.0,13.72,13.71,13.7,13.69,13.68,13.67,13.66,13.65,13.64,13.63,13.73,13.74,13.75,13.76,13.77,13.78,13.79,13.8,13.81,13.82,31700,173400,126600,15000,31100,29200,17300,44200,2100,5500,12600,6200,8900,5700,14500,3300,16500,24200,9000,25300
13647.0,13.73,21186800,289818784.0,13.72,13.71,13.7,13.69,13.68,13.67,13.66,13.65,13.64,13.63,13.73,13.74,13.75,13.76,13.77,13.78,13.79,13.8,13.81,13.82,31700,180700,126600,15000,31100,29200,17300,44200,2100,5500,12600,6200,8900,5700,14500,3300,16500,24200,9000,25300
13648.0,13.73,21188500,289842125.0,13.72,13.71,13.7,13.69,13.68,13.67,13.66,13.65,13.64,13.63,13.73,13.74,13.75,13.76,13.77,13.78,13.79,13.8,13.81,13.82,31700,180700,126600,15000,31100,29200,17300,44200,2100,5500,10900,6200,8900,5700,14500,3300,16500,24200,9000,25300
13649.0,13.73,21189500,289855855.0,13.72,13.71,13.7,13.69,13.68,13.67,13.66,13.65,13.64,13.63,13.73,13.74,13.75,13.76,13.77,13.78,13.79,13.8,13.81,13.82,31800,180700,126600,15000,31100,29200,17300,44200,2100,5500,9900,6200,8900,5700,14500,3300,16500,24200,9000,25300
13650.0,13.72,21190600,289870947.0,13.72,13.71,13.7,13.69,13.68,13.67,13.66,13.65,13.64,13.63,13.73,13.74,13.75,13.76,13.77,13.78,13.79,13.8,13.81,13.82,31700,181400,126600,15000,31100,29200,17300,44200,2100,5500,9900,6200,8900,5700,14500,3300,16500,24200,9000,25300
13651.0,13.73,21191300,289880558.0,13.72,13.71,13.7,13.69,13.68,13.67,13.66,13.65,13.64,13.63,13.73,13.74,13.75,13.76,13.77,13.78,13.79,13.8,13.81,13.82,32200,181400,126600,15000,31100,29200,17300,44200,2100,5500,9200,6200,8900,5700,14500,3300,16500,24200,9000,25300
13652.0,13.72,21192400,289895650.0,13.72,13.71,13.7,13.69,13.68,13.67,13.66,13.65,13.64,13.63,13.73,13.74,13.75,13.76,13.77,13.78,13.79,13.8,13.81,13.82,31100,181400,126600,15000,31400,29200,17300,44200,2100,5500,13700,6200,8900,5700,14500,3300,16500,24200,9000,25300
13653.0,13.72,21192700,289899766.0,13.72,13.71,13.7,13.69,13.68,13.67,13.66,13.65,13.64,13.63,13.73,13.74,13.75,13.76,13.77,13.78,13.79,13.8,13.81,13.82,40800,181400,126100,15000,31400,29200,17300,44200,2100,5500,13700,6200,8900,5700,14500,3300,16500,24200,9000,25300
13654.0,13.73,21193600,289912123.0,13.72,13.71,13.7,13.69,13.68,13.67,13.66,13.65,13.64,13.63,13.73,13.74,13.75,13.76,13.77,13.78,13.79,13.8,13.81,13.82,41100,181400,126100,15000,31400,29200,17300,44200,2100,5500,22800,6200,8900,5700,14500,3300,16500,24200,9000,25300
13655.0,13.73,21194300,289921734.0,13.72,13.71,13.7,13.69,13.68,13.67,13.66,13.65,13.64,13.63,13.73,13.74,13.75,13.76,13.77,13.78,13.79,13.8,13.81,13.82,42800,181400,126600,15000,31400,29200,17300,44200,2100,5500,22100,6200,8900,5700,14500,3300,16500,24200,9000,25300
13656.0,13.73,21196300,289949194.0,13.72,13.71,13.7,13.69,13.68,13.67,13.66,13.65,13.64,13.63,13.73,13.74,13.75,13.76,13.77,13.78,13.79,13.8,13.81,13.82,44200,181700,126600,15000,31400,29200,17300,44200,2100,5500,20100,6200,8900,5700,14500,3300,16500,24200,9000,25300
13657.0,13.73,21197000,289958805.0,13.72,13.71,13.7,13.69,13.68,13.67,13.66,13.65,13.64,13.63,13.73,13.74,13.75,13.76,13.77,13.78,13.79,13.8,13.81,13.82,44200,181700,125800,15000,31400,29200,17300,44200,2100,5500,19400,6200,8900,5700,14500,3300,16500,24200,9000,25300
13658.0,13.73,21197000,289958805.0,13.72,13.71,13.7,13.69,13.68,13.67,13.66,13.65,13.64,13.63,13.73,13.74,13.75,13.76,13.77,13.78,13.79,13.8,13.81,13.82,44900,181700,125800,15000,31400,29200,17300,44200,2100,5500,21400,6200,8900,5700,14500,3300,16500,24200,9000,25300
13659.0,13.73,21198900,289984892.0,13.72,13.71,13.7,13.69,13.68,13.67,13.66,13.65,13.64,13.63,13.73,13.74,13.75,13.76,13.77,13.78,13.79,13.8,13.81,13.82,44900,181700,125800,15000,31400,29200,17300,44200,2100,5500,19500,5500,8900,5700,14500,3300,16500,24200,9000,25300
13660.0,13.73,21208900,290122192.0,13.72,13.71,13.7,13.69,13.68,13.67,13.66,13.65,13.64,13.63,13.73,13.74,13.75,13.76,13.77,13.78,13.79,13.8,13.81,13.82,44900,181700,125800,15000,31400,29200,17300,44200,2100,5500,9500,5500,8900,5700,14500,3300,16500,24200,9000,25300
13661.0,13.73,21218400,290252627.0,13.73,13.72,13.71,13.7,13.69,13.68,13.67,13.66,13.65,13.64,13.74,13.75,13.76,13.77,13.78,13.79,13.8,13.81,13.82,13.83,1800,45100,181700,125800,15000,31400,29200,17300,44200,2100,5500,8900,5700,14500,3300,16500,24200,9000,25300,9900
13662.0,13.73,21218400,290252627.0,13.73,13.72,13.71,13.7,13.69,13.68,13.67,13.66,13.65,13.64,13.74,13.75,13.76,13.77,13.78,13.79,13.8,13.81,13.82,13.83,1800,45100,191700,125800,15000,31400,29200,17300,44200,2100,5500,8900,5700,14500,3300,16500,24200,9000,25300,9900
13663.0,13.74,21218900,290259497.0,13.73,13.72,13.71,13.7,13.69,13.68,13.67,13.66,13.65,13.64,13.74,13.75,13.76,13.77,13.78,13.79,13.8,13.81,13.82,13.83,1800,47700,191700,125900,15000,31400,29200,17300,44200,2100,5000,8900,5700,14500,3300,16500,24200,9000,25300,9900
13664.0,13.73,21220700,290284211.0,13.72,13.71,13.7,13.69,13.68,13.67,13.66,13.65,13.64,13.63,13.73,13.74,13.75,13.76,13.77,13.78,13.79,13.8,13.81,13.82,47700,191700,125900,15000,31400,29200,17300,44200,2100,5500,400,5000,8900,5700,14500,3300,16500,24200,9000,25300
13665.0,13.73,21220700,290284211.0,13.72,13.71,13.7,13.69,13.68,13.67,13.66,13.65,13.64,13.63,13.73,13.74,13.75,13.76,13.77,13.78,13.79,13.8,13.81,13.82,47700,191700,125900,15000,31400,29200,17300,44200,2100,5500,400,5000,9200,5700,14500,3300,16500,24200,9000,25300
13666.0,13.72,21221400,290293815.0,13.72,13.71,13.7,13.69,13.68,13.67,13.66,13.65,13.64,13.63,13.73,13.74,13.75,13.76,13.77,13.78,13.79,13.8,13.81,13.82,47000,191700,125900,15000,31400,29200,17300,44200,2100,5500,400,5000,9200,5700,14500,3300,16500,24200,9000,25300
13667.0,13.72,21221400,290293815.0,13.72,13.71,13.7,13.69,13.68,13.67,13.66,13.65,13.64,13.63,13.73,13.74,13.75,13.76,13.77,13.78,13.79,13.8,13.81,13.82,47000,191700,125900,15000,31400,29200,17300,44200,2100,5500,400,5000,9600,5700,14500,3300,16500,24200,9000,25300
13668.0,13.73,21221800,290299307.0,13.73,13.72,13.71,13.7,13.69,13.68,13.67,13.66,13.65,13.64,13.74,13.75,13.76,13.77,13.78,13.79,13.8,13.81,13.82,13.83,500,47000,191100,125900,15000,31400,29200,17300,44200,2100,5000,9600,5700,14500,3300,16500,24200,9000,25300,9900
13669.0,13.72,21227000,290370662.0,13.72,13.71,13.7,13.69,13.68,13.67,13.66,13.65,13.64,13.63,13.74,13.75,13.76,13.77,13.78,13.79,13.8,13.81,13.82,13.83,42600,191100,125900,15000,31400,29200,17300,44200,2100,5500,6600,9600,5700,14500,3300,16500,24200,9000,25300,9900
13670.0,13.74,21227600,290378906.0,13.73,13.72,13.71,13.7,13.69,13.68,13.67,13.66,13.65,13.64,13.74,13.75,13.76,13.77,13.78,13.79,13.8,13.81,13.82,13.83,1000,44000,191100,126100,15000,31400,29200,17300,44200,2100,7400,9600,5700,14500,3300,16500,24200,9000,25300,9900
13671.0,13.74,21227600,290378906.0,13.73,13.72,13.71,13.7,13.69,13.68,13.67,13.66,13.65,13.64,13.74,13.75,13.76,13.77,13.78,13.79,13.8,13.81,13.82,13.83,1000,44000,191100,126100,15000,31400,29200,17300,44200,2100,7400,9600,5700,14500,3300,16500,24200,9000,25300,9900
13672.0,13.73,21227700,290380279.0,13.73,13.72,13.71,13.7,13.69,13.68,13.67,13.66,13.65,13.64,13.74,13.75,13.76,13.77,13.78,13.79,13.8,13.81,13.82,13.83,900,46500,191100,126100,15000,31400,29200,17300,44200,2100,7400,9600,5700,14500,3300,16500,24200,9000,25300,9900
13673.0,13.73,21227700,290380279.0,13.73,13.72,13.71,13.7,13.69,13.68,13.67,13.66,13.65,13.64,13.74,13.75,13.76,13.77,13.78,13.79,13.8,13.81,13.82,13.83,900,46500,191300,126100,15000,29400,29200,17300,44200,2100,7400,9600,5700,14500,3300,16500,24200,9000,25300,9900
13674.0,13.73,21227700,290380279.0,13.73,13.72,13.71,13.7,13.69,13.68,13.67,13.66,13.65,13.64,13.74,13.75,13.76,13.77,13.78,13.79,13.8,13.81,13.82,13.83,3300,46500,191300,126100,15000,29400,29200,17300,44200,2100,7400,9600,5700,14500,3300,16500,24200,9000,25300,9900
13675.0,13.73,21228000,290384398.0,13.73,13.72,13.71,13.7,13.69,13.68,13.67,13.66,13.65,13.64,13.74,13.75,13.76,13.77,13.78,13.79,13.8,13.81,13.82,13.83,3000,46500,191300,126100,15000,29400,29200,17300,44200,2100,7400,9600,5700,14500,3300,16500,24200,9000,25300,9900
13676.0,13.73,21228000,290384398.0,13.73,13.72,13.71,13.7,13.69,13.68,13.67,13.66,13.65,13.64,13.74,13.75,13.76,13.77,13.78,13.79,13.8,13.81,13.82,13.83,3000,47300,191300,126100,15000,29400,29200,17300,44200,2100,6000,9600,5700,14700,3300,16500,24200,9000,25300,9900
13677.0,13.74,21232700,290448937.0,13.73,13.72,13.71,13.7,13.69,13.68,13.67,13.66,13.65,13.64,13.74,13.75,13.76,13.77,13.78,13.79,13.8,13.81,13.82,13.83,5100,47300,185100,126100,15000,29400,29200,17300,44200,2100,5200,9600,5700,14700,3300,16500,24200,9000,25300,9900
13678.0,13.74,21233700,290462677.0,13.73,13.72,13.71,13.7,13.69,13.68,13.67,13.66,13.65,13.64,13.74,13.75,13.76,13.77,13.78,13.79,13.8,13.81,13.82,13.83,5100,47300,185100,126100,15000,29400,29200,17300,44200,2100,4200,9600,5700,14700,3300,16500,24200,9000,25300,9900
13679.0,13.74,21233700,290462677.0,13.73,13.72,13.71,13.7,13.69,13.68,13.67,13.66,13.65,13.64,13.74,13.75,13.76,13.77,13.78,13.79,13.8,13.81,13.82,13.83,9000,47300,185100,127300,15000,29400,29200,17300,44200,2100,4200,9600,5700,14700,3300,16500,24200,9000,25300,9900
13680.0,13.74,21233700,290462677.0,13.73,13.72,13.71,13.7,13.69,13.68,13.67,13.66,13.65,13.64,13.74,13.75,13.76,13.77,13.78,13.79,13.8,13.81,13.82,13.83,9000,47300,185100,127300,15000,29400,29200,37300,44200,2100,4200,11000,5700,14700,3300,16500,24200,9000,25300,9900
13681.0,13.73,21234400,290472288.0,13.73,13.72,13.71,13.7,13.69,13.68,13.67,13.66,13.65,13.64,13.74,13.75,13.76,13.77,13.78,13.79,13.8,13.81,13.82,13.83,8300,47300,182300,127300,15000,29400,29200,37300,44200,2100,4200,11000,5700,14700,3300,16500,24200,9000,25300,9900
13682.0,13.73,21234400,290472288.0,13.73,13.72,13.71,13.7,13.69,13.68,13.67,13.66,13.65,13.64,13.74,13.75,13.76,13.77,13.78,13.79,13.8,13.81,13.82,13.83,9500,47300,182300,127300,15000,29400,29200,37300,44200,2100,4200,11000,5700,14700,3300,16500,24200,9000,25300,9900
13683.0,13.73,21234400,290472288.0,13.73,13.72,13.71,13.7,13.69,13.68,13.67,13.66,13.65,13.64,13.74,13.75,13.76,13.77,13.78,13.79,13.8,13.81,13.82,13.83,10100,47300,182300,127300,15000,29400,29200,37300,44200,2100,4200,11000,5700,14700,3300,16500,24200,9000,25300,9900
13684.0,13.74,21235500,290487395.0,13.73,13.72,13.71,13.7,13.69,13.68,13.67,13.66,13.65,13.64,13.74,13.75,13.76,13.77,13.78,13.79,13.8,13.81,13.82,13.83,9400,47300,182300,127300,15000,29400,29200,37300,44200,2100,3800,11000,5700,14700,3300,16500,24200,9000,25300,9900
13685.0,13.74,21235500,290487395.0,13.73,13.72,13.71,13.7,13.69,13.68,13.67,13.66,13.65,13.64,13.74,13.75,13.76,13.77,13.78,13.79,13.8,13.81,13.82,13.83,9400,47300,182300,127300,15000,29400,29200,37300,44200,2100,3800,11000,5700,14700,3300,16500,24200,9000,25300,9900
13686.0,13.74,21239600,290543729.0,13.74,13.73,13.72,13.71,13.7,13.69,13.68,13.67,13.66,13.65,13.75,13.76,13.77,13.78,13.79,13.8,13.81,13.82,13.83,13.84,4600,9400,47400,182300,127300,15000,29400,29200,37300,44200,11000,5700,14700,3300,16500,24200,9000,25300,9900,4300
13687.0,13.74,21240600,290557469.0,13.74,13.73,13.72,13.71,13.7,13.69,13.68,13.67,13.66,13.65,13.75,13.76,13.77,13.78,13.79,13.8,13.81,13.82,13.83,13.84,3600,9400,47600,182300,127300,15000,29400,29200,37300,44200,11000,5700,14700,3300,16500,24200,9000,25300,9900,4300
13688.0,13.74,21240600,290557469.0,13.74,13.73,13.72,13.71,13.7,13.69,13.68,13.67,13.66,13.65,13.75,13.76,13.77,13.78,13.79,13.8,13.81,13.82,13.83,13.84,3600,9400,47600,182300,127300,15000,29400,29200,37300,44200,11500,5700,14700,3300,16500,24200,9000,25300,9900,4300
13689.0,13.75,21242000,290576719.0,13.74,13.73,13.72,13.71,13.7,13.69,13.68,13.67,13.66,13.65,13.75,13.76,13.77,13.78,13.79,13.8,13.81,13.82,13.83,13.84,3600,9400,47600,183700,127300,15000,29400,29200,37300,44200,10300,5700,14700,3300,16500,24200,9000,25300,9900,4300
13690.0,13.74,21242300,290580841.0,13.74,13.73,13.72,13.71,13.7,13.69,13.68,13.67,13.66,13.65,13.75,13.76,13.77,13.78,13.79,13.8,13.81,13.82,13.83,13.84,3300,9600,50600,183700,127300,15000,29400,29200,37300,44200,10300,5700,14700,3300,16500,24200,10500,25300,9900,4300
13691.0,13.75,21243200,290593216.0,13.74,13.73,13.72,13.71,13.7,13.69,13.68,13.67,13.66,13.65,13.75,13.76,13.77,13.78,13.79,13.8,13.81,13.82,13.83,13.84,4500,9600,50600,183700,127300,15000,29400,29200,37300,43200,9400,5700,14700,3300,16500,24200,10500,25300,9900,4300
13692.0,13.74,21245000,290617948.0,13.74,13.73,13.72,13.71,13.7,13.69,13.68,13.67,13.66,13.65,13.75,13.76,13.77,13.78,13.79,13.8,13.81,13.82,13.83,13.84,2800,7100,50600,183200,127300,15000,29400,29200,37300,43200,10500,5700,14700,3300,16500,24200,10500,25300,9900,4300
13693.0,13.74,21245200,290620696.0,13.74,13.73,13.72,13.71,13.7,13.69,13.68,13.67,13.66,13.65,13.75,13.76,13.77,13.78,13.79,13.8,13.81,13.82,13.83,13.84,5600,7100,50800,183000,127300,15000,29400,29200,37300,43200,10500,5700,14700,3300,16500,24200,10500,25300,9900,4300
13694.0,13.75,21248300,290663321.0,13.74,13.73,13.72,13.71,13.7,13.69,13.68,13.67,13.66,13.65,13.75,13.76,13.77,13.78,13.79,13.8,13.81,13.82,13.83,13.84,6400,6700,50800,183000,127300,15000,29400,29200,37300,43200,7400,5700,14700,3300,16500,24200,10500,25300,9900,4300
13695.0,13.75,21248300,290663321.0,13.74,13.73,13.72,13.71,13.7,13.69,13.68,13.67,13.66,13.65,13.75,13.76,13.77,13.78,13.79,13.8,13.81,13.82,13.83,13.84,6600,6700,50800,183000,127300,15000,29400,29200,37300,43200,7400,5700,14700,3300,16500,24200,10500,25300,9900,4300
13696.0,13.74,21248900,290671565.0,13.74,13.73,13.72,13.71,13.7,13.69,13.68,13.67,13.66,13.65,13.75,13.76,13.77,13.78,13.79,13.8,13.81,13.82,13.83,13.84,6000,6700,50800,183000,127300,15000,29400,29200,37300,43200,7400,5700,14700,3300,16500,24200,10500,25300,9900,4300
13697.0,13.75,21252500,290721065.0,13.74,13.73,13.72,13.71,13.7,13.69,13.68,13.67,13.66,13.65,13.75,13.76,13.77,13.78,13.79,13.8,13.81,13.82,13.83,13.84,5800,6700,50800,183000,127300,14000,29400,29200,37300,43200,3800,6100,14700,3300,16500,24200,10500,25300,9900,4300
13698.0,13.74,21262800,290862632.0,13.73,13.72,13.71,13.7,13.69,13.68,13.67,13.66,13.65,13.64,13.74,13.76,13.77,13.78,13.79,13.8,13.81,13.82,13.83,13.84,6700,50800,183000,127300,14000,29400,29200,37300,43200,2100,3500,6100,14500,3300,16500,24200,10500,25300,9900,4300
13699.0,13.74,21264100,290880488.0,13.73,13.72,13.71,13.7,13.69,13.68,13.67,13.66,13.65,13.64,13.74,13.76,13.77,13.78,13.79,13.8,13.81,13.82,13.83,13.84,6100,50800,183000,127300,14000,29400,29200,37300,43200,2100,3500,6100,14500,3300,16500,24200,10500,25300,9900,4300
13700.0,13.74,21267400,290925830.0,13.73,13.72,13.71,13.7,13.69,13.68,13.67,13.66,13.65,13.64,13.74,13.76,13.77,13.78,13.79,13.8,13.81,13.82,13.83,13.84,6100,50800,183000,127300,14000,29400,29200,37300,43200,2100,200,6100,14500,3300,16500,24200,10500,25300,9900,4300
13701.0,13.74,21267400,290925830.0,13.73,13.72,13.71,13.7,13.69,13.68,13.67,13.66,13.65,13.64,13.74,13.76,13.77,13.78,13.79,13.8,13.81,13.82,13.83,13.84,6100,50800,183000,127300,14000,29400,29200,37300,43200,2100,200,6100,14500,4100,16500,24300,10500,25300,9900,4300
13702.0,13.73,21268000,290934068.0,13.73,13.72,13.71,13.7,13.69,13.68,13.67,13.66,13.65,13.64,13.74,13.76,13.77,13.78,13.79,13.8,13.81,13.82,13.83,13.84,5500,50800,183000,127300,14000,29400,29200,37300,43200,2100,200,6100,14500,4100,16500,17300,10500,25300,9900,4300
13703.0,13.73,21268000,290934068.0,13.73,13.72,13.71,13.7,13.69,13.68,13.67,13.66,13.65,13.64,13.74,13.76,13.77,13.78,13.79,13.8,13.81,13.82,13.83,13.84,5500,50800,183000,127300,14000,29400,29200,37300,43200,2100,200,6100,14500,4100,16500,17300,10500,25300,9900,4300
13704.0,13.73,21268000,290934068.0,13.73,13.72,13.71,13.7,13.69,13.68,13.67,13.66,13.65,13.64,13.74,13.76,13.77,13.78,13.79,13.8,13.81,13.82,13.83,13.84,6500,50800,183000,127300,14000,29400,29200,37300,43200,2100,200,6100,14500,4100,16500,17300,10500,25300,9900,4300
13705.0,13.74,21268800,290945054.0,13.74,13.73,13.72,13.71,13.7,13.69,13.68,13.67,13.66,13.65,13.75,13.76,13.77,13.78,13.79,13.8,13.81,13.82,13.83,13.84,2800,5900,50800,183000,126900,14000,29400,29200,37300,43200,2000,6100,14500,4100,16500,17300,10500,25300,9900,4300
13706.0,13.75,21269000,290947804.0,13.74,13.73,13.72,13.71,13.7,13.69,13.68,13.67,13.66,13.65,13.75,13.76,13.77,13.78,13.79,13.8,13.81,13.82,13.83,13.84,2900,5900,50800,183000,126900,14000,29400,29200,37300,43200,1800,6600,14500,4100,16500,17300,10500,25300,9900,4300
13707.0,13.75,21269000,290947804.0,13.74,13.73,13.72,13.71,13.7,13.69,13.68,13.67,13.66,13.65,13.75,13.76,13.77,13.78,13.79,13.8,13.81,13.82,13.83,13.84,2900,5900,50800,183000,126900,14000,29400,29200,37300,43200,1800,6600,14500,4100,16500,17300,10500,25300,9900,4300
13708.0,13.74,21269900,290960170.0,13.74,13.73,13.72,13.71,13.7,13.69,13.68,13.67,13.66,13.65,13.75,13.76,13.77,13.78,13.79,13.8,13.81,13.82,13.83,13.84,2000,5900,50800,183000,126900,14000,29400,29200,37300,43200,1800,6600,14500,4100,16500,17300,10500,25300,9900,4300
13709.0,13.75,21270900,290973920.0,13.74,13.73,13.72,13.71,13.7,13.69,13.68,13.67,13.66,13.65,13.75,13.76,13.77,13.78,13.79,13.8,13.81,13.82,13.83,13.84,2000,6900,53100,183000,126900,14000,29400,29200,37300,43200,800,6600,14500,4100,16500,17500,10500,25300,9900,4300
13710.0,13.75,21271700,290984920.0,13.75,13.74,13.73,13.72,13.71,13.7,13.69,13.68,13.67,13.66,13.76,13.77,13.78,13.79,13.8,13.81,13.82,13.83,13.84,13.85,5200,2000,6900,53100,183200,127900,14000,29400,29000,37300,6600,14500,4100,16500,17500,10500,25300,9900,4300,5700
13711.0,13.75,21274300,291020678.0,13.75,13.74,13.73,13.72,13.71,13.7,13.69,13.68,13.67,13.66,13.76,13.77,13.78,13.79,13.8,13.81,13.82,13.83,13.84,13.85,3400,2000,6900,53100,183200,127900,14000,29400,29000,37300,5800,14500,4100,16500,17500,10500,25300,9900,4300,5700
13712.0,13.76,21274600,291024806.0,13.75,13.74,13.73,13.72,13.71,13.7,13.69,13.68,13.67,13.66,13.76,13.77,13.78,13.79,13.8,13.81,13.82,13.83,13.84,13.85,3400,5600,6900,53100,183200,127900,11900,29400,29000,37300,5500,14500,4100,16500,17500,10500,25300,9900,4300,5700
13713.0,13.76,21275100,291031686.0,13.75,13.74,13.73,13.72,13.71,13.7,13.69,13.68,13.67,13.66,13.76,13.77,13.78,13.79,13.8,13.81,13.82,13.83,13.84,13.85,3400,5600,6900,53100,183200,127900,11900,29400,29000,37300,5000,14500,4100,16500,17500,10500,25300,9900,4300,5700
13714.0,13.75,21275700,291039936.0,13.75,13.74,13.73,13.72,13.71,13.7,13.69,13.68,13.67,13.66,13.76,13.77,13.78,13.79,13.8,13.81,13.82,13.83,13.84,13.85,2800,10600,6900,53100,182000,127900,11900,29400,29000,37300,5000,14500,4100,16500,17500,10500,25300,9900,4300,5700
13715.0,13.75,21275700,291039936.0,13.75,13.74,13.73,13.72,13.71,13.7,13.69,13.68,13.67,13.66,13.76,13.77,13.78,13.79,13.8,13.81,13.82,13.83,13.84,13.85,2800,11900,6900,53100,182000,127900,11900,29400,29000,37300,5000,14500,4100,17000,17500,10500,25300,9900,4300,5700
13716.0,13.75,21275700,291039936.0,13.75,13.74,13.73,13.72,13.71,13.7,13.69,13.68,13.67,13.66,13.76,13.77,13.78,13.79,13.8,13.81,13.82,13.83,13.84,13.85,2800,12900,6900,53900,182000,127900,11900,29400,29000,37300,5000,14500,4100,17000,17500,10500,25300,9900,4300,5700
13717.0,13.76,21276100,291045438.0,13.75,13.74,13.73,13.72,13.71,13.7,13.69,13.68,13.67,13.66,13.76,13.77,13.78,13.79,13.8,13.81,13.82,13.83,13.84,13.85,2600,12900,6900,53900,182000,127900,11900,29400,29000,37300,4800,14500,4100,17000,17500,10500,25300,9900,4300,5700
13718.0,13.76,21276100,291045438.0,13.75,13.74,13.73,13.72,13.71,13.7,13.69,13.68,13.67,13.66,13.76,13.77,13.78,13.79,13.8,13.81,13.82,13.83,13.84,13.85,2600,12900,7300,53900,185400,127900,11900,29400,29000,37300,4800,14500,4100,17000,17500,10500,25300,9900,4300,5700
13719.0,13.76,21276200,291046814.0,13.75,13.74,13.73,13.72,13.71,13.7,13.69,13.68,13.67,13.66,13.76,13.77,13.78,13.79,13.8,13.81,13.82,13.83,13.84,13.85,4500,12900,7300,53900,185400,127900,11900,29400,29000,37300,4700,14500,4100,17000,17500,10500,25300,9900,4300,5700
13720.0,13.75,21277000,291057818.0,13.75,13.74,13.73,13.72,13.71,13.7,13.69,13.68,13.67,13.66,13.76,13.77,13.78,13.79,13.8,13.81,13.82,13.83,13.84,13.85,4300,12900,7300,53900,185400,127900,11900,29400,29000,37300,4900,14600,4100,17000,17500,10500,25300,9900,4300,5700
13721.0,13.75,21277100,291059193.0,13.75,13.74,13.73,13.72,13.71,13.7,13.69,13.68,13.67,13.66,13.76,13.77,13.78,13.79,13.8,13.81,13.82,13.83,13.84,13.85,4200,9300,7500,53900,185400,127900,11900,29400,29000,37300,4900,14400,4100,17000,17500,10500,25300,9900,4300,5700
13722.0,13.75,21277100,291059193.0,13.75,13.74,13.73,13.72,13.71,13.7,13.69,13.68,13.67,13.66,13.76,13.77,13.78,13.79,13.8,13.81,13.82,13.83,13.84,13.85,42100,9300,7500,53900,184700,127900,11900,29400,29000,37300,4900,14400,4100,17000,17500,10500,25300,9900,4300,5700
13723.0,13.75,21277800,291068818.0,13.75,13.74,13.73,13.72,13.71,13.7,13.69,13.68,13.67,13.66,13.76,13.77,13.78,13.79,13.8,13.81,13.82,13.83,13.84,13.85,41400,12000,7500,53900,184700,127900,11900,29400,29000,37300,5400,14400,4100,17000,17500,10500,25300,9900,4300,5700
13724.0,13.75,21277800,291068818.0,13.75,13.74,13.73,13.72,13.71,13.7,13.69,13.68,13.67,13.66,13.76,13.77,13.78,13.79,13.8,13.81,13.82,13.83,13.84,13.85,41400,10100,8200,53900,184700,127900,11900,29400,29000,37300,5400,14400,4100,17000,17500,10500,25300,9900,4300,5900
13725.0,13.76,21280000,291099090.0,13.75,13.74,13.73,13.72,13.71,13.7,13.69,13.68,13.67,13.66,13.76,13.77,13.78,13.79,13.8,13.81,13.82,13.83,13.84,13.85,41400,10100,8200,53900,184700,126900,11900,29400,29000,37300,3200,14400,4100,17000,17500,10500,25300,9900,4300,5900
13726.0,13.76,21281100,291114219.0,13.75,13.74,13.73,13.72,13.71,13.7,13.69,13.68,13.67,13.66,13.76,13.77,13.78,13.79,13.8,13.81,13.82,13.83,13.84,13.85,44300,10100,8200,53900,184700,126900,11900,29400,29000,37300,2800,14400,4100,17000,17500,10500,25300,9900,4300,5900
13727.0,13.76,21281300,291116971.0,13.75,13.74,13.73,13.72,13.71,13.7,13.69,13.68,13.67,13.66,13.76,13.77,13.78,13.79,13.8,13.81,13.82,13.83,13.84,13.85,44300,10100,8200,53900,184700,126900,11900,29400,28300,37300,5700,14400,4100,17000,17500,10500,25300,9900,4300,5900
13728.0,13.76,21300800,291385153.0,13.76,13.75,13.74,13.73,13.72,13.71,13.7,13.69,13.68,13.67,13.77,13.78,13.79,13.8,13.81,13.82,13.83,13.84,13.85,13.86,2800,30500,10100,8200,53900,184700,126900,11900,29400,28300,14400,4100,17000,17500,10500,25300,9900,4300,5900,3700
13729.0,13.76,21301000,291387905.0,13.76,13.75,13.74,13.73,13.72,13.71,13.7,13.69,13.68,13.67,13.77,13.78,13.79,13.8,13.81,13.82,13.83,13.84,13.85,13.86,6100,30500,10100,8200,53900,184700,126900,11900,29400,28300,14400,4100,17000,17500,10500,25300,9900,4300,5900,3700
13730.0,13.76,21301600,291396161.0,13.76,13.75,13.74,13.73,13.72,13.71,13.7,13.69,13.68,13.67,13.77,13.78,13.79,13.8,13.81,13.82,13.83,13.84,13.85,13.86,5500,30500,10100,8200,53900,184700,126900,11900,29400,28300,14400,4100,17000,17500,10500,25300,9900,4300,5900,3700
13731.0,13.76,21301600,291396161.0,13.76,13.75,13.74,13.73,13.72,13.71,13.7,13.69,13.68,13.67,13.77,13.78,13.79,13.8,13.81,13.82,13.83,13.84,13.85,13.86,5500,30500,10100,8200,53900,184700,126900,11900,29400,28300,14400,4100,17000,17500,10500,25300,9900,4300,5900,3700
13732.0,13.76,21302100,291403041.0,13.76,13.75,13.74,13.73,13.72,13.71,13.7,13.69,13.68,13.67,13.77,13.78,13.79,13.8,13.81,13.82,13.83,13.84,13.85,13.86,10000,30500,10100,8200,53900,184700,126900,11900,29400,28300,14400,4100,17000,17500,10500,25300,9900,4300,5900,3700
13733.0,13.77,21302300,291405795.0,13.76,13.75,13.74,13.73,13.72,13.71,13.7,13.69,13.68,13.67,13.77,13.78,13.79,13.8,13.81,13.82,13.83,13.84,13.85,13.86,10000,30500,10100,8200,53900,184700,126900,11900,29400,28300,14200,3300,17600,17500,10500,25300,9900,4300,5900,3700
13734.0,13.76,21302500,291408547.0,13.76,13.75,13.74,13.73,13.72,13.71,13.7,13.69,13.68,13.67,13.77,13.78,13.79,13.8,13.81,13.82,13.83,13.84,13.85,13.86,9800,30500,10100,9700,53900,184700,126900,11900,29400,28300,18800,3300,17600,17500,10500,25300,9900,4300,5900,3700
13735.0,13.76,21303900,291427818.0,13.76,13.75,13.74,13.73,13.72,13.71,13.7,13.69,13.68,13.67,13.77,13.78,13.79,13.8,13.81,13.82,13.83,13.84,13.85,13.86,9100,30500,10100,9700,53900,184700,126900,11900,29400,28300,18100,3300,17600,17500,10500,25300,9900,4300,5900,3700
13736.0,13.76,21303900,291427818.0,13.76,13.75,13.74,13.73,13.72,13.71,13.7,13.69,13.68,13.67,13.77,13.78,13.79,13.8,13.81,13.82,13.83,13.84,13.85,13.86,9600,30500,10100,9700,53900,184700,126900,11900,29400,28300,18100,3300,17600,17500,10500,25300,9900,4300,5900,3700
13737.0,13.77,21306000,291456719.0,13.76,13.75,13.74,13.73,13.72,13.71,13.7,13.69,13.68,13.67,13.77,13.78,13.79,13.8,13.81,13.82,13.83,13.84,13.85,13.86,10200,30500,9100,9700,55900,184700,126900,11900,29400,28300,17600,3300,17600,17500,10500,25300,9900,4300,5900,3300
13738.0,13.77,21308100,291485636.0,13.76,13.75,13.74,13.73,13.72,13.71,13.7,13.69,13.68,13.67,13.77,13.78,13.79,13.8,13.81,13.82,13.83,13.84,13.85,13.86,11200,30500,9100,9700,55900,184700,126900,11900,29400,28300,15500,3300,17600,17500,10500,25300,9900,4300,5900,3300
13739.0,13.76,21308800,291495268.0,13.76,13.75,13.74,13.73,13.72,13.71,13.7,13.69,13.68,13.67,13.77,13.78,13.79,13.8,13.81,13.82,13.83,13.84,13.85,13.86,10500,33500,9100,8700,55900,184700,126900,11900,29400,28300,15500,3300,17600,17500,10500,25300,9900,4300,5900,3300
13740.0,13.76,21308800,291495268.0,13.76,13.75,13.74,13.73,13.72,13.71,13.7,13.69,13.68,13.67,13.77,13.78,13.79,13.8,13.81,13.82,13.83,13.84,13.85,13.86,10800,33500,4100,8700,55900,184700,126900,11900,29400,28300,15500,3300,17600,17500,10500,25300,9900,4300,5900,3300
13741.0,13.77,21311200,291528316.0,13.76,13.75,13.74,13.73,13.72,13.71,13.7,13.69,13.68,13.67,13.77,13.78,13.79,13.8,13.81,13.82,13.83,13.84,13.85,13.86,10800,33700,4100,8700,55900,184700,126900,11900,29400,28300,13100,3300,17600,17500,10500,25300,9900,4300,5900,3300
13742.0,13.76,21312600,291547587.0,13.76,13.75,13.74,13.73,13.72,13.71,13.7,13.69,13.68,13.67,13.77,13.78,13.79,13.8,13.81,13.82,13.83,13.84,13.85,13.86,10100,33700,4100,8700,55900,184700,126900,11900,29400,28300,12400,3300,17600,17500,10500,25300,9900,4300,5900,3300
13743.0,13.76,21312600,291547587.0,13.76,13.75,13.74,13.73,13.72,13.71,13.7,13.69,13.68,13.67,13.77,13.78,13.79,13.8,13.81,13.82,13.83,13.84,13.85,13.86,10100,33700,4100,8700,55900,184700,126900,11900,29400,28300,12400,3300,17600,17500,10500,25300,9900,4300,5900,3300
13744.0,13.76,21314000,291566851.0,13.76,13.75,13.74,13.73,13.72,13.71,13.7,13.69,13.68,13.67,13.77,13.78,13.79,13.8,13.81,13.82,13.83,13.84,13.85,13.86,8700,33700,4100,8700,56000,184700,126900,11900,29400,28300,12400,3300,17600,18000,10500,25300,9900,4300,5900,3300
13745.0,13.76,21314700,291576483.0,13.76,13.75,13.74,13.73,13.72,13.71,13.7,13.69,13.68,13.67,13.77,13.78,13.79,13.8,13.81,13.82,13.83,13.84,13.85,13.86,9000,33700,4100,8700,56000,184700,126900,11900,29400,28300,12400,3300,17600,18000,10500,25300,9900,4300,5900,3300
13746.0,13.77,21318000,291621924.0,13.76,13.75,13.74,13.73,13.72,13.71,13.7,13.69,13.68,13.67,13.77,13.78,13.79,13.8,13.81,13.82,13.83,13.84,13.85,13.86,9000,33700,4100,8700,56000,184700,126900,11900,29400,28300,9100,3300,17600,18000,10500,25300,9900,4300,5900,3300
13747.0,13.77,21318400,291627432.0,13.76,13.75,13.74,13.73,13.72,13.71,13.7,13.69,13.68,13.67,13.77,13.78,13.79,13.8,13.81,13.82,13.83,13.84,13.85,13.86,9000,33700,4100,8700,56000,184700,126900,11900,29400,28300,8700,3300,17600,18000,10500,25300,9900,4300,5900,3300
13748.0,13.76,21319100,291637064.0,13.76,13.75,13.74,13.73,13.72,13.71,13.7,13.69,13.68,13.67,13.77,13.78,13.79,13.8,13.81,13.82,13.83,13.84,13.85,13.86,8300,33700,4100,8700,56000,184700,126900,11900,29400,28300,8700,3500,18300,18000,10500,25300,9900,4300,5900,3300
13749.0,13.77,21319800,291646703.0,13.76,13.75,13.74,13.73,13.72,13.71,13.7,13.69,13.68,13.67,13.77,13.78,13.79,13.8,13.81,13.82,13.83,13.84,13.85,13.86,8300,33700,4100,8700,56000,184700,126900,11900,29400,28300,8000,3500,18300,18000,10500,25300,9900,4300,5900,3300
13750.0,13.77,21319800,291646703.0,13.76,13.75,13.74,13.73,13.72,13.71,13.7,13.69,13.68,13.67,13.77,13.78,13.79,13.8,13.81,13.82,13.83,13.84,13.85,13.86,8600,33700,4100,8700,56000,186300,126900,11900,29400,28300,8000,3500,18300,18000,10500,25300,9900,4300,5900,3300
13751.0,13.77,21319800,291646703.0,13.76,13.75,13.74,13.73,13.72,13.71,13.7,13.69,13.68,13.67,13.77,13.78,13.79,13.8,13.81,13.82,13.83,13.84,13.85,13.86,8600,33700,4100,8700,56000,188300,126900,11900,29400,28300,8000,3500,18300,18000,10500,25300,9900,4300,5900,3300
13752.0,13.77,21323000,291690760.0,13.76,13.75,13.74,13.73,13.72,13.71,13.7,13.69,13.68,13.67,13.77,13.78,13.79,13.8,13.81,13.82,13.83,13.84,13.85,13.86,8000,33700,4100,8700,56000,188300,126900,11900,29400,28300,5500,3500,18300,18000,10500,25300,9900,4300,5900,3300
13753.0,13.77,21323300,291694891.0,13.76,13.75,13.74,13.73,13.72,13.71,13.7,13.69,13.68,13.67,13.77,13.78,13.79,13.8,13.81,13.82,13.83,13.84,13.85,13.86,8000,33700,4100,8700,56000,188300,126900,11900,29400,28300,5200,3500,18300,18000,10500,25300,9900,4300,5900,3300
13754.0,13.77,21324000,291704530.0,13.76,13.75,13.74,13.73,13.72,13.71,13.7,13.69,13.68,13.67,13.77,13.78,13.79,13.8,13.81,13.82,13.83,13.84,13.85,13.86,8000,33700,4100,8700,55500,188300,126900,11900,29400,28300,4500,3500,18300,18000,10500,25300,9900,4300,5900,3300
13755.0,13.77,21327700,291755458.0,13.76,13.75,13.74,13.73,13.72,13.71,13.7,13.69,13.68,13.67,13.77,13.78,13.79,13.8,13.81,13.82,13.83,13.84,13.85,13.86,5900,33700,4100,8700,55500,188300,126900,11900,29400,28300,2900,3500,18300,18000,10500,25300,9900,4300,5900,3300
13756.0,13.77,21327900,291758212.0,13.76,13.75,13.74,13.73,13.72,13.71,13.7,13.69,13.68,13.67,13.77,13.78,13.79,13.8,13.81,13.82,13.83,13.84,13.85,13.86,5900,33700,4100,8700,55500,188300,124800,11900,29400,28300,2700,3500,18300,18000,10500,25300,9900,4300,5900,3300
13757.0,13.77,21327900,291758212.0,13.76,13.75,13.74,13.73,13.72,13.71,13.7,13.69,13.68,13.67,13.77,13.78,13.79,13.8,13.81,13.82,13.83,13.84,13.85,13.86,5900,33700,4100,8700,55500,188300,124800,11900,29400,28300,2700,3500,18700,18000,10500,25300,9900,4300,5900,3300
13758.0,13.76,21328400,291765092.0,13.76,13.75,13.74,13.73,13.72,13.71,13.7,13.69,13.68,13.67,13.77,13.78,13.79,13.8,13.81,13.82,13.83,13.84,13.85,13.86,5400,33700,4100,8700,55500,188300,123800,11900,29400,28300,2700,3500,18700,18000,10500,25300,9900,4300,5900,3300
13759.0,13.76,21328400,291765092.0,13.76,13.75,13.74,13.73,13.72,13.71,13.7,13.69,13.68,13.67,13.77,13.78,13.79,13.8,13.81,13.82,13.83,13.84,13.85,13.86,5400,33700,4100,8700,55500,188300,123800,11900,29400,28300,2700,3500,18700,18000,10500,25300,9900,4300,5900,3300
13760.0,13.77,21329500,291780239.0,13.76,13.75,13.74,13.73,13.72,13.71,13.7,13.69,13.68,13.67,13.77,13.78,13.79,13.8,13.81,13.82,13.83,13.84,13.85,13.86,5400,33700,4100,8700,55500,188300,123800,11900,29400,28300,1600,3500,18700,18000,10500,25300,9900,4300,5900,3300
13761.0,13.77,21331600,291809151.0,13.77,13.76,13.75,13.74,13.73,13.72,13.71,13.7,13.69,13.68,13.78,13.79,13.8,13.81,13.82,13.83,13.84,13.85,13.86,13.87,2400,4900,33700,4100,8700,55500,188300,123800,11900,29400,3500,18700,18000,10500,25300,9900,4300,5900,3300,1600
13762.0,13.77,21331600,291809151.0,13.77,13.76,13.75,13.74,13.73,13.72,13.71,13.7,13.69,13.68,13.78,13.79,13.8,13.81,13.82,13.83,13.84,13.85,13.86,13.87,2400,4900,33700,4100,8700,55500,188300,123800,11900,29400,3500,18700,18000,10500,25300,9900,4300,5900,3300,1600
13763.0,13.78,21331900,291813285.0,13.77,13.76,13.75,13.74,13.73,13.72,13.71,13.7,13.69,13.68,13.78,13.79,13.8,13.81,13.82,13.83,13.84,13.85,13.86,13.87,2400,4900,33700,4100,8700,55500,188300,123800,11900,29400,3200,19800,18000,10500,25300,9900,4300,5900,3300,1600
13764.0,13.76,21334400,291847709.0,13.76,13.75,13.74,13.73,13.72,13.71,13.7,13.69,13.68,13.67,13.78,13.79,13.8,13.81,13.82,13.83,13.84,13.85,13.86,13.87,4800,33700,4100,8700,55500,188300,123800,11900,27400,27900,3200,18700,18000,10500,25300,9900,4300,5900,3300,1600
13765.0,13.76,21335900,291868349.0,13.76,13.75,13.74,13.73,13.72,13.71,13.7,13.69,13.68,13.67,13.78,13.79,13.8,13.81,13.82,13.83,13.84,13.85,13.86,13.87,4500,33700,4100,8700,55500,188300,123800,11900,27400,27900,4400,18700,18000,10500,25300,9900,4300,5900,3300,1600
13766.0,13.76,21335900,291868349.0,13.76,13.75,13.74,13.73,13.72,13.71,13.7,13.69,13.68,13.67,13.78,13.79,13.8,13.81,13.82,13.83,13.84,13.85,13.86,13.87,5000,33700,4100,8700,55500,188300,123800,11900,27400,27900,4900,18700,18000,10500,25300,9900,4300,5900,3300,1600
13767.0,13.76,21337400,291888989.0,13.77,13.76,13.75,13.74,13.73,13.72,13.71,13.7,13.69,13.68,13.78,13.79,13.8,13.81,13.82,13.83,13.84,13.85,13.86,13.87,200,3500,33700,4100,8700,55500,187700,123800,11900,27400,4900,18700,18000,10500,25300,9900,4300,5900,3300,1600
13768.0,13.76,21337400,291888989.0,13.77,13.76,13.75,13.74,13.73,13.72,13.71,13.7,13.69,13.68,13.78,13.79,13.8,13.81,13.82,13.83,13.84,13.85,13.86,13.87,200,3500,33700,4100,8700,55500,187700,123800,11900,27400,4900,18700,18000,10500,25300,9900,4300,5900,3300,1600
13769.0,13.76,21337400,291888989.0,13.77,13.76,13.75,13.74,13.73,13.72,13.71,13.7,13.69,13.68,13.78,13.79,13.8,13.81,13.82,13.83,13.84,13.85,13.86,13.87,200,3500,33700,4100,8700,55500,187700,123800,11900,27400,4900,18700,18000,10500,25300,9900,4300,5900,3300,1600
13770.0,13.76,21337400,291888989.0,13.77,13.76,13.75,13.74,13.73,13.72,13.71,13.7,13.69,13.68,13.78,13.79,13.8,13.81,13.82,13.83,13.84,13.85,13.86,13.87,3200,3500,33700,4100,8700,55500,187700,123800,11900,27400,4900,18700,18000,10500,25300,9900,4300,5900,3300,1600
13771.0,13.77,21338100,291898632.0,13.77,13.76,13.75,13.74,13.73,13.72,13.71,13.7,13.69,13.68,13.78,13.79,13.8,13.81,13.82,13.83,13.84,13.85,13.86,13.87,2900,4000,33700,4500,8700,56000,187700,123800,11900,27400,4500,18700,18000,10500,25300,9900,4300,5900,3300,1600
13772.0,13.77,21338100,291898632.0,13.77,13.76,13.75,13.74,13.73,13.72,13.71,13.7,13.69,13.68,13.78,13.79,13.8,13.81,13.82,13.83,13.84,13.85,13.86,13.87,2900,4000,33700,4500,8700,56000,187700,123800,11900,27400,5900,18700,18000,10500,25300,9900,4300,5900,3300,1600
13773.0,13.78,21338700,291906900.0,13.77,13.76,13.75,13.74,13.73,13.72,13.71,13.7,13.69,13.68,13.78,13.79,13.8,13.81,13.82,13.83,13.84,13.85,13.86,13.87,3400,4000,33700,4500,8700,56000,187700,123800,11900,27400,6300,18700,18000,10500,25300,9900,4300,5900,3300,1600
13774.0,13.77,21340500,291931686.0,13.77,13.76,13.75,13.74,13.73,13.72,13.71,13.7,13.69,13.68,13.78,13.79,13.8,13.81,13.82,13.83,13.84,13.85,13.86,13.87,1600,4000,33700,4500,8700,56000,187700,123800,11900,27400,6300,18700,18000,10500,25300,9900,4300,5900,3300,1600
13775.0,13.78,21340600,291933064.0,13.77,13.76,13.75,13.74,13.73,13.72,13.71,13.7,13.69,13.68,13.78,13.79,13.8,13.81,13.82,13.83,13.84,13.85,13.86,13.87,1600,7400,33700,4500,9300,56000,187700,122800,11900,27400,6200,18700,18000,10500,25300,9900,4300,5900,3300,1600
13776.0,13.78,21340600,291933064.0,13.77,13.76,13.75,13.74,13.73,13.72,13.71,13.7,13.69,13.68,13.78,13.79,13.8,13.81,13.82,13.83,13.84,13.85,13.86,13.87,1700,7400,33700,4500,9300,56000,187700,122800,11900,27400,6800,18700,18000,10500,25300,4700,4300,5900,3300,1600
13777.0,13.77,21340700,291934441.0,13.77,13.76,13.75,13.74,13.73,13.72,13.71,13.7,13.69,13.68,13.78,13.79,13.8,13.81,13.82,13.83,13.84,13.85,13.86,13.87,1600,7400,33700,4500,9300,56000,187700,122800,11900,27400,6800,18700,18000,10500,25300,4700,4300,5900,3300,1600
13778.0,13.77,21341600,291946840.0,13.77,13.76,13.75,13.74,13.73,13.72,13.71,13.7,13.69,13.68,13.78,13.79,13.8,13.81,13.82,13.83,13.84,13.85,13.86,13.87,1300,7400,33700,4500,9500,55200,187700,122800,11900,27400,6200,20600,18000,10500,25300,4700,4300,5900,3300,1600
13779.0,13.77,21342500,291959233.0,13.77,13.76,13.75,13.74,13.73,13.72,13.71,13.7,13.69,13.68,13.78,13.79,13.8,13.81,13.82,13.83,13.84,13.85,13.86,13.87,400,7400,33700,4500,9500,55200,187700,122800,11900,27400,6200,20600,18000,10500,25300,4700,4300,5900,3300,1600
13780.0,13.77,21342800,291963364.0,13.77,13.76,13.75,13.74,13.73,13.72,13.71,13.7,13.69,13.68,13.78,13.79,13.8,13.81,13.82,13.83,13.84,13.85,13.86,13.87,100,7400,33700,4500,9500,55200,187700,122800,11900,27400,6200,20600,18000,10500,25300,4700,4300,5900,3300,1600
13781.0,13.77,21342900,291964741.0,13.76,13.75,13.74,13.73,13.72,13.71,13.7,13.69,13.68,13.67,13.77,13.78,13.79,13.8,13.81,13.82,13.83,13.84,13.85,13.86,7400,33700,4500,9500,55200,187700,122800,11900,27400,27900,3700,11400,20600,18000,10500,25300,4700,4300,5900,3300
13782.0,13.77,21342900,291964741.0,13.76,13.75,13.74,13.73,13.72,13.71,13.7,13.69,13.68,13.67,13.77,13.78,13.79,13.8,13.81,13.82,13.83,13.84,13.85,13.86,7400,33700,4500,9500,55000,187700,122800,11900,27400,27900,3700,11400,20600,18000,10500,25300,4700,4300,5900,3300
13783.0,13.76,21343600,291974373.0,13.76,13.75,13.74,13.73,13.72,13.71,13.7,13.69,13.68,13.67,13.77,13.78,13.79,13.8,13.81,13.82,13.83,13.84,13.85,13.86,6700,33700,4500,9500,55000,187700,122800,11900,27400,27900,4700,12800,20600,18000,10500,25300,4700,4300,5900,3300
13784.0,13.76,21343600,291974373.0,13.76,13.75,13.74,13.73,13.72,13.71,13.7,13.69,13.68,13.67,13.77,13.78,13.79,13.8,13.81,13.82,13.83,13.84,13.85,13.86,6700,33700,4500,9500,55000,187700,122800,11900,27400,27900,4700,12800,20600,18000,10500,25300,4700,4300,5900,3300
13785.0,13.77,21346000,292007421.0,13.76,13.75,13.74,13.73,13.72,13.71,13.7,13.69,13.68,13.67,13.77,13.78,13.79,13.8,13.81,13.82,13.83,13.84,13.85,13.86,6700,33700,4500,9500,55000,187700,122800,11900,28200,27900,2300,12800,20600,18000,10500,25300,4700,4300,8300,3300
13786.0,13.76,21346600,292015677.0,13.76,13.75,13.74,13.73,13.72,13.71,13.7,13.69,13.68,13.67,13.77,13.78,13.79,13.8,13.81,13.82,13.83,13.84,13.85,13.86,6100,33700,4100,9500,55000,187700,121900,10800,28200,27900,8400,12800,20600,18000,10500,25300,4700,4300,8300,3300
13787.0,13.76,21346600,292015677.0,13.76,13.75,13.74,13.73,13.72,13.71,13.7,13.69,13.68,13.67,13.77,13.78,13.79,13.8,13.81,13.82,13.83,13.84,13.85,13.86,6100,33700,4100,9500,55000,187700,121900,10800,28200,27900,8400,12800,20600,18000,10500,25300,4700,4300,8300,3300
13788.0,13.77,21348600,292043217.0,13.76,13.75,13.74,13.73,13.72,13.71,13.7,13.69,13.68,13.67,13.77,13.78,13.79,13.8,13.81,13.82,13.83,13.84,13.85,13.86,6100,33700,4100,9500,55000,187700,121900,10800,26200,27900,6400,12800,20600,18000,10500,25300,4700,4300,8300,3300
13789.0,13.76,21350400,292067985.0,13.76,13.75,13.74,13.73,13.72,13.71,13.7,13.69,13.68,13.67,13.77,13.78,13.79,13.8,13.81,13.82,13.83,13.84,13.85,13.86,4300,33700,4100,9500,55000,187700,121900,10800,26200,27900,6700,12800,21800,18000,10500,25300,4700,4300,8300,3300
13790.0,13.76,21350400,292067985.0,13.76,13.75,13.74,13.73,13.72,13.71,13.7,13.69,13.68,13.67,13.77,13.78,13.79,13.8,13.81,13.82,13.83,13.84,13.85,13.86,4300,34200,4100,9500,55000,187700,121900,10800,26200,27900,6700,12800,21800,18000,10500,25300,4700,4300,8300,3300
13791.0,13.76,21350700,292072113.0,13.76,13.75,13.74,13.73,13.72,13.71,13.7,13.69,13.68,13.67,13.77,13.78,13.79,13.8,13.81,13.82,13.83,13.84,13.85,13.86,4000,34200,4100,9500,55000,187700,121900,10800,26200,27900,8000,12800,22600,18000,10500,25300,4700,4300,8300,3300
13792.0,13.76,21352600,292098264.0,13.76,13.75,13.74,13.73,13.72,13.71,13.7,13.69,13.68,13.67,13.77,13.78,13.79,13.8,13.81,13.82,13.83,13.84,13.85,13.86,2800,34200,4100,9500,55400,187700,121900,10800,26200,27900,7300,12800,22600,18000,10500,25300,7200,4300,8300,3300
13793.0,13.76,21352600,292098264.0,13.76,13.75,13.74,13.73,13.72,13.71,13.7,13.69,13.68,13.67,13.77,13.78,13.79,13.8,13.81,13.82,13.83,13.84,13.85,13.86,2800,34200,4100,9500,55400,187700,121900,10800,26200,27900,7300,12800,22600,18000,10500,25300,7200,4300,8300,3300
13794.0,13.76,21352600,292098264.0,13.76,13.75,13.74,13.73,13.72,13.71,13.7,13.69,13.68,13.67,13.77,13.78,13.79,13.8,13.81,13.82,13.83,13.84,13.85,13.86,2800,34200,4100,9500,55400,187700,121900,10800,26200,27900,7300,12800,22600,18000,10500,25300,7200,4300,8300,3300
13795.0,13.77,21355400,292136818.0,13.76,13.75,13.74,13.73,13.72,13.71,13.7,13.69,13.68,13.67,13.77,13.78,13.79,13.8,13.81,13.82,13.83,13.84,13.85,13.86,2600,34200,4100,9500,55400,187700,121900,10800,26200,27900,6700,12800,22600,18000,10500,25300,7200,4300,9100,3300
13796.0,13.76,21358700,292182226.0,13.76,13.75,13.74,13.73,13.72,13.71,13.7,13.69,13.68,13.67,13.77,13.78,13.79,13.8,13.81,13.82,13.83,13.84,13.85,13.86,300,34200,4100,9500,55400,187700,121900,10800,26200,27900,6700,12800,22600,18000,10500,25300,7200,4300,9100,3300
13797.0,13.77,21358800,292183603.0,13.76,13.75,13.74,13.73,13.72,13.71,13.7,13.69,13.68,13.67,13.77,13.78,13.79,13.8,13.81,13.82,13.83,13.84,13.85,13.86,500,34200,4100,9500,55400,187700,121900,10800,26200,27900,6600,12800,22600,18000,10500,25300,7200,4300,9100,3300
13798.0,13.76,21359300,292190483.0,13.75,13.74,13.73,13.72,13.71,13.7,13.69,13.68,13.67,13.66,13.76,13.77,13.78,13.79,13.8,13.81,13.82,13.83,13.84,13.85,34200,4100,9500,55400,187700,119400,10800,26200,27900,32900,100,6700,12800,22600,18000,10500,25300,7200,4300,9100
13799.0,13.76,21360200,292202860.0,13.75,13.74,13.73,13.72,13.71,13.7,13.69,13.68,13.67,13.66,13.76,13.77,13.78,13.79,13.8,13.81,13.82,13.83,13.84,13.85,33500,4100,9500,55400,187700,119400,10800,26200,27900,32900,1300,6700,12800,22600,18000,10500,25300,7200,4300,9100
13800.0,13.76,21361800,292224862.0,13.75,13.74,13.73,13.72,13.71,13.7,13.69,13.68,13.67,13.66,13.76,13.77,13.78,13.79,13.8,13.81,13.82,13.83,13.84,13.85,32100,4100,9500,55400,187700,119400,10800,26200,27900,32900,1100,6700,12800,22600,18000,10500,25300,7200,4300,9100
13801.0,13.76,21362400,292233118.0,13.75,13.74,13.73,13.72,13.71,13.7,13.69,13.68,13.67,13.66,13.76,13.77,13.78,13.79,13.8,13.81,13.82,13.83,13.84,13.85,32100,4100,9500,55400,187700,119400,10800,26200,27900,32900,500,6700,12800,22600,18000,10500,25300,7200,4300,9100
13802.0,13.76,21363600,292249623.0,13.75,13.74,13.73,13.72,13.71,13.7,13.69,13.68,13.67,13.66,13.77,13.78,13.79,13.8,13.81,13.82,13.83,13.84,13.85,13.86,31400,4100,9500,55400,187700,119800,10800,26200,27900,32900,6700,12800,22600,18000,10500,25300,7200,4300,9100,3300
13803.0,13.76,21363600,292249623.0,13.75,13.74,13.73,13.72,13.71,13.7,13.69,13.68,13.67,13.66,13.77,13.78,13.79,13.8,13.81,13.82,13.83,13.84,13.85,13.86,32200,4100,9500,55400,187700,119800,10800,26200,27900,32900,9500,12800,22600,18000,10500,25300,7200,4300,9100,3300
13804.0,13.77,21365700,292278540.0,13.76,13.75,13.74,13.73,13.72,13.71,13.7,13.69,13.68,13.67,13.77,13.78,13.79,13.8,13.81,13.82,13.83,13.84,13.85,13.86,200,32900,4100,9500,55400,187700,119800,10800,26200,27900,8200,12800,22600,18000,10500,25300,7200,4300,9100,3300
13805.0,13.76,21365800,292279916.0,13.76,13.75,13.74,13.73,13.72,13.71,13.7,13.69,13.68,13.67,13.77,13.78,13.79,13.8,13.81,13.82,13.83,13.84,13.85,13.86,100,32900,4100,9500,55400,187700,119800,10800,26200,27900,8200,12800,22600,18000,10500,25300,7200,4300,9100,3300
13806.0,13.77,21366500,292289555.0,13.76,13.75,13.74,13.73,13.72,13.71,13.7,13.69,13.68,13.67,13.77,13.78,13.79,13.8,13.81,13.82,13.83,13.84,13.85,13.86,100,32900,4100,9500,55500,187700,119800,10800,26200,27900,7500,12800,22600,18000,10500,25300,7200,4300,9100,3300
13807.0,13.77,21366500,292289555.0,13.76,13.75,13.74,13.73,13.72,13.71,13.7,13.69,13.68,13.67,13.77,13.78,13.79,13.8,13.81,13.82,13.83,13.84,13.85,13.86,100,32900,4100,9500,55500,187700,119800,10800,26200,27900,7500,12800,22600,18000,10500,25300,7200,4300,9100,3300
13808.0,13.77,21366500,292289555.0,13.76,13.75,13.74,13.73,13.72,13.71,13.7,13.69,13.68,13.67,13.77,13.78,13.79,13.8,13.81,13.82,13.83,13.84,13.85,13.86,100,32900,4100,9500,55500,187700,119800,10800,26200,27900,7500,13800,22600,18000,10500,25300,7200,4300,9100,3300
13809.0,13.77,21368500,292317095.0,13.76,13.75,13.74,13.73,13.72,13.71,13.7,13.69,13.68,13.67,13.77,13.78,13.79,13.8,13.81,13.82,13.83,13.84,13.85,13.86,100,32900,4100,9500,55500,187700,119800,10800,26200,27900,5500,13800,22600,18000,10500,25300,7200,4300,9100,3300
13810.0,13.77,21368500,292317095.0,13.76,13.75,13.74,13.73,13.72,13.71,13.7,13.69,13.68,13.67,13.77,13.78,13.79,13.8,13.81,13.82,13.83,13.84,13.85,13.86,100,32900,4100,9500,55000,187700,119800,10800,26200,27900,5500,14300,22600,18000,10500,25300,7200,4300,9100,3300
13811.0,13.77,21368500,292317095.0,13.76,13.75,13.74,13.73,13.72,13.71,13.7,13.69,13.68,13.67,13.77,13.78,13.79,13.8,13.81,13.82,13.83,13.84,13.85,13.86,700,33700,4100,9500,55000,187700,119800,10800,26200,27900,5500,14300,22600,18000,10500,25300,7200,4300,9100,3300
13812.0,13.76,21369100,292325351.0,13.76,13.75,13.74,13.73,13.72,13.71,13.7,13.69,13.68,13.67,13.77,13.78,13.79,13.8,13.81,13.82,13.83,13.84,13.85,13.86,100,33700,4100,9500,55000,187700,119800,10800,26200,27900,5500,14300,22600,18000,10500,25300,7200,4300,9100,3300
13813.0,13.77,21369600,292332236.0,13.76,13.75,13.74,13.73,13.72,13.71,13.7,13.69,13.68,13.67,13.77,13.78,13.79,13.8,13.81,13.82,13.83,13.84,13.85,13.86,100,33700,4100,9500,55000,187700,119800,10800,26200,27900,5000,14300,22600,18000,10500,25300,7200,4300,9100,3300
13814.0,13.77,21369600,292332236.0,13.76,13.75,13.74,13.73,13.72,13.71,13.7,13.69,13.68,13.67,13.77,13.78,13.79,13.8,13.81,13.82,13.83,13.84,13.85,13.86,100,33700,4100,9500,57000,187700,119800,10800,26200,27900,5000,14300,22600,18000,10500,25300,7200,4300,9100,3300
13815.0,13.76,21369700,292333612.0,13.75,13.74,13.73,13.72,13.71,13.7,13.69,13.68,13.67,13.66,13.77,13.78,13.79,13.8,13.81,13.82,13.83,13.84,13.85,13.86,33700,4100,9500,57000,187700,119800,10800,26200,27900,32900,5000,14300,22600,18000,10500,25300,7200,4300,9100,3300
13816.0,13.76,21369700,292333612.0,13.75,13.74,13.73,13.72,13.71,13.7,13.69,13.68,13.67,13.66,13.77,13.78,13.79,13.8,13.81,13.82,13.83,13.84,13.85,13.86,34000,4100,9500,57000,187700,119800,17600,26200,27900,32900,5300,14300,22600,18000,10500,25300,7200,4300,9100,3300
13817.0,13.75,21370400,292343237.0,13.75,13.74,13.73,13.72,13.71,13.7,13.69,13.68,13.67,13.66,13.77,13.78,13.79,13.8,13.81,13.82,13.83,13.84,13.85,13.86,34200,4100,9500,57000,187700,124700,17600,26200,27900,32900,6200,14300,22600,18000,10500,25300,7200,4300,9100,3300
13818.0,13.77,21370500,292344614.0,13.75,13.74,13.73,13.72,13.71,13.7,13.69,13.68,13.67,13.66,13.77,13.78,13.79,13.8,13.81,13.82,13.83,13.84,13.85,13.86,34200,4100,9500,57000,187700,124700,17600,26200,27900,32900,8400,14300,22600,18000,10500,25300,7200,4300,9100,3300
13819.0,13.77,21370500,292344614.0,13.75,13.74,13.73,13.72,13.71,13.7,13.69,13.68,13.67,13.66,13.77,13.78,13.79,13.8,13.81,13.82,13.83,13.84,13.85,13.86,35000,4100,9500,57000,187700,125400,17600,26200,27900,32900,9500,14300,22600,18000,10500,25300,7200,4300,9100,3300
13820.0,13.77,21371900,292363878.0,13.76,13.75,13.74,13.73,13.72,13.71,13.7,13.69,13.68,13.67,13.77,13.78,13.79,13.8,13.81,13.82,13.83,13.84,13.85,13.86,300,34600,4100,9500,57000,187500,125400,17600,26200,27900,8800,14300,22600,18000,10500,25300,7200,4300,9100,3300
13821.0,13.76,21372000,292365254.0,13.76,13.75,13.74,13.73,13.72,13.71,13.7,13.69,13.68,13.67,13.77,13.78,13.79,13.8,13.81,13.82,13.83,13.84,13.85,13.86,2700,34600,4100,9500,57000,187500,125400,17600,26200,27900,8800,14300,22600,18000,10500,25300,7200,4300,9100,3300
13822.0,13.76,21372000,292365254.0,13.76,13.75,13.74,13.73,13.72,13.71,13.7,13.69,13.68,13.67,13.77,13.78,13.79,13.8,13.81,13.82,13.83,13.84,13.85,13.86,3200,34600,4100,9500,57000,187500,125400,17600,26200,27900,8800,14300,22600,20600,10500,25300,7200,4300,9100,3300
13823.0,13.76,21372900,292377638.0,13.76,13.75,13.74,13.73,13.72,13.71,13.7,13.69,13.68,13.67,13.77,13.78,13.79,13.8,13.81,13.82,13.83,13.84,13.85,13.86,2300,34600,4100,9500,57000,187500,125400,17600,26200,27900,8800,14300,22600,20600,10500,25300,7200,4300,9100,3300
13824.0,13.76,21372900,292377638.0,13.76,13.75,13.74,13.73,13.72,13.71,13.7,13.69,13.68,13.67,13.77,13.78,13.79,13.8,13.81,13.82,13.83,13.84,13.85,13.86,2300,34600,4100,9500,57000,187500,125400,17600,26200,27900,8800,14300,22600,20600,10500,25300,7200,4300,9100,3300
13825.0,13.76,21372900,292377638.0,13.76,13.75,13.74,13.73,13.72,13.71,13.7,13.69,13.68,13.67,13.77,13.78,13.79,13.8,13.81,13.82,13.83,13.84,13.85,13.86,2300,34600,4100,9500,56600,187500,125400,17600,26200,27900,8800,14300,22600,20600,10500,25300,7200,4300,9100,3300
13826.0,13.76,21373300,292383142.0,13.76,13.75,13.74,13.73,13.72,13.71,13.7,13.69,13.68,13.67,13.77,13.78,13.79,13.8,13.81,13.82,13.83,13.84,13.85,13.86,1900,34600,4100,9500,56600,187500,125400,17600,26200,27900,8900,14300,22600,20600,10500,25300,7200,4300,9100,3300
13827.0,13.77,21374000,292392781.0,13.76,13.75,13.74,13.73,13.72,13.71,13.7,13.69,13.68,13.67,13.77,13.78,13.79,13.8,13.81,13.82,13.83,13.84,13.85,13.86,11700,35100,4100,9500,56600,187500,125400,17600,26200,27900,8200,14300,22600,20600,10500,25300,7200,4300,9100,3300
13828.0,13.77,21374600,292401043.0,13.76,13.75,13.74,13.73,13.72,13.71,13.7,13.69,13.68,13.67,13.77,13.78,13.79,13.8,13.81,13.82,13.83,13.84,13.85,13.86,11700,35100,4100,9700,56600,187500,125400,17600,26200,27900,8200,14300,22600,20600,10500,25300,7200,4300,9100,3300
13829.0,13.76,21375300,292410675.0,13.76,13.75,13.74,13.73,13.72,13.71,13.7,13.69,13.68,13.67,13.77,13.78,13.79,13.8,13.81,13.82,13.83,13.84,13.85,13.86,11100,35100,4100,9700,56600,187500,125400,17600,26200,27900,8200,14300,22600,20600,10500,25300,7200,4300,9100,3300
13830.0,13.76,21375300,292410675.0,13.76,13.75,13.74,13.73,13.72,13.71,13.7,13.69,13.68,13.67,13.77,13.78,13.79,13.8,13.81,13.82,13.83,13.84,13.85,13.86,14300,35100,4100,9700,56600,187500,125400,17600,26200,27900,8200,14300,22600,20600,10500,25300,7200,4300,9100,3300
13831.0,13.77,21377200,292436835.0,13.76,13.75,13.74,13.73,13.72,13.71,13.7,13.69,13.68,13.67,13.77,13.78,13.79,13.8,13.81,13.82,13.83,13.84,13.85,13.86,16000,35100,4100,9700,56600,187500,125400,17600,26700,27900,6600,14300,22600,20600,10500,25300,7200,4300,9100,3300
13832.0,13.77,21380600,292483646.0,13.76,13.75,13.74,13.73,13.72,13.71,13.7,13.69,13.68,13.67,13.77,13.78,13.79,13.8,13.81,13.82,13.83,13.84,13.85,13.86,15800,35100,4100,9800,56600,182500,124900,17600,26700,27900,3900,14300,22600,20600,10500,25300,7200,4300,9100,3300
13833.0,13.77,21380600,292483646.0,13.76,13.75,13.74,13.73,13.72,13.71,13.7,13.69,13.68,13.67,13.77,13.78,13.79,13.8,13.81,13.82,13.83,13.84,13.85,13.86,15800,35100,4100,9800,56600,182500,124900,17600,26700,27900,3900,14300,22600,20600,10500,25300,4200,4300,9100,3300
13834.0,13.77,21382300,292507041.0,13.76,13.75,13.74,13.73,13.72,13.71,13.7,13.69,13.68,13.67,13.77,13.78,13.79,13.8,13.81,13.82,13.83,13.84,13.85,13.86,14400,35100,4100,9800,56600,182500,124900,17600,26700,27900,3600,14300,22600,20600,10500,25300,4200,4300,9100,3300
13835.0,13.76,21383400,292522181.0,13.76,13.75,13.74,13.73,13.72,13.71,13.7,13.69,13.68,13.67,13.77,13.78,13.79,13.8,13.81,13.82,13.83,13.84,13.85,13.86,13900,35100,4100,9800,56600,182500,124900,17600,26700,27900,3200,14300,22600,20600,10500,25300,4200,4300,9100,3300
13836.0,13.76,21383400,292522181.0,13.76,13.75,13.74,13.73,13.72,13.71,13.7,13.69,13.68,13.67,13.77,13.78,13.79,13.8,13.81,13.82,13.83,13.84,13.85,13.86,13900,35100,4100,9800,56600,182500,124900,17600,26700,27900,3200,14300,22600,20600,10500,25300,4200,4300,9100,3300
13837.0,13.77,21386600,292566245.0,13.77,13.76,13.75,13.74,13.73,13.72,13.71,13.7,13.69,13.68,13.78,13.79,13.8,13.81,13.82,13.83,13.84,13.85,13.86,13.87,3300,13900,35100,4100,9800,56600,182500,124900,17600,26700,15000,22600,20600,10500,25300,4200,4300,9100,3300,1600
13838.0,13.77,21386900,292570376.0,13.77,13.76,13.75,13.74,13.73,13.72,13.71,13.7,13.69,13.68,13.78,13.79,13.8,13.81,13.82,13.83,13.84,13.85,13.86,13.87,3000,13900,35100,4100,9800,56600,192500,124900,17600,26700,15000,22600,20600,10500,25300,4200,4300,9100,3300,1600
13839.0,13.77,21387500,292578638.0,13.77,13.76,13.75,13.74,13.73,13.72,13.71,13.7,13.69,13.68,13.78,13.79,13.8,13.81,13.82,13.83,13.84,13.85,13.86,13.87,2400,13900,35100,4100,9800,56600,192500,124900,17600,26700,15000,22600,20600,10500,25300,4200,4300,9100,3300,1600
13840.0,13.77,21388100,292586901.0,13.77,13.76,13.75,13.74,13.73,13.72,13.71,13.7,13.69,13.68,13.78,13.79,13.8,13.81,13.82,13.83,13.84,13.85,13.86,13.87,1900,13900,35100,4100,9800,56600,192500,124900,17600,26700,14900,22600,20600,10500,25300,4200,4300,9100,3300,1600
13841.0,13.77,21388200,292588278.0,13.77,13.76,13.75,13.74,13.73,13.72,13.71,13.7,13.69,13.68,13.78,13.79,13.8,13.81,13.82,13.83,13.84,13.85,13.86,13.87,9700,13900,35100,4100,9800,56600,192500,124900,17600,26700,14900,22600,20600,10500,25300,4200,4300,9100,3300,1600
13842.0,13.77,21389000,292599301.0,13.77,13.76,13.75,13.74,13.73,13.72,13.71,13.7,13.69,13.68,13.78,13.79,13.8,13.81,13.82,13.83,13.84,13.85,13.86,13.87,9600,13900,35100,4100,9800,56600,192500,124900,17600,26700,14200,22600,20600,10500,25300,4200,4300,9100,3300,1600
13843.0,13.77,21389000,292599301.0,13.77,13.76,13.75,13.74,13.73,13.72,13.71,13.7,13.69,13.68,13.78,13.79,13.8,13.81,13.82,13.83,13.84,13.85,13.86,13.87,9700,13900,35100,4100,10000,56600,192500,124900,17600,26700,14200,22600,20600,10500,25300,4200,4300,9100,3300,1600
13844.0,13.77,21391900,292639235.0,13.77,13.76,13.75,13.74,13.73,13.72,13.71,13.7,13.69,13.68,13.78,13.79,13.8,13.81,13.82,13.83,13.84,13.85,13.86,13.87,8100,13900,35100,4100,10000,56600,192500,124900,17600,26700,14100,22600,20600,10500,25300,4200,4300,9100,3300,1600
13845.0,13.77,21393300,292658513.0,13.77,13.76,13.75,13.74,13.73,13.72,13.71,13.7,13.69,13.68,13.78,13.79,13.8,13.81,13.82,13.83,13.84,13.85,13.86,13.87,6700,13900,35100,4100,10000,56600,192500,124900,17600,26700,14100,22600,20600,10500,25300,4200,4300,9100,3300,1600
13846.0,13.77,21397900,292721855.0,13.77,13.76,13.75,13.74,13.73,13.72,13.71,13.7,13.69,13.68,13.78,13.79,13.8,13.81,13.82,13.83,13.84,13.85,13.86,13.87,2100,13900,35100,4100,10000,56600,192500,124900,17600,26700,14100,22600,20600,10500,25300,4200,4300,9100,3300,1600
13847.0,13.78,21398400,292728743.0,13.77,13.76,13.75,13.74,13.73,13.72,13.71,13.7,13.69,13.68,13.78,13.79,13.8,13.81,13.82,13.83,13.84,13.85,13.86,13.87,1900,14400,35100,4100,10000,56600,192500,124900,17600,26700,13800,22600,20600,10500,25300,4200,4300,9100,3300,1600
13848.0,13.77,21400300,292754906.0,13.76,13.75,13.74,13.73,13.72,13.71,13.7,13.69,13.68,13.67,13.77,13.78,13.79,13.8,13.81,13.82,13.83,13.84,13.85,13.86,14400,35100,4100,10000,56600,192500,124900,17600,26700,27900,8500,13800,22600,20600,10500,25300,4200,4300,9100,3300
13849.0,13.77,21401000,292764545.0,13.76,13.75,13.74,13.73,13.72,13.71,13.7,13.69,13.68,13.67,13.77,13.78,13.79,13.8,13.81,13.82,13.83,13.84,13.85,13.86,14400,35100,4100,10000,56600,192500,124900,17600,26700,27900,8400,13800,22600,20600,10500,25300,4200,4300,9100,3300
13850.0,13.77,21402300,292782439.0,13.76,13.75,13.74,13.73,13.72,13.71,13.7,13.69,13.68,13.67,13.77,13.78,13.79,13.8,13.81,13.82,13.83,13.84,13.85,13.86,13700,35100,4100,10000,56600,192500,124900,17600,26700,27900,7800,13800,22600,20600,10500,25300,4200,4300,9100,3300
13851.0,13.77,21402300,292782439.0,13.76,13.75,13.74,13.73,13.72,13.71,13.7,13.69,13.68,13.67,13.77,13.78,13.79,13.8,13.81,13.82,13.83,13.84,13.85,13.86,13700,35100,4100,10000,56600,192500,124900,17600,26700,27900,7800,13800,22600,20600,10500,25300,4200,4300,9100,3300
13852.0,13.77,21402300,292782439.0,13.76,13.75,13.74,13.73,13.72,13.71,13.7,13.69,13.68,13.67,13.77,13.78,13.79,13.8,13.81,13.82,13.83,13.84,13.85,13.86,13700,35100,4100,10000,56600,192500,124900,17600,26700,27900,7800,13800,22600,20600,10500,25300,4200,4300,9100,3300
13853.0,13.77,21403100,292793448.0,13.76,13.75,13.74,13.73,13.72,13.71,13.7,13.69,13.68,13.67,13.77,13.78,13.79,13.8,13.81,13.82,13.83,13.84,13.85,13.86,13000,35100,4100,10000,56600,192500,124900,17600,26700,27900,7700,13800,22600,22600,10500,25300,4200,4300,9100,3300
13854.0,13.77,21403100,292793448.0,13.76,13.75,13.74,13.73,13.72,13.71,13.7,13.69,13.68,13.67,13.77,13.78,13.79,13.8,13.81,13.82,13.83,13.84,13.85,13.86,13000,35100,4100,10000,56600,192500,124900,17600,26700,27900,7700,13800,22800,22600,10500,25300,4200,4300,9100,3300
13855.0,13.77,21403100,292793448.0,13.76,13.75,13.74,13.73,13.72,13.71,13.7,13.69,13.68,13.67,13.77,13.78,13.79,13.8,13.81,13.82,13.83,13.84,13.85,13.86,13000,35100,4100,10000,56600,192500,124900,17600,26700,27900,7700,13800,22800,23100,10500,25300,4200,4300,9100,3300
13856.0,13.77,21408300,292865030.0,13.76,13.75,13.74,13.73,13.72,13.71,13.7,13.69,13.68,13.67,13.77,13.78,13.79,13.8,13.81,13.82,13.83,13.84,13.85,13.86,10800,35100,4100,10000,56600,192500,124900,17600,26700,27900,4700,13800,22800,23100,10500,25300,4200,4300,9100,3300
13857.0,13.77,21408300,292865030.0,13.76,13.75,13.74,13.73,13.72,13.71,13.7,13.69,13.68,13.67,13.77,13.78,13.79,13.8,13.81,13.82,13.83,13.84,13.85,13.86,10800,35100,4100,10000,56600,192500,124900,17600,26700,27900,4700,13800,22800,23100,10500,25300,4200,4300,9100,3300
13858.0,13.77,21408300,292865030.0,13.76,13.75,13.74,13.73,13.72,13.71,13.7,13.69,13.68,13.67,13.77,13.78,13.79,13.8,13.81,13.82,13.83,13.84,13.85,13.86,10800,35100,4100,10000,56600,192500,124900,17600,26700,27900,4700,13800,22800,23100,10500,25300,4200,4300,9100,3300
13859.0,13.77,21410200,292891186.0,13.76,13.75,13.74,13.73,13.72,13.71,13.7,13.69,13.68,13.67,13.77,13.78,13.79,13.8,13.81,13.82,13.83,13.84,13.85,13.86,10100,35100,4100,10000,56600,192500,124900,17600,26700,27900,4000,13800,22800,23100,10500,25300,4200,4300,9100,3300
13860.0,13.77,21410200,292891186.0,13.76,13.75,13.74,13.73,13.72,13.71,13.7,13.69,13.68,13.67,13.77,13.78,13.79,13.8,13.81,13.82,13.83,13.84,13.85,13.86,11700,35100,4100,10000,56600,192500,124900,17600,26700,27900,4000,13800,22800,25100,10500,25300,3900,4300,9100,3300
13861.0,13.77,21411000,292902202.0,13.76,13.75,13.74,13.73,13.72,13.71,13.7,13.69,13.68,13.67,13.77,13.78,13.79,13.8,13.81,13.82,13.83,13.84,13.85,13.86,11700,35600,4100,10000,56600,192500,124900,17600,26700,27900,3200,13800,22800,25000,10500,25300,3900,4300,9100,3300
13862.0,13.76,21411700,292911834.0,13.76,13.75,13.74,13.73,13.72,13.71,13.7,13.69,13.68,13.67,13.77,13.78,13.79,13.8,13.81,13.82,13.83,13.84,13.85,13.86,11000,35600,4100,10000,56600,192500,124900,17600,26700,27900,5100,13800,22800,25000,10500,25300,3900,4300,9100,3300
13863.0,13.77,21415300,292961406.0,13.76,13.75,13.74,13.73,13.72,13.71,13.7,13.69,13.68,13.67,13.77,13.78,13.79,13.8,13.81,13.82,13.83,13.84,13.85,13.86,11000,35600,4100,10000,56600,192500,124900,17600,26700,27900,2200,14500,22800,25200,10500,25300,3900,4300,9100,3300
13864.0,13.77,21415700,292966914.0,13.76,13.75,13.74,13.73,13.72,13.71,13.7,13.69,13.68,13.67,13.77,13.78,13.79,13.8,13.81,13.82,13.83,13.84,13.85,13.86,11000,35600,4100,9800,56600,192500,123100,17600,26700,27900,1800,14500,22800,25200,10500,25300,3900,4300,9100,3300
13865.0,13.76,21416400,292976546.0,13.76,13.75,13.74,13.73,13.72,13.71,13.7,13.69,13.68,13.67,13.77,13.78,13.79,13.8,13.81,13.82,13.83,13.84,13.85,13.86,10300,35600,4100,9800,56600,192500,123100,17600,26700,27900,1800,14800,22800,25200,10500,25300,3900,4300,9100,3300
13866.0,13.77,21417500,292991687.0,13.76,13.75,13.74,13.73,13.72,13.71,13.7,13.69,13.68,13.67,13.77,13.78,13.79,13.8,13.81,13.82,13.83,13.84,13.85,13.86,9700,35600,2400,9800,56600,192500,123100,17600,26700,27900,1300,14800,22800,25200,10500,25300,3900,4300,9100,3300
13867.0,13.76,21418900,293010951.0,13.76,13.75,13.74,13.73,13.72,13.71,13.7,13.69,13.68,13.67,13.77,13.78,13.79,13.8,13.81,13.82,13.83,13.84,13.85,13.86,8300,35600,2400,9800,56600,156500,123100,17600,26700,27900,1300,14800,22800,25200,10500,25300,3900,4300,9100,3300
13868.0,13.76,21428000,293136175.0,13.75,13.74,13.73,13.72,13.71,13.7,13.69,13.68,13.67,13.66,13.76,13.77,13.78,13.79,13.8,13.81,13.82,13.83,13.84,13.85,35600,2400,9800,56600,156500,123100,17600,26700,27900,32900,400,500,14800,22800,25200,10500,25300,3900,4300,9100
13869.0,13.76,21428000,293136175.0,13.75,13.74,13.73,13.72,13.71,13.7,13.69,13.68,13.67,13.66,13.76,13.77,13.78,13.79,13.8,13.81,13.82,13.83,13.84,13.85,35600,2400,9800,56600,156500,123100,17600,26700,27900,32900,500,500,14800,22800,25200,10500,25300,3900,4300,9100
13870.0,13.76,21428100,293137551.0,13.75,13.74,13.73,13.72,13.71,13.7,13.69,13.68,13.67,13.66,13.76,13.77,13.78,13.79,13.8,13.81,13.82,13.83,13.84,13.85,35600,2400,9800,56600,156500,123100,17600,26700,27900,32900,400,700,14800,22800,25200,10500,25300,3900,4300,9100
13871.0,13.75,21428800,293147176.0,13.75,13.74,13.73,13.72,13.71,13.7,13.69,13.68,13.67,13.66,13.76,13.77,13.78,13.79,13.8,13.81,13.82,13.83,13.84,13.85,34900,2400,9800,56600,156500,123100,17600,26700,27900,32900,400,700,17900,22800,25200,10500,25300,3900,4300,9100
13872.0,13.76,21429100,293151304.0,13.75,13.74,13.73,13.72,13.71,13.7,13.69,13.68,13.67,13.66,13.76,13.77,13.78,13.79,13.8,13.81,13.82,13.83,13.84,13.85,35200,2400,9800,56600,156500,123100,17600,26700,27900,32900,100,700,17900,22800,25200,10500,25300,3900,4300,9100
13873.0,13.76,21429100,293151304.0,13.75,13.74,13.73,13.72,13.71,13.7,13.69,13.68,13.67,13.66,13.76,13.77,13.78,13.79,13.8,13.81,13.82,13.83,13.84,13.85,35200,2400,9800,55900,156500,123100,17600,26000,27900,32900,100,700,19800,22800,25200,10500,25300,3900,4300,9100
13874.0,13.75,21429800,293160929.0,13.75,13.74,13.73,13.72,13.71,13.7,13.69,13.68,13.67,13.66,13.76,13.77,13.78,13.79,13.8,13.81,13.82,13.83,13.84,13.85,34500,2400,9800,55900,156500,123100,17600,26000,27900,32900,100,700,21600,22800,25200,10500,25300,3900,4300,9100
13875.0,13.75,21429900,293162304.0,13.75,13.74,13.73,13.72,13.71,13.7,13.69,13.68,13.67,13.66,13.76,13.77,13.78,13.79,13.8,13.81,13.82,13.83,13.84,13.85,34400,2400,9800,55900,156500,123100,17600,26000,27900,32900,100,700,21600,22800,25200,10500,25300,3900,4300,9100
13876.0,13.76,21430000,293163680.0,13.75,13.74,13.73,13.72,13.71,13.7,13.69,13.68,13.67,13.66,13.77,13.78,13.79,13.8,13.81,13.82,13.83,13.84,13.85,13.86,34400,2400,9800,55900,156500,123100,17600,26000,27900,32900,700,21600,22800,25200,10500,25300,3900,4300,9100,3300
13877.0,13.76,21430000,293163680.0,13.75,13.74,13.73,13.72,13.71,13.7,13.69,13.68,13.67,13.66,13.77,13.78,13.79,13.8,13.81,13.82,13.83,13.84,13.85,13.86,35400,2400,9800,55900,156500,123100,17600,26000,27900,32900,14300,21600,22800,25200,10500,25300,3900,4300,11100,3300
13878.0,13.75,21432800,293202180.0,13.75,13.74,13.73,13.72,13.71,13.7,13.69,13.68,13.67,13.66,13.77,13.78,13.79,13.8,13.81,13.82,13.83,13.84,13.85,13.86,33000,2400,9800,55900,156500,123100,17600,26000,27900,32900,14700,22100,22800,25200,10500,25300,3900,4300,11100,3300
13879.0,13.77,21437800,293271030.0,13.76,13.75,13.74,13.73,13.72,13.71,13.7,13.69,13.68,13.67,13.77,13.78,13.79,13.8,13.81,13.82,13.83,13.84,13.85,13.86,1800,34000,2400,9800,55900,156500,123100,17600,26000,27900,10700,22800,22800,25200,10500,25300,3900,4300,11100,3300
13880.0,13.77,21437800,293271030.0,13.76,13.75,13.74,13.73,13.72,13.71,13.7,13.69,13.68,13.67,13.77,13.78,13.79,13.8,13.81,13.82,13.83,13.84,13.85,13.86,5600,34000,2400,9800,55900,156500,123100,17600,26000,27900,11700,22800,22800,25600,10500,25300,4400,4300,11100,3300
13881.0,13.76,21438300,293277910.0,13.76,13.75,13.74,13.73,13.72,13.71,13.7,13.69,13.68,13.67,13.77,13.78,13.79,13.8,13.81,13.82,13.83,13.84,13.85,13.86,5100,34000,2400,9800,55900,156500,123100,17600,26000,27900,11700,22800,22800,25600,10500,25300,4400,4300,11100,3300
13882.0,13.77,21438500,293280664.0,13.76,13.75,13.74,13.73,13.72,13.71,13.7,13.69,13.68,13.67,13.77,13.78,13.79,13.8,13.81,13.82,13.83,13.84,13.85,13.86,5100,34000,2400,9800,55900,156500,123100,17600,26000,27900,15700,22800,22800,30600,10500,25300,4400,4300,11100,3300
13883.0,13.77,21438500,293280664.0,13.76,13.75,13.74,13.73,13.72,13.71,13.7,13.69,13.68,13.67,13.77,13.78,13.79,13.8,13.81,13.82,13.83,13.84,13.85,13.86,5100,34000,2400,9800,55900,156500,123100,17600,26000,27700,16200,22800,22800,30600,10500,25300,4400,4300,11100,3300
13884.0,13.77,21439100,293288921.0,13.76,13.75,13.74,13.73,13.72,13.71,13.7,13.69,13.68,13.67,13.77,13.78,13.79,13.8,13.81,13.82,13.83,13.84,13.85,13.86,4600,34000,2400,9800,55900,156500,123100,17600,26000,27700,16100,22800,22800,30600,10500,25300,4400,4300,11100,3300
13885.0,13.77,21439100,293288921.0,13.76,13.75,13.74,13.73,13.72,13.71,13.7,13.69,13.68,13.67,13.77,13.78,13.79,13.8,13.81,13.82,13.83,13.84,13.85,13.86,4600,34000,2400,9800,55900,156500,123100,17600,26000,27700,16100,22800,22800,30600,10500,25300,4400,4300,11100,3300
13886.0,13.77,21439200,293290298.0,13.76,13.75,13.74,13.73,13.72,13.71,13.7,13.69,13.68,13.67,13.77,13.78,13.79,13.8,13.81,13.82,13.83,13.84,13.85,13.86,4600,34000,2400,9800,55900,156500,123100,17600,26000,27700,16000,22800,22800,30600,10500,25300,4400,4300,11100,3300
13887.0,13.76,21439600,293295802.0,13.76,13.75,13.74,13.73,13.72,13.71,13.7,13.69,13.68,13.67,13.77,13.78,13.79,13.8,13.81,13.82,13.83,13.84,13.85,13.86,4200,34200,2400,9800,55900,156500,123100,17600,26000,27700,16000,22800,13700,30600,10500,25300,4600,4300,11100,3300
13888.0,13.76,21439600,293295802.0,13.76,13.75,13.74,13.73,13.72,13.71,13.7,13.69,13.68,13.67,13.77,13.78,13.79,13.8,13.81,13.82,13.83,13.84,13.85,13.86,7400,44200,2400,9800,55900,156500,123100,17600,26000,27700,18600,22800,13700,30600,10500,25300,4600,4300,11100,3300
13889.0,13.76,21441000,293315066.0,13.76,13.75,13.74,13.73,13.72,13.71,13.7,13.69,13.68,13.67,13.77,13.78,13.79,13.8,13.81,13.82,13.83,13.84,13.85,13.86,6000,44200,2400,9800,55900,156500,123100,17600,26000,27700,18600,22800,13700,36900,10500,25300,4600,4300,11100,3300
13890.0,13.76,21441600,293323322.0,13.76,13.75,13.74,13.73,13.72,13.71,13.7,13.69,13.68,13.67,13.77,13.78,13.79,13.8,13.81,13.82,13.83,13.84,13.85,13.86,6100,44200,2400,9800,55900,156500,123100,17600,26000,27700,18600,17600,13700,36900,10500,26300,4600,4300,11100,3300
13891.0,13.76,21441600,293323322.0,13.76,13.75,13.74,13.73,13.72,13.71,13.7,13.69,13.68,13.67,13.77,13.78,13.79,13.8,13.81,13.82,13.83,13.84,13.85,13.86,6100,44400,2400,9800,55900,156500,123100,17600,26000,27700,18600,17600,13700,36900,10500,26300,4600,4300,11100,3300
13892.0,13.77,21441900,293327453.0,13.76,13.75,13.74,13.73,13.72,13.71,13.7,13.69,13.68,13.67,13.77,13.78,13.79,13.8,13.81,13.82,13.83,13.84,13.85,13.86,6100,44400,2400,9800,55800,156500,123100,17600,26000,27700,18300,17600,13700,36900,10500,26300,4600,4300,11100,2700
13893.0,13.76,21443100,293343965.0,13.76,13.75,13.74,13.73,13.72,13.71,13.7,13.69,13.68,13.67,13.77,13.78,13.79,13.8,13.81,13.82,13.83,13.84,13.85,13.86,4900,44400,2400,9800,55800,156500,123100,17600,26000,27700,23900,17600,13700,36900,10500,26300,4600,4300,11100,2700
13894.0,13.76,21443100,293343965.0,13.76,13.75,13.74,13.73,13.72,13.71,13.7,13.69,13.68,13.67,13.77,13.78,13.79,13.8,13.81,13.82,13.83,13.84,13.85,13.86,4900,44400,2400,9800,55800,156500,123000,17600,25800,27700,23900,17600,13700,36500,10500,26300,4600,4300,11100,2700
13895.0,13.76,21443100,293343965.0,13.76,13.75,13.74,13.73,13.72,13.71,13.7,13.69,13.68,13.67,13.77,13.78,13.79,13.8,13.81,13.82,13.83,13.84,13.85,13.86,4900,44400,2300,9800,55800,156500,123000,17600,25800,27700,23900,17600,13700,36500,10500,26300,4600,4300,11100,2700
13896.0,13.76,21443500,293349469.0,13.76,13.75,13.74,13.73,13.72,13.71,13.7,13.69,13.68,13.67,13.77,13.78,13.79,13.8,13.81,13.82,13.83,13.84,13.85,13.86,4500,44400,2300,9800,55800,156500,123000,17600,25800,27700,25800,19600,13700,36500,10500,26300,4600,4300,11100,2700
13897.0,13.76,21444200,293359107.0,13.76,13.75,13.74,13.73,13.72,13.71,13.7,13.69,13.68,13.67,13.77,13.78,13.79,13.8,13.81,13.82,13.83,13.84,13.85,13.86,4400,44400,2300,9800,55800,156500,123000,17600,25800,27700,28100,19600,13700,36500,10500,26300,4600,4300,11100,2700
13898.0,13.76,21444200,293359107.0,13.76,13.75,13.74,13.73,13.72,13.71,13.7,13.69,13.68,13.67,13.77,13.78,13.79,13.8,13.81,13.82,13.83,13.84,13.85,13.86,4400,44400,2300,9800,55800,156500,123000,17600,25800,27700,28100,19700,13700,36500,10500,26300,4600,4300,11100,2700
13899.0,13.76,21444600,293364611.0,13.76,13.75,13.74,13.73,13.72,13.71,13.7,13.69,13.68,13.67,13.77,13.78,13.79,13.8,13.81,13.82,13.83,13.84,13.85,13.86,4000,40800,2300,9800,55800,156500,123000,16600,25800,27700,28100,19700,13700,36500,10500,26300,4600,4300,11100,2700
13900.0,13.77,21446000,293383877.0,13.76,13.75,13.74,13.73,13.72,13.71,13.7,13.69,13.68,13.67,13.77,13.78,13.79,13.8,13.81,13.82,13.83,13.84,13.85,13.86,2800,40800,2300,9800,55800,156500,123000,16600,25800,27700,28200,19700,13700,36500,10500,26300,4600,4300,11100,2700
13901.0,13.77,21446000,293383877.0,13.76,13.75,13.74,13.73,13.72,13.71,13.7,13.69,13.68,13.67,13.77,13.78,13.79,13.8,13.81,13.82,13.83,13.84,13.85,13.86,2800,40800,2300,9800,55800,156500,123000,16600,25800,27700,28200,19700,13700,36500,10500,26300,4600,4300,11100,2700
13902.0,13.77,21446300,293388008.0,13.76,13.75,13.74,13.73,13.72,13.71,13.7,13.69,13.68,13.67,13.77,13.78,13.79,13.8,13.81,13.82,13.83,13.84,13.85,13.86,2800,40800,2300,9800,55800,156500,123000,16600,25800,27700,32400,19700,13700,36500,10500,26300,4600,4300,11100,2700
13903.0,13.77,21446300,293388008.0,13.76,13.75,13.74,13.73,13.72,13.71,13.7,13.69,13.68,13.67,13.77,13.78,13.79,13.8,13.81,13.82,13.83,13.84,13.85,13.86,2800,40800,2300,9800,55800,156500,123000,16600,25800,27700,32400,19700,13700,36500,10500,26300,4600,4300,11100,2700
13904.0,13.77,21446300,293388008.0,13.76,13.75,13.74,13.73,13.72,13.71,13.7,13.69,13.68,13.67,13.77,13.78,13.79,13.8,13.81,13.82,13.83,13.84,13.85,13.86,6400,40800,2300,9800,55800,156500,123000,16600,25800,27700,32400,19700,14300,36500,10500,26300,4600,4300,11100,2700
13905.0,13.77,21447300,293401778.0,13.76,13.75,13.74,13.73,13.72,13.71,13.7,13.69,13.68,13.67,13.77,13.78,13.79,13.8,13.81,13.82,13.83,13.84,13.85,13.86,6400,41800,2300,9800,55800,156500,123000,16600,25800,27700,31400,19700,14300,36500,10500,25500,4600,4300,11100,2700
13906.0,13.77,21447300,293401778.0,13.76,13.75,13.74,13.73,13.72,13.71,13.7,13.69,13.68,13.67,13.77,13.78,13.79,13.8,13.81,13.82,13.83,13.84,13.85,13.86,6400,41800,2300,9800,55800,156500,123000,16600,25800,27700,31700,19700,14300,36500,10500,25500,4600,4300,11100,2700
13907.0,13.76,21448500,293418290.0,13.76,13.75,13.74,13.73,13.72,13.71,13.7,13.69,13.68,13.67,13.77,13.78,13.79,13.8,13.81,13.82,13.83,13.84,13.85,13.86,5300,41800,2300,9800,55800,156500,123000,16600,25800,27700,32200,19700,14300,36500,10500,25500,4600,4300,11100,2700
13908.0,13.76,21449000,293425170.0,13.76,13.75,13.74,13.73,13.72,13.71,13.7,13.69,13.68,13.67,13.77,13.78,13.79,13.8,13.81,13.82,13.83,13.84,13.85,13.86,4800,41800,2300,9800,55800,156500,123000,16600,25800,27700,32200,19700,14300,36500,10500,25500,4600,4300,11100,2700
13909.0,13.77,21450000,293438940.0,13.76,13.75,13.74,13.73,13.72,13.71,13.7,13.69,13.68,13.67,13.77,13.78,13.79,13.8,13.81,13.82,13.83,13.84,13.85,13.86,5200,41800,2300,9800,55800,156500,123000,16600,25800,27700,33200,19700,14300,36500,10500,25500,4600,4300,11100,2700
13910.0,13.77,21451500,293459595.0,13.76,13.75,13.74,13.73,13.72,13.71,13.7,13.69,13.68,13.67,13.77,13.78,13.79,13.8,13.81,13.82,13.83,13.84,13.85,13.86,6200,42600,2300,9800,55800,156500,123000,16600,25800,27700,31700,19700,14300,36500,10500,25500,4600,4300,11100,2700
13911.0,13.76,21452100,293467851.0,13.76,13.75,13.74,13.73,13.72,13.71,13.7,13.69,13.68,13.67,13.77,13.78,13.79,13.8,13.81,13.82,13.83,13.84,13.85,13.86,5600,42600,2300,9800,55800,156500,123000,16500,25800,27700,31700,19700,14300,36500,10500,25500,4600,4300,11100,2700
13912.0,13.77,21455200,293510527.0,13.76,13.75,13.74,13.73,13.72,13.71,13.7,13.69,13.68,13.67,13.77,13.78,13.79,13.8,13.81,13.82,13.83,13.84,13.85,13.86,4600,42600,2300,9800,55800,156500,123000,16500,25800,27700,29700,19700,14300,36500,10500,25500,4600,4300,11100,2700
13913.0,13.77,21455200,293510527.0,13.76,13.75,13.74,13.73,13.72,13.71,13.7,13.69,13.68,13.67,13.77,13.78,13.79,13.8,13.81,13.82,13.83,13.84,13.85,13.86,4600,42600,2300,9800,55800,156500,123000,16500,25800,27700,24500,19700,14300,36500,10500,25500,4600,4300,11100,2700
13914.0,13.77,21456100,293522920.0,13.76,13.75,13.74,13.73,13.72,13.71,13.7,13.69,13.68,13.67,13.77,13.78,13.79,13.8,13.81,13.82,13.83,13.84,13.85,13.86,4800,42600,2300,9800,55800,156500,123000,16500,25800,27700,23600,19700,14300,36500,10500,25500,4600,4300,11100,2700
13915.0,13.77,21463100,293619284.0,13.76,13.75,13.74,13.73,13.72,13.71,13.7,13.69,13.68,13.67,13.77,13.78,13.79,13.8,13.81,13.82,13.83,13.84,13.85,13.86,2700,42600,2300,9800,55800,156500,123000,16500,25800,27700,19200,19700,14300,36500,10500,25500,4600,4300,11100,2700
13916.0,13.77,21463600,293626169.0,13.76,13.75,13.74,13.73,13.72,13.71,13.7,13.69,13.68,13.67,13.77,13.78,13.79,13.8,13.81,13.82,13.83,13.84,13.85,13.86,2700,42600,2300,9800,55800,156500,123000,16500,25800,27700,18700,19700,14300,36500,10500,25500,4600,4300,11100,2700
13917.0,13.77,21464400,293637185.0,13.76,13.75,13.74,13.73,13.72,13.71,13.7,13.69,13.68,13.67,13.77,13.78,13.79,13.8,13.81,13.82,13.83,13.84,13.85,13.86,2700,42600,2300,9800,55800,156500,123000,16500,25800,27700,17900,19700,14300,36500,10500,25500,4600,4300,11100,2700
13918.0,13.77,21464400,293637185.0,13.76,13.75,13.74,13.73,13.72,13.71,13.7,13.69,13.68,13.67,13.77,13.78,13.79,13.8,13.81,13.82,13.83,13.84,13.85,13.86,2700,42600,2300,9800,55800,156500,123000,16500,25800,27700,17900,19700,14300,36500,10500,25500,4600,4300,11400,2700
13919.0,13.77,21464400,293637185.0,13.76,13.75,13.74,13.73,13.72,13.71,13.7,13.69,13.68,13.67,13.77,13.78,13.79,13.8,13.81,13.82,13.83,13.84,13.85,13.86,2700,42600,2300,9800,55800,156500,123000,16500,25800,27700,18200,19900,14300,36500,10500,25500,4600,4300,11400,2700
13920.0,13.77,21464800,293642693.0,13.76,13.75,13.74,13.73,13.72,13.71,13.7,13.69,13.68,13.67,13.77,13.78,13.79,13.8,13.81,13.82,13.83,13.84,13.85,13.86,2700,42600,2300,9800,55800,156500,123000,16500,25800,27700,17800,19900,14300,36500,10500,25500,4600,4300,11400,2700
13921.0,13.76,21466700,293668837.0,13.76,13.75,13.74,13.73,13.72,13.71,13.7,13.69,13.68,13.67,13.77,13.78,13.79,13.8,13.81,13.82,13.83,13.84,13.85,13.86,800,42600,2300,9800,55800,156500,123000,16500,25800,27700,20300,19900,14300,36800,10500,25500,4600,4300,11400,2700
13922.0,13.76,21466700,293668837.0,13.76,13.75,13.74,13.73,13.72,13.71,13.7,13.69,13.68,13.67,13.77,13.78,13.79,13.8,13.81,13.82,13.83,13.84,13.85,13.86,800,43200,2300,9800,55800,156500,123000,16500,25800,27700,20300,19900,14300,36800,10500,25500,4600,4300,11400,2700
13923.0,13.76,21468500,293693615.0,13.75,13.74,13.73,13.72,13.71,13.7,13.69,13.68,13.67,13.66,13.76,13.77,13.78,13.79,13.8,13.81,13.82,13.83,13.84,13.85,43200,2300,9800,55800,156500,123000,16500,25800,27700,32900,5200,19300,19900,14300,36800,10500,25500,4600,4300,11400
13924.0,13.76,21468500,293693615.0,13.75,13.74,13.73,13.72,13.71,13.7,13.69,13.68,13.67,13.66,13.76,13.77,13.78,13.79,13.8,13.81,13.82,13.83,13.84,13.85,43200,2300,9800,55800,156500,123000,16500,25800,27700,32900,5200,19300,19900,14300,36800,10500,25500,4600,4300,11400
13925.0,13.76,21473700,293765167.0,13.76,13.75,13.74,13.73,13.72,13.71,13.7,13.69,13.68,13.67,13.77,13.78,13.79,13.8,13.81,13.82,13.83,13.84,13.85,13.86,2500,43200,2300,9800,55800,156500,123000,16500,25800,27700,19300,19900,14300,36400,10500,25500,4600,4300,11400,2700
13926.0,13.76,21473700,293765167.0,13.76,13.75,13.74,13.73,13.72,13.71,13.7,13.69,13.68,13.67,13.77,13.78,13.79,13.8,13.81,13.82,13.83,13.84,13.85,13.86,2500,43200,2300,9800,55800,156500,123000,16500,23300,27700,20300,19900,14300,36400,10500,25500,4600,4300,11400,2700
13927.0,13.77,21486800,293945554.0,13.76,13.75,13.74,13.73,13.72,13.71,13.7,13.69,13.68,13.67,13.77,13.78,13.79,13.8,13.81,13.82,13.83,13.84,13.85,13.86,3500,43200,2300,9800,55800,156500,123000,16500,23300,27700,7200,19900,14300,36400,10500,25500,4600,4300,11400,2700
13928.0,13.77,21486800,293945554.0,13.76,13.75,13.74,13.73,13.72,13.71,13.7,13.69,13.68,13.67,13.77,13.78,13.79,13.8,13.81,13.82,13.83,13.84,13.85,13.86,3500,43200,2300,9800,55800,156500,123000,16500,23300,27700,7200,19900,14300,36400,10500,25500,4600,4300,11400,2700
13929.0,13.76,21488100,293963442.0,13.76,13.75,13.74,13.73,13.72,13.71,13.7,13.69,13.68,13.67,13.77,13.78,13.79,13.8,13.81,13.82,13.83,13.84,13.85,13.86,2200,43200,2300,9800,55800,156500,123000,16500,21300,27700,7200,19900,14300,36400,10500,25500,4600,4300,11400,2700
13930.0,13.76,21489000,293975826.0,13.76,13.75,13.74,13.73,13.72,13.71,13.7,13.69,13.68,13.67,13.77,13.78,13.79,13.8,13.81,13.82,13.83,13.84,13.85,13.86,1600,43200,2300,9800,55800,156500,123000,16500,21300,27700,7200,19900,14300,36400,10500,25500,4600,4300,11400,2700
13931.0,13.76,21490600,293997842.0,13.75,13.74,13.73,13.72,13.71,13.7,13.69,13.68,13.67,13.66,13.76,13.77,13.78,13.79,13.8,13.81,13.82,13.83,13.84,13.85,43700,2300,9800,55800,156500,123000,16500,21300,27700,32900,400,7200,19900,14300,36400,10500,25500,4600,4300,11400
13932.0,13.76,21490600,293997842.0,13.75,13.74,13.73,13.72,13.71,13.7,13.69,13.68,13.67,13.66,13.76,13.77,13.78,13.79,13.8,13.81,13.82,13.83,13.84,13.85,51100,2300,9800,55800,156500,123000,16500,21300,27700,32900,2900,5500,19900,14300,36400,10500,25500,4600,4300,11400
13933.0,13.76,21490600,293997842.0,13.75,13.74,13.73,13.72,13.71,13.7,13.69,13.68,13.67,13.66,13.76,13.77,13.78,13.79,13.8,13.81,13.82,13.83,13.84,13.85,50900,2300,9800,55800,156500,123000,16500,21300,27700,32900,13300,5500,19900,14300,36400,10500,25500,4600,4300,11400
13934.0,13.75,21492000,294017092.0,13.75,13.74,13.73,13.72,13.71,13.7,13.69,13.68,13.67,13.66,13.76,13.77,13.78,13.79,13.8,13.81,13.82,13.83,13.84,13.85,49500,2300,9800,55800,156500,123000,16500,21300,27700,32900,13300,5500,19900,9100,36400,10500,25500,4600,4300,11400
13935.0,13.75,21492000,294017092.0,13.75,13.74,13.73,13.72,13.71,13.7,13.69,13.68,13.67,13.66,13.76,13.77,13.78,13.79,13.8,13.81,13.82,13.83,13.84,13.85,49500,2300,9800,55800,156500,123000,16500,21300,27700,32900,13300,7200,19900,9100,36400,10500,25500,4600,4300,11400
13936.0,13.76,21496600,294080381.0,13.75,13.74,13.73,13.72,13.71,13.7,13.69,13.68,13.67,13.66,13.76,13.77,13.78,13.79,13.8,13.81,13.82,13.83,13.84,13.85,48800,2300,19800,55800,156500,123000,16500,21300,27700,32900,9400,7200,19900,9100,36400,10500,25500,4600,4300,11400
13937.0,13.75,21497800,294096881.0,13.75,13.74,13.73,13.72,13.71,13.7,13.69,13.68,13.67,13.66,13.76,13.77,13.78,13.79,13.8,13.81,13.82,13.83,13.84,13.85,47600,2300,19800,55800,156500,123000,16500,21300,27700,32900,10200,7200,19900,9100,36200,10500,25500,4600,4300,11400
13938.0,13.76,21499600,294121649.0,13.75,13.74,13.73,13.72,13.71,13.7,13.69,13.68,13.67,13.66,13.76,13.77,13.78,13.79,13.8,13.81,13.82,13.83,13.84,13.85,47600,2300,19800,55800,156500,122900,16500,21300,27700,32900,8400,7200,19900,9100,36200,10500,25500,4600,4300,11400
13939.0,13.76,21500800,294138161.0,13.75,13.74,13.73,13.72,13.71,13.7,13.69,13.68,13.67,13.66,13.76,13.77,13.78,13.79,13.8,13.81,13.82,13.83,13.84,13.85,47600,2300,19800,55800,156500,122900,16500,21300,27700,32900,7200,9300,19900,9100,36200,10500,25500,4600,4300,11400
13940.0,13.76,21500800,294138161.0,13.75,13.74,13.73,13.72,13.71,13.7,13.69,13.68,13.67,13.66,13.76,13.77,13.78,13.79,13.8,13.81,13.82,13.83,13.84,13.85,46800,2300,19800,55800,156500,122900,16500,21300,27700,32900,7200,10200,19900,9100,36200,10500,25500,4600,4300,11400
13941.0,13.76,21500800,294138161.0,13.75,13.74,13.73,13.72,13.71,13.7,13.69,13.68,13.67,13.66,13.76,13.77,13.78,13.79,13.8,13.81,13.82,13.83,13.84,13.85,46800,2300,19800,55800,156500,122900,16500,21300,27700,32900,8200,12200,19900,9100,36200,10500,25500,4600,4300,11400
13942.0,13.76,21502500,294161553.0,13.75,13.74,13.73,13.72,13.71,13.7,13.69,13.68,13.67,13.66,13.76,13.77,13.78,13.79,13.8,13.81,13.82,13.83,13.84,13.85,46800,2300,19800,55800,146500,122900,16500,21300,27700,32900,6500,12200,19900,9100,36200,10500,25500,4600,4300,11400
13943.0,13.76,21505400,294201457.0,13.75,13.74,13.73,13.72,13.71,13.7,13.69,13.68,13.67,13.66,13.76,13.77,13.78,13.79,13.8,13.81,13.82,13.83,13.84,13.85,46800,2300,19800,55800,146500,122900,16500,21300,27700,32900,3600,13000,19900,9100,36200,10500,25500,4600,4300,11400
13944.0,13.75,21506100,294211082.0,13.75,13.74,13.73,13.72,13.71,13.7,13.69,13.68,13.67,13.66,13.76,13.77,13.78,13.79,13.8,13.81,13.82,13.83,13.84,13.85,46100,2300,19800,55800,146500,122900,16500,21300,27700,32900,3600,13700,19900,9100,36200,10500,25500,4600,4300,11400
13945.0,13.76,21508600,294245468.0,13.75,13.74,13.73,13.72,13.71,13.7,13.69,13.68,13.67,13.66,13.76,13.77,13.78,13.79,13.8,13.81,13.82,13.83,13.84,13.85,44700,2300,19800,55800,146500,122900,16500,21300,27700,32900,2500,13700,19900,9100,36200,10500,25500,4600,4300,11400
13946.0,13.76,21509700,294260604.0,13.75,13.74,13.73,13.72,13.71,13.7,13.69,13.68,13.67,13.66,13.76,13.77,13.78,13.79,13.8,13.81,13.82,13.83,13.84,13.85,44700,2300,19800,55800,146500,122900,16500,21300,27700,32900,1400,13700,19900,9100,36200,10500,25500,4600,4300,11400
13947.0,13.76,21511100,294279868.0,13.76,13.75,13.74,13.73,13.72,13.71,13.7,13.69,13.68,13.67,13.77,13.78,13.79,13.8,13.81,13.82,13.83,13.84,13.85,13.86,300,44700,2300,19800,55800,146500,122900,16500,21300,27700,13700,19900,9100,36200,10500,25500,4600,4300,11400,2700
13948.0,13.77,21513500,294312916.0,13.76,13.75,13.74,13.73,13.72,13.71,13.7,13.69,13.68,13.67,13.77,13.78,13.79,13.8,13.81,13.82,13.83,13.84,13.85,13.86,300,45700,2300,19800,55800,146500,122900,16500,21300,27700,11300,19900,9100,36200,10500,25500,4600,4300,11400,2700
13949.0,13.77,21514200,294322555.0,13.76,13.75,13.74,13.73,13.72,13.71,13.7,13.69,13.68,13.67,13.77,13.78,13.79,13.8,13.81,13.82,13.83,13.84,13.85,13.86,300,46200,2300,19800,55800,146500,122900,16500,21300,27700,11100,19900,9100,36200,10500,25500,4600,4300,11400,2700
13950.0,13.77,21515000,294333571.0,13.76,13.75,13.74,13.73,13.72,13.71,13.7,13.69,13.68,13.67,13.77,13.78,13.79,13.8,13.81,13.82,13.83,13.84,13.85,13.86,300,46200,2300,19800,55800,146500,122900,16500,21300,27700,10300,20200,9100,36200,10500,25500,4600,4300,11400,2700
13951.0,13.77,21515100,294334948.0,13.76,13.75,13.74,13.73,13.72,13.71,13.7,13.69,13.68,13.67,13.77,13.78,13.79,13.8,13.81,13.82,13.83,13.84,13.85,13.86,300,46200,2300,19800,55800,146500,122900,16500,21300,27700,10200,20200,9100,36200,9000,25500,4600,4300,11400,2700
13952.0,13.77,21515800,294344587.0,13.76,13.75,13.74,13.73,13.72,13.71,13.7,13.69,13.68,13.67,13.77,13.78,13.79,13.8,13.81,13.82,13.83,13.84,13.85,13.86,300,46200,2300,19800,55800,146500,122900,16500,21300,27700,9500,20200,9100,36200,9000,25500,4600,4300,11400,2700
13953.0,13.77,21517800,294372127.0,13.76,13.75,13.74,13.73,13.72,13.71,13.7,13.69,13.68,13.67,13.77,13.78,13.79,13.8,13.81,13.82,13.83,13.84,13.85,13.86,300,46200,2300,19800,55800,146500,122900,16500,21300,27700,7500,20200,12100,36400,9000,25500,4600,4300,11400,2700
13954.0,13.77,21517800,294372127.0,13.76,13.75,13.74,13.73,13.72,13.71,13.7,13.69,13.68,13.67,13.77,13.78,13.79,13.8,13.81,13.82,13.83,13.84,13.85,13.86,1200,46200,2300,19800,55800,146500,122900,16500,21300,27700,7900,20200,12100,36400,9000,25500,4600,4300,11400,2700
13955.0,13.77,21518000,294374881.0,13.76,13.75,13.74,13.73,13.72,13.71,13.7,13.69,13.68,13.67,13.77,13.78,13.79,13.8,13.81,13.82,13.83,13.84,13.85,13.86,1200,46200,2300,19800,55600,146500,122900,16500,20700,27700,8500,19900,12100,36400,9000,25500,4600,4300,11400,2700
13956.0,13.76,21518900,294387272.0,13.76,13.75,13.74,13.73,13.72,13.71,13.7,13.69,13.68,13.67,13.77,13.78,13.79,13.8,13.81,13.82,13.83,13.84,13.85,13.86,1000,46200,2300,19800,55600,146500,122900,16500,20700,27700,7800,19900,12100,36400,9000,25500,4600,4300,11400,2900
13957.0,13.76,21518900,294387272.0,13.76,13.75,13.74,13.73,13.72,13.71,13.7,13.69,13.68,13.67,13.77,13.78,13.79,13.8,13.81,13.82,13.83,13.84,13.85,13.86,1000,46200,2300,19800,55600,146500,122900,16500,20700,27700,7800,19900,12100,36400,9000,25500,4600,4300,11400,2900
13958.0,13.77,21519700,294398287.0,13.76,13.75,13.74,13.73,13.72,13.71,13.7,13.69,13.68,13.67,13.77,13.78,13.79,13.8,13.81,13.82,13.83,13.84,13.85,13.86,900,46200,2300,19800,55600,146500,122900,16500,20700,27700,7100,19900,12100,36400,9000,25500,4600,4300,11400,2900
13959.0,13.77,21520400,294407926.0,13.76,13.75,13.74,13.73,13.72,13.71,13.7,13.69,13.68,13.67,13.77,13.78,13.79,13.8,13.81,13.82,13.83,13.84,13.85,13.86,900,46200,2300,19800,55600,146500,122900,16500,20700,27700,6400,19900,12100,36400,9000,25500,4600,4300,11400,2900
13960.0,13.77,21524400,294463006.0,13.76,13.75,13.74,13.73,13.72,13.71,13.7,13.69,13.68,13.67,13.77,13.78,13.79,13.8,13.81,13.82,13.83,13.84,13.85,13.86,900,46200,2300,19800,55600,146500,122900,16500,20700,27700,2400,19900,12100,36900,9000,25500,4600,4300,11400,2900
13961.0,13.77,21524400,294463006.0,13.76,13.75,13.74,13.73,13.72,13.71,13.7,13.69,13.68,13.67,13.77,13.78,13.79,13.8,13.81,13.82,13.83,13.84,13.85,13.86,900,46200,2300,19800,55600,146500,122900,16500,20700,27700,2400,19900,12100,36900,9000,25500,4600,4300,11400,2900
13962.0,13.77,21524600,294465760.0,13.76,13.75,13.74,13.73,13.72,13.71,13.7,13.69,13.68,13.67,13.77,13.78,13.79,13.8,13.81,13.82,13.83,13.84,13.85,13.86,900,46200,2300,19800,55600,146500,122900,16500,20700,27700,2400,19900,12100,36900,9000,25500,4600,4300,11400,2900
13963.0,13.77,21525600,294479530.0,13.76,13.75,13.74,13.73,13.72,13.71,13.7,13.69,13.68,13.67,13.77,13.78,13.79,13.8,13.81,13.82,13.83,13.84,13.85,13.86,900,46200,2300,19800,55600,146500,122900,16500,20700,27700,1400,19900,12100,36900,9000,25500,4600,4300,11400,2900
13964.0,13.77,21526600,294493300.0,13.76,13.75,13.74,13.73,13.72,13.71,13.7,13.69,13.68,13.67,13.77,13.78,13.79,13.8,13.81,13.82,13.83,13.84,13.85,13.86,900,46200,2300,19800,55600,146500,127900,16500,20700,27700,3900,19900,12100,36900,9000,25500,4600,4300,11400,2900
13965.0,13.77,21527100,294500185.0,13.76,13.75,13.74,13.73,13.72,13.71,13.7,13.69,13.68,13.67,13.77,13.78,13.79,13.8,13.81,13.82,13.83,13.84,13.85,13.86,900,46200,2300,19800,55600,146500,127900,16500,20700,27700,3400,19900,12100,36900,9000,25500,4600,4300,11400,2900
13966.0,13.77,21527100,294500185.0,13.76,13.75,13.74,13.73,13.72,13.71,13.7,13.69,13.68,13.67,13.77,13.78,13.79,13.8,13.81,13.82,13.83,13.84,13.85,13.86,900,46200,2300,19800,55600,146500,127900,16500,20700,27700,3400,24500,12100,36900,9000,25500,4600,4300,11400,2900
13967.0,13.77,21528900,294524970.0,13.76,13.75,13.74,13.73,13.72,13.71,13.7,13.69,13.68,13.67,13.77,13.78,13.79,13.8,13.81,13.82,13.83,13.84,13.85,13.86,800,46200,2300,19800,55600,146500,131200,16500,20700,27700,7100,24500,12100,36900,9000,25500,4600,4300,11400,2900
13968.0,13.77,21530300,294544248.0,13.76,13.75,13.74,13.73,13.72,13.71,13.7,13.69,13.68,13.67,13.77,13.78,13.79,13.8,13.81,13.82,13.83,13.84,13.85,13.86,800,45900,2300,19800,55600,146500,131200,16500,20700,27700,5700,24500,12100,36900,9000,25500,4600,4300,11400,2900
13969.0,13.77,21533500,294588312.0,13.76,13.75,13.74,13.73,13.72,13.71,13.7,13.69,13.68,13.67,13.77,13.78,13.79,13.8,13.81,13.82,13.83,13.84,13.85,13.86,800,45400,2300,19800,55600,146500,131200,16500,20700,27700,2500,24500,12100,36900,9000,25500,4600,4300,11400,2900
13970.0,13.77,21533500,294588312.0,13.76,13.75,13.74,13.73,13.72,13.71,13.7,13.69,13.68,13.67,13.77,13.78,13.79,13.8,13.81,13.82,13.83,13.84,13.85,13.86,800,45400,2300,19800,55600,146500,131200,16500,20700,27700,2700,24500,12100,36900,9000,25500,4600,4300,11400,2900
13971.0,13.77,21533700,294591066.0,13.76,13.75,13.74,13.73,13.72,13.71,13.7,13.69,13.68,13.67,13.77,13.78,13.79,13.8,13.81,13.82,13.83,13.84,13.85,13.86,800,45400,2300,19800,55600,146500,131200,16500,20700,27700,2500,24500,12100,36900,9000,25500,4600,4300,11400,2900
13972.0,13.77,21533700,294591066.0,13.76,13.75,13.74,13.73,13.72,13.71,13.7,13.69,13.68,13.67,13.77,13.78,13.79,13.8,13.81,13.82,13.83,13.84,13.85,13.86,800,45400,2300,18800,55600,146500,131200,16500,20700,27700,4500,25300,12100,36900,9000,25500,4600,4300,11400,2900
13973.0,13.77,21534500,294602082.0,13.76,13.75,13.74,13.73,13.72,13.71,13.7,13.69,13.68,13.67,13.77,13.78,13.79,13.8,13.81,13.82,13.83,13.84,13.85,13.86,800,45400,2300,18800,55600,146500,131200,16500,20700,27700,3700,25300,12100,36900,9000,25500,4600,4300,11400,2900
13974.0,13.77,21534800,294606213.0,13.76,13.75,13.74,13.73,13.72,13.71,13.7,13.69,13.68,13.67,13.77,13.78,13.79,13.8,13.81,13.82,13.83,13.84,13.85,13.86,800,45400,2300,18800,55600,146500,131200,16500,20700,27700,3400,25300,12100,36900,9000,25500,4600,4300,11400,2900
13975.0,13.76,21535800,294619973.0,13.75,13.74,13.73,13.72,13.71,13.7,13.69,13.68,13.67,13.66,13.76,13.77,13.78,13.79,13.8,13.81,13.82,13.83,13.84,13.85,45900,2300,18800,55600,146500,131200,16500,20700,27700,32900,1400,4400,25300,12100,36900,9000,25500,4600,4300,11400
13976.0,13.76,21535800,294619973.0,13.75,13.74,13.73,13.72,13.71,13.7,13.69,13.68,13.67,13.66,13.76,13.77,13.78,13.79,13.8,13.81,13.82,13.83,13.84,13.85,45900,2300,18800,55600,146500,131200,16500,20700,27700,32900,1400,4400,25600,12100,36900,9000,25500,4600,4300,11400
13977.0,13.76,21535900,294621349.0,13.75,13.74,13.73,13.72,13.71,13.7,13.69,13.68,13.67,13.66,13.76,13.77,13.78,13.79,13.8,13.81,13.82,13.83,13.84,13.85,45900,2300,18800,55600,146500,131200,16500,20700,27700,32900,1300,4400,25600,12500,36900,9000,25500,4600,4300,11400
13978.0,13.78,21545700,294756281.0,13.75,13.74,13.73,13.72,13.71,13.7,13.69,13.68,13.67,13.66,13.78,13.79,13.8,13.81,13.82,13.83,13.84,13.85,13.86,13.87,43700,2300,18800,55600,146500,131200,16500,20700,27700,32900,22900,12500,36900,9000,25500,4600,4300,11400,2900,100
13979.0,13.75,21546400,294765906.0,13.77,13.76,13.75,13.74,13.73,13.72,13.71,13.7,13.69,13.68,13.78,13.79,13.8,13.81,13.82,13.83,13.84,13.85,13.86,13.87,400,500,44000,2300,18800,55600,146500,131200,16500,20700,23900,12500,36800,9000,25500,4600,4300,11400,2900,100
13980.0,13.75,21546400,294765906.0,13.77,13.76,13.75,13.74,13.73,13.72,13.71,13.7,13.69,13.68,13.78,13.79,13.8,13.81,13.82,13.83,13.84,13.85,13.86,13.87,800,1500,43800,2300,18800,55600,146500,131200,16500,20700,23900,12500,36800,9000,25500,4600,4300,11400,2900,100
13981.0,13.75,21546400,294765906.0,13.77,13.76,13.75,13.74,13.73,13.72,13.71,13.7,13.69,13.68,13.78,13.79,13.8,13.81,13.82,13.83,13.84,13.85,13.86,13.87,7900,1500,43800,2300,18600,55600,146500,130200,16500,20700,23900,12500,36800,9000,25500,4600,4300,11400,2900,100
13982.0,13.77,21548300,294792069.0,13.77,13.76,13.75,13.74,13.73,13.72,13.71,13.7,13.69,13.68,13.78,13.79,13.8,13.81,13.82,13.83,13.84,13.85,13.86,13.87,10200,1500,43800,2300,18600,55600,146500,130200,16500,20700,23900,12500,36800,9000,25500,4600,4300,11400,2900,100
13983.0,13.77,21549300,294805839.0,13.77,13.76,13.75,13.74,13.73,13.72,13.71,13.7,13.69,13.68,13.78,13.79,13.8,13.81,13.82,13.83,13.84,13.85,13.86,13.87,9200,1500,43800,2300,18600,55600,146500,130200,16500,20700,24400,12500,36800,9000,25500,4600,4300,11400,2900,100
13984.0,13.77,21549300,294805839.0,13.77,13.76,13.75,13.74,13.73,13.72,13.71,13.7,13.69,13.68,13.78,13.79,13.8,13.81,13.82,13.83,13.84,13.85,13.86,13.87,10600,6500,43800,2300,18600,55600,146500,130200,16500,20700,24400,12500,36800,9000,25500,4600,4300,11400,2900,100
13985.0,13.77,21549300,294805839.0,13.77,13.76,13.75,13.74,13.73,13.72,13.71,13.7,13.69,13.68,13.78,13.79,13.8,13.81,13.82,13.83,13.84,13.85,13.86,13.87,10800,6500,43800,2300,18600,55600,146500,130200,16500,20700,24900,12500,36800,9000,25500,4600,4300,11400,2900,100
13986.0,13.77,21549600,294809970.0,13.77,13.76,13.75,13.74,13.73,13.72,13.71,13.7,13.69,13.68,13.78,13.79,13.8,13.81,13.82,13.83,13.84,13.85,13.86,13.87,10700,6500,43800,2300,18600,55600,146500,130200,16500,20700,24900,12500,36800,9000,25500,4600,4300,11400,2900,100
13987.0,13.77,21550300,294819609.0,13.77,13.76,13.75,13.74,13.73,13.72,13.71,13.7,13.69,13.68,13.78,13.79,13.8,13.81,13.82,13.83,13.84,13.85,13.86,13.87,10300,6500,43900,1000,18600,55600,146500,130200,16500,20700,24900,12500,36800,9000,25500,4600,4300,11400,2900,100
13988.0,13.78,21550500,294822365.0,13.77,13.76,13.75,13.74,13.73,13.72,13.71,13.7,13.69,13.68,13.78,13.79,13.8,13.81,13.82,13.83,13.84,13.85,13.86,13.87,13800,6500,43900,1000,18600,55600,146500,130200,13500,20700,24700,12500,36800,9000,25500,4600,4300,11400,2900,100
13989.0,13.77,21551900,294841643.0,13.77,13.76,13.75,13.74,13.73,13.72,13.71,13.7,13.69,13.68,13.78,13.79,13.8,13.81,13.82,13.83,13.84,13.85,13.86,13.87,33100,6500,43900,1000,18600,55600,147100,130200,13500,20700,24700,13500,36900,9000,25500,4600,4300,11400,2900,100
13990.0,13.77,21551900,294841643.0,13.77,13.76,13.75,13.74,13.73,13.72,13.71,13.7,13.69,13.68,13.78,13.79,13.8,13.81,13.82,13.83,13.84,13.85,13.86,13.87,33100,6500,43900,1000,18600,55600,147100,130200,13500,20700,25800,13500,36900,9000,25500,4600,4300,11400,2900,100
13991.0,13.77,21551900,294841643.0,13.77,13.76,13.75,13.74,13.73,13.72,13.71,13.7,13.69,13.68,13.78,13.79,13.8,13.81,13.82,13.83,13.84,13.85,13.86,13.87,33100,6500,43900,1000,18600,55600,147100,130200,13500,20700,25800,13600,36900,9000,25500,4600,4300,11400,2900,100
13992.0,13.77,21551900,294841643.0,13.77,13.76,13.75,13.74,13.73,13.72,13.71,13.7,13.69,13.68,13.78,13.79,13.8,13.81,13.82,13.83,13.84,13.85,13.86,13.87,33100,6500,43900,1000,18600,55600,147100,130300,13500,20700,25900,13600,36900,9000,25500,4600,4300,11400,2900,100
13993.0,13.78,21552100,294844399.0,13.77,13.76,13.75,13.74,13.73,13.72,13.71,13.7,13.69,13.68,13.78,13.79,13.8,13.81,13.82,13.83,13.84,13.85,13.86,13.87,33100,7200,43900,1000,18600,55600,147100,130300,13500,20700,25700,13600,36900,9000,25500,4600,4300,11400,2900,100
13994.0,13.78,21553800,294867818.0,13.77,13.76,13.75,13.74,13.73,13.72,13.71,13.7,13.69,13.68,13.78,13.79,13.8,13.81,13.82,13.83,13.84,13.85,13.86,13.87,33400,7200,43900,1000,18600,55600,147100,130300,13500,20700,24700,13600,36900,9000,25500,4600,4300,11400,2900,100
13995.0,13.77,21560800,294964208.0,13.77,13.76,13.75,13.74,13.73,13.72,13.71,13.7,13.69,13.68,13.78,13.79,13.8,13.81,13.82,13.83,13.84,13.85,13.86,13.87,26400,7200,43900,1000,18600,55600,147100,130300,13500,20700,24700,13600,36900,9000,25500,4600,4300,11400,2900,100
13996.0,13.78,21560900,294965586.0,13.77,13.76,13.75,13.74,13.73,13.72,13.71,13.7,13.69,13.68,13.78,13.79,13.8,13.81,13.82,13.83,13.84,13.85,13.86,13.87,26400,5700,43900,1000,18600,55600,147100,130300,13500,20700,24600,13600,36900,9000,25500,4600,4300,11400,2900,100
13997.0,13.78,21561700,294976603.0,13.77,13.76,13.75,13.74,13.73,13.72,13.71,13.7,13.69,13.68,13.78,13.79,13.8,13.81,13.82,13.83,13.84,13.85,13.86,13.87,25700,5700,43900,1600,18000,55600,147100,130300,13500,20700,24800,13600,36900,9000,25500,4600,4300,11400,2900,100
13998.0,13.78,21561800,294977981.0,13.77,13.76,13.75,13.74,13.73,13.72,13.71,13.7,13.69,13.68,13.78,13.79,13.8,13.81,13.82,13.83,13.84,13.85,13.86,13.87,25700,5700,43900,1600,18000,55600,146800,130300,13500,18700,24700,13600,37100,9000,25500,4600,4300,11400,2900,100
13999.0,13.78,21562800,294991761.0,13.77,13.76,13.75,13.74,13.73,13.72,13.71,13.7,13.69,13.68,13.78,13.79,13.8,13.81,13.82,13.83,13.84,13.85,13.86,13.87,25700,7700,43900,1600,18000,55600,146800,130300,13500,18700,24700,13600,32100,9000,25500,4600,4300,11400,2900,100
14000.0,13.78,21564900,295020692.0,13.77,13.76,13.75,13.74,13.73,13.72,13.71,13.7,13.69,13.68,13.78,13.79,13.8,13.81,13.82,13.83,13.84,13.85,13.86,13.87,25000,7700,43900,1600,18000,55600,146800,130300,13500,18700,23800,13600,32100,9000,25500,4600,4300,11400,2900,100
14001.0,13.78,21567100,295051001.0,13.77,13.76,13.75,13.74,13.73,13.72,13.71,13.7,13.69,13.68,13.78,13.79,13.8,13.81,13.82,13.83,13.84,13.85,13.86,13.87,24300,7700,43900,1600,18000,55600,146800,130300,13500,18700,23300,13600,32100,9000,25500,4600,4300,11400,2900,100
14002.0,13.77,21591400,295385612.0,13.76,13.75,13.74,13.73,13.72,13.71,13.7,13.69,13.68,13.67,13.77,13.78,13.79,13.8,13.81,13.82,13.83,13.84,13.85,13.86,7700,43900,1600,18000,55600,146800,130300,13500,18700,27700,5700,23300,13600,32100,9000,25500,4600,4300,11400,2900
14003.0,13.77,21592200,295396628.0,13.76,13.75,13.74,13.73,13.72,13.71,13.7,13.69,13.68,13.67,13.77,13.78,13.79,13.8,13.81,13.82,13.83,13.84,13.85,13.86,7700,43900,1600,18000,55600,146800,130300,13500,18700,27700,4900,23300,13600,32100,9000,25500,4600,4300,11400,2900
14004.0,13.77,21594300,295425545.0,13.76,13.75,13.74,13.73,13.72,13.71,13.7,13.69,13.68,13.67,13.77,13.78,13.79,13.8,13.81,13.82,13.83,13.84,13.85,13.86,7700,43900,1600,18000,55600,146800,130300,13500,18700,27700,2800,29600,13600,32100,9000,25500,4600,4300,11400,2900
14005.0,13.77,21594700,295431053.0,13.76,13.75,13.74,13.73,13.72,13.71,13.7,13.69,13.68,13.67,13.77,13.78,13.79,13.8,13.81,13.82,13.83,13.84,13.85,13.86,7700,43800,1600,18000,55600,144800,130300,13500,18700,27700,2400,49100,13600,32100,9000,25500,4600,4300,11400,2900
14006.0,13.77,21595000,295435184.0,13.76,13.75,13.74,13.73,13.72,13.71,13.7,13.69,13.68,13.67,13.77,13.78,13.79,13.8,13.81,13.82,13.83,13.84,13.85,13.86,8900,43300,1600,18000,55600,144800,130300,13500,18700,27700,2100,50800,13600,32100,9000,25500,4600,4300,11400,2900
14007.0,13.77,21595000,295435184.0,13.76,13.75,13.74,13.73,13.72,13.71,13.7,13.69,13.68,13.67,13.77,13.78,13.79,13.8,13.81,13.82,13.83,13.84,13.85,13.86,8900,43300,1600,18000,55600,144800,130300,13500,18700,27700,2100,50800,13600,32100,9000,25500,4600,4300,11400,2900
14008.0,13.77,21595800,295446200.0,13.76,13.75,13.74,13.73,13.72,13.71,13.7,13.69,13.68,13.67,13.77,13.78,13.79,13.8,13.81,13.82,13.83,13.84,13.85,13.86,8900,40300,1600,18000,55600,144800,130300,13500,18500,27700,1300,50800,13600,32100,9000,25500,4600,4300,11400,2900
14009.0,13.77,21599100,295491627.0,13.77,13.76,13.75,13.74,13.73,13.72,13.71,13.7,13.69,13.68,13.78,13.79,13.8,13.81,13.82,13.83,13.84,13.85,13.86,13.87,100,7500,40300,1600,18000,55600,144800,130300,13500,18500,50800,13500,32100,9000,25500,4600,4300,11400,2900,100
14010.0,13.78,21601000,295517809.0,13.77,13.76,13.75,13.74,13.73,13.72,13.71,13.7,13.69,13.68,13.78,13.79,13.8,13.81,13.82,13.83,13.84,13.85,13.86,13.87,100,7500,40300,1600,18000,55600,144800,130300,13500,18500,48900,13500,32100,9000,25500,4600,4300,11400,2900,100
14011.0,13.77,21603200,295548117.0,13.77,13.76,13.75,13.74,13.73,13.72,13.71,13.7,13.69,13.68,13.78,13.79,13.8,13.81,13.82,13.83,13.84,13.85,13.86,13.87,700,7500,47000,1600,18000,55600,144800,130300,13500,18500,47500,13500,32100,9000,25500,4600,4300,11400,2900,100
14012.0,13.78,21604600,295567404.0,13.77,13.76,13.75,13.74,13.73,13.72,13.71,13.7,13.69,13.68,13.78,13.79,13.8,13.81,13.82,13.83,13.84,13.85,13.86,13.87,300,7500,47000,1600,18000,55600,144800,130300,13500,18500,53400,13500,32100,9000,25500,4600,4300,11400,2900,100
14013.0,13.78,21604600,295567404.0,13.77,13.76,13.75,13.74,13.73,13.72,13.71,13.7,13.69,13.68,13.78,13.79,13.8,13.81,13.82,13.83,13.84,13.85,13.86,13.87,2700,7500,47000,1600,18500,55600,144800,130300,13500,18500,53400,13500,32100,9000,25500,4600,4300,11400,2900,100
14014.0,13.78,21604700,295568782.0,13.77,13.76,13.75,13.74,13.73,13.72,13.71,13.7,13.69,13.68,13.78,13.79,13.8,13.81,13.82,13.83,13.84,13.85,13.86,13.87,2700,8000,47000,1600,18500,55600,144800,130300,13500,18500,53500,13500,32100,9000,25500,4600,4300,11400,2900,100
14015.0,13.77,21604900,295571536.0,13.77,13.76,13.75,13.74,13.73,13.72,13.71,13.7,13.69,13.68,13.78,13.79,13.8,13.81,13.82,13.83,13.84,13.85,13.86,13.87,7500,8000,47000,1600,18500,55600,144800,130300,13500,18500,53500,13900,32100,9000,25500,4600,4300,11400,2900,100
14016.0,13.78,21608400,295619759.0,13.77,13.76,13.75,13.74,13.73,13.72,13.71,13.7,13.69,13.68,13.78,13.79,13.8,13.81,13.82,13.83,13.84,13.85,13.86,13.87,6800,8000,47000,1600,18500,55600,144800,130300,13500,18500,50700,13900,32100,9000,25500,4600,4300,11400,2900,100
14017.0,13.78,21608400,295619759.0,13.77,13.76,13.75,13.74,13.73,13.72,13.71,13.7,13.69,13.68,13.78,13.79,13.8,13.81,13.82,13.83,13.84,13.85,13.86,13.87,6800,8000,47000,1600,18500,55600,144800,130300,13500,18500,50700,13900,32100,9000,25500,4600,4300,11400,2900,100
14018.0,13.78,21610400,295647318.0,13.77,13.76,13.75,13.74,13.73,13.72,13.71,13.7,13.69,13.68,13.78,13.79,13.8,13.81,13.82,13.83,13.84,13.85,13.86,13.87,7200,8000,47000,1600,18500,55600,144800,130300,13500,18500,48800,13900,32100,9000,25500,4600,4300,11400,2900,100
14019.0,13.78,21613400,295688658.0,13.77,13.76,13.75,13.74,13.73,13.72,13.71,13.7,13.69,13.68,13.78,13.79,13.8,13.81,13.82,13.83,13.84,13.85,13.86,13.87,7200,8000,47000,1600,18500,55600,144800,130300,13500,18500,45800,13900,32100,9000,25500,4600,4300,11400,2900,100
14020.0,13.77,21614700,295706568.0,13.77,13.76,13.75,13.74,13.73,13.72,13.71,13.7,13.69,13.68,13.78,13.79,13.8,13.81,13.82,13.83,13.84,13.85,13.86,13.87,12300,8000,47000,1600,18500,55600,144800,130600,13500,18500,44900,13900,32100,9000,25500,4600,4300,11400,2900,100
14021.0,13.77,21614700,295706568.0,13.77,13.76,13.75,13.74,13.73,13.72,13.71,13.7,13.69,13.68,13.78,13.79,13.8,13.81,13.82,13.83,13.84,13.85,13.86,13.87,12300,8000,47000,1600,18500,55600,144800,130600,13500,18500,44900,13900,32100,9000,25500,4600,4300,11400,2900,100
14022.0,13.77,21614700,295706568.0,13.77,13.76,13.75,13.74,13.73,13.72,13.71,13.7,13.69,13.68,13.78,13.79,13.8,13.81,13.82,13.83,13.84,13.85,13.86,13.87,12300,8000,47000,1600,18500,55600,144800,130600,13500,18500,44900,13900,32100,9000,25500,4600,4300,11400,2900,100
14023.0,13.77,21615900,295723092.0,13.77,13.76,13.75,13.74,13.73,13.72,13.71,13.7,13.69,13.68,13.78,13.79,13.8,13.81,13.82,13.83,13.84,13.85,13.86,13.87,11100,8000,47000,1600,18500,55600,144800,130600,13500,18500,44900,13900,32100,9000,25500,4600,4300,11400,2900,100
14024.0,13.77,21615900,295723092.0,13.77,13.76,13.75,13.74,13.73,13.72,13.71,13.7,13.69,13.68,13.78,13.79,13.8,13.81,13.82,13.83,13.84,13.85,13.86,13.87,11400,8000,47000,1600,18500,55600,144800,130600,13500,18500,44900,13900,32100,9000,25500,4600,4300,11400,2900,100
14025.0,13.77,21615900,295723092.0,13.77,13.76,13.75,13.74,13.73,13.72,13.71,13.7,13.69,13.68,13.78,13.79,13.8,13.81,13.82,13.83,13.84,13.85,13.86,13.87,11400,8000,47000,1600,18500,55600,144800,130600,13500,18500,45000,13900,32100,9000,25500,4600,4300,11400,2900,100
14026.0,13.77,21615900,295723092.0,13.77,13.76,13.75,13.74,13.73,13.72,13.71,13.7,13.69,13.68,13.78,13.79,13.8,13.81,13.82,13.83,13.84,13.85,13.86,13.87,11700,8000,47000,1600,18500,55600,144800,128500,13500,18500,45700,13900,32400,9000,25500,4600,4300,11400,2900,100
14027.0,13.77,21615900,295723092.0,13.77,13.76,13.75,13.74,13.73,13.72,13.71,13.7,13.69,13.68,13.78,13.79,13.8,13.81,13.82,13.83,13.84,13.85,13.86,13.87,12000,8000,47000,1600,18500,55600,144800,128500,13500,18500,50400,13900,32400,9000,25500,4600,4300,11400,2900,100
14028.0,13.77,21615900,295723092.0,13.77,13.76,13.75,13.74,13.73,13.72,13.71,13.7,13.69,13.68,13.78,13.79,13.8,13.81,13.82,13.83,13.84,13.85,13.86,13.87,12000,8000,47100,1600,18500,55600,144800,128500,13500,18500,50600,13900,32400,9000,25500,4600,4300,11400,2900,100
14029.0,13.77,21616600,295732731.0,13.77,13.76,13.75,13.74,13.73,13.72,13.71,13.7,13.69,13.68,13.78,13.79,13.8,13.81,13.82,13.83,13.84,13.85,13.86,13.87,12300,8000,47100,1600,18500,55100,144800,128500,13500,18500,50600,13900,32400,9000,25500,4600,4300,11400,2900,100
14030.0,13.78,21618800,295763040.0,13.77,13.76,13.75,13.74,13.73,13.72,13.71,13.7,13.69,13.68,13.78,13.79,13.8,13.81,13.82,13.83,13.84,13.85,13.86,13.87,14100,8000,47100,1600,18500,55100,144800,128500,13500,18500,50000,13900,32400,9000,25500,4600,4300,11400,2900,100
14031.0,13.78,21618900,295764418.0,13.77,13.76,13.75,13.74,13.73,13.72,13.71,13.7,13.69,13.68,13.78,13.79,13.8,13.81,13.82,13.83,13.84,13.85,13.86,13.87,17100,8100,47100,1600,18500,55100,144800,127500,13500,18500,49900,13900,32400,9000,25500,4600,4300,11400,2900,100
14032.0,13.77,21619000,295765795.0,13.77,13.76,13.75,13.74,13.73,13.72,13.71,13.7,13.69,13.68,13.78,13.79,13.8,13.81,13.82,13.83,13.84,13.85,13.86,13.87,22000,8100,47100,1600,18500,55100,144800,127500,13500,18500,49900,13900,32400,9000,25500,4600,4300,11400,2900,100
14033.0,13.77,21620700,295789205.0,13.77,13.76,13.75,13.74,13.73,13.72,13.71,13.7,13.69,13.68,13.78,13.79,13.8,13.81,13.82,13.83,13.84,13.85,13.86,13.87,20400,8100,47100,1600,18500,55100,144800,127500,13500,18500,49800,13900,32400,9000,25500,4600,4300,11400,2900,100
14034.0,13.78,21622200,295809875.0,13.77,13.76,13.75,13.74,13.73,13.72,13.71,13.7,13.69,13.68,13.78,13.79,13.8,13.81,13.82,13.83,13.84,13.85,13.86,13.87,21100,19700,47100,1600,18500,55100,144800,127500,13500,18500,47500,13900,32400,9000,25500,4600,4300,11400,2900,100
14035.0,13.78,21622200,295809875.0,13.77,13.76,13.75,13.74,13.73,13.72,13.71,13.7,13.69,13.68,13.78,13.79,13.8,13.81,13.82,13.83,13.84,13.85,13.86,13.87,21100,19700,47100,1600,18500,55100,144800,127500,13500,18500,47800,13900,32400,9000,25500,4600,4300,11400,2900,100
14036.0,13.78,21622200,295809875.0,13.77,13.76,13.75,13.74,13.73,13.72,13.71,13.7,13.69,13.68,13.78,13.79,13.8,13.81,13.82,13.83,13.84,13.85,13.86,13.87,21600,19700,47100,1600,18500,55100,144800,127500,13500,18500,47800,13900,32400,9000,25500,4600,4300,11400,2900,100
14037.0,13.77,21622900,295819514.0,13.77,13.76,13.75,13.74,13.73,13.72,13.71,13.7,13.69,13.68,13.78,13.79,13.8,13.81,13.82,13.83,13.84,13.85,13.86,13.87,21900,19700,47100,1600,18500,55100,144800,127500,13500,18500,49600,13900,32400,9000,25500,4600,4300,11400,2900,100
14038.0,13.77,21622900,295819514.0,13.77,13.76,13.75,13.74,13.73,13.72,13.71,13.7,13.69,13.68,13.78,13.79,13.8,13.81,13.82,13.83,13.84,13.85,13.86,13.87,22500,19700,47100,1600,18300,55100,144800,127500,13500,18500,49900,13900,32400,9000,25500,4600,4300,11400,2900,100
14039.0,13.78,21623900,295833289.0,13.77,13.76,13.75,13.74,13.73,13.72,13.71,13.7,13.69,13.68,13.78,13.79,13.8,13.81,13.82,13.83,13.84,13.85,13.86,13.87,22000,24600,47100,1600,18300,55100,144800,127500,13500,18500,49400,13900,32400,9000,25500,4600,4300,11400,2900,100
14040.0,13.77,21624600,295842928.0,13.77,13.76,13.75,13.74,13.73,13.72,13.71,13.7,13.69,13.68,13.78,13.79,13.8,13.81,13.82,13.83,13.84,13.85,13.86,13.87,21900,24600,47000,1600,18300,55100,144800,127500,13500,18500,49400,13900,32400,9000,25500,4600,4300,11400,2900,100
14041.0,13.78,21624900,295847062.0,13.77,13.76,13.75,13.74,13.73,13.72,13.71,13.7,13.69,13.68,13.78,13.79,13.8,13.81,13.82,13.83,13.84,13.85,13.86,13.87,22400,24600,47000,1600,18300,55100,144800,127500,13500,18500,49100,13900,32400,9000,25500,4600,4300,11400,2900,100
14042.0,13.78,21624900,295847062.0,13.77,13.76,13.75,13.74,13.73,13.72,13.71,13.7,13.69,13.68,13.78,13.79,13.8,13.81,13.82,13.83,13.84,13.85,13.86,13.87,22400,24600,47000,1600,18300,55100,144800,127500,13500,18500,49100,13900,32400,9000,25500,4600,4300,11400,2900,100
14043.0,13.77,21625600,295856701.0,13.77,13.76,13.75,13.74,13.73,13.72,13.71,13.7,13.69,13.68,13.78,13.79,13.8,13.81,13.82,13.83,13.84,13.85,13.86,13.87,21700,24600,47000,1600,18300,55100,144800,127500,13500,18500,49300,13900,32400,9000,25500,4600,4300,11400,2900,100
14044.0,13.78,21626700,295871852.0,13.77,13.76,13.75,13.74,13.73,13.72,13.71,13.7,13.69,13.68,13.78,13.79,13.8,13.81,13.82,13.83,13.84,13.85,13.86,13.87,21000,25000,47000,1600,18300,55100,144800,127500,13500,18500,49600,13900,32400,9000,25500,4600,4300,11400,2900,100
14045.0,13.78,21628800,295900790.0,13.77,13.76,13.75,13.74,13.73,13.72,13.71,13.7,13.69,13.68,13.78,13.79,13.8,13.81,13.82,13.83,13.84,13.85,13.86,13.87,21000,25000,47000,1600,18300,55100,144800,127500,13500,18500,47500,13900,32400,9000,25500,4600,4300,11400,2900,100
14046.0,13.77,21629500,295910429.0,13.77,13.76,13.75,13.74,13.73,13.72,13.71,13.7,13.69,13.68,13.78,13.79,13.8,13.81,13.82,13.83,13.84,13.85,13.86,13.87,26700,25000,47000,1600,18800,55100,144800,127500,13500,18500,48500,13900,32400,9000,25500,4600,4300,11400,2900,100
14047.0,13.78,21630400,295922831.0,13.77,13.76,13.75,13.74,13.73,13.72,13.71,13.7,13.69,13.68,13.78,13.79,13.8,13.81,13.82,13.83,13.84,13.85,13.86,13.87,26700,25000,47000,1600,18800,55100,144800,127500,13500,18500,47600,13900,33400,9000,25500,4600,4300,11400,2900,100
14048.0,13.78,21633900,295971061.0,13.77,13.76,13.75,13.74,13.73,13.72,13.71,13.7,13.69,13.68,13.78,13.79,13.8,13.81,13.82,13.83,13.84,13.85,13.86,13.87,26700,26000,47000,1600,18800,55100,144800,127500,10300,18500,44100,13900,33400,9000,25500,4600,4300,11400,2900,100
14049.0,13.78,21638300,296031686.0,13.77,13.76,13.75,13.74,13.73,13.72,13.71,13.7,13.69,13.68,13.78,13.79,13.8,13.81,13.82,13.83,13.84,13.85,13.86,13.87,26000,26000,47000,1600,18800,55100,144800,127500,10300,18500,40400,13900,33400,9000,25500,4600,4300,11400,2900,100
14050.0,13.78,21638300,296031686.0,13.77,13.76,13.75,13.74,13.73,13.72,13.71,13.7,13.69,13.68,13.78,13.79,13.8,13.81,13.82,13.83,13.84,13.85,13.86,13.87,26000,26000,47000,1600,18800,55100,144800,127500,10300,18500,40400,13900,33400,9000,25500,4600,4300,11400,2900,100
14051.0,13.77,21639000,296041325.0,13.77,13.76,13.75,13.74,13.73,13.72,13.71,13.7,13.69,13.68,13.78,13.79,13.8,13.81,13.82,13.83,13.84,13.85,13.86,13.87,25800,30000,47000,1600,18800,55100,144800,127500,10300,18500,40400,13900,33400,9000,25500,4600,4300,11400,2900,100
14052.0,13.77,21640200,296057851.0,13.77,13.76,13.75,13.74,13.73,13.72,13.71,13.7,13.69,13.68,13.78,13.79,13.8,13.81,13.82,13.83,13.84,13.85,13.86,13.87,24800,30000,46500,1600,18800,55100,144800,127500,10300,18500,40100,13900,33400,9000,25500,4600,4300,11400,2900,100
14053.0,13.77,21641000,296068867.0,13.77,13.76,13.75,13.74,13.73,13.72,13.71,13.7,13.69,13.68,13.78,13.79,13.8,13.81,13.82,13.83,13.84,13.85,13.86,13.87,24000,30000,46500,1600,18800,55100,144800,127500,9600,18500,39800,13900,33200,9000,25500,4600,4300,11400,2900,100
14054.0,13.77,21641000,296068867.0,13.77,13.76,13.75,13.74,13.73,13.72,13.71,13.7,13.69,13.68,13.78,13.79,13.8,13.81,13.82,13.83,13.84,13.85,13.86,13.87,24100,30000,46500,1600,18800,55100,144800,127500,9600,18500,39800,13900,33200,9000,25500,4600,4300,11400,2900,100
14055.0,13.77,21641700,296078506.0,13.77,13.76,13.75,13.74,13.73,13.72,13.71,13.7,13.69,13.68,13.78,13.79,13.8,13.81,13.82,13.83,13.84,13.85,13.86,13.87,23400,30000,46500,1600,18800,55100,144800,127500,9600,18500,39800,13900,33200,9000,25500,4600,4300,11400,2900,100
14056.0,13.78,21644000,296110186.0,13.77,13.76,13.75,13.74,13.73,13.72,13.71,13.7,13.69,13.68,13.78,13.79,13.8,13.81,13.82,13.83,13.84,13.85,13.86,13.87,22000,30000,46500,1600,18800,55100,144800,127500,9600,18500,41700,13900,33200,9000,25500,4600,4300,11400,2900,100
14057.0,13.77,21644900,296122579.0,13.77,13.76,13.75,13.74,13.73,13.72,13.71,13.7,13.69,13.68,13.78,13.79,13.8,13.81,13.82,13.83,13.84,13.85,13.86,13.87,21100,30000,46500,1600,18700,55100,144800,127200,9600,17100,41700,13900,33200,9000,25500,4600,4300,11400,2900,100
14058.0,13.78,21647000,296151503.0,13.77,13.76,13.75,13.74,13.73,13.72,13.71,13.7,13.69,13.68,13.78,13.79,13.8,13.81,13.82,13.83,13.84,13.85,13.86,13.87,19800,30000,46500,1600,18700,55100,144800,127200,9600,17100,41900,13900,33200,9000,25500,4600,4300,11400,2900,100
14059.0,13.77,21648500,296172158.0,13.77,13.76,13.75,13.74,13.73,13.72,13.71,13.7,13.69,13.68,13.78,13.79,13.8,13.81,13.82,13.83,13.84,13.85,13.86,13.87,21300,30000,46500,1600,17300,55100,144800,128600,9600,17100,41900,13900,33200,9000,25500,4600,4300,11400,2900,100
14060.0,13.77,21648500,296172158.0,13.77,13.76,13.75,13.74,13.73,13.72,13.71,13.7,13.69,13.68,13.78,13.79,13.8,13.81,13.82,13.83,13.84,13.85,13.86,13.87,21300,30000,46500,1600,17300,55100,144800,128600,9600,17100,41900,13900,33200,9000,25500,4600,4300,11400,2900,100
14061.0,13.77,21649200,296181797.0,13.77,13.76,13.75,13.74,13.73,13.72,13.71,13.7,13.69,13.68,13.78,13.79,13.8,13.81,13.82,13.83,13.84,13.85,13.86,13.87,20600,29300,46500,1600,17300,55100,144800,128600,9600,17100,41900,13900,33200,9000,25500,4600,4300,11400,2900,100
14062.0,13.78,21650300,296196955.0,13.77,13.76,13.75,13.74,13.73,13.72,13.71,13.7,13.69,13.68,13.78,13.79,13.8,13.81,13.82,13.83,13.84,13.85,13.86,13.87,20600,29300,46500,1600,17300,55100,144800,128600,9600,17100,40800,13900,33200,9000,25500,4600,4300,11400,2900,100
14063.0,13.78,21659200,296319570.0,13.77,13.76,13.75,13.74,13.73,13.72,13.71,13.7,13.69,13.68,13.78,13.79,13.8,13.81,13.82,13.83,13.84,13.85,13.86,13.87,17900,29300,46500,1600,17300,55100,144800,128600,9600,17100,36700,13900,33200,9000,25500,4600,4300,11400,2900,100
14064.0,13.77,21659900,296329209.0,13.77,13.76,13.75,13.74,13.73,13.72,13.71,13.7,13.69,13.68,13.78,13.79,13.8,13.81,13.82,13.83,13.84,13.85,13.86,13.87,21300,29300,46500,1600,17300,55100,144800,128600,9600,17100,36700,13900,33200,9000,25500,4600,4300,11400,2900,100
14065.0,13.78,21661600,296352628.0,13.77,13.76,13.75,13.74,13.73,13.72,13.71,13.7,13.69,13.68,13.78,13.79,13.8,13.81,13.82,13.83,13.84,13.85,13.86,13.87,21600,29300,46500,1600,17300,55100,144800,128600,9600,17100,35700,13900,33200,9000,25500,4600,4300,11400,2900,100
14066.0,13.78,21661800,296355384.0,13.77,13.76,13.75,13.74,13.73,13.72,13.71,13.7,13.69,13.68,13.78,13.79,13.8,13.81,13.82,13.83,13.84,13.85,13.86,13.87,22800,29300,46500,1600,17300,55100,144800,128600,9600,17100,35500,13900,33200,9000,25500,4600,4300,11400,2900,100
14067.0,13.78,21664000,296385679.0,13.77,13.76,13.75,13.74,13.73,13.72,13.71,13.7,13.69,13.68,13.78,13.79,13.8,13.81,13.82,13.83,13.84,13.85,13.86,13.87,23100,25300,46500,1600,17300,55100,144800,128600,9600,17100,35400,13900,33500,9000,25500,4600,4300,11400,2900,100
14068.0,13.78,21666300,296417372.0,13.77,13.76,13.75,13.74,13.73,13.72,13.71,13.7,13.69,13.68,13.78,13.79,13.8,13.81,13.82,13.83,13.84,13.85,13.86,13.87,23500,25300,46500,1600,17300,55100,144800,128600,9600,17100,33200,13900,33500,9000,25500,4600,4300,11400,2900,100
14069.0,13.78,21666300,296417372.0,13.77,13.76,13.75,13.74,13.73,13.72,13.71,13.7,13.69,13.68,13.78,13.79,13.8,13.81,13.82,13.83,13.84,13.85,13.86,13.87,23500,25500,46500,1600,17300,55100,144800,128600,9600,17100,33200,13900,33500,9000,25500,4600,4300,11400,2900,100
14070.0,13.77,21667000,296427011.0,13.77,13.76,13.75,13.74,13.73,13.72,13.71,13.7,13.69,13.68,13.78,13.79,13.8,13.81,13.82,13.83,13.84,13.85,13.86,13.87,22800,25500,46500,1600,17300,55100,144800,128600,9600,17100,35200,13900,33500,9000,25500,4600,4300,11400,2900,100
14071.0,13.77,21667000,296427011.0,13.77,13.76,13.75,13.74,13.73,13.72,13.71,13.7,13.69,13.68,13.78,13.79,13.8,13.81,13.82,13.83,13.84,13.85,13.86,13.87,22800,25500,46500,1600,17300,55100,144800,128600,9600,17100,35200,13900,33500,9000,25500,4600,4300,11400,2900,100
14072.0,13.78,21669300,296458691.0,13.77,13.76,13.75,13.74,13.73,13.72,13.71,13.7,13.69,13.68,13.78,13.79,13.8,13.81,13.82,13.83,13.84,13.85,13.86,13.87,21400,25500,46500,1600,17300,55100,144800,128600,9600,17100,34300,13900,33500,9000,25500,4600,4300,11400,2900,100
14073.0,13.77,21669400,296460068.0,13.77,13.76,13.75,13.74,13.73,13.72,13.71,13.7,13.69,13.68,13.78,13.79,13.8,13.81,13.82,13.83,13.84,13.85,13.86,13.87,21300,25500,46500,1600,17300,55100,144800,128600,9600,17100,34500,13900,33500,9000,25500,4600,4300,11400,2900,100
14074.0,13.78,21669700,296464202.0,13.77,13.76,13.75,13.74,13.73,13.72,13.71,13.7,13.69,13.68,13.78,13.79,13.8,13.81,13.82,13.83,13.84,13.85,13.86,13.87,21300,25500,46500,1600,17300,55100,144800,128600,9600,17100,34200,13900,33900,9000,25500,4600,4300,11400,2900,100
14075.0,13.78,21669700,296464202.0,13.77,13.76,13.75,13.74,13.73,13.72,13.71,13.7,13.69,13.68,13.78,13.79,13.8,13.81,13.82,13.83,13.84,13.85,13.86,13.87,21600,25500,46500,1600,17300,55100,144800,128600,9600,17100,35900,13900,33900,9000,25500,2100,4300,11400,2900,100
14076.0,13.77,21670400,296473841.0,13.77,13.76,13.75,13.74,13.73,13.72,13.71,13.7,13.69,13.68,13.78,13.79,13.8,13.81,13.82,13.83,13.84,13.85,13.86,13.87,21400,25500,46500,1600,17300,55100,144800,127600,9600,17100,43700,13900,33900,9000,25500,2100,4300,11400,2900,100
14077.0,13.78,21670600,296476597.0,13.77,13.76,13.75,13.74,13.73,13.72,13.71,13.7,13.69,13.68,13.78,13.79,13.8,13.81,13.82,13.83,13.84,13.85,13.86,13.87,21400,25500,46500,1600,17300,55100,144800,127600,9600,17100,43500,13900,33900,9000,25500,2100,4300,11400,2900,100
14078.0,13.77,21672000,296495875.0,13.77,13.76,13.75,13.74,13.73,13.72,13.71,13.7,13.69,13.68,13.78,13.79,13.8,13.81,13.82,13.83,13.84,13.85,13.86,13.87,20000,25500,46500,1600,17300,55100,144800,127600,9600,17100,43800,13900,33900,9000,24500,2100,4300,11400,2900,100
14079.0,13.78,21682200,296636424.0,13.77,13.76,13.75,13.74,13.73,13.72,13.71,13.7,13.69,13.68,13.78,13.79,13.8,13.81,13.82,13.83,13.84,13.85,13.86,13.87,19400,25500,49500,1600,17300,55100,144800,127600,9600,17100,34300,13900,33900,9000,24500,2100,4300,11400,2900,100
14080.0,13.77,21687600,296710823.0,13.77,13.76,13.75,13.74,13.73,13.72,13.71,13.7,13.69,13.68,13.78,13.79,13.8,13.81,13.82,13.83,13.84,13.85,13.86,13.87,27100,25500,49500,1600,17300,55100,144800,127600,9600,17100,33600,13900,33900,9000,24500,2100,4300,11400,2900,100
14081.0,13.78,21688600,296724603.0,13.77,13.76,13.75,13.74,13.73,13.72,13.71,13.7,13.69,13.68,13.78,13.79,13.8,13.81,13.82,13.83,13.84,13.85,13.86,13.87,27100,25500,49500,1600,17300,55100,144800,127600,9600,17100,32600,13900,33900,9000,24500,2100,4300,11400,2900,100
14082.0,13.78,21691100,296759046.0,13.77,13.76,13.75,13.74,13.73,13.72,13.71,13.7,13.69,13.68,13.78,13.79,13.8,13.81,13.82,13.83,13.84,13.85,13.86,13.87,26400,25500,49500,1600,17300,55100,144800,127600,9600,17100,31300,13900,33900,9000,24500,2100,4300,11400,2900,100
14083.0,13.77,21694200,296801733.0,13.77,13.76,13.75,13.74,13.73,13.72,13.71,13.7,13.69,13.68,13.78,13.79,13.8,13.81,13.82,13.83,13.84,13.85,13.86,13.87,23200,25500,49500,1600,17300,55100,144800,127600,9600,17100,31400,13900,33900,9000,24500,2100,4300,11400,2900,100
14084.0,13.78,21696200,296829293.0,13.77,13.76,13.75,13.74,13.73,13.72,13.71,13.7,13.69,13.68,13.78,13.79,13.8,13.81,13.82,13.83,13.84,13.85,13.86,13.87,23200,25500,49500,1600,17300,52800,144800,127600,9600,17100,31000,13900,33900,9000,24500,2100,4300,11400,2900,100
14085.0,13.78,21702000,296909160.0,13.77,13.76,13.75,13.74,13.73,13.72,13.71,13.7,13.69,13.68,13.78,13.79,13.8,13.81,13.82,13.83,13.84,13.85,13.86,13.87,17500,25500,49500,1600,17300,52800,144800,127600,9600,17100,30900,14200,33900,9000,24500,2100,4300,11400,2900,100
14086.0,13.77,21702300,296913291.0,13.77,13.76,13.75,13.74,13.73,13.72,13.71,13.7,13.69,13.68,13.78,13.79,13.8,13.81,13.82,13.83,13.84,13.85,13.86,13.87,17200,26500,49500,1600,17300,52800,144800,127600,9600,17100,30900,14200,33900,9000,24500,2100,4300,11400,2900,100
14087.0,13.77,21703000,296922930.0,13.77,13.76,13.75,13.74,13.73,13.72,13.71,13.7,13.69,13.68,13.78,13.79,13.8,13.81,13.82,13.83,13.84,13.85,13.86,13.87,16500,26500,49500,1600,17300,52800,144800,127600,9600,17100,30900,14500,33900,9000,24500,2100,4300,11400,2900,100
14088.0,13.78,21704200,296939459.0,13.77,13.76,13.75,13.74,13.73,13.72,13.71,13.7,13.69,13.68,13.78,13.79,13.8,13.81,13.82,13.83,13.84,13.85,13.86,13.87,18800,26500,49500,1600,17300,52800,144800,127600,9600,17100,30400,14500,33900,9000,24500,2100,4300,11400,2900,100
14089.0,13.77,21707800,296989040.0,13.77,13.76,13.75,13.74,13.73,13.72,13.71,13.7,13.69,13.68,13.78,13.79,13.8,13.81,13.82,13.83,13.84,13.85,13.86,13.87,16100,26500,49500,1600,17300,52800,144800,127600,9600,17100,29500,14500,33900,9000,24500,2100,4300,11400,2900,100
14090.0,13.77,21707800,296989040.0,13.77,13.76,13.75,13.74,13.73,13.72,13.71,13.7,13.69,13.68,13.78,13.79,13.8,13.81,13.82,13.83,13.84,13.85,13.86,13.87,17200,26500,49500,1600,17300,52800,144800,127400,9600,17100,29500,14500,33900,9000,24500,2100,4300,11400,2900,100
14091.0,13.77,21708500,296998679.0,13.77,13.76,13.75,13.74,13.73,13.72,13.71,13.7,13.69,13.68,13.78,13.79,13.8,13.81,13.82,13.83,13.84,13.85,13.86,13.87,16500,26500,49500,1600,17300,52800,144800,127400,9600,17100,29500,14500,33900,9000,24500,2100,4300,11400,2900,100
14092.0,13.77,21708600,297000056.0,13.77,13.76,13.75,13.74,13.73,13.72,13.71,13.7,13.69,13.68,13.78,13.79,13.8,13.81,13.82,13.83,13.84,13.85,13.86,13.87,16400,26500,49500,1600,17300,52800,144800,127400,9600,17100,29500,14500,33900,9000,24500,2100,4300,11400,2900,100
14093.0,13.77,21713900,297073037.0,13.77,13.76,13.75,13.74,13.73,13.72,13.71,13.7,13.69,13.68,13.78,13.79,13.8,13.81,13.82,13.83,13.84,13.85,13.86,13.87,11100,26500,52200,1600,17300,52800,144800,127400,9600,17100,29600,14500,33900,9000,24500,2100,4300,11400,2900,100
14094.0,13.77,21715300,297092315.0,13.77,13.76,13.75,13.74,13.73,13.72,13.71,13.7,13.69,13.68,13.78,13.79,13.8,13.81,13.82,13.83,13.84,13.85,13.86,13.87,9700,26500,52200,1600,17300,52800,144800,127400,9600,17100,29600,14500,33900,9000,24500,2100,4300,11400,2900,100
14095.0,13.78,21719900,297155703.0,13.77,13.76,13.75,13.74,13.73,13.72,13.71,13.7,13.69,13.68,13.78,13.79,13.8,13.81,13.82,13.83,13.84,13.85,13.86,13.87,9700,26500,52200,1600,17300,52800,144800,127400,9600,17100,25000,14500,33900,9000,24500,2100,4300,11400,2900,100
14096.0,13.78,21721300,297174995.0,13.77,13.76,13.75,13.74,13.73,13.72,13.71,13.7,13.69,13.68,13.78,13.79,13.8,13.81,13.82,13.83,13.84,13.85,13.86,13.87,10200,26500,52200,1600,17300,52800,144800,127400,9600,17100,23600,14500,33900,9000,24500,2100,4300,11400,2900,100
14097.0,13.78,21723300,297202547.0,13.77,13.76,13.75,13.74,13.73,13.72,13.71,13.7,13.69,13.68,13.78,13.79,13.8,13.81,13.82,13.83,13.84,13.85,13.86,13.87,9400,26500,52200,1600,17300,52800,144800,127400,9600,17100,22400,14500,33900,9000,24500,2100,4300,11400,2900,100
14098.0,13.78,21723300,297202547.0,13.77,13.76,13.75,13.74,13.73,13.72,13.71,13.7,13.69,13.68,13.78,13.79,13.8,13.81,13.82,13.83,13.84,13.85,13.86,13.87,9400,26500,52200,1600,17300,52800,144800,127400,9600,17100,23500,14500,33600,9000,24500,2100,4300,11400,2900,100
14099.0,13.78,21723300,297202547.0,13.77,13.76,13.75,13.74,13.73,13.72,13.71,13.7,13.69,13.68,13.78,13.79,13.8,13.81,13.82,13.83,13.84,13.85,13.86,13.87,9400,26500,52200,1600,17300,52800,144800,127400,9600,17100,23600,14500,33600,9000,24500,2100,4300,11400,2900,100
14100.0,13.78,21725500,297232849.0,13.77,13.76,13.75,13.74,13.73,13.72,13.71,13.7,13.69,13.68,13.78,13.79,13.8,13.81,13.82,13.83,13.84,13.85,13.86,13.87,8000,26500,52200,1600,17300,52800,144800,127400,9600,17100,24000,14500,33600,9000,24500,2100,4300,11400,2900,100
14101.0,13.77,21726900,297252127.0,13.77,13.76,13.75,13.74,13.73,13.72,13.71,13.7,13.69,13.68,13.78,13.79,13.8,13.81,13.82,13.83,13.84,13.85,13.86,13.87,6600,26500,52200,1600,17300,52800,144800,127400,9600,17100,24000,14500,33600,9000,24500,2100,4300,15500,2900,100
14102.0,13.78,21729600,297289333.0,13.77,13.76,13.75,13.74,13.73,13.72,13.71,13.7,13.69,13.68,13.78,13.79,13.8,13.81,13.82,13.83,13.84,13.85,13.86,13.87,6600,26500,52200,1600,17300,52800,144800,127400,9600,17100,21500,14500,33600,9000,24500,2100,4300,15500,2900,100
14103.0,13.78,21732800,297333429.0,13.77,13.76,13.75,13.74,13.73,13.72,13.71,13.7,13.69,13.68,13.78,13.79,13.8,13.81,13.82,13.83,13.84,13.85,13.86,13.87,9600,25500,52200,1000,17300,52800,144800,127400,9600,17100,18300,14500,33600,9000,24500,2100,4300,15500,2900,100
14104.0,13.77,21735300,297367854.0,13.77,13.76,13.75,13.74,13.73,13.72,13.71,13.7,13.69,13.68,13.78,13.79,13.8,13.81,13.82,13.83,13.84,13.85,13.86,13.87,7100,25500,41500,1000,17300,52800,144800,127400,9600,17100,18300,13800,33600,9000,24500,2100,4300,15500,2900,100
14105.0,13.77,21735300,297367854.0,13.77,13.76,13.75,13.74,13.73,13.72,13.71,13.7,13.69,13.68,13.78,13.79,13.8,13.81,13.82,13.83,13.84,13.85,13.86,13.87,7100,25500,41500,1000,17300,52800,144800,126600,9600,17100,18300,13800,33600,9000,24500,2100,4300,16700,2900,100
14106.0,13.78,21740200,297435376.0,13.77,13.76,13.75,13.74,13.73,13.72,13.71,13.7,13.69,13.68,13.78,13.79,13.8,13.81,13.82,13.83,13.84,13.85,13.86,13.87,7100,25500,41500,1000,17300,52700,144800,126600,9600,17100,15900,13800,33600,9000,24500,2100,4300,16700,2900,100
14107.0,13.77,21740900,297445015.0,13.77,13.76,13.75,13.74,13.73,13.72,13.71,13.7,13.69,13.68,13.78,13.79,13.8,13.81,13.82,13.83,13.84,13.85,13.86,13.87,6700,25500,41500,1000,17300,52700,144800,126600,9600,17100,15900,13800,33600,9000,24500,2100,4300,16700,2900,100
14108.0,13.77,21741500,297453277.0,13.77,13.76,13.75,13.74,13.73,13.72,13.71,13.7,13.69,13.68,13.78,13.79,13.8,13.81,13.82,13.83,13.84,13.85,13.86,13.87,6700,26500,41500,1000,17300,52700,144800,126600,9600,17100,15900,13800,33600,9000,24500,2100,4300,16700,2900,100
14109.0,13.78,21741800,297457411.0,13.77,13.76,13.75,13.74,13.73,13.72,13.71,13.7,13.69,13.68,13.78,13.79,13.8,13.81,13.82,13.83,13.84,13.85,13.86,13.87,8400,26500,41500,1000,17300,52700,144800,126600,9600,17100,15800,13800,33600,9000,24500,2100,4300,16700,2900,100
14110.0,13.78,21745500,297508397.0,13.77,13.76,13.75,13.74,13.73,13.72,13.71,13.7,13.69,13.68,13.78,13.79,13.8,13.81,13.82,13.83,13.84,13.85,13.86,13.87,8400,26500,41500,1000,17300,52700,144800,126600,9600,17100,12100,13800,33600,9000,24500,2100,4300,16700,2900,100
14111.0,13.78,21747200,297531816.0,13.77,13.76,13.75,13.74,13.73,13.72,13.71,13.7,13.69,13.68,13.78,13.79,13.8,13.81,13.82,13.83,13.84,13.85,13.86,13.87,7700,26500,41500,1000,17300,52700,144800,126600,9600,17100,13300,14200,33600,9000,24500,2100,4300,16700,2900,100
14112.0,13.78,21747200,297531816.0,13.77,13.76,13.75,13.74,13.73,13.72,13.71,13.7,13.69,13.68,13.78,13.79,13.8,13.81,13.82,13.83,13.84,13.85,13.86,13.87,7700,26500,41500,1000,17300,52700,150300,126600,9600,17100,13300,14200,33600,9000,24500,2100,4300,16700,2900,100
14113.0,13.78,21753200,297614496.0,13.77,13.76,13.75,13.74,13.73,13.72,13.71,13.7,13.69,13.68,13.78,13.79,13.8,13.81,13.82,13.83,13.84,13.85,13.86,13.87,13800,26500,41500,1000,17300,52700,150300,126600,9600,17100,7300,14200,33600,9000,24500,2100,4300,16700,2900,100
14114.0,13.78,21756400,297658575.0,13.77,13.76,13.75,13.74,13.73,13.72,13.71,13.7,13.69,13.68,13.78,13.79,13.8,13.81,13.82,13.83,13.84,13.85,13.86,13.87,12200,27900,41500,1000,17300,52700,150300,126600,9600,17100,6800,14200,33600,9000,24500,2100,4300,16700,2900,100
14115.0,13.78,21757100,297668221.0,13.77,13.76,13.75,13.74,13.73,13.72,13.71,13.7,13.69,13.68,13.78,13.79,13.8,13.81,13.82,13.83,13.84,13.85,13.86,13.87,12200,27900,41500,1000,17300,52700,150300,126600,9600,17100,6100,14500,33600,9000,24500,2100,4300,16700,2900,100
14116.0,13.78,21758200,297683372.0,13.77,13.76,13.75,13.74,13.73,13.72,13.71,13.7,13.69,13.68,13.78,13.79,13.8,13.81,13.82,13.83,13.84,13.85,13.86,13.87,11500,27900,41500,1000,17300,52700,150300,126600,9600,17100,8800,14500,33600,9000,24500,2100,4300,16700,2900,100
14117.0,13.77,21768800,297829335.0,13.77,13.76,13.75,13.74,13.73,13.72,13.71,13.7,13.69,13.68,13.78,13.79,13.8,13.81,13.82,13.83,13.84,13.85,13.86,13.87,1000,27700,41500,1000,17300,52700,150300,126600,9600,17100,9400,14500,33600,9000,24500,2100,4300,16700,2900,100
14118.0,13.77,21768800,297829335.0,13.77,13.76,13.75,13.74,13.73,13.72,13.71,13.7,13.69,13.68,13.78,13.79,13.8,13.81,13.82,13.83,13.84,13.85,13.86,13.87,1300,27700,41500,1000,17300,52700,150300,126600,9600,17100,9400,14500,33600,9000,24500,2100,4300,16700,2900,100
14119.0,13.77,21768800,297829335.0,13.77,13.76,13.75,13.74,13.73,13.72,13.71,13.7,13.69,13.68,13.78,13.79,13.8,13.81,13.82,13.83,13.84,13.85,13.86,13.87,1300,27700,41500,1000,17300,52700,150300,126600,9600,17100,10400,14500,33600,9000,24500,2100,4300,16700,2900,100
14120.0,13.77,21768800,297829335.0,13.77,13.76,13.75,13.74,13.73,13.72,13.71,13.7,13.69,13.68,13.78,13.79,13.8,13.81,13.82,13.83,13.84,13.85,13.86,13.87,1900,27700,40900,1000,17300,52700,150300,126600,9600,17100,10400,14500,33600,9000,24500,2100,4300,16700,2900,100
14121.0,13.77,21770800,297856875.0,13.76,13.75,13.74,13.73,13.72,13.71,13.7,13.69,13.68,13.67,13.77,13.78,13.79,13.8,13.81,13.82,13.83,13.84,13.85,13.86,27700,41900,1000,17300,52700,150300,126600,9600,17100,27700,7400,10400,14500,33300,9000,24500,2100,4300,16700,2900
14122.0,13.77,21773400,297892677.0,13.76,13.75,13.74,13.73,13.72,13.71,13.7,13.69,13.68,13.67,13.77,13.78,13.79,13.8,13.81,13.82,13.83,13.84,13.85,13.86,27700,41900,1000,17300,52700,150300,126600,9600,17100,27700,7900,10400,14500,33300,9000,24500,2100,4300,16700,2900
14123.0,13.77,21777100,297943605.0,13.76,13.75,13.74,13.73,13.72,13.71,13.7,13.69,13.68,13.67,13.77,13.78,13.79,13.8,13.81,13.82,13.83,13.84,13.85,13.86,28600,41900,1000,17300,52700,150300,126600,9600,17100,27700,9300,10600,14500,31900,9000,24500,2100,4300,16700,2900
14124.0,13.76,21777800,297953237.0,13.76,13.75,13.74,13.73,13.72,13.71,13.7,13.69,13.68,13.67,13.77,13.78,13.79,13.8,13.81,13.82,13.83,13.84,13.85,13.86,25900,41900,1000,17300,52700,150300,126600,9600,17100,27700,11000,11000,14500,31900,9000,24500,2100,4300,16700,2900
14125.0,13.77,21783100,298026218.0,13.76,13.75,13.74,13.73,13.72,13.71,13.7,13.69,13.68,13.67,13.77,13.78,13.79,13.8,13.81,13.82,13.83,13.84,13.85,13.86,29000,41900,1000,17300,51600,150300,126600,9600,17100,27700,8800,11000,14100,31900,9000,24500,2100,4300,16700,2900
14126.0,13.77,21783100,298026218.0,13.76,13.75,13.74,13.73,13.72,13.71,13.7,13.69,13.68,13.67,13.77,13.78,13.79,13.8,13.81,13.82,13.83,13.84,13.85,13.86,27800,41900,1000,17300,51600,146900,126600,9600,17100,27700,8900,11000,17600,31900,9000,24500,2100,4300,16700,2900
14127.0,13.77,21783900,298037227.0,13.76,13.75,13.74,13.73,13.72,13.71,13.7,13.69,13.68,13.67,13.77,13.78,13.79,13.8,13.81,13.82,13.83,13.84,13.85,13.86,30100,41900,1000,17300,51600,146900,126600,9600,17100,27700,11800,7900,17600,31900,9000,24500,2100,4300,16700,2900
14128.0,13.77,21783900,298037227.0,13.76,13.75,13.74,13.73,13.72,13.71,13.7,13.69,13.68,13.67,13.77,13.78,13.79,13.8,13.81,13.82,13.83,13.84,13.85,13.86,30600,41900,1000,17300,51600,146900,126600,9600,17100,27700,12200,17600,17600,31900,9000,24500,2100,4300,16700,2900
14129.0,13.77,21788600,298101946.0,13.76,13.75,13.74,13.73,13.72,13.71,13.7,13.69,13.68,13.67,13.77,13.78,13.79,13.8,13.81,13.82,13.83,13.84,13.85,13.86,32100,39200,1000,17300,51600,146900,126600,9600,17100,27700,9000,17600,17600,31900,9000,24500,2100,4300,16700,2900
14130.0,13.76,21790000,298121210.0,13.76,13.75,13.74,13.73,13.72,13.71,13.7,13.69,13.68,13.67,13.77,13.78,13.79,13.8,13.81,13.82,13.83,13.84,13.85,13.86,32200,39200,1000,17300,51600,146900,126600,9600,17100,27700,10500,18400,17600,31900,9000,24500,2100,4300,16700,2900
14131.0,13.77,21790700,298130849.0,13.76,13.75,13.74,13.73,13.72,13.71,13.7,13.69,13.68,13.67,13.77,13.78,13.79,13.8,13.81,13.82,13.83,13.84,13.85,13.86,33700,39200,1000,17300,51600,146900,126600,9600,17100,27700,11300,21400,17600,31900,9000,24500,2100,4300,16700,2900
14132.0,13.77,21790700,298130849.0,13.76,13.75,13.74,13.73,13.72,13.71,13.7,13.69,13.68,13.67,13.77,13.78,13.79,13.8,13.81,13.82,13.83,13.84,13.85,13.86,35200,39200,1000,17300,51600,146900,126600,9600,17100,27700,15900,21400,17600,31900,9000,24500,2100,4300,16700,2900
14133.0,13.76,21791400,298140481.0,13.76,13.75,13.74,13.73,13.72,13.71,13.7,13.69,13.68,13.67,13.77,13.78,13.79,13.8,13.81,13.82,13.83,13.84,13.85,13.86,34500,39200,1000,17300,51600,146900,126600,9600,17100,27700,15900,21400,18000,31900,9000,24500,2100,4300,16700,2900
14134.0,13.77,21795800,298201055.0,13.76,13.75,13.74,13.73,13.72,13.71,13.7,13.69,13.68,13.67,13.77,13.78,13.79,13.8,13.81,13.82,13.83,13.84,13.85,13.86,35500,39300,1000,17300,51600,146900,126600,9600,17100,27700,15900,21400,18000,31900,9000,24500,2100,4300,16700,2900
14135.0,13.77,21795800,298201055.0,13.76,13.75,13.74,13.73,13.72,13.71,13.7,13.69,13.68,13.67,13.77,13.78,13.79,13.8,13.81,13.82,13.83,13.84,13.85,13.86,36100,39300,1000,17300,51600,146900,126600,9600,17100,27700,16500,22500,17700,31800,8800,24500,2100,4300,16700,2900
14136.0,13.76,21796500,298210687.0,13.76,13.75,13.74,13.73,13.72,13.71,13.7,13.69,13.68,13.67,13.77,13.78,13.79,13.8,13.81,13.82,13.83,13.84,13.85,13.86,37800,39300,1000,17300,51600,146900,125200,9600,17100,27700,18900,23500,19800,31800,8800,24500,2100,4300,16700,2900
14137.0,13.77,21816700,298488841.0,13.76,13.75,13.74,13.73,13.72,13.71,13.7,13.69,13.68,13.67,13.77,13.78,13.79,13.8,13.81,13.82,13.83,13.84,13.85,13.86,38400,39300,1000,17300,51600,146900,125200,9600,17100,27700,1300,24200,19800,32000,8800,24500,2100,4300,16700,2900
14138.0,13.77,21817600,298501227.0,13.76,13.75,13.74,13.73,13.72,13.71,13.7,13.69,13.68,13.67,13.77,13.78,13.79,13.8,13.81,13.82,13.83,13.84,13.85,13.86,39500,39300,1000,17300,51600,146900,125200,9600,17100,27700,2900,24400,22600,32000,8800,24500,2100,4300,16700,2900
14139.0,13.77,21817900,298505358.0,13.76,13.75,13.74,13.73,13.72,13.71,13.7,13.69,13.68,13.67,13.77,13.78,13.79,13.8,13.81,13.82,13.83,13.84,13.85,13.86,41300,39300,1000,17300,51600,146900,125200,9600,17100,27700,4400,24500,22600,32000,8900,24500,2100,4300,16700,2900
14140.0,13.76,21818600,298514990.0,13.76,13.75,13.74,13.73,13.72,13.71,13.7,13.69,13.68,13.67,13.77,13.78,13.79,13.8,13.81,13.82,13.83,13.84,13.85,13.86,40600,39300,1000,17300,51600,146900,125200,9600,17100,27700,4400,24900,22600,32000,8900,24700,2100,4300,16700,2900
14141.0,13.77,21825100,298604495.0,13.76,13.75,13.74,13.73,13.72,13.71,13.7,13.69,13.68,13.67,13.77,13.78,13.79,13.8,13.81,13.82,13.83,13.84,13.85,13.86,43500,39300,1000,17300,51600,146900,125200,9600,17100,27700,1500,27800,22600,32000,8900,24700,2100,4300,16700,2900
14142.0,13.77,21826600,298625150.0,13.76,13.75,13.74,13.73,13.72,13.71,13.7,13.69,13.68,13.67,13.77,13.78,13.79,13.8,13.81,13.82,13.83,13.84,13.85,13.86,44200,39300,1000,17300,51600,146900,125200,9600,17100,27700,700,33100,22600,32000,8900,24700,2100,4300,16700,2900
14143.0,13.76,21827300,298634782.0,13.76,13.75,13.74,13.73,13.72,13.71,13.7,13.69,13.68,13.67,13.77,13.78,13.79,13.8,13.81,13.82,13.83,13.84,13.85,13.86,46300,39300,1000,17300,51600,146900,125200,9600,17100,27700,4800,33100,22600,32000,8900,24700,2100,4300,16700,2900
14144.0,13.77,21828900,298656814.0,13.76,13.75,13.74,13.73,13.72,13.71,13.7,13.69,13.68,13.67,13.77,13.78,13.79,13.8,13.81,13.82,13.83,13.84,13.85,13.86,47000,39300,1000,17300,51600,146900,125200,9600,17100,27700,3900,33100,22600,32000,8900,24700,2100,4300,16700,2900
14145.0,13.78,21835300,298744925.0,13.76,13.75,13.74,13.73,13.72,13.71,13.7,13.69,13.68,13.67,13.78,13.79,13.8,13.81,13.82,13.83,13.84,13.85,13.86,13.87,44900,39300,1000,17300,51600,146900,125200,9600,17100,27700,32700,22600,32000,8900,24700,2100,4300,16700,2900,100
14146.0,13.76,21836500,298761437.0,13.76,13.75,13.74,13.73,13.72,13.71,13.7,13.69,13.68,13.67,13.78,13.79,13.8,13.81,13.82,13.83,13.84,13.85,13.86,13.87,47300,39300,1000,17300,51600,146900,125200,9600,17100,27700,36300,21800,31800,8900,24700,2100,4300,16700,2900,100
14147.0,13.78,21837500,298775217.0,13.77,13.76,13.75,13.74,13.73,13.72,13.71,13.7,13.69,13.68,13.78,13.79,13.8,13.81,13.82,13.83,13.84,13.85,13.86,13.87,2500,47300,39300,1000,17300,51600,146900,125200,9600,17100,36100,21800,31800,8900,24700,2100,4300,16700,2900,100
14148.0,13.77,21838100,298783481.0,13.77,13.76,13.75,13.74,13.73,13.72,13.71,13.7,13.69,13.68,13.78,13.79,13.8,13.81,13.82,13.83,13.84,13.85,13.86,13.87,2100,47300,39300,1000,17300,51600,146900,125200,9600,17100,35900,21800,31800,8900,24700,2100,4300,16700,2900,100
14149.0,13.77,21840200,298812398.0,13.76,13.75,13.74,13.73,13.72,13.71,13.7,13.69,13.68,13.67,13.77,13.78,13.79,13.8,13.81,13.82,13.83,13.84,13.85,13.86,47300,38800,1000,17300,51600,146900,125200,9600,17100,27700,100,37300,21800,31800,8900,24700,2100,4300,16700,2900
14150.0,13.77,21842300,298841295.0,13.77,13.76,13.75,13.74,13.73,13.72,13.71,13.7,13.69,13.68,13.78,13.79,13.8,13.81,13.82,13.83,13.84,13.85,13.86,13.87,300,45300,38800,1000,17300,51600,146900,125200,9600,17100,37300,21800,31800,8900,24700,2100,4300,16700,2900,100
14151.0,13.77,21842300,298841295.0,13.77,13.76,13.75,13.74,13.73,13.72,13.71,13.7,13.69,13.68,13.78,13.79,13.8,13.81,13.82,13.83,13.84,13.85,13.86,13.87,300,45300,38800,1000,17300,51600,146900,125200,9600,17100,39500,22000,31800,8900,24700,2100,4300,16700,2900,100
14152.0,13.77,21843900,298863327.0,13.76,13.75,13.74,13.73,13.72,13.71,13.7,13.69,13.68,13.67,13.77,13.78,13.79,13.8,13.81,13.82,13.83,13.84,13.85,13.86,45300,38800,1000,16700,51600,146900,125200,9600,17100,27700,100,39700,22000,31800,8900,24700,2100,4300,16700,2900
14153.0,13.77,21844600,298872966.0,13.77,13.76,13.75,13.74,13.73,13.72,13.71,13.7,13.69,13.68,13.78,13.79,13.8,13.81,13.82,13.83,13.84,13.85,13.86,13.87,100,45300,38800,1000,16700,51600,146900,125200,9600,17100,39800,22000,31800,8900,24700,2100,4300,16700,2900,100
14154.0,13.77,21848600,298928046.0,13.77,13.76,13.75,13.74,13.73,13.72,13.71,13.7,13.69,13.68,13.78,13.79,13.8,13.81,13.82,13.83,13.84,13.85,13.86,13.87,2600,45300,38800,1000,16700,51600,146900,125200,9600,17100,39800,22000,31800,8900,24700,1600,4300,16700,2900,100
14155.0,13.77,21850300,298951455.0,13.77,13.76,13.75,13.74,13.73,13.72,13.71,13.7,13.69,13.68,13.78,13.79,13.8,13.81,13.82,13.83,13.84,13.85,13.86,13.87,900,45300,38800,3700,16700,51600,146900,125200,9600,17100,39800,22000,31800,8900,24700,1600,4300,16700,2900,100
14156.0,13.77,21850300,298951455.0,13.77,13.76,13.75,13.74,13.73,13.72,13.71,13.7,13.69,13.68,13.78,13.79,13.8,13.81,13.82,13.83,13.84,13.85,13.86,13.87,900,45300,38800,3700,16700,51600,146900,125200,9600,16600,39800,22000,31800,8900,24700,1600,4300,16700,2900,100
14157.0,13.78,21852200,298977636.0,13.77,13.76,13.75,13.74,13.73,13.72,13.71,13.7,13.69,13.68,13.78,13.79,13.8,13.81,13.82,13.83,13.84,13.85,13.86,13.87,900,45300,38800,3700,16700,51600,146900,125200,9600,16600,38800,22000,31800,8900,24700,1600,4300,16700,2900,100
14158.0,13.77,21853100,298990029.0,13.76,13.75,13.74,13.73,13.72,13.71,13.7,13.69,13.68,13.67,13.78,13.79,13.8,13.81,13.82,13.83,13.84,13.85,13.86,13.87,45300,38800,3700,16700,51600,146900,125200,9600,16600,27100,39000,22000,31800,8900,24700,1600,4300,16700,2900,100
14159.0,13.76,21854800,299013427.0,13.76,13.75,13.74,13.73,13.72,13.71,13.7,13.69,13.68,13.67,13.77,13.78,13.79,13.8,13.81,13.82,13.83,13.84,13.85,13.86,45600,38800,3700,16700,51600,146900,125200,9600,16600,27100,1300,40400,22000,31800,8900,24700,1600,4300,16700,2900
14160.0,13.78,21857400,299049242.0,13.76,13.75,13.74,13.73,13.72,13.71,13.7,13.69,13.68,13.67,13.78,13.79,13.8,13.81,13.82,13.83,13.84,13.85,13.86,13.87,45600,38800,3700,16700,51600,146900,125200,9600,16600,27100,39700,22000,31800,8900,24700,1600,4300,16700,2900,100
14161.0,13.78,21857400,299049242.0,13.76,13.75,13.74,13.73,13.72,13.71,13.7,13.69,13.68,13.67,13.77,13.78,13.79,13.8,13.81,13.82,13.83,13.84,13.85,13.86,47300,38800,3700,16700,51600,146900,125200,9600,16600,27100,2200,41400,22000,31800,8900,24700,1600,4300,16700,2900
14162.0,13.77,21857600,299051996.0,13.76,13.75,13.74,13.73,13.72,13.71,13.7,13.69,13.68,13.67,13.77,13.78,13.79,13.8,13.81,13.82,13.83,13.84,13.85,13.86,47300,38800,3700,16700,51600,146900,125200,9600,16600,27100,2000,41400,22000,31800,8900,24700,1600,4300,16700,2900
14163.0,13.77,21859200,299074022.0,13.76,13.75,13.74,13.73,13.72,13.71,13.7,13.69,13.68,13.67,13.77,13.78,13.79,13.8,13.81,13.82,13.83,13.84,13.85,13.86,46700,38800,3700,16700,51600,146900,125200,9600,16600,27100,5700,41400,22000,31800,8900,24700,1600,4300,16700,2900
14164.0,13.77,21859200,299074022.0,13.76,13.75,13.74,13.73,13.72,13.71,13.7,13.69,13.68,13.67,13.77,13.78,13.79,13.8,13.81,13.82,13.83,13.84,13.85,13.86,46700,38800,3700,16700,51600,146900,125200,9600,16600,27100,5700,41400,22000,31800,8900,24700,1600,4300,16700,2900
14165.0,13.77,21859700,299080907.0,13.76,13.75,13.74,13.73,13.72,13.71,13.7,13.69,13.68,13.67,13.77,13.78,13.79,13.8,13.81,13.82,13.83,13.84,13.85,13.86,46700,38800,3700,16700,51600,146900,124700,9600,16600,27100,5200,41400,22000,31800,8900,24700,1600,4300,16700,2900
14166.0,13.77,21863500,299133226.0,13.76,13.75,13.74,13.73,13.72,13.71,13.7,13.69,13.68,13.67,13.77,13.78,13.79,13.8,13.81,13.82,13.83,13.84,13.85,13.86,46000,38800,3700,16700,51600,146900,124700,9600,16600,27100,2100,41400,22000,31800,8900,24700,1600,4300,16700,2900
14167.0,13.77,21863500,299133226.0,13.76,13.75,13.74,13.73,13.72,13.71,13.7,13.69,13.68,13.67,13.77,13.78,13.79,13.8,13.81,13.82,13.83,13.84,13.85,13.86,46000,38800,3700,16700,51600,146900,124700,9600,16600,27100,2100,41400,22000,31800,8900,24700,1600,4300,16700,2900
14168.0,13.78,21868700,299204833.0,13.76,13.75,13.74,13.73,13.72,13.71,13.7,13.69,13.68,13.67,13.77,13.78,13.79,13.8,13.81,13.82,13.83,13.84,13.85,13.86,45500,38800,3700,16700,51600,146900,124700,9600,16600,27100,500,39700,22000,31800,8900,24700,1600,4300,16700,2900
14169.0,13.78,21871800,299247542.0,13.76,13.75,13.74,13.73,13.72,13.71,13.7,13.69,13.68,13.67,13.78,13.79,13.8,13.81,13.82,13.83,13.84,13.85,13.86,13.87,45500,38800,3700,16700,51600,146900,124700,9600,16600,27100,37500,22000,30100,8900,24700,1600,4300,16700,2900,100
14170.0,13.78,21872300,299254432.0,13.77,13.76,13.75,13.74,13.73,13.72,13.71,13.7,13.69,13.68,13.78,13.79,13.8,13.81,13.82,13.83,13.84,13.85,13.86,13.87,300,46200,38800,3700,16700,51600,146900,124700,9600,16600,37700,22000,30100,8900,24700,1600,4300,16700,2900,100
14171.0,13.78,21874400,299283370.0,13.77,13.76,13.75,13.74,13.73,13.72,13.71,13.7,13.69,13.68,13.78,13.79,13.8,13.81,13.82,13.83,13.84,13.85,13.86,13.87,400,46200,38800,3700,6700,51600,146900,124700,9600,16600,35700,22000,30100,8900,24700,1600,4300,16700,2900,100
14172.0,13.78,21877600,299327466.0,13.77,13.76,13.75,13.74,13.73,13.72,13.71,13.7,13.69,13.68,13.78,13.79,13.8,13.81,13.82,13.83,13.84,13.85,13.86,13.87,400,46100,38800,3700,6700,51600,146900,124700,9600,16600,33500,22000,30100,8900,24700,1600,4300,16700,2900,100
14173.0,13.77,21878100,299334352.0,13.76,13.75,13.74,13.73,13.72,13.71,13.7,13.69,13.68,13.67,13.78,13.79,13.8,13.81,13.82,13.83,13.84,13.85,13.86,13.87,46100,38800,3700,6700,51600,146900,124700,9600,16600,27100,33400,21600,30100,8900,24700,1600,4300,16700,2900,100
14174.0,13.78,21880100,299361898.0,13.76,13.75,13.74,13.73,13.72,13.71,13.7,13.69,13.68,13.67,13.78,13.79,13.8,13.81,13.82,13.83,13.84,13.85,13.86,13.87,45400,35800,3700,6700,51600,146900,124700,9600,16600,27100,37100,21600,30100,8900,24700,1600,4300,16700,2900,100
14175.0,13.78,21886900,299455530.0,13.77,13.76,13.75,13.74,13.73,13.72,13.71,13.7,13.69,13.68,13.78,13.79,13.8,13.81,13.82,13.83,13.84,13.85,13.86,13.87,9100,45200,28400,3700,6700,51600,146900,124700,9600,16600,37300,21600,30100,8900,24700,1600,4300,16700,2900,100
14176.0,13.78,21892700,299535454.0,13.77,13.76,13.75,13.74,13.73,13.72,13.71,13.7,13.69,13.68,13.78,13.79,13.8,13.81,13.82,13.83,13.84,13.85,13.86,13.87,9100,45200,28400,3700,6700,51600,146900,124700,9600,16600,31500,21600,30100,8900,24700,1600,4300,16700,2900,100
14177.0,13.78,21893200,299542344.0,13.77,13.76,13.75,13.74,13.73,13.72,13.71,13.7,13.69,13.68,13.78,13.79,13.8,13.81,13.82,13.83,13.84,13.85,13.86,13.87,9700,45200,28400,3700,6700,51600,146900,124700,9600,16600,31000,19100,30100,8900,24700,1600,4300,16700,2900,100
14178.0,13.78,21902100,299664986.0,13.77,13.76,13.75,13.74,13.73,13.72,13.71,13.7,13.69,13.68,13.78,13.79,13.8,13.81,13.82,13.83,13.84,13.85,13.86,13.87,9700,45200,28400,3700,6700,51600,146900,121700,9600,16600,22200,19100,30100,8900,24700,1600,4300,16700,2900,100
14179.0,13.78,21913500,299822064.0,13.77,13.76,13.75,13.74,13.73,13.72,13.71,13.7,13.69,13.68,13.78,13.79,13.8,13.81,13.82,13.83,13.84,13.85,13.86,13.87,8300,45500,28400,3700,6700,51600,146900,121700,9600,16600,12200,19100,30100,8900,24700,1600,4300,16700,2900,100
14180.0,13.78,21913800,299826198.0,13.77,13.76,13.75,13.74,13.73,13.72,13.71,13.7,13.69,13.68,13.78,13.79,13.8,13.81,13.82,13.83,13.84,13.85,13.86,13.87,9600,45500,28400,3700,6700,51600,146900,121700,9600,16600,12900,19600,30100,8900,24700,1600,4300,16700,2900,100
14181.0,13.78,21924700,299976367.0,13.77,13.76,13.75,13.74,13.73,13.72,13.71,13.7,13.69,13.68,13.78,13.79,13.8,13.81,13.82,13.83,13.84,13.85,13.86,13.87,6300,45500,28400,3700,6700,51600,146900,121700,9600,16600,5300,19600,30800,8900,24700,1600,4300,15500,2900,100
14182.0,13.78,21930400,300054893.0,13.77,13.76,13.75,13.74,13.73,13.72,13.71,13.7,13.69,13.68,13.78,13.79,13.8,13.81,13.82,13.83,13.84,13.85,13.86,13.87,5700,45500,28200,3700,6700,51600,146900,116700,9600,16600,3800,19600,30800,8900,24700,1600,4300,15500,2900,100
14183.0,13.78,21930400,300054893.0,13.77,13.76,13.75,13.74,13.73,13.72,13.71,13.7,13.69,13.68,13.78,13.79,13.8,13.81,13.82,13.83,13.84,13.85,13.86,13.87,5700,45500,28200,3700,6700,51600,146900,116700,9600,16600,3800,19600,30800,8900,24700,1600,4300,15500,2900,100
14184.0,13.78,21932800,300087965.0,13.77,13.76,13.75,13.74,13.73,13.72,13.71,13.7,13.69,13.68,13.78,13.79,13.8,13.81,13.82,13.83,13.84,13.85,13.86,13.87,5700,45500,28200,3700,6700,51600,146900,116700,9600,16600,1400,19600,31100,8900,24700,1600,4300,15500,2900,100
14185.0,13.79,21938100,300161032.0,13.77,13.76,13.75,13.74,13.73,13.72,13.71,13.7,13.69,13.68,13.78,13.79,13.8,13.81,13.82,13.83,13.84,13.85,13.86,13.87,17100,45500,28700,3700,6700,51600,146900,116700,9600,16600,400,16300,31100,8900,24700,1600,4300,15500,2900,100
14186.0,13.78,21938500,300166544.0,13.78,13.77,13.76,13.75,13.74,13.73,13.72,13.71,13.7,13.69,13.79,13.8,13.81,13.82,13.83,13.84,13.85,13.86,13.87,13.88,100,17100,45500,28700,3700,6700,51900,146900,116700,9600,16300,31100,8900,24700,1600,4300,15500,2900,100,5000
14187.0,13.79,21949000,300311316.0,13.77,13.76,13.75,13.74,13.73,13.72,13.71,13.7,13.69,13.68,13.78,13.79,13.8,13.81,13.82,13.83,13.84,13.85,13.86,13.87,16100,45500,28700,3700,6700,51200,146900,116700,9600,16600,100,8100,31100,8900,24700,1600,4300,15500,2900,100
14188.0,13.79,21954200,300382991.0,13.77,13.76,13.75,13.74,13.73,13.72,13.71,13.7,13.69,13.68,13.79,13.8,13.81,13.82,13.83,13.84,13.85,13.86,13.87,13.88,14700,45500,28700,3700,6700,51200,146900,116700,9600,16600,7300,32100,8900,24700,1600,4300,15500,2900,100,5000
14189.0,13.79,21954200,300382991.0,13.77,13.76,13.75,13.74,13.73,13.72,13.71,13.7,13.69,13.68,13.79,13.8,13.81,13.82,13.83,13.84,13.85,13.86,13.87,13.88,18000,45500,28700,3700,6700,51200,146900,116700,9600,16600,10400,32100,8900,24700,1600,4300,15500,2900,100,5000
14190.0,13.79,21954200,300382991.0,13.77,13.76,13.75,13.74,13.73,13.72,13.71,13.7,13.69,13.68,13.78,13.79,13.8,13.81,13.82,13.83,13.84,13.85,13.86,13.87,19300,45500,28700,3700,6700,51200,146900,116700,9600,16600,100,11700,32100,8900,24700,1600,4300,15500,2900,100
14191.0,13.79,21954200,300382991.0,13.77,13.76,13.75,13.74,13.73,13.72,13.71,13.7,13.69,13.68,13.78,13.79,13.8,13.81,13.82,13.83,13.84,13.85,13.86,13.87,19300,45500,28700,3700,6700,51200,146900,116700,9600,16600,2100,11700,32100,8900,24700,1600,4300,15500,2900,100
14192.0,13.78,21955700,300403654.0,13.77,13.76,13.75,13.74,13.73,13.72,13.71,13.7,13.69,13.68,13.78,13.79,13.8,13.81,13.82,13.83,13.84,13.85,13.86,13.87,18600,45500,28700,3700,6700,51200,146900,116700,9600,16600,1300,11700,32100,8900,24700,1600,4300,15500,2900,100
14193.0,13.77,21956700,300417424.0,13.77,13.76,13.75,13.74,13.73,13.72,13.71,13.7,13.69,13.68,13.78,13.79,13.8,13.81,13.82,13.83,13.84,13.85,13.86,13.87,17600,45500,28700,3700,6700,51200,146900,116700,9600,16600,10200,11700,32100,8900,24700,1600,4300,15500,2900,100
14194.0,13.78,21957600,300429826.0,13.77,13.76,13.75,13.74,13.73,13.72,13.71,13.7,13.69,13.68,13.78,13.79,13.8,13.81,13.82,13.83,13.84,13.85,13.86,13.87,18200,45000,28700,3700,6700,51200,146900,116700,9600,16600,13700,11700,43500,8900,24700,1600,4300,15500,2900,100
14195.0,13.78,21958600,300443599.0,13.77,13.76,13.75,13.74,13.73,13.72,13.71,13.7,13.69,13.68,13.78,13.79,13.8,13.81,13.82,13.83,13.84,13.85,13.86,13.87,17500,45000,28700,3700,6700,51200,146900,116700,9600,16600,15300,11700,43500,8900,24700,1600,4300,15500,2900,100
14196.0,13.78,21959900,300461513.0,13.77,13.76,13.75,13.74,13.73,13.72,13.71,13.7,13.69,13.68,13.78,13.79,13.8,13.81,13.82,13.83,13.84,13.85,13.86,13.87,17500,45000,28700,3700,6700,51200,146900,116700,9600,16600,14000,12200,43500,8900,24700,1600,4300,15500,2900,100
14197.0,13.78,21959900,300461513.0,13.77,13.76,13.75,13.74,13.73,13.72,13.71,13.7,13.69,13.68,13.78,13.79,13.8,13.81,13.82,13.83,13.84,13.85,13.86,13.87,17500,44100,28700,3700,6700,51200,146900,116700,9600,16600,14400,12200,43500,8900,24700,1600,4300,15500,2900,100
14198.0,13.78,21960900,300475293.0,13.77,13.76,13.75,13.74,13.73,13.72,13.71,13.7,13.69,13.68,13.78,13.79,13.8,13.81,13.82,13.83,13.84,13.85,13.86,13.87,15200,44100,28700,3700,6700,51200,146900,116700,9600,16600,14000,12200,43500,8900,24700,1600,4300,15500,2900,100
14199.0,13.78,21961900,300489073.0,13.77,13.76,13.75,13.74,13.73,13.72,13.71,13.7,13.69,13.68,13.78,13.79,13.8,13.81,13.82,13.83,13.84,13.85,13.86,13.87,15200,44100,28700,3700,6700,51200,146900,116700,9600,16600,13100,12200,43500,8900,23700,1500,4300,15500,2900,100
14200.0,13.78,21962100,300491829.0,13.77,13.76,13.75,13.74,13.73,13.72,13.71,13.7,13.69,13.68,13.78,13.79,13.8,13.81,13.82,13.83,13.84,13.85,13.86,13.87,15200,44100,28700,3700,6700,51200,146900,116700,9600,16600,12900,13200,43500,8900,23700,1500,4300,15500,2900,100
14201.0,13.78,21962800,300501475.0,13.77,13.76,13.75,13.74,13.73,13.72,13.71,13.7,13.69,13.68,13.78,13.79,13.8,13.81,13.82,13.83,13.84,13.85,13.86,13.87,15200,44100,28700,3700,6700,51200,146900,116700,9600,16600,12200,13200,43500,8900,23700,1500,4300,15500,2900,100
14202.0,13.78,21965000,300531777.0,13.77,13.76,13.75,13.74,13.73,13.72,13.71,13.7,13.69,13.68,13.78,13.79,13.8,13.81,13.82,13.83,13.84,13.85,13.86,13.87,14300,44100,28700,3700,6700,51200,146900,116700,9600,16600,11400,13200,43500,8900,23700,1500,4300,15500,2900,100
14203.0,13.77,21965700,300541416.0,13.77,13.76,13.75,13.74,13.73,13.72,13.71,13.7,13.69,13.68,13.78,13.79,13.8,13.81,13.82,13.83,13.84,13.85,13.86,13.87,13600,44100,28700,3700,6700,51200,146900,116700,9600,16600,11400,13400,43500,8900,24100,1500,4300,18500,2900,100
14204.0,13.78,21974400,300661302.0,13.77,13.76,13.75,13.74,13.73,13.72,13.71,13.7,13.69,13.68,13.78,13.79,13.8,13.81,13.82,13.83,13.84,13.85,13.86,13.87,13600,44100,28700,3700,6700,51200,146000,113400,9600,16600,2700,13400,43500,8900,24100,1500,4300,18500,2900,100
14205.0,13.78,21975000,300669570.0,13.77,13.76,13.75,13.74,13.73,13.72,13.71,13.7,13.69,13.68,13.78,13.79,13.8,13.81,13.82,13.83,13.84,13.85,13.86,13.87,13600,44100,28700,3700,6700,51200,146000,113400,9600,16600,2600,13400,43500,8900,24100,1500,4300,18500,2900,100
14206.0,13.79,21982700,300775727.0,13.77,13.76,13.75,13.74,13.73,13.72,13.71,13.7,13.69,13.68,13.79,13.8,13.81,13.82,13.83,13.84,13.85,13.86,13.87,13.88,13600,44100,28700,3700,6700,51200,146000,113400,9600,16600,8300,43500,8900,24100,1500,4300,18500,2900,100,5000
14207.0,13.79,21983400,300785380.0,13.78,13.77,13.76,13.75,13.74,13.73,13.72,13.71,13.7,13.69,13.79,13.8,13.81,13.82,13.83,13.84,13.85,13.86,13.87,13.88,7400,14800,44100,28700,3700,6700,51200,146000,113400,9600,8800,43500,8900,24100,1500,4300,18500,2900,100,5000
14208.0,13.78,21984300,300797785.0,13.78,13.77,13.76,13.75,13.74,13.73,13.72,13.71,13.7,13.69,13.79,13.8,13.81,13.82,13.83,13.84,13.85,13.86,13.87,13.88,6800,14800,44100,28700,3700,6700,51200,146000,113400,9600,8500,43500,8900,24100,1500,4300,18500,2900,100,5000
14209.0,13.79,21985500,300814333.0,13.78,13.77,13.76,13.75,13.74,13.73,13.72,13.71,13.7,13.69,13.79,13.8,13.81,13.82,13.83,13.84,13.85,13.86,13.87,13.88,6900,14800,44100,27700,3700,6700,51200,146000,113400,9600,8100,43500,8900,24100,1500,4300,18500,2900,100,5000
14210.0,13.79,21986500,300828115.0,13.78,13.77,13.76,13.75,13.74,13.73,13.72,13.71,13.7,13.69,13.79,13.8,13.81,13.82,13.83,13.84,13.85,13.86,13.87,13.88,6100,14800,44100,27700,3700,6700,51200,146000,113400,9600,7900,43500,8900,24100,1500,4300,18500,2900,100,5000
14211.0,13.79,21986500,300828115.0,13.78,13.77,13.76,13.75,13.74,13.73,13.72,13.71,13.7,13.69,13.79,13.8,13.81,13.82,13.83,13.84,13.85,13.86,13.87,13.88,6100,14800,44100,27700,3700,6700,51200,146000,113400,9600,7900,43500,8900,24100,1500,4300,18500,2900,100,5000
14212.0,13.78,21986600,300829493.0,13.78,13.77,13.76,13.75,13.74,13.73,13.72,13.71,13.7,13.69,13.79,13.8,13.81,13.82,13.83,13.84,13.85,13.86,13.87,13.88,6000,14800,44100,27700,3700,6700,49500,146000,113400,9600,7900,43500,8900,24100,1500,4300,18500,2900,100,5000
14213.0,13.79,21988300,300852924.0,13.78,13.77,13.76,13.75,13.74,13.73,13.72,13.71,13.7,13.69,13.79,13.8,13.81,13.82,13.83,13.84,13.85,13.86,13.87,13.88,4800,14300,44100,27700,3700,6700,49500,146000,113400,9600,7400,43500,7400,24100,1500,4300,18500,2900,100,5000
14214.0,13.79,21988500,300855682.0,13.78,13.77,13.76,13.75,13.74,13.73,13.72,13.71,13.7,13.69,13.79,13.8,13.81,13.82,13.83,13.84,13.85,13.86,13.87,13.88,5300,14300,44100,27700,3700,6700,49500,146000,113400,9600,7200,44500,7400,24100,1500,4300,18500,2900,100,5000
14215.0,13.8,21996500,300966010.0,13.79,13.78,13.77,13.76,13.75,13.74,13.73,13.72,13.71,13.7,13.8,13.81,13.82,13.83,13.84,13.85,13.86,13.87,13.88,13.89,700,7900,14300,44100,27700,3700,6700,49500,146000,113400,43700,7400,24100,1500,4300,18500,2900,100,5000,7700
14216.0,13.79,21998500,300993590.0,13.79,13.78,13.77,13.76,13.75,13.74,13.73,13.72,13.71,13.7,13.8,13.81,13.82,13.83,13.84,13.85,13.86,13.87,13.88,13.89,1300,7900,14300,44100,27700,3700,6700,49500,146000,113400,43700,7400,24100,1500,4300,18500,2900,100,5000,7700
14217.0,13.79,21998600,300994969.0,13.79,13.78,13.77,13.76,13.75,13.74,13.73,13.72,13.71,13.7,13.8,13.81,13.82,13.83,13.84,13.85,13.86,13.87,13.88,13.89,1200,7900,14300,44100,27700,3700,6700,49500,146000,113400,43700,7400,24100,1500,4300,18500,2900,100,5000,7700
14218.0,13.79,21998600,300994969.0,13.79,13.78,13.77,13.76,13.75,13.74,13.73,13.72,13.71,13.7,13.8,13.81,13.82,13.83,13.84,13.85,13.86,13.87,13.88,13.89,2200,7900,14300,44100,27700,3700,6700,49500,146000,113400,43700,7400,24100,1500,4300,18500,2900,100,5000,7700
14219.0,13.79,21998600,300994969.0,13.79,13.78,13.77,13.76,13.75,13.74,13.73,13.72,13.71,13.7,13.8,13.81,13.82,13.83,13.84,13.85,13.86,13.87,13.88,13.89,2200,7900,14300,44100,27700,3700,6700,49500,146000,113400,43700,7400,24100,1500,4300,18500,2900,100,5000,7700
14220.0,13.79,21998600,300994969.0,13.79,13.78,13.77,13.76,13.75,13.74,13.73,13.72,13.71,13.7,13.8,13.81,13.82,13.83,13.84,13.85,13.86,13.87,13.88,13.89,2400,7900,14300,44100,27700,3700,6700,49500,146000,113400,43700,7400,24100,1500,4300,18500,2900,100,5000,7700
14221.0,13.8,22000100,301015669.0,13.79,13.78,13.77,13.76,13.75,13.74,13.73,13.72,13.71,13.7,13.8,13.81,13.82,13.83,13.84,13.85,13.86,13.87,13.88,13.89,2400,7900,14300,44100,27700,3700,6700,49500,146000,113400,42200,7400,24100,1500,4300,18500,2900,100,5000,7700
14222.0,13.8,22003600,301063969.0,13.79,13.78,13.77,13.76,13.75,13.74,13.73,13.72,13.71,13.7,13.8,13.81,13.82,13.83,13.84,13.85,13.86,13.87,13.88,13.89,3800,11100,14300,44100,27700,3700,6700,49500,146000,113400,38700,7400,25100,1500,4300,18500,2900,100,5000,7700
14223.0,13.8,22007300,301115029.0,13.79,13.78,13.77,13.76,13.75,13.74,13.73,13.72,13.71,13.7,13.8,13.81,13.82,13.83,13.84,13.85,13.86,13.87,13.88,13.89,4000,11100,14300,44100,27700,3700,6700,49500,146000,113400,35000,7400,25100,1500,4300,18500,2900,100,5000,7700
14224.0,13.79,22008100,301126065.0,13.79,13.78,13.77,13.76,13.75,13.74,13.73,13.72,13.71,13.7,13.8,13.81,13.82,13.83,13.84,13.85,13.86,13.87,13.88,13.89,3600,11100,14300,44100,27700,3700,6700,49500,146000,113400,34600,7400,25100,1500,4300,18500,2900,100,5000,7700
14225.0,13.79,22011200,301168833.0,13.79,13.78,13.77,13.76,13.75,13.74,13.73,13.72,13.71,13.7,13.8,13.81,13.82,13.83,13.84,13.85,13.86,13.87,13.88,13.89,3800,11100,14300,44100,27700,3700,6700,49500,146000,113400,32700,7400,25100,1500,4300,18500,2900,100,5000,7700
14226.0,13.79,22012000,301179865.0,13.79,13.78,13.77,13.76,13.75,13.74,13.73,13.72,13.71,13.7,13.8,13.81,13.82,13.83,13.84,13.85,13.86,13.87,13.88,13.89,3000,11100,14300,44100,27700,3700,6700,49500,146000,113400,32700,7400,25100,1500,4300,18500,2900,100,5000,7700
14227.0,13.79,22012000,301179865.0,13.79,13.78,13.77,13.76,13.75,13.74,13.73,13.72,13.71,13.7,13.8,13.81,13.82,13.83,13.84,13.85,13.86,13.87,13.88,13.89,3400,11700,14300,44100,27700,3700,6700,49500,146000,113400,33700,7400,25100,1500,4300,18500,2900,100,5000,7700
14228.0,13.8,22018400,301268185.0,13.79,13.78,13.77,13.76,13.75,13.74,13.73,13.72,13.71,13.7,13.8,13.81,13.82,13.83,13.84,13.85,13.86,13.87,13.88,13.89,3400,11700,14300,44100,27700,3700,6700,49500,146000,113400,29000,7400,25100,1500,4300,18500,2900,100,5000,7700
14229.0,13.8,22025800,301370301.0,13.79,13.78,13.77,13.76,13.75,13.74,13.73,13.72,13.71,13.7,13.8,13.81,13.82,13.83,13.84,13.85,13.86,13.87,13.88,13.89,3000,11700,14300,44100,27700,3700,6700,49500,146000,113400,22000,7400,25100,1500,4300,18500,2900,100,5000,7700
14230.0,13.79,22027900,301399273.0,13.79,13.78,13.77,13.76,13.75,13.74,13.73,13.72,13.71,13.7,13.8,13.81,13.82,13.83,13.84,13.85,13.86,13.87,13.88,13.89,2200,11700,14800,44100,27700,3700,6700,49500,146000,113400,20700,7400,25100,1500,4300,18500,2900,100,5000,7700
14231.0,13.8,22029000,301414451.0,13.79,13.78,13.77,13.76,13.75,13.74,13.73,13.72,13.71,13.7,13.8,13.81,13.82,13.83,13.84,13.85,13.86,13.87,13.88,13.89,2000,11700,14800,44100,27700,3700,6700,49500,146000,113400,19800,7400,25100,1500,5800,18500,2900,100,5000,7700
14232.0,13.8,22031300,301446191.0,13.79,13.78,13.77,13.76,13.75,13.74,13.73,13.72,13.71,13.7,13.8,13.81,13.82,13.83,13.84,13.85,13.86,13.87,13.88,13.89,2500,11700,15800,44100,27700,3700,6700,49500,146000,113400,17500,7400,26100,1500,5800,18500,2900,100,5000,7700
14233.0,13.8,22033400,301475171.0,13.79,13.78,13.77,13.76,13.75,13.74,13.73,13.72,13.71,13.7,13.8,13.81,13.82,13.83,13.84,13.85,13.86,13.87,13.88,13.89,2500,11700,15800,44100,27700,3700,6700,49500,146000,113400,15400,7400,26100,1500,5800,18500,2900,100,5000,7700
14234.0,13.78,22036700,301520670.0,13.78,13.77,13.76,13.75,13.74,13.73,13.72,13.71,13.7,13.69,13.8,13.81,13.82,13.83,13.84,13.85,13.86,13.87,13.88,13.89,10900,15800,44100,27700,3700,6700,49500,146000,113400,9600,15500,7400,26100,1500,5800,18500,2900,100,5000,7700
14235.0,13.78,22039300,301556498.0,13.78,13.77,13.76,13.75,13.74,13.73,13.72,13.71,13.7,13.69,13.8,13.81,13.82,13.83,13.84,13.85,13.86,13.87,13.88,13.89,11800,15800,44100,27700,3700,6700,49500,146000,113400,9600,20500,7400,26100,1500,5800,18500,2900,100,5000,7700
14236.0,13.78,22039300,301556498.0,13.79,13.78,13.77,13.76,13.75,13.74,13.73,13.72,13.71,13.7,13.8,13.81,13.82,13.83,13.84,13.85,13.86,13.87,13.88,13.89,3000,12700,15800,44100,27700,3700,6700,49500,146000,113400,21400,7400,26100,1500,5800,18500,2900,100,5000,7700
14237.0,13.8,22039800,301563394.0,13.79,13.78,13.77,13.76,13.75,13.74,13.73,13.72,13.71,13.7,13.8,13.81,13.82,13.83,13.84,13.85,13.86,13.87,13.88,13.89,2600,12700,15800,44100,27700,3700,6700,49500,146000,113400,21600,7400,26100,1500,5800,18500,2900,100,5000,7700
14238.0,13.79,22040000,301566152.0,13.79,13.78,13.77,13.76,13.75,13.74,13.73,13.72,13.71,13.7,13.8,13.81,13.82,13.83,13.84,13.85,13.86,13.87,13.88,13.89,2400,12700,15800,44100,27700,3700,6700,49500,146000,113400,22100,7400,26100,1500,5800,18500,2900,100,5000,7700
14239.0,13.79,22040300,301570290.0,13.79,13.78,13.77,13.76,13.75,13.74,13.73,13.72,13.71,13.7,13.8,13.81,13.82,13.83,13.84,13.85,13.86,13.87,13.88,13.89,2200,12700,15800,44100,27700,3700,6700,49500,146000,113400,22500,7400,26100,1500,5800,18500,2900,100,5000,7700
14240.0,13.79,22040300,301570290.0,13.79,13.78,13.77,13.76,13.75,13.74,13.73,13.72,13.71,13.7,13.8,13.81,13.82,13.83,13.84,13.85,13.86,13.87,13.88,13.89,3400,12700,15800,44100,27700,3700,6700,49500,146000,113400,23000,7400,26100,1500,5800,18500,2900,100,5000,7700
14241.0,13.8,22045100,301636527.0,13.79,13.78,13.77,13.76,13.75,13.74,13.73,13.72,13.71,13.7,13.8,13.81,13.82,13.83,13.84,13.85,13.86,13.87,13.88,13.89,3100,12700,15800,44100,27700,3700,6700,49500,146000,113400,19000,7400,26100,1500,5800,18500,2900,100,5000,7700
14242.0,13.8,22045100,301636527.0,13.79,13.78,13.77,13.76,13.75,13.74,13.73,13.72,13.71,13.7,13.8,13.81,13.82,13.83,13.84,13.85,13.86,13.87,13.88,13.89,3100,12700,15800,44100,27700,3700,6700,49500,146000,113400,19000,7400,26100,1500,5800,18500,2900,100,5000,7700
14243.0,13.8,22047700,301672406.0,13.79,13.78,13.77,13.76,13.75,13.74,13.73,13.72,13.71,13.7,13.8,13.81,13.82,13.83,13.84,13.85,13.86,13.87,13.88,13.89,3000,12700,15800,44100,27700,3700,6700,49500,146000,113400,16500,7400,26100,1500,5800,18500,2900,100,5000,7700
14244.0,13.8,22048200,301679303.0,13.79,13.78,13.77,13.76,13.75,13.74,13.73,13.72,13.71,13.7,13.8,13.81,13.82,13.83,13.84,13.85,13.86,13.87,13.88,13.89,2700,12700,15800,44100,27700,3700,6700,49500,146000,113400,28600,7400,26100,1500,5800,18500,2900,100,5000,7700
14245.0,13.8,22049700,301699996.0,13.79,13.78,13.77,13.76,13.75,13.74,13.73,13.72,13.71,13.7,13.8,13.81,13.82,13.83,13.84,13.85,13.86,13.87,13.88,13.89,2000,12700,15800,44100,27700,3700,6700,49500,146000,113400,27800,7400,28000,1500,5800,18500,2900,100,5000,7700
14246.0,13.8,22053900,301757956.0,13.79,13.78,13.77,13.76,13.75,13.74,13.73,13.72,13.71,13.7,13.8,13.81,13.82,13.83,13.84,13.85,13.86,13.87,13.88,13.89,2000,12700,15800,44100,27700,3700,6700,49500,146000,113400,23600,7400,28000,1500,5800,18500,2900,100,5000,7700
14247.0,13.8,22055400,301778649.0,13.79,13.78,13.77,13.76,13.75,13.74,13.73,13.72,13.71,13.7,13.8,13.81,13.82,13.83,13.84,13.85,13.86,13.87,13.88,13.89,1900,12700,15800,44100,27700,3700,6700,49500,146000,113400,22800,7400,28000,1500,5800,18500,2900,100,5000,7700
14248.0,13.78,22062500,301876506.0,13.79,13.78,13.77,13.76,13.75,13.74,13.73,13.72,13.71,13.7,13.8,13.81,13.82,13.83,13.84,13.85,13.86,13.87,13.88,13.89,300,7500,15800,44100,27700,3700,6700,49500,146000,113400,22800,7400,28000,1500,5800,18500,2900,100,5000,7700
14249.0,13.8,22062800,301880646.0,13.79,13.78,13.77,13.76,13.75,13.74,13.73,13.72,13.71,13.7,13.8,13.81,13.82,13.83,13.84,13.85,13.86,13.87,13.88,13.89,300,7500,15800,44100,27700,3700,6700,49500,146000,113400,25900,7400,28000,1500,5800,18500,2900,100,5000,7700
14250.0,13.8,22065900,301923426.0,13.79,13.78,13.77,13.76,13.75,13.74,13.73,13.72,13.71,13.7,13.8,13.81,13.82,13.83,13.84,13.85,13.86,13.87,13.88,13.89,300,7500,15800,44100,27700,3700,6700,49500,146000,113400,25400,7400,28000,1500,5800,18500,2900,100,5000,7700
14251.0,13.79,22066900,301937210.0,13.79,13.78,13.77,13.76,13.75,13.74,13.73,13.72,13.71,13.7,13.8,13.81,13.82,13.83,13.84,13.85,13.86,13.87,13.88,13.89,1300,6900,15800,44100,27700,3700,6700,49500,146000,113400,27400,7400,28000,1500,5800,18500,2900,100,5000,7700
14252.0,13.78,22068900,301964783.0,13.78,13.77,13.76,13.75,13.74,13.73,13.72,13.71,13.7,13.69,13.8,13.81,13.82,13.83,13.84,13.85,13.86,13.87,13.88,13.89,6200,15800,44100,27700,3700,6700,49500,146000,113400,9600,27400,7400,28000,1500,5800,18500,2900,100,5000,7700
14253.0,13.78,22076500,302069511.0,13.78,13.77,13.76,13.75,13.74,13.73,13.72,13.71,13.7,13.69,13.8,13.81,13.82,13.83,13.84,13.85,13.86,13.87,13.88,13.89,300,15800,44100,27700,3700,6700,49500,146000,113400,9600,29500,7400,28000,1500,5800,18500,2900,100,5000,7700
14254.0,13.78,22076500,302069511.0,13.79,13.78,13.77,13.76,13.75,13.74,13.73,13.72,13.71,13.7,13.8,13.81,13.82,13.83,13.84,13.85,13.86,13.87,13.88,13.89,100,2200,15800,44100,27700,3700,6700,49500,146000,113400,31700,7400,28000,1500,5800,18500,2900,100,5000,7700
14255.0,13.78,22076500,302069511.0,13.79,13.78,13.77,13.76,13.75,13.74,13.73,13.72,13.71,13.7,13.8,13.81,13.82,13.83,13.84,13.85,13.86,13.87,13.88,13.89,100,2200,15800,44100,27700,3700,6700,49500,146000,113400,31700,7400,28000,1500,5800,18500,2900,100,5000,7700
14256.0,13.8,22077000,302076411.0,13.79,13.78,13.77,13.76,13.75,13.74,13.73,13.72,13.71,13.7,13.8,13.81,13.82,13.83,13.84,13.85,13.86,13.87,13.88,13.89,100,2200,15800,44100,27700,3700,6700,49500,146000,113400,31200,7400,28000,1500,5800,18500,2900,100,5000,7700
14257.0,13.8,22077200,302079171.0,13.79,13.78,13.77,13.76,13.75,13.74,13.73,13.72,13.71,13.7,13.8,13.81,13.82,13.83,13.84,13.85,13.86,13.87,13.88,13.89,100,2200,15800,44100,27700,3700,6700,49500,146000,113400,31700,7400,28000,1500,5800,18500,2900,100,5000,7700
14258.0,13.8,22077200,302079171.0,13.79,13.78,13.77,13.76,13.75,13.74,13.73,13.72,13.71,13.7,13.8,13.81,13.82,13.83,13.84,13.85,13.86,13.87,13.88,13.89,100,2200,15800,44100,27700,3700,6700,49500,146000,113400,32800,7400,28000,1500,5800,18500,2900,100,5000,7700
14259.0,13.8,22077200,302079171.0,13.79,13.78,13.77,13.76,13.75,13.74,13.73,13.72,13.71,13.7,13.8,13.81,13.82,13.83,13.84,13.85,13.86,13.87,13.88,13.89,100,2200,15800,44100,27700,3700,6700,49500,146000,113400,32800,7400,28000,1500,5800,18500,2900,100,5000,7700
14260.0,13.8,22079700,302113671.0,13.79,13.78,13.77,13.76,13.75,13.74,13.73,13.72,13.71,13.7,13.8,13.81,13.82,13.83,13.84,13.85,13.86,13.87,13.88,13.89,100,2200,15800,44100,27700,3700,6700,49500,146000,113400,31600,7400,28000,1500,5800,18500,2900,100,5000,7700
14261.0,13.79,22080400,302123324.0,13.78,13.77,13.76,13.75,13.74,13.73,13.72,13.71,13.7,13.69,13.8,13.81,13.82,13.83,13.84,13.85,13.86,13.87,13.88,13.89,2200,15800,44100,27700,3700,6700,49500,146000,113400,9600,31600,7400,28000,1500,5800,18500,2900,100,5000,7700
14262.0,13.79,22080400,302123324.0,13.78,13.77,13.76,13.75,13.74,13.73,13.72,13.71,13.7,13.69,13.8,13.81,13.82,13.83,13.84,13.85,13.86,13.87,13.88,13.89,3100,15800,44100,27700,3700,6700,49500,146000,113400,9600,32500,7400,28000,1500,5800,18500,2900,100,5000,7700
14263.0,13.78,22080700,302127458.0,13.78,13.77,13.76,13.75,13.74,13.73,13.72,13.71,13.7,13.69,13.8,13.81,13.82,13.83,13.84,13.85,13.86,13.87,13.88,13.89,2800,15800,44100,27700,3700,6700,49500,146000,113400,9600,32500,7400,28000,1500,5800,18500,2900,100,5000,7700
14264.0,13.8,22083100,302160578.0,13.78,13.77,13.76,13.75,13.74,13.73,13.72,13.71,13.7,13.69,13.8,13.81,13.82,13.83,13.84,13.85,13.86,13.87,13.88,13.89,5000,15800,44100,27700,3700,6700,49500,146000,113400,9600,32300,7400,28000,1500,5800,18500,2900,100,5000,7700
14265.0,13.8,22083100,302160578.0,13.78,13.77,13.76,13.75,13.74,13.73,13.72,13.71,13.7,13.69,13.79,13.8,13.81,13.82,13.83,13.84,13.85,13.86,13.87,13.88,5900,15800,44100,27700,3700,6700,49500,146000,113400,9600,800,33200,7400,28000,1500,5800,18500,2900,100,5000
14266.0,13.79,22084400,302178500.0,13.79,13.78,13.77,13.76,13.75,13.74,13.73,13.72,13.71,13.7,13.8,13.81,13.82,13.83,13.84,13.85,13.86,13.87,13.88,13.89,3000,5400,15800,44100,27700,3700,6700,49500,146000,113400,33700,7400,28000,1500,5800,18500,2900,100,5000,7700
14267.0,13.8,22087500,302221277.0,13.79,13.78,13.77,13.76,13.75,13.74,13.73,13.72,13.71,13.7,13.8,13.81,13.82,13.83,13.84,13.85,13.86,13.87,13.88,13.89,2700,5400,15800,44100,27700,3700,6700,49500,146000,113400,31700,7400,28000,1500,5800,18500,2900,100,5000,7700
14268.0,13.79,22098100,302367543.0,13.79,13.78,13.77,13.76,13.75,13.74,13.73,13.72,13.71,13.7,13.8,13.81,13.82,13.83,13.84,13.85,13.86,13.87,13.88,13.89,1300,5400,15800,44100,27700,3700,6700,49500,146000,113400,22500,7400,28000,1500,5800,18500,2900,100,5000,7700
14269.0,13.8,22098600,302374443.0,13.79,13.78,13.77,13.76,13.75,13.74,13.73,13.72,13.71,13.7,13.8,13.81,13.82,13.83,13.84,13.85,13.86,13.87,13.88,13.89,1300,5400,15800,44100,27700,3700,6700,49500,146000,113400,22000,7400,28000,1500,5800,18500,2900,100,5000,7700
14270.0,13.79,22098700,302375822.0,13.79,13.78,13.77,13.76,13.75,13.74,13.73,13.72,13.71,13.7,13.8,13.81,13.82,13.83,13.84,13.85,13.86,13.87,13.88,13.89,1200,5400,15800,44100,27700,3700,6700,49500,146000,113400,22000,7400,28000,1500,5800,18500,2900,100,5000,7700
14271.0,13.79,22098700,302375822.0,13.79,13.78,13.77,13.76,13.75,13.74,13.73,13.72,13.71,13.7,13.8,13.81,13.82,13.83,13.84,13.85,13.86,13.87,13.88,13.89,1200,5400,15800,44100,27700,3700,6700,49500,146000,113400,22000,7400,28000,1500,5800,18500,2900,100,5000,7700
14272.0,13.79,22099000,302379959.0,13.79,13.78,13.77,13.76,13.75,13.74,13.73,13.72,13.71,13.7,13.8,13.81,13.82,13.83,13.84,13.85,13.86,13.87,13.88,13.89,900,5400,15800,44100,27700,3700,6700,49500,146000,113400,22000,7400,28000,1500,5800,18500,2900,100,5000,7700
14273.0,13.8,22099200,302382719.0,13.79,13.78,13.77,13.76,13.75,13.74,13.73,13.72,13.71,13.7,13.8,13.81,13.82,13.83,13.84,13.85,13.86,13.87,13.88,13.89,900,5400,15800,44100,27700,3700,6700,49500,146000,113400,21800,7400,28000,1500,5800,18500,2900,100,5000,7700
14274.0,13.8,22100100,302395139.0,13.79,13.78,13.77,13.76,13.75,13.74,13.73,13.72,13.71,13.7,13.8,13.81,13.82,13.83,13.84,13.85,13.86,13.87,13.88,13.89,900,5400,15800,44100,27700,3700,6700,49500,146000,113400,20900,7400,28000,1500,5800,18500,2900,100,5000,7700
14275.0,13.8,22102600,302429637.0,13.79,13.78,13.77,13.76,13.75,13.74,13.73,13.72,13.71,13.7,13.8,13.81,13.82,13.83,13.84,13.85,13.86,13.87,13.88,13.89,700,5400,15800,44100,27700,3700,6700,49500,146000,113400,18600,7400,28000,1500,5800,18500,2900,100,5000,7700
14276.0,13.8,22106400,302482077.0,13.79,13.78,13.77,13.76,13.75,13.74,13.73,13.72,13.71,13.7,13.8,13.81,13.82,13.83,13.84,13.85,13.86,13.87,13.88,13.89,700,5400,15800,44100,27700,3700,6700,49500,146000,113400,14800,7400,28000,1500,5800,18500,2900,100,5000,7700
14277.0,13.8,22106900,302488977.0,13.79,13.78,13.77,13.76,13.75,13.74,13.73,13.72,13.71,13.7,13.8,13.81,13.82,13.83,13.84,13.85,13.86,13.87,13.88,13.89,700,5400,15800,44100,27700,3700,6700,49500,146000,113400,17800,7400,28000,1500,5800,18500,2900,100,5000,7700
14278.0,13.8,22107900,302502772.0,13.79,13.78,13.77,13.76,13.75,13.74,13.73,13.72,13.71,13.7,13.8,13.81,13.82,13.83,13.84,13.85,13.86,13.87,13.88,13.89,200,5400,15800,44100,27700,3700,6700,49500,146000,113400,18500,7400,28000,1500,5800,18500,2900,100,5000,7700
14279.0,13.8,22107900,302502772.0,13.79,13.78,13.77,13.76,13.75,13.74,13.73,13.72,13.71,13.7,13.8,13.81,13.82,13.83,13.84,13.85,13.86,13.87,13.88,13.89,200,5400,15800,44100,27700,3700,6700,49500,146000,113400,32900,7400,28000,1500,5800,18500,2900,100,5000,7700
14280.0,13.8,22108100,302505532.0,13.79,13.78,13.77,13.76,13.75,13.74,13.73,13.72,13.71,13.7,13.8,13.81,13.82,13.83,13.84,13.85,13.86,13.87,13.88,13.89,200,5400,15800,44100,27700,3700,6700,49500,146000,113400,32700,7400,28000,1500,5800,18500,2900,100,5000,7700
14281.0,13.8,22108100,302505532.0,13.79,13.78,13.77,13.76,13.75,13.74,13.73,13.72,13.71,13.7,13.8,13.81,13.82,13.83,13.84,13.85,13.86,13.87,13.88,13.89,200,5400,15800,44100,27700,3700,6700,49500,146000,113400,32700,7400,28000,1500,5800,18500,2900,100,5000,7700
14282.0,13.78,22111800,302556520.0,13.78,13.77,13.76,13.75,13.74,13.73,13.72,13.71,13.7,13.69,13.8,13.81,13.82,13.83,13.84,13.85,13.86,13.87,13.88,13.89,1900,15800,44100,27700,3700,6700,49500,146000,113400,9600,33700,7400,28000,1500,5800,18500,2900,100,5000,7700
14283.0,13.77,22117400,302633651.0,13.77,13.76,13.75,13.74,13.73,13.72,13.71,13.7,13.69,13.68,13.8,13.81,13.82,13.83,13.84,13.85,13.86,13.87,13.88,13.89,12100,44100,27700,3700,6700,49500,146000,113400,9600,16600,34800,7400,28000,1500,5800,18500,2900,100,5000,7700
14284.0,13.77,22117400,302633651.0,13.78,13.77,13.76,13.75,13.74,13.73,13.72,13.71,13.7,13.69,13.8,13.81,13.82,13.83,13.84,13.85,13.86,13.87,13.88,13.89,900,14400,44100,27700,3700,6700,49500,146000,113400,9600,37100,7400,28000,1500,5800,18500,2900,100,5000,7700
14285.0,13.77,22117400,302633651.0,13.78,13.77,13.76,13.75,13.74,13.73,13.72,13.71,13.7,13.69,13.8,13.81,13.82,13.83,13.84,13.85,13.86,13.87,13.88,13.89,900,14400,44100,27700,3700,6700,49500,146000,113400,9600,37100,7400,28000,1500,5800,18500,2900,100,5000,7700
14286.0,13.8,22118800,302652967.0,13.79,13.78,13.77,13.76,13.75,13.74,13.73,13.72,13.71,13.7,13.8,13.81,13.82,13.83,13.84,13.85,13.86,13.87,13.88,13.89,200,2300,14400,44100,27700,3700,6700,49500,146000,113400,37500,7400,28000,1500,5800,18500,2900,100,5000,7700
14287.0,13.8,22120300,302673667.0,13.79,13.78,13.77,13.76,13.75,13.74,13.73,13.72,13.71,13.7,13.8,13.81,13.82,13.83,13.84,13.85,13.86,13.87,13.88,13.89,200,2300,14400,44100,27700,3700,6700,49500,146000,113400,36000,7400,28000,1500,5800,18500,2900,100,5000,7700
14288.0,13.8,22120600,302677807.0,13.79,13.78,13.77,13.76,13.75,13.74,13.73,13.72,13.71,13.7,13.8,13.81,13.82,13.83,13.84,13.85,13.86,13.87,13.88,13.89,200,2300,14400,44100,27700,3700,6700,49500,146000,113400,35700,7400,28000,1500,5800,18500,2900,100,5000,7700
14289.0,13.8,22120600,302677807.0,13.79,13.78,13.77,13.76,13.75,13.74,13.73,13.72,13.71,13.7,13.8,13.81,13.82,13.83,13.84,13.85,13.86,13.87,13.88,13.89,200,2300,14400,44100,27700,3700,6700,49500,146000,113400,35800,7400,28000,1500,5800,18500,2900,100,5000,7700
14290.0,13.8,22123000,302710927.0,13.79,13.78,13.77,13.76,13.75,13.74,13.73,13.72,13.71,13.7,13.8,13.81,13.82,13.83,13.84,13.85,13.86,13.87,13.88,13.89,200,2300,14400,44100,27700,3700,6700,49500,146000,113400,33400,7400,28000,1500,5800,18500,2900,100,5000,7700
14291.0,13.8,22123000,302710927.0,13.79,13.78,13.77,13.76,13.75,13.74,13.73,13.72,13.71,13.7,13.8,13.81,13.82,13.83,13.84,13.85,13.86,13.87,13.88,13.89,200,2300,14400,44100,27700,3700,6700,49500,146000,113400,35200,7400,28000,1500,5800,18500,2900,100,5000,7700
14292.0,13.79,22123200,302713685.0,13.78,13.77,13.76,13.75,13.74,13.73,13.72,13.71,13.7,13.69,13.79,13.8,13.81,13.82,13.83,13.84,13.85,13.86,13.87,13.88,2300,14400,44100,27700,3700,6700,49500,146000,113400,9600,800,36100,7400,28000,1500,5800,18500,2900,100,5000
14293.0,13.79,22123900,302723338.0,13.78,13.77,13.76,13.75,13.74,13.73,13.72,13.71,13.7,13.69,13.79,13.8,13.81,13.82,13.83,13.84,13.85,13.86,13.87,13.88,2300,14400,44100,27700,3700,6700,49500,146000,113400,9600,100,36100,7400,28000,1500,5800,18500,2900,100,5000
14294.0,13.79,22123900,302723338.0,13.78,13.77,13.76,13.75,13.74,13.73,13.72,13.71,13.7,13.69,13.79,13.8,13.81,13.82,13.83,13.84,13.85,13.86,13.87,13.88,2300,14400,44100,27700,3700,6700,49500,146000,113400,9600,100,36100,7400,28000,1500,5800,18500,2900,100,5000
14295.0,13.78,22125400,302744023.0,13.78,13.77,13.76,13.75,13.74,13.73,13.72,13.71,13.7,13.69,13.8,13.81,13.82,13.83,13.84,13.85,13.86,13.87,13.88,13.89,1600,14400,44100,27700,3700,6700,49500,146000,113400,9600,35400,7400,28000,1500,5800,18500,2900,100,5000,7700
14296.0,13.8,22126000,302752299.0,13.78,13.77,13.76,13.75,13.74,13.73,13.72,13.71,13.7,13.69,13.8,13.81,13.82,13.83,13.84,13.85,13.86,13.87,13.88,13.89,2800,14400,44100,27700,3700,6700,49500,146000,113400,9600,36400,7400,28000,1500,5800,18500,2900,100,5000,7700
14297.0,13.78,22128800,302790903.0,13.78,13.77,13.76,13.75,13.74,13.73,13.72,13.71,13.7,13.69,13.8,13.81,13.82,13.83,13.84,13.85,13.86,13.87,13.88,13.89,1900,14400,44100,27700,3700,6700,49500,146000,113400,9600,36300,7400,28000,1500,5800,18500,2900,100,5000,7700
14298.0,13.78,22129800,302804687.0,13.78,13.77,13.76,13.75,13.74,13.73,13.72,13.71,13.7,13.69,13.8,13.81,13.82,13.83,13.84,13.85,13.86,13.87,13.88,13.89,3300,14400,44100,27700,3700,6700,49500,146000,113400,9600,39300,7400,28000,1500,5800,18500,2900,100,5000,7700
14299.0,13.78,22131500,302828117.0,13.78,13.77,13.76,13.75,13.74,13.73,13.72,13.71,13.7,13.69,13.8,13.81,13.82,13.83,13.84,13.85,13.86,13.87,13.88,13.89,2700,14400,44100,27700,3700,6700,49500,146000,113400,9600,40100,7400,28000,1500,5800,18500,2900,100,5000,7700
14300.0,13.78,22131500,302828117.0,13.78,13.77,13.76,13.75,13.74,13.73,13.72,13.71,13.7,13.69,13.8,13.81,13.82,13.83,13.84,13.85,13.86,13.87,13.88,13.89,4000,14400,44100,27700,3700,6700,49500,146000,113400,9600,41700,7400,28000,1500,5800,18500,2900,100,5000,7700
14301.0,13.8,22131700,302830877.0,13.78,13.77,13.76,13.75,13.74,13.73,13.72,13.71,13.7,13.69,13.8,13.81,13.82,13.83,13.84,13.85,13.86,13.87,13.88,13.89,5500,14400,44100,27700,3700,6700,49500,146000,113400,9600,43300,7400,28000,1500,5800,18500,2900,100,5000,7700
14302.0,13.8,22132700,302844667.0,13.79,13.78,13.77,13.76,13.75,13.74,13.73,13.72,13.71,13.7,13.8,13.81,13.82,13.83,13.84,13.85,13.86,13.87,13.88,13.89,100,5000,14400,44100,27700,3700,6700,49500,146000,113400,42800,7400,28000,1500,5800,18500,2900,100,5000,7700
14303.0,13.8,22133500,302855706.0,13.78,13.77,13.76,13.75,13.74,13.73,13.72,13.71,13.7,13.69,13.8,13.81,13.82,13.83,13.84,13.85,13.86,13.87,13.88,13.89,5000,14400,44100,27700,3700,6700,49500,146000,113400,9600,42100,7400,28000,1500,5800,18500,2900,100,5000,7700
14304.0,13.8,22136500,302897106.0,13.78,13.77,13.76,13.75,13.74,13.73,13.72,13.71,13.7,13.69,13.8,13.81,13.82,13.83,13.84,13.85,13.86,13.87,13.88,13.89,6500,14400,44100,27700,3700,6700,49500,146000,113400,9600,40600,7400,28000,1500,5800,18500,2900,100,5000,7700
14305.0,13.8,22139900,302943994.0,13.78,13.77,13.76,13.75,13.74,13.73,13.72,13.71,13.7,13.69,13.8,13.81,13.82,13.83,13.84,13.85,13.86,13.87,13.88,13.89,4900,14400,44100,27700,3700,6700,49500,146000,113400,9600,38900,7400,28000,1500,5800,18500,2900,100,5000,7700
14306.0,13.8,22142200,302975702.0,13.78,13.77,13.76,13.75,13.74,13.73,13.72,13.71,13.7,13.69,13.8,13.81,13.82,13.83,13.84,13.85,13.86,13.87,13.88,13.89,3300,14400,44100,27700,3700,6700,49500,146000,113400,9600,40000,7400,28000,1500,5800,18500,2900,100,5000,7700
14307.0,13.8,22142200,302975702.0,13.78,13.77,13.76,13.75,13.74,13.73,13.72,13.71,13.7,13.69,13.8,13.81,13.82,13.83,13.84,13.85,13.86,13.87,13.88,13.89,4200,14400,44100,27700,3700,6700,49500,146000,113400,9600,40900,7400,28000,1500,5800,18500,2900,100,5000,7700
14308.0,13.8,22143200,302989502.0,13.78,13.77,13.76,13.75,13.74,13.73,13.72,13.71,13.7,13.69,13.8,13.81,13.82,13.83,13.84,13.85,13.86,13.87,13.88,13.89,4800,14400,44100,27700,3700,6700,49500,146000,113400,9600,40500,7400,28000,1500,5800,18500,2900,100,5000,7700
14309.0,13.8,22144000,303000534.0,13.78,13.77,13.76,13.75,13.74,13.73,13.72,13.71,13.7,13.69,13.8,13.81,13.82,13.83,13.84,13.85,13.86,13.87,13.88,13.89,4400,14400,44100,27700,3700,6700,49500,146000,113400,9600,40100,7400,28000,1500,5800,18500,2900,100,5000,7700
14310.0,13.78,22144400,303006046.0,13.78,13.77,13.76,13.75,13.74,13.73,13.72,13.71,13.7,13.69,13.8,13.81,13.82,13.83,13.84,13.85,13.86,13.87,13.88,13.89,4800,14400,44100,27700,3700,6700,49500,146000,113400,9600,40900,7400,28000,1500,5800,18500,2900,100,5000,7700
14311.0,13.78,22145500,303021204.0,13.78,13.77,13.76,13.75,13.74,13.73,13.72,13.71,13.7,13.69,13.8,13.81,13.82,13.83,13.84,13.85,13.86,13.87,13.88,13.89,4400,14400,44100,27700,3700,6700,49500,146000,113400,9600,41500,7400,28000,1500,5800,18500,2900,100,5000,7700
14312.0,13.78,22149300,303073568.0,13.78,13.77,13.76,13.75,13.74,13.73,13.72,13.71,13.7,13.69,13.8,13.81,13.82,13.83,13.84,13.85,13.86,13.87,13.88,13.89,600,14400,44100,27700,3700,6700,49500,146000,113400,9600,42400,7400,28000,1500,5800,18500,2900,100,5000,7700
14313.0,13.8,22149800,303080468.0,13.78,13.77,13.76,13.75,13.74,13.73,13.72,13.71,13.7,13.69,13.8,13.81,13.82,13.83,13.84,13.85,13.86,13.87,13.88,13.89,1400,14400,44100,27700,3700,6700,49500,146000,113400,9600,41900,7400,28000,1500,5800,18500,2900,100,5000,7700
14314.0,13.8,22150100,303084604.0,13.78,13.77,13.76,13.75,13.74,13.73,13.72,13.71,13.7,13.69,13.8,13.81,13.82,13.83,13.84,13.85,13.86,13.87,13.88,13.89,1200,14400,44100,27700,3700,6700,49500,146000,113400,9600,41800,7400,28000,1500,5800,18500,2900,100,5000,7700
14315.0,13.78,22152400,303116328.0,13.78,13.77,13.76,13.75,13.74,13.73,13.72,13.71,13.7,13.69,13.8,13.81,13.82,13.83,13.84,13.85,13.86,13.87,13.88,13.89,1800,14400,44100,27700,3700,6700,49500,146000,113400,9600,41700,7400,28000,1500,5800,18500,2900,100,5000,7700
14316.0,13.8,22163200,303265368.0,13.78,13.77,13.76,13.75,13.74,13.73,13.72,13.71,13.7,13.69,13.8,13.81,13.82,13.83,13.84,13.85,13.86,13.87,13.88,13.89,1800,14400,44100,27700,3700,6700,49500,146000,113400,9600,31400,7400,28000,1500,5800,18500,2900,100,5000,7700
14317.0,13.77,22165300,303294309.0,13.77,13.76,13.75,13.74,13.73,13.72,13.71,13.7,13.69,13.68,13.8,13.81,13.82,13.83,13.84,13.85,13.86,13.87,13.88,13.89,14300,44100,27700,3700,6700,49500,146000,113400,9600,16600,31200,7400,28000,1500,5800,18500,2900,100,5000,7700
14318.0,13.77,22166000,303303948.0,13.77,13.76,13.75,13.74,13.73,13.72,13.71,13.7,13.69,13.68,13.8,13.81,13.82,13.83,13.84,13.85,13.86,13.87,13.88,13.89,16500,44100,27700,3700,6700,49500,146000,113400,9600,16600,34100,7400,28000,1500,5800,18500,2900,100,5000,7700
14319.0,13.77,22166000,303303948.0,13.77,13.76,13.75,13.74,13.73,13.72,13.71,13.7,13.69,13.68,13.8,13.81,13.82,13.83,13.84,13.85,13.86,13.87,13.88,13.89,16500,44100,27700,3700,6700,49500,146000,113400,9600,16600,34100,7400,28000,1500,5800,18500,2900,100,5000,7700
14320.0,13.77,22166000,303303948.0,13.79,13.77,13.76,13.75,13.74,13.73,13.72,13.71,13.7,13.69,13.8,13.81,13.82,13.83,13.84,13.85,13.86,13.87,13.88,13.89,1200,16500,44100,27700,3700,6700,49500,146000,113400,9600,34100,7400,28000,1500,5800,18500,2900,100,5000,7700
14321.0,13.77,22170200,303361806.0,13.77,13.76,13.75,13.74,13.73,13.72,13.71,13.7,13.69,13.68,13.8,13.81,13.82,13.83,13.84,13.85,13.86,13.87,13.88,13.89,13500,44100,27700,3700,6700,49500,146000,113400,9600,16600,39100,7400,28000,1500,5800,18500,2900,100,5000,7700
14322.0,13.77,22170200,303361806.0,13.77,13.76,13.75,13.74,13.73,13.72,13.71,13.7,13.69,13.68,13.8,13.81,13.82,13.83,13.84,13.85,13.86,13.87,13.88,13.89,13500,44100,27700,3700,6700,49500,146000,113400,9600,16600,39100,7400,28000,1500,5800,18500,2900,100,5000,7700
14323.0,13.77,22170200,303361806.0,13.77,13.76,13.75,13.74,13.73,13.72,13.71,13.7,13.69,13.68,13.8,13.81,13.82,13.83,13.84,13.85,13.86,13.87,13.88,13.89,13500,44100,27700,3700,6700,49500,146000,113400,9600,16600,39100,7400,28000,1500,5800,18500,2900,100,5000,7700
14324.0,13.77,22170900,303371445.0,13.77,13.76,13.75,13.74,13.73,13.72,13.71,13.7,13.69,13.68,13.8,13.81,13.82,13.83,13.84,13.85,13.86,13.87,13.88,13.89,15600,44100,27700,3700,6700,49500,146000,113400,9600,16600,42200,7400,28000,1500,5800,18500,2900,100,5000,7700
14325.0,13.77,22173000,303400362.0,13.77,13.76,13.75,13.74,13.73,13.72,13.71,13.7,13.69,13.68,13.8,13.81,13.82,13.83,13.84,13.85,13.86,13.87,13.88,13.89,13500,44100,27700,3700,6700,49500,146000,113400,9600,16600,42200,7400,28000,1500,5800,18500,2900,100,5000,7700
14326.0,13.8,22174000,303414162.0,13.77,13.76,13.75,13.74,13.73,13.72,13.71,13.7,13.69,13.68,13.79,13.8,13.81,13.82,13.83,13.84,13.85,13.86,13.87,13.88,15600,44100,27700,3700,6700,49500,146000,113400,9600,16600,200,43800,7400,28000,1500,5800,18500,2900,100,5000
14327.0,13.8,22174500,303421060.0,13.77,13.76,13.75,13.74,13.73,13.72,13.71,13.7,13.69,13.68,13.8,13.81,13.82,13.83,13.84,13.85,13.86,13.87,13.88,13.89,15600,44100,27700,3700,6700,49500,146000,113400,9600,16600,43500,7400,28000,1500,5800,18500,2900,100,5000,7700
14328.0,13.8,22177200,303458299.0,13.77,13.76,13.75,13.74,13.73,13.72,13.71,13.7,13.69,13.68,13.8,13.81,13.82,13.83,13.84,13.85,13.86,13.87,13.88,13.89,15500,44100,27700,3700,6700,49500,146000,113400,9600,16600,42100,7400,28000,1500,5800,18500,2900,100,5000,7700
14329.0,13.8,22186900,303592159.0,13.77,13.76,13.75,13.74,13.73,13.72,13.71,13.7,13.69,13.68,13.8,13.81,13.82,13.83,13.84,13.85,13.86,13.87,13.88,13.89,17500,44100,27700,3700,6700,49500,146000,113400,9600,16600,34400,7400,28000,1500,5800,18500,2900,100,5000,7700
14330.0,13.77,22188000,303607318.0,13.77,13.76,13.75,13.74,13.73,13.72,13.71,13.7,13.69,13.68,13.8,13.81,13.82,13.83,13.84,13.85,13.86,13.87,13.88,13.89,16800,44100,27700,3700,6700,49500,146000,113400,9600,16600,34000,7400,28000,1500,5800,18500,2900,100,5000,7700
14331.0,13.8,22188800,303618337.0,13.77,13.76,13.75,13.74,13.73,13.72,13.71,13.7,13.69,13.68,13.8,13.81,13.82,13.83,13.84,13.85,13.86,13.87,13.88,13.89,17400,44100,27700,3700,6700,49500,146000,113400,9600,16600,35200,7400,28000,1500,5800,18500,2900,100,5000,7700
14332.0,13.77,22191800,303659647.0,13.77,13.76,13.75,13.74,13.73,13.72,13.71,13.7,13.69,13.68,13.8,13.81,13.82,13.83,13.84,13.85,13.86,13.87,13.88,13.89,16000,44100,27700,3700,6700,49500,146000,113400,9600,16600,36800,7400,28000,1500,5800,18500,2900,100,5000,7700
14333.0,13.77,22191800,303659647.0,13.77,13.76,13.75,13.74,13.73,13.72,13.71,13.7,13.69,13.68,13.8,13.81,13.82,13.83,13.84,13.85,13.86,13.87,13.88,13.89,16000,44100,27700,3700,6700,49500,146000,113400,9600,16600,36800,7400,28000,1500,5800,18500,2900,100,5000,7700
14334.0,13.8,22201200,303789346.0,13.77,13.76,13.75,13.74,13.73,13.72,13.71,13.7,13.69,13.68,13.8,13.81,13.82,13.83,13.84,13.85,13.86,13.87,13.88,13.89,16700,44100,27700,3700,6700,49500,146000,113400,9600,16600,29500,7400,28000,1500,5800,18500,2900,100,5000,7700
14335.0,13.8,22201200,303789346.0,13.79,13.77,13.76,13.75,13.74,13.73,13.72,13.71,13.7,13.69,13.8,13.81,13.82,13.83,13.84,13.85,13.86,13.87,13.88,13.89,200,17600,44100,27700,3700,6700,49500,146000,113400,9600,31200,7400,28000,1500,5800,18500,2900,100,5000,7700
14336.0,13.8,22203200,303816946.0,13.79,13.77,13.76,13.75,13.74,13.73,13.72,13.71,13.7,13.69,13.8,13.81,13.82,13.83,13.84,13.85,13.86,13.87,13.88,13.89,200,18300,44100,27700,3700,6700,49500,146000,113400,9600,30800,7400,28000,1500,5800,18500,2900,100,5000,7700
14337.0,13.8,22203200,303816946.0,13.79,13.78,13.77,13.76,13.75,13.74,13.73,13.72,13.71,13.7,13.8,13.81,13.82,13.83,13.84,13.85,13.86,13.87,13.88,13.89,200,600,18300,44100,27700,3700,6700,49500,146000,113400,30800,7400,28000,1500,5800,18500,2900,100,5000,7700
14338.0,13.77,22204200,303830726.0,13.77,13.76,13.75,13.74,13.73,13.72,13.71,13.7,13.69,13.68,13.8,13.81,13.82,13.83,13.84,13.85,13.86,13.87,13.88,13.89,18100,44100,27700,3700,6700,49500,146000,113400,9600,16600,30800,7400,28000,1500,5800,18500,2900,100,5000,7700
14339.0,13.8,22204400,303833486.0,13.77,13.76,13.75,13.74,13.73,13.72,13.71,13.7,13.69,13.68,13.78,13.8,13.81,13.82,13.83,13.84,13.85,13.86,13.87,13.88,18800,44100,27700,3700,6700,49500,146000,113400,9600,16600,1000,31300,7400,28000,1500,5800,18500,2900,100,5000
14340.0,13.77,22205100,303843125.0,13.77,13.76,13.75,13.74,13.73,13.72,13.71,13.7,13.69,13.68,13.78,13.8,13.81,13.82,13.83,13.84,13.85,13.86,13.87,13.88,18100,44100,27700,3700,6700,49500,146000,113400,9600,16600,1000,31300,7400,28000,1500,5800,18500,2900,100,5000
14341.0,13.77,22205100,303843125.0,13.77,13.76,13.75,13.74,13.73,13.72,13.71,13.7,13.69,13.68,13.78,13.8,13.81,13.82,13.83,13.84,13.85,13.86,13.87,13.88,18100,44100,27700,3700,6700,49500,146000,113400,9600,16600,1000,31300,7400,28000,1500,5800,18500,2900,100,5000
14342.0,13.77,22205100,303843125.0,13.77,13.76,13.75,13.74,13.73,13.72,13.71,13.7,13.69,13.68,13.78,13.8,13.81,13.82,13.83,13.84,13.85,13.86,13.87,13.88,18100,44100,27700,3700,6700,49500,146000,113400,9600,16600,1000,31400,7400,28000,1500,5800,18500,2900,100,5000
14343.0,13.8,22211600,303932784.0,13.77,13.76,13.75,13.74,13.73,13.72,13.71,13.7,13.69,13.68,13.8,13.81,13.82,13.83,13.84,13.85,13.86,13.87,13.88,13.89,17400,44100,27700,3700,6700,49500,146000,113400,9600,16600,26600,7400,28000,1500,5800,18500,2900,100,5000,7700
14344.0,13.77,22213600,303960369.0,13.77,13.76,13.75,13.74,13.73,13.72,13.71,13.7,13.69,13.68,13.8,13.81,13.82,13.83,13.84,13.85,13.86,13.87,13.88,13.89,17800,44100,27700,3700,6700,49500,146000,113400,9600,16600,26000,7400,28000,1500,5800,18500,2900,100,5000,7700
14345.0,13.77,22214300,303970008.0,13.77,13.76,13.75,13.74,13.73,13.72,13.71,13.7,13.69,13.68,13.8,13.81,13.82,13.83,13.84,13.85,13.86,13.87,13.88,13.89,18500,44100,27700,3700,6700,49500,146000,113400,9600,16600,27400,7400,28000,1500,5800,18500,2900,100,5000,7700
14346.0,13.8,22216200,303996207.0,13.77,13.76,13.75,13.74,13.73,13.72,13.71,13.7,13.69,13.68,13.8,13.81,13.82,13.83,13.84,13.85,13.86,13.87,13.88,13.89,17800,44100,27700,3700,6700,49500,146000,113400,9600,16600,26900,7400,28000,1500,5800,18500,2900,100,5000,7700
14347.0,13.8,22216200,303996207.0,13.77,13.76,13.75,13.74,13.73,13.72,13.71,13.7,13.69,13.68,13.8,13.81,13.82,13.83,13.84,13.85,13.86,13.87,13.88,13.89,19400,44100,27700,3700,6700,49500,146000,113400,9600,16600,27800,7400,28000,1500,5800,18500,2900,100,5000,7700
14348.0,13.77,22217600,304015485.0,13.77,13.76,13.75,13.74,13.73,13.72,13.71,13.7,13.69,13.68,13.8,13.81,13.82,13.83,13.84,13.85,13.86,13.87,13.88,13.89,19400,44100,27700,3700,6700,49500,146000,113400,9600,16600,29200,7400,28000,1500,5800,18500,2900,100,5000,7700
14349.0,13.8,22219900,304047204.0,13.77,13.76,13.75,13.74,13.73,13.72,13.71,13.7,13.69,13.68,13.8,13.81,13.82,13.83,13.84,13.85,13.86,13.87,13.88,13.89,18700,44100,27700,3700,6700,49500,146000,113400,9600,16600,27600,7400,28000,1500,5800,18500,2900,100,5000,7700
14350.0,13.8,22220600,304056864.0,13.77,13.76,13.75,13.74,13.73,13.72,13.71,13.7,13.69,13.68,13.8,13.81,13.82,13.83,13.84,13.85,13.86,13.87,13.88,13.89,20300,44100,27700,3700,6700,49500,146000,113400,9600,16600,28500,7400,28000,1500,5800,18500,2900,100,5000,7700
14351.0,13.8,22220900,304061004.0,13.77,13.76,13.75,13.74,13.73,13.72,13.71,13.7,13.69,13.68,13.8,13.81,13.82,13.83,13.84,13.85,13.86,13.87,13.88,13.89,20300,44100,27700,3700,6700,49500,146000,113400,9600,16600,28200,7400,28000,1500,5800,18500,2900,100,5000,7700
14352.0,13.8,22223600,304098233.0,13.77,13.76,13.75,13.74,13.73,13.72,13.71,13.7,13.69,13.68,13.8,13.81,13.82,13.83,13.84,13.85,13.86,13.87,13.88,13.89,20500,44100,27700,3700,6700,49500,146000,113400,9600,16600,28100,7400,28000,1500,5800,18500,2900,100,5000,7700
14353.0,13.8,22226900,304143740.0,13.77,13.76,13.75,13.74,13.73,13.72,13.71,13.7,13.69,13.68,13.8,13.81,13.82,13.83,13.84,13.85,13.86,13.87,13.88,13.89,20100,44100,27700,3700,6700,49500,146000,113400,9600,16600,26600,7400,28000,1500,5800,18500,2900,100,5000,7700
14354.0,13.8,22229900,304185140.0,13.77,13.76,13.75,13.74,13.73,13.72,13.71,13.7,13.69,13.68,13.8,13.81,13.82,13.83,13.84,13.85,13.86,13.87,13.88,13.89,20100,44100,27700,3700,6700,49500,146000,113400,9600,16600,24600,7400,28000,1500,5800,18500,2900,100,5000,7700
14355.0,13.77,22233200,304230581.0,13.77,13.76,13.75,13.74,13.73,13.72,13.71,13.7,13.69,13.68,13.8,13.81,13.82,13.83,13.84,13.85,13.86,13.87,13.88,13.89,17700,44100,27700,3700,6700,49500,146000,113400,9600,16600,26000,7400,28000,1500,5800,18500,2900,100,5000,7700
14356.0,13.8,22234400,304247120.0,13.77,13.76,13.75,13.74,13.73,13.72,13.71,13.7,13.69,13.68,13.8,13.81,13.82,13.83,13.84,13.85,13.86,13.87,13.88,13.89,17700,44100,27700,3700,6700,49500,146000,113400,9600,16600,30200,7400,28000,1500,5800,18500,2900,100,5000,7700
14357.0,13.8,22234900,304254020.0,13.77,13.76,13.75,13.74,13.73,13.72,13.71,13.7,13.69,13.68,13.8,13.81,13.82,13.83,13.84,13.85,13.86,13.87,13.88,13.89,18600,44100,27700,3700,6700,49500,146000,113400,9600,16600,30600,7400,28000,1500,5800,18500,2900,100,5000,7700
14358.0,13.8,22237500,304289879.0,13.77,13.76,13.75,13.74,13.73,13.72,13.71,13.7,13.69,13.68,13.8,13.81,13.82,13.83,13.84,13.85,13.86,13.87,13.88,13.89,17900,44100,27700,3700,6700,49500,146000,113400,9600,16600,28700,7400,28000,1500,5800,18500,2900,100,5000,7700
14359.0,13.8,22242600,304360196.0,13.77,13.76,13.75,13.74,13.73,13.72,13.71,13.7,13.69,13.68,13.8,13.81,13.82,13.83,13.84,13.85,13.86,13.87,13.88,13.89,16500,44100,27700,3700,6700,49500,146000,113400,9600,16600,26400,7400,28000,1500,5800,18500,2900,100,5000,7700
14360.0,13.8,22244900,304391936.0,13.77,13.76,13.75,13.74,13.73,13.72,13.71,13.7,13.69,13.68,13.8,13.81,13.82,13.83,13.84,13.85,13.86,13.87,13.88,13.89,17500,44100,27700,3700,6700,49500,146000,113400,9600,16600,25100,7400,28000,1500,5800,18500,2900,100,5000,7700
14361.0,13.8,22244900,304391936.0,13.77,13.76,13.75,13.74,13.73,13.72,13.71,13.7,13.69,13.68,13.8,13.81,13.82,13.83,13.84,13.85,13.86,13.87,13.88,13.89,18300,44100,27700,3700,6700,49500,146000,113400,9600,16600,25900,7400,28000,1500,5800,18500,2900,100,5000,7700
14362.0,13.8,22255600,304539575.0,13.77,13.76,13.75,13.74,13.73,13.72,13.71,13.7,13.69,13.68,13.8,13.81,13.82,13.83,13.84,13.85,13.86,13.87,13.88,13.89,18500,44100,27700,3700,6700,49500,146000,113400,9600,16600,16800,7400,28000,1500,5800,18500,2900,100,5000,7700
14363.0,13.8,22256000,304545089.0,13.77,13.76,13.75,13.74,13.73,13.72,13.71,13.7,13.69,13.68,13.8,13.81,13.82,13.83,13.84,13.85,13.86,13.87,13.88,13.89,18300,44100,27700,3700,6700,49500,146000,113400,9600,16600,16600,7400,28000,1500,5800,18500,2900,100,5000,7700
14364.0,13.8,22256000,304545089.0,13.77,13.76,13.75,13.74,13.73,13.72,13.71,13.7,13.69,13.68,13.8,13.81,13.82,13.83,13.84,13.85,13.86,13.87,13.88,13.89,19000,44100,27700,3700,6700,49500,146000,113400,9600,16600,18300,7400,28000,1500,5800,18500,2900,100,5000,7700
14365.0,13.8,22257700,304568528.0,13.77,13.76,13.75,13.74,13.73,13.72,13.71,13.7,13.69,13.68,13.79,13.8,13.81,13.82,13.83,13.84,13.85,13.86,13.87,13.88,19300,44100,27700,3700,6700,49500,146000,113400,9600,16600,4600,18300,7400,28000,1500,5800,18500,2900,100,5000
14366.0,13.77,22258400,304578167.0,13.77,13.76,13.75,13.74,13.73,13.72,13.71,13.7,13.69,13.68,13.79,13.8,13.81,13.82,13.83,13.84,13.85,13.86,13.87,13.88,18600,44100,27700,3700,6700,49500,146000,113400,9600,16600,4600,18300,7400,28000,1500,5800,18500,2900,100,5000
14367.0,13.8,22263500,304648501.0,13.77,13.76,13.75,13.74,13.73,13.72,13.71,13.7,13.69,13.68,13.8,13.81,13.82,13.83,13.84,13.85,13.86,13.87,13.88,13.89,18600,44100,27700,3700,6700,49500,146000,113400,9600,16600,17800,7400,28000,1500,5800,18500,2900,100,5000,7700
14368.0,13.77,22264200,304658140.0,13.77,13.76,13.75,13.74,13.73,13.72,13.71,13.7,13.69,13.68,13.8,13.81,13.82,13.83,13.84,13.85,13.86,13.87,13.88,13.89,17900,44100,27700,3700,6700,49500,146000,113400,9600,16600,20800,7400,28000,1500,5800,18500,2900,100,5000,7700
14369.0,13.8,22270500,304745074.0,13.77,13.76,13.75,13.74,13.73,13.72,13.71,13.7,13.69,13.68,13.8,13.81,13.82,13.83,13.84,13.85,13.86,13.87,13.88,13.89,17900,44100,27700,3700,6700,49500,146000,113400,9600,16600,15100,7400,28000,1500,5800,18500,2900,100,5000,7700
14370.0,13.8,22273000,304779574.0,13.77,13.76,13.75,13.74,13.73,13.72,13.71,13.7,13.69,13.68,13.8,13.81,13.82,13.83,13.84,13.85,13.86,13.87,13.88,13.89,18700,44100,27700,3700,6700,49500,146000,113400,9600,16600,16700,7400,28000,1500,5800,18500,2900,100,5000,7700
14371.0,13.8,22274600,304801612.0,13.77,13.76,13.75,13.74,13.73,13.72,13.71,13.7,13.69,13.68,13.8,13.81,13.82,13.83,13.84,13.85,13.86,13.87,13.88,13.89,17300,44100,27700,3700,6700,49500,146000,113400,9600,16600,16500,7400,28000,1500,5800,18500,2900,100,5000,7700
14372.0,13.8,22275100,304808512.0,13.77,13.76,13.75,13.74,13.73,13.72,13.71,13.7,13.69,13.68,13.8,13.81,13.82,13.83,13.84,13.85,13.86,13.87,13.88,13.89,17300,44100,27700,3700,6700,49500,146000,113400,9600,16600,18800,7400,28000,1500,5800,18500,2900,100,5000,7700
14373.0,13.77,22276000,304820929.0,13.77,13.76,13.75,13.74,13.73,13.72,13.71,13.7,13.69,13.68,13.8,13.81,13.82,13.83,13.84,13.85,13.86,13.87,13.88,13.89,18000,44100,27700,3700,6700,49500,146000,113400,9600,16600,18000,7400,28000,1500,5800,18500,2900,100,5000,7700
14374.0,13.77,22276000,304820929.0,13.77,13.76,13.75,13.74,13.73,13.72,13.71,13.7,13.69,13.68,13.8,13.81,13.82,13.83,13.84,13.85,13.86,13.87,13.88,13.89,18000,44100,27700,3700,6700,49500,146000,113400,9600,16600,18000,7400,28000,1500,5800,18500,2900,100,5000,7700
14375.0,13.8,22284500,304938229.0,13.77,13.76,13.75,13.74,13.73,13.72,13.71,13.7,13.69,13.68,13.8,13.81,13.82,13.83,13.84,13.85,13.86,13.87,13.88,13.89,18000,44100,27700,3700,6700,49500,146000,113400,9600,16600,9500,7400,28000,1500,5800,18500,2900,100,5000,7700
14376.0,13.8,22287700,304982389.0,13.77,13.76,13.75,13.74,13.73,13.72,13.71,13.7,13.69,13.68,13.8,13.81,13.82,13.83,13.84,13.85,13.86,13.87,13.88,13.89,18000,44100,27700,3700,6700,49500,146000,113400,9600,16600,6300,7400,28000,1500,5800,18500,2900,100,5000,7700
14377.0,13.8,22287700,304982389.0,13.77,13.76,13.75,13.74,13.73,13.72,13.71,13.7,13.69,13.68,13.8,13.81,13.82,13.83,13.84,13.85,13.86,13.87,13.88,13.89,18000,44100,27700,3700,6700,49500,146000,113400,9600,16600,7300,7400,28000,1500,5800,18500,2900,100,5000,7700
14378.0,13.8,22290300,305018269.0,13.77,13.76,13.75,13.74,13.73,13.72,13.71,13.7,13.69,13.68,13.8,13.81,13.82,13.83,13.84,13.85,13.86,13.87,13.88,13.89,18000,44100,27700,3700,6700,49500,146000,113400,9600,16600,7200,7400,28000,1500,5800,18500,2900,100,5000,7700
14379.0,13.8,22290800,305025169.0,13.77,13.76,13.75,13.74,13.73,13.72,13.71,13.7,13.69,13.68,13.8,13.81,13.82,13.83,13.84,13.85,13.86,13.87,13.88,13.89,18000,44100,27700,3700,6700,49500,146000,113400,9600,16600,6700,7400,28000,1500,5800,18500,2900,100,5000,7700
14380.0,13.8,22290800,305025169.0,13.77,13.76,13.75,13.74,13.73,13.72,13.71,13.7,13.69,13.68,13.8,13.81,13.82,13.83,13.84,13.85,13.86,13.87,13.88,13.89,18000,44100,27700,3700,6700,49500,146000,113400,9600,16600,7000,7400,28000,1500,5800,18500,2900,100,5000,7700
14381.0,13.8,22293000,305055529.0,13.77,13.76,13.75,13.74,13.73,13.72,13.71,13.7,13.69,13.68,13.8,13.81,13.82,13.83,13.84,13.85,13.86,13.87,13.88,13.89,18000,44100,27700,3700,6700,49500,146000,113400,9600,16600,4800,7400,28000,1500,5800,18500,2900,100,5000,7700
14382.0,13.8,22293000,305055529.0,13.77,13.76,13.75,13.74,13.73,13.72,13.71,13.7,13.69,13.68,13.8,13.81,13.82,13.83,13.84,13.85,13.86,13.87,13.88,13.89,18000,44100,27700,3700,6700,49500,146000,113400,9600,16600,4800,7400,28000,1500,5800,18500,2900,100,5000,7700
14383.0,13.8,22293000,305055529.0,13.79,13.77,13.76,13.75,13.74,13.73,13.72,13.71,13.7,13.69,13.8,13.81,13.82,13.83,13.84,13.85,13.86,13.87,13.88,13.89,100,18000,44100,27700,3700,6700,49500,146000,113400,9600,4800,7400,28000,1500,5800,18500,2900,100,5000,7700
14384.0,13.79,22293100,305056908.0,13.77,13.76,13.75,13.74,13.73,13.72,13.71,13.7,13.69,13.68,13.79,13.8,13.81,13.82,13.83,13.84,13.85,13.86,13.87,13.88,18000,44100,27700,3700,6700,49500,146000,113400,9600,16600,100,4800,7400,28000,1500,5800,18500,2900,100,5000
14385.0,13.79,22293200,305058287.0,13.77,13.76,13.75,13.74,13.73,13.72,13.71,13.7,13.69,13.68,13.8,13.81,13.82,13.83,13.84,13.85,13.86,13.87,13.88,13.89,18000,44100,27700,3700,6700,49500,146000,113400,9600,16600,4800,7400,28000,1500,5800,18500,2900,100,5000,7700
14386.0,13.8,22295200,305085887.0,13.77,13.76,13.75,13.74,13.73,13.72,13.71,13.7,13.69,13.68,13.8,13.81,13.82,13.83,13.84,13.85,13.86,13.87,13.88,13.89,18000,44100,27700,3700,6700,49500,146000,113400,9600,16600,2800,7400,28000,1500,5800,18500,2900,100,5000,7700
14387.0,13.8,22296400,305102447.0,13.77,13.76,13.75,13.74,13.73,13.72,13.71,13.7,13.69,13.68,13.8,13.81,13.82,13.83,13.84,13.85,13.86,13.87,13.88,13.89,18000,44100,27700,3700,6700,49500,146000,113400,9600,16600,2600,7400,28000,1500,5800,18500,2900,100,5000,7700
14388.0,13.8,22296400,305102447.0,13.77,13.76,13.75,13.74,13.73,13.72,13.71,13.7,13.69,13.68,13.8,13.81,13.82,13.83,13.84,13.85,13.86,13.87,13.88,13.89,18000,44100,27700,3700,6700,49500,146000,113400,9600,16600,2600,7400,28000,1500,5800,18500,2900,100,5000,7700
14389.0,13.8,22297200,305113487.0,13.77,13.76,13.75,13.74,13.73,13.72,13.71,13.7,13.69,13.68,13.8,13.81,13.82,13.83,13.84,13.85,13.86,13.87,13.88,13.89,18000,44100,27700,3700,6700,49500,146000,113400,9600,16600,1800,7400,28000,1500,5800,18500,2900,100,5000,7700
14390.0,13.8,22298300,305128667.0,13.77,13.76,13.75,13.74,13.73,13.72,13.71,13.7,13.69,13.68,13.8,13.81,13.82,13.83,13.84,13.85,13.86,13.87,13.88,13.89,18000,44100,27700,3700,6700,49500,146000,113400,9600,16600,2200,7400,28000,1500,5800,18500,2900,100,5000,7700
14391.0,13.8,22298300,305128667.0,13.77,13.76,13.75,13.74,13.73,13.72,13.71,13.7,13.69,13.68,13.8,13.81,13.82,13.83,13.84,13.85,13.86,13.87,13.88,13.89,18000,44100,27700,3700,6700,49500,146000,113400,9600,16600,2200,7400,28000,1500,5800,18500,2900,100,5000,7700
14392.0,13.8,22299100,305139707.0,13.77,13.76,13.75,13.74,13.73,13.72,13.71,13.7,13.69,13.68,13.8,13.81,13.82,13.83,13.84,13.85,13.86,13.87,13.88,13.89,18000,44100,27700,3700,6700,49500,146000,113400,9600,16600,1400,7400,28000,1500,5800,18500,2900,100,5000,7700
14393.0,13.8,22299600,305146607.0,13.77,13.76,13.75,13.74,13.73,13.72,13.71,13.7,13.69,13.68,13.8,13.81,13.82,13.83,13.84,13.85,13.86,13.87,13.88,13.89,18000,44100,27700,3700,6700,49500,146000,113400,9600,16600,900,7400,28000,1500,5800,18500,2900,100,5000,7700
14394.0,13.81,22301800,305176980.0,13.77,13.76,13.75,13.74,13.73,13.72,13.71,13.7,13.69,13.68,13.8,13.81,13.82,13.83,13.84,13.85,13.86,13.87,13.88,13.89,18000,44100,27700,3700,6700,49500,146000,113400,9600,16600,1000,6100,28000,1500,5800,18500,2900,100,5000,7700
14395.0,13.81,22301800,305176980.0,13.77,13.76,13.75,13.74,13.73,13.72,13.71,13.7,13.69,13.68,13.8,13.81,13.82,13.83,13.84,13.85,13.86,13.87,13.88,13.89,18000,44100,27700,3700,6700,49500,146000,113400,9600,16600,2000,6100,28000,1500,5800,18500,2900,100,5000,7700
14396.0,13.77,22304800,305218290.0,13.77,13.76,13.75,13.74,13.73,13.72,13.71,13.7,13.69,13.68,13.8,13.81,13.82,13.83,13.84,13.85,13.86,13.87,13.88,13.89,15000,44100,27700,3700,6700,49500,146000,113400,9600,16600,2000,6100,28000,1500,5800,18500,2900,100,5000,7700
14397.0,13.77,22304800,305218290.0,13.77,13.76,13.75,13.74,13.73,13.72,13.71,13.7,13.69,13.68,13.8,13.81,13.82,13.83,13.84,13.85,13.86,13.87,13.88,13.89,15000,44100,27700,3700,6700,49500,146000,113400,9600,16600,2000,6100,28000,1500,5800,18500,2900,100,5000,7700
14398.0,13.8,22306800,305245890.0,13.8,13.77,13.76,13.75,13.74,13.73,13.72,13.71,13.7,13.69,13.81,13.82,13.83,13.84,13.85,13.86,13.87,13.88,13.89,13.9,11000,15000,44100,27700,3700,6700,49500,146000,113400,9600,6100,28000,1500,5800,18500,2900,100,5000,7700,7600
14399.0,13.8,22306800,305245890.0,13.8,13.77,13.76,13.75,13.74,13.73,13.72,13.71,13.7,13.69,13.81,13.82,13.83,13.84,13.85,13.86,13.87,13.88,13.89,13.9,11000,15000,44100,27700,3700,6700,49500,146000,113400,9600,6100,28000,1500,5800,18500,2900,100,5000,7700,7600
